00000174 20140507 KihonCheckCheckList01 0 1 201405230000 IKOU
00000174 20140507 KihonCheckCheckList02 0 1 201405230000 IKOU
00000174 20140507 KihonCheckCheckList03 0 1 201405230000 IKOU
00000174 20140507 KihonCheckCheckList04 0 1 201405230000 IKOU
00000174 20140507 KihonCheckCheckList05 0 1 201405230000 IKOU
00000174 20140507 KihonCheckCheckList06 2 1 201405230000 IKOU
00000174 20140507 KihonCheckCheckList07 0 1 201405230000 IKOU
00000174 20140507 KihonCheckCheckList08 0 1 201405230000 IKOU
00000174 20140507 KihonCheckCheckList09 0 1 201405230000 IKOU
00000174 20140507 KihonCheckCheckList10 0 1 201405230000 IKOU
00000174 20140507 KihonCheckCheckList11 0 1 201405230000 IKOU
00000174 20140507 KihonCheckCheckList12 0 1 201405230000 IKOU
00000174 20140507 KihonCheckCheckList13 0 1 201405230000 IKOU
00000174 20140507 KihonCheckCheckList14 0 1 201405230000 IKOU
00000174 20140507 KihonCheckCheckList15 0 1 201405230000 IKOU
00000174 20140507 KihonCheckCheckList16 0 1 201405230000 IKOU
00000174 20140507 KihonCheckCheckList17 0 1 201405230000 IKOU
00000174 20140507 KihonCheckCheckList18 0 1 201405230000 IKOU
00000174 20140507 KihonCheckCheckList19 0 1 201405230000 IKOU
00000174 20140507 KihonCheckCheckList20 0 1 201405230000 IKOU
00000174 20140507 KihonCheckCheckList21 0 1 201405230000 IKOU
00000174 20140507 KihonCheckCheckList22 0 1 201405230000 IKOU
00000174 20140507 KihonCheckCheckList23 0 1 201405230000 IKOU
00000174 20140507 KihonCheckCheckList24 0 1 201405230000 IKOU
