00000205 20140127 KihonCheckCheckList01 1 1 20140516 IKOU
00000205 20140127 KihonCheckCheckList02 1 1 20140516 IKOU
00000205 20140127 KihonCheckCheckList03 1 1 20140516 IKOU
00000205 20140127 KihonCheckCheckList04 1 1 20140516 IKOU
00000205 20140127 KihonCheckCheckList05 1 1 20140516 IKOU
00000205 20140127 KihonCheckCheckList06 2 1 20140516 IKOU
00000205 20140127 KihonCheckCheckList07 2 1 20140516 IKOU
00000205 20140127 KihonCheckCheckList08 0 1 20140516 IKOU
00000205 20140127 KihonCheckCheckList09 0 1 20140516 IKOU
00000205 20140127 KihonCheckCheckList10 2 1 20140516 IKOU
00000205 20140127 KihonCheckCheckList11 0 1 20140516 IKOU
00000205 20140127 KihonCheckCheckList12 0 1 20140516 IKOU
00000205 20140127 KihonCheckCheckList13 0 1 20140516 IKOU
00000205 20140127 KihonCheckCheckList14 4 1 20140516 IKOU
00000205 20140127 KihonCheckCheckList15 0 1 20140516 IKOU
00000205 20140127 KihonCheckCheckList16 5 1 20140516 IKOU
00000205 20140127 KihonCheckCheckList17 0 1 20140516 IKOU
00000205 20140127 KihonCheckCheckList18 6 1 20140516 IKOU
00000205 20140127 KihonCheckCheckList19 6 1 20140516 IKOU
00000205 20140127 KihonCheckCheckList20 0 1 20140516 IKOU
00000205 20140127 KihonCheckCheckList21 0 1 20140516 IKOU
00000205 20140127 KihonCheckCheckList22 0 1 20140516 IKOU
00000205 20140127 KihonCheckCheckList23 0 1 20140516 IKOU
00000205 20140127 KihonCheckCheckList24 0 1 20140516 IKOU
00000207 20101001 KihonCheckCheckList01 0 1 20140516 IKOU
00000207 20101001 KihonCheckCheckList02 0 1 20140516 IKOU
00000207 20101001 KihonCheckCheckList03 0 1 20140516 IKOU
00000207 20101001 KihonCheckCheckList04 1 1 20140516 IKOU
00000207 20101001 KihonCheckCheckList05 1 1 20140516 IKOU
00000207 20101001 KihonCheckCheckList06 2 1 20140516 IKOU
00000207 20101001 KihonCheckCheckList07 2 1 20140516 IKOU
00000207 20101001 KihonCheckCheckList08 0 1 20140516 IKOU
00000207 20101001 KihonCheckCheckList09 0 1 20140516 IKOU
00000207 20101001 KihonCheckCheckList10 2 1 20140516 IKOU
00000207 20101001 KihonCheckCheckList11 3 1 20140516 IKOU
00000207 20101001 KihonCheckCheckList12 0 1 20140516 IKOU
00000207 20101001 KihonCheckCheckList13 0 1 20140516 IKOU
00000207 20101001 KihonCheckCheckList14 0 1 20140516 IKOU
00000207 20101001 KihonCheckCheckList15 0 1 20140516 IKOU
00000207 20101001 KihonCheckCheckList16 0 1 20140516 IKOU
00000207 20101001 KihonCheckCheckList17 0 1 20140516 IKOU
00000207 20101001 KihonCheckCheckList18 0 1 20140516 IKOU
00000207 20101001 KihonCheckCheckList19 0 1 20140516 IKOU
00000207 20101001 KihonCheckCheckList20 0 1 20140516 IKOU
00000207 20101001 KihonCheckCheckList21 0 1 20140516 IKOU
00000207 20101001 KihonCheckCheckList22 0 1 20140516 IKOU
00000207 20101001 KihonCheckCheckList23 0 1 20140516 IKOU
00000207 20101001 KihonCheckCheckList24 0 1 20140516 IKOU
00000207 20110317 KihonCheckCheckList01 0 1 20140516 IKOU
00000207 20110317 KihonCheckCheckList02 0 1 20140516 IKOU
00000207 20110317 KihonCheckCheckList03 0 1 20140516 IKOU
00000207 20110317 KihonCheckCheckList04 1 1 20140516 IKOU
00000207 20110317 KihonCheckCheckList05 1 1 20140516 IKOU
00000207 20110317 KihonCheckCheckList06 2 1 20140516 IKOU
00000207 20110317 KihonCheckCheckList07 2 1 20140516 IKOU
00000207 20110317 KihonCheckCheckList08 0 1 20140516 IKOU
00000207 20110317 KihonCheckCheckList09 0 1 20140516 IKOU
00000207 20110317 KihonCheckCheckList10 2 1 20140516 IKOU
00000207 20110317 KihonCheckCheckList11 0 1 20140516 IKOU
00000207 20110317 KihonCheckCheckList12 0 1 20140516 IKOU
00000207 20110317 KihonCheckCheckList13 0 1 20140516 IKOU
00000207 20110317 KihonCheckCheckList14 0 1 20140516 IKOU
00000207 20110317 KihonCheckCheckList15 0 1 20140516 IKOU
00000207 20110317 KihonCheckCheckList16 0 1 20140516 IKOU
00000207 20110317 KihonCheckCheckList17 0 1 20140516 IKOU
00000207 20110317 KihonCheckCheckList18 0 1 20140516 IKOU
00000207 20110317 KihonCheckCheckList19 0 1 20140516 IKOU
00000207 20110317 KihonCheckCheckList20 0 1 20140516 IKOU
00000207 20110317 KihonCheckCheckList21 0 1 20140516 IKOU
00000207 20110317 KihonCheckCheckList22 0 1 20140516 IKOU
00000207 20110317 KihonCheckCheckList23 0 1 20140516 IKOU
00000207 20110317 KihonCheckCheckList24 0 1 20140516 IKOU
00000207 20120321 KihonCheckCheckList01 0 1 20140516 IKOU
00000207 20120321 KihonCheckCheckList02 0 1 20140516 IKOU
00000207 20120321 KihonCheckCheckList03 0 1 20140516 IKOU
00000207 20120321 KihonCheckCheckList04 1 1 20140516 IKOU
00000207 20120321 KihonCheckCheckList05 0 1 20140516 IKOU
00000207 20120321 KihonCheckCheckList06 2 1 20140516 IKOU
00000207 20120321 KihonCheckCheckList07 2 1 20140516 IKOU
00000207 20120321 KihonCheckCheckList08 0 1 20140516 IKOU
00000207 20120321 KihonCheckCheckList09 0 1 20140516 IKOU
00000207 20120321 KihonCheckCheckList10 2 1 20140516 IKOU
00000207 20120321 KihonCheckCheckList11 0 1 20140516 IKOU
00000207 20120321 KihonCheckCheckList12 0 1 20140516 IKOU
00000207 20120321 KihonCheckCheckList13 0 1 20140516 IKOU
00000207 20120321 KihonCheckCheckList14 0 1 20140516 IKOU
00000207 20120321 KihonCheckCheckList15 0 1 20140516 IKOU
00000207 20120321 KihonCheckCheckList16 5 1 20140516 IKOU
00000207 20120321 KihonCheckCheckList17 0 1 20140516 IKOU
00000207 20120321 KihonCheckCheckList18 0 1 20140516 IKOU
00000207 20120321 KihonCheckCheckList19 0 1 20140516 IKOU
00000207 20120321 KihonCheckCheckList20 7 1 20140516 IKOU
00000207 20120321 KihonCheckCheckList21 0 1 20140516 IKOU
00000207 20120321 KihonCheckCheckList22 0 1 20140516 IKOU
00000207 20120321 KihonCheckCheckList23 0 1 20140516 IKOU
00000207 20120321 KihonCheckCheckList24 0 1 20140516 IKOU
00000207 20130317 KihonCheckCheckList01 0 1 20140516 IKOU
00000207 20130317 KihonCheckCheckList02 0 1 20140516 IKOU
00000207 20130317 KihonCheckCheckList03 0 1 20140516 IKOU
00000207 20130317 KihonCheckCheckList04 1 1 20140516 IKOU
00000207 20130317 KihonCheckCheckList05 0 1 20140516 IKOU
00000207 20130317 KihonCheckCheckList06 2 1 20140516 IKOU
00000207 20130317 KihonCheckCheckList07 2 1 20140516 IKOU
00000207 20130317 KihonCheckCheckList08 0 1 20140516 IKOU
00000207 20130317 KihonCheckCheckList09 0 1 20140516 IKOU
00000207 20130317 KihonCheckCheckList10 2 1 20140516 IKOU
00000207 20130317 KihonCheckCheckList11 0 1 20140516 IKOU
00000207 20130317 KihonCheckCheckList12 0 1 20140516 IKOU
00000207 20130317 KihonCheckCheckList13 0 1 20140516 IKOU
00000207 20130317 KihonCheckCheckList14 0 1 20140516 IKOU
00000207 20130317 KihonCheckCheckList15 0 1 20140516 IKOU
00000207 20130317 KihonCheckCheckList16 0 1 20140516 IKOU
00000207 20130317 KihonCheckCheckList17 0 1 20140516 IKOU
00000207 20130317 KihonCheckCheckList18 0 1 20140516 IKOU
00000207 20130317 KihonCheckCheckList19 0 1 20140516 IKOU
00000207 20130317 KihonCheckCheckList20 0 1 20140516 IKOU
00000207 20130317 KihonCheckCheckList21 0 1 20140516 IKOU
00000207 20130317 KihonCheckCheckList22 0 1 20140516 IKOU
00000207 20130317 KihonCheckCheckList23 0 1 20140516 IKOU
00000207 20130317 KihonCheckCheckList24 0 1 20140516 IKOU
00000209 20110121 KihonCheckCheckList01 0 1 20140516 IKOU
00000209 20110121 KihonCheckCheckList02 0 1 20140516 IKOU
00000209 20110121 KihonCheckCheckList03 0 1 20140516 IKOU
00000209 20110121 KihonCheckCheckList04 1 1 20140516 IKOU
00000209 20110121 KihonCheckCheckList05 0 1 20140516 IKOU
00000209 20110121 KihonCheckCheckList06 2 1 20140516 IKOU
00000209 20110121 KihonCheckCheckList07 0 1 20140516 IKOU
00000209 20110121 KihonCheckCheckList08 0 1 20140516 IKOU
00000209 20110121 KihonCheckCheckList09 2 1 20140516 IKOU
00000209 20110121 KihonCheckCheckList10 2 1 20140516 IKOU
00000209 20110121 KihonCheckCheckList11 0 1 20140516 IKOU
00000209 20110121 KihonCheckCheckList12 0 1 20140516 IKOU
00000209 20110121 KihonCheckCheckList13 4 1 20140516 IKOU
00000209 20110121 KihonCheckCheckList14 4 1 20140516 IKOU
00000209 20110121 KihonCheckCheckList15 0 1 20140516 IKOU
00000209 20110121 KihonCheckCheckList16 5 1 20140516 IKOU
00000209 20110121 KihonCheckCheckList17 6 1 20140516 IKOU
00000209 20110121 KihonCheckCheckList18 0 1 20140516 IKOU
00000209 20110121 KihonCheckCheckList19 0 1 20140516 IKOU
00000209 20110121 KihonCheckCheckList20 0 1 20140516 IKOU
00000209 20110121 KihonCheckCheckList21 0 1 20140516 IKOU
00000209 20110121 KihonCheckCheckList22 0 1 20140516 IKOU
00000209 20110121 KihonCheckCheckList23 0 1 20140516 IKOU
00000209 20110121 KihonCheckCheckList24 0 1 20140516 IKOU
00000209 20111209 KihonCheckCheckList01 0 1 20140516 IKOU
00000209 20111209 KihonCheckCheckList02 0 1 20140516 IKOU
00000209 20111209 KihonCheckCheckList03 0 1 20140516 IKOU
00000209 20111209 KihonCheckCheckList04 1 1 20140516 IKOU
00000209 20111209 KihonCheckCheckList05 0 1 20140516 IKOU
00000209 20111209 KihonCheckCheckList06 2 1 20140516 IKOU
00000209 20111209 KihonCheckCheckList07 0 1 20140516 IKOU
00000209 20111209 KihonCheckCheckList08 0 1 20140516 IKOU
00000209 20111209 KihonCheckCheckList09 2 1 20140516 IKOU
00000209 20111209 KihonCheckCheckList10 2 1 20140516 IKOU
00000209 20111209 KihonCheckCheckList11 0 1 20140516 IKOU
00000209 20111209 KihonCheckCheckList12 0 1 20140516 IKOU
00000209 20111209 KihonCheckCheckList13 4 1 20140516 IKOU
00000209 20111209 KihonCheckCheckList14 4 1 20140516 IKOU
00000209 20111209 KihonCheckCheckList15 0 1 20140516 IKOU
00000209 20111209 KihonCheckCheckList16 5 1 20140516 IKOU
00000209 20111209 KihonCheckCheckList17 6 1 20140516 IKOU
00000209 20111209 KihonCheckCheckList18 0 1 20140516 IKOU
00000209 20111209 KihonCheckCheckList19 6 1 20140516 IKOU
00000209 20111209 KihonCheckCheckList20 0 1 20140516 IKOU
00000209 20111209 KihonCheckCheckList21 0 1 20140516 IKOU
00000209 20111209 KihonCheckCheckList22 0 1 20140516 IKOU
00000209 20111209 KihonCheckCheckList23 0 1 20140516 IKOU
00000209 20111209 KihonCheckCheckList24 0 1 20140516 IKOU
00000209 20121205 KihonCheckCheckList01 0 1 20140516 IKOU
00000209 20121205 KihonCheckCheckList02 0 1 20140516 IKOU
00000209 20121205 KihonCheckCheckList03 0 1 20140516 IKOU
00000209 20121205 KihonCheckCheckList04 1 1 20140516 IKOU
00000209 20121205 KihonCheckCheckList05 0 1 20140516 IKOU
00000209 20121205 KihonCheckCheckList06 2 1 20140516 IKOU
00000209 20121205 KihonCheckCheckList07 0 1 20140516 IKOU
00000209 20121205 KihonCheckCheckList08 0 1 20140516 IKOU
00000209 20121205 KihonCheckCheckList09 2 1 20140516 IKOU
00000209 20121205 KihonCheckCheckList10 2 1 20140516 IKOU
00000209 20121205 KihonCheckCheckList11 0 1 20140516 IKOU
00000209 20121205 KihonCheckCheckList12 4 1 20140516 IKOU
00000209 20121205 KihonCheckCheckList13 4 1 20140516 IKOU
00000209 20121205 KihonCheckCheckList14 4 1 20140516 IKOU
00000209 20121205 KihonCheckCheckList15 0 1 20140516 IKOU
00000209 20121205 KihonCheckCheckList16 5 1 20140516 IKOU
00000209 20121205 KihonCheckCheckList17 6 1 20140516 IKOU
00000209 20121205 KihonCheckCheckList18 0 1 20140516 IKOU
00000209 20121205 KihonCheckCheckList19 6 1 20140516 IKOU
00000209 20121205 KihonCheckCheckList20 0 1 20140516 IKOU
00000209 20121205 KihonCheckCheckList21 0 1 20140516 IKOU
00000209 20121205 KihonCheckCheckList22 0 1 20140516 IKOU
00000209 20121205 KihonCheckCheckList23 0 1 20140516 IKOU
00000209 20121205 KihonCheckCheckList24 0 1 20140516 IKOU
00000209 20131204 KihonCheckCheckList01 1 1 20140516 IKOU
00000209 20131204 KihonCheckCheckList02 0 1 20140516 IKOU
00000209 20131204 KihonCheckCheckList03 0 1 20140516 IKOU
00000209 20131204 KihonCheckCheckList04 1 1 20140516 IKOU
00000209 20131204 KihonCheckCheckList05 0 1 20140516 IKOU
00000209 20131204 KihonCheckCheckList06 2 1 20140516 IKOU
00000209 20131204 KihonCheckCheckList07 0 1 20140516 IKOU
00000209 20131204 KihonCheckCheckList08 0 1 20140516 IKOU
00000209 20131204 KihonCheckCheckList09 0 1 20140516 IKOU
00000209 20131204 KihonCheckCheckList10 0 1 20140516 IKOU
00000209 20131204 KihonCheckCheckList11 0 1 20140516 IKOU
00000209 20131204 KihonCheckCheckList12 0 1 20140516 IKOU
00000209 20131204 KihonCheckCheckList13 0 1 20140516 IKOU
00000209 20131204 KihonCheckCheckList14 4 1 20140516 IKOU
00000209 20131204 KihonCheckCheckList15 0 1 20140516 IKOU
00000209 20131204 KihonCheckCheckList16 5 1 20140516 IKOU
00000209 20131204 KihonCheckCheckList17 6 1 20140516 IKOU
00000209 20131204 KihonCheckCheckList18 0 1 20140516 IKOU
00000209 20131204 KihonCheckCheckList19 0 1 20140516 IKOU
00000209 20131204 KihonCheckCheckList20 0 1 20140516 IKOU
00000209 20131204 KihonCheckCheckList21 0 1 20140516 IKOU
00000209 20131204 KihonCheckCheckList22 0 1 20140516 IKOU
00000209 20131204 KihonCheckCheckList23 0 1 20140516 IKOU
00000209 20131204 KihonCheckCheckList24 0 1 20140516 IKOU
00000212 20110411 KihonCheckCheckList01 0 1 20140516 IKOU
00000212 20110411 KihonCheckCheckList02 0 1 20140516 IKOU
00000212 20110411 KihonCheckCheckList03 0 1 20140516 IKOU
00000212 20110411 KihonCheckCheckList04 1 1 20140516 IKOU
00000212 20110411 KihonCheckCheckList05 0 1 20140516 IKOU
00000212 20110411 KihonCheckCheckList06 0 1 20140516 IKOU
00000212 20110411 KihonCheckCheckList07 2 1 20140516 IKOU
00000212 20110411 KihonCheckCheckList08 2 1 20140516 IKOU
00000212 20110411 KihonCheckCheckList09 0 1 20140516 IKOU
00000212 20110411 KihonCheckCheckList10 0 1 20140516 IKOU
00000212 20110411 KihonCheckCheckList11 3 1 20140516 IKOU
00000212 20110411 KihonCheckCheckList12 0 1 20140516 IKOU
00000212 20110411 KihonCheckCheckList13 4 1 20140516 IKOU
00000212 20110411 KihonCheckCheckList14 0 1 20140516 IKOU
00000212 20110411 KihonCheckCheckList15 0 1 20140516 IKOU
00000212 20110411 KihonCheckCheckList16 5 1 20140516 IKOU
00000212 20110411 KihonCheckCheckList17 0 1 20140516 IKOU
00000212 20110411 KihonCheckCheckList18 0 1 20140516 IKOU
00000212 20110411 KihonCheckCheckList19 0 1 20140516 IKOU
00000212 20110411 KihonCheckCheckList20 0 1 20140516 IKOU
00000212 20110411 KihonCheckCheckList21 0 1 20140516 IKOU
00000212 20110411 KihonCheckCheckList22 0 1 20140516 IKOU
00000212 20110411 KihonCheckCheckList23 0 1 20140516 IKOU
00000212 20110411 KihonCheckCheckList24 7 1 20140516 IKOU
00000212 20120120 KihonCheckCheckList01 0 1 20140516 IKOU
00000212 20120120 KihonCheckCheckList02 0 1 20140516 IKOU
00000212 20120120 KihonCheckCheckList03 0 1 20140516 IKOU
00000212 20120120 KihonCheckCheckList04 1 1 20140516 IKOU
00000212 20120120 KihonCheckCheckList05 0 1 20140516 IKOU
00000212 20120120 KihonCheckCheckList06 0 1 20140516 IKOU
00000212 20120120 KihonCheckCheckList07 2 1 20140516 IKOU
00000212 20120120 KihonCheckCheckList08 2 1 20140516 IKOU
00000212 20120120 KihonCheckCheckList09 0 1 20140516 IKOU
00000212 20120120 KihonCheckCheckList10 0 1 20140516 IKOU
00000212 20120120 KihonCheckCheckList11 0 1 20140516 IKOU
00000212 20120120 KihonCheckCheckList12 0 1 20140516 IKOU
00000212 20120120 KihonCheckCheckList13 4 1 20140516 IKOU
00000212 20120120 KihonCheckCheckList14 0 1 20140516 IKOU
00000212 20120120 KihonCheckCheckList15 0 1 20140516 IKOU
00000212 20120120 KihonCheckCheckList16 0 1 20140516 IKOU
00000212 20120120 KihonCheckCheckList17 0 1 20140516 IKOU
00000212 20120120 KihonCheckCheckList18 0 1 20140516 IKOU
00000212 20120120 KihonCheckCheckList19 0 1 20140516 IKOU
00000212 20120120 KihonCheckCheckList20 0 1 20140516 IKOU
00000212 20120120 KihonCheckCheckList21 0 1 20140516 IKOU
00000212 20120120 KihonCheckCheckList22 0 1 20140516 IKOU
00000212 20120120 KihonCheckCheckList23 0 1 20140516 IKOU
00000212 20120120 KihonCheckCheckList24 0 1 20140516 IKOU
00000212 20130119 KihonCheckCheckList01 0 1 20140516 IKOU
00000212 20130119 KihonCheckCheckList02 0 1 20140516 IKOU
00000212 20130119 KihonCheckCheckList03 0 1 20140516 IKOU
00000212 20130119 KihonCheckCheckList04 1 1 20140516 IKOU
00000212 20130119 KihonCheckCheckList05 0 1 20140516 IKOU
00000212 20130119 KihonCheckCheckList06 0 1 20140516 IKOU
00000212 20130119 KihonCheckCheckList07 2 1 20140516 IKOU
00000212 20130119 KihonCheckCheckList08 0 1 20140516 IKOU
00000212 20130119 KihonCheckCheckList09 0 1 20140516 IKOU
00000212 20130119 KihonCheckCheckList10 0 1 20140516 IKOU
00000212 20130119 KihonCheckCheckList11 0 1 20140516 IKOU
00000212 20130119 KihonCheckCheckList12 0 1 20140516 IKOU
00000212 20130119 KihonCheckCheckList13 4 1 20140516 IKOU
00000212 20130119 KihonCheckCheckList14 0 1 20140516 IKOU
00000212 20130119 KihonCheckCheckList15 0 1 20140516 IKOU
00000212 20130119 KihonCheckCheckList16 5 1 20140516 IKOU
00000212 20130119 KihonCheckCheckList17 0 1 20140516 IKOU
00000212 20130119 KihonCheckCheckList18 0 1 20140516 IKOU
00000212 20130119 KihonCheckCheckList19 0 1 20140516 IKOU
00000212 20130119 KihonCheckCheckList20 0 1 20140516 IKOU
00000212 20130119 KihonCheckCheckList21 0 1 20140516 IKOU
00000212 20130119 KihonCheckCheckList22 0 1 20140516 IKOU
00000212 20130119 KihonCheckCheckList23 0 1 20140516 IKOU
00000212 20130119 KihonCheckCheckList24 0 1 20140516 IKOU
00000212 20140122 KihonCheckCheckList01 0 1 20140516 IKOU
00000212 20140122 KihonCheckCheckList02 0 1 20140516 IKOU
00000212 20140122 KihonCheckCheckList03 0 1 20140516 IKOU
00000212 20140122 KihonCheckCheckList04 1 1 20140516 IKOU
00000212 20140122 KihonCheckCheckList05 1 1 20140516 IKOU
00000212 20140122 KihonCheckCheckList06 2 1 20140516 IKOU
00000212 20140122 KihonCheckCheckList07 2 1 20140516 IKOU
00000212 20140122 KihonCheckCheckList08 2 1 20140516 IKOU
00000212 20140122 KihonCheckCheckList09 0 1 20140516 IKOU
00000212 20140122 KihonCheckCheckList10 2 1 20140516 IKOU
00000212 20140122 KihonCheckCheckList11 0 1 20140516 IKOU
00000212 20140122 KihonCheckCheckList12 4 1 20140516 IKOU
00000212 20140122 KihonCheckCheckList13 4 1 20140516 IKOU
00000212 20140122 KihonCheckCheckList14 0 1 20140516 IKOU
00000212 20140122 KihonCheckCheckList15 0 1 20140516 IKOU
00000212 20140122 KihonCheckCheckList16 5 1 20140516 IKOU
00000212 20140122 KihonCheckCheckList17 0 1 20140516 IKOU
00000212 20140122 KihonCheckCheckList18 0 1 20140516 IKOU
00000212 20140122 KihonCheckCheckList19 6 1 20140516 IKOU
00000212 20140122 KihonCheckCheckList20 0 1 20140516 IKOU
00000212 20140122 KihonCheckCheckList21 0 1 20140516 IKOU
00000212 20140122 KihonCheckCheckList22 7 1 20140516 IKOU
00000212 20140122 KihonCheckCheckList23 0 1 20140516 IKOU
00000212 20140122 KihonCheckCheckList24 7 1 20140516 IKOU
00000214 20110619 KihonCheckCheckList01 0 1 20140516 IKOU
00000214 20110619 KihonCheckCheckList02 0 1 20140516 IKOU
00000214 20110619 KihonCheckCheckList03 0 1 20140516 IKOU
00000214 20110619 KihonCheckCheckList04 0 1 20140516 IKOU
00000214 20110619 KihonCheckCheckList05 0 1 20140516 IKOU
00000214 20110619 KihonCheckCheckList06 2 1 20140516 IKOU
00000214 20110619 KihonCheckCheckList07 2 1 20140516 IKOU
00000214 20110619 KihonCheckCheckList08 0 1 20140516 IKOU
00000214 20110619 KihonCheckCheckList09 2 1 20140516 IKOU
00000214 20110619 KihonCheckCheckList10 2 1 20140516 IKOU
00000214 20110619 KihonCheckCheckList11 3 1 20140516 IKOU
00000214 20110619 KihonCheckCheckList12 0 1 20140516 IKOU
00000214 20110619 KihonCheckCheckList13 4 1 20140516 IKOU
00000214 20110619 KihonCheckCheckList14 4 1 20140516 IKOU
00000214 20110619 KihonCheckCheckList15 0 1 20140516 IKOU
00000214 20110619 KihonCheckCheckList16 5 1 20140516 IKOU
00000214 20110619 KihonCheckCheckList17 6 1 20140516 IKOU
00000214 20110619 KihonCheckCheckList18 0 1 20140516 IKOU
00000214 20110619 KihonCheckCheckList19 0 1 20140516 IKOU
00000214 20110619 KihonCheckCheckList20 0 1 20140516 IKOU
00000214 20110619 KihonCheckCheckList21 0 1 20140516 IKOU
00000214 20110619 KihonCheckCheckList22 0 1 20140516 IKOU
00000214 20110619 KihonCheckCheckList23 0 1 20140516 IKOU
00000214 20110619 KihonCheckCheckList24 0 1 20140516 IKOU
00000214 20120119 KihonCheckCheckList01 0 1 20140516 IKOU
00000214 20120119 KihonCheckCheckList02 0 1 20140516 IKOU
00000214 20120119 KihonCheckCheckList03 0 1 20140516 IKOU
00000214 20120119 KihonCheckCheckList04 1 1 20140516 IKOU
00000214 20120119 KihonCheckCheckList05 0 1 20140516 IKOU
00000214 20120119 KihonCheckCheckList06 2 1 20140516 IKOU
00000214 20120119 KihonCheckCheckList07 2 1 20140516 IKOU
00000214 20120119 KihonCheckCheckList08 0 1 20140516 IKOU
00000214 20120119 KihonCheckCheckList09 2 1 20140516 IKOU
00000214 20120119 KihonCheckCheckList10 2 1 20140516 IKOU
00000214 20120119 KihonCheckCheckList11 0 1 20140516 IKOU
00000214 20120119 KihonCheckCheckList12 0 1 20140516 IKOU
00000214 20120119 KihonCheckCheckList13 4 1 20140516 IKOU
00000214 20120119 KihonCheckCheckList14 4 1 20140516 IKOU
00000214 20120119 KihonCheckCheckList15 0 1 20140516 IKOU
00000214 20120119 KihonCheckCheckList16 5 1 20140516 IKOU
00000214 20120119 KihonCheckCheckList17 6 1 20140516 IKOU
00000214 20120119 KihonCheckCheckList18 0 1 20140516 IKOU
00000214 20120119 KihonCheckCheckList19 0 1 20140516 IKOU
00000214 20120119 KihonCheckCheckList20 0 1 20140516 IKOU
00000214 20120119 KihonCheckCheckList21 0 1 20140516 IKOU
00000214 20120119 KihonCheckCheckList22 0 1 20140516 IKOU
00000214 20120119 KihonCheckCheckList23 0 1 20140516 IKOU
00000214 20120119 KihonCheckCheckList24 0 1 20140516 IKOU
00000214 20130119 KihonCheckCheckList01 0 1 20140516 IKOU
00000214 20130119 KihonCheckCheckList02 0 1 20140516 IKOU
00000214 20130119 KihonCheckCheckList03 0 1 20140516 IKOU
00000214 20130119 KihonCheckCheckList04 1 1 20140516 IKOU
00000214 20130119 KihonCheckCheckList05 0 1 20140516 IKOU
00000214 20130119 KihonCheckCheckList06 2 1 20140516 IKOU
00000214 20130119 KihonCheckCheckList07 2 1 20140516 IKOU
00000214 20130119 KihonCheckCheckList08 0 1 20140516 IKOU
00000214 20130119 KihonCheckCheckList09 2 1 20140516 IKOU
00000214 20130119 KihonCheckCheckList10 2 1 20140516 IKOU
00000214 20130119 KihonCheckCheckList11 0 1 20140516 IKOU
00000214 20130119 KihonCheckCheckList12 0 1 20140516 IKOU
00000214 20130119 KihonCheckCheckList13 4 1 20140516 IKOU
00000214 20130119 KihonCheckCheckList14 4 1 20140516 IKOU
00000214 20130119 KihonCheckCheckList15 0 1 20140516 IKOU
00000214 20130119 KihonCheckCheckList16 0 1 20140516 IKOU
00000214 20130119 KihonCheckCheckList17 6 1 20140516 IKOU
00000214 20130119 KihonCheckCheckList18 0 1 20140516 IKOU
00000214 20130119 KihonCheckCheckList19 0 1 20140516 IKOU
00000214 20130119 KihonCheckCheckList20 0 1 20140516 IKOU
00000214 20130119 KihonCheckCheckList21 0 1 20140516 IKOU
00000214 20130119 KihonCheckCheckList22 0 1 20140516 IKOU
00000214 20130119 KihonCheckCheckList23 0 1 20140516 IKOU
00000214 20130119 KihonCheckCheckList24 0 1 20140516 IKOU
00000214 20131201 KihonCheckCheckList01 1 1 20140516 IKOU
00000214 20131201 KihonCheckCheckList02 0 1 20140516 IKOU
00000214 20131201 KihonCheckCheckList03 0 1 20140516 IKOU
00000214 20131201 KihonCheckCheckList04 1 1 20140516 IKOU
00000214 20131201 KihonCheckCheckList05 0 1 20140516 IKOU
00000214 20131201 KihonCheckCheckList06 2 1 20140516 IKOU
00000214 20131201 KihonCheckCheckList07 2 1 20140516 IKOU
00000214 20131201 KihonCheckCheckList08 0 1 20140516 IKOU
00000214 20131201 KihonCheckCheckList09 0 1 20140516 IKOU
00000214 20131201 KihonCheckCheckList10 2 1 20140516 IKOU
00000214 20131201 KihonCheckCheckList11 0 1 20140516 IKOU
00000214 20131201 KihonCheckCheckList12 0 1 20140516 IKOU
00000214 20131201 KihonCheckCheckList13 4 1 20140516 IKOU
00000214 20131201 KihonCheckCheckList14 4 1 20140516 IKOU
00000214 20131201 KihonCheckCheckList15 0 1 20140516 IKOU
00000214 20131201 KihonCheckCheckList16 0 1 20140516 IKOU
00000214 20131201 KihonCheckCheckList17 6 1 20140516 IKOU
00000214 20131201 KihonCheckCheckList18 0 1 20140516 IKOU
00000214 20131201 KihonCheckCheckList19 0 1 20140516 IKOU
00000214 20131201 KihonCheckCheckList20 0 1 20140516 IKOU
00000214 20131201 KihonCheckCheckList21 0 1 20140516 IKOU
00000214 20131201 KihonCheckCheckList22 0 1 20140516 IKOU
00000214 20131201 KihonCheckCheckList23 0 1 20140516 IKOU
00000214 20131201 KihonCheckCheckList24 0 1 20140516 IKOU
00000215 20110913 KihonCheckCheckList01 1 1 20140516 IKOU
00000215 20110913 KihonCheckCheckList02 0 1 20140516 IKOU
00000215 20110913 KihonCheckCheckList03 1 1 20140516 IKOU
00000215 20110913 KihonCheckCheckList04 1 1 20140516 IKOU
00000215 20110913 KihonCheckCheckList05 0 1 20140516 IKOU
00000215 20110913 KihonCheckCheckList06 2 1 20140516 IKOU
00000215 20110913 KihonCheckCheckList07 2 1 20140516 IKOU
00000215 20110913 KihonCheckCheckList08 0 1 20140516 IKOU
00000215 20110913 KihonCheckCheckList09 2 1 20140516 IKOU
00000215 20110913 KihonCheckCheckList10 2 1 20140516 IKOU
00000215 20110913 KihonCheckCheckList11 0 1 20140516 IKOU
00000215 20110913 KihonCheckCheckList12 0 1 20140516 IKOU
00000215 20110913 KihonCheckCheckList13 0 1 20140516 IKOU
00000215 20110913 KihonCheckCheckList14 0 1 20140516 IKOU
00000215 20110913 KihonCheckCheckList15 5 1 20140516 IKOU
00000215 20110913 KihonCheckCheckList16 0 1 20140516 IKOU
00000215 20110913 KihonCheckCheckList17 0 1 20140516 IKOU
00000215 20110913 KihonCheckCheckList18 0 1 20140516 IKOU
00000215 20110913 KihonCheckCheckList19 0 1 20140516 IKOU
00000215 20110913 KihonCheckCheckList20 0 1 20140516 IKOU
00000215 20110913 KihonCheckCheckList21 0 1 20140516 IKOU
00000215 20110913 KihonCheckCheckList22 7 1 20140516 IKOU
00000215 20110913 KihonCheckCheckList23 0 1 20140516 IKOU
00000215 20110913 KihonCheckCheckList24 0 1 20140516 IKOU
00000215 20120117 KihonCheckCheckList01 1 1 20140516 IKOU
00000215 20120117 KihonCheckCheckList02 0 1 20140516 IKOU
00000215 20120117 KihonCheckCheckList03 1 1 20140516 IKOU
00000215 20120117 KihonCheckCheckList04 1 1 20140516 IKOU
00000215 20120117 KihonCheckCheckList05 0 1 20140516 IKOU
00000215 20120117 KihonCheckCheckList06 2 1 20140516 IKOU
00000215 20120117 KihonCheckCheckList07 2 1 20140516 IKOU
00000215 20120117 KihonCheckCheckList08 2 1 20140516 IKOU
00000215 20120117 KihonCheckCheckList09 2 1 20140516 IKOU
00000215 20120117 KihonCheckCheckList10 2 1 20140516 IKOU
00000215 20120117 KihonCheckCheckList11 0 1 20140516 IKOU
00000215 20120117 KihonCheckCheckList12 0 1 20140516 IKOU
00000215 20120117 KihonCheckCheckList13 0 1 20140516 IKOU
00000215 20120117 KihonCheckCheckList14 0 1 20140516 IKOU
00000215 20120117 KihonCheckCheckList15 5 1 20140516 IKOU
00000215 20120117 KihonCheckCheckList16 0 1 20140516 IKOU
00000215 20120117 KihonCheckCheckList17 0 1 20140516 IKOU
00000215 20120117 KihonCheckCheckList18 0 1 20140516 IKOU
00000215 20120117 KihonCheckCheckList19 0 1 20140516 IKOU
00000215 20120117 KihonCheckCheckList20 0 1 20140516 IKOU
00000215 20120117 KihonCheckCheckList21 0 1 20140516 IKOU
00000215 20120117 KihonCheckCheckList22 0 1 20140516 IKOU
00000215 20120117 KihonCheckCheckList23 0 1 20140516 IKOU
00000215 20120117 KihonCheckCheckList24 0 1 20140516 IKOU
00000215 20120328 KihonCheckCheckList01 1 1 20140516 IKOU
00000215 20120328 KihonCheckCheckList02 0 1 20140516 IKOU
00000215 20120328 KihonCheckCheckList03 1 1 20140516 IKOU
00000215 20120328 KihonCheckCheckList04 1 1 20140516 IKOU
00000215 20120328 KihonCheckCheckList05 0 1 20140516 IKOU
00000215 20120328 KihonCheckCheckList06 2 1 20140516 IKOU
00000215 20120328 KihonCheckCheckList07 2 1 20140516 IKOU
00000215 20120328 KihonCheckCheckList08 2 1 20140516 IKOU
00000215 20120328 KihonCheckCheckList09 2 1 20140516 IKOU
00000215 20120328 KihonCheckCheckList10 2 1 20140516 IKOU
00000215 20120328 KihonCheckCheckList11 0 1 20140516 IKOU
00000215 20120328 KihonCheckCheckList12 0 1 20140516 IKOU
00000215 20120328 KihonCheckCheckList13 0 1 20140516 IKOU
00000215 20120328 KihonCheckCheckList14 0 1 20140516 IKOU
00000215 20120328 KihonCheckCheckList15 5 1 20140516 IKOU
00000215 20120328 KihonCheckCheckList16 0 1 20140516 IKOU
00000215 20120328 KihonCheckCheckList17 0 1 20140516 IKOU
00000215 20120328 KihonCheckCheckList18 0 1 20140516 IKOU
00000215 20120328 KihonCheckCheckList19 0 1 20140516 IKOU
00000215 20120328 KihonCheckCheckList20 0 1 20140516 IKOU
00000215 20120328 KihonCheckCheckList21 0 1 20140516 IKOU
00000215 20120328 KihonCheckCheckList22 0 1 20140516 IKOU
00000215 20120328 KihonCheckCheckList23 0 1 20140516 IKOU
00000215 20120328 KihonCheckCheckList24 0 1 20140516 IKOU
00000215 20130116 KihonCheckCheckList01 1 1 20140516 IKOU
00000215 20130116 KihonCheckCheckList02 1 1 20140516 IKOU
00000215 20130116 KihonCheckCheckList03 1 1 20140516 IKOU
00000215 20130116 KihonCheckCheckList04 1 1 20140516 IKOU
00000215 20130116 KihonCheckCheckList05 0 1 20140516 IKOU
00000215 20130116 KihonCheckCheckList06 2 1 20140516 IKOU
00000215 20130116 KihonCheckCheckList07 2 1 20140516 IKOU
00000215 20130116 KihonCheckCheckList08 2 1 20140516 IKOU
00000215 20130116 KihonCheckCheckList09 2 1 20140516 IKOU
00000215 20130116 KihonCheckCheckList10 2 1 20140516 IKOU
00000215 20130116 KihonCheckCheckList11 0 1 20140516 IKOU
00000215 20130116 KihonCheckCheckList12 0 1 20140516 IKOU
00000215 20130116 KihonCheckCheckList13 0 1 20140516 IKOU
00000215 20130116 KihonCheckCheckList14 0 1 20140516 IKOU
00000215 20130116 KihonCheckCheckList15 5 1 20140516 IKOU
00000215 20130116 KihonCheckCheckList16 0 1 20140516 IKOU
00000215 20130116 KihonCheckCheckList17 0 1 20140516 IKOU
00000215 20130116 KihonCheckCheckList18 0 1 20140516 IKOU
00000215 20130116 KihonCheckCheckList19 0 1 20140516 IKOU
00000215 20130116 KihonCheckCheckList20 0 1 20140516 IKOU
00000215 20130116 KihonCheckCheckList21 0 1 20140516 IKOU
00000215 20130116 KihonCheckCheckList22 0 1 20140516 IKOU
00000215 20130116 KihonCheckCheckList23 0 1 20140516 IKOU
00000215 20130116 KihonCheckCheckList24 0 1 20140516 IKOU
00000215 20130628 KihonCheckCheckList01 1 1 20140516 IKOU
00000215 20130628 KihonCheckCheckList02 1 1 20140516 IKOU
00000215 20130628 KihonCheckCheckList03 1 1 20140516 IKOU
00000215 20130628 KihonCheckCheckList04 1 1 20140516 IKOU
00000215 20130628 KihonCheckCheckList05 0 1 20140516 IKOU
00000215 20130628 KihonCheckCheckList06 2 1 20140516 IKOU
00000215 20130628 KihonCheckCheckList07 2 1 20140516 IKOU
00000215 20130628 KihonCheckCheckList08 2 1 20140516 IKOU
00000215 20130628 KihonCheckCheckList09 2 1 20140516 IKOU
00000215 20130628 KihonCheckCheckList10 2 1 20140516 IKOU
00000215 20130628 KihonCheckCheckList11 0 1 20140516 IKOU
00000215 20130628 KihonCheckCheckList12 0 1 20140516 IKOU
00000215 20130628 KihonCheckCheckList13 0 1 20140516 IKOU
00000215 20130628 KihonCheckCheckList14 0 1 20140516 IKOU
00000215 20130628 KihonCheckCheckList15 5 1 20140516 IKOU
00000215 20130628 KihonCheckCheckList16 0 1 20140516 IKOU
00000215 20130628 KihonCheckCheckList17 6 1 20140516 IKOU
00000215 20130628 KihonCheckCheckList18 0 1 20140516 IKOU
00000215 20130628 KihonCheckCheckList19 0 1 20140516 IKOU
00000215 20130628 KihonCheckCheckList20 0 1 20140516 IKOU
00000215 20130628 KihonCheckCheckList21 0 1 20140516 IKOU
00000215 20130628 KihonCheckCheckList22 0 1 20140516 IKOU
00000215 20130628 KihonCheckCheckList23 0 1 20140516 IKOU
00000215 20130628 KihonCheckCheckList24 0 1 20140516 IKOU
00000216 20111005 KihonCheckCheckList01 0 1 20140516 IKOU
00000216 20111005 KihonCheckCheckList02 0 1 20140516 IKOU
00000216 20111005 KihonCheckCheckList03 0 1 20140516 IKOU
00000216 20111005 KihonCheckCheckList04 1 1 20140516 IKOU
00000216 20111005 KihonCheckCheckList05 0 1 20140516 IKOU
00000216 20111005 KihonCheckCheckList06 2 1 20140516 IKOU
00000216 20111005 KihonCheckCheckList07 0 1 20140516 IKOU
00000216 20111005 KihonCheckCheckList08 0 1 20140516 IKOU
00000216 20111005 KihonCheckCheckList09 0 1 20140516 IKOU
00000216 20111005 KihonCheckCheckList10 0 1 20140516 IKOU
00000216 20111005 KihonCheckCheckList11 0 1 20140516 IKOU
00000216 20111005 KihonCheckCheckList12 4 1 20140516 IKOU
00000216 20111005 KihonCheckCheckList13 0 1 20140516 IKOU
00000216 20111005 KihonCheckCheckList14 0 1 20140516 IKOU
00000216 20111005 KihonCheckCheckList15 5 1 20140516 IKOU
00000216 20111005 KihonCheckCheckList16 5 1 20140516 IKOU
00000216 20111005 KihonCheckCheckList17 0 1 20140516 IKOU
00000216 20111005 KihonCheckCheckList18 0 1 20140516 IKOU
00000216 20111005 KihonCheckCheckList19 0 1 20140516 IKOU
00000216 20111005 KihonCheckCheckList20 0 1 20140516 IKOU
00000216 20111005 KihonCheckCheckList21 0 1 20140516 IKOU
00000216 20111005 KihonCheckCheckList22 7 1 20140516 IKOU
00000216 20111005 KihonCheckCheckList23 0 1 20140516 IKOU
00000216 20111005 KihonCheckCheckList24 7 1 20140516 IKOU
00000216 20120318 KihonCheckCheckList01 0 1 20140516 IKOU
00000216 20120318 KihonCheckCheckList02 0 1 20140516 IKOU
00000216 20120318 KihonCheckCheckList03 0 1 20140516 IKOU
00000216 20120318 KihonCheckCheckList04 1 1 20140516 IKOU
00000216 20120318 KihonCheckCheckList05 0 1 20140516 IKOU
00000216 20120318 KihonCheckCheckList06 2 1 20140516 IKOU
00000216 20120318 KihonCheckCheckList07 2 1 20140516 IKOU
00000216 20120318 KihonCheckCheckList08 0 1 20140516 IKOU
00000216 20120318 KihonCheckCheckList09 0 1 20140516 IKOU
00000216 20120318 KihonCheckCheckList10 0 1 20140516 IKOU
00000216 20120318 KihonCheckCheckList11 0 1 20140516 IKOU
00000216 20120318 KihonCheckCheckList12 0 1 20140516 IKOU
00000216 20120318 KihonCheckCheckList13 0 1 20140516 IKOU
00000216 20120318 KihonCheckCheckList14 4 1 20140516 IKOU
00000216 20120318 KihonCheckCheckList15 5 1 20140516 IKOU
00000216 20120318 KihonCheckCheckList16 5 1 20140516 IKOU
00000216 20120318 KihonCheckCheckList17 0 1 20140516 IKOU
00000216 20120318 KihonCheckCheckList18 0 1 20140516 IKOU
00000216 20120318 KihonCheckCheckList19 0 1 20140516 IKOU
00000216 20120318 KihonCheckCheckList20 0 1 20140516 IKOU
00000216 20120318 KihonCheckCheckList21 0 1 20140516 IKOU
00000216 20120318 KihonCheckCheckList22 7 1 20140516 IKOU
00000216 20120318 KihonCheckCheckList23 7 1 20140516 IKOU
00000216 20120318 KihonCheckCheckList24 7 1 20140516 IKOU
00000216 20130106 KihonCheckCheckList01 1 1 20140516 IKOU
00000216 20130106 KihonCheckCheckList02 1 1 20140516 IKOU
00000216 20130106 KihonCheckCheckList03 1 1 20140516 IKOU
00000216 20130106 KihonCheckCheckList04 1 1 20140516 IKOU
00000216 20130106 KihonCheckCheckList05 0 1 20140516 IKOU
00000216 20130106 KihonCheckCheckList06 2 1 20140516 IKOU
00000216 20130106 KihonCheckCheckList07 0 1 20140516 IKOU
00000216 20130106 KihonCheckCheckList08 2 1 20140516 IKOU
00000216 20130106 KihonCheckCheckList09 0 1 20140516 IKOU
00000216 20130106 KihonCheckCheckList10 0 1 20140516 IKOU
00000216 20130106 KihonCheckCheckList11 0 1 20140516 IKOU
00000216 20130106 KihonCheckCheckList12 0 1 20140516 IKOU
00000216 20130106 KihonCheckCheckList13 0 1 20140516 IKOU
00000216 20130106 KihonCheckCheckList14 4 1 20140516 IKOU
00000216 20130106 KihonCheckCheckList15 5 1 20140516 IKOU
00000216 20130106 KihonCheckCheckList16 5 1 20140516 IKOU
00000216 20130106 KihonCheckCheckList17 6 1 20140516 IKOU
00000216 20130106 KihonCheckCheckList18 0 1 20140516 IKOU
00000216 20130106 KihonCheckCheckList19 0 1 20140516 IKOU
00000216 20130106 KihonCheckCheckList20 0 1 20140516 IKOU
00000216 20130106 KihonCheckCheckList21 0 1 20140516 IKOU
00000216 20130106 KihonCheckCheckList22 7 1 20140516 IKOU
00000216 20130106 KihonCheckCheckList23 7 1 20140516 IKOU
00000216 20130106 KihonCheckCheckList24 7 1 20140516 IKOU
00000216 20130107 KihonCheckCheckList01 1 1 20140516 IKOU
00000216 20130107 KihonCheckCheckList02 1 1 20140516 IKOU
00000216 20130107 KihonCheckCheckList03 1 1 20140516 IKOU
00000216 20130107 KihonCheckCheckList04 1 1 20140516 IKOU
00000216 20130107 KihonCheckCheckList05 1 1 20140516 IKOU
00000216 20130107 KihonCheckCheckList06 2 1 20140516 IKOU
00000216 20130107 KihonCheckCheckList07 2 1 20140516 IKOU
00000216 20130107 KihonCheckCheckList08 2 1 20140516 IKOU
00000216 20130107 KihonCheckCheckList09 0 1 20140516 IKOU
00000216 20130107 KihonCheckCheckList10 0 1 20140516 IKOU
00000216 20130107 KihonCheckCheckList11 0 1 20140516 IKOU
00000216 20130107 KihonCheckCheckList12 0 1 20140516 IKOU
00000216 20130107 KihonCheckCheckList13 0 1 20140516 IKOU
00000216 20130107 KihonCheckCheckList14 4 1 20140516 IKOU
00000216 20130107 KihonCheckCheckList15 5 1 20140516 IKOU
00000216 20130107 KihonCheckCheckList16 5 1 20140516 IKOU
00000216 20130107 KihonCheckCheckList17 6 1 20140516 IKOU
00000216 20130107 KihonCheckCheckList18 0 1 20140516 IKOU
00000216 20130107 KihonCheckCheckList19 0 1 20140516 IKOU
00000216 20130107 KihonCheckCheckList20 0 1 20140516 IKOU
00000216 20130107 KihonCheckCheckList21 0 1 20140516 IKOU
00000216 20130107 KihonCheckCheckList22 7 1 20140516 IKOU
00000216 20130107 KihonCheckCheckList23 7 1 20140516 IKOU
00000216 20130107 KihonCheckCheckList24 7 1 20140516 IKOU
00000218 20120116 KihonCheckCheckList01 1 1 20140516 IKOU
00000218 20120116 KihonCheckCheckList02 0 1 20140516 IKOU
00000218 20120116 KihonCheckCheckList03 0 1 20140516 IKOU
00000218 20120116 KihonCheckCheckList04 1 1 20140516 IKOU
00000218 20120116 KihonCheckCheckList05 0 1 20140516 IKOU
00000218 20120116 KihonCheckCheckList06 2 1 20140516 IKOU
00000218 20120116 KihonCheckCheckList07 2 1 20140516 IKOU
00000218 20120116 KihonCheckCheckList08 2 1 20140516 IKOU
00000218 20120116 KihonCheckCheckList09 0 1 20140516 IKOU
00000218 20120116 KihonCheckCheckList10 2 1 20140516 IKOU
00000218 20120116 KihonCheckCheckList11 3 1 20140516 IKOU
00000218 20120116 KihonCheckCheckList12 0 1 20140516 IKOU
00000218 20120116 KihonCheckCheckList13 0 1 20140516 IKOU
00000218 20120116 KihonCheckCheckList14 4 1 20140516 IKOU
00000218 20120116 KihonCheckCheckList15 0 1 20140516 IKOU
00000218 20120116 KihonCheckCheckList16 0 1 20140516 IKOU
00000218 20120116 KihonCheckCheckList17 0 1 20140516 IKOU
00000218 20120116 KihonCheckCheckList18 0 1 20140516 IKOU
00000218 20120116 KihonCheckCheckList19 0 1 20140516 IKOU
00000218 20120116 KihonCheckCheckList20 0 1 20140516 IKOU
00000218 20120116 KihonCheckCheckList21 0 1 20140516 IKOU
00000218 20120116 KihonCheckCheckList22 0 1 20140516 IKOU
00000218 20120116 KihonCheckCheckList23 0 1 20140516 IKOU
00000218 20120116 KihonCheckCheckList24 0 1 20140516 IKOU
00000218 20120601 KihonCheckCheckList01 1 1 20140516 IKOU
00000218 20120601 KihonCheckCheckList02 1 1 20140516 IKOU
00000218 20120601 KihonCheckCheckList03 1 1 20140516 IKOU
00000218 20120601 KihonCheckCheckList04 1 1 20140516 IKOU
00000218 20120601 KihonCheckCheckList05 0 1 20140516 IKOU
00000218 20120601 KihonCheckCheckList06 2 1 20140516 IKOU
00000218 20120601 KihonCheckCheckList07 2 1 20140516 IKOU
00000218 20120601 KihonCheckCheckList08 2 1 20140516 IKOU
00000218 20120601 KihonCheckCheckList09 0 1 20140516 IKOU
00000218 20120601 KihonCheckCheckList10 2 1 20140516 IKOU
00000218 20120601 KihonCheckCheckList11 0 1 20140516 IKOU
00000218 20120601 KihonCheckCheckList12 0 1 20140516 IKOU
00000218 20120601 KihonCheckCheckList13 0 1 20140516 IKOU
00000218 20120601 KihonCheckCheckList14 4 1 20140516 IKOU
00000218 20120601 KihonCheckCheckList15 0 1 20140516 IKOU
00000218 20120601 KihonCheckCheckList16 0 1 20140516 IKOU
00000218 20120601 KihonCheckCheckList17 0 1 20140516 IKOU
00000218 20120601 KihonCheckCheckList18 0 1 20140516 IKOU
00000218 20120601 KihonCheckCheckList19 0 1 20140516 IKOU
00000218 20120601 KihonCheckCheckList20 0 1 20140516 IKOU
00000218 20120601 KihonCheckCheckList21 0 1 20140516 IKOU
00000218 20120601 KihonCheckCheckList22 0 1 20140516 IKOU
00000218 20120601 KihonCheckCheckList23 0 1 20140516 IKOU
00000218 20120601 KihonCheckCheckList24 0 1 20140516 IKOU
00000218 20121218 KihonCheckCheckList01 1 1 20140516 IKOU
00000218 20121218 KihonCheckCheckList02 1 1 20140516 IKOU
00000218 20121218 KihonCheckCheckList03 1 1 20140516 IKOU
00000218 20121218 KihonCheckCheckList04 1 1 20140516 IKOU
00000218 20121218 KihonCheckCheckList05 0 1 20140516 IKOU
00000218 20121218 KihonCheckCheckList06 2 1 20140516 IKOU
00000218 20121218 KihonCheckCheckList07 2 1 20140516 IKOU
00000218 20121218 KihonCheckCheckList08 2 1 20140516 IKOU
00000218 20121218 KihonCheckCheckList09 0 1 20140516 IKOU
00000218 20121218 KihonCheckCheckList10 2 1 20140516 IKOU
00000218 20121218 KihonCheckCheckList11 0 1 20140516 IKOU
00000218 20121218 KihonCheckCheckList12 0 1 20140516 IKOU
00000218 20121218 KihonCheckCheckList13 0 1 20140516 IKOU
00000218 20121218 KihonCheckCheckList14 4 1 20140516 IKOU
00000218 20121218 KihonCheckCheckList15 0 1 20140516 IKOU
00000218 20121218 KihonCheckCheckList16 0 1 20140516 IKOU
00000218 20121218 KihonCheckCheckList17 0 1 20140516 IKOU
00000218 20121218 KihonCheckCheckList18 0 1 20140516 IKOU
00000218 20121218 KihonCheckCheckList19 0 1 20140516 IKOU
00000218 20121218 KihonCheckCheckList20 0 1 20140516 IKOU
00000218 20121218 KihonCheckCheckList21 0 1 20140516 IKOU
00000218 20121218 KihonCheckCheckList22 7 1 20140516 IKOU
00000218 20121218 KihonCheckCheckList23 0 1 20140516 IKOU
00000218 20121218 KihonCheckCheckList24 0 1 20140516 IKOU
00000218 20131221 KihonCheckCheckList01 1 1 20140516 IKOU
00000218 20131221 KihonCheckCheckList02 1 1 20140516 IKOU
00000218 20131221 KihonCheckCheckList03 0 1 20140516 IKOU
00000218 20131221 KihonCheckCheckList04 1 1 20140516 IKOU
00000218 20131221 KihonCheckCheckList05 0 1 20140516 IKOU
00000218 20131221 KihonCheckCheckList06 2 1 20140516 IKOU
00000218 20131221 KihonCheckCheckList07 2 1 20140516 IKOU
00000218 20131221 KihonCheckCheckList08 2 1 20140516 IKOU
00000218 20131221 KihonCheckCheckList09 0 1 20140516 IKOU
00000218 20131221 KihonCheckCheckList10 2 1 20140516 IKOU
00000218 20131221 KihonCheckCheckList11 0 1 20140516 IKOU
00000218 20131221 KihonCheckCheckList12 0 1 20140516 IKOU
00000218 20131221 KihonCheckCheckList13 0 1 20140516 IKOU
00000218 20131221 KihonCheckCheckList14 4 1 20140516 IKOU
00000218 20131221 KihonCheckCheckList15 0 1 20140516 IKOU
00000218 20131221 KihonCheckCheckList16 0 1 20140516 IKOU
00000218 20131221 KihonCheckCheckList17 0 1 20140516 IKOU
00000218 20131221 KihonCheckCheckList18 0 1 20140516 IKOU
00000218 20131221 KihonCheckCheckList19 0 1 20140516 IKOU
00000218 20131221 KihonCheckCheckList20 0 1 20140516 IKOU
00000218 20131221 KihonCheckCheckList21 0 1 20140516 IKOU
00000218 20131221 KihonCheckCheckList22 0 1 20140516 IKOU
00000218 20131221 KihonCheckCheckList23 0 1 20140516 IKOU
00000218 20131221 KihonCheckCheckList24 0 1 20140516 IKOU
00000221 20120427 KihonCheckCheckList01 0 1 20140516 IKOU
00000221 20120427 KihonCheckCheckList02 0 1 20140516 IKOU
00000221 20120427 KihonCheckCheckList03 0 1 20140516 IKOU
00000221 20120427 KihonCheckCheckList04 1 1 20140516 IKOU
00000221 20120427 KihonCheckCheckList05 0 1 20140516 IKOU
00000221 20120427 KihonCheckCheckList06 2 1 20140516 IKOU
00000221 20120427 KihonCheckCheckList07 0 1 20140516 IKOU
00000221 20120427 KihonCheckCheckList08 0 1 20140516 IKOU
00000221 20120427 KihonCheckCheckList09 2 1 20140516 IKOU
00000221 20120427 KihonCheckCheckList10 2 1 20140516 IKOU
00000221 20120427 KihonCheckCheckList11 0 1 20140516 IKOU
00000221 20120427 KihonCheckCheckList12 0 1 20140516 IKOU
00000221 20120427 KihonCheckCheckList13 0 1 20140516 IKOU
00000221 20120427 KihonCheckCheckList14 0 1 20140516 IKOU
00000221 20120427 KihonCheckCheckList15 0 1 20140516 IKOU
00000221 20120427 KihonCheckCheckList16 5 1 20140516 IKOU
00000221 20120427 KihonCheckCheckList17 0 1 20140516 IKOU
00000221 20120427 KihonCheckCheckList18 0 1 20140516 IKOU
00000221 20120427 KihonCheckCheckList19 0 1 20140516 IKOU
00000221 20120427 KihonCheckCheckList20 0 1 20140516 IKOU
00000221 20120427 KihonCheckCheckList21 0 1 20140516 IKOU
00000221 20120427 KihonCheckCheckList22 7 1 20140516 IKOU
00000221 20120427 KihonCheckCheckList23 0 1 20140516 IKOU
00000221 20120427 KihonCheckCheckList24 7 1 20140516 IKOU
00000221 20130421 KihonCheckCheckList01 0 1 20140516 IKOU
00000221 20130421 KihonCheckCheckList02 0 1 20140516 IKOU
00000221 20130421 KihonCheckCheckList03 0 1 20140516 IKOU
00000221 20130421 KihonCheckCheckList04 0 1 20140516 IKOU
00000221 20130421 KihonCheckCheckList05 0 1 20140516 IKOU
00000221 20130421 KihonCheckCheckList06 0 1 20140516 IKOU
00000221 20130421 KihonCheckCheckList07 0 1 20140516 IKOU
00000221 20130421 KihonCheckCheckList08 0 1 20140516 IKOU
00000221 20130421 KihonCheckCheckList09 0 1 20140516 IKOU
00000221 20130421 KihonCheckCheckList10 2 1 20140516 IKOU
00000221 20130421 KihonCheckCheckList11 0 1 20140516 IKOU
00000221 20130421 KihonCheckCheckList12 0 1 20140516 IKOU
00000221 20130421 KihonCheckCheckList13 4 1 20140516 IKOU
00000221 20130421 KihonCheckCheckList14 4 1 20140516 IKOU
00000221 20130421 KihonCheckCheckList15 0 1 20140516 IKOU
00000221 20130421 KihonCheckCheckList16 0 1 20140516 IKOU
00000221 20130421 KihonCheckCheckList17 0 1 20140516 IKOU
00000221 20130421 KihonCheckCheckList18 0 1 20140516 IKOU
00000221 20130421 KihonCheckCheckList19 6 1 20140516 IKOU
00000221 20130421 KihonCheckCheckList20 0 1 20140516 IKOU
00000221 20130421 KihonCheckCheckList21 0 1 20140516 IKOU
00000221 20130421 KihonCheckCheckList22 0 1 20140516 IKOU
00000221 20130421 KihonCheckCheckList23 0 1 20140516 IKOU
00000221 20130421 KihonCheckCheckList24 0 1 20140516 IKOU
00000223 20120803 KihonCheckCheckList01 0 1 20140516 IKOU
00000223 20120803 KihonCheckCheckList02 0 1 20140516 IKOU
00000223 20120803 KihonCheckCheckList03 1 1 20140516 IKOU
00000223 20120803 KihonCheckCheckList04 0 1 20140516 IKOU
00000223 20120803 KihonCheckCheckList05 0 1 20140516 IKOU
00000223 20120803 KihonCheckCheckList06 2 1 20140516 IKOU
00000223 20120803 KihonCheckCheckList07 0 1 20140516 IKOU
00000223 20120803 KihonCheckCheckList08 0 1 20140516 IKOU
00000223 20120803 KihonCheckCheckList09 2 1 20140516 IKOU
00000223 20120803 KihonCheckCheckList10 2 1 20140516 IKOU
00000223 20120803 KihonCheckCheckList11 0 1 20140516 IKOU
00000223 20120803 KihonCheckCheckList12 0 1 20140516 IKOU
00000223 20120803 KihonCheckCheckList13 0 1 20140516 IKOU
00000223 20120803 KihonCheckCheckList14 0 1 20140516 IKOU
00000223 20120803 KihonCheckCheckList15 0 1 20140516 IKOU
00000223 20120803 KihonCheckCheckList16 0 1 20140516 IKOU
00000223 20120803 KihonCheckCheckList17 6 1 20140516 IKOU
00000223 20120803 KihonCheckCheckList18 6 1 20140516 IKOU
00000223 20120803 KihonCheckCheckList19 0 1 20140516 IKOU
00000223 20120803 KihonCheckCheckList20 0 1 20140516 IKOU
00000223 20120803 KihonCheckCheckList21 0 1 20140516 IKOU
00000223 20120803 KihonCheckCheckList22 0 1 20140516 IKOU
00000223 20120803 KihonCheckCheckList23 0 1 20140516 IKOU
00000223 20120803 KihonCheckCheckList24 0 1 20140516 IKOU
00000228 20121028 KihonCheckCheckList01 0 1 20140516 IKOU
00000228 20121028 KihonCheckCheckList02 0 1 20140516 IKOU
00000228 20121028 KihonCheckCheckList03 0 1 20140516 IKOU
00000228 20121028 KihonCheckCheckList04 0 1 20140516 IKOU
00000228 20121028 KihonCheckCheckList05 0 1 20140516 IKOU
00000228 20121028 KihonCheckCheckList06 2 1 20140516 IKOU
00000228 20121028 KihonCheckCheckList07 2 1 20140516 IKOU
00000228 20121028 KihonCheckCheckList08 0 1 20140516 IKOU
00000228 20121028 KihonCheckCheckList09 0 1 20140516 IKOU
00000228 20121028 KihonCheckCheckList10 2 1 20140516 IKOU
00000228 20121028 KihonCheckCheckList11 3 1 20140516 IKOU
00000228 20121028 KihonCheckCheckList12 0 1 20140516 IKOU
00000228 20121028 KihonCheckCheckList13 0 1 20140516 IKOU
00000228 20121028 KihonCheckCheckList14 0 1 20140516 IKOU
00000228 20121028 KihonCheckCheckList15 0 1 20140516 IKOU
00000228 20121028 KihonCheckCheckList16 0 1 20140516 IKOU
00000228 20121028 KihonCheckCheckList17 0 1 20140516 IKOU
00000228 20121028 KihonCheckCheckList18 0 1 20140516 IKOU
00000228 20121028 KihonCheckCheckList19 0 1 20140516 IKOU
00000228 20121028 KihonCheckCheckList20 0 1 20140516 IKOU
00000228 20121028 KihonCheckCheckList21 0 1 20140516 IKOU
00000228 20121028 KihonCheckCheckList22 0 1 20140516 IKOU
00000228 20121028 KihonCheckCheckList23 0 1 20140516 IKOU
00000228 20121028 KihonCheckCheckList24 0 1 20140516 IKOU
00000228 20130917 KihonCheckCheckList01 0 1 20140516 IKOU
00000228 20130917 KihonCheckCheckList02 0 1 20140516 IKOU
00000228 20130917 KihonCheckCheckList03 0 1 20140516 IKOU
00000228 20130917 KihonCheckCheckList04 0 1 20140516 IKOU
00000228 20130917 KihonCheckCheckList05 0 1 20140516 IKOU
00000228 20130917 KihonCheckCheckList06 2 1 20140516 IKOU
00000228 20130917 KihonCheckCheckList07 2 1 20140516 IKOU
00000228 20130917 KihonCheckCheckList08 0 1 20140516 IKOU
00000228 20130917 KihonCheckCheckList09 0 1 20140516 IKOU
00000228 20130917 KihonCheckCheckList10 2 1 20140516 IKOU
00000228 20130917 KihonCheckCheckList11 3 1 20140516 IKOU
00000228 20130917 KihonCheckCheckList12 0 1 20140516 IKOU
00000228 20130917 KihonCheckCheckList13 4 1 20140516 IKOU
00000228 20130917 KihonCheckCheckList14 0 1 20140516 IKOU
00000228 20130917 KihonCheckCheckList15 0 1 20140516 IKOU
00000228 20130917 KihonCheckCheckList16 0 1 20140516 IKOU
00000228 20130917 KihonCheckCheckList17 0 1 20140516 IKOU
00000228 20130917 KihonCheckCheckList18 0 1 20140516 IKOU
00000228 20130917 KihonCheckCheckList19 0 1 20140516 IKOU
00000228 20130917 KihonCheckCheckList20 0 1 20140516 IKOU
00000228 20130917 KihonCheckCheckList21 0 1 20140516 IKOU
00000228 20130917 KihonCheckCheckList22 0 1 20140516 IKOU
00000228 20130917 KihonCheckCheckList23 0 1 20140516 IKOU
00000228 20130917 KihonCheckCheckList24 0 1 20140516 IKOU
00000228 20130531 KihonCheckCheckList01 0 1 20140516 IKOU
00000228 20130531 KihonCheckCheckList02 0 1 20140516 IKOU
00000228 20130531 KihonCheckCheckList03 0 1 20140516 IKOU
00000228 20130531 KihonCheckCheckList04 0 1 20140516 IKOU
00000228 20130531 KihonCheckCheckList05 0 1 20140516 IKOU
00000228 20130531 KihonCheckCheckList06 2 1 20140516 IKOU
00000228 20130531 KihonCheckCheckList07 2 1 20140516 IKOU
00000228 20130531 KihonCheckCheckList08 0 1 20140516 IKOU
00000228 20130531 KihonCheckCheckList09 0 1 20140516 IKOU
00000228 20130531 KihonCheckCheckList10 2 1 20140516 IKOU
00000228 20130531 KihonCheckCheckList11 3 1 20140516 IKOU
00000228 20130531 KihonCheckCheckList12 0 1 20140516 IKOU
00000228 20130531 KihonCheckCheckList13 0 1 20140516 IKOU
00000228 20130531 KihonCheckCheckList14 0 1 20140516 IKOU
00000228 20130531 KihonCheckCheckList15 0 1 20140516 IKOU
00000228 20130531 KihonCheckCheckList16 0 1 20140516 IKOU
00000228 20130531 KihonCheckCheckList17 0 1 20140516 IKOU
00000228 20130531 KihonCheckCheckList18 0 1 20140516 IKOU
00000228 20130531 KihonCheckCheckList19 0 1 20140516 IKOU
00000228 20130531 KihonCheckCheckList20 0 1 20140516 IKOU
00000228 20130531 KihonCheckCheckList21 0 1 20140516 IKOU
00000228 20130531 KihonCheckCheckList22 0 1 20140516 IKOU
00000228 20130531 KihonCheckCheckList23 0 1 20140516 IKOU
00000228 20130531 KihonCheckCheckList24 0 1 20140516 IKOU
00000229 20121026 KihonCheckCheckList01 0 1 20140516 IKOU
00000229 20121026 KihonCheckCheckList02 0 1 20140516 IKOU
00000229 20121026 KihonCheckCheckList03 0 1 20140516 IKOU
00000229 20121026 KihonCheckCheckList04 0 1 20140516 IKOU
00000229 20121026 KihonCheckCheckList05 0 1 20140516 IKOU
00000229 20121026 KihonCheckCheckList06 2 1 20140516 IKOU
00000229 20121026 KihonCheckCheckList07 2 1 20140516 IKOU
00000229 20121026 KihonCheckCheckList08 0 1 20140516 IKOU
00000229 20121026 KihonCheckCheckList09 2 1 20140516 IKOU
00000229 20121026 KihonCheckCheckList10 2 1 20140516 IKOU
00000229 20121026 KihonCheckCheckList11 0 1 20140516 IKOU
00000229 20121026 KihonCheckCheckList12 0 1 20140516 IKOU
00000229 20121026 KihonCheckCheckList13 0 1 20140516 IKOU
00000229 20121026 KihonCheckCheckList14 0 1 20140516 IKOU
00000229 20121026 KihonCheckCheckList15 5 1 20140516 IKOU
00000229 20121026 KihonCheckCheckList16 5 1 20140516 IKOU
00000229 20121026 KihonCheckCheckList17 0 1 20140516 IKOU
00000229 20121026 KihonCheckCheckList18 0 1 20140516 IKOU
00000229 20121026 KihonCheckCheckList19 0 1 20140516 IKOU
00000229 20121026 KihonCheckCheckList20 0 1 20140516 IKOU
00000229 20121026 KihonCheckCheckList21 0 1 20140516 IKOU
00000229 20121026 KihonCheckCheckList22 7 1 20140516 IKOU
00000229 20121026 KihonCheckCheckList23 0 1 20140516 IKOU
00000229 20121026 KihonCheckCheckList24 0 1 20140516 IKOU
00000229 20130221 KihonCheckCheckList01 0 1 20140516 IKOU
00000229 20130221 KihonCheckCheckList02 0 1 20140516 IKOU
00000229 20130221 KihonCheckCheckList03 0 1 20140516 IKOU
00000229 20130221 KihonCheckCheckList04 0 1 20140516 IKOU
00000229 20130221 KihonCheckCheckList05 0 1 20140516 IKOU
00000229 20130221 KihonCheckCheckList06 2 1 20140516 IKOU
00000229 20130221 KihonCheckCheckList07 2 1 20140516 IKOU
00000229 20130221 KihonCheckCheckList08 0 1 20140516 IKOU
00000229 20130221 KihonCheckCheckList09 2 1 20140516 IKOU
00000229 20130221 KihonCheckCheckList10 2 1 20140516 IKOU
00000229 20130221 KihonCheckCheckList11 0 1 20140516 IKOU
00000229 20130221 KihonCheckCheckList12 0 1 20140516 IKOU
00000229 20130221 KihonCheckCheckList13 0 1 20140516 IKOU
00000229 20130221 KihonCheckCheckList14 0 1 20140516 IKOU
00000229 20130221 KihonCheckCheckList15 5 1 20140516 IKOU
00000229 20130221 KihonCheckCheckList16 5 1 20140516 IKOU
00000229 20130221 KihonCheckCheckList17 0 1 20140516 IKOU
00000229 20130221 KihonCheckCheckList18 0 1 20140516 IKOU
00000229 20130221 KihonCheckCheckList19 0 1 20140516 IKOU
00000229 20130221 KihonCheckCheckList20 0 1 20140516 IKOU
00000229 20130221 KihonCheckCheckList21 0 1 20140516 IKOU
00000229 20130221 KihonCheckCheckList22 7 1 20140516 IKOU
00000229 20130221 KihonCheckCheckList23 0 1 20140516 IKOU
00000229 20130221 KihonCheckCheckList24 0 1 20140516 IKOU
00000229 20130311 KihonCheckCheckList01 0 1 20140516 IKOU
00000229 20130311 KihonCheckCheckList02 0 1 20140516 IKOU
00000229 20130311 KihonCheckCheckList03 0 1 20140516 IKOU
00000229 20130311 KihonCheckCheckList04 0 1 20140516 IKOU
00000229 20130311 KihonCheckCheckList05 0 1 20140516 IKOU
00000229 20130311 KihonCheckCheckList06 2 1 20140516 IKOU
00000229 20130311 KihonCheckCheckList07 2 1 20140516 IKOU
00000229 20130311 KihonCheckCheckList08 0 1 20140516 IKOU
00000229 20130311 KihonCheckCheckList09 2 1 20140516 IKOU
00000229 20130311 KihonCheckCheckList10 2 1 20140516 IKOU
00000229 20130311 KihonCheckCheckList11 0 1 20140516 IKOU
00000229 20130311 KihonCheckCheckList12 0 1 20140516 IKOU
00000229 20130311 KihonCheckCheckList13 0 1 20140516 IKOU
00000229 20130311 KihonCheckCheckList14 0 1 20140516 IKOU
00000229 20130311 KihonCheckCheckList15 5 1 20140516 IKOU
00000229 20130311 KihonCheckCheckList16 5 1 20140516 IKOU
00000229 20130311 KihonCheckCheckList17 0 1 20140516 IKOU
00000229 20130311 KihonCheckCheckList18 0 1 20140516 IKOU
00000229 20130311 KihonCheckCheckList19 0 1 20140516 IKOU
00000229 20130311 KihonCheckCheckList20 0 1 20140516 IKOU
00000229 20130311 KihonCheckCheckList21 0 1 20140516 IKOU
00000229 20130311 KihonCheckCheckList22 7 1 20140516 IKOU
00000229 20130311 KihonCheckCheckList23 0 1 20140516 IKOU
00000229 20130311 KihonCheckCheckList24 0 1 20140516 IKOU
00000229 20140310 KihonCheckCheckList01 1 1 20140516 IKOU
00000229 20140310 KihonCheckCheckList02 0 1 20140516 IKOU
00000229 20140310 KihonCheckCheckList03 0 1 20140516 IKOU
00000229 20140310 KihonCheckCheckList04 0 1 20140516 IKOU
00000229 20140310 KihonCheckCheckList05 0 1 20140516 IKOU
00000229 20140310 KihonCheckCheckList06 2 1 20140516 IKOU
00000229 20140310 KihonCheckCheckList07 2 1 20140516 IKOU
00000229 20140310 KihonCheckCheckList08 0 1 20140516 IKOU
00000229 20140310 KihonCheckCheckList09 0 1 20140516 IKOU
00000229 20140310 KihonCheckCheckList10 2 1 20140516 IKOU
00000229 20140310 KihonCheckCheckList11 0 1 20140516 IKOU
00000229 20140310 KihonCheckCheckList12 0 1 20140516 IKOU
00000229 20140310 KihonCheckCheckList13 0 1 20140516 IKOU
00000229 20140310 KihonCheckCheckList14 0 1 20140516 IKOU
00000229 20140310 KihonCheckCheckList15 0 1 20140516 IKOU
00000229 20140310 KihonCheckCheckList16 5 1 20140516 IKOU
00000229 20140310 KihonCheckCheckList17 0 1 20140516 IKOU
00000229 20140310 KihonCheckCheckList18 0 1 20140516 IKOU
00000229 20140310 KihonCheckCheckList19 0 1 20140516 IKOU
00000229 20140310 KihonCheckCheckList20 0 1 20140516 IKOU
00000229 20140310 KihonCheckCheckList21 0 1 20140516 IKOU
00000229 20140310 KihonCheckCheckList22 7 1 20140516 IKOU
00000229 20140310 KihonCheckCheckList23 0 1 20140516 IKOU
00000229 20140310 KihonCheckCheckList24 0 1 20140516 IKOU
00000231 20130217 KihonCheckCheckList01 1 1 20140516 IKOU
00000231 20130217 KihonCheckCheckList02 1 1 20140516 IKOU
00000231 20130217 KihonCheckCheckList03 0 1 20140516 IKOU
00000231 20130217 KihonCheckCheckList04 0 1 20140516 IKOU
00000231 20130217 KihonCheckCheckList05 0 1 20140516 IKOU
00000231 20130217 KihonCheckCheckList06 2 1 20140516 IKOU
00000231 20130217 KihonCheckCheckList07 2 1 20140516 IKOU
00000231 20130217 KihonCheckCheckList08 0 1 20140516 IKOU
00000231 20130217 KihonCheckCheckList09 0 1 20140516 IKOU
00000231 20130217 KihonCheckCheckList10 2 1 20140516 IKOU
00000231 20130217 KihonCheckCheckList11 0 1 20140516 IKOU
00000231 20130217 KihonCheckCheckList12 0 1 20140516 IKOU
00000231 20130217 KihonCheckCheckList13 0 1 20140516 IKOU
00000231 20130217 KihonCheckCheckList14 0 1 20140516 IKOU
00000231 20130217 KihonCheckCheckList15 5 1 20140516 IKOU
00000231 20130217 KihonCheckCheckList16 5 1 20140516 IKOU
00000231 20130217 KihonCheckCheckList17 0 1 20140516 IKOU
00000231 20130217 KihonCheckCheckList18 0 1 20140516 IKOU
00000231 20130217 KihonCheckCheckList19 0 1 20140516 IKOU
00000231 20130217 KihonCheckCheckList20 0 1 20140516 IKOU
00000231 20130217 KihonCheckCheckList21 0 1 20140516 IKOU
00000231 20130217 KihonCheckCheckList22 0 1 20140516 IKOU
00000231 20130217 KihonCheckCheckList23 0 1 20140516 IKOU
00000231 20130217 KihonCheckCheckList24 0 1 20140516 IKOU
00000231 20130526 KihonCheckCheckList01 1 1 20140516 IKOU
00000231 20130526 KihonCheckCheckList02 1 1 20140516 IKOU
00000231 20130526 KihonCheckCheckList03 0 1 20140516 IKOU
00000231 20130526 KihonCheckCheckList04 0 1 20140516 IKOU
00000231 20130526 KihonCheckCheckList05 0 1 20140516 IKOU
00000231 20130526 KihonCheckCheckList06 2 1 20140516 IKOU
00000231 20130526 KihonCheckCheckList07 2 1 20140516 IKOU
00000231 20130526 KihonCheckCheckList08 0 1 20140516 IKOU
00000231 20130526 KihonCheckCheckList09 2 1 20140516 IKOU
00000231 20130526 KihonCheckCheckList10 2 1 20140516 IKOU
00000231 20130526 KihonCheckCheckList11 0 1 20140516 IKOU
00000231 20130526 KihonCheckCheckList12 0 1 20140516 IKOU
00000231 20130526 KihonCheckCheckList13 0 1 20140516 IKOU
00000231 20130526 KihonCheckCheckList14 4 1 20140516 IKOU
00000231 20130526 KihonCheckCheckList15 5 1 20140516 IKOU
00000231 20130526 KihonCheckCheckList16 5 1 20140516 IKOU
00000231 20130526 KihonCheckCheckList17 0 1 20140516 IKOU
00000231 20130526 KihonCheckCheckList18 0 1 20140516 IKOU
00000231 20130526 KihonCheckCheckList19 0 1 20140516 IKOU
00000231 20130526 KihonCheckCheckList20 0 1 20140516 IKOU
00000231 20130526 KihonCheckCheckList21 7 1 20140516 IKOU
00000231 20130526 KihonCheckCheckList22 7 1 20140516 IKOU
00000231 20130526 KihonCheckCheckList23 0 1 20140516 IKOU
00000231 20130526 KihonCheckCheckList24 0 1 20140516 IKOU
00000231 20131223 KihonCheckCheckList01 1 1 20140516 IKOU
00000231 20131223 KihonCheckCheckList02 1 1 20140516 IKOU
00000231 20131223 KihonCheckCheckList03 0 1 20140516 IKOU
00000231 20131223 KihonCheckCheckList04 0 1 20140516 IKOU
00000231 20131223 KihonCheckCheckList05 0 1 20140516 IKOU
00000231 20131223 KihonCheckCheckList06 2 1 20140516 IKOU
00000231 20131223 KihonCheckCheckList07 2 1 20140516 IKOU
00000231 20131223 KihonCheckCheckList08 2 1 20140516 IKOU
00000231 20131223 KihonCheckCheckList09 2 1 20140516 IKOU
00000231 20131223 KihonCheckCheckList10 2 1 20140516 IKOU
00000231 20131223 KihonCheckCheckList11 3 1 20140516 IKOU
00000231 20131223 KihonCheckCheckList12 0 1 20140516 IKOU
00000231 20131223 KihonCheckCheckList13 0 1 20140516 IKOU
00000231 20131223 KihonCheckCheckList14 4 1 20140516 IKOU
00000231 20131223 KihonCheckCheckList15 5 1 20140516 IKOU
00000231 20131223 KihonCheckCheckList16 5 1 20140516 IKOU
00000231 20131223 KihonCheckCheckList17 0 1 20140516 IKOU
00000231 20131223 KihonCheckCheckList18 0 1 20140516 IKOU
00000231 20131223 KihonCheckCheckList19 6 1 20140516 IKOU
00000231 20131223 KihonCheckCheckList20 0 1 20140516 IKOU
00000231 20131223 KihonCheckCheckList21 7 1 20140516 IKOU
00000231 20131223 KihonCheckCheckList22 7 1 20140516 IKOU
00000231 20131223 KihonCheckCheckList23 0 1 20140516 IKOU
00000231 20131223 KihonCheckCheckList24 0 1 20140516 IKOU
00000233 20131007 KihonCheckCheckList01 0 1 20140516 IKOU
00000233 20131007 KihonCheckCheckList02 0 1 20140516 IKOU
00000233 20131007 KihonCheckCheckList03 0 1 20140516 IKOU
00000233 20131007 KihonCheckCheckList04 0 1 20140516 IKOU
00000233 20131007 KihonCheckCheckList05 1 1 20140516 IKOU
00000233 20131007 KihonCheckCheckList06 2 1 20140516 IKOU
00000233 20131007 KihonCheckCheckList07 2 1 20140516 IKOU
00000233 20131007 KihonCheckCheckList08 0 1 20140516 IKOU
00000233 20131007 KihonCheckCheckList09 2 1 20140516 IKOU
00000233 20131007 KihonCheckCheckList10 2 1 20140516 IKOU
00000233 20131007 KihonCheckCheckList11 3 1 20140516 IKOU
00000233 20131007 KihonCheckCheckList12 0 1 20140516 IKOU
00000233 20131007 KihonCheckCheckList13 0 1 20140516 IKOU
00000233 20131007 KihonCheckCheckList14 0 1 20140516 IKOU
00000233 20131007 KihonCheckCheckList15 0 1 20140516 IKOU
00000233 20131007 KihonCheckCheckList16 5 1 20140516 IKOU
00000233 20131007 KihonCheckCheckList17 6 1 20140516 IKOU
00000233 20131007 KihonCheckCheckList18 6 1 20140516 IKOU
00000233 20131007 KihonCheckCheckList19 6 1 20140516 IKOU
00000233 20131007 KihonCheckCheckList20 0 1 20140516 IKOU
00000233 20131007 KihonCheckCheckList21 0 1 20140516 IKOU
00000233 20131007 KihonCheckCheckList22 7 1 20140516 IKOU
00000233 20131007 KihonCheckCheckList23 0 1 20140516 IKOU
00000233 20131007 KihonCheckCheckList24 0 1 20140516 IKOU
00000234 20130515 KihonCheckCheckList01 0 1 20140516 IKOU
00000234 20130515 KihonCheckCheckList02 0 1 20140516 IKOU
00000234 20130515 KihonCheckCheckList03 0 1 20140516 IKOU
00000234 20130515 KihonCheckCheckList04 0 1 20140516 IKOU
00000234 20130515 KihonCheckCheckList05 0 1 20140516 IKOU
00000234 20130515 KihonCheckCheckList06 0 1 20140516 IKOU
00000234 20130515 KihonCheckCheckList07 2 1 20140516 IKOU
00000234 20130515 KihonCheckCheckList08 2 1 20140516 IKOU
00000234 20130515 KihonCheckCheckList09 0 1 20140516 IKOU
00000234 20130515 KihonCheckCheckList10 2 1 20140516 IKOU
00000234 20130515 KihonCheckCheckList11 0 1 20140516 IKOU
00000234 20130515 KihonCheckCheckList12 0 1 20140516 IKOU
00000234 20130515 KihonCheckCheckList13 4 1 20140516 IKOU
00000234 20130515 KihonCheckCheckList14 4 1 20140516 IKOU
00000234 20130515 KihonCheckCheckList15 0 1 20140516 IKOU
00000234 20130515 KihonCheckCheckList16 0 1 20140516 IKOU
00000234 20130515 KihonCheckCheckList17 6 1 20140516 IKOU
00000234 20130515 KihonCheckCheckList18 0 1 20140516 IKOU
00000234 20130515 KihonCheckCheckList19 0 1 20140516 IKOU
00000234 20130515 KihonCheckCheckList20 7 1 20140516 IKOU
00000234 20130515 KihonCheckCheckList21 7 1 20140516 IKOU
00000234 20130515 KihonCheckCheckList22 0 1 20140516 IKOU
00000234 20130515 KihonCheckCheckList23 7 1 20140516 IKOU
00000234 20130515 KihonCheckCheckList24 7 1 20140516 IKOU
00000237 20130504 KihonCheckCheckList01 1 1 20140516 IKOU
00000237 20130504 KihonCheckCheckList02 0 1 20140516 IKOU
00000237 20130504 KihonCheckCheckList03 0 1 20140516 IKOU
00000237 20130504 KihonCheckCheckList04 1 1 20140516 IKOU
00000237 20130504 KihonCheckCheckList05 0 1 20140516 IKOU
00000237 20130504 KihonCheckCheckList06 2 1 20140516 IKOU
00000237 20130504 KihonCheckCheckList07 2 1 20140516 IKOU
00000237 20130504 KihonCheckCheckList08 0 1 20140516 IKOU
00000237 20130504 KihonCheckCheckList09 0 1 20140516 IKOU
00000237 20130504 KihonCheckCheckList10 2 1 20140516 IKOU
00000237 20130504 KihonCheckCheckList11 0 1 20140516 IKOU
00000237 20130504 KihonCheckCheckList12 0 1 20140516 IKOU
00000237 20130504 KihonCheckCheckList13 0 1 20140516 IKOU
00000237 20130504 KihonCheckCheckList14 4 1 20140516 IKOU
00000237 20130504 KihonCheckCheckList15 0 1 20140516 IKOU
00000237 20130504 KihonCheckCheckList16 5 1 20140516 IKOU
00000237 20130504 KihonCheckCheckList17 0 1 20140516 IKOU
00000237 20130504 KihonCheckCheckList18 0 1 20140516 IKOU
00000237 20130504 KihonCheckCheckList19 0 1 20140516 IKOU
00000237 20130504 KihonCheckCheckList20 0 1 20140516 IKOU
00000237 20130504 KihonCheckCheckList21 0 1 20140516 IKOU
00000237 20130504 KihonCheckCheckList22 0 1 20140516 IKOU
00000237 20130504 KihonCheckCheckList23 0 1 20140516 IKOU
00000237 20130504 KihonCheckCheckList24 0 1 20140516 IKOU
00000238 20130509 KihonCheckCheckList01 0 1 20140516 IKOU
00000238 20130509 KihonCheckCheckList02 0 1 20140516 IKOU
00000238 20130509 KihonCheckCheckList03 0 1 20140516 IKOU
00000238 20130509 KihonCheckCheckList04 0 1 20140516 IKOU
00000238 20130509 KihonCheckCheckList05 0 1 20140516 IKOU
00000238 20130509 KihonCheckCheckList06 2 1 20140516 IKOU
00000238 20130509 KihonCheckCheckList07 2 1 20140516 IKOU
00000238 20130509 KihonCheckCheckList08 0 1 20140516 IKOU
00000238 20130509 KihonCheckCheckList09 0 1 20140516 IKOU
00000238 20130509 KihonCheckCheckList10 2 1 20140516 IKOU
00000238 20130509 KihonCheckCheckList11 0 1 20140516 IKOU
00000238 20130509 KihonCheckCheckList12 0 1 20140516 IKOU
00000238 20130509 KihonCheckCheckList13 0 1 20140516 IKOU
00000238 20130509 KihonCheckCheckList14 0 1 20140516 IKOU
00000238 20130509 KihonCheckCheckList15 0 1 20140516 IKOU
00000238 20130509 KihonCheckCheckList16 0 1 20140516 IKOU
00000238 20130509 KihonCheckCheckList17 0 1 20140516 IKOU
00000238 20130509 KihonCheckCheckList18 0 1 20140516 IKOU
00000238 20130509 KihonCheckCheckList19 0 1 20140516 IKOU
00000238 20130509 KihonCheckCheckList20 0 1 20140516 IKOU
00000238 20130509 KihonCheckCheckList21 0 1 20140516 IKOU
00000238 20130509 KihonCheckCheckList22 0 1 20140516 IKOU
00000238 20130509 KihonCheckCheckList23 0 1 20140516 IKOU
00000238 20130509 KihonCheckCheckList24 0 1 20140516 IKOU
00000238 20130509 KihonCheckCheckList01 0 1 20140516 IKOU
00000238 20130509 KihonCheckCheckList02 0 1 20140516 IKOU
00000238 20130509 KihonCheckCheckList03 0 1 20140516 IKOU
00000238 20130509 KihonCheckCheckList04 0 1 20140516 IKOU
00000238 20130509 KihonCheckCheckList05 0 1 20140516 IKOU
00000238 20130509 KihonCheckCheckList06 2 1 20140516 IKOU
00000238 20130509 KihonCheckCheckList07 2 1 20140516 IKOU
00000238 20130509 KihonCheckCheckList08 0 1 20140516 IKOU
00000238 20130509 KihonCheckCheckList09 0 1 20140516 IKOU
00000238 20130509 KihonCheckCheckList10 2 1 20140516 IKOU
00000238 20130509 KihonCheckCheckList11 0 1 20140516 IKOU
00000238 20130509 KihonCheckCheckList12 0 1 20140516 IKOU
00000238 20130509 KihonCheckCheckList13 0 1 20140516 IKOU
00000238 20130509 KihonCheckCheckList14 0 1 20140516 IKOU
00000238 20130509 KihonCheckCheckList15 0 1 20140516 IKOU
00000238 20130509 KihonCheckCheckList16 0 1 20140516 IKOU
00000238 20130509 KihonCheckCheckList17 6 1 20140516 IKOU
00000238 20130509 KihonCheckCheckList18 0 1 20140516 IKOU
00000238 20130509 KihonCheckCheckList19 0 1 20140516 IKOU
00000238 20130509 KihonCheckCheckList20 0 1 20140516 IKOU
00000238 20130509 KihonCheckCheckList21 0 1 20140516 IKOU
00000238 20130509 KihonCheckCheckList22 0 1 20140516 IKOU
00000238 20130509 KihonCheckCheckList23 7 1 20140516 IKOU
00000238 20130509 KihonCheckCheckList24 0 1 20140516 IKOU
00000239 20130513 KihonCheckCheckList01 0 1 20140516 IKOU
00000239 20130513 KihonCheckCheckList02 0 1 20140516 IKOU
00000239 20130513 KihonCheckCheckList03 0 1 20140516 IKOU
00000239 20130513 KihonCheckCheckList04 0 1 20140516 IKOU
00000239 20130513 KihonCheckCheckList05 0 1 20140516 IKOU
00000239 20130513 KihonCheckCheckList06 2 1 20140516 IKOU
00000239 20130513 KihonCheckCheckList07 2 1 20140516 IKOU
00000239 20130513 KihonCheckCheckList08 0 1 20140516 IKOU
00000239 20130513 KihonCheckCheckList09 0 1 20140516 IKOU
00000239 20130513 KihonCheckCheckList10 2 1 20140516 IKOU
00000239 20130513 KihonCheckCheckList11 0 1 20140516 IKOU
00000239 20130513 KihonCheckCheckList12 0 1 20140516 IKOU
00000239 20130513 KihonCheckCheckList13 0 1 20140516 IKOU
00000239 20130513 KihonCheckCheckList14 0 1 20140516 IKOU
00000239 20130513 KihonCheckCheckList15 0 1 20140516 IKOU
00000239 20130513 KihonCheckCheckList16 0 1 20140516 IKOU
00000239 20130513 KihonCheckCheckList17 0 1 20140516 IKOU
00000239 20130513 KihonCheckCheckList18 0 1 20140516 IKOU
00000239 20130513 KihonCheckCheckList19 0 1 20140516 IKOU
00000239 20130513 KihonCheckCheckList20 0 1 20140516 IKOU
00000239 20130513 KihonCheckCheckList21 0 1 20140516 IKOU
00000239 20130513 KihonCheckCheckList22 0 1 20140516 IKOU
00000239 20130513 KihonCheckCheckList23 0 1 20140516 IKOU
00000239 20130513 KihonCheckCheckList24 0 1 20140516 IKOU
00000241 20130802 KihonCheckCheckList01 0 1 20140516 IKOU
00000241 20130802 KihonCheckCheckList02 0 1 20140516 IKOU
00000241 20130802 KihonCheckCheckList03 0 1 20140516 IKOU
00000241 20130802 KihonCheckCheckList04 1 1 20140516 IKOU
00000241 20130802 KihonCheckCheckList05 0 1 20140516 IKOU
00000241 20130802 KihonCheckCheckList06 2 1 20140516 IKOU
00000241 20130802 KihonCheckCheckList07 2 1 20140516 IKOU
00000241 20130802 KihonCheckCheckList08 0 1 20140516 IKOU
00000241 20130802 KihonCheckCheckList09 2 1 20140516 IKOU
00000241 20130802 KihonCheckCheckList10 2 1 20140516 IKOU
00000241 20130802 KihonCheckCheckList11 3 1 20140516 IKOU
00000241 20130802 KihonCheckCheckList12 4 1 20140516 IKOU
00000241 20130802 KihonCheckCheckList13 0 1 20140516 IKOU
00000241 20130802 KihonCheckCheckList14 0 1 20140516 IKOU
00000241 20130802 KihonCheckCheckList15 0 1 20140516 IKOU
00000241 20130802 KihonCheckCheckList16 5 1 20140516 IKOU
00000241 20130802 KihonCheckCheckList17 0 1 20140516 IKOU
00000241 20130802 KihonCheckCheckList18 0 1 20140516 IKOU
00000241 20130802 KihonCheckCheckList19 0 1 20140516 IKOU
00000241 20130802 KihonCheckCheckList20 0 1 20140516 IKOU
00000241 20130802 KihonCheckCheckList21 0 1 20140516 IKOU
00000241 20130802 KihonCheckCheckList22 7 1 20140516 IKOU
00000241 20130802 KihonCheckCheckList23 0 1 20140516 IKOU
00000241 20130802 KihonCheckCheckList24 7 1 20140516 IKOU
00000241 20131116 KihonCheckCheckList01 0 1 20140516 IKOU
00000241 20131116 KihonCheckCheckList02 0 1 20140516 IKOU
00000241 20131116 KihonCheckCheckList03 0 1 20140516 IKOU
00000241 20131116 KihonCheckCheckList04 1 1 20140516 IKOU
00000241 20131116 KihonCheckCheckList05 0 1 20140516 IKOU
00000241 20131116 KihonCheckCheckList06 2 1 20140516 IKOU
00000241 20131116 KihonCheckCheckList07 2 1 20140516 IKOU
00000241 20131116 KihonCheckCheckList08 0 1 20140516 IKOU
00000241 20131116 KihonCheckCheckList09 2 1 20140516 IKOU
00000241 20131116 KihonCheckCheckList10 2 1 20140516 IKOU
00000241 20131116 KihonCheckCheckList11 3 1 20140516 IKOU
00000241 20131116 KihonCheckCheckList12 4 1 20140516 IKOU
00000241 20131116 KihonCheckCheckList13 0 1 20140516 IKOU
00000241 20131116 KihonCheckCheckList14 0 1 20140516 IKOU
00000241 20131116 KihonCheckCheckList15 0 1 20140516 IKOU
00000241 20131116 KihonCheckCheckList16 5 1 20140516 IKOU
00000241 20131116 KihonCheckCheckList17 0 1 20140516 IKOU
00000241 20131116 KihonCheckCheckList18 0 1 20140516 IKOU
00000241 20131116 KihonCheckCheckList19 0 1 20140516 IKOU
00000241 20131116 KihonCheckCheckList20 0 1 20140516 IKOU
00000241 20131116 KihonCheckCheckList21 0 1 20140516 IKOU
00000241 20131116 KihonCheckCheckList22 7 1 20140516 IKOU
00000241 20131116 KihonCheckCheckList23 0 1 20140516 IKOU
00000241 20131116 KihonCheckCheckList24 7 1 20140516 IKOU
00000241 20131116 KihonCheckCheckList01 0 1 20140516 IKOU
00000241 20131116 KihonCheckCheckList02 0 1 20140516 IKOU
00000241 20131116 KihonCheckCheckList03 0 1 20140516 IKOU
00000241 20131116 KihonCheckCheckList04 1 1 20140516 IKOU
00000241 20131116 KihonCheckCheckList05 0 1 20140516 IKOU
00000241 20131116 KihonCheckCheckList06 2 1 20140516 IKOU
00000241 20131116 KihonCheckCheckList07 2 1 20140516 IKOU
00000241 20131116 KihonCheckCheckList08 0 1 20140516 IKOU
00000241 20131116 KihonCheckCheckList09 2 1 20140516 IKOU
00000241 20131116 KihonCheckCheckList10 2 1 20140516 IKOU
00000241 20131116 KihonCheckCheckList11 3 1 20140516 IKOU
00000241 20131116 KihonCheckCheckList12 4 1 20140516 IKOU
00000241 20131116 KihonCheckCheckList13 0 1 20140516 IKOU
00000241 20131116 KihonCheckCheckList14 0 1 20140516 IKOU
00000241 20131116 KihonCheckCheckList15 0 1 20140516 IKOU
00000241 20131116 KihonCheckCheckList16 5 1 20140516 IKOU
00000241 20131116 KihonCheckCheckList17 0 1 20140516 IKOU
00000241 20131116 KihonCheckCheckList18 0 1 20140516 IKOU
00000241 20131116 KihonCheckCheckList19 0 1 20140516 IKOU
00000241 20131116 KihonCheckCheckList20 0 1 20140516 IKOU
00000241 20131116 KihonCheckCheckList21 0 1 20140516 IKOU
00000241 20131116 KihonCheckCheckList22 7 1 20140516 IKOU
00000241 20131116 KihonCheckCheckList23 0 1 20140516 IKOU
00000241 20131116 KihonCheckCheckList24 7 1 20140516 IKOU
00000246 20131126 KihonCheckCheckList01 0 1 20140516 IKOU
00000246 20131126 KihonCheckCheckList02 0 1 20140516 IKOU
00000246 20131126 KihonCheckCheckList03 0 1 20140516 IKOU
00000246 20131126 KihonCheckCheckList04 0 1 20140516 IKOU
00000246 20131126 KihonCheckCheckList05 0 1 20140516 IKOU
00000246 20131126 KihonCheckCheckList06 2 1 20140516 IKOU
00000246 20131126 KihonCheckCheckList07 2 1 20140516 IKOU
00000246 20131126 KihonCheckCheckList08 0 1 20140516 IKOU
00000246 20131126 KihonCheckCheckList09 0 1 20140516 IKOU
00000246 20131126 KihonCheckCheckList10 2 1 20140516 IKOU
00000246 20131126 KihonCheckCheckList11 0 1 20140516 IKOU
00000246 20131126 KihonCheckCheckList12 0 1 20140516 IKOU
00000246 20131126 KihonCheckCheckList13 0 1 20140516 IKOU
00000246 20131126 KihonCheckCheckList14 0 1 20140516 IKOU
00000246 20131126 KihonCheckCheckList15 0 1 20140516 IKOU
00000246 20131126 KihonCheckCheckList16 5 1 20140516 IKOU
00000246 20131126 KihonCheckCheckList17 0 1 20140516 IKOU
00000246 20131126 KihonCheckCheckList18 0 1 20140516 IKOU
00000246 20131126 KihonCheckCheckList19 0 1 20140516 IKOU
00000246 20131126 KihonCheckCheckList20 0 1 20140516 IKOU
00000246 20131126 KihonCheckCheckList21 0 1 20140516 IKOU
00000246 20131126 KihonCheckCheckList22 0 1 20140516 IKOU
00000246 20131126 KihonCheckCheckList23 0 1 20140516 IKOU
00000246 20131126 KihonCheckCheckList24 0 1 20140516 IKOU
00000251 20140307 KihonCheckCheckList01 0 1 20140516 IKOU
00000251 20140307 KihonCheckCheckList02 0 1 20140516 IKOU
00000251 20140307 KihonCheckCheckList03 0 1 20140516 IKOU
00000251 20140307 KihonCheckCheckList04 0 1 20140516 IKOU
00000251 20140307 KihonCheckCheckList05 0 1 20140516 IKOU
00000251 20140307 KihonCheckCheckList06 0 1 20140516 IKOU
00000251 20140307 KihonCheckCheckList07 0 1 20140516 IKOU
00000251 20140307 KihonCheckCheckList08 0 1 20140516 IKOU
00000251 20140307 KihonCheckCheckList09 0 1 20140516 IKOU
00000251 20140307 KihonCheckCheckList10 0 1 20140516 IKOU
00000251 20140307 KihonCheckCheckList11 0 1 20140516 IKOU
00000251 20140307 KihonCheckCheckList12 0 1 20140516 IKOU
00000251 20140307 KihonCheckCheckList13 0 1 20140516 IKOU
00000251 20140307 KihonCheckCheckList14 0 1 20140516 IKOU
00000251 20140307 KihonCheckCheckList15 0 1 20140516 IKOU
00000251 20140307 KihonCheckCheckList16 0 1 20140516 IKOU
00000251 20140307 KihonCheckCheckList17 0 1 20140516 IKOU
00000251 20140307 KihonCheckCheckList18 0 1 20140516 IKOU
00000251 20140307 KihonCheckCheckList19 0 1 20140516 IKOU
00000251 20140307 KihonCheckCheckList20 0 1 20140516 IKOU
00000251 20140307 KihonCheckCheckList21 0 1 20140516 IKOU
00000251 20140307 KihonCheckCheckList22 0 1 20140516 IKOU
00000251 20140307 KihonCheckCheckList23 0 1 20140516 IKOU
00000251 20140307 KihonCheckCheckList24 0 1 20140516 IKOU
