000000732013081 00000073 2013 08 05 61 1111 14:45 15:30 0073 1 1220 0 _ _ 1 1 20140725110337 24
000000732013081 00000073 2013 08 12 61 1111 14:45 15:30 0073 1 1220 0 _ _ 1 1 20140725110337 24
000000732013081 00000073 2013 08 19 61 1111 14:45 15:30 0073 1 1220 0 _ _ 1 1 20140725110337 24
000000732013081 00000073 2013 08 26 61 1111 14:45 15:30 0073 1 1220 0 _ _ 1 1 20140725110337 24
000000732013082 00000073 2013 08 05 61 4001 14:45 15:30 0073 1 200 0 _ _ 1 1 20140725110337 24
000000732013083 00000073 2013 08 01 67 1007 _ _ 0103 1 200 0 _ _ 1 1 20140725110337 24
000000732013091 00000073 2013 09 02 61 1111 14:45 15:30 0073 1 1220 0 _ _ 1 1 20140627115953 24
000000732013091 00000073 2013 09 09 61 1111 14:45 15:30 0073 1 1220 0 _ _ 1 1 20140627115953 24
000000732013091 00000073 2013 09 16 61 1111 14:45 15:30 0073 1 1220 0 _ _ 1 1 20140627115953 24
000000732013091 00000073 2013 09 23 61 1111 14:45 15:30 0073 1 1220 0 _ _ 1 1 20140627115953 24
000000732013091 00000073 2013 09 30 61 1111 14:45 15:30 0073 1 1220 0 _ _ 1 1 20140627115953 24
000000732013092 00000073 2013 09 01 67 1007 _ _ 0103 1 200 0 _ _ 1 1 20140627115953 24
000000732013101 00000073 2013 10 07 61 1111 14:45 15:30 0073 1 1220 0 _ _ 1 1 20140627120227 24
000000732013101 00000073 2013 10 14 61 1111 14:45 15:30 0073 1 1220 0 _ _ 1 1 20140627120227 24
000000732013101 00000073 2013 10 21 61 1111 14:45 15:30 0073 1 1220 0 _ _ 1 1 20140627120227 24
000000732013101 00000073 2013 10 28 61 1111 14:45 15:30 0073 1 1220 0 _ _ 1 1 20140627120227 24
000000732013102 00000073 2013 10 01 67 1007 _ _ 0103 1 200 0 _ _ 1 1 20140627120227 24
000000732013111 00000073 2013 11 04 61 1111 14:45 15:30 0073 1 1220 0 _ _ 1 1 20140627120503 24
000000732013111 00000073 2013 11 11 61 1111 14:45 15:30 0073 1 1220 0 _ _ 1 1 20140627120503 24
000000732013111 00000073 2013 11 18 61 1111 14:45 15:30 0073 1 1220 0 _ _ 1 1 20140627120503 24
000000732013111 00000073 2013 11 25 61 1111 14:45 15:30 0073 1 1220 0 _ _ 1 1 20140627120503 24
000000732013112 00000073 2013 11 01 67 1007 _ _ 0103 1 200 0 _ _ 1 1 20140627120503 24
000000732013121 00000073 2013 12 02 61 1111 14:45 15:30 0073 1 1220 0 _ _ 1 1 20140627120742 24
000000732013121 00000073 2013 12 09 61 1111 14:45 15:30 0073 1 1220 0 _ _ 1 1 20140627120742 24
000000732013121 00000073 2013 12 16 61 1111 14:45 15:30 0073 1 1220 0 _ _ 1 1 20140627120742 24
000000732013121 00000073 2013 12 23 61 1111 14:45 15:30 0073 1 1220 0 _ _ 1 1 20140627120742 24
000000732013122 00000073 2013 12 01 67 1007 _ _ 0103 1 200 0 _ _ 1 1 20140627120742 24
000000732014011 00000073 2014 01 13 61 1111 14:45 15:30 0073 1 1220 0 _ _ 1 1 20140613141559 24
000000732014011 00000073 2014 01 20 61 1111 14:45 15:30 0073 1 1220 0 _ _ 1 1 20140613141559 24
000000732014012 00000073 2014 01 06 61 1111 14:50 15:35 0073 1 1220 0 _ _ 1 1 20140613141559 24
000000732014013 00000073 2014 01 28 61 1111 14:45 15:30 0073 1 1220 0 _ _ 1 1 20140613141559 24
000000732014014 00000073 2014 01 01 67 1007 _ _ 0103 1 200 0 _ _ 1 1 20140613141559 24
000000732014021 00000073 2014 02 03 61 1111 14:45 15:30 0073 1 1220 0 _ _ 1 1 20140613141614 24
000000732014021 00000073 2014 02 10 61 1111 14:45 15:30 0073 1 1220 0 _ _ 1 1 20140613141614 24
000000732014021 00000073 2014 02 17 61 1111 14:45 15:30 0073 1 1220 0 _ _ 1 1 20140613141614 24
000000732014021 00000073 2014 02 24 61 1111 14:45 15:30 0073 1 1220 0 _ _ 1 1 20140613141614 24
000000732014022 00000073 2014 02 01 67 1007 _ _ 0103 1 200 0 _ _ 1 1 20140613141614 24
000000732014031 00000073 2014 03 03 61 1111 14:45 15:30 0073 1 1220 0 _ _ 1 1 20140613141629 24
000000732014031 00000073 2014 03 10 61 1111 14:45 15:30 0073 1 1220 0 _ _ 1 1 20140613141629 24
000000732014031 00000073 2014 03 17 61 1111 14:45 15:30 0073 1 1220 0 _ _ 1 1 20140613141629 24
000000732014031 00000073 2014 03 24 61 1111 14:45 15:30 0073 1 1220 0 _ _ 1 1 20140613141629 24
000000732014031 00000073 2014 03 31 61 1111 14:45 15:30 0073 1 1220 0 _ _ 1 1 20140613141629 24
000000732014032 00000073 2014 03 01 67 1007 _ _ 0103 1 200 0 _ _ 1 1 20140613141629 24
000000732014041 00000073 2014 04 07 61 1111 14:45 15:30 0073 1 1226 0 _ _ 1 1 20140613142057 24
000000732014041 00000073 2014 04 14 61 1111 14:45 15:30 0073 1 1226 0 _ _ 1 1 20140613142057 24
000000732014041 00000073 2014 04 28 61 1111 14:45 15:30 0073 1 1226 0 _ _ 1 1 20140613142057 24
000000732014042 00000073 2014 04 01 67 1007 _ _ 0103 1 200 0 _ _ 1 1 20140613142057 24
000000732014051 00000073 2014 05 05 61 1111 14:45 15:30 0073 1 1226 0 _ _ 1 1 20140815185228 24
000000732014051 00000073 2014 05 12 61 1111 14:45 15:30 0073 1 1226 0 _ _ 1 1 20140815185228 24
000000732014051 00000073 2014 05 19 61 1111 14:45 15:30 0073 1 1226 0 _ _ 1 1 20140815185228 24
000000732014051 00000073 2014 05 26 61 1111 14:45 15:30 0073 1 1226 0 _ _ 1 1 20140815185228 24
000000732014052 00000073 2014 05 01 67 1007 _ _ 0103 1 200 0 _ _ 1 1 20140815185228 24
