00000107 2013 11 04 09:00 10:00 11 7311 0070 10.84 1 235 1 20140630190406 00034
00000107 2013 11 11 09:00 10:00 11 7311 0070 10.84 1 235 1 20140630190406 00034
00000107 2013 11 18 09:00 10:00 11 7311 0070 10.84 1 235 1 20140630190406 00034
00000107 2013 11 25 09:00 10:00 11 7311 0070 10.84 1 235 1 20140630190406 00034
00000107 2013 12 06 16:00 17:45 11 5211 0070 10.84 1 542 1 20140630191159 00034
00000107 2013 12 13 16:00 17:45 11 5211 0070 10.84 1 542 1 20140630191159 00034
00000107 2013 12 20 16:00 17:45 11 5211 0070 10.84 1 542 1 20140630191159 00034
00000107 2013 12 27 16:00 17:45 11 5211 0070 10.84 1 542 1 20140630191159 00034
00000107 2014 01 03 16:00 17:45 11 5211 0070 10.84 1 542 1 20140616173014 00034
00000107 2014 01 11 16:00 17:45 11 5211 0070 10.84 1 542 1 20140616173014 00034
00000107 2014 01 17 16:00 17:45 11 5211 0070 10.84 1 542 1 20140616173014 00034
00000107 2014 01 24 16:00 17:45 11 5211 0070 10.84 1 542 1 20140616173014 00034
00000107 2014 01 31 16:00 17:45 11 5211 0070 10.84 1 542 1 20140616173014 00034
00000107 2014 02 07 16:00 17:45 11 5211 0070 10.84 1 542 1 20140616175419 00034
00000107 2014 02 21 16:00 17:00 11 7311 0070 10.84 1 235 1 20140616175419 00034
00000107 2014 02 28 16:00 17:45 11 5211 0070 10.84 1 542 1 20140616175419 00034
00000107 2014 03 07 16:00 17:45 11 5211 0070 10.84 1 542 1 20140616181436 00034
00000107 2014 03 14 16:00 17:45 11 5211 0070 10.84 1 542 1 20140616181436 00034
00000107 2014 03 21 16:00 17:45 11 5211 0070 10.84 1 542 1 20140616181436 00034
00000107 2014 03 28 16:00 17:45 11 5211 0070 10.84 1 542 1 20140616181436 00034
00000107 2014 04 04 16:00 17:45 11 5211 0070 10.84 1 544 1 20140616182613 00034
00000107 2014 04 18 16:00 17:40 11 5211 0070 10.84 1 544 1 20140616182613 00034
00000107 2014 05 22 14:00 14:45 11 1211 0070 10.84 1 404 1 20140626182655 00078
00000107 2014 05 26 14:00 15:05 11 5111 0070 10.84 1 474 1 20140626182655 00078
00000107 2014 05 29 14:00 14:45 11 1211 0070 10.84 1 404 1 20140626182655 00078
00000107 2014 06 02 14:00 15:05 11 5111 0070 10.84 0 474 1 20140701102738 00078
00000107 2014 06 05 14:00 14:45 11 1211 0070 10.84 1 404 1 20140701102738 00078
00000107 2014 06 09 14:00 15:05 11 5111 0070 10.84 1 474 1 20140701102738 00078
00000107 2014 06 12 14:00 14:45 11 1211 0070 10.84 1 404 1 20140701102738 00078
00000107 2014 06 16 14:00 15:05 11 5111 0070 10.84 1 474 1 20140701102738 00078
00000107 2014 06 19 14:00 14:45 11 1211 0070 10.84 1 404 1 20140701102738 00078
00000107 2014 06 23 14:00 15:05 11 5111 0070 10.84 1 474 1 20140701102738 00078
00000107 2014 06 26 14:00 14:45 11 1211 0070 10.84 1 404 1 20140701102738 00078
00000107 2014 06 30 14:00 15:05 11 5111 0070 10.84 1 474 1 20140701102738 00078
00000107 2014 07 03 14:00 14:45 11 1211 0070 10.84 1 404 1 20140801115550 00034
00000107 2014 07 07 14:00 15:05 11 5111 0070 10.84 1 474 1 20140801115550 00034
00000107 2014 07 10 14:00 14:45 11 1211 0070 10.84 1 404 1 20140801115550 00034
00000107 2014 07 14 13:15 14:20 11 5111 0070 10.84 1 474 1 20140801115550 00034
00000107 2014 07 17 14:00 14:45 11 1211 0070 10.84 1 404 1 20140801115550 00034
00000107 2014 07 21 14:00 15:05 11 5111 0070 10.84 1 474 1 20140801115550 00034
00000107 2014 07 24 13:15 14:00 11 1211 0070 10.84 1 404 1 20140801115550 00034
00000107 2014 07 28 14:00 15:05 11 5111 0070 10.84 1 474 1 20140801115550 00034
00000107 2014 07 31 14:00 14:45 11 1211 0070 10.84 1 404 1 20140801115550 00034
00000107 2014 08 04 14:00 15:05 11 5111 0070 10.84 1 474 1 20140831175106 00014
00000107 2014 08 07 14:00 14:45 11 1211 0070 10.84 1 404 1 20140831175106 00014
00000107 2014 08 11 14:00 15:05 11 5111 0070 10.84 1 474 1 20140831175106 00014
00000107 2014 08 14 14:00 14:45 11 1211 0070 10.84 1 404 1 20140831175106 00014
00000107 2014 08 18 14:00 15:05 11 5111 0070 10.84 1 474 1 20140831175106 00014
00000107 2014 08 21 14:00 14:45 11 1211 0070 10.84 1 404 1 20140831175106 00014
00000107 2014 08 25 14:00 15:05 11 5111 0070 10.84 1 474 1 20140831175106 00014
00000107 2014 08 28 14:00 14:45 11 1211 0070 10.84 1 404 1 20140831175106 00014
00000107 2014 09 01 14:00 15:05 11 5111 0070 10.84 1 474 1 20140930212718 00014
00000107 2014 09 04 14:00 14:45 11 1211 0070 10.84 1 404 1 20140930212718 00014
00000107 2014 09 08 10:45 11:50 11 5111 0070 10.84 1 474 1 20140930212718 00014
00000107 2014 09 11 14:00 14:45 11 1211 0070 10.84 1 404 1 20140930212718 00014
00000107 2014 09 15 14:00 15:05 11 5111 0070 10.84 1 474 1 20140930212718 00014
00000107 2014 09 18 14:00 14:45 11 1211 0070 10.84 1 404 1 20140930212718 00014
00000107 2014 09 22 14:00 15:05 11 5111 0070 10.84 1 474 1 20140930212718 00014
00000107 2014 09 25 14:00 14:45 11 1211 0070 10.84 1 404 1 20140930212718 00014
00000107 2014 09 29 14:00 15:05 11 5111 0070 10.84 1 474 1 20140930212718 00014
00000107 2014 10 02 14:00 14:45 11 1211 0070 10.84 1 404 1 20141101111705 00034
00000107 2014 10 06 14:00 15:05 11 5111 0070 10.84 1 474 1 20141101111705 00034
00000107 2014 10 09 14:00 14:45 11 1211 0070 10.84 1 404 1 20141101111705 00034
00000107 2014 10 13 14:00 15:05 11 5111 0070 10.84 1 474 1 20141101111705 00034
00000107 2014 10 16 14:00 14:45 11 1211 0070 10.84 1 404 1 20141101111705 00034
00000107 2014 10 20 14:00 15:05 11 5111 0070 10.84 1 474 1 20141101111705 00034
00000107 2014 10 23 14:00 14:45 11 1211 0070 10.84 1 404 1 20141101111705 00034
00000107 2014 10 27 14:00 14:45 11 1211 0070 10.84 1 404 1 20141101111705 00034
00000107 2014 10 30 14:00 14:45 11 1211 0070 10.84 1 404 1 20141101111705 00034
00000107 2014 11 03 14:00 15:05 11 5111 0070 10.84 1 474 1 20141130202051 00034
00000107 2014 11 06 14:00 14:45 11 1211 0070 10.84 1 404 1 20141130202051 00034
00000107 2014 11 10 14:00 15:05 11 5111 0070 10.84 1 474 1 20141130202051 00034
00000107 2014 11 13 14:00 14:45 11 1211 0070 10.84 1 404 1 20141130202051 00034
00000107 2014 11 17 14:00 15:05 11 5111 0070 10.84 1 474 1 20141130202051 00034
00000107 2014 11 20 15:30 16:15 11 1211 0070 10.84 1 404 1 20141130202051 00034
00000107 2014 11 24 14:00 15:05 11 5111 0070 10.84 1 474 1 20141130202051 00034
00000107 2014 11 27 14:00 14:45 11 1211 0070 10.84 1 404 1 20141130202051 00034
