00000107 0070 2013 11 0000019 04 00035 _ 09:00 10:00 _ _ 0 7311 1 11 1 20140630190406 00034
00000107 0070 2013 11 0000020 11 00037 _ 09:00 10:00 _ _ 0 7311 1 11 1 20140630190406 00034
00000107 0070 2013 11 0000021 18 00035 _ 09:00 10:00 _ _ 0 7311 1 11 1 20140630190406 00034
00000107 0070 2013 11 0000022 25 00035 _ 09:00 10:00 _ _ 0 7311 1 11 1 20140630190406 00034
00000107 0070 2013 12 0000023 06 00034 _ 16:00 17:45 _ _ 0 5211 1 11 1 20140630191159 00034
00000107 0070 2013 12 0000024 13 00037 _ 16:00 17:45 _ _ 0 5211 1 11 1 20140630191159 00034
00000107 0070 2013 12 0000025 20 00037 _ 16:00 17:45 _ _ 0 5211 1 11 1 20140630191159 00034
00000107 0070 2013 12 0000026 27 00014 _ 16:00 17:45 _ _ 0 5211 1 11 1 20140630191159 00034
00000107 0070 2014 01 0000002 03 00038 _ 16:00 17:45 _ _ 0 5211 1 11 1 20140616173014 00034
00000107 0070 2014 01 0000003 11 00037 _ 16:00 17:45 _ _ 0 5211 1 11 1 20140616173014 00034
00000107 0070 2014 01 0000004 17 00014 _ 16:00 17:45 _ _ 0 5211 1 11 1 20140616173014 00034
00000107 0070 2014 01 0000005 24 00038 _ 16:00 17:45 _ _ 0 5211 1 11 1 20140616173014 00034
00000107 0070 2014 01 0000006 31 00038 _ 16:00 17:45 _ _ 0 5211 1 11 1 20140616173014 00034
00000107 0070 2014 02 0000007 07 00037 _ 16:00 17:45 _ _ 0 5211 1 11 1 20140616175419 00034
00000107 0070 2014 02 0000008 21 00035 _ 16:00 17:00 _ _ 0 7311 1 11 1 20140616175419 00034
00000107 0070 2014 02 0000009 28 00014 _ 16:00 17:45 _ _ 0 5211 1 11 1 20140616175419 00034
00000107 0070 2014 03 0000010 07 00038 _ 16:00 17:45 _ _ 0 5211 1 11 1 20140616181436 00034
00000107 0070 2014 03 0000011 14 00038 _ 16:00 17:45 _ _ 0 5211 1 11 1 20140616181436 00034
00000107 0070 2014 03 0000012 21 00038 _ 16:00 17:45 _ _ 0 5211 1 11 1 20140616181436 00034
00000107 0070 2014 03 0000013 28 00035 _ 16:00 17:45 _ _ 0 5211 1 11 1 20140616181436 00034
00000107 0070 2014 04 0000014 04 00038 _ 16:00 17:45 _ _ 0 5211 1 11 1 20140616182613 00034
00000107 0070 2014 04 0000015 18 00035 _ 16:00 17:40 _ _ 0 5211 1 11 1 20140616182613 00034
00000107 0070 2014 05 0000016 22 00034 _ 14:00 14:45 _ _ 0 1211 1 11 1 20140626182655 00078
00000107 0070 2014 05 0000017 26 00034 _ 14:00 15:05 _ _ 0 5111 1 11 1 20140626182655 00078
00000107 0070 2014 05 0000018 29 00034 _ 14:00 14:45 _ _ 0 1211 1 11 1 20140626182655 00078
00000107 0070 2014 06 0000002 05 00083 _ 14:00 14:45 1 _ 0 1211 1 11 1 20140701102738 00078
00000107 0070 2014 06 0000003 02 00016 00014 14:00 15:05 4 _ 0 5111 0 11 1 20140701102738 00078
00000107 0070 2014 06 0000004 09 00017 00011 14:00 15:05 4 _ 0 5111 1 11 1 20140701102738 00078
00000107 0070 2014 06 0000005 12 00082 _ 14:00 14:45 1 _ 0 1211 1 11 1 20140701102738 00078
00000107 0070 2014 06 0000006 16 00083 00019 14:00 15:05 4 _ 0 5111 1 11 1 20140701102738 00078
00000107 0070 2014 06 0000007 19 00092 _ 14:00 14:45 1 _ 0 1211 1 11 1 20140701102738 00078
00000107 0070 2014 06 0000008 23 00017 00082 14:00 15:05 4 _ 0 5111 1 11 1 20140701102738 00078
00000107 0070 2014 06 0000009 26 00092 _ 14:00 14:45 1 _ 0 1211 1 11 1 20140701102738 00078
00000107 0070 2014 06 0000010 30 00082 00083 14:00 15:05 4 _ 0 5111 1 11 1 20140701102738 00078
00000107 0070 2014 07 0000011 03 00017 _ 14:00 14:45 1 _ 0 1211 1 11 1 20140801115550 00034
00000107 0070 2014 07 0000012 07 00015 00019 14:00 15:05 4 _ 0 5111 1 11 1 20140801115550 00034
00000107 0070 2014 07 0000013 10 00093 _ 14:00 14:45 1 _ 0 1211 1 11 1 20140801115550 00034
00000107 0070 2014 07 0000014 14 00095 00093 13:15 14:20 4 _ 0 5111 1 11 1 20140801115550 00034
00000107 0070 2014 07 0000015 17 00019 _ 14:00 14:45 1 _ 0 1211 1 11 1 20140801115550 00034
00000107 0070 2014 07 0000016 21 00017 00092 14:00 15:05 4 _ 0 5111 1 11 1 20140801115550 00034
00000107 0070 2014 07 0000017 24 00095 _ 13:15 14:00 1 _ 0 1211 1 11 1 20140801115550 00034
00000107 0070 2014 07 0000018 28 00093 00096 14:00 15:05 4 _ 0 5111 1 11 1 20140801115550 00034
00000107 0070 2014 07 0000019 31 00017 _ 14:00 14:45 1 _ 0 1211 1 11 1 20140801115550 00034
00000107 0070 2014 08 0000020 04 00095 00019 14:00 15:05 4 _ 0 5111 1 11 1 20140831175106 00014
00000107 0070 2014 08 0000021 07 00092 _ 14:00 14:45 1 _ 0 1211 1 11 1 20140831175106 00014
00000107 0070 2014 08 0000022 11 _ _ _ _ 4 _ 0 _ 1 11 9 20140810155257 00014
00000107 0070 2014 08 0000023 14 _ _ _ _ 1 _ 0 _ 1 11 9 20140810155257 00014
00000107 0070 2014 08 0000024 18 _ _ _ _ 4 _ 0 _ 1 11 9 20140810155257 00014
00000107 0070 2014 08 0000025 21 _ _ _ _ 1 _ 0 _ 1 11 9 20140810155257 00014
00000107 0070 2014 08 0000026 25 _ _ _ _ 4 _ 0 _ 1 11 9 20140810155257 00014
00000107 0070 2014 08 0000027 28 _ _ _ _ 1 _ 0 _ 1 11 9 20140810155257 00014
00000107 0070 2014 08 0000028 11 00082 00095 14:00 15:05 4 _ 0 5111 1 11 1 20140831175106 00014
00000107 0070 2014 08 0000029 14 00095 _ 14:00 14:45 1 _ 0 1211 1 11 1 20140831175106 00014
00000107 0070 2014 08 0000030 18 00095 00096 14:00 15:05 4 _ 0 5111 1 11 1 20140831175106 00014
00000107 0070 2014 08 0000031 21 00083 _ 14:00 14:45 1 _ 0 1211 1 11 1 20140831175106 00014
00000107 0070 2014 08 0000032 25 00016 00096 14:00 15:05 4 _ 0 5111 1 11 1 20140831175106 00014
00000107 0070 2014 08 0000033 28 00016 _ _ _ _ _ 0 _ 1 11 9 20140829114926 00014
00000107 0070 2014 08 0000034 28 00016 _ 14:00 14:45 1 _ 0 1211 1 11 1 20140831175106 00014
00000107 0070 2014 09 0000035 01 00011 00092 14:00 15:05 4 _ 0 5111 1 11 1 20140930212718 00014
00000107 0070 2014 09 0000036 04 00083 _ 14:00 14:45 1 _ 0 1211 1 11 1 20140930212718 00014
00000107 0070 2014 09 0000037 08 00093 00011 10:45 11:50 4 _ 0 5111 1 11 1 20140930212718 00014
00000107 0070 2014 09 0000038 11 00092 _ 14:00 14:45 1 _ 0 1211 1 11 1 20140930212718 00014
00000107 0070 2014 09 0000039 15 00093 00095 14:00 15:05 4 _ 0 5111 1 11 1 20140930212718 00014
00000107 0070 2014 09 0000040 18 00016 _ 14:00 14:45 1 _ 0 1211 1 11 1 20140930212718 00014
00000107 0070 2014 09 0000041 22 00082 00096 14:00 15:05 4 _ 0 5111 1 11 1 20140930212718 00014
00000107 0070 2014 09 0000042 25 00093 _ 14:00 14:45 1 _ 0 1211 1 11 1 20140930212718 00014
00000107 0070 2014 09 0000043 29 00083 00011 14:00 15:05 4 _ 0 5111 1 11 1 20140930212718 00014
00000107 0070 2014 10 0000044 02 00096 _ 14:00 14:45 1 _ 0 1211 1 11 1 20141101111705 00034
00000107 0070 2014 10 0000045 06 00095 00014 14:00 15:05 4 _ 0 5111 1 11 1 20141101111705 00034
00000107 0070 2014 10 0000046 09 00019 _ 14:00 14:45 1 _ 0 1211 1 11 1 20141101111705 00034
00000107 0070 2014 10 0000047 13 00015 00092 14:00 15:05 4 _ 0 5111 1 11 1 20141101111705 00034
00000107 0070 2014 10 0000048 16 00092 _ 14:00 14:45 1 _ 0 1211 1 11 1 20141101111705 00034
00000107 0070 2014 10 0000049 20 00015 00093 14:00 15:05 4 _ 0 5111 1 11 1 20141101111705 00034
00000107 0070 2014 10 0000050 23 00011 _ 14:00 14:45 1 _ 0 1211 1 11 1 20141101111705 00034
00000107 0070 2014 10 0000051 27 00092 _ 14:00 14:45 1 _ 0 1211 1 11 1 20141101111705 00034
00000107 0070 2014 10 0000052 30 00016 _ 14:00 14:45 1 _ 0 1211 1 11 1 20141101111705 00034
00000107 0070 2014 11 0000053 03 00015 00095 14:00 15:05 4 _ 0 5111 1 11 1 20141130202051 00034
00000107 0070 2014 11 0000054 06 00017 _ 14:00 14:45 1 _ 0 1211 1 11 1 20141130202051 00034
00000107 0070 2014 11 0000055 10 00016 00095 14:00 15:05 4 _ 0 5111 1 11 1 20141130202051 00034
00000107 0070 2014 11 0000056 13 00093 _ 14:00 14:45 1 _ 0 1211 1 11 1 20141130202051 00034
00000107 0070 2014 11 0000057 17 00017 00015 14:00 15:05 4 _ 0 5111 1 11 1 20141130202051 00034
00000107 0070 2014 11 0000058 20 00017 _ 15:30 16:15 1 _ 0 1211 1 11 1 20141130202051 00034
00000107 0070 2014 11 0000059 24 00082 00011 14:00 15:05 4 _ 0 5111 1 11 1 20141130202051 00034
00000107 0070 2014 11 0000060 27 00083 _ 14:00 14:45 1 _ 0 1211 1 11 1 20141130202051 00034
00000107 0070 2014 12 0000061 01 00083 00011 14:00 15:05 4 _ 0 5111 1 11 1 20141209110940 00011
00000107 0070 2014 12 0000062 04 00019 _ 14:00 14:45 1 _ 0 1211 1 11 1 20141209110940 00011
00000107 0070 2014 12 0000063 08 00095 00092 14:00 15:05 4 _ 0 5111 1 11 1 20141209110940 00011
