00000233 0107 2013 10 0000035 24 00048 _ 14:30 15:30 _ _ 0 1111 1 61 1 20140704111759 00078
00000233 0107 2013 10 0000036 31 00048 _ 14:30 15:30 _ _ 0 1111 1 61 1 20140704111759 00078
00000233 0107 2013 11 0000033 07 00048 _ 14:30 15:30 _ _ 0 1111 1 61 1 20140704111748 00078
00000233 0107 2013 11 0000034 14 00048 _ 14:30 15:30 _ _ 0 1111 1 61 1 20140704111748 00078
00000233 0107 2013 12 0000031 19 00048 _ 14:30 15:30 _ _ 0 1111 1 61 1 20140704111738 00078
00000233 0107 2013 12 0000032 26 00048 _ 14:30 15:30 _ _ 0 1111 1 61 1 20140704111738 00078
00000233 0107 2014 01 0000023 09 00048 _ 14:30 15:30 _ _ 0 1111 1 61 1 20140617201717 00049
00000233 0107 2014 01 0000024 16 00048 _ 14:30 15:30 _ _ 0 1111 1 61 1 20140617201717 00049
00000233 0107 2014 01 0000025 23 00048 _ 14:30 15:30 _ _ 0 1111 1 61 1 20140617201717 00049
00000233 0107 2014 02 0000019 10 00048 _ 14:30 15:30 _ _ 0 1111 1 61 1 20140617201522 00049
00000233 0107 2014 02 0000020 17 00048 _ 14:30 15:30 _ _ 0 1111 1 61 1 20140617201522 00049
00000233 0107 2014 02 0000021 20 00048 _ 14:30 15:30 _ _ 0 1111 1 61 1 20140617201522 00049
00000233 0107 2014 02 0000022 27 00048 _ 14:30 15:30 _ _ 0 1111 1 61 1 20140617201522 00049
00000233 0107 2014 03 0000015 06 00048 _ 14:30 15:30 _ _ 0 1111 1 61 1 20140617201311 00049
00000233 0107 2014 03 0000016 13 00048 _ 14:30 15:30 _ _ 0 1111 1 61 1 20140617201311 00049
00000233 0107 2014 03 0000017 20 00048 _ 14:30 15:30 _ _ 0 1111 1 61 1 20140617201311 00049
00000233 0107 2014 03 0000018 27 00049 _ 14:30 15:30 _ _ 0 1111 1 61 1 20140617201311 00049
00000233 0107 2014 04 0000012 03 00048 _ 14:30 15:30 _ _ 0 1111 1 61 1 20140617201102 00049
00000233 0107 2014 04 0000013 10 00048 _ 14:30 15:30 _ _ 0 1111 1 61 1 20140617201102 00049
00000233 0107 2014 04 0000014 24 00048 _ 14:30 15:30 _ _ 0 1111 1 61 1 20140617201102 00049
00000233 0107 2014 05 0000026 01 00048 _ 14:30 15:30 _ _ 0 1111 1 61 1 20140819120728 00078
00000233 0107 2014 05 0000027 08 00048 _ 14:30 15:30 _ _ 0 1111 1 61 1 20140819120728 00078
00000233 0107 2014 05 0000028 15 00048 _ 14:30 15:30 _ _ 0 1111 1 61 1 20140819120728 00078
00000233 0107 2014 05 0000029 22 00048 _ 14:30 15:30 _ _ 0 1111 1 61 1 20140819120728 00078
00000233 0107 2014 05 0000030 29 00048 _ 14:30 15:30 _ _ 0 1111 1 61 1 20140819120728 00078
00000233 0107 2014 06 0000002 05 00048 _ 14:30 15:30 _ _ 0 1111 1 61 1 20140627171540 00049
00000233 0107 2014 06 0000003 12 00048 _ 14:30 15:30 _ _ 0 1111 1 61 1 20140627171540 00049
00000233 0107 2014 06 0000004 19 00048 _ 14:30 15:30 _ _ 0 1111 1 61 1 20140627171540 00049
00000233 0107 2014 06 0000005 26 00048 _ 14:30 14:30 _ _ 0 1111 1 61 1 20140627171540 00049
