00000175 0073 2014 05 0000003 13 00034 _ 10:15 11:14 2 _ 0 1111 1 61 1 20140801094420 00034
00000175 0073 2014 05 0000004 20 00037 _ 10:15 11:14 2 _ 0 1111 1 61 1 20140801094420 00034
00000175 0073 2014 05 0000005 27 00038 _ 10:15 11:14 2 _ 0 1111 1 61 1 20140801094420 00034
00000175 0073 2014 05 0000006 06 00035 _ 10:15 11:14 2 _ 0 1111 1 61 1 20140801094420 00034
00000175 0073 2014 06 0000002 03 _ _ 10:15 11:14 _ _ 0 _ 1 61 9 20140701100536 00038
00000175 0073 2014 06 0000003 10 00038 _ 10:15 11:14 2 _ 0 1111 1 61 1 20140801094454 00034
00000175 0073 2014 06 0000004 17 00037 _ 10:15 11:14 2 _ 0 1111 1 61 1 20140801094454 00034
00000175 0073 2014 06 0000005 24 00037 _ 10:15 11:14 2 _ 0 1111 1 61 1 20140801094454 00034
00000175 0073 2014 06 0000006 03 00034 _ 10:15 11:14 2 _ 0 1111 1 61 1 20140801094454 00034
00000175 0073 2014 07 0000007 01 00035 _ 10:15 11:14 2 _ 0 1111 1 61 1 20140731105122 00035
00000175 0073 2014 07 0000008 08 00035 _ 10:15 11:14 2 _ 0 1111 1 61 1 20140731105122 00035
00000175 0073 2014 07 0000009 08 _ _ 00:00 00:00 _ _ 0 _ 1 61 9 20140730204552 00037
00000175 0073 2014 07 0000010 22 00098 _ 10:15 11:14 2 _ 0 1111 1 61 1 20140731105122 00035
00000175 0073 2014 07 0000011 15 00098 _ 10:15 11:14 2 _ 0 1111 1 61 1 20140731105122 00035
00000175 0073 2014 07 0000012 29 00098 _ 10:15 11:14 2 _ 0 1111 1 61 1 20140731105122 00035
00000175 0073 2014 08 0000013 05 00098 _ 10:15 11:14 2 _ 0 1111 1 61 1 20140807095713 00034
00000175 0073 2014 08 0000014 05 00098 _ 10:15 11:14 2 _ 0 1111 1 61 1 20140813180216 00038
00000175 0073 2014 08 0000015 19 00034 _ 10:15 11:14 2 _ 0 1111 1 61 1 20140819154135 00037
