000000472014061 00000047 2014 06 02 11 7211 1 15:15 15:54 0070 1 191 0 _ _ 1 20140704100043 25
000000472014061 00000047 2014 06 09 11 7211 1 15:15 15:54 0070 1 191 0 _ _ 1 20140704100043 25
000000472014061 00000047 2014 06 16 11 7211 1 15:15 15:54 0070 1 191 0 _ _ 1 20140704100043 25
000000472014061 00000047 2014 06 23 11 7211 1 15:15 15:54 0070 1 191 0 _ _ 1 20140704100043 25
000000472014061 00000047 2014 06 30 11 7211 1 15:15 15:54 0070 1 191 0 _ _ 1 20140704100043 25
000000472014062 00000047 2014 06 04 15 2341 1 10:00 15:15 0051 1 606 0 _ _ 1 20140704100043 25
000000472014062 00000047 2014 06 06 15 2341 1 10:00 15:15 0051 1 606 0 _ _ 1 20140704100043 25
000000472014062 00000047 2014 06 13 15 2341 1 10:00 15:15 0051 1 606 0 _ _ 1 20140704100043 25
000000472014062 00000047 2014 06 18 15 2341 1 10:00 15:15 0051 1 606 0 _ _ 1 20140704100043 25
000000472014062 00000047 2014 06 20 15 2341 1 10:00 15:15 0051 1 606 0 _ _ 1 20140704100043 25
000000472014062 00000047 2014 06 25 15 2341 1 10:00 15:15 0051 1 606 0 _ _ 1 20140704100043 25
000000472014062 00000047 2014 06 27 15 2341 1 10:00 15:15 0051 1 606 0 _ _ 1 20140704100043 25
000000472014063 00000047 2014 06 04 15 6102 1 10:00 15:15 0051 1 6 0 _ _ 1 20140704100043 25
000000472014063 00000047 2014 06 06 15 6102 1 10:00 15:15 0051 1 6 0 _ _ 1 20140704100043 25
000000472014063 00000047 2014 06 13 15 6102 1 10:00 15:15 0051 1 6 0 _ _ 1 20140704100043 25
000000472014063 00000047 2014 06 18 15 6102 1 10:00 15:15 0051 1 6 0 _ _ 1 20140704100043 25
000000472014063 00000047 2014 06 20 15 6102 1 10:00 15:15 0051 1 6 0 _ _ 1 20140704100043 25
000000472014063 00000047 2014 06 25 15 6102 1 10:00 15:15 0051 1 6 0 _ _ 1 20140704100043 25
000000472014063 00000047 2014 06 27 15 6102 1 10:00 15:15 0051 1 6 0 _ _ 1 20140704100043 25
000000472014071 00000047 2014 07 02 15 2341 1 10:00 15:15 0051 1 606 0 _ _ 1 20140803190541 25
000000472014071 00000047 2014 07 09 15 2341 1 10:00 15:15 0051 1 606 0 _ _ 1 20140803190541 25
000000472014071 00000047 2014 07 11 15 2341 1 10:00 15:15 0051 1 606 0 _ _ 1 20140803190541 25
000000472014071 00000047 2014 07 16 15 2341 1 10:00 15:15 0051 1 606 0 _ _ 1 20140803190541 25
000000472014071 00000047 2014 07 18 15 2341 1 10:00 15:15 0051 1 606 0 _ _ 1 20140803190541 25
000000472014071 00000047 2014 07 23 15 2341 1 10:00 15:15 0051 1 606 0 _ _ 1 20140803190541 25
000000472014071 00000047 2014 07 25 15 2341 1 10:00 15:15 0051 1 606 0 _ _ 1 20140803190541 25
000000472014071 00000047 2014 07 30 15 2341 1 10:00 15:15 0051 1 606 0 _ _ 1 20140803190541 25
000000472014072 00000047 2014 07 02 15 6102 1 _ _ 0051 1 6 0 _ _ 1 20140803190541 25
000000472014072 00000047 2014 07 09 15 6102 1 _ _ 0051 1 6 0 _ _ 1 20140803190541 25
000000472014072 00000047 2014 07 11 15 6102 1 _ _ 0051 1 6 0 _ _ 1 20140803190541 25
000000472014072 00000047 2014 07 16 15 6102 1 _ _ 0051 1 6 0 _ _ 1 20140803190541 25
000000472014072 00000047 2014 07 18 15 6102 1 _ _ 0051 1 6 0 _ _ 1 20140803190541 25
000000472014072 00000047 2014 07 23 15 6102 1 _ _ 0051 1 6 0 _ _ 1 20140803190541 25
000000472014072 00000047 2014 07 25 15 6102 1 _ _ 0051 1 6 0 _ _ 1 20140803190541 25
000000472014072 00000047 2014 07 30 15 6102 1 _ _ 0051 1 6 0 _ _ 1 20140803190541 25
000000472014073 00000047 2014 07 07 11 7211 1 15:15 15:54 0070 1 191 0 _ _ 1 20140803190541 25
000000472014073 00000047 2014 07 14 11 7211 1 15:15 15:54 0070 1 191 0 _ _ 1 20140803190541 25
000000472014073 00000047 2014 07 21 11 7211 1 15:15 15:54 0070 1 191 0 _ _ 1 20140803190541 25
000000472014073 00000047 2014 07 28 11 7211 1 15:15 15:54 0070 1 191 0 _ _ 1 20140803190541 25
000000472014074 00000047 2014 07 15 13 1211 1 14:15 15:14 0325 1 834 0 _ _ 1 20140803190541 25
000000472014074 00000047 2014 07 22 13 1211 1 14:15 15:14 0325 1 834 0 _ _ 1 20140803190541 25
000000472014074 00000047 2014 07 28 13 1211 1 14:15 15:14 0325 1 834 0 _ _ 1 20140803190541 25
000000472014075 00000047 2014 07 01 13 3100 1 _ _ 0325 1 540 0 _ _ 1 20140803190541 25
000000472014076 00000047 2014 07 15 13 4002 1 _ _ 0325 1 300 0 _ _ 1 20140803190541 25
