000002122012041 00000212 2012 04 11 61 1111 1 13:00 13:59 0107 1 1220 0 _ _ 1 20140716172047 78
000002122012041 00000212 2012 04 18 61 1111 1 13:00 13:59 0107 1 1220 0 _ _ 1 20140716172047 78
000002122012041 00000212 2012 04 25 61 1111 1 13:00 13:59 0107 1 1220 0 _ _ 1 20140716172047 78
000002122012051 00000212 2012 05 02 61 1111 1 13:00 13:59 0107 1 1220 0 _ _ 1 20140716172517 78
000002122012051 00000212 2012 05 09 61 1111 1 13:00 13:59 0107 1 1220 0 _ _ 1 20140716172517 78
000002122012051 00000212 2012 05 16 61 1111 1 13:00 13:59 0107 1 1220 0 _ _ 1 20140716172517 78
000002122012051 00000212 2012 05 23 61 1111 1 13:00 13:59 0107 1 1220 0 _ _ 1 20140716172517 78
000002122012061 00000212 2012 06 06 61 1111 1 13:00 13:59 0107 1 1220 0 _ _ 1 20140716172816 78
000002122012061 00000212 2012 06 20 61 1111 1 13:00 13:59 0107 1 1220 0 _ _ 1 20140716172816 78
000002122012061 00000212 2012 06 27 61 1111 1 13:00 13:59 0107 1 1220 0 _ _ 1 20140716172816 78
000002122012071 00000212 2012 07 04 61 1111 1 13:00 13:59 0107 1 1220 0 _ _ 1 20140716173057 78
000002122012071 00000212 2012 07 11 61 1111 1 13:00 13:59 0107 1 1220 0 _ _ 1 20140716173057 78
000002122012071 00000212 2012 07 18 61 1111 1 13:00 13:59 0107 1 1220 0 _ _ 1 20140716173057 78
000002122012081 00000212 2012 08 01 61 1111 1 13:00 13:59 0107 1 1220 0 _ _ 1 20140716173402 78
000002122012081 00000212 2012 08 08 61 1111 1 13:00 13:59 0107 1 1220 0 _ _ 1 20140716173402 78
000002122012081 00000212 2012 08 15 61 1111 1 13:00 13:59 0107 1 1220 0 _ _ 1 20140716173402 78
000002122012081 00000212 2012 08 29 61 1111 1 13:00 13:59 0107 1 1220 0 _ _ 1 20140716173402 78
000002122012091 00000212 2012 09 12 61 1111 1 13:00 13:59 0107 1 1220 0 _ _ 1 20140716173724 78
000002122012091 00000212 2012 09 26 61 1111 1 13:00 13:59 0107 1 1220 0 _ _ 1 20140716173724 78
000002122012101 00000212 2012 10 03 61 1111 1 13:00 13:59 0107 1 1220 0 _ _ 1 20140716174013 78
000002122012101 00000212 2012 10 10 61 1111 1 13:00 13:59 0107 1 1220 0 _ _ 1 20140716174013 78
000002122012101 00000212 2012 10 17 61 1111 1 13:00 13:59 0107 1 1220 0 _ _ 1 20140716174013 78
000002122012111 00000212 2012 11 07 61 1111 1 13:00 13:59 0107 1 1220 0 _ _ 1 20140716174252 78
000002122012111 00000212 2012 11 14 61 1111 1 13:00 13:59 0107 1 1220 0 _ _ 1 20140716174252 78
000002122012111 00000212 2012 11 28 61 1111 1 13:00 13:59 0107 1 1220 0 _ _ 1 20140716174252 78
000002122012121 00000212 2012 12 05 61 1111 1 13:00 13:59 0107 1 1220 0 _ _ 1 20140716174537 78
000002122012121 00000212 2012 12 12 61 1111 1 13:00 13:59 0107 1 1220 0 _ _ 1 20140716174537 78
000002122012121 00000212 2012 12 19 61 1111 1 13:00 13:59 0107 1 1220 0 _ _ 1 20140716174537 78
000002122012121 00000212 2012 12 26 61 1111 1 13:00 13:59 0107 1 1220 0 _ _ 1 20140716174537 78
000002122013011 00000212 2013 01 09 61 1111 1 13:00 14:00 0107 1 1220 0 _ _ 1 20140708152259 78
000002122013011 00000212 2013 01 16 61 1111 1 13:00 14:00 0107 1 1220 0 _ _ 1 20140708152259 78
000002122013011 00000212 2013 01 23 61 1111 1 13:00 14:00 0107 1 1220 0 _ _ 1 20140708152259 78
000002122013011 00000212 2013 01 30 61 1111 1 13:00 14:00 0107 1 1220 0 _ _ 1 20140708152259 78
000002122013021 00000212 2013 02 06 61 1111 1 13:00 14:00 0107 1 1220 0 _ _ 1 20140708152720 78
000002122013021 00000212 2013 02 13 61 1111 1 13:00 14:00 0107 1 1220 0 _ _ 1 20140708152720 78
000002122013021 00000212 2013 02 20 61 1111 1 13:00 14:00 0107 1 1220 0 _ _ 1 20140708152720 78
000002122013021 00000212 2013 02 27 61 1111 1 13:00 14:00 0107 1 1220 0 _ _ 1 20140708152720 78
000002122013031 00000212 2013 03 06 61 1111 1 13:00 14:00 0107 1 1220 0 _ _ 1 20140708153029 78
000002122013031 00000212 2013 03 13 61 1111 1 13:00 14:00 0107 1 1220 0 _ _ 1 20140708153029 78
000002122013031 00000212 2013 03 20 61 1111 1 13:00 14:00 0107 1 1220 0 _ _ 1 20140708153029 78
000002122013041 00000212 2013 04 03 61 1111 1 13:00 14:00 0107 1 1220 0 _ _ 1 20140708153619 78
000002122013041 00000212 2013 04 10 61 1111 1 13:00 14:00 0107 1 1220 0 _ _ 1 20140708153619 78
000002122013041 00000212 2013 04 17 61 1111 1 13:00 14:00 0107 1 1220 0 _ _ 1 20140708153619 78
000002122013051 00000212 2013 05 01 61 1111 1 13:00 14:00 0107 1 1220 0 _ _ 1 20140708154317 78
000002122013051 00000212 2013 05 08 61 1111 1 13:00 14:00 0107 1 1220 0 _ _ 1 20140708154317 78
000002122013051 00000212 2013 05 15 61 1111 1 13:00 14:00 0107 1 1220 0 _ _ 1 20140708154317 78
000002122013051 00000212 2013 05 22 61 1111 1 13:00 14:00 0107 1 1220 0 _ _ 1 20140708154317 78
000002122013061 00000212 2013 06 05 61 1111 1 13:00 14:00 0107 1 1220 0 _ _ 1 20140708154659 78
000002122013061 00000212 2013 06 12 61 1111 1 13:00 14:00 0107 1 1220 0 _ _ 1 20140708154659 78
000002122013061 00000212 2013 06 19 61 1111 1 13:00 14:00 0107 1 1220 0 _ _ 1 20140708154659 78
000002122013061 00000212 2013 06 26 61 1111 1 13:00 14:00 0107 1 1220 0 _ _ 1 20140708154659 78
000002122013071 00000212 2013 07 03 61 1111 1 13:00 14:00 0107 1 1220 0 _ _ 1 20140708155255 78
000002122013071 00000212 2013 07 10 61 1111 1 13:00 14:00 0107 1 1220 0 _ _ 1 20140708155255 78
000002122013071 00000212 2013 07 17 61 1111 1 13:00 14:00 0107 1 1220 0 _ _ 1 20140708155255 78
000002122013071 00000212 2013 07 31 61 1111 1 13:00 14:00 0107 1 1220 0 _ _ 1 20140708155255 78
000002122013081 00000212 2013 08 07 61 1111 1 13:00 14:00 0107 1 1220 0 _ _ 1 20140708155712 78
000002122013081 00000212 2013 08 21 61 1111 1 13:00 14:00 0107 1 1220 0 _ _ 1 20140708155712 78
000002122013091 00000212 2013 09 04 61 1111 1 13:00 14:00 0107 1 1220 0 _ _ 1 20140703110328 78
000002122013091 00000212 2013 09 11 61 1111 1 13:00 14:00 0107 1 1220 0 _ _ 1 20140703110328 78
000002122013091 00000212 2013 09 18 61 1111 1 13:00 14:00 0107 1 1220 0 _ _ 1 20140703110328 78
000002122013091 00000212 2013 09 25 61 1111 1 13:00 14:00 0107 1 1220 0 _ _ 1 20140703110328 78
000002122013101 00000212 2013 10 02 61 1111 1 13:00 14:00 0107 1 1220 0 _ _ 1 20140703110629 78
000002122013101 00000212 2013 10 09 61 1111 1 13:00 14:00 0107 1 1220 0 _ _ 1 20140703110629 78
000002122013101 00000212 2013 10 16 61 1111 1 13:00 14:00 0107 1 1220 0 _ _ 1 20140703110629 78
000002122013101 00000212 2013 10 23 61 1111 1 13:00 14:00 0107 1 1220 0 _ _ 1 20140703110629 78
000002122013101 00000212 2013 10 30 61 1111 1 13:00 14:00 0107 1 1220 0 _ _ 1 20140703110629 78
000002122013111 00000212 2013 11 13 61 1111 1 13:00 14:00 0107 1 1220 0 _ _ 1 20140703111017 78
000002122013111 00000212 2013 11 20 61 1111 1 13:00 14:00 0107 1 1220 0 _ _ 1 20140703111017 78
000002122013111 00000212 2013 11 27 61 1111 1 13:00 14:00 0107 1 1220 0 _ _ 1 20140703111017 78
000002122013121 00000212 2013 12 04 61 1111 1 13:00 14:00 0107 1 1220 0 _ _ 1 20140703120008 78
000002122013121 00000212 2013 12 11 61 1111 1 13:00 14:00 0107 1 1220 0 _ _ 1 20140703120008 78
000002122013121 00000212 2013 12 18 61 1111 1 13:00 14:00 0107 1 1220 0 _ _ 1 20140703120008 78
000002122013121 00000212 2013 12 25 61 1111 1 13:00 14:00 0107 1 1220 0 _ _ 1 20140703120008 78
000002122014011 00000212 2014 01 08 61 1111 1 13:00 14:00 0107 1 1220 0 _ _ 1 20140619103725 78
000002122014011 00000212 2014 01 15 61 1111 1 13:00 14:00 0107 1 1220 0 _ _ 1 20140619103725 78
000002122014011 00000212 2014 01 22 61 1111 1 13:00 14:00 0107 1 1220 0 _ _ 1 20140619103725 78
000002122014011 00000212 2014 01 29 61 1111 1 13:00 14:00 0107 1 1220 0 _ _ 1 20140619103725 78
000002122014021 00000212 2014 02 19 61 1111 1 13:00 14:00 0107 1 1220 0 _ _ 1 20140619103957 78
000002122014031 00000212 2014 03 05 61 1111 1 13:00 14:00 0107 1 1220 0 _ _ 1 20140619104243 78
000002122014031 00000212 2014 03 12 61 1111 1 13:00 14:00 0107 1 1220 0 _ _ 1 20140619104243 78
000002122014031 00000212 2014 03 19 61 1111 1 13:00 14:00 0107 1 1220 0 _ _ 1 20140619104243 78
000002122014031 00000212 2014 03 26 61 1111 1 13:00 14:00 0107 1 1220 0 _ _ 1 20140619104243 78
000002122014041 00000212 2014 04 02 61 1111 1 13:00 14:00 0107 1 1226 0 _ _ 1 20140619104645 78
000002122014041 00000212 2014 04 09 61 1111 1 13:00 14:00 0107 1 1226 0 _ _ 1 20140619104645 78
000002122014041 00000212 2014 04 16 61 1111 1 13:00 14:00 0107 1 1226 0 _ _ 1 20140619104645 78
000002122014041 00000212 2014 04 23 61 1111 1 13:00 14:00 0107 1 1226 0 _ _ 1 20140619104645 78
000002122014041 00000212 2014 04 30 61 1111 1 13:00 14:00 0107 1 1226 0 _ _ 1 20140619104645 78
000002122014051 00000212 2014 05 07 61 1111 1 13:00 14:00 0107 1 1226 0 _ _ 1 20140819104356 78
000002122014051 00000212 2014 05 14 61 1111 1 13:00 14:00 0107 1 1226 0 _ _ 1 20140819104356 78
000002122014051 00000212 2014 05 21 61 1111 1 13:00 14:00 0107 1 1226 0 _ _ 1 20140819104356 78
000002122014051 00000212 2014 05 28 61 1111 1 13:00 14:00 0107 1 1226 0 _ _ 1 20140819104356 78
000002122014061 00000212 2014 06 04 61 1111 1 13:00 14:00 0107 1 1226 0 _ _ 1 20140701175816 39
000002122014061 00000212 2014 06 11 61 1111 1 13:00 14:00 0107 1 1226 0 _ _ 1 20140701175816 39
000002122014061 00000212 2014 06 18 61 1111 1 13:00 14:00 0107 1 1226 0 _ _ 1 20140701175816 39
000002122014061 00000212 2014 06 25 61 1111 1 13:00 14:00 0107 1 1226 0 _ _ 1 20140701175816 39
000002122014071 00000212 2014 07 02 61 1111 1 13:00 13:59 0107 1 1226 0 _ _ 1 20140802130621 39
000002122014071 00000212 2014 07 09 61 1111 1 13:00 13:59 0107 1 1226 0 _ _ 1 20140802130621 39
000002122014071 00000212 2014 07 16 61 1111 1 13:00 13:59 0107 1 1226 0 _ _ 1 20140802130621 39
000002122014071 00000212 2014 07 30 61 1111 1 13:00 13:59 0107 1 1226 0 _ _ 1 20140802130621 39
