00001246 2015 04 04 02:00 03:20 11 4961 0070 11.05 1 615 1 20150409152301 00241
00001246 2015 04 04 03:15 04:20 11 4113 0070 11.12 1 468 1 20150429133521 00241
00001246 2015 04 07 02:00 03:20 11 4000 0070 11.12 1 100 1 20150429133750 00241
00001246 2015 04 07 02:00 03:20 11 4213 0070 11.12 1 569 1 20150429133750 00241
00001246 2015 04 07 02:00 03:20 11 4961 0070 11.05 1 615 1 20150409152301 00241
00001246 2015 04 07 02:00 03:30 11 4000 0070 11.12 1 100 1 20150429133910 00241
00001246 2015 04 07 02:00 03:30 11 4213 0070 11.12 1 569 1 20150429133910 00241
00001246 2015 04 11 02:00 03:20 11 4961 0070 11.05 1 615 1 20150409152301 00241
00001246 2015 04 14 02:00 03:20 11 4961 0070 11.05 1 615 1 20150409152301 00241
00001246 2015 04 18 02:00 03:20 11 4961 0070 11.05 1 615 1 20150409152301 00241
00001246 2015 04 21 02:00 03:20 11 4961 0070 11.05 1 615 1 20150409152301 00241
00001246 2015 04 25 02:00 03:20 11 4961 0070 11.05 1 615 1 20150409152301 00241
00001246 2015 04 28 02:00 03:20 11 4961 0070 11.05 1 615 1 20150409152301 00241
