000012652015041 00001265 2015 04 03 61 1111 1 09:00 09:59 0107 1 1168 0 _ _ 1 20150616150516 78
000012652015041 00001265 2015 04 10 61 1111 1 09:00 09:59 0107 1 1168 0 _ _ 1 20150616150516 78
000012652015041 00001265 2015 04 17 61 1111 1 09:00 09:59 0107 1 1168 0 _ _ 1 20150616150516 78
000012652015041 00001265 2015 04 24 61 1111 1 09:00 09:59 0107 1 1168 0 _ _ 1 20150616150516 78
000012652015042 00001265 2015 04 03 61 4001 1 09:00 09:59 0107 1 200 0 _ _ 1 20150616150516 78
000012652015043 00001265 2015 04 18 65 1111 1 10:00 15:00 0233 1 1647 0 _ _ 1 20150616150516 78
000012652015044 00001265 2015 04 18 65 5002 1 10:00 15:00 0233 1 225 0 _ _ 1 20150616150516 78
000012652015045 00001265 2015 04 18 65 6101 1 10:00 15:00 0233 1 48 0 _ _ 1 20150616150516 78
000012652015046 00001265 2015 04 18 65 6109 1 10:00 15:00 0233 1 240 0 _ _ 1 20150616150516 78
000012652015061 00001265 2015 06 05 61 1111 1 09:00 09:59 0107 1 1168 0 _ _ 1 20150616121942 78
000012652015061 00001265 2015 06 19 61 1111 1 09:00 09:59 0107 1 1168 0 _ _ 1 20150616121942 78
000012652015061 00001265 2015 06 26 61 1111 1 09:00 09:59 0107 1 1168 0 _ _ 1 20150616121942 78
000012652015062 00001265 2015 06 12 61 1111 1 10:00 10:59 0107 1 1168 0 _ _ 1 20150616121942 78
000012652015063 00001265 2015 06 06 65 1111 1 10:00 15:00 0233 1 1647 0 _ _ 1 20150616121942 78
000012652015063 00001265 2015 06 13 65 1111 1 10:00 15:00 0233 1 1647 0 _ _ 1 20150616121942 78
000012652015063 00001265 2015 06 20 65 1111 1 10:00 15:00 0233 1 1647 0 _ _ 1 20150616121942 78
000012652015063 00001265 2015 06 27 65 1111 1 10:00 15:00 0233 1 1647 0 _ _ 1 20150616121942 78
000012652015064 00001265 2015 06 06 65 5002 1 10:00 15:00 0233 1 225 0 _ _ 1 20150616121942 78
000012652015064 00001265 2015 06 13 65 5002 1 10:00 15:00 0233 1 225 0 _ _ 1 20150616121942 78
000012652015064 00001265 2015 06 20 65 5002 1 10:00 15:00 0233 1 225 0 _ _ 1 20150616121942 78
000012652015064 00001265 2015 06 27 65 5002 1 10:00 15:00 0233 1 225 0 _ _ 1 20150616121942 78
000012652015065 00001265 2015 06 06 65 6101 1 10:00 15:00 0233 1 48 0 _ _ 1 20150616121942 78
000012652015065 00001265 2015 06 13 65 6101 1 10:00 15:00 0233 1 48 0 _ _ 1 20150616121942 78
000012652015065 00001265 2015 06 20 65 6101 1 10:00 15:00 0233 1 48 0 _ _ 1 20150616121942 78
000012652015065 00001265 2015 06 27 65 6101 1 10:00 15:00 0233 1 48 0 _ _ 1 20150616121942 78
000012652015066 00001265 2015 06 06 65 6109 1 10:00 15:00 0233 1 240 0 _ _ 1 20150616121942 78
000012652015066 00001265 2015 06 13 65 6109 1 10:00 15:00 0233 1 240 0 _ _ 1 20150616121942 78
000012652015066 00001265 2015 06 20 65 6109 1 10:00 15:00 0233 1 240 0 _ _ 1 20150616121942 78
000012652015066 00001265 2015 06 27 65 6109 1 10:00 15:00 0233 1 240 0 _ _ 1 20150616121942 78
