00000011 2011 07 18 10:45 11:44 11 7211 0070 10.84 1 229 1 20141017153627 00077
00000011 2011 07 25 10:45 11:44 11 7211 0070 10.84 1 229 1 20141017153627 00077
00000011 2011 08 01 10:45 11:44 11 1211 0070 10.84 1 402 1 20141017154201 00077
00000011 2011 08 08 10:45 11:44 11 1211 0070 10.84 1 402 1 20141017154201 00077
00000011 2011 08 15 10:45 11:44 11 7211 0070 10.84 1 229 1 20141017154201 00077
00000011 2011 08 22 10:45 11:44 11 7211 0070 10.84 1 229 1 20141017154201 00077
00000011 2011 08 29 10:45 11:44 11 7211 0070 10.84 1 229 1 20141017154201 00077
00000011 2011 09 05 10:45 11:44 11 7211 0070 10.84 1 229 1 20141017154910 00077
00000011 2011 09 12 10:45 11:44 11 7211 0070 10.84 1 229 1 20141017154910 00077
00000011 2011 09 19 10:45 11:44 11 7211 0070 10.84 1 229 1 20141017154910 00077
00000011 2011 09 26 10:45 11:44 11 7211 0070 10.84 1 229 1 20141017154910 00077
00000011 2011 10 03 10:45 11:44 11 4111 0070 10.84 1 337 1 20141017155346 00077
00000011 2011 10 10 10:45 11:44 11 4111 0070 10.84 1 337 1 20141017155346 00077
00000011 2011 10 17 10:45 11:44 11 4111 0070 10.84 1 337 1 20141017155346 00077
00000011 2011 10 24 10:45 11:44 11 4111 0070 10.84 1 337 1 20141017155346 00077
00000011 2011 10 31 10:45 11:44 11 4111 0070 10.84 1 337 1 20141017155346 00077
00000011 2011 11 07 10:45 11:44 11 4111 0070 10.84 1 337 1 20141017160159 00077
00000011 2011 11 14 10:45 11:44 11 4111 0070 10.84 1 337 1 20141017160159 00077
00000011 2011 11 21 10:45 11:44 11 4111 0070 10.84 1 337 1 20141017160159 00077
00000011 2011 11 28 10:45 11:44 11 4111 0070 10.84 1 337 1 20141017160159 00077
00000011 2011 12 05 10:45 11:44 11 4111 0070 10.84 1 337 1 20141017160820 00077
00000011 2011 12 12 10:45 11:44 11 4111 0070 10.84 1 337 1 20141017160820 00077
00000011 2011 12 19 10:45 11:44 11 4111 0070 10.84 1 337 1 20141017160820 00077
00000011 2011 12 21 14:30 15:29 11 1211 0070 10.84 1 402 1 20141017160820 00077
00000011 2011 12 26 10:45 11:44 11 4111 0070 10.84 1 337 1 20141017160820 00077
00000011 2011 12 27 14:30 15:29 11 1211 0070 10.84 1 402 1 20141017160820 00077
00000011 2012 01 04 14:30 15:29 11 1211 0070 10.84 1 402 1 20141015165018 00077
00000011 2012 01 09 10:45 11:44 11 4111 0070 10.84 1 337 1 20141015165018 00077
00000011 2012 01 11 14:30 15:29 11 1211 0070 10.84 1 402 1 20141015165018 00077
00000011 2012 01 16 10:45 11:44 11 4111 0070 10.84 1 337 1 20141015165018 00077
00000011 2012 01 18 14:30 15:29 11 1211 0070 10.84 1 402 1 20141015165018 00077
00000011 2012 01 23 10:45 11:44 11 4111 0070 10.84 1 337 1 20141015165018 00077
00000011 2012 01 25 14:30 15:29 11 1211 0070 10.84 1 402 1 20141015165018 00077
00000011 2012 01 30 10:45 11:44 11 4111 0070 10.84 1 337 1 20141015165018 00077
00000011 2012 02 01 14:30 15:29 11 1211 0070 10.84 1 402 1 20141015170908 00077
00000011 2012 02 06 10:45 11:44 11 7211 0070 10.84 1 229 1 20141015170908 00077
00000011 2012 02 08 14:30 15:29 11 1211 0070 10.84 1 402 1 20141015170908 00077
00000011 2012 02 13 10:45 11:44 11 4111 0070 10.84 1 337 1 20141015170908 00077
00000011 2012 02 15 14:30 14:59 11 1111 0070 10.84 1 254 1 20141015170908 00077
00000011 2012 02 20 10:45 11:44 11 4111 0070 10.84 1 337 1 20141015170908 00077
00000011 2012 02 22 13:00 13:59 11 1211 0070 10.84 1 402 1 20141015170908 00077
00000011 2012 02 27 10:45 11:44 11 4111 0070 10.84 1 337 1 20141015170908 00077
00000011 2012 02 29 14:00 14:59 11 1211 0070 10.84 1 402 1 20141015170908 00077
00000011 2012 03 04 13:00 13:59 11 1211 0070 10.84 1 402 1 20141015172247 00077
00000011 2012 03 05 10:45 11:44 11 7211 0070 10.84 1 229 1 20141015172247 00077
00000011 2012 03 07 14:00 14:59 11 1211 0070 10.84 1 402 1 20141015172247 00077
00000011 2012 03 09 13:00 13:59 11 1211 0070 10.84 1 402 1 20141015172247 00077
00000011 2012 03 12 10:45 11:44 11 4111 0070 10.84 1 337 1 20141015172247 00077
00000011 2012 03 14 14:30 15:29 11 1211 0070 10.84 1 402 1 20141015172247 00077
