0001 02 251 20140101 99999999 240000 1 20140305000000 kaizen
0001 02 252 20140101 99999999 230000 1 20140305000000 kaizen
0001 02 253 20140101 99999999 230000 1 20140305000000 kaizen
0001 02 254 20140101 99999999 230000 1 20140305000000 kaizen
0001 02 255 20140101 99999999 220000 1 20140305000000 kaizen
0001 02 256 20140101 99999999 220000 1 20140305000000 kaizen
0001 02 257 20140101 99999999 220000 1 20140305000000 kaizen
0001 02 258 20140101 99999999 220000 1 20140305000000 kaizen
0001 02 259 20140101 99999999 205000 1 20140305000000 kaizen
0001 02 260 20140101 99999999 220000 1 20140305000000 kaizen
0001 02 261 20140101 99999999 230000 1 20140305000000 kaizen
0001 02 262 20140101 99999999 205000 1 20140305000000 kaizen
0001 02 263 20140101 99999999 200000 1 20140305000000 kaizen
0001 02 264 20140101 99999999 200000 1 20140305000000 kaizen
0001 02 265 20140101 99999999 200000 1 20140305000000 kaizen
0001 02 266 20140101 99999999 200000 1 20140305000000 kaizen
0001 02 267 20140101 99999999 205000 1 20140305000000 kaizen
0001 02 351 20140101 99999999 245000 1 20140305000000 kaizen
0001 02 352 20140101 99999999 240000 1 20140305000000 kaizen
0001 02 353 20140101 99999999 240000 1 20140305000000 kaizen
0001 02 354 20140101 99999999 240000 1 20140305000000 kaizen
0001 02 355 20140101 99999999 240000 1 20140305000000 kaizen
0001 02 356 20140101 99999999 230000 1 20140305000000 kaizen
0001 02 357 20140101 99999999 230000 1 20140305000000 kaizen
0001 02 358 20140101 99999999 235000 1 20140305000000 kaizen
0001 02 359 20140101 99999999 235000 1 20140305000000 kaizen
0001 02 360 20140101 99999999 240000 1 20140305000000 kaizen
0001 02 361 20140101 99999999 245000 1 20140305000000 kaizen
0001 02 362 20140101 99999999 205000 1 20140305000000 kaizen
0001 02 363 20140101 99999999 200000 1 20140305000000 kaizen
0001 02 364 20140101 99999999 200000 1 20140305000000 kaizen
0001 02 365 20140101 99999999 200000 1 20140305000000 kaizen
0001 02 366 20140101 99999999 200000 1 20140305000000 kaizen
0001 02 367 20140101 99999999 205000 1 20140305000000 kaizen
