0001 01 101 20140401 99999999 111111 1 2014050100000000 UserId
0001 01 102 20140401 99999999 111111 1 2014050100000000 UserId
0001 01 103 20140401 99999999 111111 1 2014050100000000 UserId
0001 01 104 20140401 99999999 111111 1 2014050100000000 UserId
0001 01 105 20140401 99999999 111111 1 2014050100000000 UserId
0001 01 106 20140401 99999999 111111 1 2014050100000000 UserId
0001 01 107 20140401 99999999 111111 1 2014050100000000 UserId
0001 01 108 20140401 99999999 111111 1 2014050100000000 UserId
0001 01 112 20140401 99999999 111111 1 2014050100000000 UserId
0001 01 113 20140401 99999999 111111 1 2014050100000000 UserId
0001 01 114 20140401 99999999 111111 1 2014050100000000 UserId
0001 01 201 20140401 99999999 111111 1 2014050100000000 UserId
0001 01 202 20140401 99999999 111111 1 2014050100000000 UserId
0001 01 203 20140401 99999999 111111 1 2014050100000000 UserId
0001 01 204 20140401 99999999 111111 1 2014050100000000 UserId
0001 01 205 20140401 99999999 111111 1 2014050100000000 UserId
0001 01 206 20140401 99999999 111111 1 2014050100000000 UserId
0001 01 207 20140401 99999999 111111 1 2014050100000000 UserId
0001 01 208 20140401 99999999 111111 1 2014050100000000 UserId
0001 01 209 20140401 99999999 111111 1 2014050100000000 UserId
0001 01 210 20140401 99999999 111111 1 2014050100000000 UserId
0001 01 211 20140401 99999999 111111 1 2014050100000000 UserId
0001 01 212 20140401 99999999 111111 1 2014050100000000 UserId
0001 01 213 20140401 99999999 111111 1 2014050100000000 UserId
0001 01 214 20140401 99999999 111111 1 2014050100000000 UserId
0001 01 215 20140401 99999999 111111 1 2014050100000000 UserId
0001 01 216 20140401 99999999 111111 1 2014050100000000 UserId
0001 01 217 20140401 99999999 111111 1 2014050100000000 UserId
0001 01 218 20140401 99999999 111111 1 2014050100000000 UserId
0001 01 219 20140401 99999999 111111 1 2014050100000000 UserId
0001 01 301 20140401 99999999 111111 1 2014050100000000 UserId
0001 01 302 20140401 99999999 111111 1 2014050100000000 UserId
0001 01 303 20140401 99999999 111111 1 2014050100000000 UserId
0001 01 304 20140401 99999999 111111 1 2014050100000000 UserId
0001 01 305 20140401 99999999 111111 1 2014050100000000 UserId
0001 01 306 20140401 99999999 111111 1 2014050100000000 UserId
0001 01 307 20140401 99999999 111111 1 2014050100000000 UserId
0001 01 308 20140401 99999999 111111 1 2014050100000000 UserId
0001 01 309 20140401 99999999 111111 1 2014050100000000 UserId
0001 01 310 20140401 99999999 111111 1 2014050100000000 UserId
0001 01 311 20140401 99999999 111111 1 2014050100000000 UserId
0001 01 312 20140401 99999999 111111 1 2014050100000000 UserId
0001 01 313 20140401 99999999 111111 1 2014050100000000 UserId
0001 01 314 20140401 99999999 111111 1 2014050100000000 UserId
0001 01 315 20140401 99999999 111111 1 2014050100000000 UserId
0001 01 316 20140401 99999999 111111 1 2014050100000000 UserId
0001 01 317 20140401 99999999 111111 1 2014050100000000 UserId
0001 01 318 20140401 99999999 111111 1 2014050100000000 UserId
0001 01 401 20140401 99999999 111111 1 2014050100000000 UserId
0001 01 402 20140401 99999999 111111 1 2014050100000000 UserId
0001 01 403 20140401 99999999 111111 1 2014050100000000 UserId
0001 01 404 20140401 99999999 111111 1 2014050100000000 UserId
0001 01 405 20140401 99999999 111111 1 2014050100000000 UserId
0001 01 406 20140401 99999999 111111 1 2014050100000000 UserId
0001 01 407 20140401 99999999 111111 1 2014050100000000 UserId
0001 01 408 20140401 99999999 111111 1 2014050100000000 UserId
0001 01 409 20140401 99999999 111111 1 2014050100000000 UserId
0001 01 410 20140401 99999999 111111 1 2014050100000000 UserId
0001 01 411 20140401 99999999 111111 1 2014050100000000 UserId
0001 01 412 20140401 99999999 111111 1 2014050100000000 UserId
0001 01 413 20140401 99999999 111111 1 2014050100000000 UserId
0001 01 414 20140401 99999999 111111 1 2014050100000000 UserId
0001 01 415 20140401 99999999 111111 1 2014050100000000 UserId
0001 01 416 20140401 99999999 111111 1 2014050100000000 UserId
0001 01 417 20140401 99999999 111111 1 2014050100000000 UserId
0001 01 418 20140401 99999999 111111 1 2014050100000000 UserId
0001 01 501 20140401 99999999 111111 1 2014050100000000 UserId
0001 01 502 20140401 99999999 111111 1 2014050100000000 UserId
0001 01 503 20140401 99999999 111111 1 2014050100000000 UserId
0001 01 504 20140401 99999999 111111 1 2014050100000000 UserId
0001 01 505 20140401 99999999 111111 1 2014050100000000 UserId
0001 01 506 20140401 99999999 111111 1 2014050100000000 UserId
0001 01 507 20140401 99999999 111111 1 2014050100000000 UserId
0001 01 508 20140401 99999999 111111 1 2014050100000000 UserId
0001 01 509 20140401 99999999 111111 1 2014050100000000 UserId
0001 01 510 20140401 99999999 111111 1 2014050100000000 UserId
0001 01 511 20140401 99999999 111111 1 2014050100000000 UserId
0001 01 512 20140401 99999999 111111 1 2014050100000000 UserId
0001 01 513 20140401 99999999 111111 1 2014050100000000 UserId
0001 01 514 20140401 99999999 111111 1 2014050100000000 UserId
0001 01 515 20140401 99999999 111111 1 2014050100000000 UserId
0001 01 516 20140401 99999999 111111 1 2014050100000000 UserId
0001 01 517 20140401 99999999 111111 1 2014050100000000 UserId
0001 02 251 20140101 99999999 240000 1 20140305000000 kaizen
0001 02 252 20140101 99999999 230000 1 20140305000000 kaizen
0001 02 253 20140101 99999999 230000 1 20140305000000 kaizen
0001 02 254 20140101 99999999 230000 1 20140305000000 kaizen
0001 02 255 20140101 99999999 220000 1 20140305000000 kaizen
0001 02 256 20140101 99999999 220000 1 20140305000000 kaizen
0001 02 257 20140101 99999999 220000 1 20140305000000 kaizen
0001 02 258 20140101 99999999 220000 1 20140305000000 kaizen
0001 02 259 20140101 99999999 205000 1 20140305000000 kaizen
0001 02 260 20140101 99999999 220000 1 20140305000000 kaizen
0001 02 261 20140101 99999999 230000 1 20140305000000 kaizen
0001 02 262 20140101 99999999 205000 1 20140305000000 kaizen
0001 02 263 20140101 99999999 200000 1 20140305000000 kaizen
0001 02 264 20140101 99999999 200000 1 20140305000000 kaizen
0001 02 265 20140101 99999999 200000 1 20140305000000 kaizen
0001 02 266 20140101 99999999 200000 1 20140305000000 kaizen
0001 02 267 20140101 99999999 205000 1 20140305000000 kaizen
0001 02 351 20140101 99999999 245000 1 20140305000000 kaizen
0001 02 351 20140402 20140403 999999999 9 20140409154753 00077
0001 02 351 20140405 20140407 33333333333 1 20140409154931 00077
0001 02 351 20140408 20140411 333333333 1 20140409155157 00077
0001 02 351 20140412 20140413 555555555555 1 20140409155819 00077
0001 02 351 20140415 20140501 7777777777 1 20140520104730 00077
0001 02 351 20140502 99999999 323232 1 20140520104730 00077
0001 02 352 20140101 99999999 240000 1 20140305000000 kaizen
0001 02 353 20140101 99999999 240000 1 20140305000000 kaizen
0001 02 354 20140101 99999999 240000 1 20140305000000 kaizen
0001 02 355 20140101 99999999 240000 1 20140305000000 kaizen
0001 02 356 20140101 99999999 230000 1 20140305000000 kaizen
0001 02 357 20140101 99999999 230000 1 20140305000000 kaizen
0001 02 358 20140101 99999999 235000 1 20140305000000 kaizen
0001 02 359 20140101 99999999 235000 1 20140305000000 kaizen
0001 02 360 20140101 99999999 240000 1 20140305000000 kaizen
0001 02 361 20140101 99999999 245000 1 20140305000000 kaizen
0001 02 362 20140101 99999999 205000 1 20140305000000 kaizen
0001 02 363 20140101 99999999 200000 1 20140305000000 kaizen
0001 02 364 20140101 99999999 200000 1 20140305000000 kaizen
0001 02 365 20140101 99999999 200000 1 20140305000000 kaizen
0001 02 366 20140101 99999999 200000 1 20140305000000 kaizen
0001 02 367 20140101 99999999 205000 1 20140305000000 kaizen
0002 01 103 20140401 99999999 111111 1 2014050100000000 UserId
0002 01 104 20140401 99999999 111111 1 2014050100000000 UserId
0002 01 105 20140401 99999999 111111 1 2014050100000000 UserId
0002 01 106 20140401 99999999 111111 1 2014050100000000 UserId
0002 01 107 20140401 99999999 111111 1 2014050100000000 UserId
0002 01 201 20140401 99999999 111111 1 2014050100000000 UserId
0002 01 202 20140401 99999999 111111 1 2014050100000000 UserId
0002 01 203 20140401 99999999 111111 1 2014050100000000 UserId
0002 01 204 20140401 99999999 111111 1 2014050100000000 UserId
0002 01 205 20140401 99999999 111111 1 2014050100000000 UserId
0002 01 206 20140401 99999999 111111 1 2014050100000000 UserId
0002 01 207 20140401 99999999 111111 1 2014050100000000 UserId
0002 01 208 20140401 99999999 111111 1 2014050100000000 UserId
0002 01 209 20140401 99999999 111111 1 2014050100000000 UserId
0002 01 210 20140401 99999999 111111 1 2014050100000000 UserId
0002 01 211 20140401 99999999 111111 1 2014050100000000 UserId
0002 01 212 20140401 99999999 111111 1 2014050100000000 UserId
0002 01 213 20140401 99999999 111111 1 2014050100000000 UserId
0002 01 214 20140401 99999999 111111 1 2014050100000000 UserId
0002 01 301 20140401 99999999 111111 1 2014050100000000 UserId
0002 01 302 20140401 99999999 111111 1 2014050100000000 UserId
0002 01 303 20140401 99999999 111111 1 2014050100000000 UserId
0002 01 304 20140401 99999999 111111 1 2014050100000000 UserId
0002 01 305 20140401 99999999 111111 1 2014050100000000 UserId
0002 01 306 20140401 99999999 111111 1 2014050100000000 UserId
0002 01 307 20140401 99999999 111111 1 2014050100000000 UserId
0002 01 308 20140401 99999999 111111 1 2014050100000000 UserId
0002 01 309 20140401 99999999 111111 1 2014050100000000 UserId
0002 01 310 20140401 99999999 111111 1 2014050100000000 UserId
0002 01 311 20140401 99999999 111111 1 2014050100000000 UserId
0002 01 312 20140401 99999999 111111 1 2014050100000000 UserId
0002 01 313 20140401 99999999 111111 1 2014050100000000 UserId
0002 01 314 20140401 99999999 111111 1 2014050100000000 UserId
0002 01 315 20140401 99999999 111111 1 2014050100000000 UserId
0002 01 316 20140401 99999999 111111 1 2014050100000000 UserId
0002 01 317 20140401 99999999 111111 1 2014050100000000 UserId
0002 01 318 20140401 99999999 111111 1 2014050100000000 UserId
0002 01 401 20140401 99999999 111111 1 2014050100000000 UserId
0002 01 402 20140401 99999999 111111 1 2014050100000000 UserId
0002 01 403 20140401 99999999 111111 1 2014050100000000 UserId
0002 01 404 20140401 99999999 111111 1 2014050100000000 UserId
0002 01 405 20140401 99999999 111111 1 2014050100000000 UserId
0002 01 406 20140401 99999999 111111 1 2014050100000000 UserId
0002 01 407 20140401 99999999 111111 1 2014050100000000 UserId
0002 01 408 20140401 99999999 111111 1 2014050100000000 UserId
0002 01 409 20140401 99999999 111111 1 2014050100000000 UserId
0002 01 410 20140401 99999999 111111 1 2014050100000000 UserId
0002 01 411 20140401 99999999 111111 1 2014050100000000 UserId
0002 01 412 20140401 99999999 111111 1 2014050100000000 UserId
0002 01 413 20140401 99999999 111111 1 2014050100000000 UserId
0002 01 414 20140401 99999999 111111 1 2014050100000000 UserId
0002 01 415 20140401 99999999 111111 1 2014050100000000 UserId
0003 01 210 20100101 99999999 180000 1 2014050100000000 UserId
0003 01 211 20100101 99999999 140000 1 2014050100000000 UserId 
0003 01 212 20100101 99999999 130000 1 2014050100000000 UserId
0003 01 213 20100101 99999999 200000 1 2014050100000000 UserId
0003 01 214 20100101 99999999 200000 1 2014050100000000 UserId
0003 01 215 20100101 99999999 150000 1 2014050100000000 UserId
0003 01 216 20100101 99999999 150000 1 2014050100000000 UserId
0003 01 217 20100101 99999999 150000 1 2014050100000000 UserId
0003 01 218 20100101 99999999 150000 1 2014050100000000 UserId
0003 01 219 20100101 99999999 215000 1 2014050100000000 UserId
0003 01 220 20100101 99999999 230000 1 2014050100000000 UserId
0003 01 311 20100101 99999999 145000 1 2014050100000000 UserId
0003 01 312 20100101 99999999 140000 1 2014050100000000 UserId
0003 01 313 20100101 99999999 210000 1 2014050100000000 UserId
0003 01 314 20100101 99999999 210000 1 2014050100000000 UserId
0003 01 315 20100101 99999999 160000 1 2014050100000000 UserId
0003 01 316 20100101 99999999 160000 1 2014050100000000 UserId
0003 01 317 20100101 99999999 160000 1 2014050100000000 UserId
0003 01 318 20100101 99999999 160000 1 2014050100000000 UserId
0003 01 319 20100101 99999999 225000 1 2014050100000000 UserId
0003 01 320 20100101 99999999 240000 1 2014050100000000 UserId
0003 01 401 20100101 99999999 265000 1 2014050100000000 UserId
0003 01 402 20100101 99999999 260000 1 2014050100000000 UserId
0003 01 403 20100101 99999999 180000 1 2014050100000000 UserId
0003 01 404 20100101 99999999 175000 1 2014050100000000 UserId
0003 01 405 20100101 99999999 175000 1 2014050100000000 UserId
0003 01 406 20100101 99999999 175000 1 2014050100000000 UserId
0003 01 407 20100101 99999999 235000 1 2014050100000000 UserId
0003 01 408 20100101 20101031 230000 1 2014050100000000 UserId
0003 01 408 20101101 99999999 36000 1 2014050100000000 UserId
0003 01 409 20100101 99999999 210000 1 2014050100000000 UserId
0003 01 410 20100101 99999999 195000 1 2014050100000000 UserId
0003 01 414 20100101 99999999 230000 1 2014050100000000 UserId
0003 01 415 20100101 99999999 245000 1 2014050100000000 UserId
0003 01 416 20100101 99999999 245000 1 2014050100000000 UserId
0003 01 417 20100101 99999999 185000 1 2014050100000000 UserId
0003 01 418 20100101 99999999 185000 1 2014050100000000 UserId
0003 01 419 20100101 99999999 310000 1 2014050100000000 UserId
0003 01 420 20100101 99999999 265000 1 2014050100000000 UserId
0003 01 421 20100101 99999999 270000 1 2014050100000000 UserId
0003 01 501 20100101 99999999 275000 1 2014050100000000 UserId
0003 01 502 20100101 99999999 265000 1 2014050100000000 UserId
0003 01 503 20100101 99999999 185000 1 2014050100000000 UserId
0003 01 504 20100101 99999999 185000 1 2014050100000000 UserId
0003 01 505 20100101 99999999 185000 1 2014050100000000 UserId
0003 01 506 20100101 99999999 185000 1 2014050100000000 UserId
0003 01 507 20100101 99999999 240000 1 2014050100000000 UserId
0003 01 508 20100101 99999999 240000 1 2014050100000000 UserId
0003 01 509 20100101 99999999 370000 1 2014050100000000 UserId
0003 01 510 20100101 99999999 245000 1 2014050100000000 UserId
0003 01 511 20100101 99999999 400000 1 2014050100000000 UserId
0003 01 512 20100101 99999999 230000 1 2014050100000000 UserId
0003 01 513 20100101 99999999 235000 1 2014050100000000 UserId
0003 01 514 20100101 20110331 315000 1 2014050100000000 UserId
0003 01 514 20110401 99999999 25000 1 2014050100000000 UserId
0003 01 515 20100101 99999999 255000 1 2014050100000000 UserId
0003 01 516 20100101 99999999 250000 1 2014050100000000 UserId
0003 01 517 20100101 99999999 190000 1 2014050100000000 UserId
0003 01 518 20100101 99999999 190000 1 2014050100000000 UserId
0003 01 519 20100101 99999999 315000 1 2014050100000000 UserId
0003 01 520 20100101 99999999 270000 1 2014050100000000 UserId
0003 01 521 20100101 99999999 275000 1 2014050100000000 UserId
0003 01 601 20100101 99999999 235000 1 2014050100000000 UserId
0003 01 602 20100101 99999999 280000 1 2014050100000000 UserId
0003 01 603 20100101 99999999 190000 1 2014050100000000 UserId
0003 01 604 20100101 99999999 190000 1 2014050100000000 UserId
0003 01 605 20100101 99999999 190000 1 2014050100000000 UserId
0003 01 606 20100101 99999999 190000 1 2014050100000000 UserId
0003 01 607 20100101 99999999 250000 1 2014050100000000 UserId
0003 01 608 20100101 99999999 250000 1 2014050100000000 UserId
0003 01 609 20100101 99999999 395000 1 2014050100000000 UserId
0003 01 610 20100101 99999999 255000 1 2014050100000000 UserId
0003 01 611 20100101 99999999 410000 1 2014050100000000 UserId
0003 01 612 20100101 99999999 235000 1 2014050100000000 UserId
0003 01 613 20100101 99999999 240000 1 2014050100000000 UserId
0003 01 614 20100101 99999999 320000 1 2014050100000000 UserId
0003 01 615 20100101 99999999 260000 1 2014050100000000 UserId
0003 01 616 20100101 99999999 255000 1 2014050100000000 UserId
0003 01 617 20100101 99999999 195000 1 2014050100000000 UserId
0003 01 618 20100101 99999999 195000 1 2014050100000000 UserId
0003 01 619 20100101 99999999 320000 1 2014050100000000 UserId
0003 01 620 20100101 99999999 275000 1 2014050100000000 UserId
0003 01 621 20100101 99999999 280000 1 2014050100000000 UserId
0003 01 701 20100101 99999999 290000 1 2014050100000000 UserId
0003 01 702 20100101 99999999 285000 1 2014050100000000 UserId
0003 01 703 20100101 99999999 195000 1 2014050100000000 UserId
0003 01 704 20100101 99999999 195000 1 2014050100000000 UserId
0003 01 705 20100101 20120731 195000 1 2014050100000000 UserId
0003 01 705 20120801 99999999 13000 1 2014050100000000 UserId
0003 01 706 20100101 99999999 195000 1 2014050100000000 UserId
0003 01 707 20100101 99999999 260000 1 2014050100000000 UserId
0003 01 708 20100101 99999999 260000 1 2014050100000000 UserId
0003 01 709 20100101 99999999 400000 1 2014050100000000 UserId
0003 01 710 20100101 99999999 320000 1 2014050100000000 UserId
0003 01 712 20100101 99999999 230000 1 2014050100000000 UserId
0003 01 713 20100101 99999999 210000 1 2014050100000000 UserId
0003 01 714 20100101 99999999 270000 1 2014050100000000 UserId
0003 01 715 20100101 99999999 235000 1 2014050100000000 UserId
0003 01 716 20100101 99999999 230000 1 2014050100000000 UserId
0003 01 717 20100101 99999999 170000 1 2014050100000000 UserId
0003 01 718 20100101 99999999 175000 1 2014050100000000 UserId
0003 01 719 20100101 99999999 270000 1 2014050100000000 UserId
0003 01 720 20100101 99999999 245000 1 2014050100000000 UserId
0003 01 721 20100101 99999999 245000 1 2014050100000000 UserId
0003 01 801 20100101 99999999 300000 1 2014050100000000 UserId
0003 01 802 20100101 99999999 300000 1 2014050100000000 UserId
0003 01 803 20100101 99999999 205000 1 2014050100000000 UserId
0003 01 804 20100101 99999999 205000 1 2014050100000000 UserId
0003 01 805 20100101 99999999 205000 1 2014050100000000 UserId
0003 01 806 20100101 99999999 205000 1 2014050100000000 UserId
0003 01 807 20100101 99999999 270000 1 2014050100000000 UserId
0003 01 808 20100101 99999999 270000 1 2014050100000000 UserId
0003 01 809 20100101 99999999 425000 1 2014050100000000 UserId
0003 01 813 20100101 99999999 275000 1 2014050100000000 UserId
0003 01 815 20100101 99999999 315000 1 2014050100000000 UserId
0003 01 817 20100101 99999999 255000 1 2014050100000000 UserId
0003 01 819 20100101 99999999 220000 1 2014050100000000 UserId
0003 01 821 20100101 20130228 225000 1 2014050100000000 UserId
0003 01 821 20130301 99999999 30000 1 2014050100000000 UserId
0003 01 901 20100101 99999999 305000 1 2014050100000000 UserId
0003 01 902 20100101 99999999 310000 1 2014050100000000 UserId
0003 01 903 20100101 99999999 210000 1 2014050100000000 UserId
0003 01 904 20100101 99999999 210000 1 2014050100000000 UserId
0003 01 905 20100101 99999999 210000 1 2014050100000000 UserId
0003 01 906 20100101 99999999 210000 1 2014050100000000 UserId
0003 01 907 20100101 99999999 250000 1 2014050100000000 UserId
0003 01 908 20100101 99999999 280000 1 2014050100000000 UserId
0003 01 909 20100101 99999999 435000 1 2014050100000000 UserId
