0001 001 月額賃料 2 _ 1 1 1 20140704164444 00077
0001 002 食事代 1 42000 1 1 1 20140704164444 00077
0001 003 管理費 2 50000 1 1 1 20140704164444 00077
0001 004 サービス費 1 90000 1 1 1 20140704164444 00077
0001 005 介護支援サービス費 1 100000 3 1 1 20140704164444 00077
0001 006 トランクルーム利用料 1 5000 1 1 1 20140704164444 00077
0001 007 駐車場利用料 1 15000 1 1 1 20140704164444 00077
0001 008 駐輪場利用料 1 300 1 1 1 20140704164444 00077
0001 009 電動カート置場利用料 1 800 1 1 1 20140704164444 00077
0001 013 管理費返戻金 2 -12000 3 2 1 20140704164444 00077
0001 050 サービス費１ 1 0 1 1 1 20140701000000 00078
0001 051 サービス費２ 1 0 1 1 1 20140701000000 00078
0001 052 自転車置場利用料 1 0 1 1 1 20140701000000 00078
0001 053 電動カート置場利用料 1 0 1 1 1 20140701000000 00078
0002 003 管理費 1 0 1 1 1 20140701000000 00078
0002 004 サービス費 1 0 1 1 1 20140701000000 00078
0002 006 トランクルーム利用料 1 0 1 1 1 20140701000000 00078
0002 007 駐車場利用料 1 0 1 1 1 20140701000000 00078
0002 029 管理費(長期体験) 1 0 1 1 1 20140701000000 00078
0002 030 管理費(プレオーナー) 1 0 1 1 1 20140701000000 00078
0002 031 賃料(プレオオーナー) 1 0 1 1 1 20140701000000 00078
0002 032 家賃 1 0 1 1 1 20140701000000 00078
0002 036 家賃(長期体験) 1 0 1 1 1 20140701000000 00078
0003 001 月額賃料 1 0 1 1 1 20140701000000 00078
0003 003 管理費 1 0 1 1 1 20140701000000 00078
0003 004 サービス費 1 0 1 1 1 20140701000000 00078
0003 006 トランクルーム利用料 1 0 1 1 1 20140701000000 00078
0003 007 駐車場利用料 1 0 1 1 1 20140701000000 00078
0003 008 駐輪場利用料 1 0 1 1 1 20140701000000 00078
0003 014 差額家賃 1 0 1 1 1 20140701000000 00078
0003 018 駐車場代 1 0 1 1 1 20140701000000 00078
0003 019 駐輪場代 1 0 1 1 1 20140701000000 00078
0003 020 トランクルーム料 1 0 1 1 1 20140701000000 00078
0003 021 ナンバーディスプレイ 1 0 1 1 1 20140701000000 00078
0004 003 管理費 1 0 1 1 1 20140701000000 00078
0004 006 トランクルーム利用料 1 0 1 1 1 20140701000000 00078
0004 007 駐車場利用料 1 0 1 1 1 20140701000000 00078
0004 022 管理費* 1 0 1 1 1 20140701000000 00078
0004 023 月額家賃* 1 0 1 1 1 20140701000000 00078
0004 024 サービス費* 1 0 1 1 1 20140701000000 00078
0004 025 差額賃料 1 0 1 1 1 20140701000000 00078
0004 026 食事基本料 1 0 1 1 1 20140701000000 00078
0004 027 駐車場代 1 0 1 1 1 20140701000000 00078
0004 028 トランクルーム料 1 0 1 1 1 20140701000000 00078
0005 003 管理費 1 0 1 1 1 20140701000000 00078
0005 004 サービス費 1 0 1 1 1 20140701000000 00078
0005 006 トランクルーム利用料 1 0 1 1 1 20140701000000 00078
0005 007 駐車場利用料 1 0 1 1 1 20140701000000 00078
0005 037 家具レンタル代 1 0 1 1 1 20140701000000 00078
0005 038 家具レンタル代（会員） 1 0 1 1 1 20140701000000 00078
0005 039 サービス費（シルバー会員） 1 0 1 1 1 20140701000000 00078
0005 040 賃料 1 0 1 1 1 20140701000000 00078
0005 041 家賃 1 0 1 1 1 20140701000000 00078
0006 003 管理費 1 0 1 1 1 20140701000000 00078
0006 004 サービス費 1 0 1 1 1 20140701000000 00078
0006 007 駐車場利用料 1 0 1 1 1 20140701000000 00078
0006 042 管理費（ﾌﾟﾚｵｰﾅｰ） 1 0 1 1 1 20140701000000 00078
0006 043 賃料(月払) 1 0 1 1 1 20140701000000 00078
0006 044 賃料（ﾌﾟﾚｵｰﾅｰ） 1 0 1 1 1 20140701000000 00078
0006 046 レンタル商品(家具等) 1 0 1 1 1 20140701000000 00078
0006 047 レンタル商品（家具等） 1 0 1 1 1 20140701000000 00078
0006 048 レンタル商品(家具等) 1 0 1 1 1 20140701000000 00078
0006 049 レンタル商品(家具等) 1 0 1 1 1 20140701000000 00078
