0001 001 フリーレント 2 1 201401010000 00078
0001 002 長期体験入居 0 1 201401010000 00078
0001 003 プレオーナー 0 1 201401010000 00078
0001 004 償却期間特例 1 1 201401010000 00078
0001 005 早期引渡特典 0 1 201401010000 00078
0001 006 家具プレゼント 0 1 201401010000 00078
0001 010 特別会員割引 1 1 201401010000 00078
0001 011 終身前払賃料割引 1 1 201401010000 00078
0001 012 賃料減額 2 1 201401010000 00078
0001 013 サービス費割引 2 1 201401010000 00078
0001 014 管理費割引 2 1 201401010000 00078
0001 015 セカンド利用 2 1 201401010000 00078
0001 016 クラブ会員価格 2 1 201401010000 00078
0002 001 フリーレント 2 1 201401010000 00078
0002 002 長期体験入居 0 1 201401010000 00078
0002 003 プレオーナー 0 1 201401010000 00078
0002 004 償却期間特例 1 1 201401010000 00078
0002 005 早期引渡特典 0 1 201401010000 00078
0002 006 家具プレゼント 0 1 201401010000 00078
0002 010 特別会員割引 1 1 201401010000 00078
0002 011 終身前払賃料割引 1 1 201401010000 00078
0002 012 賃料減額 2 1 201401010000 00078
0002 013 サービス費割引 2 1 201401010000 00078
0002 014 管理費割引 2 1 201401010000 00078
0002 015 セカンド利用 2 1 201401010000 00078
0002 016 クラブ会員価格 2 1 201401010000 00078
0003 001 フリーレント 2 1 201401010000 00078
0003 002 長期体験入居 0 1 201401010000 00078
0003 003 プレオーナー 0 1 201401010000 00078
0003 004 償却期間特例 1 1 201401010000 00078
0003 005 早期引渡特典 0 1 201401010000 00078
0003 006 家具プレゼント 0 1 201401010000 00078
0003 010 特別会員割引 1 1 201401010000 00078
0003 011 終身前払賃料割引 1 1 201401010000 00078
0003 012 賃料減額 2 1 201401010000 00078
0003 013 サービス費割引 2 1 201401010000 00078
0003 014 管理費割引 2 1 201401010000 00078
0003 015 セカンド利用 2 1 201401010000 00078
0003 016 クラブ会員価格 2 1 201401010000 00078
