1 00000205 2014 02 61 0107 グランクレール・ケアサービス馬事公苑 1321 予防訪問介護Ⅲ 3870 0 3870 9 3870 0 3870 3870 0 11.26 43576 90 39218 4358 0 n n 0 1 20140618192207 00078
1 00000205 2014 03 61 0107 グランクレール・ケアサービス馬事公苑 1321 予防訪問介護Ⅲ 3870 0 3870 12 3870 0 3870 3870 0 11.26 43576 90 39218 4358 0 n n 0 1 20140618192642 00078
1 00000205 2014 04 61 0107 グランクレール・ケアサービス馬事公苑 1321 予防訪問介護Ⅲ 3889 0 3889 12 3889 0 3889 3889 0 11.26 43790 90 39411 4379 0 n n 0 1 20140618193131 00078
1 00000205 2014 05 61 0107 グランクレール・ケアサービス馬事公苑 1321 予防訪問介護Ⅲ 3889 0 3889 13 3889 0 3889 3889 0 11.26 43790 90 39411 4379 0 n n 0 1 20140728172742 00078
1 00000205 2014 06 61 0107 グランクレール・ケアサービス馬事公苑 2321 予防訪問介護Ⅲ・日割 128 0 128 13 1664 0 1664 1664 0 11.26 18736 90 16862 1874 0 n n 0 1 20140901174715 00047
1 00000205 2014 07 61 0107 グランクレール・ケアサービス馬事公苑 1321 予防訪問介護Ⅲ 3889 0 3889 5 3889 0 3889 3889 0 11.26 43790 90 39411 4379 0 n n 0 1 20140726212753 00049
2 00000205 2014 02 61 0107 グランクレール・ケアサービス馬事公苑 6271 予防訪問介護処遇改善加算Ⅰ 155 0 155 1 155 0 155 155 0 11.26 1745 90 1570 175 0 a g 0 1 20140618192207 00078
2 00000205 2014 03 61 0107 グランクレール・ケアサービス馬事公苑 6271 予防訪問介護処遇改善加算Ⅰ 155 0 155 1 155 0 155 155 0 11.26 1745 90 1570 175 0 a g 0 1 20140618192642 00078
2 00000205 2014 04 61 0107 グランクレール・ケアサービス馬事公苑 6271 予防訪問介護処遇改善加算Ⅰ 156 0 156 1 156 0 156 156 0 11.26 1756 90 1580 176 0 a g 0 1 20140618193131 00078
2 00000205 2014 05 61 0107 グランクレール・ケアサービス馬事公苑 6271 予防訪問介護処遇改善加算Ⅰ 156 0 156 1 156 0 156 156 0 11.26 1756 90 1580 176 0 a g 0 1 20140728172742 00078
2 00000205 2014 06 61 0107 グランクレール・ケアサービス馬事公苑 6271 予防訪問介護処遇改善加算Ⅰ 67 0 67 1 67 67 0.04 67 0 11.26 754 90 678 76 0 a g 0 1 20140901174715 00047
2 00000205 2014 07 61 0107 グランクレール・ケアサービス馬事公苑 6271 予防訪問介護処遇改善加算Ⅰ 156 0 156 1 156 0 156 156 0 11.26 1756 90 1580 176 0 a g 0 1 20140726212753 00049
