00000160 2014 06 04 17:00 18:14 11 5111 0070 10.84 1 474 1 20140701114300 00034
00000160 2014 06 07 17:00 18:14 11 5111 0070 10.84 1 474 1 20140701114300 00034
00000160 2014 06 11 17:00 18:14 11 5111 0070 10.84 1 474 1 20140701114300 00034
00000160 2014 06 14 17:00 18:14 11 5111 0070 10.84 1 474 1 20140701114300 00034
00000160 2014 06 18 17:00 18:14 11 5111 0070 10.84 1 474 1 20140701114300 00034
00000160 2014 06 21 17:00 18:14 11 5111 0070 10.84 1 474 1 20140701114300 00034
00000160 2014 06 25 17:00 18:14 11 5111 0070 10.84 1 474 1 20140701114300 00034
00000160 2014 06 28 17:00 18:14 11 5111 0070 10.84 1 474 1 20140701114300 00034
00000160 2014 07 02 17:00 18:14 11 5111 0070 10.84 1 474 1 20140731103558 00035
00000160 2014 07 05 17:00 18:14 11 5111 0070 10.84 1 474 1 20140731103558 00035
00000160 2014 07 09 17:00 18:14 11 5111 0070 10.84 1 474 1 20140731103558 00035
00000160 2014 07 12 17:00 18:14 11 5111 0070 10.84 1 474 1 20140731103558 00035
00000160 2014 07 16 17:00 18:14 11 5111 0070 10.84 1 474 1 20140731103558 00035
00000160 2014 07 19 17:00 18:14 11 5111 0070 10.84 1 474 1 20140731103558 00035
00000160 2014 07 23 17:00 18:14 11 5111 0070 10.84 1 474 1 20140731103558 00035
00000160 2014 07 26 17:00 18:14 11 5111 0070 10.84 1 474 1 20140731103558 00035
00000160 2014 07 30 17:00 18:14 11 5111 0070 10.84 1 474 1 20140731103558 00035
