00000018 2012 04 6 30600 1 20140731160448 00078
00000018 2012 06 6 30600 1 20140731162213 00078
00000018 2012 07 6 30600 1 20140731163526 00078
00000018 2012 08 6 30600 1 20140731164412 00078
00000018 2012 09 6 30600 1 20140731165445 00078
00000018 2012 10 3 16580 1 20140731165718 00078
00000018 2012 11 3 16580 1 20140731170158 00078
00000018 2012 12 3 16580 1 20140731170411 00078
00000018 2013 01 3 16580 1 20140717174242 00030
00000018 2013 02 3 16580 1 20140717174529 00030
00000018 2013 03 3 16580 1 20140717175455 00030
00000018 2013 04 3 16580 1 20140717175740 00030
00000018 2013 05 3 16580 1 20140717180038 00030
00000018 2013 06 3 16580 1 20140717180358 00030
00000018 2013 07 3 16580 1 20140717180657 00030
00000018 2013 08 3 16580 1 20140717180856 00030
00000018 2013 09 3 16580 1 20140625143029 00030
00000018 2013 10 3 16580 1 20140625143440 00030
00000018 2013 11 3 16580 1 20140625143905 00030
00000018 2013 12 3 16580 1 20140625144244 00030
00000018 2014 01 3 16580 1 20140616210921 00078
00000018 2014 02 3 16580 1 20140815110943 00030
00000018 2014 03 3 16580 1 20140616210959 00078
00000018 2014 04 3 16692 1 20140616182736 00078
00000018 2014 05 3 16692 1 20140815161254 00030
00000018 2014 06 3 16692 1 20140702173637 00031
00000018 2014 07 3 16692 1 20140803183825 00031
00000018 2014 08 3 16692 1 20140901125449 00031
00000018 2014 09 3 16692 1 20141003183948 00031
