000000182012042 00000018 2012 04 04 11 7311 11:00 11:59 0070 1 235 0 _ _ 1 1 20140731160432 78
000000182012061 00000018 2012 06 20 11 7311 10:45 11:44 0070 1 235 0 _ _ 1 1 20140731162128 78
000000182012061 00000018 2012 06 27 11 7311 10:45 11:44 0070 1 235 0 _ _ 1 1 20140731162128 78
0000001820120610 00000018 2012 06 01 17 1009 _ _ 0044 1 300 0 _ _ 1 1 20140731162128 78
000000182012062 00000018 2012 06 06 11 4311 10:45 12:15 0070 1 464 0 _ _ 1 1 20140731162128 78
000000182012062 00000018 2012 06 13 11 4311 10:45 12:15 0070 1 464 0 _ _ 1 1 20140731162128 78
000000182012063 00000018 2012 06 04 11 7311 13:30 14:29 0070 1 235 0 _ _ 1 1 20140731162128 78
000000182012063 00000018 2012 06 18 11 7311 13:30 14:29 0070 1 235 0 _ _ 1 1 20140731162128 78
000000182012063 00000018 2012 06 25 11 7311 13:30 14:29 0070 1 235 0 _ _ 1 1 20140731162128 78
000000182012064 00000018 2012 06 11 11 5311 13:30 15:29 0070 1 612 0 _ _ 1 1 20140731162128 78
000000182012065 00000018 2012 06 15 11 7311 14:00 14:59 0070 1 235 0 _ _ 1 1 20140731162128 78
000000182012065 00000018 2012 06 22 11 7311 14:00 14:59 0070 1 235 0 _ _ 1 1 20140731162128 78
000000182012065 00000018 2012 06 29 11 7311 14:00 14:59 0070 1 235 0 _ _ 1 1 20140731162128 78
000000182012066 00000018 2012 06 08 11 5211 16:00 17:44 0070 1 542 0 _ _ 1 1 20140731162128 78
000000182012067 00000018 2012 06 01 17 1007 _ _ 0044 1 100 0 _ _ 1 1 20140731162128 78
000000182012068 00000018 2012 06 01 17 1007 _ _ 0044 1 50 0 _ _ 1 1 20140731162128 78
000000182012069 00000018 2012 06 01 17 1007 _ _ 0044 1 300 0 _ _ 1 1 20140731162128 78
000000182012072 00000018 2012 07 02 11 7311 13:30 14:29 0070 1 235 0 _ _ 1 1 20140731163424 78
000000182012072 00000018 2012 07 09 11 7311 13:30 14:29 0070 1 235 0 _ _ 1 1 20140731163424 78
000000182012072 00000018 2012 07 16 11 7311 13:30 14:29 0070 1 235 0 _ _ 1 1 20140731163424 78
000000182012072 00000018 2012 07 23 11 7311 13:30 14:29 0070 1 235 0 _ _ 1 1 20140731163424 78
000000182012072 00000018 2012 07 30 11 7311 13:30 14:29 0070 1 235 0 _ _ 1 1 20140731163424 78
000000182012073 00000018 2012 07 13 11 7211 14:00 14:20 0070 1 190 0 _ _ 1 1 20140731163424 78
000000182012074 00000018 2012 07 06 11 7311 14:00 14:59 0070 1 235 0 _ _ 1 1 20140731163424 78
000000182012074 00000018 2012 07 20 11 7311 14:00 14:59 0070 1 235 0 _ _ 1 1 20140731163424 78
000000182012074 00000018 2012 07 27 11 7311 14:00 14:59 0070 1 235 0 _ _ 1 1 20140731163424 78
000000182012075 00000018 2012 07 01 17 1007 _ _ 0044 1 550 0 _ _ 1 1 20140731163424 78
000000182012076 00000018 2012 07 01 17 1009 _ _ 0044 1 300 0 _ _ 1 1 20140731163424 78
000000182012081 00000018 2012 08 28 11 7311 10:30 11:29 0070 1 235 0 _ _ 1 1 20140731164354 78
000000182012082 00000018 2012 08 06 11 7311 13:30 14:29 0070 1 235 0 _ _ 1 1 20140731164354 78
000000182012082 00000018 2012 08 13 11 7311 13:30 14:29 0070 1 235 0 _ _ 1 1 20140731164354 78
000000182012082 00000018 2012 08 20 11 7311 13:30 14:29 0070 1 235 0 _ _ 1 1 20140731164354 78
000000182012091 00000018 2012 09 03 11 7311 13:30 14:29 0070 1 235 0 _ _ 1 1 20140731165434 78
000000182012091 00000018 2012 09 10 11 7311 13:30 14:29 0070 1 235 0 _ _ 1 1 20140731165434 78
000000182012091 00000018 2012 09 17 11 7311 13:30 14:29 0070 1 235 0 _ _ 1 1 20140731165434 78
000000182012101 00000018 2012 10 01 11 7311 13:30 14:29 0070 1 235 0 _ _ 1 1 20140731165705 78
000000182012101 00000018 2012 10 08 11 7311 13:30 14:29 0070 1 235 0 _ _ 1 1 20140731165705 78
000000182012101 00000018 2012 10 15 11 7311 13:30 14:29 0070 1 235 0 _ _ 1 1 20140731165705 78
000000182012101 00000018 2012 10 22 11 7311 13:30 14:29 0070 1 235 0 _ _ 1 1 20140731165705 78
000000182012101 00000018 2012 10 29 11 7311 13:30 14:29 0070 1 235 0 _ _ 1 1 20140731165705 78
000000182012111 00000018 2012 11 05 11 7311 13:30 14:29 0070 1 235 0 _ _ 1 1 20140731170147 78
000000182012111 00000018 2012 11 12 11 7311 13:30 14:29 0070 1 235 0 _ _ 1 1 20140731170147 78
000000182012111 00000018 2012 11 19 11 7311 13:30 14:29 0070 1 235 0 _ _ 1 1 20140731170147 78
000000182012111 00000018 2012 11 26 11 7311 13:30 14:29 0070 1 235 0 _ _ 1 1 20140731170147 78
000000182012121 00000018 2012 12 03 11 7311 13:30 14:29 0070 1 235 0 _ _ 1 1 20140731170401 78
000000182012121 00000018 2012 12 10 11 7311 13:30 14:29 0070 1 235 0 _ _ 1 1 20140731170401 78
000000182012121 00000018 2012 12 17 11 7311 13:30 14:29 0070 1 235 0 _ _ 1 1 20140731170401 78
000000182012121 00000018 2012 12 24 11 7311 13:30 14:29 0070 1 235 0 _ _ 1 1 20140731170401 78
000000182013011 00000018 2013 01 07 11 7311 13:30 14:29 0070 1 235 0 _ _ 1 1 20140717174228 24
000000182013011 00000018 2013 01 14 11 7311 13:30 14:29 0070 1 235 0 _ _ 1 1 20140717174228 24
000000182013011 00000018 2013 01 21 11 7311 13:30 14:29 0070 1 235 0 _ _ 1 1 20140717174228 24
000000182013011 00000018 2013 01 28 11 7311 13:30 14:29 0070 1 235 0 _ _ 1 1 20140717174228 24
000000182013021 00000018 2013 02 13 11 7311 14:00 14:59 0070 1 235 0 _ _ 1 1 20140717174509 24
000000182013021 00000018 2013 02 20 11 7311 14:00 14:59 0070 1 235 0 _ _ 1 1 20140717174509 24
000000182013021 00000018 2013 02 27 11 7311 14:00 14:59 0070 1 235 0 _ _ 1 1 20140717174509 24
000000182013031 00000018 2013 03 06 11 7311 14:00 14:59 0070 1 235 0 _ _ 1 1 20140717175442 24
000000182013031 00000018 2013 03 13 11 7311 14:00 14:59 0070 1 235 0 _ _ 1 1 20140717175442 24
000000182013031 00000018 2013 03 20 11 7311 14:00 14:59 0070 1 235 0 _ _ 1 1 20140717175442 24
000000182013031 00000018 2013 03 27 11 7311 14:00 14:59 0070 1 235 0 _ _ 1 1 20140717175442 24
000000182013041 00000018 2013 04 03 11 7311 14:00 14:59 0070 1 235 0 _ _ 1 1 20140717175722 24
000000182013041 00000018 2013 04 10 11 7311 14:00 14:59 0070 1 235 0 _ _ 1 1 20140717175722 24
000000182013041 00000018 2013 04 17 11 7311 14:00 14:59 0070 1 235 0 _ _ 1 1 20140717175722 24
000000182013041 00000018 2013 04 24 11 7311 14:00 14:59 0070 1 235 0 _ _ 1 1 20140717175722 24
000000182013051 00000018 2013 05 01 11 7311 14:00 14:59 0070 1 235 0 _ _ 1 1 20140717180029 24
000000182013051 00000018 2013 05 08 11 7311 14:00 14:59 0070 1 235 0 _ _ 1 1 20140717180029 24
000000182013051 00000018 2013 05 15 11 7311 14:00 14:59 0070 1 235 0 _ _ 1 1 20140717180029 24
000000182013051 00000018 2013 05 22 11 7311 14:00 14:59 0070 1 235 0 _ _ 1 1 20140717180029 24
000000182013061 00000018 2013 06 12 11 7311 14:00 14:55 0070 1 235 0 _ _ 1 1 20140717180331 24
000000182013062 00000018 2013 06 05 11 7311 14:00 14:59 0070 1 235 0 _ _ 1 1 20140717180331 24
000000182013062 00000018 2013 06 19 11 7311 14:00 14:59 0070 1 235 0 _ _ 1 1 20140717180331 24
000000182013062 00000018 2013 06 26 11 7311 14:00 14:59 0070 1 235 0 _ _ 1 1 20140717180331 24
000000182013071 00000018 2013 07 03 11 7311 14:00 14:59 0070 1 235 0 _ _ 1 1 20140717180649 24
000000182013071 00000018 2013 07 10 11 7311 14:00 14:59 0070 1 235 0 _ _ 1 1 20140717180649 24
000000182013071 00000018 2013 07 17 11 7311 14:00 14:59 0070 1 235 0 _ _ 1 1 20140717180649 24
000000182013071 00000018 2013 07 24 11 7311 14:00 14:59 0070 1 235 0 _ _ 1 1 20140717180649 24
000000182013071 00000018 2013 07 31 11 7311 14:00 14:59 0070 1 235 0 _ _ 1 1 20140717180649 24
000000182013081 00000018 2013 08 07 11 7311 14:00 14:59 0070 1 235 0 _ _ 1 1 20140717180844 24
000000182013081 00000018 2013 08 14 11 7311 14:00 14:59 0070 1 235 0 _ _ 1 1 20140717180844 24
000000182013081 00000018 2013 08 21 11 7311 14:00 14:59 0070 1 235 0 _ _ 1 1 20140717180844 24
000000182013081 00000018 2013 08 28 11 7311 14:00 14:59 0070 1 235 0 _ _ 1 1 20140717180844 24
000000182013091 00000018 2013 09 04 11 7311 14:00 15:00 0070 1 235 0 _ _ 1 1 20140625142947 24
000000182013091 00000018 2013 09 11 11 7311 14:00 15:00 0070 1 235 0 _ _ 1 1 20140625142947 24
000000182013091 00000018 2013 09 18 11 7311 14:00 15:00 0070 1 235 0 _ _ 1 1 20140625142947 24
000000182013091 00000018 2013 09 25 11 7311 14:00 15:00 0070 1 235 0 _ _ 1 1 20140625142947 24
000000182013101 00000018 2013 10 02 11 7311 14:00 15:00 0070 1 235 0 _ _ 1 1 20140625143427 24
000000182013101 00000018 2013 10 09 11 7311 14:00 15:00 0070 1 235 0 _ _ 1 1 20140625143427 24
000000182013101 00000018 2013 10 16 11 7311 14:00 15:00 0070 1 235 0 _ _ 1 1 20140625143427 24
000000182013101 00000018 2013 10 23 11 7311 14:00 15:00 0070 1 235 0 _ _ 1 1 20140625143427 24
000000182013101 00000018 2013 10 30 11 7311 14:00 15:00 0070 1 235 0 _ _ 1 1 20140625143427 24
000000182013111 00000018 2013 11 06 11 7311 14:00 15:00 0070 1 235 0 _ _ 1 1 20140625143856 24
000000182013111 00000018 2013 11 13 11 7311 14:00 15:00 0070 1 235 0 _ _ 1 1 20140625143856 24
000000182013111 00000018 2013 11 20 11 7311 14:00 15:00 0070 1 235 0 _ _ 1 1 20140625143856 24
000000182013111 00000018 2013 11 27 11 7311 14:00 15:00 0070 1 235 0 _ _ 1 1 20140625143856 24
000000182013121 00000018 2013 12 11 11 7311 14:00 15:00 0070 1 235 0 _ _ 1 1 20140625144235 24
000000182013121 00000018 2013 12 18 11 7311 14:00 15:00 0070 1 235 0 _ _ 1 1 20140625144235 24
000000182013121 00000018 2013 12 25 11 7311 14:00 15:00 0070 1 235 0 _ _ 1 1 20140625144235 24
000000182014011 00000018 2014 01 08 11 7311 14:00 15:00 0070 1 235 0 _ _ 1 1 20140616210900 78
000000182014011 00000018 2014 01 15 11 7311 14:00 15:00 0070 1 235 0 _ _ 1 1 20140616210900 78
000000182014011 00000018 2014 01 22 11 7311 14:00 15:00 0070 1 235 0 _ _ 1 1 20140616210900 78
000000182014012 00000018 2014 01 29 11 7311 13:00 14:00 0070 1 235 0 _ _ 1 1 20140616210900 78
000000182014021 00000018 2014 02 05 11 7311 14:00 15:00 0070 1 235 0 _ _ 1 1 20140815110933 24
000000182014021 00000018 2014 02 12 11 7311 14:00 15:00 0070 1 235 0 _ _ 1 1 20140815110933 24
000000182014021 00000018 2014 02 19 11 7311 14:00 15:00 0070 1 235 0 _ _ 1 1 20140815110933 24
000000182014021 00000018 2014 02 26 11 7311 14:00 15:00 0070 1 235 0 _ _ 1 1 20140815110933 24
000000182014031 00000018 2014 03 05 11 7311 14:00 15:00 0070 1 235 0 _ _ 1 1 20140616210945 78
000000182014031 00000018 2014 03 12 11 7311 14:00 15:00 0070 1 235 0 _ _ 1 1 20140616210945 78
000000182014031 00000018 2014 03 19 11 7311 14:00 15:00 0070 1 235 0 _ _ 1 1 20140616210945 78
000000182014031 00000018 2014 03 26 11 7311 14:00 15:00 0070 1 235 0 _ _ 1 1 20140616210945 78
000000182014041 00000018 2014 04 02 11 7311 14:00 15:00 0070 1 236 0 _ _ 1 1 20140616204023 78
000000182014041 00000018 2014 04 09 11 7311 14:00 15:00 0070 1 236 0 _ _ 1 1 20140616204023 78
000000182014041 00000018 2014 04 16 11 7311 14:00 15:00 0070 1 236 0 _ _ 1 1 20140616204023 78
000000182014041 00000018 2014 04 23 11 7311 14:00 15:00 0070 1 236 0 _ _ 1 1 20140616204023 78
000000182014041 00000018 2014 04 30 11 7311 14:00 15:00 0070 1 236 0 _ _ 1 1 20140616204023 78
000000182014051 00000018 2014 05 14 11 7311 14:00 15:00 0070 1 236 0 _ _ 1 1 20140815161242 24
000000182014051 00000018 2014 05 21 11 7311 14:00 15:00 0070 1 236 0 _ _ 1 1 20140815161242 24
000000182014052 00000018 2014 05 28 11 7311 15:15 16:15 0070 1 236 0 _ _ 1 1 20140815161242 24
000000182014062 00000018 2014 06 06 11 4111 14:45 15:44 0070 1 325 0 _ _ 1 1 20140702173454 25
000000182014062 00000018 2014 06 13 11 4111 14:45 15:44 0070 1 325 0 _ _ 1 1 20140702173454 25
000000182014062 00000018 2014 06 20 11 4111 14:45 15:44 0070 1 325 0 _ _ 1 1 20140702173454 25
000000182014062 00000018 2014 06 27 11 4111 14:45 15:44 0070 1 325 0 _ _ 1 1 20140702173454 25
000000182014064 00000018 2014 06 03 11 7311 15:15 16:14 0070 1 236 0 _ _ 1 1 20140702173454 25
000000182014064 00000018 2014 06 10 11 7311 15:15 16:14 0070 1 236 0 _ _ 1 1 20140702173454 25
000000182014064 00000018 2014 06 17 11 7311 15:15 16:14 0070 1 236 0 _ _ 1 1 20140702173454 25
000000182014071 00000018 2014 07 02 11 7311 14:00 14:59 0070 1 236 0 _ _ 1 1 20140803183809 25
000000182014071 00000018 2014 07 16 11 7311 14:00 14:59 0070 1 236 0 _ _ 1 1 20140803183809 25
000000182014071 00000018 2014 07 23 11 7311 14:00 14:59 0070 1 236 0 _ _ 1 1 20140803183809 25
000000182014071 00000018 2014 07 30 11 7311 14:00 14:59 0070 1 236 0 _ _ 1 1 20140803183809 25
000000182014072 00000018 2014 07 09 11 7311 15:00 15:59 0070 1 236 0 _ _ 1 1 20140803183809 25
000000182014081 00000018 2014 08 06 11 7311 14:00 14:59 0070 1 236 0 _ _ 1 1 20140901125423 25
000000182014081 00000018 2014 08 13 11 7311 14:00 14:59 0070 1 236 0 _ _ 1 1 20140901125423 25
000000182014081 00000018 2014 08 20 11 7311 14:00 14:59 0070 1 236 0 _ _ 1 1 20140901125423 25
000000182014081 00000018 2014 08 27 11 7311 14:00 14:59 0070 1 236 0 _ _ 1 1 20140901125423 25
000000182014091 00000018 2014 09 03 11 7311 14:00 14:59 0070 1 236 0 _ _ 1 1 20141003183931 25
000000182014091 00000018 2014 09 10 11 7311 14:00 14:59 0070 1 236 0 _ _ 1 1 20141003183931 25
000000182014091 00000018 2014 09 17 11 7311 14:00 14:59 0070 1 236 0 _ _ 1 1 20141003183931 25
000000182014091 00000018 2014 09 24 11 7311 14:00 14:59 0070 1 236 0 _ _ 1 1 20141003183931 25
