00001251 2015 04 01 11:00 11:30 61 1111 0073 11.05 1 1168 1 20150429122858 00241
00001251 2015 04 03 09:00 09:50 61 1214 0073 11.05 1 2102 1 20150413170916 00241
00001251 2015 04 04 11:00 11:30 61 1111 0073 11.05 1 1168 1 20150413170916 00241
00001251 2015 04 08 11:00 11:30 61 1111 0073 11.05 1 1168 1 20150413170916 00241
00001251 2015 04 10 09:00 09:50 61 1214 0073 11.05 1 2102 1 20150413170916 00241
00001251 2015 04 11 11:00 11:30 61 1111 0073 11.05 1 1168 1 20150413170916 00241
00001251 2015 04 13 09:00 09:50 61 1214 0073 11.05 1 2102 1 20150413170916 00241
00001251 2015 04 15 11:00 11:30 61 1111 0073 11.05 1 1168 1 20150413170916 00241
00001251 2015 04 18 11:00 11:30 61 1111 0073 11.05 1 1168 1 20150413170916 00241
00001251 2015 04 22 11:00 11:30 61 1111 0073 11.05 1 1168 1 20150413170916 00241
00001251 2015 04 24 09:00 09:50 61 1214 0073 11.05 1 2102 1 20150413170916 00241
00001251 2015 04 25 11:00 11:30 61 1111 0073 11.05 1 1168 1 20150413170916 00241
00001251 2015 04 27 09:00 09:50 61 1214 0073 11.05 1 2102 1 20150413170916 00241
00001251 2015 04 29 11:00 11:30 61 1111 0073 11.05 1 1168 1 20150413170916 00241
