00001251 0073 2015 04 0000002 01 00017 _ 11:00 11:30 _ _ 0 1111 1 61 1 20150414181441 00241
00001251 0073 2015 04 0000003 03 00017 _ 09:00 09:50 _ _ 0 1214 1 61 1 20150414181441 00241
00001251 0073 2015 04 0000004 04 00016 _ 11:00 11:30 _ _ 0 1111 1 61 1 20150414181441 00241
00001251 0073 2015 04 0000005 08 00031 _ 11:00 11:30 _ _ 0 1111 1 61 1 20150414181441 00241
00001251 0073 2015 04 0000006 10 00016 _ 09:00 09:50 _ _ 0 1214 1 61 1 20150414181441 00241
00001251 0073 2015 04 0000007 11 00014 _ 11:00 11:30 _ _ 0 1111 1 61 1 20150414181441 00241
00001251 0073 2015 04 0000008 13 00019 _ 09:00 09:50 _ _ 0 1214 1 61 1 20150414181441 00241
00001251 0073 2015 04 0000009 15 00019 _ 11:00 11:30 _ _ 0 1111 1 61 1 20150414181441 00241
00001251 0073 2015 04 0000010 18 00031 _ 11:00 11:30 _ _ 0 1111 1 61 1 20150414181441 00241
00001251 0073 2015 04 0000011 22 00035 _ 11:00 11:30 _ _ 0 1111 1 61 1 20150414181441 00241
00001251 0073 2015 04 0000012 24 00039 _ 09:00 09:50 _ _ 0 1214 1 61 1 20150414181441 00241
00001251 0073 2015 04 0000013 25 00044 _ 11:00 11:30 _ _ 0 1111 1 61 1 20150414181441 00241
00001251 0073 2015 04 0000014 27 00042 _ 09:00 09:50 _ _ 0 1214 1 61 1 20150414181441 00241
00001251 0073 2015 04 0000015 29 00045 _ 11:00 11:30 _ _ 0 1111 1 61 1 20150414181441 00241
00001251 0073 2015 04 0000016 01 00016 _ 11:00 11:30 1 _ 0 1111 1 61 1 20150429122858 00241
00001251 0073 2015 05 0000017 02 00011 _ 11:00 11:30 _ _ 0 1111 1 61 1 20150506162415 00241
00001251 0073 2015 05 0000018 06 00011 _ 11:00 11:30 _ _ 0 1111 1 61 1 20150506162415 00241
00001251 0073 2015 05 0000019 09 00011 _ 11:00 11:30 _ _ 0 1111 1 61 1 20150506162415 00241
00001251 0073 2015 05 0000020 13 00011 _ 11:00 11:30 _ _ 0 1111 1 61 1 20150506162415 00241
00001251 0073 2015 05 0000021 16 00011 _ 11:00 11:30 _ _ 0 1111 1 61 1 20150506162415 00241
00001251 0073 2015 05 0000022 20 00011 _ 11:00 11:30 _ _ 0 1111 1 61 1 20150506162415 00241
00001251 0073 2015 05 0000023 23 00011 _ 11:00 11:30 _ _ 0 1111 1 61 1 20150506162415 00241
00001251 0073 2015 05 0000024 27 00011 _ 11:00 11:30 _ _ 0 1111 1 61 1 20150506162415 00241
00001251 0073 2015 05 0000025 30 00015 _ 11:00 11:30 _ _ 0 1111 1 61 1 20150506162415 00241
00001251 0073 2015 05 0000026 02 00011 _ 14:00 14:19 _ _ 0 1114 1 61 1 20150506162415 00241
00001251 0073 2015 05 0000027 06 00011 _ 14:00 14:20 _ _ 0 1211 1 61 1 20150506162415 00241
00001251 0073 2015 05 0000028 09 00011 _ 13:45 13:59 _ _ 0 1114 1 61 1 20150506162415 00241
00001251 0073 2015 05 0000029 13 00014 _ 14:00 14:15 _ _ 0 1114 1 61 1 20150506162415 00241
00001251 0073 2015 05 0000030 16 00011 _ 14:00 14:15 _ _ 0 1114 1 61 1 20150506162415 00241
00001251 0073 2015 05 0000031 20 00011 _ 14:00 14:16 _ _ 0 1114 1 61 1 20150506162415 00241
00001251 0073 2015 05 0000032 23 00011 _ 13:50 14:10 _ _ 0 1114 1 61 1 20150506162415 00241
00001251 0073 2015 05 0000033 27 00011 _ 14:00 14:22 _ _ 0 1214 1 61 1 20150506162415 00241
00001251 0073 2015 05 0000034 30 00015 _ 15:00 15:15 _ _ 0 1114 1 61 1 20150506162415 00241
00001251 0073 2015 05 0000035 06 00017 _ 18:32 18:49 _ _ 0 1114 1 61 1 20150506162415 00241
