0001 02 00002 0 コピー(カラー) 00003 50 2 1 1 20140704165116 00003
0001 02 00003 0 ゲストルーム宿泊費 00003 5000 8 1 1 20140704165116 00003
0001 02 00004 0 役所手続代行 00003 1500 9 1 1 20140704165116 00003
0001 02 00005 0 買物代行 00003 1500 10 1 1 20140704165116 00003
0001 02 00006 0 体験入居6泊7日 00009 90000 11 1 1 20140704165116 00003
0001 02 00007 0 体験入居延長分 00009 30000 12 1 1 20140704165116 00003
0001 02 00008 0 切手52円 00003 52 3 0 1 20140704165116 00003
0001 02 00009 0 切手82円 00003 82 4 0 1 20140704165116 00003
0001 02 00010 0 介護サービス費 00003 0 13 0 9 20140704153103 00022
0001 02 00011 0 管理費 00004 0 14 0 9 20140704153103 00022
0001 02 00012 0 はがき 00003 52 5 0 1 20140704165116 00003
0001 02 00013 0 収入印紙 00003 200 6 0 1 20140704165116 00003
0003 01 00001 0 差額家賃 1 36000 1 3 1 2014071500000000 UserId
0003 01 00002 0 差額家賃 1 25000 2 3 1 2014071500000000 UserId
0003 01 00003 0 差額家賃 1 13000 3 3 1 2014071500000000 UserId
0003 01 00004 0 差額家賃 1 30000 4 3 1 2014071500000000 UserId
0003 01 00005 0 居室ケータリング 5 216 5 1 1 2014071500000000 UserId
0003 01 00006 0 ゲストルーム利用 5 5400 6 1 1 2014071500000000 UserId
0003 01 00007 0 役所手続代行 5 1620 7 1 1 2014071500000000 UserId
0003 01 00008 0 買物代行 5 1620 8 1 1 2014071500000000 UserId
0003 01 00009 0 健康診断 5 16500 9 1 1 2014071500000000 UserId
0003 01 00010 0 健康診断 5 12400 10 1 1 2014071500000000 UserId
0003 01 00011 0 転居はがき 5 62 11 1 1 2014071500000000 UserId
0003 01 00012 0 官製はがき 5 52 12 1 1 2014071500000000 UserId
0003 01 00013 0 往復はがき 5 104 13 1 1 2014071500000000 UserId
0003 01 00014 0 切手82円 5 82 14 1 1 2014071500000000 UserId
0003 01 00015 0 切手52円 5 52 15 1 1 2014071500000000 UserId
0003 01 00016 0 切手10円 5 10 16 1 1 2014071500000000 UserId
0003 01 00017 0 切手20円 5 20 17 1 1 2014071500000000 UserId
0003 01 00018 0 切手30円 5 30 18 1 1 2014071500000000 UserId
0003 01 00019 0 切手50円 5 50 19 1 1 2014071500000000 UserId
0003 01 00020 0 切手80円 5 80 20 1 1 2014071500000000 UserId
0003 01 00021 0 切手90円 5 90 21 1 1 2014071500000000 UserId
0003 01 00022 0 切手120円 5 120 22 1 1 2014071500000000 UserId
0003 01 00023 0 切手130円 5 130 23 1 1 2014071500000000 UserId
0003 01 00024 0 切手140円 5 140 24 1 1 2014071500000000 UserId
0003 01 00025 0 切手160円 5 160 25 1 1 2014071500000000 UserId
0003 01 00026 0 切手200円 5 200 26 1 1 2014071500000000 UserId
0003 01 00027 0 切手270円 5 270 27 1 1 2014071500000000 UserId
0003 01 00028 0 切手350円 5 350 28 1 1 2014071500000000 UserId
0003 01 00029 0 切手420円 5 420 29 1 1 2014071500000000 UserId
0003 01 00030 0 切手2円 5 2 30 1 1 2014071500000000 UserId
0003 01 00031 0 コピー代（白黒） 5 10 31 1 1 2014071500000000 UserId
0003 01 00032 0 コピー代(カラー） 5 51 32 1 1 2014071500000000 UserId
0003 01 00033 0 ファックス代（国内） 5 20 33 1 1 2014071500000000 UserId
0003 01 00034 0 カードホルダー 5 411 34 1 1 2014071500000000 UserId
0003 01 00035 0 浄水器カートリッジ 5 4320 35 1 1 2014071500000000 UserId
0003 01 00036 0 トイレットペーパー 5 515 36 1 1 2014071500000000 UserId
0003 01 00037 0 ティッシュペーパー 5 390 37 1 1 2014071500000000 UserId
0003 01 00038 0 洗剤 5 370 38 1 1 2014071500000000 UserId
0003 01 00039 0 液体洗剤 5 411 39 1 1 2014071500000000 UserId
0003 01 00040 0 液体洗剤（詰替え用） 5 308 40 1 1 2014071500000000 UserId
0003 01 00041 0 カードキー再発行 5 2160 41 1 1 2014071500000000 UserId
0003 01 00042 0 電池（単1） 5 206 42 1 1 2014071500000000 UserId
0003 01 00043 0 電池（単2） 5 154 43 1 1 2014071500000000 UserId
0003 01 00044 0 電池（単3） 5 103 44 1 1 2014071500000000 UserId
0003 01 00045 0 電池（単4） 5 103 45 1 1 2014071500000000 UserId
0003 01 00046 0 シリカ電球(40W) 5 206 46 1 1 2014071500000000 UserId
0003 01 00047 0 シリカ電球(60W) 5 258 47 1 1 2014071500000000 UserId
0003 01 00048 0 ボール電球(60W・玄関等) 5 411 48 1 1 2014071500000000 UserId
0003 01 00049 0 ボール電球(40W・トイレ等) 5 308 49 1 1 2014071500000000 UserId
0003 01 00050 0 ツイン蛍光灯 5 1852 50 1 1 2014071500000000 UserId
0003 01 00051 0 ミニクリプトン電球 5 206 51 1 1 2014071500000000 UserId
0003 01 00052 0 蛍光灯(流し元) 5 720 52 1 1 2014071500000000 UserId
0003 01 00053 0 蛍光灯(洗面間接照明) 5 1234 53 1 1 2014071500000000 UserId
0003 01 00054 0 ピクチャーレール 5 1155 54 1 1 2014071500000000 UserId
0003 01 00055 0 ミニレフ電球(バルコニー） 5 411 55 1 1 2014071500000000 UserId
0003 01 00056 0 電球交換 5 216 56 1 1 2014071500000000 UserId
0003 01 00057 0 簡易清掃（ﾊﾞﾙｺﾆｰ含む） 5 1944 57 1 1 2014071500000000 UserId
0003 01 00058 0 簡易清掃 5 1620 58 1 1 2014071500000000 UserId
0003 01 00059 0 お手伝い・営繕 5 864 59 1 1 2014071500000000 UserId
0003 01 00060 0 収入印紙 5 200 60 1 1 2014071500000000 UserId
0003 01 00061 0 滞在費 5 1575 61 1 1 2014071500000000 UserId
0003 01 00062 0 月額賃料 1 0 62 3 1 2014071500000000 UserId
0003 01 00063 0 管理費 2 0 63 3 1 2014071500000000 UserId
0003 01 00064 0 サービス費 3 0 64 1 1 2014071500000000 UserId
0003 01 00065 0 月額賃料 1 0 65 3 1 2014071500000000 UserId
0003 01 00066 0 管理費 2 0 66 3 1 2014071500000000 UserId
0003 01 00067 0 サービス費 3 0 67 1 1 2014071500000000 UserId
0003 01 00068 0 食事代 4 0 68 1 1 2014071500000000 UserId
0003 01 00069 0 食事追加代 4 0 69 1 1 2014071500000000 UserId
0003 01 00070 0 駐車場代 6 0 70 1 1 2014071500000000 UserId
0003 01 00071 0 駐車場代 6 0 71 1 1 2014071500000000 UserId
0003 01 00072 0 駐輪場代 6 0 72 1 1 2014071500000000 UserId
0003 01 00073 0 トランクルーム料 6 0 73 1 1 2014071500000000 UserId
0003 01 00074 0 トランクルーム料 6 0 74 1 1 2014071500000000 UserId
0003 01 00075 0 ナンバーディスプレイ 10 0 75 1 1 2014071500000000 UserId
0003 01 00076 0 電気料金 10 0 76 1 1 2014071500000000 UserId
0003 01 00077 0 水道料金 10 0 77 1 1 2014071500000000 UserId
0003 01 00078 0 電話通話料 10 0 78 2 1 2014071500000000 UserId
0003 01 00079 0 ファックス代（海外） 5 0 79 1 1 2014071500000000 UserId
0003 01 00080 0 電池（単5） 5 0 80 1 1 2014071500000000 UserId
0003 01 00081 0 所持物の処分 5 0 81 1 1 2014071500000000 UserId
0003 01 00082 0 宅急便代 5 0 82 1 1 2014071500000000 UserId
0003 01 00083 0 代行業務 5 0 83 1 1 2014071500000000 UserId
0003 01 00084 0 タクシー代 20 0 84 1 1 2014071500000000 UserId
0003 01 00085 0 その他 20 0 85 1 1 2014071500000000 UserId
0003 01 00086 0 その他（清掃） 20 0 86 1 1 2014071500000000 UserId
0003 01 00087 0 立替金（医療費） 30 0 87 1 1 2014071500000000 UserId
0003 01 00088 0 立替金 30 0 88 1 1 2014071500000000 UserId
