0001 02 00002 0 コピー(カラー) 00003 50 2 1 1 20140704165116 00003
0001 02 00003 0 ゲストルーム宿泊費 00003 5000 8 1 1 20140704165116 00003
0001 02 00004 0 役所手続代行 00003 1500 9 1 1 20140704165116 00003
0001 02 00005 0 買物代行 00003 1500 10 1 1 20140704165116 00003
0001 02 00006 0 体験入居6泊7日 00009 90000 11 1 1 20140704165116 00003
0001 02 00007 0 体験入居延長分 00009 30000 12 1 1 20140704165116 00003
0001 02 00008 0 切手52円 00003 52 3 0 1 20140704165116 00003
0001 02 00009 0 切手82円 00003 82 4 0 1 20140704165116 00003
0001 02 00010 0 介護サービス費 00003 0 13 0 9 20140704153103 00022
0001 02 00011 0 管理費 00004 0 14 0 9 20140704153103 00022
0001 02 00012 0 はがき 00003 52 5 0 1 20140704165116 00003
0001 02 00013 0 収入印紙 00003 200 6 0 1 20140704165116 00003
0002 01 00001 0 家賃 1 14000 1 3 1 2014071500000000 UserId
0002 01 00002 0 家賃 1 85000 2 3 1 2014071500000000 UserId
0002 01 00003 0 家賃 1 200000 3 3 1 2014071500000000 UserId
0002 01 00004 0 電池（単一） 5 172 4 1 1 2014071500000000 UserId
0002 01 00005 0 電池（単二） 5 140 5 1 1 2014071500000000 UserId
0002 01 00006 0 電池（単三） 5 97 6 1 1 2014071500000000 UserId
0002 01 00007 0 電池（単四） 5 108 7 1 1 2014071500000000 UserId
0002 01 00008 0 電池（単五） 5 140 8 1 1 2014071500000000 UserId
0002 01 00009 0 蛍光ランプ15W 5 388 9 1 1 2014071500000000 UserId
0002 01 00010 0 点灯管 5 97 10 1 1 2014071500000000 UserId
0002 01 00011 0 白熱電球(60w) 5 108 11 1 1 2014071500000000 UserId
0002 01 00012 0 ミニ電球（ﾚﾝｼﾞﾌｰﾄﾞ用） 5 270 12 1 1 2014071500000000 UserId
0002 01 00013 0 シリカ電球（ﾊﾞｽﾙｰﾑ用） 5 194 13 1 1 2014071500000000 UserId
0002 01 00014 0 ミニクリプトン電球（ﾊﾞｽﾙｰﾑ用） 5 399 14 1 1 2014071500000000 UserId
0002 01 00015 0 ｸﾘｱ小丸電球 5 118 15 1 1 2014071500000000 UserId
0002 01 00016 0 蛍光ランプ20Ｗ（ﾊﾞｽﾙｰﾑ用） 5 486 16 1 1 2014071500000000 UserId
0002 01 00017 0 蛍光ランプ40Ｗ（ﾊﾞｽﾙｰﾑ用） 5 702 17 1 1 2014071500000000 UserId
0002 01 00018 0 蛍光灯(FL-20SN) 5 216 18 1 1 2014071500000000 UserId
0002 01 00019 0 点灯管（洗面台用） 5 97 19 1 1 2014071500000000 UserId
0002 01 00020 0 ミニクリプトン電球（居室用） 5 378 20 1 1 2014071500000000 UserId
0002 01 00021 0 コンパクト蛍光灯32Ｗ（居室用） 5 2500 21 1 1 2014071500000000 UserId
0002 01 00022 0 コンパクト蛍光灯24Ｗ（居室用） 5 1950 22 1 1 2014071500000000 UserId
0002 01 00023 0 ミニレフ電球40Ｗ 5 432 23 1 1 2014071500000000 UserId
0002 01 00024 0 ミニレフ電球50Ｗ（居室用） 5 597 24 1 1 2014071500000000 UserId
0002 01 00025 0 レフ電球100Ｗ（居室用） 5 1300 25 1 1 2014071500000000 UserId
0002 01 00026 0 レフ電球60Ｗ 5 486 26 1 1 2014071500000000 UserId
0002 01 00027 0 レフ電球40Ｗ 5 388 27 1 1 2014071500000000 UserId
0002 01 00028 0 香典袋 5 120 28 1 1 2014071500000000 UserId
0002 01 00029 0 封筒（長3） 5 10 29 1 1 2014071500000000 UserId
0002 01 00030 0 封筒（角2） 5 20 30 1 1 2014071500000000 UserId
0002 01 00031 0 現金書留封筒 5 20 31 1 1 2014071500000000 UserId
0002 01 00032 0 ハガキ 5 50 32 1 1 2014071500000000 UserId
0002 01 00033 0 ハガキ（プリント済） 5 60 33 1 1 2014071500000000 UserId
0002 01 00034 0 居室カードキー 5 2100 34 1 1 2014071500000000 UserId
0002 01 00035 0 浄水器カートリッジ 5 4320 35 1 1 2014071500000000 UserId
0002 01 00036 0 Ａ４用紙 5 500 36 1 1 2014071500000000 UserId
0002 01 00037 0 クリアファイル 5 20 37 1 1 2014071500000000 UserId
0002 01 00038 0 カードケース（吊下げ式） 5 150 38 1 1 2014071500000000 UserId
0002 01 00039 0 ＩＣ_カードキー 5 2160 39 1 1 2014071500000000 UserId
0002 01 00040 0 ラミネート 5 105 40 1 1 2014071500000000 UserId
0002 01 00041 0 ゴミ袋（90L） 5 30 41 1 1 2014071500000000 UserId
0002 01 00042 0 ゴミ袋（45L） 5 20 42 1 1 2014071500000000 UserId
0002 01 00043 0 ピクチャーレール用コマ 5 324 43 1 1 2014071500000000 UserId
0002 01 00044 0 コピー（白黒） 5 5 44 1 1 2014071500000000 UserId
0002 01 00045 0 コピー（カラー） 5 31 45 1 1 2014071500000000 UserId
0002 01 00046 0 ＦＡＸ（国内） 5 11 46 1 1 2014071500000000 UserId
0002 01 00047 0 ケータリング 5 216 47 1 1 2014071500000000 UserId
0002 01 00048 0 家具移動 5 840 48 1 1 2014071500000000 UserId
0002 01 00049 0 新聞梱包 5 525 49 1 1 2014071500000000 UserId
0002 01 00050 0 買物代行 5 1575 50 1 1 2014071500000000 UserId
0002 01 00051 0 役所代行 5 1575 51 1 1 2014071500000000 UserId
0002 01 00052 0 網戸張替え 5 2625 52 1 1 2014071500000000 UserId
0002 01 00053 0 宿泊代 5 2160 53 1 1 2014071500000000 UserId
0002 01 00054 0 リネンクリーニング代 5 1296 54 1 1 2014071500000000 UserId
0002 01 00055 0 居室清掃Ａ 5 1620 55 1 1 2014071500000000 UserId
0002 01 00056 0 居室清掃Ｂ 5 4300 56 1 1 2014071500000000 UserId
0002 01 00057 0 家賃(長期体験) 2 0 57 3 1 2014071500000000 UserId
0002 01 00058 0 管理費(長期体験) 2 0 58 3 1 2014071500000000 UserId
0002 01 00059 0 家具レンタル 2 0 59 1 1 2014071500000000 UserId
0002 01 00060 0 賃料(プレオオーナー) 6 0 60 3 1 2014071500000000 UserId
0002 01 00061 0 管理費(プレオーナー) 6 0 61 3 1 2014071500000000 UserId
0002 01 00062 0 駐車場利用料(新) 1 0 62 1 1 2014071500000000 UserId
0002 01 00063 0 家賃 1 0 63 3 1 2014071500000000 UserId
0002 01 00064 0 管理費 1 0 64 3 1 2014071500000000 UserId
0002 01 00065 0 駐車場利用料 1 0 65 1 1 2014071500000000 UserId
0002 01 00066 0 トランクルーム利用料 1 0 66 1 1 2014071500000000 UserId
0002 01 00067 0 サービス費 3 0 67 1 1 2014071500000000 UserId
0002 01 00068 0 敷金 1 0 68 3 1 2014071500000000 UserId
0002 01 00069 0 家賃 2 0 69 3 1 2014071500000000 UserId
0002 01 00070 0 管理費 2 0 70 3 1 2014071500000000 UserId
0002 01 00071 0 駐車場利用料 2 0 71 1 1 2014071500000000 UserId
0002 01 00072 0 トランクルーム利用料 2 0 72 1 1 2014071500000000 UserId
0002 01 00073 0 サービス費 3 0 73 1 1 2014071500000000 UserId
0002 01 00074 0 申込金 6 0 74 3 1 2014071500000000 UserId
0002 01 00075 0 食事代 4 0 75 1 1 2014071500000000 UserId
0002 01 00076 0 食事代返戻 4 0 76 1 1 2014071500000000 UserId
0002 01 00077 0 食事追加代 4 0 77 1 1 2014071500000000 UserId
0002 01 00078 0 電話基本料 10 0 78 1 1 2014071500000000 UserId
0002 01 00079 0 電話通話料 10 0 79 2 1 2014071500000000 UserId
0002 01 00080 0 ＦＡＸ（国際） 5 0 80 1 1 2014071500000000 UserId
0002 01 00081 0 宅急便 5 0 81 1 1 2014071500000000 UserId
0002 01 00082 0 切手 5 0 82 1 1 2014071500000000 UserId
0002 01 00083 0 メール便 5 0 83 1 1 2014071500000000 UserId
0002 01 00084 0 その他 5 0 84 1 1 2014071500000000 UserId
0002 01 00085 0 その他サービス利用料 5 0 85 1 1 2014071500000000 UserId
0002 01 00086 0 オプション販売 5 0 86 1 1 2014071500000000 UserId
0002 01 00087 0 立替金 30 0 87 3 1 2014071500000000 UserId
0002 01 00088 0 立替金 30 0 88 1 1 2014071500000000 UserId
0003 01 00001 0 差額家賃 1 36000 1 3 1 2014071500000000 UserId
0003 01 00002 0 差額家賃 1 25000 2 3 1 2014071500000000 UserId
0003 01 00003 0 差額家賃 1 13000 3 3 1 2014071500000000 UserId
0003 01 00004 0 差額家賃 1 30000 4 3 1 2014071500000000 UserId
0003 01 00005 0 居室ケータリング 5 216 5 1 1 2014071500000000 UserId
0003 01 00006 0 ゲストルーム利用 5 5400 6 1 1 2014071500000000 UserId
0003 01 00007 0 役所手続代行 5 1620 7 1 1 2014071500000000 UserId
0003 01 00008 0 買物代行 5 1620 8 1 1 2014071500000000 UserId
0003 01 00009 0 健康診断 5 16500 9 1 1 2014071500000000 UserId
0003 01 00010 0 健康診断 5 12400 10 1 1 2014071500000000 UserId
0003 01 00011 0 転居はがき 5 62 11 1 1 2014071500000000 UserId
0003 01 00012 0 官製はがき 5 52 12 1 1 2014071500000000 UserId
0003 01 00013 0 往復はがき 5 104 13 1 1 2014071500000000 UserId
0003 01 00014 0 切手82円 5 82 14 1 1 2014071500000000 UserId
0003 01 00015 0 切手52円 5 52 15 1 1 2014071500000000 UserId
0003 01 00016 0 切手10円 5 10 16 1 1 2014071500000000 UserId
0003 01 00017 0 切手20円 5 20 17 1 1 2014071500000000 UserId
0003 01 00018 0 切手30円 5 30 18 1 1 2014071500000000 UserId
0003 01 00019 0 切手50円 5 50 19 1 1 2014071500000000 UserId
0003 01 00020 0 切手80円 5 80 20 1 1 2014071500000000 UserId
0003 01 00021 0 切手90円 5 90 21 1 1 2014071500000000 UserId
0003 01 00022 0 切手120円 5 120 22 1 1 2014071500000000 UserId
0003 01 00023 0 切手130円 5 130 23 1 1 2014071500000000 UserId
0003 01 00024 0 切手140円 5 140 24 1 1 2014071500000000 UserId
0003 01 00025 0 切手160円 5 160 25 1 1 2014071500000000 UserId
0003 01 00026 0 切手200円 5 200 26 1 1 2014071500000000 UserId
0003 01 00027 0 切手270円 5 270 27 1 1 2014071500000000 UserId
0003 01 00028 0 切手350円 5 350 28 1 1 2014071500000000 UserId
0003 01 00029 0 切手420円 5 420 29 1 1 2014071500000000 UserId
0003 01 00030 0 切手2円 5 2 30 1 1 2014071500000000 UserId
0003 01 00031 0 コピー代（白黒） 5 10 31 1 1 2014071500000000 UserId
0003 01 00032 0 コピー代(カラー） 5 51 32 1 1 2014071500000000 UserId
0003 01 00033 0 ファックス代（国内） 5 20 33 1 1 2014071500000000 UserId
0003 01 00034 0 カードホルダー 5 411 34 1 1 2014071500000000 UserId
0003 01 00035 0 浄水器カートリッジ 5 4320 35 1 1 2014071500000000 UserId
0003 01 00036 0 トイレットペーパー 5 515 36 1 1 2014071500000000 UserId
0003 01 00037 0 ティッシュペーパー 5 390 37 1 1 2014071500000000 UserId
0003 01 00038 0 洗剤 5 370 38 1 1 2014071500000000 UserId
0003 01 00039 0 液体洗剤 5 411 39 1 1 2014071500000000 UserId
0003 01 00040 0 液体洗剤（詰替え用） 5 308 40 1 1 2014071500000000 UserId
0003 01 00041 0 カードキー再発行 5 2160 41 1 1 2014071500000000 UserId
0003 01 00042 0 電池（単1） 5 206 42 1 1 2014071500000000 UserId
0003 01 00043 0 電池（単2） 5 154 43 1 1 2014071500000000 UserId
0003 01 00044 0 電池（単3） 5 103 44 1 1 2014071500000000 UserId
0003 01 00045 0 電池（単4） 5 103 45 1 1 2014071500000000 UserId
0003 01 00046 0 シリカ電球(40W) 5 206 46 1 1 2014071500000000 UserId
0003 01 00047 0 シリカ電球(60W) 5 258 47 1 1 2014071500000000 UserId
0003 01 00048 0 ボール電球(60W・玄関等) 5 411 48 1 1 2014071500000000 UserId
0003 01 00049 0 ボール電球(40W・トイレ等) 5 308 49 1 1 2014071500000000 UserId
0003 01 00050 0 ツイン蛍光灯 5 1852 50 1 1 2014071500000000 UserId
0003 01 00051 0 ミニクリプトン電球 5 206 51 1 1 2014071500000000 UserId
0003 01 00052 0 蛍光灯(流し元) 5 720 52 1 1 2014071500000000 UserId
0003 01 00053 0 蛍光灯(洗面間接照明) 5 1234 53 1 1 2014071500000000 UserId
0003 01 00054 0 ピクチャーレール 5 1155 54 1 1 2014071500000000 UserId
0003 01 00055 0 ミニレフ電球(バルコニー） 5 411 55 1 1 2014071500000000 UserId
0003 01 00056 0 電球交換 5 216 56 1 1 2014071500000000 UserId
0003 01 00057 0 簡易清掃（ﾊﾞﾙｺﾆｰ含む） 5 1944 57 1 1 2014071500000000 UserId
0003 01 00058 0 簡易清掃 5 1620 58 1 1 2014071500000000 UserId
0003 01 00059 0 お手伝い・営繕 5 864 59 1 1 2014071500000000 UserId
0003 01 00060 0 収入印紙 5 200 60 1 1 2014071500000000 UserId
0003 01 00061 0 滞在費 5 1575 61 1 1 2014071500000000 UserId
0003 01 00062 0 月額賃料 1 0 62 3 1 2014071500000000 UserId
0003 01 00063 0 管理費 2 0 63 3 1 2014071500000000 UserId
0003 01 00064 0 サービス費 3 0 64 1 1 2014071500000000 UserId
0003 01 00065 0 月額賃料 1 0 65 3 1 2014071500000000 UserId
0003 01 00066 0 管理費 2 0 66 3 1 2014071500000000 UserId
0003 01 00067 0 サービス費 3 0 67 1 1 2014071500000000 UserId
0003 01 00068 0 食事代 4 0 68 1 1 2014071500000000 UserId
0003 01 00069 0 食事追加代 4 0 69 1 1 2014071500000000 UserId
0003 01 00070 0 駐車場代 6 0 70 1 1 2014071500000000 UserId
0003 01 00071 0 駐車場代 6 0 71 1 1 2014071500000000 UserId
0003 01 00072 0 駐輪場代 6 0 72 1 1 2014071500000000 UserId
0003 01 00073 0 トランクルーム料 6 0 73 1 1 2014071500000000 UserId
0003 01 00074 0 トランクルーム料 6 0 74 1 1 2014071500000000 UserId
0003 01 00075 0 ナンバーディスプレイ 10 0 75 1 1 2014071500000000 UserId
0003 01 00076 0 電気料金 10 0 76 1 1 2014071500000000 UserId
0003 01 00077 0 水道料金 10 0 77 1 1 2014071500000000 UserId
0003 01 00078 0 電話通話料 10 0 78 2 1 2014071500000000 UserId
0003 01 00079 0 ファックス代（海外） 5 0 79 1 1 2014071500000000 UserId
0003 01 00080 0 電池（単5） 5 0 80 1 1 2014071500000000 UserId
0003 01 00081 0 所持物の処分 5 0 81 1 1 2014071500000000 UserId
0003 01 00082 0 宅急便代 5 0 82 1 1 2014071500000000 UserId
0003 01 00083 0 代行業務 5 0 83 1 1 2014071500000000 UserId
0003 01 00084 0 タクシー代 20 0 84 1 1 2014071500000000 UserId
0003 01 00085 0 その他 20 0 85 1 1 2014071500000000 UserId
0003 01 00086 0 その他（清掃） 20 0 86 1 1 2014071500000000 UserId
0003 01 00087 0 立替金（医療費） 30 0 87 1 1 2014071500000000 UserId
0003 01 00088 0 立替金 30 0 88 1 1 2014071500000000 UserId
0004 01 00001 0 電池（単1） 5 159 1 1 1 2014071500000000 UserId
0004 01 00002 0 電池（単2） 5 116 2 1 1 2014071500000000 UserId
0004 01 00003 0 電池（単3） 5 73 3 1 1 2014071500000000 UserId
0004 01 00004 0 電池（単4） 5 96 4 1 1 2014071500000000 UserId
0004 01 00005 0 電池（単5） 5 127 5 1 1 2014071500000000 UserId
0004 01 00006 0 切手52円 5 52 6 1 1 2014071500000000 UserId
0004 01 00007 0 切手82円 5 82 7 1 1 2014071500000000 UserId
0004 01 00008 0 切手92円 5 92 8 1 1 2014071500000000 UserId
0004 01 00009 0 切手120円 5 120 9 1 1 2014071500000000 UserId
0004 01 00010 0 切手130円 5 130 10 1 1 2014071500000000 UserId
0004 01 00011 0 切手140円 5 140 11 1 1 2014071500000000 UserId
0004 01 00012 0 切手160円 5 160 12 1 1 2014071500000000 UserId
0004 01 00013 0 切手200円 5 200 13 1 1 2014071500000000 UserId
0004 01 00014 0 切手280円 5 280 14 1 1 2014071500000000 UserId
0004 01 00015 0 切手350円 5 350 15 1 1 2014071500000000 UserId
0004 01 00016 0 切手420円 5 420 16 1 1 2014071500000000 UserId
0004 01 00017 0 切手2円 5 2 17 1 1 2014071500000000 UserId
0004 01 00018 0 切手30円 5 30 18 1 1 2014071500000000 UserId
0004 01 00019 0 官製ハガキ 5 52 19 1 1 2014071500000000 UserId
0004 01 00020 0 収入印紙 5 200 20 1 1 2014071500000000 UserId
0004 01 00021 0 コピー代(カラー） 5 31 21 1 1 2014071500000000 UserId
0004 01 00022 0 コピー代（白黒） 5 5 22 1 1 2014071500000000 UserId
0004 01 00023 0 ファックス代（国内） 5 10 23 1 1 2014071500000000 UserId
0004 01 00024 0 ケイタリングサービス 5 216 24 1 1 2014071500000000 UserId
0004 01 00025 0 カードキー再発行料 5 2160 25 1 1 2014071500000000 UserId
0004 01 00026 0 部材費 5 216 26 1 1 2014071500000000 UserId
0004 01 00027 0 差額賃料 3 97000 27 3 1 2014071500000000 UserId
0004 01 00028 0 ゲストルーム宿泊料（1泊） 5 5400 28 1 1 2014071500000000 UserId
0004 01 00029 0 ゲストルーム宿泊料（2泊） 5 8640 29 1 1 2014071500000000 UserId
0004 01 00030 0 ゲストルーム宿泊料（3泊） 5 11880 30 1 1 2014071500000000 UserId
0004 01 00031 0 ゲストルームデイユース料金 5 2700 31 1 1 2014071500000000 UserId
0004 01 00032 0 体験ご宿泊料 5 6480 32 1 1 2014071500000000 UserId
0004 01 00033 0 管理費 1 0 33 1 1 2014071500000000 UserId
0004 01 00034 0 管理費* 1 0 34 3 1 2014071500000000 UserId
0004 01 00035 0 食事代 2 0 35 1 1 2014071500000000 UserId
0004 01 00036 0 食事追加分 2 0 36 1 1 2014071500000000 UserId
0004 01 00037 0 サービス費* 3 0 37 1 1 2014071500000000 UserId
0004 01 00038 0 月額家賃* 3 0 38 1 1 2014071500000000 UserId
0004 01 00039 0 食事基本料 2 0 39 1 1 2014071500000000 UserId
0004 01 00040 0 駐車場代 3 0 40 1 1 2014071500000000 UserId
0004 01 00041 0 トランクルーム料 3 0 41 1 1 2014071500000000 UserId
0004 01 00042 0 トランクルーム料 3 0 42 1 1 2014071500000000 UserId
0004 01 00043 0 屋外物置 3 0 43 1 1 2014071500000000 UserId
0004 01 00044 0 屋外物置 5 0 44 1 1 2014071500000000 UserId
0004 01 00045 0 切手 5 0 45 1 1 2014071500000000 UserId
0004 01 00046 0 ファックス代（海外） 5 0 46 1 1 2014071500000000 UserId
0004 01 00047 0 宅急便 5 0 47 1 1 2014071500000000 UserId
0004 01 00048 0 有料サービス 5 0 48 1 1 2014071500000000 UserId
0004 01 00049 0 イベント参加費 5 0 49 1 1 2014071500000000 UserId
0004 01 00050 0 電球 5 0 50 1 1 2014071500000000 UserId
0004 01 00051 0 その他 5 0 51 1 1 2014071500000000 UserId
0004 01 00052 0 その他 5 0 52 1 1 2014071500000000 UserId
0004 01 00053 0 ご朝食精算金 2 0 53 1 1 2014071500000000 UserId
0004 01 00054 0 立替金（医療費・薬代） 4 0 54 1 1 2014071500000000 UserId
0004 01 00055 0 立替金（医療費） 4 0 55 3 1 2014071500000000 UserId
0004 01 00056 0 立替金（薬代） 4 0 56 1 1 2014071500000000 UserId
0004 01 00057 0 グランケアショートステイ 5 0 57 1 1 2014071500000000 UserId
0004 01 00058 0 サービス費 1 0 58 1 1 2014071500000000 UserId
0004 01 00059 0 立替金 4 0 59 1 1 2014071500000000 UserId
0004 01 00060 0 タクシー代 5 0 60 1 1 2014071500000000 UserId
0004 01 00061 0 管理費 1 0 61 1 1 2014071500000000 UserId
0004 01 00062 0 食事基本料 2 0 62 1 1 2014071500000000 UserId
0004 01 00063 0 トランクルーム料 3 0 63 1 1 2014071500000000 UserId
0004 01 00064 0 食事代 2 0 64 1 1 2014071500000000 UserId
0004 01 00065 0 駐車場代 3 0 65 1 1 2014071500000000 UserId
0004 01 00066 0 医療費（新石川ｸﾘﾆｯｸ） 4 0 66 1 1 2014071500000000 UserId
0004 01 00067 0 医療費（さぎぬま公園ｸﾘﾆｯｸ） 4 0 67 1 1 2014071500000000 UserId
0004 01 00068 0 医療費（薬代） 4 0 68 1 1 2014071500000000 UserId
0004 01 00069 0 立替金 4 0 69 1 1 2014071500000000 UserId
0005 01 00001 0 電池（単一） 5 257 1 1 1 2014071500000000 UserId
0005 01 00002 0 電池（単二） 5 205 2 1 1 2014071500000000 UserId
0005 01 00003 0 電池（単三） 5 82 3 1 1 2014071500000000 UserId
0005 01 00004 0 電池（単四） 5 82 4 1 1 2014071500000000 UserId
0005 01 00005 0 シリカ電球40Ｗ（浴室） 5 257 5 1 1 2014071500000000 UserId
0005 01 00006 0 シリカ電球60Ｗ（浴室） 5 257 6 1 1 2014071500000000 UserId
0005 01 00007 0 ﾚﾌ電球40Ｗ（ﾀﾞｳﾝﾗｲﾄ） 5 359 7 1 1 2014071500000000 UserId
0005 01 00008 0 ﾚﾌ電球60Ｗ（ﾀﾞｳﾝﾗｲﾄ） 5 359 8 1 1 2014071500000000 UserId
0005 01 00009 0 ﾐﾆﾚﾌ電球（洗面） 5 410 9 1 1 2014071500000000 UserId
0005 01 00010 0 蛍光ﾗﾝﾌﾟ24Ｗ（ｷｯﾁﾝ） 5 1748 10 1 1 2014071500000000 UserId
0005 01 00011 0 ﾐﾆ電球40Ｗ（ﾚﾝｼﾞﾌｰﾄﾞ） 5 205 11 1 1 2014071500000000 UserId
0005 01 00012 0 蛍光灯15Ｗ（流し元） 5 514 12 1 1 2014071500000000 UserId
0005 01 00013 0 レフ電球RF110V36W 5 257 13 1 1 2014071500000000 UserId
0005 01 00014 0 ｴﾘｴｰﾙ・ﾄｲﾚｯﾄﾍﾟｰﾊﾟｰ（ｼﾝｸﾞﾙ） 5 562 14 1 1 2014071500000000 UserId
0005 01 00015 0 ｴﾘｴｰﾙ・ﾄｲﾚｯﾄﾍﾟｰﾊﾟｰ（ﾀﾞﾌﾞﾙ） 5 562 15 1 1 2014071500000000 UserId
0005 01 00016 0 ｴﾘｴｰﾙ・ﾃｨｼｭｰ 5 480 16 1 1 2014071500000000 UserId
0005 01 00017 0 ｴﾘｴｰﾙ・ﾛｰｼｮﾝﾃｨｯｼｭｰ 5 707 17 1 1 2014071500000000 UserId
0005 01 00018 0 転居はがき 5 61 18 1 1 2014071500000000 UserId
0005 01 00019 0 切手10円 5 10 19 1 1 2014071500000000 UserId
0005 01 00020 0 切手52円 5 52 20 1 1 2014071500000000 UserId
0005 01 00021 0 切手82円 5 82 21 1 1 2014071500000000 UserId
0005 01 00022 0 切手280円 5 280 22 1 1 2014071500000000 UserId
0005 01 00023 0 切手2円 5 2 23 1 1 2014071500000000 UserId
0005 01 00024 0 切手80円 5 80 24 1 1 2014071500000000 UserId
0005 01 00025 0 切手50円 5 50 25 1 1 2014071500000000 UserId
0005 01 00026 0 普通はがき 5 50 26 1 1 2014071500000000 UserId
0005 01 00027 0 往復はがき 5 104 27 1 1 2014071500000000 UserId
0005 01 00028 0 コピー（白黒） 5 10 28 1 1 2014071500000000 UserId
0005 01 00029 0 コピー（カラー） 5 50 29 1 1 2014071500000000 UserId
0005 01 00030 0 ＦＡＸ送信（国内） 5 20 30 1 1 2014071500000000 UserId
0005 01 00031 0 ＦＡＸ受信（国内） 5 20 31 1 1 2014071500000000 UserId
0005 01 00032 0 カードホルダー 5 410 32 1 1 2014071500000000 UserId
0005 01 00033 0 カードキー再発行 5 2160 33 1 1 2014071500000000 UserId
0005 01 00034 0 森の水だより 5 1603 34 1 1 2014071500000000 UserId
0005 01 00035 0 南アルプス天然水 5 1249 35 1 1 2014071500000000 UserId
0005 01 00036 0 アルカリイオンの水 5 1665 36 1 1 2014071500000000 UserId
0005 01 00037 0 ﾄｲﾚｯﾄﾍﾟｰﾊﾟｰ(ｼﾝｸﾞﾙ) 5 346 37 1 1 2014071500000000 UserId
0005 01 00038 0 ﾄｲﾚｯﾄﾍﾟｰﾊﾟｰ(ﾀﾞﾌﾞﾙ) 5 346 38 1 1 2014071500000000 UserId
0005 01 00039 0 ﾃｨｯｼｭﾍﾟｰﾊﾟｰ 5 320 39 1 1 2014071500000000 UserId
0005 01 00040 0 ケータリング 5 216 40 1 1 2014071500000000 UserId
0005 01 00041 0 電球交換 5 210 41 1 1 2014071500000000 UserId
0005 01 00042 0 簡易ベッド貸出し 5 3240 42 1 1 2014071500000000 UserId
0005 01 00043 0 買物代行 5 1620 43 1 1 2014071500000000 UserId
0005 01 00044 0 役所代行 5 1620 44 1 1 2014071500000000 UserId
0005 01 00045 0 宿泊（1泊） 5 4320 45 1 1 2014071500000000 UserId
0005 01 00046 0 布団一式レンタル代 5 2160 46 1 1 2014071500000000 UserId
0005 01 00047 0 居室清掃 5 1620 47 1 1 2014071500000000 UserId
0005 01 00048 0 修繕・家具移動 5 864 48 1 1 2014071500000000 UserId
0005 01 00049 0 賃料 6 0 49 3 1 2014071500000000 UserId
0005 01 00050 0 管理費 6 0 50 3 1 2014071500000000 UserId
0005 01 00051 0 家具レンタル代 6 0 51 1 1 2014071500000000 UserId
0005 01 00052 0 家具レンタル代（会員） 1 0 52 1 1 2014071500000000 UserId
0005 01 00053 0 家賃 1 0 53 3 1 2014071500000000 UserId
0005 01 00054 0 家賃（差額） 1 0 54 3 1 2014071500000000 UserId
0005 01 00055 0 管理費 1 0 55 3 1 2014071500000000 UserId
0005 01 00056 0 駐車場利用料 1 0 56 1 1 2014071500000000 UserId
0005 01 00057 0 トランクルーム利用料 1 0 57 1 1 2014071500000000 UserId
0005 01 00058 0 サービス費 3 0 58 1 1 2014071500000000 UserId
0005 01 00059 0 家賃 2 0 59 3 1 2014071500000000 UserId
0005 01 00060 0 管理費 2 0 60 3 1 2014071500000000 UserId
0005 01 00061 0 駐車場利用料 2 0 61 1 1 2014071500000000 UserId
0005 01 00062 0 トランクルーム利用料 2 0 62 1 1 2014071500000000 UserId
0005 01 00063 0 サービス費 3 0 63 1 1 2014071500000000 UserId
0005 01 00064 0 サービス費（シルバー会員） 3 0 64 1 1 2014071500000000 UserId
0005 01 00065 0 食事代 4 0 65 1 1 2014071500000000 UserId
0005 01 00066 0 食事代返戻 4 0 66 1 1 2014071500000000 UserId
0005 01 00067 0 食事追加代 4 0 67 1 1 2014071500000000 UserId
0005 01 00068 0 電話基本料 10 0 68 1 1 2014071500000000 UserId
0005 01 00069 0 電話通話料 10 0 69 2 1 2014071500000000 UserId
0005 01 00070 0 未設定 5 0 70 1 1 2014071500000000 UserId
0005 01 00071 0 未設定 5 0 71 1 1 2014071500000000 UserId
0005 01 00072 0 未設定 5 0 72 1 1 2014071500000000 UserId
0005 01 00073 0 未設定 5 0 73 1 1 2014071500000000 UserId
0005 01 00074 0 未設定 5 0 74 1 1 2014071500000000 UserId
0005 01 00075 0 未設定 5 0 75 1 1 2014071500000000 UserId
0005 01 00076 0 未設定 5 0 76 1 1 2014071500000000 UserId
0005 01 00077 0 清掃 5 0 77 1 1 2014071500000000 UserId
0005 01 00078 0 申込金返金 5 0 78 1 1 2014071500000000 UserId
0005 01 00079 0 返金 5 0 79 1 1 2014071500000000 UserId
0005 01 00080 0 家具レンタル代 5 0 80 1 1 2014071500000000 UserId
0005 01 00081 0 オプション販売 5 0 81 1 1 2014071500000000 UserId
0005 01 00082 0 その他 5 0 82 1 1 2014071500000000 UserId
0005 01 00083 0 立替金 30 0 83 1 1 2014071500000000 UserId
