1 00000020 2011 07 11 0070 グランクレール・ケアサービス横浜 7211 生活援助２ 229 0 229 4 916 0 916 916 0 10.84 9929 90 8936 993 0 n n 0 1 20141020105724 00077
1 00000020 2011 08 11 0070 グランクレール・ケアサービス横浜 1111 身体介護１ 254 0 254 1 254 0 254 254 0 10.84 2753 90 2477 276 0 n n 0 1 20141020110411 00077
1 00000020 2011 09 11 0070 グランクレール・ケアサービス横浜 1111 身体介護１ 254 0 254 2 508 0 508 508 0 10.84 5506 90 4955 551 0 n n 0 1 20141020111411 00077
1 00000020 2011 10 11 0070 グランクレール・ケアサービス横浜 1211 身体介護２ 402 0 402 2 804 0 804 804 0 10.84 8715 90 7843 872 0 n n 0 1 20141020112757 00077
1 00000020 2011 11 11 0070 グランクレール・ケアサービス横浜 1211 身体介護２ 402 0 402 3 1206 0 1206 1206 0 10.84 13073 90 11765 1308 0 n n 0 1 20141020113209 00077
1 00000020 2011 12 11 0070 グランクレール・ケアサービス横浜 7211 生活援助２ 229 0 229 8 1832 0 1832 1832 0 10.84 19858 90 17872 1986 0 n n 0 1 20141020113518 00077
1 00000020 2012 01 11 0070 グランクレール・ケアサービス横浜 7211 生活援助２ 229 0 229 8 1832 0 1832 1832 0 10.84 19858 90 17872 1986 0 n n 0 1 20141016121644 00077
1 00000020 2012 02 11 0070 グランクレール・ケアサービス横浜 7211 生活援助２ 229 0 229 8 1832 0 1832 1832 0 10.84 19858 90 17872 1986 0 n n 0 1 20141016122016 00077
1 00000020 2012 03 11 0070 グランクレール・ケアサービス横浜 1211 身体介護２ 402 0 402 2 804 0 804 804 0 10.84 8715 90 7843 872 0 n n 0 1 20141016122746 00077
1 00000020 2012 04 11 0070 グランクレール・ケアサービス横浜 1211 身体介護２ 402 0 402 1 402 0 402 402 0 10.84 4357 90 3921 436 0 n n 0 1 20140731171133 00078
1 00000020 2012 05 11 0070 グランクレール・ケアサービス横浜 4111 身体１生活１ 324 0 324 1 324 0 324 324 0 10.84 3512 90 3160 352 0 n n 0 1 20140731171602 00078
1 00000020 2012 06 11 0070 グランクレール・ケアサービス横浜 7311 生活援助３ 235 0 235 7 1645 0 1645 1645 0 10.84 17831 90 16047 1784 0 n n 0 1 20140731171835 00078
1 00000020 2012 07 11 0070 グランクレール・ケアサービス横浜 7311 生活援助３ 235 0 235 9 2115 0 2115 2115 0 10.84 22926 90 20633 2293 0 n n 0 1 20140731172211 00078
1 00000020 2012 08 11 0070 グランクレール・ケアサービス横浜 7311 生活援助３ 235 0 235 9 2115 0 2115 2115 0 10.84 22926 90 20633 2293 0 n n 0 1 20140731172442 00078
1 00000020 2012 09 11 0070 グランクレール・ケアサービス横浜 7311 生活援助３ 235 0 235 8 1880 0 1880 1880 0 10.84 20379 90 18341 2038 0 n n 0 1 20140731172727 00078
1 00000020 2012 10 11 0070 グランクレール・ケアサービス横浜 7211 生活援助２ 190 0 190 1 190 0 190 190 0 10.84 2059 90 1853 206 0 n n 0 1 20140731173630 00078
1 00000020 2012 11 11 0070 グランクレール・ケアサービス横浜 1211 身体介護２ 402 0 402 1 402 0 402 402 0 10.84 4357 90 3921 436 0 n n 0 1 20140731173913 00078
1 00000020 2012 12 11 0070 グランクレール・ケアサービス横浜 1211 身体介護２ 402 0 402 2 804 0 804 804 0 10.84 8715 90 7843 872 0 n n 0 1 20140731174153 00078
1 00000020 2013 01 11 0070 グランクレール・ケアサービス横浜 1211 身体介護２ 402 0 402 1 402 0 402 402 0 10.84 4357 90 3921 436 0 n n 0 1 20140717181645 00034
1 00000020 2013 02 11 0070 グランクレール・ケアサービス横浜 1211 身体介護２ 402 0 402 3 1206 0 1206 1206 0 10.84 13073 90 11765 1308 0 n n 0 1 20140718143845 00034
2 00000020 2011 08 11 0070 グランクレール・ケアサービス横浜 7211 生活援助２ 229 0 229 8 1832 0 1832 1832 0 10.84 19858 90 17872 1986 0 n n 0 1 20141020110411 00077
2 00000020 2011 09 11 0070 グランクレール・ケアサービス横浜 1211 身体介護２ 402 0 402 2 804 0 804 804 0 10.84 8715 90 7843 872 0 n n 0 1 20141020111411 00077
2 00000020 2011 10 11 0070 グランクレール・ケアサービス横浜 4111 身体１生活１ 337 0 337 1 337 0 337 337 0 10.84 3653 90 3287 366 0 n n 0 1 20141020112757 00077
2 00000020 2011 11 11 0070 グランクレール・ケアサービス横浜 7211 生活援助２ 229 0 229 4 916 0 916 916 0 10.84 9929 90 8936 993 0 n n 0 1 20141020113209 00077
2 00000020 2012 03 11 0070 グランクレール・ケアサービス横浜 7211 生活援助２ 229 0 229 7 1603 0 1603 1603 0 10.84 17376 90 15638 1738 0 n n 0 1 20141016122746 00077
2 00000020 2012 04 11 0070 グランクレール・ケアサービス横浜 7311 生活援助３ 235 0 235 8 1880 0 1880 1880 0 10.84 20379 90 18341 2038 0 n n 0 1 20140731171133 00078
2 00000020 2012 05 11 0070 グランクレール・ケアサービス横浜 7311 生活援助３ 235 0 235 8 1880 0 1880 1880 0 10.84 20379 90 18341 2038 0 n n 0 1 20140731171602 00078
2 00000020 2012 06 11 0070 グランクレール・ケアサービス横浜 6271 訪問介護処遇改善加算Ⅰ 66 0 66 1 66 66 0.04 66 0 10.84 715 90 643 72 0 a g 0 1 20140731171835 00078
2 00000020 2012 07 11 0070 グランクレール・ケアサービス横浜 6271 訪問介護処遇改善加算Ⅰ 85 0 85 1 85 85 0.04 85 0 10.84 921 90 828 93 0 a g 0 1 20140731172211 00078
2 00000020 2012 08 11 0070 グランクレール・ケアサービス横浜 6271 訪問介護処遇改善加算Ⅰ 85 0 85 1 85 85 0.04 85 0 10.84 921 90 828 93 0 a g 0 1 20140731172442 00078
2 00000020 2012 09 11 0070 グランクレール・ケアサービス横浜 6271 訪問介護処遇改善加算Ⅰ 75 0 75 1 75 75 0.04 75 0 10.84 813 90 731 82 0 a g 0 1 20140731172727 00078
2 00000020 2012 10 11 0070 グランクレール・ケアサービス横浜 7311 生活援助３ 235 0 235 8 1880 0 1880 1880 0 10.84 20379 90 18341 2038 0 n n 0 1 20140731173630 00078
2 00000020 2012 11 11 0070 グランクレール・ケアサービス横浜 7311 生活援助３ 235 0 235 8 1880 0 1880 1880 0 10.84 20379 90 18341 2038 0 n n 0 1 20140731173913 00078
2 00000020 2012 12 11 0070 グランクレール・ケアサービス横浜 7311 生活援助３ 235 0 235 6 1410 0 1410 1410 0 10.84 15284 90 13755 1529 0 n n 0 1 20140731174153 00078
2 00000020 2013 01 11 0070 グランクレール・ケアサービス横浜 7311 生活援助３ 235 0 235 8 1880 0 1880 1880 0 10.84 20379 90 18341 2038 0 n n 0 1 20140717181645 00034
2 00000020 2013 02 11 0070 グランクレール・ケアサービス横浜 6271 訪問介護処遇改善加算Ⅰ 48 0 48 1 48 48 0.04 48 0 10.84 520 90 468 52 0 a g 0 1 20140718143845 00034
3 00000020 2011 09 11 0070 グランクレール・ケアサービス横浜 7211 生活援助２ 229 0 229 5 1145 0 1145 1145 0 10.84 12411 90 11169 1242 0 n n 0 1 20141020111411 00077
3 00000020 2011 10 11 0070 グランクレール・ケアサービス横浜 7211 生活援助２ 229 0 229 6 1374 0 1374 1374 0 10.84 14894 90 13404 1490 0 n n 0 1 20141020112757 00077
3 00000020 2012 04 11 0070 グランクレール・ケアサービス横浜 6271 訪問介護処遇改善加算Ⅰ 91 0 91 1 91 91 0.04 91 0 10.84 986 90 887 99 0 a g 0 1 20140731171133 00078
3 00000020 2012 05 11 0070 グランクレール・ケアサービス横浜 6271 訪問介護処遇改善加算Ⅰ 88 0 88 1 88 88 0.04 88 0 10.84 953 90 857 96 0 a g 0 1 20140731171602 00078
3 00000020 2012 10 11 0070 グランクレール・ケアサービス横浜 6271 訪問介護処遇改善加算Ⅰ 83 0 83 1 83 83 0.04 83 0 10.84 899 90 809 90 0 a g 0 1 20140731173630 00078
3 00000020 2012 11 11 0070 グランクレール・ケアサービス横浜 6271 訪問介護処遇改善加算Ⅰ 91 0 91 1 91 91 0.04 91 0 10.84 986 90 887 99 0 a g 0 1 20140731173913 00078
3 00000020 2012 12 11 0070 グランクレール・ケアサービス横浜 6271 訪問介護処遇改善加算Ⅰ 89 0 89 1 89 89 0.04 89 0 10.84 964 90 867 97 0 a g 0 1 20140731174153 00078
3 00000020 2013 01 11 0070 グランクレール・ケアサービス横浜 6271 訪問介護処遇改善加算Ⅰ 91 0 91 1 91 91 0.04 91 0 10.84 986 90 887 99 0 a g 0 1 20140717181645 00034
