00000165 0070 2014 04 0000002 03 00034 _ 15:45 16:45 _ _ 0 7311 1 11 1 20140618102752 00034
00000165 0070 2014 04 0000003 10 00035 _ 15:45 16:45 _ _ 0 7311 1 11 1 20140618102752 00034
00000165 0070 2014 05 0000004 08 00037 _ 16:20 17:20 _ _ 0 7311 1 11 1 20140818180139 00034
00000165 0070 2014 05 0000005 15 00037 _ 15:45 16:45 _ _ 0 7311 1 11 1 20140818180139 00034
00000165 0070 2014 05 0000006 22 00037 _ 16:00 17:00 2 _ 0 7311 1 11 1 20140818180139 00034
00000165 0070 2014 05 0000007 29 00037 _ 15:45 16:45 2 _ 0 7311 1 11 1 20140818180139 00034
00000165 0070 2014 06 0000002 05 00038 _ 15:45 16:44 2 _ 0 7311 1 11 1 20140701095721 00078
00000165 0070 2014 06 0000003 12 00035 _ 15:58 16:44 2 _ 0 7311 1 11 1 20140701095721 00078
00000165 0070 2014 06 0000004 12 _ _ _ _ _ _ 0 _ 1 11 9 20140614100117 00037
00000165 0070 2014 06 0000005 19 00034 _ 15:45 16:44 2 _ 0 7311 1 11 1 20140701095721 00078
00000165 0070 2014 06 0000006 26 00038 _ 15:45 16:44 2 _ 0 7311 1 11 1 20140701095721 00078
00000165 0070 2014 07 0000007 10 00038 _ 15:45 16:44 2 _ 0 7311 1 11 1 20140731161041 00037
00000165 0070 2014 07 0000008 17 00098 _ 15:45 16:44 2 _ 0 7311 1 11 1 20140731161041 00037
00000165 0070 2014 07 0000009 24 00038 _ 15:48 16:47 2 _ 0 7311 1 11 1 20140731161041 00037
00000165 0070 2014 07 0000010 31 00098 _ 15:45 16:44 2 _ 0 7311 1 11 1 20140731161041 00037
00000165 0070 2014 08 0000011 07 00098 _ 15:45 16:44 2 _ 0 7311 1 11 1 20140830201835 00038
00000165 0070 2014 08 0000012 14 _ _ 15:45 16:44 _ _ 0 _ 1 11 9 20140824114723 00035
00000165 0070 2014 08 0000013 23 00038 _ 15:00 15:59 2 _ 0 7311 1 11 1 20140830201835 00038
00000165 0070 2014 08 0000014 28 00098 _ 15:45 16:44 2 _ 0 7311 1 11 1 20140830201835 00038
00000165 0070 2014 09 0000015 04 00098 _ 15:45 16:44 2 _ 0 7311 1 11 1 20140927191338 00038
00000165 0070 2014 09 0000016 11 00098 _ 15:45 16:44 2 _ 0 7311 1 11 1 20140927191338 00038
00000165 0070 2014 09 0000017 18 00098 _ 15:45 16:44 2 _ 0 7311 1 11 1 20140927191338 00038
00000165 0070 2014 09 0000018 25 00098 _ 15:45 16:44 2 _ 0 7311 1 11 1 20140927191338 00038
00000165 0070 2014 10 0000019 02 00098 _ 15:45 16:44 2 _ 0 7311 1 11 1 20141030195846 00038
00000165 0070 2014 10 0000020 09 _ _ 15:45 16:44 _ _ 0 _ 1 11 9 20141013145004 00037
00000165 0070 2014 10 0000021 16 _ _ 15:45 16:44 _ _ 0 _ 1 11 9 20141030181933 00038
00000165 0070 2014 10 0000022 23 00098 _ 15:45 16:44 2 _ 0 7311 1 11 1 20141030195846 00038
00000165 0070 2014 10 0000023 30 00098 _ 15:45 16:44 2 _ 0 7311 1 11 1 20141030195846 00038
00000165 0070 2014 10 0000024 09 00098 _ 15:45 16:44 2 _ 0 7311 1 11 1 20141030195846 00038
00000165 0070 2014 11 0000025 06 00098 _ 15:45 16:44 2 _ 0 7311 1 11 1 20141127185924 00037
00000165 0070 2014 11 0000026 13 _ _ 15:45 16:44 _ _ 0 _ 1 11 9 20141126153801 00035
00000165 0070 2014 11 0000027 20 00098 _ 15:45 16:44 2 _ 0 7311 1 11 1 20141127185924 00037
00000165 0070 2014 11 0000028 26 00098 _ 11:00 11:59 2 _ 0 7311 1 11 1 20141127185924 00037
00000165 0070 2014 11 0000029 15 00037 _ 14:00 14:59 2 _ 0 7311 1 11 1 20141127185924 00037
00000165 0070 2014 12 0000030 04 00098 _ 15:45 16:44 2 _ 0 7311 1 11 1 20141208151309 00171
00000165 0070 2014 12 0000031 11 _ _ 15:45 16:44 2 _ 0 7311 1 11 1 20141208151309 00171
00000165 0070 2014 12 0000032 18 _ _ 15:45 16:44 2 _ 0 7311 1 11 1 20141208151309 00171
00000165 0070 2014 12 0000033 25 _ _ 15:45 16:44 2 _ 0 7311 1 11 1 20141208151309 00171
