000001542014061 00000154 2014 06 05 65 1121 09:30 12:15 0271 1 4236 0 _ _ 1 1 20140702150639 25
000001542014061 00000154 2014 06 12 65 1121 09:30 12:15 0271 1 4236 0 _ _ 1 1 20140702150639 25
000001542014061 00000154 2014 06 19 65 1121 09:30 12:15 0271 1 4236 0 _ _ 1 1 20140702150639 25
000001542014061 00000154 2014 06 26 65 1121 09:30 12:15 0271 1 4236 0 _ _ 1 1 20140702150639 25
000001542014062 00000154 2014 06 05 65 5002 _ _ 0271 1 225 0 _ _ 1 1 20140702150639 25
000001542014062 00000154 2014 06 12 65 5002 _ _ 0271 1 225 0 _ _ 1 1 20140702150639 25
000001542014062 00000154 2014 06 19 65 5002 _ _ 0271 1 225 0 _ _ 1 1 20140702150639 25
000001542014062 00000154 2014 06 26 65 5002 _ _ 0271 1 225 0 _ _ 1 1 20140702150639 25
000001542014071 00000154 2014 07 03 65 1121 09:00 12:15 0271 1 4236 0 _ _ _ 1 20140801193925 25
000001542014071 00000154 2014 07 10 65 1121 09:00 12:15 0271 1 4236 0 _ _ _ 1 20140801193925 25
000001542014071 00000154 2014 07 17 65 1121 09:00 12:15 0271 1 4236 0 _ _ _ 1 20140801193925 25
000001542014071 00000154 2014 07 24 65 1121 09:00 12:15 0271 1 4236 0 _ _ _ 1 20140801193925 25
000001542014071 00000154 2014 07 31 65 1121 09:00 12:15 0271 1 4236 0 _ _ _ 1 20140801193925 25
000001542014072 00000154 2014 07 03 65 5002 _ _ 0271 1 225 0 _ _ _ 1 20140801193925 25
000001542014072 00000154 2014 07 10 65 5002 _ _ 0271 1 225 0 _ _ _ 1 20140801193925 25
000001542014072 00000154 2014 07 17 65 5002 _ _ 0271 1 225 0 _ _ _ 1 20140801193925 25
000001542014072 00000154 2014 07 24 65 5002 _ _ 0271 1 225 0 _ _ _ 1 20140801193925 25
000001542014072 00000154 2014 07 31 65 5002 _ _ 0271 1 225 0 _ _ _ 1 20140801193925 25
000001542014081 00000154 2014 08 07 65 1121 09:30 12:15 0271 1 4236 0 _ _ 1 1 20140717141627 25
000001542014081 00000154 2014 08 14 65 1121 09:30 12:15 0271 1 4236 0 _ _ 1 1 20140717141627 25
000001542014081 00000154 2014 08 21 65 1121 09:30 12:15 0271 1 4236 0 _ _ 1 1 20140717141627 25
000001542014081 00000154 2014 08 28 65 1121 09:30 12:15 0271 1 4236 0 _ _ 1 1 20140717141627 25
000001542014082 00000154 2014 08 07 65 5002 _ _ 0271 1 225 0 _ _ 1 1 20140717141627 25
000001542014082 00000154 2014 08 14 65 5002 _ _ 0271 1 225 0 _ _ 1 1 20140717141627 25
000001542014082 00000154 2014 08 21 65 5002 _ _ 0271 1 225 0 _ _ 1 1 20140717141627 25
000001542014082 00000154 2014 08 28 65 5002 _ _ 0271 1 225 0 _ _ 1 1 20140717141627 25
000001542014091 00000154 2014 09 04 65 1121 09:00 12:15 0271 1 4236 0 _ _ 1 1 20140815154128 25
000001542014091 00000154 2014 09 11 65 1121 09:00 12:15 0271 1 4236 0 _ _ 1 1 20140815154128 25
000001542014091 00000154 2014 09 18 65 1121 09:00 12:15 0271 1 4236 0 _ _ 1 1 20140815154128 25
000001542014091 00000154 2014 09 25 65 1121 09:00 12:15 0271 1 4236 0 _ _ 1 1 20140815154128 25
000001542014092 00000154 2014 09 04 65 5002 _ _ 0271 1 225 0 _ _ 1 1 20140815154128 25
000001542014092 00000154 2014 09 11 65 5002 _ _ 0271 1 225 0 _ _ 1 1 20140815154128 25
000001542014092 00000154 2014 09 18 65 5002 _ _ 0271 1 225 0 _ _ 1 1 20140815154128 25
000001542014092 00000154 2014 09 25 65 5002 _ _ 0271 1 225 0 _ _ 1 1 20140815154128 25
