000001492014021 00000149 2014 02 03 61 1111 1 13:00 14:00 0267 1 1220 0 _ _ 1 20140617150936 24
000001492014021 00000149 2014 02 10 61 1111 1 13:00 14:00 0267 1 1220 0 _ _ 1 20140617150936 24
000001492014021 00000149 2014 02 17 61 1111 1 13:00 14:00 0267 1 1220 0 _ _ 1 20140617150936 24
000001492014021 00000149 2014 02 24 61 1111 1 13:00 14:00 0267 1 1220 0 _ _ 1 20140617150936 24
000001492014031 00000149 2014 03 03 61 1111 1 13:00 14:00 0267 1 1220 0 _ _ 1 20140617151234 24
000001492014031 00000149 2014 03 10 61 1111 1 13:00 14:00 0267 1 1220 0 _ _ 1 20140617151234 24
000001492014031 00000149 2014 03 17 61 1111 1 13:00 14:00 0267 1 1220 0 _ _ 1 20140617151234 24
000001492014031 00000149 2014 03 25 61 1111 1 13:00 14:00 0267 1 1220 0 _ _ 1 20140617151234 24
000001492014031 00000149 2014 03 31 61 1111 1 13:00 14:00 0267 1 1220 0 _ _ 1 20140617151234 24
000001492014051 00000149 2014 05 12 61 1111 1 13:00 14:00 0267 1 1226 0 _ _ 1 20140812162305 24
000001492014051 00000149 2014 05 19 61 1111 1 13:00 14:00 0267 1 1226 0 _ _ 1 20140812162305 24
000001492014051 00000149 2014 05 26 61 1111 1 13:00 14:00 0267 1 1226 0 _ _ 1 20140812162305 24
000001492014061 00000149 2014 06 02 61 1111 1 13:00 13:59 0267 1 1226 0 _ _ 1 20140703201239 24
000001492014061 00000149 2014 06 09 61 1111 1 13:00 13:59 0267 1 1226 0 _ _ 1 20140703201239 24
000001492014061 00000149 2014 06 16 61 1111 1 13:00 13:59 0267 1 1226 0 _ _ 1 20140703201239 24
000001492014061 00000149 2014 06 23 61 1111 1 13:00 13:59 0267 1 1226 0 _ _ 1 20140703201239 24
000001492014061 00000149 2014 06 30 61 1111 1 13:00 13:59 0267 1 1226 0 _ _ 1 20140703201239 24
000001492014071 00000149 2014 07 07 61 1111 1 13:00 13:59 0267 1 1226 0 _ _ 1 20140804104120 24
000001492014071 00000149 2014 07 14 61 1111 1 13:00 13:59 0267 1 1226 0 _ _ 1 20140804104120 24
000001492014071 00000149 2014 07 21 61 1111 1 13:00 13:59 0267 1 1226 0 _ _ 1 20140804104120 24
000001492014071 00000149 2014 07 28 61 1111 1 13:00 13:59 0267 1 1226 0 _ _ 1 20140804104120 24
