000002092014011 00000209 2014 01 03 61 1211 1 10:30 11:30 0107 1 2440 0 _ _ 1 20140619101057 78
000002092014011 00000209 2014 01 06 61 1211 1 10:30 11:30 0107 1 2440 0 _ _ 1 20140619101057 78
000002092014011 00000209 2014 01 10 61 1211 1 10:30 11:30 0107 1 2440 0 _ _ 1 20140619101057 78
000002092014011 00000209 2014 01 13 61 1211 1 10:30 11:30 0107 1 2440 0 _ _ 1 20140619101057 78
000002092014011 00000209 2014 01 17 61 1211 1 10:30 11:30 0107 1 2440 0 _ _ 1 20140619101057 78
000002092014011 00000209 2014 01 20 61 1211 1 10:30 11:30 0107 1 2440 0 _ _ 1 20140619101057 78
000002092014011 00000209 2014 01 24 61 1211 1 10:30 11:30 0107 1 2440 0 _ _ 1 20140619101057 78
000002092014011 00000209 2014 01 27 61 1211 1 10:30 11:30 0107 1 2440 0 _ _ 1 20140619101057 78
000002092014011 00000209 2014 01 31 61 1211 1 10:30 11:30 0107 1 2440 0 _ _ 1 20140619101057 78
000002092014021 00000209 2014 02 03 61 1211 1 10:30 11:30 0107 1 2440 0 _ _ 1 20140619101614 78
000002092014021 00000209 2014 02 14 61 1211 1 10:30 11:30 0107 1 2440 0 _ _ 1 20140619101614 78
000002092014021 00000209 2014 02 17 61 1211 1 10:30 11:30 0107 1 2440 0 _ _ 1 20140619101614 78
000002092014021 00000209 2014 02 21 61 1211 1 10:30 11:30 0107 1 2440 0 _ _ 1 20140619101614 78
000002092014021 00000209 2014 02 24 61 1211 1 10:30 11:30 0107 1 2440 0 _ _ 1 20140619101614 78
000002092014021 00000209 2014 02 28 61 1211 1 10:30 11:30 0107 1 2440 0 _ _ 1 20140619101614 78
000002092014031 00000209 2014 03 03 61 1211 1 10:30 11:30 0107 1 2440 0 _ _ 1 20140619102131 78
000002092014031 00000209 2014 03 10 61 1211 1 10:30 11:30 0107 1 2440 0 _ _ 1 20140619102131 78
000002092014031 00000209 2014 03 14 61 1211 1 10:30 11:30 0107 1 2440 0 _ _ 1 20140619102131 78
000002092014031 00000209 2014 03 17 61 1211 1 10:30 11:30 0107 1 2440 0 _ _ 1 20140619102131 78
000002092014031 00000209 2014 03 21 61 1211 1 10:30 11:30 0107 1 2440 0 _ _ 1 20140619102131 78
000002092014031 00000209 2014 03 24 61 1211 1 10:30 11:30 0107 1 2440 0 _ _ 1 20140619102131 78
000002092014031 00000209 2014 03 28 61 1211 1 10:30 11:30 0107 1 2440 0 _ _ 1 20140619102131 78
000002092014031 00000209 2014 03 31 61 1211 1 10:30 11:30 0107 1 2440 0 _ _ 1 20140619102131 78
000002092014041 00000209 2014 04 04 61 1211 1 10:30 11:30 0107 1 2452 0 _ _ 1 20140619102521 78
000002092014041 00000209 2014 04 11 61 1211 1 10:30 11:30 0107 1 2452 0 _ _ 1 20140619102521 78
000002092014041 00000209 2014 04 14 61 1211 1 10:30 11:30 0107 1 2452 0 _ _ 1 20140619102521 78
000002092014041 00000209 2014 04 18 61 1211 1 10:30 11:30 0107 1 2452 0 _ _ 1 20140619102521 78
000002092014041 00000209 2014 04 21 61 1211 1 10:30 11:30 0107 1 2452 0 _ _ 1 20140619102521 78
000002092014041 00000209 2014 04 25 61 1211 1 10:30 11:30 0107 1 2452 0 _ _ 1 20140619102521 78
000002092014051 00000209 2014 05 02 61 1211 1 10:30 11:30 0107 1 2452 0 _ _ 1 20140624152145 78
000002092014051 00000209 2014 05 05 61 1211 1 10:30 11:30 0107 1 2452 0 _ _ 1 20140624152145 78
000002092014051 00000209 2014 05 09 61 1211 1 10:30 11:30 0107 1 2452 0 _ _ 1 20140624152145 78
000002092014051 00000209 2014 05 12 61 1211 1 10:30 11:30 0107 1 2452 0 _ _ 1 20140624152145 78
000002092014051 00000209 2014 05 16 61 1211 1 10:30 11:30 0107 1 2452 0 _ _ 1 20140624152145 78
000002092014051 00000209 2014 05 19 61 1211 1 10:30 11:30 0107 1 2452 0 _ _ 1 20140624152145 78
000002092014051 00000209 2014 05 23 61 1211 1 10:30 11:30 0107 1 2452 0 _ _ 1 20140624152145 78
000002092014051 00000209 2014 05 26 61 1211 1 10:30 11:30 0107 1 2452 0 _ _ 1 20140624152145 78
000002092014051 00000209 2014 05 30 61 1211 1 10:30 11:30 0107 1 2452 0 _ _ 1 20140624152145 78
