00000246 2013 12 08 14:10 15:00 61 1111 0107 11.26 1 1220 1 20140704151352 00077
00000246 2013 12 15 14:10 15:00 61 1111 0107 11.26 1 1220 1 20140704151352 00077
00000246 2013 12 22 14:10 15:00 61 1111 0107 11.26 1 1220 1 20140704151352 00077
00000246 2013 12 29 14:10 15:00 61 1111 0107 11.26 1 1220 1 20140704151352 00077
00000246 2014 01 05 14:10 15:00 61 1111 0107 11.26 1 1220 1 20140617180822 00049
00000246 2014 01 12 14:10 15:00 61 1111 0107 11.26 1 1220 1 20140617180822 00049
00000246 2014 01 19 14:10 15:00 61 1111 0107 11.26 1 1220 1 20140617180822 00049
00000246 2014 01 26 14:10 15:00 61 1111 0107 11.26 1 1220 1 20140617180822 00049
00000246 2014 02 02 14:10 15:00 61 1111 0107 11.26 1 1220 1 20140617180627 00049
00000246 2014 02 09 14:10 15:00 61 1111 0107 11.26 1 1220 1 20140617180627 00049
00000246 2014 02 16 14:10 15:00 61 1111 0107 11.26 1 1220 1 20140617180627 00049
00000246 2014 02 23 14:10 15:00 61 1111 0107 11.26 1 1220 1 20140617180627 00049
00000246 2014 03 02 13:00 13:50 61 1111 0107 11.26 1 1220 1 20140617180342 00049
00000246 2014 03 09 14:10 15:00 61 1111 0107 11.26 1 1220 1 20140617180342 00049
00000246 2014 03 16 14:10 15:00 61 1111 0107 11.26 1 1220 1 20140617180342 00049
00000246 2014 03 23 14:10 15:00 61 1111 0107 11.26 1 1220 1 20140617180342 00049
00000246 2014 03 30 14:10 15:00 61 1111 0107 11.26 1 1220 1 20140617180342 00049
00000246 2014 04 06 14:10 15:00 61 1111 0107 11.26 1 1226 1 20140729105734 00078
00000246 2014 04 13 14:10 15:00 61 1111 0107 11.26 1 1226 1 20140729105734 00078
00000246 2014 04 20 14:10 15:00 61 1111 0107 11.26 1 1226 1 20140729105734 00078
00000246 2014 04 26 14:10 15:00 61 1111 0107 11.26 1 1226 1 20140617180111 00049
00000246 2014 04 27 14:10 15:00 61 1111 0107 11.26 1 1226 1 20140729105734 00078
00000246 2014 05 04 14:10 15:00 61 1111 0107 11.26 1 1226 1 20140819135401 00078
00000246 2014 05 11 14:10 15:00 61 1111 0107 11.26 1 1226 1 20140819135401 00078
00000246 2014 05 18 14:10 15:00 61 1111 0107 11.26 1 1226 1 20140819135401 00078
00000246 2014 05 25 14:10 15:00 61 1111 0107 11.26 1 1226 1 20140819135401 00078
00000246 2014 06 01 14:10 15:10 61 1111 0107 11.26 1 1226 1 20140701132435 00049
00000246 2014 06 08 14:10 15:10 61 1111 0107 11.26 1 1226 1 20140701132435 00049
00000246 2014 06 15 14:10 15:10 61 1111 0107 11.26 1 1226 1 20140701132435 00049
00000246 2014 06 22 14:10 15:10 61 1111 0107 11.26 1 1226 1 20140701132435 00049
00000246 2014 06 29 14:10 15:10 61 1111 0107 11.26 1 1226 1 20140701132435 00049
00000246 2014 07 06 14:10 15:09 61 1111 0107 11.26 1 1226 1 20140802131058 00047
00000246 2014 07 13 14:10 15:09 61 1111 0107 11.26 1 1226 1 20140802131058 00047
00000246 2014 07 19 16:30 17:29 61 1111 0107 11.26 1 1226 1 20140802131058 00047
00000246 2014 07 27 14:10 15:09 61 1111 0107 11.26 1 1226 1 20140802131058 00047
00000246 2014 08 03 14:10 15:09 61 1111 0107 11.26 1 1226 1 20140831151719 00049
00000246 2014 08 10 14:10 15:09 61 1111 0107 11.26 1 1226 1 20140831151719 00049
00000246 2014 08 17 14:10 15:09 61 1111 0107 11.26 1 1226 1 20140831151719 00049
00000246 2014 08 24 14:10 15:09 61 1111 0107 11.26 1 1226 1 20140831151719 00049
00000246 2014 08 31 14:10 15:09 61 1111 0107 11.26 1 1226 1 20140831151719 00049
00000246 2014 09 07 14:10 15:09 61 1111 0107 11.26 1 1226 1 20140930203909 00049
00000246 2014 09 14 14:10 15:09 61 1111 0107 11.26 1 1226 1 20140930203909 00049
00000246 2014 09 21 14:10 15:09 61 1111 0107 11.26 1 1226 1 20140930203909 00049
00000246 2014 09 28 14:10 15:09 61 1111 0107 11.26 1 1226 1 20140930203909 00049
00000246 2014 10 05 14:10 15:09 61 1111 0107 11.26 1 1226 1 20141031201807 00049
00000246 2014 10 12 14:10 15:09 61 1111 0107 11.26 1 1226 1 20141031201807 00049
00000246 2014 10 19 14:10 15:09 61 1111 0107 11.26 1 1226 1 20141031201807 00049
00000246 2014 10 26 14:10 15:09 61 1111 0107 11.26 1 1226 1 20141031201807 00049
00000246 2014 11 02 14:10 15:09 61 1111 0107 11.26 1 1226 1 20141201121248 00049
00000246 2014 11 09 14:10 15:09 61 1111 0107 11.26 1 1226 1 20141201121248 00049
00000246 2014 11 16 14:10 15:09 61 1111 0107 11.26 1 1226 1 20141201121248 00049
00000246 2014 11 23 14:10 15:09 61 1111 0107 11.26 1 1226 1 20141201121248 00049
00000246 2014 11 30 14:10 15:09 61 1111 0107 11.26 1 1226 1 20141201121248 00049
