000001702014041 00000170 2014 04 30 15 2441 1 10:00 17:10 0260 1 695 0 _ _ 1 20140618152006 24
000001702014042 00000170 2014 04 30 15 5301 1 _ _ 0260 1 50 0 _ _ 1 20140618152006 24
000001702014043 00000170 2014 04 30 15 5052 1 _ _ 0260 1 50 0 _ _ 1 20140618152006 24
000001702014044 00000170 2014 04 30 15 5611 1 _ _ 0260 1 -94 0 _ _ 1 20140618152006 24
000001702014051 00000170 2014 05 14 15 2441 1 10:00 17:10 0260 1 695 0 _ _ 1 20140812152521 24
000001702014051 00000170 2014 05 21 15 2441 1 10:00 17:10 0260 1 695 0 _ _ 1 20140812152521 24
000001702014051 00000170 2014 05 24 15 2441 1 10:00 17:10 0260 1 695 0 _ _ 1 20140812152521 24
000001702014051 00000170 2014 05 28 15 2441 1 10:00 17:10 0260 1 695 0 _ _ 1 20140812152521 24
000001702014051 00000170 2014 05 31 15 2441 1 10:00 17:10 0260 1 695 0 _ _ 1 20140812152521 24
000001702014052 00000170 2014 05 14 15 5051 1 _ _ 0260 1 42 0 _ _ 1 20140812152521 24
000001702014052 00000170 2014 05 21 15 5051 1 _ _ 0260 1 42 0 _ _ 1 20140812152521 24
000001702014052 00000170 2014 05 28 15 5051 1 _ _ 0260 1 42 0 _ _ 1 20140812152521 24
000001702014053 00000170 2014 05 14 15 5052 1 _ _ 0260 1 50 0 _ _ 1 20140812152521 24
000001702014053 00000170 2014 05 21 15 5052 1 _ _ 0260 1 50 0 _ _ 1 20140812152521 24
000001702014053 00000170 2014 05 24 15 5052 1 _ _ 0260 1 50 0 _ _ 1 20140812152521 24
000001702014053 00000170 2014 05 28 15 5052 1 _ _ 0260 1 50 0 _ _ 1 20140812152521 24
000001702014053 00000170 2014 05 31 15 5052 1 _ _ 0260 1 50 0 _ _ 1 20140812152521 24
000001702014054 00000170 2014 05 14 15 5301 1 _ _ 0260 1 50 0 _ _ 1 20140812152521 24
000001702014054 00000170 2014 05 21 15 5301 1 _ _ 0260 1 50 0 _ _ 1 20140812152521 24
000001702014054 00000170 2014 05 24 15 5301 1 _ _ 0260 1 50 0 _ _ 1 20140812152521 24
000001702014054 00000170 2014 05 28 15 5301 1 _ _ 0260 1 50 0 _ _ 1 20140812152521 24
000001702014054 00000170 2014 05 31 15 5301 1 _ _ 0260 1 50 0 _ _ 1 20140812152521 24
000001702014055 00000170 2014 05 14 15 5611 1 _ _ 0260 1 -94 0 _ _ 1 20140812152521 24
000001702014055 00000170 2014 05 21 15 5611 1 _ _ 0260 1 -94 0 _ _ 1 20140812152521 24
000001702014055 00000170 2014 05 24 15 5611 1 _ _ 0260 1 -94 0 _ _ 1 20140812152521 24
000001702014055 00000170 2014 05 28 15 5611 1 _ _ 0260 1 -94 0 _ _ 1 20140812152521 24
000001702014055 00000170 2014 05 31 15 5611 1 _ _ 0260 1 -94 0 _ _ 1 20140812152521 24
