00000029 2011 09 00013 1 20141020165440 00077
00000029 2011 10 00013 1 20141020165356 00077
00000029 2011 11 00013 1 20141020165302 00077
00000029 2011 12 00013 1 20141020165009 00077
00000029 2012 01 00013 1 20141021104142 00077
00000029 2012 02 00013 1 20141021104226 00077
00000029 2012 03 00013 1 20141021104307 00077
00000029 2012 04 00013 1 20140801150641 00030
00000029 2012 05 00013 1 20140801150859 00030
00000029 2012 06 00013 1 20140801150939 00030
00000029 2012 07 00013 1 20140801150611 00030
00000029 2012 08 00013 1 20140819183740 00030
00000029 2012 09 00013 1 20140801151859 00030
00000029 2012 10 00013 1 20140801151845 00030
00000029 2012 11 00013 1 20140801152124 00030
00000029 2012 12 00013 1 20140801152402 00030
00000029 2013 01 00013 1 20140722134206 00030
00000029 2013 02 00013 1 20140722134342 00030
00000029 2013 03 00013 1 20140722134534 00030
00000029 2013 04 00013 1 20140722134811 00030
00000029 2013 05 00013 1 20140722135119 00030
00000029 2013 06 00013 1 20140819183429 00030
