00000075 20130509 KihonCheckCheckList01 1 1 201405230000 IKOU
00000075 20130509 KihonCheckCheckList02 1 1 201405230000 IKOU
00000075 20130509 KihonCheckCheckList03 1 1 201405230000 IKOU
00000075 20130509 KihonCheckCheckList04 1 1 201405230000 IKOU
00000075 20130509 KihonCheckCheckList05 0 1 201405230000 IKOU
00000075 20130509 KihonCheckCheckList06 2 1 201405230000 IKOU
00000075 20130509 KihonCheckCheckList07 2 1 201405230000 IKOU
00000075 20130509 KihonCheckCheckList08 2 1 201405230000 IKOU
00000075 20130509 KihonCheckCheckList09 2 1 201405230000 IKOU
00000075 20130509 KihonCheckCheckList10 2 1 201405230000 IKOU
00000075 20130509 KihonCheckCheckList11 3 1 201405230000 IKOU
00000075 20130509 KihonCheckCheckList12 0 1 201405230000 IKOU
00000075 20130509 KihonCheckCheckList13 0 1 201405230000 IKOU
00000075 20130509 KihonCheckCheckList14 0 1 201405230000 IKOU
00000075 20130509 KihonCheckCheckList15 5 1 201405230000 IKOU
00000075 20130509 KihonCheckCheckList16 5 1 201405230000 IKOU
00000075 20130509 KihonCheckCheckList17 0 1 201405230000 IKOU
00000075 20130509 KihonCheckCheckList18 0 1 201405230000 IKOU
00000075 20130509 KihonCheckCheckList19 0 1 201405230000 IKOU
00000075 20130509 KihonCheckCheckList20 0 1 201405230000 IKOU
00000075 20130509 KihonCheckCheckList21 0 1 201405230000 IKOU
00000075 20130509 KihonCheckCheckList22 0 1 201405230000 IKOU
00000075 20130509 KihonCheckCheckList23 0 1 201405230000 IKOU
00000075 20130509 KihonCheckCheckList24 0 1 201405230000 IKOU
