00000086 20130514 KihonCheckCheckList01 0 1 201405230000 IKOU
00000086 20130514 KihonCheckCheckList02 0 1 201405230000 IKOU
00000086 20130514 KihonCheckCheckList03 0 1 201405230000 IKOU
00000086 20130514 KihonCheckCheckList04 0 1 201405230000 IKOU
00000086 20130514 KihonCheckCheckList05 1 1 201405230000 IKOU
00000086 20130514 KihonCheckCheckList06 2 1 201405230000 IKOU
00000086 20130514 KihonCheckCheckList07 2 1 201405230000 IKOU
00000086 20130514 KihonCheckCheckList08 0 1 201405230000 IKOU
00000086 20130514 KihonCheckCheckList09 0 1 201405230000 IKOU
00000086 20130514 KihonCheckCheckList10 2 1 201405230000 IKOU
00000086 20130514 KihonCheckCheckList11 0 1 201405230000 IKOU
00000086 20130514 KihonCheckCheckList12 4 1 201405230000 IKOU
00000086 20130514 KihonCheckCheckList13 0 1 201405230000 IKOU
00000086 20130514 KihonCheckCheckList14 4 1 201405230000 IKOU
00000086 20130514 KihonCheckCheckList15 0 1 201405230000 IKOU
00000086 20130514 KihonCheckCheckList16 0 1 201405230000 IKOU
00000086 20130514 KihonCheckCheckList17 0 1 201405230000 IKOU
00000086 20130514 KihonCheckCheckList18 0 1 201405230000 IKOU
00000086 20130514 KihonCheckCheckList19 0 1 201405230000 IKOU
00000086 20130514 KihonCheckCheckList20 0 1 201405230000 IKOU
00000086 20130514 KihonCheckCheckList21 0 1 201405230000 IKOU
00000086 20130514 KihonCheckCheckList22 0 1 201405230000 IKOU
00000086 20130514 KihonCheckCheckList23 0 1 201405230000 IKOU
00000086 20130514 KihonCheckCheckList24 0 1 201405230000 IKOU
00000086 20140225 KihonCheckCheckList01 0 1 201405230000 IKOU
00000086 20140225 KihonCheckCheckList02 0 1 201405230000 IKOU
00000086 20140225 KihonCheckCheckList03 0 1 201405230000 IKOU
00000086 20140225 KihonCheckCheckList04 0 1 201405230000 IKOU
00000086 20140225 KihonCheckCheckList05 1 1 201405230000 IKOU
00000086 20140225 KihonCheckCheckList06 2 1 201405230000 IKOU
00000086 20140225 KihonCheckCheckList07 2 1 201405230000 IKOU
00000086 20140225 KihonCheckCheckList08 0 1 201405230000 IKOU
00000086 20140225 KihonCheckCheckList09 0 1 201405230000 IKOU
00000086 20140225 KihonCheckCheckList10 2 1 201405230000 IKOU
00000086 20140225 KihonCheckCheckList11 3 1 201405230000 IKOU
00000086 20140225 KihonCheckCheckList12 4 1 201405230000 IKOU
00000086 20140225 KihonCheckCheckList13 0 1 201405230000 IKOU
00000086 20140225 KihonCheckCheckList14 4 1 201405230000 IKOU
00000086 20140225 KihonCheckCheckList15 0 1 201405230000 IKOU
00000086 20140225 KihonCheckCheckList16 0 1 201405230000 IKOU
00000086 20140225 KihonCheckCheckList17 0 1 201405230000 IKOU
00000086 20140225 KihonCheckCheckList18 0 1 201405230000 IKOU
00000086 20140225 KihonCheckCheckList19 0 1 201405230000 IKOU
00000086 20140225 KihonCheckCheckList20 0 1 201405230000 IKOU
00000086 20140225 KihonCheckCheckList21 0 1 201405230000 IKOU
00000086 20140225 KihonCheckCheckList22 0 1 201405230000 IKOU
00000086 20140225 KihonCheckCheckList23 0 1 201405230000 IKOU
00000086 20140225 KihonCheckCheckList24 0 1 201405230000 IKOU
