1 00000007 2012 04 11 0070 グランクレール・ケアサービス横浜 1211 身体介護２ 402 0 402 5 2010 0 2010 2010 0 10.84 21788 90 19609 2179 0 n n 0 1 20140730174316 00034
1 00000010 2012 04 11 0070 グランクレール・ケアサービス横浜 1211 身体介護２ 402 0 402 9 3618 0 3618 3618 0 10.84 39219 90 35297 3922 0 n n 0 1 20140730180858 00034
1 00000012 2012 04 11 0070 グランクレール・ケアサービス横浜 1111 身体介護１ 254 0 254 7 1778 0 1778 1778 0 10.84 19273 90 17345 1928 0 n n 0 1 20140730184900 00034
1 00000013 2012 04 11 0070 グランクレール・ケアサービス横浜 7311 生活援助３ 235 0 235 4 940 0 940 940 0 10.84 10189 90 9170 1019 0 n n 0 1 20140731113106 00078
1 00000015 2012 04 11 0070 グランクレール・ケアサービス横浜 1311 身体介護３ 584 0 584 2 1168 0 1168 1168 0 10.84 12661 90 11394 1267 0 n n 0 1 20140731120651 00078
1 00000018 2012 04 11 0070 グランクレール・ケアサービス横浜 7311 生活援助３ 235 0 235 1 235 0 235 235 0 10.84 2547 90 2292 255 0 n n 0 1 20140731160342 00078
1 00000020 2012 04 11 0070 グランクレール・ケアサービス横浜 1211 身体介護２ 402 0 402 1 402 0 402 402 0 10.84 4357 90 3921 436 0 n n 0 1 20140731171133 00078
1 00000022 2012 04 11 0070 グランクレール・ケアサービス横浜 1211 身体介護２ 402 0 402 4 1608 0 1608 1608 0 10.84 17430 90 15687 1743 0 n n 0 1 20140731175602 00078
1 00000046 2012 04 11 0070 グランクレール・ケアサービス横浜 1311 身体介護３ 584 0 584 2 1168 0 1168 1168 0 10.84 12661 90 11394 1267 0 n n 0 1 20140804134507 00034
1 00000049 2012 04 11 0070 グランクレール・ケアサービス横浜 1111 身体介護１ 254 0 254 5 1270 0 1270 1270 0 10.84 13766 90 12389 1377 0 n n 0 1 20140804172032 00034
2 00000007 2012 04 11 0070 グランクレール・ケアサービス横浜 6271 訪問介護処遇改善加算Ⅰ 80 0 80 1 80 80 0.04 80 0 10.84 867 90 780 87 0 a g 0 1 20140730174316 00034
2 00000010 2012 04 11 0070 グランクレール・ケアサービス横浜 6271 訪問介護処遇改善加算Ⅰ 145 0 145 1 145 145 0.04 145 0 10.84 1571 90 1413 158 0 a g 0 1 20140730180858 00034
2 00000012 2012 04 11 0070 グランクレール・ケアサービス横浜 6271 訪問介護処遇改善加算Ⅰ 71 0 71 1 71 71 0.04 71 0 10.84 769 90 692 77 0 a g 0 1 20140730184900 00034
2 00000013 2012 04 11 0070 グランクレール・ケアサービス横浜 6271 訪問介護処遇改善加算Ⅰ 38 0 38 1 38 38 0.04 38 0 10.84 411 90 369 42 0 a g 0 1 20140731113106 00078
2 00000015 2012 04 11 0070 グランクレール・ケアサービス横浜 7311 生活援助３ 235 0 235 2 470 0 470 470 0 10.84 5094 90 4584 510 0 n n 0 1 20140731120651 00078
2 00000018 2012 04 11 0070 グランクレール・ケアサービス横浜 6271 訪問介護処遇改善加算Ⅰ 9 0 9 1 9 9 0.04 9 0 10.84 97 90 87 10 0 a g 0 1 20140731160342 00078
2 00000020 2012 04 11 0070 グランクレール・ケアサービス横浜 7311 生活援助３ 235 0 235 8 1880 0 1880 1880 0 10.84 20379 90 18341 2038 0 n n 0 1 20140731171133 00078
2 00000022 2012 04 11 0070 グランクレール・ケアサービス横浜 6271 訪問介護処遇改善加算Ⅰ 64 0 64 1 64 64 0.04 64 0 10.84 693 90 623 70 0 a g 0 1 20140731175602 00078
2 00000046 2012 04 11 0070 グランクレール・ケアサービス横浜 6271 訪問介護処遇改善加算Ⅰ 47 0 47 1 47 47 0.04 47 0 10.84 509 90 458 51 0 a g 0 1 20140804134507 00034
2 00000049 2012 04 11 0070 グランクレール・ケアサービス横浜 1211 身体介護２ 402 0 402 5 2010 0 2010 2010 0 10.84 21788 90 19609 2179 0 n n 0 1 20140804172032 00034
3 00000015 2012 04 11 0070 グランクレール・ケアサービス横浜 6271 訪問介護処遇改善加算Ⅰ 66 0 66 1 66 66 0.04 66 0 10.84 715 90 643 72 0 a g 0 1 20140731120651 00078
3 00000020 2012 04 11 0070 グランクレール・ケアサービス横浜 6271 訪問介護処遇改善加算Ⅰ 91 0 91 1 91 91 0.04 91 0 10.84 986 90 887 99 0 a g 0 1 20140731171133 00078
3 00000049 2012 04 11 0070 グランクレール・ケアサービス横浜 4111 身体１生活１ 324 0 324 2 648 0 648 648 0 10.84 7024 90 6321 703 0 n n 0 1 20140804172032 00034
4 00000049 2012 04 11 0070 グランクレール・ケアサービス横浜 7311 生活援助３ 235 0 235 1 235 0 235 235 0 10.84 2547 90 2292 255 0 n n 0 1 20140804172032 00034
5 00000049 2012 04 11 0070 グランクレール・ケアサービス横浜 6271 訪問介護処遇改善加算Ⅰ 167 0 167 1 167 167 0.04 167 0 10.84 1810 90 1629 181 0 a g 0 1 20140804172032 00034
