00000007 2011 04 04 15:00 15:59 61 1111 0073 10.84 1 1234 1 20141017141831 00077
00000007 2011 04 11 15:00 15:59 61 1111 0073 10.84 1 1234 1 20141017141831 00077
00000007 2011 04 18 15:00 15:59 61 1111 0073 10.84 1 1234 1 20141017141831 00077
00000007 2011 04 25 15:00 15:59 61 1111 0073 10.84 1 1234 1 20141017141831 00077
00000007 2011 05 02 15:00 15:59 11 4111 0070 10.84 1 337 1 20141017142047 00077
00000007 2011 05 09 15:00 15:59 11 4111 0070 10.84 1 337 1 20141017142047 00077
00000007 2011 05 16 15:00 15:59 11 4111 0070 10.84 1 337 1 20141017142047 00077
00000007 2011 05 23 15:00 15:59 11 4111 0070 10.84 1 337 1 20141017142047 00077
00000007 2011 05 30 15:00 15:59 11 4111 0070 10.84 1 337 1 20141017142047 00077
00000007 2011 06 06 15:00 15:59 11 1211 0070 10.84 1 402 1 20141017142211 00077
00000007 2011 06 13 15:00 15:59 11 1211 0070 10.84 1 402 1 20141017142211 00077
00000007 2011 06 20 15:00 15:59 11 1211 0070 10.84 1 402 1 20141017142211 00077
00000007 2011 06 27 15:00 15:59 11 1211 0070 10.84 1 402 1 20141017142211 00077
00000007 2011 07 04 15:00 15:59 11 1211 0070 10.84 1 402 1 20141017142350 00077
00000007 2011 07 11 15:00 15:59 11 1211 0070 10.84 1 402 1 20141017142350 00077
00000007 2011 07 18 15:00 15:59 11 1211 0070 10.84 1 402 1 20141017142350 00077
00000007 2011 07 25 15:00 15:59 11 1211 0070 10.84 1 402 1 20141017142350 00077
00000007 2011 08 01 15:00 15:59 11 1211 0070 10.84 1 402 1 20141017142513 00077
00000007 2011 08 08 15:00 15:59 11 1211 0070 10.84 1 402 1 20141017142513 00077
00000007 2011 08 22 15:00 15:59 11 1211 0070 10.84 1 402 1 20141017142513 00077
00000007 2011 08 29 15:00 15:59 11 1211 0070 10.84 1 402 1 20141017142513 00077
00000007 2011 09 05 15:00 15:59 11 1211 0070 10.84 1 402 1 20141017142647 00077
00000007 2011 09 12 15:00 15:59 11 1211 0070 10.84 1 402 1 20141017142647 00077
00000007 2011 09 19 15:00 15:59 11 1211 0070 10.84 1 402 1 20141017142647 00077
00000007 2011 09 26 15:00 15:59 11 1211 0070 10.84 1 402 1 20141017142647 00077
00000007 2011 10 03 15:00 15:59 11 1211 0070 10.84 1 402 1 20141017142803 00077
00000007 2011 10 10 15:00 15:59 11 1211 0070 10.84 1 402 1 20141017142803 00077
00000007 2011 10 24 15:00 15:59 11 1211 0070 10.84 1 402 1 20141017142803 00077
00000007 2011 10 31 15:00 15:59 11 1211 0070 10.84 1 402 1 20141017142803 00077
00000007 2011 11 07 15:00 15:59 11 1211 0070 10.84 1 402 1 20141017142925 00077
00000007 2011 11 14 15:00 15:59 11 1211 0070 10.84 1 402 1 20141017142925 00077
00000007 2011 11 21 15:00 15:59 11 1211 0070 10.84 1 402 1 20141017142925 00077
00000007 2011 12 05 15:00 15:59 11 1211 0070 10.84 1 402 1 20141017143051 00077
00000007 2011 12 12 15:00 15:59 11 1211 0070 10.84 1 402 1 20141017143051 00077
00000007 2011 12 19 15:00 15:59 11 1211 0070 10.84 1 402 1 20141017143051 00077
00000007 2012 01 09 15:00 15:59 11 1211 0070 10.84 1 402 1 20141015173131 00077
00000007 2012 01 16 15:00 15:59 11 1211 0070 10.84 1 402 1 20141015173131 00077
00000007 2012 01 23 15:00 15:59 11 1211 0070 10.84 1 402 1 20141015173131 00077
00000007 2012 01 30 15:00 15:59 11 1211 0070 10.84 1 402 1 20141015173131 00077
00000007 2012 02 06 15:00 15:59 11 1211 0070 10.84 1 402 1 20141015173333 00077
00000007 2012 02 13 15:00 15:59 11 1211 0070 10.84 1 402 1 20141015173333 00077
00000007 2012 02 27 10:30 11:29 11 1211 0070 10.84 1 402 1 20141015173333 00077
00000007 2012 03 05 15:00 15:59 11 1211 0070 10.84 1 402 1 20141015173504 00077
00000007 2012 03 12 15:00 15:59 11 1211 0070 10.84 1 402 1 20141015173504 00077
00000007 2012 03 19 15:00 15:59 11 1211 0070 10.84 1 402 1 20141015173504 00077
00000007 2012 03 26 15:00 15:59 11 1211 0070 10.84 1 402 1 20141015173504 00077
00000007 2012 04 02 15:00 15:59 11 1211 0070 10.84 1 402 1 20140730174316 00034
00000007 2012 04 09 15:00 15:59 11 1211 0070 10.84 1 402 1 20140730174316 00034
00000007 2012 04 16 15:00 15:59 11 1211 0070 10.84 1 402 1 20140730174316 00034
00000007 2012 04 23 15:00 15:59 11 1211 0070 10.84 1 402 1 20140730174316 00034
00000007 2012 04 30 15:00 15:59 11 1211 0070 10.84 1 402 1 20140730174316 00034
00000007 2012 05 07 15:00 15:59 11 1211 0070 10.84 1 402 1 20140730174557 00034
00000007 2012 05 07 15:00 15:59 61 1111 0073 10.84 1 1220 1 20140814160018 00034
00000007 2012 05 14 15:00 15:59 11 1211 0070 10.84 1 402 1 20140730174557 00034
00000007 2012 05 14 15:00 15:59 61 1111 0073 10.84 1 1220 1 20140814160018 00034
00000007 2012 05 28 15:00 15:59 11 1211 0070 10.84 1 402 1 20140730174557 00034
00000007 2012 05 28 15:00 15:59 61 1111 0073 10.84 1 1220 1 20140814160018 00034
00000007 2012 06 04 15:00 15:59 11 1211 0070 10.84 1 402 1 20140730174737 00034
00000007 2012 06 04 15:00 15:59 61 1111 0073 10.84 1 1220 1 20140814160218 00034
00000007 2012 06 11 15:00 15:59 11 7311 0070 10.84 1 235 1 20140730174737 00034
00000007 2012 06 11 15:00 15:59 61 1111 0073 10.84 1 1220 1 20140814160218 00034
00000007 2012 06 18 15:00 15:59 11 7311 0070 10.84 1 235 1 20140730174737 00034
00000007 2012 06 18 15:00 15:59 61 1111 0073 10.84 1 1220 1 20140814160218 00034
00000007 2012 06 25 15:00 15:59 11 7311 0070 10.84 1 235 1 20140730174737 00034
00000007 2012 06 25 15:00 15:59 61 1111 0073 10.84 1 1220 1 20140814160218 00034
00000007 2012 07 02 15:00 15:59 11 7311 0070 10.84 1 235 1 20140730174926 00034
00000007 2012 07 02 15:00 15:59 61 1111 0073 10.84 1 1220 1 20140814160342 00034
00000007 2012 07 09 15:00 15:59 11 7311 0070 10.84 1 235 1 20140730174926 00034
00000007 2012 07 09 15:00 15:59 61 1111 0073 10.84 1 1220 1 20140814160342 00034
00000007 2012 07 19 14:00 14:59 11 7311 0070 10.84 1 235 1 20140730174926 00034
00000007 2012 07 19 14:00 14:59 61 1111 0073 10.84 1 1220 1 20140814160342 00034
00000007 2012 07 23 15:00 15:59 11 7311 0070 10.84 1 235 1 20140730174926 00034
00000007 2012 07 23 15:00 15:59 61 1111 0073 10.84 1 1220 1 20140814160342 00034
00000007 2012 07 30 15:00 15:59 11 7311 0070 10.84 1 235 1 20140730174926 00034
00000007 2012 07 30 15:00 15:59 61 1111 0073 10.84 1 1220 1 20140814160342 00034
00000007 2012 08 06 15:00 15:59 11 7311 0070 10.84 1 235 1 20140730175055 00034
00000007 2012 08 06 15:00 15:59 61 1111 0073 10.84 1 1220 1 20140814160446 00034
00000007 2012 08 13 15:00 15:59 11 7311 0070 10.84 1 235 1 20140730175055 00034
00000007 2012 08 13 15:00 15:59 61 1111 0073 10.84 1 1220 1 20140814160446 00034
00000007 2012 08 20 15:00 15:59 11 7311 0070 10.84 1 235 1 20140730175055 00034
00000007 2012 08 20 15:00 15:59 61 1111 0073 10.84 1 1220 1 20140814160446 00034
00000007 2012 08 27 15:00 15:59 11 7311 0070 10.84 1 235 1 20140730175055 00034
00000007 2012 08 27 15:00 15:59 61 1111 0073 10.84 1 1220 1 20140814160446 00034
00000007 2012 09 03 15:00 15:59 11 7311 0070 10.84 1 235 1 20140730175226 00034
00000007 2012 09 03 15:00 15:59 61 1111 0073 10.84 1 1220 1 20140814160549 00034
00000007 2012 09 10 15:00 15:59 11 7311 0070 10.84 1 235 1 20140730175226 00034
00000007 2012 09 10 15:00 15:59 61 1111 0073 10.84 1 1220 1 20140814160549 00034
00000007 2012 09 17 15:00 15:59 11 7311 0070 10.84 1 235 1 20140730175226 00034
00000007 2012 09 17 15:00 15:59 61 1111 0073 10.84 1 1220 1 20140814160549 00034
00000007 2012 09 24 15:00 15:59 11 7311 0070 10.84 1 235 1 20140730175226 00034
00000007 2012 09 24 15:00 15:59 61 1111 0073 10.84 1 1220 1 20140814160549 00034
00000007 2012 10 08 15:00 15:59 11 7311 0070 10.84 1 235 1 20140730175350 00034
00000007 2012 10 08 15:00 15:59 61 1111 0073 10.84 1 1220 1 20140814160652 00034
00000007 2012 10 15 15:00 15:59 11 7311 0070 10.84 1 235 1 20140730175350 00034
00000007 2012 10 15 15:00 15:59 61 1111 0073 10.84 1 1220 1 20140814160652 00034
00000007 2012 10 22 15:00 15:59 11 7311 0070 10.84 1 235 1 20140730175350 00034
00000007 2012 10 22 15:00 15:59 61 1111 0073 10.84 1 1220 1 20140814160652 00034
00000007 2012 10 29 15:00 15:59 11 7311 0070 10.84 1 235 1 20140730175350 00034
00000007 2012 10 29 15:00 15:59 61 1111 0073 10.84 1 1220 1 20140814160652 00034
00000007 2012 11 09 17:00 17:59 11 7311 0070 10.84 1 235 1 20140730175525 00034
00000007 2012 11 09 17:00 17:59 61 1111 0073 10.84 1 1220 1 20140814160754 00034
00000007 2012 11 12 15:00 15:59 11 7311 0070 10.84 1 235 1 20140730175525 00034
00000007 2012 11 12 15:00 15:59 61 1111 0073 10.84 1 1220 1 20140814160754 00034
00000007 2012 11 19 15:00 15:59 11 7311 0070 10.84 1 235 1 20140730175525 00034
00000007 2012 11 19 15:00 15:59 61 1111 0073 10.84 1 1220 1 20140814160754 00034
00000007 2012 11 26 15:00 15:59 11 7311 0070 10.84 1 235 1 20140730175525 00034
00000007 2012 11 26 15:00 15:59 61 1111 0073 10.84 1 1220 1 20140814160754 00034
00000007 2012 12 03 15:00 15:59 11 7311 0070 10.84 1 235 1 20140730175649 00034
00000007 2012 12 03 15:00 15:59 61 1111 0073 10.84 1 1220 1 20140814160848 00034
00000007 2012 12 10 15:00 15:59 11 7311 0070 10.84 1 235 1 20140730175649 00034
00000007 2012 12 10 15:00 15:59 61 1111 0073 10.84 1 1220 1 20140814160848 00034
00000007 2012 12 17 15:00 15:59 11 7311 0070 10.84 1 235 1 20140730175649 00034
00000007 2012 12 17 15:00 15:59 61 1111 0073 10.84 1 1220 1 20140814160848 00034
00000007 2012 12 24 15:00 15:59 11 7311 0070 10.84 1 235 1 20140730175649 00034
00000007 2012 12 24 15:00 15:59 61 1111 0073 10.84 1 1220 1 20140814160848 00034
00000007 2013 01 07 15:00 15:59 61 1111 0073 10.84 1 1220 1 20140717151238 00034
00000007 2013 01 14 15:00 15:59 61 1111 0073 10.84 1 1220 1 20140717151238 00034
00000007 2013 01 21 15:00 15:59 61 1111 0073 10.84 1 1220 1 20140717151238 00034
00000007 2013 01 28 15:00 15:59 61 1111 0073 10.84 1 1220 1 20140717151238 00034
00000007 2013 02 04 15:00 15:59 61 1111 0073 10.84 1 1220 1 20140717151358 00034
00000007 2013 02 11 15:00 15:59 61 1111 0073 10.84 1 1220 1 20140717151358 00034
00000007 2013 02 18 15:00 15:59 61 1111 0073 10.84 1 1220 1 20140717151358 00034
00000007 2013 02 25 15:00 15:59 61 1111 0073 10.84 1 1220 1 20140717151358 00034
00000007 2013 03 04 15:00 15:59 61 1111 0073 10.84 1 1220 1 20140717151500 00034
00000007 2013 03 11 15:00 15:59 61 1111 0073 10.84 1 1220 1 20140717151500 00034
00000007 2013 03 18 15:00 15:59 61 1111 0073 10.84 1 1220 1 20140717151500 00034
00000007 2013 03 25 15:00 15:59 61 1111 0073 10.84 1 1220 1 20140717151500 00034
00000007 2013 04 01 15:00 15:59 61 1111 0073 10.84 1 1220 1 20140717151634 00034
00000007 2013 04 08 15:00 15:59 61 1111 0073 10.84 1 1220 1 20140717151634 00034
00000007 2013 04 15 15:00 15:59 61 1111 0073 10.84 1 1220 1 20140717151634 00034
00000007 2013 04 22 15:00 15:59 61 1111 0073 10.84 1 1220 1 20140717151634 00034
00000007 2013 04 29 15:00 15:59 61 1111 0073 10.84 1 1220 1 20140717151634 00034
00000007 2013 05 06 15:00 15:59 61 1111 0073 10.84 1 1220 1 20140717152154 00034
00000007 2013 05 13 15:00 15:59 61 1111 0073 10.84 1 1220 1 20140717152154 00034
00000007 2013 05 20 15:00 15:59 61 1111 0073 10.84 1 1220 1 20140717152154 00034
00000007 2013 05 27 15:00 15:59 61 1111 0073 10.84 1 1220 1 20140717152154 00034
00000007 2013 06 03 15:00 15:59 61 1111 0073 10.84 1 1220 1 20140717152307 00034
00000007 2013 06 10 15:00 15:59 61 1111 0073 10.84 1 1220 1 20140717152307 00034
00000007 2013 06 17 15:00 15:59 61 1111 0073 10.84 1 1220 1 20140717152307 00034
00000007 2013 06 24 15:00 15:59 61 1111 0073 10.84 1 1220 1 20140717152307 00034
00000007 2013 07 01 15:00 15:59 61 1111 0073 10.84 1 1220 1 20140717152431 00034
00000007 2013 07 08 15:00 15:59 61 1111 0073 10.84 1 1220 1 20140717152431 00034
00000007 2013 07 15 15:00 15:59 61 1111 0073 10.84 1 1220 1 20140717152431 00034
00000007 2013 07 22 15:00 15:59 61 1111 0073 10.84 1 1220 1 20140717152431 00034
00000007 2013 07 29 15:00 15:59 61 1111 0073 10.84 1 1220 1 20140717152431 00034
00000007 2013 08 05 14:00 14:59 61 1111 0073 10.84 1 1220 1 20140717152544 00034
00000007 2013 08 12 15:00 15:59 61 1111 0073 10.84 1 1220 1 20140717152544 00034
00000007 2013 08 19 15:00 15:59 61 1111 0073 10.84 1 1220 1 20140717152544 00034
00000007 2013 08 26 15:45 16:44 61 1111 0073 10.84 1 1220 1 20140717152544 00034
00000007 2013 09 02 14:00 15:00 61 1111 0073 10.84 1 1220 1 20140625101720 00034
00000007 2013 09 09 14:00 15:00 61 1111 0073 10.84 1 1220 1 20140625101720 00034
00000007 2013 09 16 14:00 15:00 61 1111 0073 10.84 1 1220 1 20140625101720 00034
00000007 2013 09 21 10:15 11:15 61 1111 0073 10.84 1 1220 1 20140625101720 00034
00000007 2013 09 30 14:00 15:00 61 1111 0073 10.84 1 1220 1 20140625101720 00034
00000007 2013 10 07 14:00 15:00 61 1111 0073 10.84 1 1220 1 20140625105903 00034
00000007 2013 10 14 14:00 15:00 61 1111 0073 10.84 1 1220 1 20140625105903 00034
00000007 2013 10 21 14:00 15:00 61 1111 0073 10.84 1 1220 1 20140625105903 00034
00000007 2013 10 28 14:00 15:00 61 1111 0073 10.84 1 1220 1 20140625105903 00034
00000007 2013 11 11 14:00 15:00 61 1111 0073 10.84 1 1220 1 20140625110031 00034
00000007 2013 11 18 14:00 15:00 61 1111 0073 10.84 1 1220 1 20140625110031 00034
00000007 2013 11 25 14:00 15:00 61 1111 0073 10.84 1 1220 1 20140625110031 00034
00000007 2013 12 02 14:00 15:00 61 1111 0073 10.84 1 1220 1 20140625110245 00034
00000007 2013 12 09 14:00 15:00 61 1111 0073 10.84 1 1220 1 20140625110245 00034
00000007 2013 12 16 14:00 15:00 61 1111 0073 10.84 1 1220 1 20140625110245 00034
00000007 2013 12 23 14:00 15:00 61 1111 0073 10.84 1 1220 1 20140625110245 00034
00000007 2013 12 30 14:00 15:00 61 1111 0073 10.84 1 1220 1 20140625110245 00034
00000007 2014 01 06 14:00 15:00 61 1111 0073 10.84 1 1220 1 20140619182608 00034
00000007 2014 01 17 14:00 15:00 61 1111 0073 10.84 1 1220 1 20140619182608 00034
00000007 2014 01 24 14:00 15:00 61 1111 0073 10.84 1 1220 1 20140619182608 00034
00000007 2014 01 31 14:00 15:00 61 1111 0073 10.84 1 1220 1 20140619182608 00034
00000007 2014 02 04 10:15 11:15 61 1111 0073 10.84 1 1220 1 20140619182749 00034
00000007 2014 02 14 13:00 14:00 61 1111 0073 10.84 1 1220 1 20140619182749 00034
00000007 2014 02 21 14:00 15:00 61 1111 0073 10.84 1 1220 1 20140619182749 00034
00000007 2014 02 28 14:00 15:00 61 1111 0073 10.84 1 1220 1 20140619182749 00034
00000007 2014 03 07 14:00 15:00 61 1111 0073 10.84 1 1220 1 20140619182907 00034
00000007 2014 03 14 14:00 15:00 61 1111 0073 10.84 1 1220 1 20140619182907 00034
00000007 2014 03 21 14:00 15:00 61 1111 0073 10.84 1 1220 1 20140619182907 00034
00000007 2014 03 28 14:00 15:00 61 1111 0073 10.84 1 1220 1 20140619182907 00034
00000007 2014 04 04 14:00 15:00 61 1111 0073 10.84 1 1226 1 20140619183012 00034
00000007 2014 04 13 11:00 12:00 61 1111 0073 10.84 1 1226 1 20140619183012 00034
00000007 2014 04 18 14:00 15:00 61 1111 0073 10.84 1 1226 1 20140619183012 00034
00000007 2014 04 25 14:00 15:00 61 1111 0073 10.84 1 1226 1 20140619183012 00034
00000007 2014 05 02 14:00 15:00 61 1111 0073 10.84 1 1226 1 20140815150805 00034
00000007 2014 05 09 14:00 15:00 61 1111 0073 10.84 1 1226 1 20140815150805 00034
00000007 2014 05 16 14:00 15:00 61 1111 0073 10.84 1 1226 1 20140815150805 00034
00000007 2014 05 23 14:00 15:00 61 1111 0073 10.84 1 1226 1 20140815150805 00034
