00000007 0070 2011 05 _ 1 20141017142047 00077
00000007 0070 2011 06 _ 1 20141017142211 00077
00000007 0070 2011 07 _ 1 20141017142350 00077
00000007 0070 2011 08 _ 1 20141017142513 00077
00000007 0070 2011 09 _ 1 20141017142647 00077
00000007 0070 2011 10 _ 1 20141017142803 00077
00000007 0070 2011 11 _ 1 20141017142925 00077
00000007 0070 2011 12 _ 1 20141017143051 00077
00000007 0070 2012 01 _ 1 20141015173131 00077
00000007 0070 2012 02 _ 1 20141015173333 00077
00000007 0070 2012 03 _ 1 20141015173504 00077
00000007 0070 2012 04 _ 1 20140730174316 00034
00000007 0070 2012 05 _ 1 20140730174557 00034
00000007 0070 2012 06 _ 1 20140730174737 00034
00000007 0070 2012 07 _ 1 20140730174926 00034
00000007 0070 2012 08 _ 1 20140730175055 00034
00000007 0070 2012 09 _ 1 20140730175226 00034
00000007 0070 2012 10 _ 1 20140730175350 00034
00000007 0070 2012 11 _ 1 20140730175525 00034
00000007 0070 2012 12 _ 1 20140730175649 00034
00000007 0073 2011 04 _ 1 20141017141831 00077
00000007 0073 2012 05 _ 1 20140814160018 00034
00000007 0073 2012 06 _ 1 20140814160218 00034
00000007 0073 2012 07 _ 1 20140814160342 00034
00000007 0073 2012 08 _ 1 20140814160446 00034
00000007 0073 2012 09 _ 1 20140814160549 00034
00000007 0073 2012 10 _ 1 20140814160652 00034
00000007 0073 2012 11 _ 1 20140814160754 00034
00000007 0073 2012 12 _ 1 20140814160848 00034
00000007 0073 2013 01 _ 1 20140717151238 00034
00000007 0073 2013 02 _ 1 20140717151358 00034
00000007 0073 2013 03 _ 1 20140717151500 00034
00000007 0073 2013 04 _ 1 20140717151634 00034
00000007 0073 2013 05 _ 1 20140717152154 00034
00000007 0073 2013 06 _ 1 20140717152307 00034
00000007 0073 2013 07 _ 1 20140717152431 00034
00000007 0073 2013 08 _ 1 20140717152544 00034
00000007 0073 2013 09 _ 1 20140625101720 00034
00000007 0073 2013 10 _ 1 20140625105903 00034
00000007 0073 2013 11 _ 1 20140625110031 00034
00000007 0073 2013 12 _ 1 20140625110245 00034
00000007 0073 2014 01 _ 1 20140619182608 00034
00000007 0073 2014 02 _ 1 20140619182749 00034
00000007 0073 2014 03 _ 1 20140619182907 00034
00000007 0073 2014 04 _ 1 20140619183012 00034
00000007 0073 2014 05 _ 1 20140815150805 00034
00000007 0073 2014 06 _ 1 20140628122145 00035
