000011842014081 00001184 2014 08 29 15 2241 13:30 16:40 0314 1 403 0 _ _ 1 1 20141003090447 39
000011842014082 00001184 2014 08 29 15 5051 13:30 16:40 0314 1 42 0 _ _ 1 1 20141003090447 39
000011842014083 00001184 2014 08 01 17 1007 _ _ 0318 1 154 0 _ _ 1 1 20141003090447 39
000011842014091 00001184 2014 09 01 11 4001 10:30 11:29 0223 1 200 0 _ _ 1 1 20141003090621 39
000011842014092 00001184 2014 09 02 11 7311 10:30 11:29 0223 1 236 0 _ _ 1 1 20141003090621 39
000011842014092 00001184 2014 09 09 11 7311 10:30 11:29 0223 1 236 0 _ _ 1 1 20141003090621 39
000011842014092 00001184 2014 09 16 11 7311 10:30 11:29 0223 1 236 0 _ _ 1 1 20141003090621 39
000011842014092 00001184 2014 09 23 11 7311 10:30 11:29 0223 1 236 0 _ _ 1 1 20141003090621 39
000011842014092 00001184 2014 09 30 11 7311 10:30 11:29 0223 1 236 0 _ _ 1 1 20141003090621 39
000011842014093 00001184 2014 09 02 15 2241 13:30 16:40 0314 1 403 0 _ _ 1 1 20141003090621 39
000011842014093 00001184 2014 09 05 15 2241 13:30 16:40 0314 1 403 0 _ _ 1 1 20141003090621 39
000011842014093 00001184 2014 09 09 15 2241 13:30 16:40 0314 1 403 0 _ _ 1 1 20141003090621 39
000011842014093 00001184 2014 09 12 15 2241 13:30 16:40 0314 1 403 0 _ _ 1 1 20141003090621 39
000011842014093 00001184 2014 09 16 15 2241 13:30 16:40 0314 1 403 0 _ _ 1 1 20141003090621 39
000011842014093 00001184 2014 09 19 15 2241 13:30 16:40 0314 1 403 0 _ _ 1 1 20141003090621 39
000011842014093 00001184 2014 09 23 15 2241 13:30 16:40 0314 1 403 0 _ _ 1 1 20141003090621 39
000011842014093 00001184 2014 09 26 15 2241 13:30 16:40 0314 1 403 0 _ _ 1 1 20141003090621 39
000011842014093 00001184 2014 09 30 15 2241 13:30 16:40 0314 1 403 0 _ _ 1 1 20141003090621 39
000011842014094 00001184 2014 09 02 15 5051 13:30 16:40 0314 1 42 0 _ _ 1 1 20141003090621 39
000011842014094 00001184 2014 09 05 15 5051 13:30 16:40 0314 1 42 0 _ _ 1 1 20141003090621 39
000011842014094 00001184 2014 09 09 15 5051 13:30 16:40 0314 1 42 0 _ _ 1 1 20141003090621 39
000011842014094 00001184 2014 09 12 15 5051 13:30 16:40 0314 1 42 0 _ _ 1 1 20141003090621 39
000011842014094 00001184 2014 09 16 15 5051 13:30 16:40 0314 1 42 0 _ _ 1 1 20141003090621 39
000011842014094 00001184 2014 09 19 15 5051 13:30 16:40 0314 1 42 0 _ _ 1 1 20141003090621 39
000011842014094 00001184 2014 09 23 15 5051 13:30 16:40 0314 1 42 0 _ _ 1 1 20141003090621 39
000011842014094 00001184 2014 09 26 15 5051 13:30 16:40 0314 1 42 0 _ _ 1 1 20141003090621 39
000011842014094 00001184 2014 09 30 15 5051 13:30 16:40 0314 1 42 0 _ _ 1 1 20141003090621 39
000011842014095 00001184 2014 09 01 17 1007 _ _ 0318 1 308 0 _ _ 1 1 20141003090621 39
000011842014101 00001184 2014 10 07 11 7311 10:00 10:59 0223 1 236 0 _ _ 1 1 20141104115311 39
000011842014101 00001184 2014 10 14 11 7311 10:00 10:59 0223 1 236 0 _ _ 1 1 20141104115311 39
000011842014101 00001184 2014 10 21 11 7311 10:00 10:59 0223 1 236 0 _ _ 1 1 20141104115311 39
000011842014101 00001184 2014 10 28 11 7311 10:00 10:59 0223 1 236 0 _ _ 1 1 20141104115311 39
000011842014102 00001184 2014 10 07 15 2241 13:30 16:40 0314 1 403 0 _ _ 1 1 20141104115311 39
000011842014102 00001184 2014 10 14 15 2241 13:30 16:40 0314 1 403 0 _ _ 1 1 20141104115311 39
000011842014102 00001184 2014 10 21 15 2241 13:30 16:40 0314 1 403 0 _ _ 1 1 20141104115311 39
000011842014102 00001184 2014 10 28 15 2241 13:30 16:40 0314 1 403 0 _ _ 1 1 20141104115311 39
000011842014103 00001184 2014 10 07 15 5051 13:30 16:40 0314 1 42 0 _ _ 1 1 20141104115311 39
000011842014103 00001184 2014 10 14 15 5051 13:30 16:40 0314 1 42 0 _ _ 1 1 20141104115311 39
000011842014103 00001184 2014 10 21 15 5051 13:30 16:40 0314 1 42 0 _ _ 1 1 20141104115311 39
000011842014103 00001184 2014 10 28 15 5051 13:30 16:40 0314 1 42 0 _ _ 1 1 20141104115311 39
000011842014104 00001184 2014 10 01 17 1007 _ _ 0318 1 308 0 _ _ 1 1 20141104115311 39
000011842014111 00001184 2014 11 19 11 7311 10:00 11:00 0223 1 236 0 _ _ 1 1 20141202121816 39
000011842014111 00001184 2014 11 26 11 7311 10:00 11:00 0223 1 236 0 _ _ 1 1 20141202121816 39
000011842014112 00001184 2014 11 04 15 2241 13:30 16:40 0314 1 403 0 _ _ 1 1 20141202121816 39
000011842014112 00001184 2014 11 11 15 2241 13:30 16:40 0314 1 403 0 _ _ 1 1 20141202121816 39
000011842014112 00001184 2014 11 18 15 2241 13:30 16:40 0314 1 403 0 _ _ 1 1 20141202121816 39
000011842014112 00001184 2014 11 25 15 2241 13:30 16:40 0314 1 403 0 _ _ 1 1 20141202121816 39
000011842014113 00001184 2014 11 04 15 5051 13:30 16:40 0314 1 42 0 _ _ 1 1 20141202121816 39
000011842014113 00001184 2014 11 11 15 5051 13:30 16:40 0314 1 42 0 _ _ 1 1 20141202121816 39
000011842014113 00001184 2014 11 18 15 5051 13:30 16:40 0314 1 42 0 _ _ 1 1 20141202121816 39
000011842014114 00001184 2014 11 01 17 1007 _ _ 0318 1 308 0 _ _ 1 1 20141202121816 39
000011842014121 00001184 2014 12 03 11 7311 10:00 11:00 0223 1 236 0 _ _ 1 1 20141125161940 26
000011842014121 00001184 2014 12 10 11 7311 10:00 11:00 0223 1 236 0 _ _ 1 1 20141125161940 26
000011842014121 00001184 2014 12 17 11 7311 10:00 11:00 0223 1 236 0 _ _ 1 1 20141125161940 26
000011842014121 00001184 2014 12 24 11 7311 10:00 11:00 0223 1 236 0 _ _ 1 1 20141125161940 26
000011842014122 00001184 2014 12 02 15 2241 13:30 16:40 0314 1 403 0 _ _ 1 1 20141125161940 26
000011842014122 00001184 2014 12 09 15 2241 13:30 16:40 0314 1 403 0 _ _ 1 1 20141125161940 26
000011842014122 00001184 2014 12 16 15 2241 13:30 16:40 0314 1 403 0 _ _ 1 1 20141125161940 26
000011842014122 00001184 2014 12 23 15 2241 13:30 16:40 0314 1 403 0 _ _ 1 1 20141125161940 26
000011842014123 00001184 2014 12 02 15 5051 13:30 16:40 0314 1 42 0 _ _ 1 1 20141125161940 26
000011842014123 00001184 2014 12 09 15 5051 13:30 16:40 0314 1 42 0 _ _ 1 1 20141125161940 26
000011842014123 00001184 2014 12 16 15 5051 13:30 16:40 0314 1 42 0 _ _ 1 1 20141125161940 26
000011842014123 00001184 2014 12 23 15 5051 13:30 16:40 0314 1 42 0 _ _ 1 1 20141125161940 26
000011842014124 00001184 2014 12 01 17 1007 _ _ 0318 1 308 0 _ _ 1 1 20141125161940 26
