1 00000301 2014 07 11 0070 グランクレール・ケアサービス横浜 1111 身体介護１ 255 0 255 3 765 0 765 765 0 10.84 8292 90 7462 830 0 n n 0 1 20140731200617 00034
1 00000301 2014 08 11 0070 グランクレール・ケアサービス横浜 1111 身体介護１ 255 0 255 5 1275 0 1275 1275 0 10.84 13821 90 12438 1383 0 n n 0 1 20140831214116 00014
1 00000301 2014 09 11 0070 グランクレール・ケアサービス横浜 1111 身体介護１ 255 0 255 4 1020 0 1020 1020 0 10.84 11056 90 9950 1106 0 n n 0 1 20140929194618 00014
1 00000301 2014 10 11 0070 グランクレール・ケアサービス横浜 1111 身体介護１ 255 0 255 5 1275 0 1275 1275 0 10.84 13821 90 12438 1383 0 n n 0 1 20141101113439 00034
1 00000301 2014 11 11 0070 グランクレール・ケアサービス横浜 1111 身体介護１ 255 0 255 4 1020 0 1020 1020 0 10.84 11056 90 9950 1106 0 n n 0 1 20141130202213 00034
1 00000301 2014 12 11 0070 グランクレール・ケアサービス横浜 1111 身体介護１ 255 0 255 4 1020 0 1020 1020 0 10.84 11056 90 9950 1106 0 n n 0 1 20141209111240 00011
2 00000301 2014 07 11 0070 グランクレール・ケアサービス横浜 1211 身体介護２ 404 0 404 3 1212 0 1212 1212 0 10.84 13138 90 11824 1314 0 n n 0 1 20140731200617 00034
2 00000301 2014 08 11 0070 グランクレール・ケアサービス横浜 1211 身体介護２ 404 0 404 4 1616 0 1616 1616 0 10.84 17517 90 15765 1752 0 n n 0 1 20140831214116 00014
2 00000301 2014 09 11 0070 グランクレール・ケアサービス横浜 1211 身体介護２ 404 0 404 4 1616 0 1616 1616 0 10.84 17517 90 15765 1752 0 n n 0 1 20140929194618 00014
2 00000301 2014 10 11 0070 グランクレール・ケアサービス横浜 1211 身体介護２ 404 0 404 5 2020 0 2020 2020 0 10.84 21896 90 19706 2190 0 n n 0 1 20141101113439 00034
2 00000301 2014 11 11 0070 グランクレール・ケアサービス横浜 1211 身体介護２ 404 0 404 4 1616 0 1616 1616 0 10.84 17517 90 15765 1752 0 n n 0 1 20141130202213 00034
2 00000301 2014 12 11 0070 グランクレール・ケアサービス横浜 1211 身体介護２ 404 0 404 5 2020 0 2020 2020 0 10.84 21896 90 19706 2190 0 n n 0 1 20141209111240 00011
3 00000301 2014 07 11 0070 グランクレール・ケアサービス横浜 5111 身体２生活１ 474 0 474 2 948 0 948 948 0 10.84 10276 90 9248 1028 0 n n 0 1 20140731200617 00034
3 00000301 2014 08 11 0070 グランクレール・ケアサービス横浜 4111 身体１生活１ 325 0 325 1 325 0 325 325 0 10.84 3523 90 3170 353 0 n n 0 1 20140831214116 00014
3 00000301 2014 09 11 0070 グランクレール・ケアサービス横浜 5111 身体２生活１ 474 0 474 3 1422 0 1422 1422 0 10.84 15414 90 13872 1542 0 n n 0 1 20140929194618 00014
3 00000301 2014 10 11 0070 グランクレール・ケアサービス横浜 5111 身体２生活１ 474 0 474 4 1896 0 1896 1896 0 10.84 20552 90 18496 2056 0 n n 0 1 20141101113439 00034
3 00000301 2014 11 11 0070 グランクレール・ケアサービス横浜 5111 身体２生活１ 474 0 474 5 2370 0 2370 2370 0 10.84 25690 90 23121 2569 0 n n 0 1 20141130202213 00034
3 00000301 2014 12 11 0070 グランクレール・ケアサービス横浜 5111 身体２生活１ 474 0 474 4 1896 0 1896 1896 0 10.84 20552 90 18496 2056 0 n n 0 1 20141209111240 00011
4 00000301 2014 07 11 0070 グランクレール・ケアサービス横浜 6271 訪問介護処遇改善加算Ⅰ 117 0 117 1 117 117 0.04 117 0 10.84 1268 90 1141 127 0 a g 0 1 20140731200617 00034
4 00000301 2014 08 11 0070 グランクレール・ケアサービス横浜 5111 身体２生活１ 474 0 474 3 1422 0 1422 1422 0 10.84 15414 90 13872 1542 0 n n 0 1 20140831214116 00014
4 00000301 2014 09 11 0070 グランクレール・ケアサービス横浜 7211 生活援助２ 191 0 191 1 191 0 191 191 0 10.84 2070 90 1863 207 0 n n 0 1 20140929194618 00014
4 00000301 2014 10 11 0070 グランクレール・ケアサービス横浜 6271 訪問介護処遇改善加算Ⅰ 208 0 208 1 208 208 0.04 208 0 10.84 2254 90 2028 226 0 a g 0 1 20141101113439 00034
4 00000301 2014 11 11 0070 グランクレール・ケアサービス横浜 6271 訪問介護処遇改善加算Ⅰ 200 0 200 1 200 200 0.04 200 0 10.84 2168 90 1951 217 0 a g 0 1 20141130202213 00034
4 00000301 2014 12 11 0070 グランクレール・ケアサービス横浜 6271 訪問介護処遇改善加算Ⅰ 197 0 197 1 197 197 0.04 197 0 10.84 2135 90 1921 214 0 a g 0 1 20141209111240 00011
5 00000301 2014 08 11 0070 グランクレール・ケアサービス横浜 6271 訪問介護処遇改善加算Ⅰ 186 0 186 1 186 186 0.04 186 0 10.84 2016 90 1814 202 0 a g 0 1 20140831214116 00014
5 00000301 2014 09 11 0070 グランクレール・ケアサービス横浜 6271 訪問介護処遇改善加算Ⅰ 170 0 170 1 170 170 0.04 170 0 10.84 1842 90 1657 185 0 a g 0 1 20140929194618 00014
