00000584 2014 06 02 13:00 14:00 11 4111 0070 10.84 1 325 1 20140627210517 00078
00000584 2014 06 03 13:00 14:00 11 4111 0070 10.84 1 325 1 20140627210517 00078
00000584 2014 06 04 13:00 14:00 11 4111 0070 10.84 1 325 1 20140627210517 00078
00000584 2014 06 05 13:00 14:00 11 4111 0070 10.84 1 325 1 20140627210517 00078
00000584 2014 06 06 13:00 14:00 11 4111 0070 10.84 1 325 1 20140627210517 00078
00000584 2014 06 09 13:00 14:00 11 4111 0070 10.84 1 325 1 20140627210517 00078
00000584 2014 06 10 13:00 14:00 11 4111 0070 10.84 1 325 1 20140627210517 00078
00000584 2014 06 11 13:00 14:00 11 4111 0070 10.84 1 325 1 20140627210517 00078
00000584 2014 06 12 13:00 14:00 11 4111 0070 10.84 1 325 1 20140627210517 00078
00000584 2014 06 13 13:00 14:00 11 4111 0070 10.84 1 325 1 20140627210517 00078
00000584 2014 06 16 13:00 14:00 11 4111 0070 10.84 1 325 1 20140627210517 00078
00000584 2014 06 17 13:00 14:00 11 4111 0070 10.84 1 325 1 20140627210517 00078
00000584 2014 06 18 13:00 14:00 11 4111 0070 10.84 1 325 1 20140627210517 00078
00000584 2014 06 19 13:00 14:00 11 4111 0070 10.84 1 325 1 20140627210517 00078
00000584 2014 06 20 13:00 14:00 11 4111 0070 10.84 1 325 1 20140627210517 00078
00000584 2014 06 23 13:00 14:00 11 4111 0070 10.84 1 325 1 20140627210517 00078
00000584 2014 06 24 13:00 14:00 11 4111 0070 10.84 1 325 1 20140627210517 00078
00000584 2014 06 25 13:00 14:00 11 4111 0070 10.84 1 325 1 20140627210517 00078
00000584 2014 06 26 13:00 14:00 11 4111 0070 10.84 1 325 1 20140627210517 00078
00000584 2014 06 27 13:00 14:00 11 4111 0070 10.84 1 325 1 20140627210517 00078
00000584 2014 06 30 13:00 14:00 11 4111 0070 10.84 1 325 1 20140627210517 00078
