00000100 0073 2013 09 0000019 05 00035 _ 16:00 17:00 _ _ 0 1111 1 61 1 20140630171315 00034
00000100 0073 2013 09 0000020 12 00035 _ 16:00 17:00 _ _ 0 1111 1 61 1 20140630171315 00034
00000100 0073 2013 09 0000021 19 00037 _ 16:00 17:00 _ _ 0 1111 1 61 1 20140630171315 00034
00000100 0073 2013 10 0000022 03 00037 _ 16:00 17:00 _ _ 0 1111 1 61 1 20140630171636 00034
00000100 0073 2013 10 0000023 24 00038 _ 16:00 17:00 _ _ 0 1111 1 61 1 20140630171636 00034
00000100 0073 2013 11 0000024 07 00037 _ 16:00 17:00 _ _ 0 1111 1 61 1 20140630171947 00034
00000100 0073 2013 11 0000025 14 00037 _ 16:00 17:00 _ _ 0 1111 1 61 1 20140630171947 00034
00000100 0073 2013 11 0000026 21 00037 _ 16:00 17:00 _ _ 0 1111 1 61 1 20140630171947 00034
00000100 0073 2013 11 0000027 28 00037 _ 16:00 17:00 _ _ 0 1111 1 61 1 20140630171947 00034
00000100 0073 2013 12 0000028 05 00037 _ 16:00 17:00 _ _ 0 1111 1 61 1 20140630172433 00034
00000100 0073 2013 12 0000029 26 00037 _ 16:00 17:00 _ _ 0 1111 1 61 1 20140630172433 00034
00000100 0073 2014 01 0000002 09 00037 _ 16:00 17:00 _ _ 0 1111 1 61 1 20140616161644 00034
00000100 0073 2014 01 0000003 16 00037 _ 16:00 17:00 _ _ 0 1111 1 61 1 20140616161644 00034
00000100 0073 2014 01 0000004 23 00035 _ 16:00 17:00 _ _ 0 1111 1 61 1 20140616161644 00034
00000100 0073 2014 01 0000005 30 00037 _ 16:00 17:00 _ _ 0 1111 1 61 1 20140616161644 00034
00000100 0073 2014 02 0000006 06 00038 _ 16:00 17:00 _ _ 0 1111 1 61 1 20140616162327 00034
00000100 0073 2014 02 0000007 13 00037 _ 16:00 17:00 _ _ 0 1111 1 61 1 20140616162327 00034
00000100 0073 2014 02 0000008 20 00035 _ 16:00 17:00 _ _ 0 1111 1 61 1 20140616162327 00034
00000100 0073 2014 02 0000009 27 00038 _ 16:00 17:00 _ _ 0 1111 1 61 1 20140616162327 00034
00000100 0073 2014 03 0000010 06 00038 _ 16:00 17:00 _ _ 0 1111 1 61 1 20140616162737 00034
00000100 0073 2014 03 0000011 13 00037 _ 16:00 17:00 _ _ 0 1111 1 61 1 20140616162737 00034
00000100 0073 2014 03 0000012 27 00037 _ 16:00 17:00 _ _ 0 1111 1 61 1 20140616162737 00034
00000100 0073 2014 04 0000013 03 00038 _ 16:00 17:00 _ _ 0 1111 1 61 1 20140616163158 00034
00000100 0073 2014 04 0000014 10 00037 _ 16:00 17:00 _ _ 0 1111 1 61 1 20140616163158 00034
00000100 0073 2014 04 0000015 17 00037 _ 16:00 17:00 _ _ 0 1111 1 61 1 20140616163158 00034
00000100 0073 2014 04 0000016 24 00038 _ 16:00 17:00 _ _ 0 1111 1 61 1 20140616163158 00034
00000100 0073 2014 05 0000017 08 00038 _ 16:00 17:00 _ _ 0 1111 1 61 1 20140818144759 00034
00000100 0073 2014 05 0000018 15 00045 _ 16:00 17:00 _ _ 0 1111 1 61 1 20140818144759 00034
00000100 0073 2014 05 0000030 22 00045 _ 16:00 17:00 _ _ 0 1111 1 61 1 20140818144759 00034
00000100 0073 2014 05 0000031 29 00045 _ 16:00 17:00 _ _ 0 1111 1 61 1 20140818144759 00034
00000100 0073 2014 06 0000002 05 00045 _ 16:00 16:59 2 _ 0 1111 1 61 1 20140626151537 00035
00000100 0073 2014 06 0000003 19 00035 _ 16:00 16:59 2 _ 0 1111 1 61 1 20140626151537 00035
