00000246 0107 2014 06 0000002 01 00051 _ 14:10 15:10 _ _ 0 1111 1 61 1 20140701132435 00049
00000246 0107 2014 06 0000003 08 00054 _ 14:10 15:10 _ _ 0 1111 1 61 1 20140701132435 00049
00000246 0107 2014 06 0000004 15 00051 _ 14:10 15:10 _ _ 0 _ 1 61 9 20140619123558 00049
00000246 0107 2014 06 0000005 22 00050 _ 14:10 15:10 _ _ 0 1111 1 61 1 20140701132435 00049
00000246 0107 2014 06 0000006 29 00054 _ 14:10 15:10 _ _ 0 1111 1 61 1 20140701132435 00049
00000246 0107 2014 06 0000007 15 00051 _ 14:10 15:10 _ _ 0 1111 1 61 1 20140701132435 00049
00000246 0107 2014 07 0000008 06 00050 _ 14:10 15:09 _ _ 0 1111 1 61 1 20140802131058 00047
00000246 0107 2014 07 0000009 13 00050 _ 14:10 15:09 _ _ 0 1111 1 61 1 20140802131058 00047
00000246 0107 2014 07 0000010 19 00048 _ 16:30 17:29 _ _ 0 1111 1 61 1 20140802131058 00047
00000246 0107 2014 07 0000011 27 00054 _ 14:10 15:09 _ _ 0 1111 1 61 1 20140802131058 00047
00000246 0107 2014 08 0000012 03 00054 _ 14:10 15:09 _ _ 0 1111 1 61 1 20140812123757 00049
00000246 0107 2014 08 0000013 10 00048 _ 14:10 15:09 _ _ 0 1111 1 61 1 20140812123757 00049
00000246 0107 2014 08 0000014 17 _ _ 14:10 15:09 _ _ 0 1111 1 61 1 20140812123757 00049
00000246 0107 2014 08 0000015 24 _ _ 14:10 15:09 _ _ 0 1111 1 61 1 20140812123757 00049
00000246 0107 2014 08 0000016 31 _ _ 14:10 15:09 _ _ 0 1111 1 61 1 20140812123757 00049
