000005722014061 00000572 2014 06 01 11 4001 1 10:00 10:59 0029 1 200 0 _ _ 1 20140722120751 78
000005722014062 00000572 2014 06 01 11 7311 1 10:00 10:59 0029 1 236 0 _ _ 1 20140722120751 78
000005722014062 00000572 2014 06 02 11 7311 1 10:00 10:59 0029 1 236 0 _ _ 1 20140722120751 78
000005722014062 00000572 2014 06 03 11 7311 1 10:00 10:59 0029 1 236 0 _ _ 1 20140722120751 78
000005722014062 00000572 2014 06 04 11 7311 1 10:00 10:59 0029 1 236 0 _ _ 1 20140722120751 78
000005722014062 00000572 2014 06 05 11 7311 1 10:00 10:59 0029 1 236 0 _ _ 1 20140722120751 78
000005722014062 00000572 2014 06 06 11 7311 1 10:00 10:59 0029 1 236 0 _ _ 1 20140722120751 78
000005722014062 00000572 2014 06 07 11 7311 1 10:00 10:59 0029 1 236 0 _ _ 1 20140722120751 78
000005722014062 00000572 2014 06 08 11 7311 1 10:00 10:59 0029 1 236 0 _ _ 1 20140722120751 78
000005722014062 00000572 2014 06 09 11 7311 1 10:00 10:59 0029 1 236 0 _ _ 1 20140722120751 78
000005722014062 00000572 2014 06 10 11 7311 1 10:00 10:59 0029 1 236 0 _ _ 1 20140722120751 78
000005722014062 00000572 2014 06 11 11 7311 1 10:00 10:59 0029 1 236 0 _ _ 1 20140722120751 78
000005722014062 00000572 2014 06 12 11 7311 1 10:00 10:59 0029 1 236 0 _ _ 1 20140722120751 78
000005722014062 00000572 2014 06 13 11 7311 1 10:00 10:59 0029 1 236 0 _ _ 1 20140722120751 78
000005722014062 00000572 2014 06 14 11 7311 1 10:00 10:59 0029 1 236 0 _ _ 1 20140722120751 78
000005722014062 00000572 2014 06 15 11 7311 1 10:00 10:59 0029 1 236 0 _ _ 1 20140722120751 78
000005722014062 00000572 2014 06 16 11 7311 1 10:00 10:59 0029 1 236 0 _ _ 1 20140722120751 78
000005722014062 00000572 2014 06 17 11 7311 1 10:00 10:59 0029 1 236 0 _ _ 1 20140722120751 78
000005722014062 00000572 2014 06 18 11 7311 1 10:00 10:59 0029 1 236 0 _ _ 1 20140722120751 78
000005722014062 00000572 2014 06 19 11 7311 1 10:00 10:59 0029 1 236 0 _ _ 1 20140722120751 78
000005722014062 00000572 2014 06 20 11 7311 1 10:00 10:59 0029 1 236 0 _ _ 1 20140722120751 78
000005722014062 00000572 2014 06 21 11 7311 1 10:00 10:59 0029 1 236 0 _ _ 1 20140722120751 78
000005722014062 00000572 2014 06 22 11 7311 1 10:00 10:59 0029 1 236 0 _ _ 1 20140722120751 78
000005722014062 00000572 2014 06 23 11 7311 1 10:00 10:59 0029 1 236 0 _ _ 1 20140722120751 78
000005722014062 00000572 2014 06 24 11 7311 1 10:00 10:59 0029 1 236 0 _ _ 1 20140722120751 78
000005722014062 00000572 2014 06 25 11 7311 1 10:00 10:59 0029 1 236 0 _ _ 1 20140722120751 78
000005722014062 00000572 2014 06 26 11 7311 1 10:00 10:59 0029 1 236 0 _ _ 1 20140722120751 78
000005722014062 00000572 2014 06 27 11 7311 1 10:00 10:59 0029 1 236 0 _ _ 1 20140722120751 78
000005722014062 00000572 2014 06 28 11 7311 1 10:00 10:59 0029 1 236 0 _ _ 1 20140722120751 78
000005722014062 00000572 2014 06 29 11 7311 1 10:00 10:59 0029 1 236 0 _ _ 1 20140722120751 78
000005722014062 00000572 2014 06 30 11 7311 1 10:00 10:59 0029 1 236 0 _ _ 1 20140722120751 78
000005722014063 00000572 2014 06 01 11 5311 1 15:00 19:00 0029 1 614 0 _ _ 1 20140722120751 78
000005722014063 00000572 2014 06 02 11 5311 1 15:00 19:00 0029 1 614 0 _ _ 1 20140722120751 78
000005722014063 00000572 2014 06 03 11 5311 1 15:00 19:00 0029 1 614 0 _ _ 1 20140722120751 78
000005722014063 00000572 2014 06 04 11 5311 1 15:00 19:00 0029 1 614 0 _ _ 1 20140722120751 78
000005722014063 00000572 2014 06 05 11 5311 1 15:00 19:00 0029 1 614 0 _ _ 1 20140722120751 78
000005722014063 00000572 2014 06 06 11 5311 1 15:00 19:00 0029 1 614 0 _ _ 1 20140722120751 78
000005722014063 00000572 2014 06 07 11 5311 1 15:00 19:00 0029 1 614 0 _ _ 1 20140722120751 78
000005722014063 00000572 2014 06 09 11 5311 1 15:00 19:00 0029 1 614 0 _ _ 1 20140722120751 78
000005722014063 00000572 2014 06 10 11 5311 1 15:00 19:00 0029 1 614 0 _ _ 1 20140722120751 78
000005722014063 00000572 2014 06 11 11 5311 1 15:00 19:00 0029 1 614 0 _ _ 1 20140722120751 78
000005722014063 00000572 2014 06 12 11 5311 1 15:00 19:00 0029 1 614 0 _ _ 1 20140722120751 78
000005722014063 00000572 2014 06 13 11 5311 1 15:00 19:00 0029 1 614 0 _ _ 1 20140722120751 78
000005722014063 00000572 2014 06 14 11 5311 1 15:00 19:00 0029 1 614 0 _ _ 1 20140722120751 78
000005722014063 00000572 2014 06 15 11 5311 1 15:00 19:00 0029 1 614 0 _ _ 1 20140722120751 78
000005722014063 00000572 2014 06 16 11 5311 1 15:00 19:00 0029 1 614 0 _ _ 1 20140722120751 78
000005722014063 00000572 2014 06 17 11 5311 1 15:00 19:00 0029 1 614 0 _ _ 1 20140722120751 78
000005722014063 00000572 2014 06 18 11 5311 1 15:00 19:00 0029 1 614 0 _ _ 1 20140722120751 78
000005722014063 00000572 2014 06 19 11 5311 1 15:00 19:00 0029 1 614 0 _ _ 1 20140722120751 78
000005722014063 00000572 2014 06 20 11 5311 1 15:00 19:00 0029 1 614 0 _ _ 1 20140722120751 78
000005722014063 00000572 2014 06 21 11 5311 1 15:00 19:00 0029 1 614 0 _ _ 1 20140722120751 78
000005722014063 00000572 2014 06 22 11 5311 1 15:00 19:00 0029 1 614 0 _ _ 1 20140722120751 78
000005722014063 00000572 2014 06 23 11 5311 1 15:00 19:00 0029 1 614 0 _ _ 1 20140722120751 78
000005722014063 00000572 2014 06 24 11 5311 1 15:00 19:00 0029 1 614 0 _ _ 1 20140722120751 78
000005722014063 00000572 2014 06 25 11 5311 1 15:00 19:00 0029 1 614 0 _ _ 1 20140722120751 78
000005722014063 00000572 2014 06 26 11 5311 1 15:00 19:00 0029 1 614 0 _ _ 1 20140722120751 78
000005722014063 00000572 2014 06 27 11 5311 1 15:00 19:00 0029 1 614 0 _ _ 1 20140722120751 78
000005722014063 00000572 2014 06 28 11 5311 1 15:00 19:00 0029 1 614 0 _ _ 1 20140722120751 78
000005722014063 00000572 2014 06 29 11 5311 1 15:00 19:00 0029 1 614 0 _ _ 1 20140722120751 78
000005722014063 00000572 2014 06 30 11 5311 1 15:00 19:00 0029 1 614 0 _ _ 1 20140722120751 78
000005722014064 00000572 2014 06 01 31 1221 1 09:00 12:00 0206 1 553 0 _ _ 1 20140722120751 78
000005722014064 00000572 2014 06 08 31 1221 1 09:00 12:00 0206 1 553 0 _ _ 1 20140722120751 78
000005722014064 00000572 2014 06 15 31 1221 1 09:00 12:00 0206 1 553 0 _ _ 1 20140722120751 78
000005722014064 00000572 2014 06 22 31 1221 1 09:00 12:00 0206 1 553 0 _ _ 1 20140722120751 78
000005722014064 00000572 2014 06 29 31 1221 1 09:00 12:00 0206 1 553 0 _ _ 1 20140722120751 78
000005722014065 00000572 2014 06 02 14 2111 1 15:00 18:00 0208 1 307 0 _ _ 1 20140722120751 78
000005722014065 00000572 2014 06 16 14 2111 1 15:00 18:00 0208 1 307 0 _ _ 1 20140722120751 78
000005722014065 00000572 2014 06 26 14 2111 1 15:00 18:00 0208 1 307 0 _ _ 1 20140722120751 78
000005722014066 00000572 2014 06 02 14 6101 1 _ _ 0208 1 6 0 _ _ 1 20140722120751 78
000005722014066 00000572 2014 06 16 14 6101 1 _ _ 0208 1 6 0 _ _ 1 20140722120751 78
000005722014066 00000572 2014 06 26 14 6101 1 _ _ 0208 1 6 0 _ _ 1 20140722120751 78
000005722014067 00000572 2014 06 08 12 1111 1 08:00 14:00 0216 1 1259 0 _ _ 1 20140722120751 78
000005722014067 00000572 2014 06 15 12 1111 1 08:00 14:00 0216 1 1259 0 _ _ 1 20140722120751 78
000005722014068 00000572 2014 06 03 13 1311 1 10:00 11:00 0276 1 1144 0 _ _ 1 20140722120751 78
000005722014068 00000572 2014 06 28 13 1311 1 10:00 11:00 0276 1 1144 0 _ _ 1 20140722120751 78
000005722014069 00000572 2014 06 01 17 1006 1 _ _ 0219 1 1000 0 _ _ 1 20140722120751 78
