000002132012041 00000213 2012 04 03 11 7311 1 10:45 11:44 0029 1 235 0 _ _ 1 20140716141810 78
000002132012041 00000213 2012 04 07 11 7311 1 10:45 11:44 0029 1 235 0 _ _ 1 20140716141810 78
000002132012041 00000213 2012 04 10 11 7311 1 10:45 11:44 0029 1 235 0 _ _ 1 20140716141810 78
000002132012041 00000213 2012 04 14 11 7311 1 10:45 11:44 0029 1 235 0 _ _ 1 20140716141810 78
000002132012041 00000213 2012 04 17 11 7311 1 10:45 11:44 0029 1 235 0 _ _ 1 20140716141810 78
000002132012041 00000213 2012 04 21 11 7311 1 10:45 11:44 0029 1 235 0 _ _ 1 20140716141810 78
000002132012041 00000213 2012 04 24 11 7311 1 10:45 11:44 0029 1 235 0 _ _ 1 20140716141810 78
000002132012041 00000213 2012 04 28 11 7311 1 10:45 11:44 0029 1 235 0 _ _ 1 20140716141810 78
000002132012042 00000213 2012 04 03 11 1211 1 16:00 16:59 0029 1 402 0 _ _ 1 20140716141810 78
000002132012042 00000213 2012 04 07 11 1211 1 16:00 16:59 0029 1 402 0 _ _ 1 20140716141810 78
000002132012042 00000213 2012 04 10 11 1211 1 16:00 16:59 0029 1 402 0 _ _ 1 20140716141810 78
000002132012042 00000213 2012 04 14 11 1211 1 16:00 16:59 0029 1 402 0 _ _ 1 20140716141810 78
000002132012042 00000213 2012 04 17 11 1211 1 16:00 16:59 0029 1 402 0 _ _ 1 20140716141810 78
000002132012042 00000213 2012 04 21 11 1211 1 16:00 16:59 0029 1 402 0 _ _ 1 20140716141810 78
000002132012042 00000213 2012 04 24 11 1211 1 16:00 16:59 0029 1 402 0 _ _ 1 20140716141810 78
000002132012042 00000213 2012 04 28 11 1211 1 16:00 16:59 0029 1 402 0 _ _ 1 20140716141810 78
000002132012051 00000213 2012 05 01 11 7311 1 10:45 11:44 0029 1 235 0 _ _ 1 20140716143445 78
000002132012051 00000213 2012 05 05 11 7311 1 10:45 11:44 0029 1 235 0 _ _ 1 20140716143445 78
000002132012051 00000213 2012 05 08 11 7311 1 10:45 11:44 0029 1 235 0 _ _ 1 20140716143445 78
000002132012051 00000213 2012 05 12 11 7311 1 10:45 11:44 0029 1 235 0 _ _ 1 20140716143445 78
000002132012051 00000213 2012 05 15 11 7311 1 10:45 11:44 0029 1 235 0 _ _ 1 20140716143445 78
000002132012051 00000213 2012 05 19 11 7311 1 10:45 11:44 0029 1 235 0 _ _ 1 20140716143445 78
000002132012051 00000213 2012 05 22 11 7311 1 10:45 11:44 0029 1 235 0 _ _ 1 20140716143445 78
000002132012051 00000213 2012 05 26 11 7311 1 10:45 11:44 0029 1 235 0 _ _ 1 20140716143445 78
000002132012051 00000213 2012 05 29 11 7311 1 10:45 11:44 0029 1 235 0 _ _ 1 20140716143445 78
000002132012052 00000213 2012 05 01 11 1211 1 16:00 16:59 0029 1 402 0 _ _ 1 20140716143445 78
000002132012052 00000213 2012 05 05 11 1211 1 16:00 16:59 0029 1 402 0 _ _ 1 20140716143445 78
000002132012052 00000213 2012 05 08 11 1211 1 16:00 16:59 0029 1 402 0 _ _ 1 20140716143445 78
000002132012052 00000213 2012 05 12 11 1211 1 16:00 16:59 0029 1 402 0 _ _ 1 20140716143445 78
000002132012052 00000213 2012 05 15 11 1211 1 16:00 16:59 0029 1 402 0 _ _ 1 20140716143445 78
000002132012052 00000213 2012 05 19 11 1211 1 16:00 16:59 0029 1 402 0 _ _ 1 20140716143445 78
000002132012052 00000213 2012 05 22 11 1211 1 16:00 16:59 0029 1 402 0 _ _ 1 20140716143445 78
000002132012052 00000213 2012 05 26 11 1211 1 16:00 16:59 0029 1 402 0 _ _ 1 20140716143445 78
000002132012052 00000213 2012 05 29 11 1211 1 16:00 16:59 0029 1 402 0 _ _ 1 20140716143445 78
000002132012061 00000213 2012 06 02 11 7311 1 10:45 11:44 0029 1 235 0 _ _ 1 20140716144254 78
000002132012061 00000213 2012 06 05 11 7311 1 10:45 11:44 0029 1 235 0 _ _ 1 20140716144254 78
000002132012061 00000213 2012 06 09 11 7311 1 10:45 11:44 0029 1 235 0 _ _ 1 20140716144254 78
000002132012061 00000213 2012 06 12 11 7311 1 10:45 11:44 0029 1 235 0 _ _ 1 20140716144254 78
000002132012061 00000213 2012 06 16 11 7311 1 10:45 11:44 0029 1 235 0 _ _ 1 20140716144254 78
000002132012061 00000213 2012 06 19 11 7311 1 10:45 11:44 0029 1 235 0 _ _ 1 20140716144254 78
000002132012061 00000213 2012 06 23 11 7311 1 10:45 11:44 0029 1 235 0 _ _ 1 20140716144254 78
000002132012061 00000213 2012 06 26 11 7311 1 10:45 11:44 0029 1 235 0 _ _ 1 20140716144254 78
000002132012061 00000213 2012 06 30 11 7311 1 10:45 11:44 0029 1 235 0 _ _ 1 20140716144254 78
000002132012062 00000213 2012 06 02 11 1211 1 16:00 16:59 0029 1 402 0 _ _ 1 20140716144254 78
000002132012062 00000213 2012 06 05 11 1211 1 16:00 16:59 0029 1 402 0 _ _ 1 20140716144254 78
000002132012062 00000213 2012 06 12 11 1211 1 16:00 16:59 0029 1 402 0 _ _ 1 20140716144254 78
000002132012062 00000213 2012 06 16 11 1211 1 16:00 16:59 0029 1 402 0 _ _ 1 20140716144254 78
000002132012062 00000213 2012 06 19 11 1211 1 16:00 16:59 0029 1 402 0 _ _ 1 20140716144254 78
000002132012062 00000213 2012 06 23 11 1211 1 16:00 16:59 0029 1 402 0 _ _ 1 20140716144254 78
000002132012062 00000213 2012 06 26 11 1211 1 16:00 16:59 0029 1 402 0 _ _ 1 20140716144254 78
000002132012062 00000213 2012 06 30 11 1211 1 16:00 16:59 0029 1 402 0 _ _ 1 20140716144254 78
000002132012071 00000213 2012 07 03 11 7311 1 10:45 11:44 0029 1 235 0 _ _ 1 20140716145813 78
000002132012071 00000213 2012 07 07 11 7311 1 10:45 11:44 0029 1 235 0 _ _ 1 20140716145813 78
000002132012071 00000213 2012 07 10 11 7311 1 10:45 11:44 0029 1 235 0 _ _ 1 20140716145813 78
000002132012071 00000213 2012 07 14 11 7311 1 10:45 11:44 0029 1 235 0 _ _ 1 20140716145813 78
000002132012071 00000213 2012 07 17 11 7311 1 10:45 11:44 0029 1 235 0 _ _ 1 20140716145813 78
000002132012071 00000213 2012 07 21 11 7311 1 10:45 11:44 0029 1 235 0 _ _ 1 20140716145813 78
000002132012071 00000213 2012 07 24 11 7311 1 10:45 11:44 0029 1 235 0 _ _ 1 20140716145813 78
000002132012071 00000213 2012 07 28 11 7311 1 10:45 11:44 0029 1 235 0 _ _ 1 20140716145813 78
000002132012071 00000213 2012 07 31 11 7311 1 10:45 11:44 0029 1 235 0 _ _ 1 20140716145813 78
000002132012072 00000213 2012 07 03 11 1211 1 16:00 16:59 0029 1 402 0 _ _ 1 20140716145813 78
000002132012072 00000213 2012 07 10 11 1211 1 16:00 16:59 0029 1 402 0 _ _ 1 20140716145813 78
000002132012072 00000213 2012 07 14 11 1211 1 16:00 16:59 0029 1 402 0 _ _ 1 20140716145813 78
000002132012072 00000213 2012 07 17 11 1211 1 16:00 16:59 0029 1 402 0 _ _ 1 20140716145813 78
000002132012072 00000213 2012 07 24 11 1211 1 16:00 16:59 0029 1 402 0 _ _ 1 20140716145813 78
000002132012072 00000213 2012 07 28 11 1211 1 16:00 16:59 0029 1 402 0 _ _ 1 20140716145813 78
000002132012072 00000213 2012 07 31 11 1211 1 16:00 16:59 0029 1 402 0 _ _ 1 20140716145813 78
000002132012081 00000213 2012 08 04 11 7311 1 10:45 11:44 0029 1 235 0 _ _ 1 20140716150720 78
000002132012081 00000213 2012 08 07 11 7311 1 10:45 11:44 0029 1 235 0 _ _ 1 20140716150720 78
000002132012081 00000213 2012 08 11 11 7311 1 10:45 11:44 0029 1 235 0 _ _ 1 20140716150720 78
000002132012081 00000213 2012 08 14 11 7311 1 10:45 11:44 0029 1 235 0 _ _ 1 20140716150720 78
000002132012081 00000213 2012 08 21 11 7311 1 10:45 11:44 0029 1 235 0 _ _ 1 20140716150720 78
000002132012081 00000213 2012 08 25 11 7311 1 10:45 11:44 0029 1 235 0 _ _ 1 20140716150720 78
000002132012081 00000213 2012 08 28 11 7311 1 10:45 11:44 0029 1 235 0 _ _ 1 20140716150720 78
000002132012082 00000213 2012 08 04 11 1211 1 16:00 16:59 0029 1 402 0 _ _ 1 20140716150720 78
000002132012082 00000213 2012 08 07 11 1211 1 16:00 16:59 0029 1 402 0 _ _ 1 20140716150720 78
000002132012082 00000213 2012 08 11 11 1211 1 16:00 16:59 0029 1 402 0 _ _ 1 20140716150720 78
000002132012082 00000213 2012 08 14 11 1211 1 16:00 16:59 0029 1 402 0 _ _ 1 20140716150720 78
000002132012082 00000213 2012 08 18 11 1211 1 16:00 16:59 0029 1 402 0 _ _ 1 20140716150720 78
000002132012082 00000213 2012 08 21 11 1211 1 16:00 16:59 0029 1 402 0 _ _ 1 20140716150720 78
000002132012082 00000213 2012 08 23 11 1211 1 16:00 16:59 0029 1 402 0 _ _ 1 20140716150720 78
000002132012082 00000213 2012 08 25 11 1211 1 16:00 16:59 0029 1 402 0 _ _ 1 20140716150720 78
000002132012082 00000213 2012 08 28 11 1211 1 16:00 16:59 0029 1 402 0 _ _ 1 20140716150720 78
000002132012082 00000213 2012 08 30 11 1211 1 16:00 16:59 0029 1 402 0 _ _ 1 20140716150720 78
000002132012091 00000213 2012 09 01 11 7311 1 10:45 11:44 0029 1 235 0 _ _ 1 20140716151851 78
000002132012091 00000213 2012 09 04 11 7311 1 10:45 11:44 0029 1 235 0 _ _ 1 20140716151851 78
000002132012091 00000213 2012 09 08 11 7311 1 10:45 11:44 0029 1 235 0 _ _ 1 20140716151851 78
000002132012091 00000213 2012 09 11 11 7311 1 10:45 11:44 0029 1 235 0 _ _ 1 20140716151851 78
000002132012091 00000213 2012 09 15 11 7311 1 10:45 11:44 0029 1 235 0 _ _ 1 20140716151851 78
000002132012091 00000213 2012 09 18 11 7311 1 10:45 11:44 0029 1 235 0 _ _ 1 20140716151851 78
000002132012091 00000213 2012 09 22 11 7311 1 10:45 11:44 0029 1 235 0 _ _ 1 20140716151851 78
000002132012091 00000213 2012 09 25 11 7311 1 10:45 11:44 0029 1 235 0 _ _ 1 20140716151851 78
000002132012091 00000213 2012 09 29 11 7311 1 10:45 11:44 0029 1 235 0 _ _ 1 20140716151851 78
000002132012092 00000213 2012 09 01 11 1211 1 16:00 16:59 0029 1 402 0 _ _ 1 20140716151851 78
000002132012092 00000213 2012 09 04 11 1211 1 16:00 16:59 0029 1 402 0 _ _ 1 20140716151851 78
000002132012092 00000213 2012 09 06 11 1211 1 16:00 16:59 0029 1 402 0 _ _ 1 20140716151851 78
000002132012092 00000213 2012 09 08 11 1211 1 16:00 16:59 0029 1 402 0 _ _ 1 20140716151851 78
000002132012092 00000213 2012 09 11 11 1211 1 16:00 16:59 0029 1 402 0 _ _ 1 20140716151851 78
000002132012092 00000213 2012 09 15 11 1211 1 16:00 16:59 0029 1 402 0 _ _ 1 20140716151851 78
000002132012092 00000213 2012 09 18 11 1211 1 16:00 16:59 0029 1 402 0 _ _ 1 20140716151851 78
000002132012092 00000213 2012 09 20 11 1211 1 16:00 16:59 0029 1 402 0 _ _ 1 20140716151851 78
000002132012092 00000213 2012 09 22 11 1211 1 16:00 16:59 0029 1 402 0 _ _ 1 20140716151851 78
000002132012092 00000213 2012 09 25 11 1211 1 16:00 16:59 0029 1 402 0 _ _ 1 20140716151851 78
000002132012092 00000213 2012 09 27 11 1211 1 16:00 16:59 0029 1 402 0 _ _ 1 20140716151851 78
000002132012092 00000213 2012 09 29 11 1211 1 16:00 16:59 0029 1 402 0 _ _ 1 20140716151851 78
000002132012101 00000213 2012 10 02 11 7311 1 10:45 11:44 0029 1 235 0 _ _ 1 20140716153650 78
000002132012101 00000213 2012 10 06 11 7311 1 10:45 11:44 0029 1 235 0 _ _ 1 20140716153650 78
000002132012101 00000213 2012 10 09 11 7311 1 10:45 11:44 0029 1 235 0 _ _ 1 20140716153650 78
000002132012101 00000213 2012 10 13 11 7311 1 10:45 11:44 0029 1 235 0 _ _ 1 20140716153650 78
000002132012101 00000213 2012 10 16 11 7311 1 10:45 11:44 0029 1 235 0 _ _ 1 20140716153650 78
000002132012101 00000213 2012 10 20 11 7311 1 10:45 11:44 0029 1 235 0 _ _ 1 20140716153650 78
000002132012101 00000213 2012 10 23 11 7311 1 10:45 11:44 0029 1 235 0 _ _ 1 20140716153650 78
000002132012101 00000213 2012 10 27 11 7311 1 10:45 11:44 0029 1 235 0 _ _ 1 20140716153650 78
000002132012101 00000213 2012 10 30 11 7311 1 10:45 11:44 0029 1 235 0 _ _ 1 20140716153650 78
000002132012102 00000213 2012 10 02 11 1211 1 16:00 16:59 0029 1 402 0 _ _ 1 20140716153650 78
000002132012102 00000213 2012 10 04 11 1211 1 16:00 16:59 0029 1 402 0 _ _ 1 20140716153650 78
000002132012102 00000213 2012 10 06 11 1211 1 16:00 16:59 0029 1 402 0 _ _ 1 20140716153650 78
000002132012102 00000213 2012 10 09 11 1211 1 16:00 16:59 0029 1 402 0 _ _ 1 20140716153650 78
000002132012102 00000213 2012 10 11 11 1211 1 16:00 16:59 0029 1 402 0 _ _ 1 20140716153650 78
000002132012102 00000213 2012 10 13 11 1211 1 16:00 16:59 0029 1 402 0 _ _ 1 20140716153650 78
000002132012102 00000213 2012 10 16 11 1211 1 16:00 16:59 0029 1 402 0 _ _ 1 20140716153650 78
000002132012102 00000213 2012 10 18 11 1211 1 16:00 16:59 0029 1 402 0 _ _ 1 20140716153650 78
000002132012102 00000213 2012 10 20 11 1211 1 16:00 16:59 0029 1 402 0 _ _ 1 20140716153650 78
000002132012102 00000213 2012 10 25 11 1211 1 16:00 16:59 0029 1 402 0 _ _ 1 20140716153650 78
000002132012102 00000213 2012 10 27 11 1211 1 16:00 16:59 0029 1 402 0 _ _ 1 20140716153650 78
000002132012102 00000213 2012 10 30 11 1211 1 16:00 16:59 0029 1 402 0 _ _ 1 20140716153650 78
000002132012111 00000213 2012 11 03 11 7311 1 10:45 11:44 0029 1 235 0 _ _ 1 20140716155411 78
000002132012111 00000213 2012 11 06 11 7311 1 10:45 11:44 0029 1 235 0 _ _ 1 20140716155411 78
000002132012111 00000213 2012 11 10 11 7311 1 10:45 11:44 0029 1 235 0 _ _ 1 20140716155411 78
000002132012111 00000213 2012 11 13 11 7311 1 10:45 11:44 0029 1 235 0 _ _ 1 20140716155411 78
000002132012111 00000213 2012 11 17 11 7311 1 10:45 11:44 0029 1 235 0 _ _ 1 20140716155411 78
000002132012111 00000213 2012 11 20 11 7311 1 10:45 11:44 0029 1 235 0 _ _ 1 20140716155411 78
000002132012111 00000213 2012 11 24 11 7311 1 10:45 11:44 0029 1 235 0 _ _ 1 20140716155411 78
000002132012111 00000213 2012 11 27 11 7311 1 10:45 11:44 0029 1 235 0 _ _ 1 20140716155411 78
000002132012112 00000213 2012 11 01 11 1211 1 16:00 16:59 0029 1 402 0 _ _ 1 20140716155411 78
000002132012112 00000213 2012 11 03 11 1211 1 16:00 16:59 0029 1 402 0 _ _ 1 20140716155411 78
000002132012112 00000213 2012 11 06 11 1211 1 16:00 16:59 0029 1 402 0 _ _ 1 20140716155411 78
000002132012112 00000213 2012 11 08 11 1211 1 16:00 16:59 0029 1 402 0 _ _ 1 20140716155411 78
000002132012112 00000213 2012 11 10 11 1211 1 16:00 16:59 0029 1 402 0 _ _ 1 20140716155411 78
000002132012112 00000213 2012 11 15 11 1211 1 16:00 16:59 0029 1 402 0 _ _ 1 20140716155411 78
000002132012112 00000213 2012 11 17 11 1211 1 16:00 16:59 0029 1 402 0 _ _ 1 20140716155411 78
000002132012112 00000213 2012 11 20 11 1211 1 16:00 16:59 0029 1 402 0 _ _ 1 20140716155411 78
000002132012112 00000213 2012 11 22 11 1211 1 16:00 16:59 0029 1 402 0 _ _ 1 20140716155411 78
000002132012112 00000213 2012 11 24 11 1211 1 16:00 16:59 0029 1 402 0 _ _ 1 20140716155411 78
000002132012112 00000213 2012 11 27 11 1211 1 16:00 16:59 0029 1 402 0 _ _ 1 20140716155411 78
000002132012112 00000213 2012 11 29 11 1211 1 16:00 16:59 0029 1 402 0 _ _ 1 20140716155411 78
000002132012121 00000213 2012 12 01 11 7311 1 10:45 11:44 0029 1 235 0 _ _ 1 20140716160439 78
000002132012121 00000213 2012 12 04 11 7311 1 10:45 11:44 0029 1 235 0 _ _ 1 20140716160439 78
000002132012121 00000213 2012 12 08 11 7311 1 10:45 11:44 0029 1 235 0 _ _ 1 20140716160439 78
000002132012121 00000213 2012 12 11 11 7311 1 10:45 11:44 0029 1 235 0 _ _ 1 20140716160439 78
000002132012121 00000213 2012 12 15 11 7311 1 10:45 11:44 0029 1 235 0 _ _ 1 20140716160439 78
000002132012121 00000213 2012 12 18 11 7311 1 10:45 11:44 0029 1 235 0 _ _ 1 20140716160439 78
000002132012121 00000213 2012 12 22 11 7311 1 10:45 11:44 0029 1 235 0 _ _ 1 20140716160439 78
000002132012121 00000213 2012 12 25 11 7311 1 10:45 11:44 0029 1 235 0 _ _ 1 20140716160439 78
000002132012121 00000213 2012 12 29 11 7311 1 10:45 11:44 0029 1 235 0 _ _ 1 20140716160439 78
000002132012122 00000213 2012 12 01 11 1211 1 16:00 16:59 0029 1 402 0 _ _ 1 20140716160439 78
000002132012122 00000213 2012 12 04 11 1211 1 16:00 16:59 0029 1 402 0 _ _ 1 20140716160439 78
000002132012122 00000213 2012 12 06 11 1211 1 16:00 16:59 0029 1 402 0 _ _ 1 20140716160439 78
000002132012122 00000213 2012 12 08 11 1211 1 16:00 16:59 0029 1 402 0 _ _ 1 20140716160439 78
000002132012122 00000213 2012 12 11 11 1211 1 16:00 16:59 0029 1 402 0 _ _ 1 20140716160439 78
000002132012122 00000213 2012 12 13 11 1211 1 16:00 16:59 0029 1 402 0 _ _ 1 20140716160439 78
000002132012122 00000213 2012 12 15 11 1211 1 16:00 16:59 0029 1 402 0 _ _ 1 20140716160439 78
000002132012122 00000213 2012 12 18 11 1211 1 16:00 16:59 0029 1 402 0 _ _ 1 20140716160439 78
000002132012122 00000213 2012 12 20 11 1211 1 16:00 16:59 0029 1 402 0 _ _ 1 20140716160439 78
000002132012122 00000213 2012 12 22 11 1211 1 16:00 16:59 0029 1 402 0 _ _ 1 20140716160439 78
000002132012122 00000213 2012 12 25 11 1211 1 16:00 16:59 0029 1 402 0 _ _ 1 20140716160439 78
000002132012122 00000213 2012 12 27 11 1211 1 16:00 16:59 0029 1 402 0 _ _ 1 20140716160439 78
000002132012122 00000213 2012 12 29 11 1211 1 16:00 16:59 0029 1 402 0 _ _ 1 20140716160439 78
000002132013011 00000213 2013 01 02 11 7311 1 10:45 11:44 0029 1 235 0 _ _ 1 20140708162853 78
000002132013011 00000213 2013 01 05 11 7311 1 10:45 11:44 0029 1 235 0 _ _ 1 20140708162853 78
000002132013011 00000213 2013 01 08 11 7311 1 10:45 11:44 0029 1 235 0 _ _ 1 20140708162853 78
000002132013011 00000213 2013 01 15 11 7311 1 10:45 11:44 0029 1 235 0 _ _ 1 20140708162853 78
000002132013011 00000213 2013 01 19 11 7311 1 10:45 11:44 0029 1 235 0 _ _ 1 20140708162853 78
000002132013011 00000213 2013 01 22 11 7311 1 10:45 11:44 0029 1 235 0 _ _ 1 20140708162853 78
000002132013011 00000213 2013 01 26 11 7311 1 10:45 11:44 0029 1 235 0 _ _ 1 20140708162853 78
000002132013011 00000213 2013 01 29 11 7311 1 10:45 11:44 0029 1 235 0 _ _ 1 20140708162853 78
000002132013012 00000213 2013 01 02 11 1211 1 16:00 16:59 0029 1 402 0 _ _ 1 20140708162853 78
000002132013012 00000213 2013 01 05 11 1211 1 16:00 16:59 0029 1 402 0 _ _ 1 20140708162853 78
000002132013012 00000213 2013 01 08 11 1211 1 16:00 16:59 0029 1 402 0 _ _ 1 20140708162853 78
000002132013012 00000213 2013 01 10 11 1211 1 16:00 16:59 0029 1 402 0 _ _ 1 20140708162853 78
000002132013012 00000213 2013 01 12 11 1211 1 16:00 16:59 0029 1 402 0 _ _ 1 20140708162853 78
000002132013012 00000213 2013 01 15 11 1211 1 16:00 16:59 0029 1 402 0 _ _ 1 20140708162853 78
000002132013012 00000213 2013 01 17 11 1211 1 16:00 16:59 0029 1 402 0 _ _ 1 20140708162853 78
000002132013012 00000213 2013 01 19 11 1211 1 16:00 16:59 0029 1 402 0 _ _ 1 20140708162853 78
000002132013012 00000213 2013 01 22 11 1211 1 16:00 16:59 0029 1 402 0 _ _ 1 20140708162853 78
000002132013012 00000213 2013 01 24 11 1211 1 16:00 16:59 0029 1 402 0 _ _ 1 20140708162853 78
000002132013012 00000213 2013 01 29 11 1211 1 16:00 16:59 0029 1 402 0 _ _ 1 20140708162853 78
000002132013012 00000213 2013 01 31 11 1211 1 16:00 16:59 0029 1 402 0 _ _ 1 20140708162853 78
000002132013021 00000213 2013 02 02 11 7311 1 10:45 11:44 0029 1 235 0 _ _ 1 20140708164211 78
000002132013021 00000213 2013 02 05 11 7311 1 10:45 11:44 0029 1 235 0 _ _ 1 20140708164211 78
000002132013021 00000213 2013 02 09 11 7311 1 10:45 11:44 0029 1 235 0 _ _ 1 20140708164211 78
000002132013021 00000213 2013 02 12 11 7311 1 10:45 11:44 0029 1 235 0 _ _ 1 20140708164211 78
000002132013021 00000213 2013 02 16 11 7311 1 10:45 11:44 0029 1 235 0 _ _ 1 20140708164211 78
000002132013021 00000213 2013 02 19 11 7311 1 10:45 11:44 0029 1 235 0 _ _ 1 20140708164211 78
000002132013021 00000213 2013 02 23 11 7311 1 10:45 11:44 0029 1 235 0 _ _ 1 20140708164211 78
000002132013021 00000213 2013 02 26 11 7311 1 10:45 11:44 0029 1 235 0 _ _ 1 20140708164211 78
000002132013022 00000213 2013 02 02 11 1211 1 16:00 16:59 0029 1 402 0 _ _ 1 20140708164211 78
000002132013022 00000213 2013 02 05 11 1211 1 16:00 16:59 0029 1 402 0 _ _ 1 20140708164211 78
000002132013022 00000213 2013 02 07 11 1211 1 16:00 16:59 0029 1 402 0 _ _ 1 20140708164211 78
000002132013022 00000213 2013 02 09 11 1211 1 16:00 16:59 0029 1 402 0 _ _ 1 20140708164211 78
000002132013022 00000213 2013 02 12 11 1211 1 16:00 16:59 0029 1 402 0 _ _ 1 20140708164211 78
000002132013022 00000213 2013 02 14 11 1211 1 16:00 16:59 0029 1 402 0 _ _ 1 20140708164211 78
000002132013022 00000213 2013 02 16 11 1211 1 16:00 16:59 0029 1 402 0 _ _ 1 20140708164211 78
000002132013022 00000213 2013 02 19 11 1211 1 16:00 16:59 0029 1 402 0 _ _ 1 20140708164211 78
000002132013022 00000213 2013 02 21 11 1211 1 16:00 16:59 0029 1 402 0 _ _ 1 20140708164211 78
000002132013022 00000213 2013 02 23 11 1211 1 16:00 16:59 0029 1 402 0 _ _ 1 20140708164211 78
000002132013022 00000213 2013 02 26 11 1211 1 16:00 16:59 0029 1 402 0 _ _ 1 20140708164211 78
000002132013022 00000213 2013 02 28 11 1211 1 16:00 16:59 0029 1 402 0 _ _ 1 20140708164211 78
000002132013031 00000213 2013 03 19 11 7311 1 10:30 11:29 0029 1 235 0 _ _ 1 20140708165808 78
000002132013031 00000213 2013 03 23 11 7311 1 10:30 11:29 0029 1 235 0 _ _ 1 20140708165808 78
000002132013031 00000213 2013 03 26 11 7311 1 10:30 11:29 0029 1 235 0 _ _ 1 20140708165808 78
000002132013031 00000213 2013 03 30 11 7311 1 10:30 11:29 0029 1 235 0 _ _ 1 20140708165808 78
000002132013032 00000213 2013 03 02 11 7311 1 10:45 11:44 0029 1 235 0 _ _ 1 20140708165808 78
000002132013032 00000213 2013 03 05 11 7311 1 10:45 11:44 0029 1 235 0 _ _ 1 20140708165808 78
000002132013032 00000213 2013 03 09 11 7311 1 10:45 11:44 0029 1 235 0 _ _ 1 20140708165808 78
000002132013032 00000213 2013 03 12 11 7311 1 10:45 11:44 0029 1 235 0 _ _ 1 20140708165808 78
000002132013032 00000213 2013 03 16 11 7311 1 10:45 11:44 0029 1 235 0 _ _ 1 20140708165808 78
000002132013033 00000213 2013 03 21 11 1211 1 15:50 16:49 0029 1 402 0 _ _ 1 20140708165808 78
000002132013033 00000213 2013 03 23 11 1211 1 15:50 16:49 0029 1 402 0 _ _ 1 20140708165808 78
000002132013033 00000213 2013 03 25 11 1211 1 15:50 16:49 0029 1 402 0 _ _ 1 20140708165808 78
000002132013033 00000213 2013 03 28 11 1211 1 15:50 16:49 0029 1 402 0 _ _ 1 20140708165808 78
000002132013033 00000213 2013 03 30 11 1211 1 15:50 16:49 0029 1 402 0 _ _ 1 20140708165808 78
000002132013034 00000213 2013 03 02 11 1211 1 16:00 16:59 0029 1 402 0 _ _ 1 20140708165808 78
000002132013034 00000213 2013 03 05 11 1211 1 16:00 16:59 0029 1 402 0 _ _ 1 20140708165808 78
000002132013034 00000213 2013 03 07 11 1211 1 16:00 16:59 0029 1 402 0 _ _ 1 20140708165808 78
000002132013034 00000213 2013 03 09 11 1211 1 16:00 16:59 0029 1 402 0 _ _ 1 20140708165808 78
000002132013034 00000213 2013 03 12 11 1211 1 16:00 16:59 0029 1 402 0 _ _ 1 20140708165808 78
000002132013034 00000213 2013 03 14 11 1211 1 16:00 16:59 0029 1 402 0 _ _ 1 20140708165808 78
000002132013034 00000213 2013 03 16 11 1211 1 16:00 16:59 0029 1 402 0 _ _ 1 20140708165808 78
000002132013041 00000213 2013 04 02 11 7311 1 10:30 11:29 0029 1 235 0 _ _ 1 20140708170905 78
000002132013041 00000213 2013 04 06 11 7311 1 10:30 11:29 0029 1 235 0 _ _ 1 20140708170905 78
000002132013041 00000213 2013 04 09 11 7311 1 10:30 11:29 0029 1 235 0 _ _ 1 20140708170905 78
000002132013041 00000213 2013 04 13 11 7311 1 10:30 11:29 0029 1 235 0 _ _ 1 20140708170905 78
000002132013041 00000213 2013 04 16 11 7311 1 10:30 11:29 0029 1 235 0 _ _ 1 20140708170905 78
000002132013041 00000213 2013 04 20 11 7311 1 10:30 11:29 0029 1 235 0 _ _ 1 20140708170905 78
000002132013041 00000213 2013 04 23 11 7311 1 10:30 11:29 0029 1 235 0 _ _ 1 20140708170905 78
000002132013041 00000213 2013 04 27 11 7311 1 10:30 11:29 0029 1 235 0 _ _ 1 20140708170905 78
000002132013041 00000213 2013 04 30 11 7311 1 10:30 11:29 0029 1 235 0 _ _ 1 20140708170905 78
000002132013042 00000213 2013 04 01 11 1211 1 15:50 16:49 0029 1 402 0 _ _ 1 20140708170905 78
000002132013042 00000213 2013 04 04 11 1211 1 15:50 16:49 0029 1 402 0 _ _ 1 20140708170905 78
000002132013042 00000213 2013 04 06 11 1211 1 15:50 16:49 0029 1 402 0 _ _ 1 20140708170905 78
000002132013042 00000213 2013 04 08 11 1211 1 15:50 16:49 0029 1 402 0 _ _ 1 20140708170905 78
000002132013042 00000213 2013 04 11 11 1211 1 15:50 16:49 0029 1 402 0 _ _ 1 20140708170905 78
000002132013042 00000213 2013 04 13 11 1211 1 15:50 16:49 0029 1 402 0 _ _ 1 20140708170905 78
000002132013042 00000213 2013 04 15 11 1211 1 15:50 16:49 0029 1 402 0 _ _ 1 20140708170905 78
000002132013042 00000213 2013 04 18 11 1211 1 15:50 16:49 0029 1 402 0 _ _ 1 20140708170905 78
000002132013042 00000213 2013 04 20 11 1211 1 15:50 16:49 0029 1 402 0 _ _ 1 20140708170905 78
000002132013042 00000213 2013 04 22 11 1211 1 15:50 16:49 0029 1 402 0 _ _ 1 20140708170905 78
000002132013042 00000213 2013 04 25 11 1211 1 15:50 16:49 0029 1 402 0 _ _ 1 20140708170905 78
000002132013042 00000213 2013 04 27 11 1211 1 15:50 16:49 0029 1 402 0 _ _ 1 20140708170905 78
000002132013042 00000213 2013 04 29 11 1211 1 15:50 16:49 0029 1 402 0 _ _ 1 20140708170905 78
000002132013051 00000213 2013 05 21 11 7311 1 10:00 10:59 0029 1 235 0 _ _ 1 20140708172808 78
000002132013052 00000213 2013 05 04 11 7311 1 10:30 11:29 0029 1 235 0 _ _ 1 20140708172808 78
000002132013052 00000213 2013 05 07 11 7311 1 10:30 11:29 0029 1 235 0 _ _ 1 20140708172808 78
000002132013052 00000213 2013 05 11 11 7311 1 10:30 11:29 0029 1 235 0 _ _ 1 20140708172808 78
000002132013052 00000213 2013 05 14 11 7311 1 10:30 11:29 0029 1 235 0 _ _ 1 20140708172808 78
000002132013052 00000213 2013 05 18 11 7311 1 10:30 11:29 0029 1 235 0 _ _ 1 20140708172808 78
000002132013052 00000213 2013 05 25 11 7311 1 10:30 11:29 0029 1 235 0 _ _ 1 20140708172808 78
000002132013052 00000213 2013 05 28 11 7311 1 10:30 11:29 0029 1 235 0 _ _ 1 20140708172808 78
000002132013053 00000213 2013 05 02 11 1211 1 15:50 16:49 0029 1 402 0 _ _ 1 20140708172808 78
000002132013053 00000213 2013 05 04 11 1211 1 15:50 16:49 0029 1 402 0 _ _ 1 20140708172808 78
000002132013053 00000213 2013 05 06 11 1211 1 15:50 16:49 0029 1 402 0 _ _ 1 20140708172808 78
000002132013053 00000213 2013 05 09 11 1211 1 15:50 16:49 0029 1 402 0 _ _ 1 20140708172808 78
000002132013053 00000213 2013 05 11 11 1211 1 15:50 16:49 0029 1 402 0 _ _ 1 20140708172808 78
000002132013053 00000213 2013 05 13 11 1211 1 15:50 16:49 0029 1 402 0 _ _ 1 20140708172808 78
000002132013053 00000213 2013 05 16 11 1211 1 15:50 16:49 0029 1 402 0 _ _ 1 20140708172808 78
000002132013053 00000213 2013 05 18 11 1211 1 15:50 16:49 0029 1 402 0 _ _ 1 20140708172808 78
000002132013053 00000213 2013 05 20 11 1211 1 15:50 16:49 0029 1 402 0 _ _ 1 20140708172808 78
000002132013053 00000213 2013 05 23 11 1211 1 15:50 16:49 0029 1 402 0 _ _ 1 20140708172808 78
000002132013053 00000213 2013 05 25 11 1211 1 15:50 16:49 0029 1 402 0 _ _ 1 20140708172808 78
000002132013053 00000213 2013 05 27 11 1211 1 15:50 16:49 0029 1 402 0 _ _ 1 20140708172808 78
000002132013053 00000213 2013 05 30 11 1211 1 15:50 16:49 0029 1 402 0 _ _ 1 20140708172808 78
000002132013061 00000213 2013 06 01 11 7311 1 10:30 11:29 0029 1 235 0 _ _ 1 20140708173651 78
000002132013061 00000213 2013 06 04 11 7311 1 10:30 11:29 0029 1 235 0 _ _ 1 20140708173651 78
000002132013061 00000213 2013 06 08 11 7311 1 10:30 11:29 0029 1 235 0 _ _ 1 20140708173651 78
000002132013061 00000213 2013 06 11 11 7311 1 10:30 11:29 0029 1 235 0 _ _ 1 20140708173651 78
000002132013061 00000213 2013 06 15 11 7311 1 10:30 11:29 0029 1 235 0 _ _ 1 20140708173651 78
000002132013061 00000213 2013 06 18 11 7311 1 10:30 11:29 0029 1 235 0 _ _ 1 20140708173651 78
000002132013061 00000213 2013 06 22 11 7311 1 10:30 11:29 0029 1 235 0 _ _ 1 20140708173651 78
000002132013061 00000213 2013 06 25 11 7311 1 10:30 11:29 0029 1 235 0 _ _ 1 20140708173651 78
000002132013061 00000213 2013 06 29 11 7311 1 10:30 11:29 0029 1 235 0 _ _ 1 20140708173651 78
000002132013062 00000213 2013 06 01 11 1211 1 15:50 16:49 0029 1 402 0 _ _ 1 20140708173651 78
000002132013062 00000213 2013 06 03 11 1211 1 15:50 16:49 0029 1 402 0 _ _ 1 20140708173651 78
000002132013062 00000213 2013 06 06 11 1211 1 15:50 16:49 0029 1 402 0 _ _ 1 20140708173651 78
000002132013062 00000213 2013 06 08 11 1211 1 15:50 16:49 0029 1 402 0 _ _ 1 20140708173651 78
000002132013062 00000213 2013 06 10 11 1211 1 15:50 16:49 0029 1 402 0 _ _ 1 20140708173651 78
000002132013062 00000213 2013 06 13 11 1211 1 15:50 16:49 0029 1 402 0 _ _ 1 20140708173651 78
000002132013062 00000213 2013 06 15 11 1211 1 15:50 16:49 0029 1 402 0 _ _ 1 20140708173651 78
000002132013062 00000213 2013 06 17 11 1211 1 15:50 16:49 0029 1 402 0 _ _ 1 20140708173651 78
000002132013062 00000213 2013 06 20 11 1211 1 15:50 16:49 0029 1 402 0 _ _ 1 20140708173651 78
000002132013062 00000213 2013 06 22 11 1211 1 15:50 16:49 0029 1 402 0 _ _ 1 20140708173651 78
000002132013062 00000213 2013 06 24 11 1211 1 15:50 16:49 0029 1 402 0 _ _ 1 20140708173651 78
000002132013062 00000213 2013 06 27 11 1211 1 15:50 16:49 0029 1 402 0 _ _ 1 20140708173651 78
000002132013062 00000213 2013 06 29 11 1211 1 15:50 16:49 0029 1 402 0 _ _ 1 20140708173651 78
000002132013071 00000213 2013 07 02 11 7311 1 10:30 11:29 0029 1 235 0 _ _ 1 20140708174626 78
000002132013071 00000213 2013 07 06 11 7311 1 10:30 11:29 0029 1 235 0 _ _ 1 20140708174626 78
000002132013071 00000213 2013 07 09 11 7311 1 10:30 11:29 0029 1 235 0 _ _ 1 20140708174626 78
000002132013071 00000213 2013 07 13 11 7311 1 10:30 11:29 0029 1 235 0 _ _ 1 20140708174626 78
000002132013071 00000213 2013 07 16 11 7311 1 10:30 11:29 0029 1 235 0 _ _ 1 20140708174626 78
000002132013071 00000213 2013 07 20 11 7311 1 10:30 11:29 0029 1 235 0 _ _ 1 20140708174626 78
000002132013071 00000213 2013 07 23 11 7311 1 10:30 11:29 0029 1 235 0 _ _ 1 20140708174626 78
000002132013071 00000213 2013 07 27 11 7311 1 10:30 11:29 0029 1 235 0 _ _ 1 20140708174626 78
000002132013071 00000213 2013 07 30 11 7311 1 10:30 11:29 0029 1 235 0 _ _ 1 20140708174626 78
000002132013072 00000213 2013 07 01 11 1211 1 15:50 16:49 0029 1 402 0 _ _ 1 20140708174626 78
000002132013072 00000213 2013 07 04 11 1211 1 15:50 16:49 0029 1 402 0 _ _ 1 20140708174626 78
000002132013072 00000213 2013 07 06 11 1211 1 15:50 16:49 0029 1 402 0 _ _ 1 20140708174626 78
000002132013072 00000213 2013 07 08 11 1211 1 15:50 16:49 0029 1 402 0 _ _ 1 20140708174626 78
000002132013072 00000213 2013 07 11 11 1211 1 15:50 16:49 0029 1 402 0 _ _ 1 20140708174626 78
000002132013072 00000213 2013 07 13 11 1211 1 15:50 16:49 0029 1 402 0 _ _ 1 20140708174626 78
000002132013072 00000213 2013 07 15 11 1211 1 15:50 16:49 0029 1 402 0 _ _ 1 20140708174626 78
000002132013072 00000213 2013 07 17 11 1211 1 15:50 16:49 0029 1 402 0 _ _ 1 20140708174626 78
000002132013072 00000213 2013 07 20 11 1211 1 15:50 16:49 0029 1 402 0 _ _ 1 20140708174626 78
000002132013072 00000213 2013 07 22 11 1211 1 15:50 16:49 0029 1 402 0 _ _ 1 20140708174626 78
000002132013072 00000213 2013 07 24 11 1211 1 15:50 16:49 0029 1 402 0 _ _ 1 20140708174626 78
000002132013072 00000213 2013 07 27 11 1211 1 15:50 16:49 0029 1 402 0 _ _ 1 20140708174626 78
000002132013072 00000213 2013 07 29 11 1211 1 15:50 16:49 0029 1 402 0 _ _ 1 20140708174626 78
000002132013072 00000213 2013 07 31 11 1211 1 15:50 16:49 0029 1 402 0 _ _ 1 20140708174626 78
000002132013081 00000213 2013 08 03 11 7311 1 10:30 11:29 0029 1 235 0 _ _ 1 20140708175552 78
000002132013081 00000213 2013 08 06 11 7311 1 10:30 11:29 0029 1 235 0 _ _ 1 20140708175552 78
000002132013081 00000213 2013 08 10 11 7311 1 10:30 11:29 0029 1 235 0 _ _ 1 20140708175552 78
000002132013081 00000213 2013 08 13 11 7311 1 10:30 11:29 0029 1 235 0 _ _ 1 20140708175552 78
000002132013081 00000213 2013 08 17 11 7311 1 10:30 11:29 0029 1 235 0 _ _ 1 20140708175552 78
000002132013081 00000213 2013 08 24 11 7311 1 10:30 11:29 0029 1 235 0 _ _ 1 20140708175552 78
000002132013081 00000213 2013 08 27 11 7311 1 10:30 11:29 0029 1 235 0 _ _ 1 20140708175552 78
000002132013081 00000213 2013 08 31 11 7311 1 10:30 11:29 0029 1 235 0 _ _ 1 20140708175552 78
000002132013082 00000213 2013 08 17 11 1211 1 15:00 15:59 0029 1 402 0 _ _ 1 20140708175552 78
000002132013083 00000213 2013 08 03 11 1211 1 15:50 16:49 0029 1 402 0 _ _ 1 20140708175552 78
000002132013083 00000213 2013 08 05 11 1211 1 15:50 16:49 0029 1 402 0 _ _ 1 20140708175552 78
000002132013083 00000213 2013 08 07 11 1211 1 15:50 16:49 0029 1 402 0 _ _ 1 20140708175552 78
000002132013083 00000213 2013 08 10 11 1211 1 15:50 16:49 0029 1 402 0 _ _ 1 20140708175552 78
000002132013083 00000213 2013 08 12 11 1211 1 15:50 16:49 0029 1 402 0 _ _ 1 20140708175552 78
000002132013083 00000213 2013 08 14 11 1211 1 15:50 16:49 0029 1 402 0 _ _ 1 20140708175552 78
000002132013083 00000213 2013 08 24 11 1211 1 15:50 16:49 0029 1 402 0 _ _ 1 20140708175552 78
000002132013083 00000213 2013 08 26 11 1211 1 15:50 16:49 0029 1 402 0 _ _ 1 20140708175552 78
000002132013083 00000213 2013 08 28 11 1211 1 15:50 16:49 0029 1 402 0 _ _ 1 20140708175552 78
000002132013083 00000213 2013 08 31 11 1211 1 15:50 16:49 0029 1 402 0 _ _ 1 20140708175552 78
000002132013091 00000213 2013 09 03 11 7311 1 10:30 11:29 0029 1 235 0 _ _ 1 20140703121755 78
000002132013091 00000213 2013 09 10 11 7311 1 10:30 11:29 0029 1 235 0 _ _ 1 20140703121755 78
000002132013091 00000213 2013 09 14 11 7311 1 10:30 11:29 0029 1 235 0 _ _ 1 20140703121755 78
000002132013091 00000213 2013 09 17 11 7311 1 10:30 11:29 0029 1 235 0 _ _ 1 20140703121755 78
000002132013091 00000213 2013 09 21 11 7311 1 10:30 11:29 0029 1 235 0 _ _ 1 20140703121755 78
000002132013091 00000213 2013 09 24 11 7311 1 10:30 11:29 0029 1 235 0 _ _ 1 20140703121755 78
000002132013091 00000213 2013 09 28 11 7311 1 10:30 11:29 0029 1 235 0 _ _ 1 20140703121755 78
000002132013092 00000213 2013 09 02 11 1211 1 15:50 16:49 0029 1 402 0 _ _ 1 20140703121755 78
000002132013092 00000213 2013 09 04 11 1211 1 15:50 16:49 0029 1 402 0 _ _ 1 20140703121755 78
000002132013092 00000213 2013 09 07 11 1211 1 15:50 16:49 0029 1 402 0 _ _ 1 20140703121755 78
000002132013092 00000213 2013 09 09 11 1211 1 15:50 16:49 0029 1 402 0 _ _ 1 20140703121755 78
000002132013092 00000213 2013 09 11 11 1211 1 15:50 16:49 0029 1 402 0 _ _ 1 20140703121755 78
000002132013092 00000213 2013 09 14 11 1211 1 15:50 16:49 0029 1 402 0 _ _ 1 20140703121755 78
000002132013092 00000213 2013 09 16 11 1211 1 15:50 16:49 0029 1 402 0 _ _ 1 20140703121755 78
000002132013092 00000213 2013 09 18 11 1211 1 15:50 16:49 0029 1 402 0 _ _ 1 20140703121755 78
000002132013092 00000213 2013 09 21 11 1211 1 15:50 16:49 0029 1 402 0 _ _ 1 20140703121755 78
000002132013092 00000213 2013 09 23 11 1211 1 15:50 16:49 0029 1 402 0 _ _ 1 20140703121755 78
000002132013092 00000213 2013 09 25 11 1211 1 15:50 16:49 0029 1 402 0 _ _ 1 20140703121755 78
000002132013092 00000213 2013 09 28 11 1211 1 15:50 16:49 0029 1 402 0 _ _ 1 20140703121755 78
000002132013092 00000213 2013 09 30 11 1211 1 15:50 16:49 0029 1 402 0 _ _ 1 20140703121755 78
000002132013101 00000213 2013 10 01 11 7311 1 10:30 11:29 0029 1 235 0 _ _ 1 20140703134443 78
000002132013101 00000213 2013 10 05 11 7311 1 10:30 11:29 0029 1 235 0 _ _ 1 20140703134443 78
000002132013101 00000213 2013 10 08 11 7311 1 10:30 11:29 0029 1 235 0 _ _ 1 20140703134443 78
000002132013101 00000213 2013 10 15 11 7311 1 10:30 11:29 0029 1 235 0 _ _ 1 20140703134443 78
000002132013101 00000213 2013 10 19 11 7311 1 10:30 11:29 0029 1 235 0 _ _ 1 20140703134443 78
000002132013101 00000213 2013 10 22 11 7311 1 10:30 11:29 0029 1 235 0 _ _ 1 20140703134443 78
000002132013101 00000213 2013 10 26 11 7311 1 10:30 11:29 0029 1 235 0 _ _ 1 20140703134443 78
000002132013101 00000213 2013 10 29 11 7311 1 10:30 11:29 0029 1 235 0 _ _ 1 20140703134443 78
000002132013102 00000213 2013 10 12 11 5211 1 15:00 16:44 0029 1 542 0 _ _ 1 20140703134443 78
000002132013103 00000213 2013 10 02 11 1211 1 15:50 16:49 0029 1 402 0 _ _ 1 20140703134443 78
000002132013103 00000213 2013 10 05 11 1211 1 15:50 16:49 0029 1 402 0 _ _ 1 20140703134443 78
000002132013103 00000213 2013 10 07 11 1211 1 15:50 16:49 0029 1 402 0 _ _ 1 20140703134443 78
000002132013103 00000213 2013 10 09 11 1211 1 15:50 16:49 0029 1 402 0 _ _ 1 20140703134443 78
000002132013103 00000213 2013 10 14 11 1211 1 15:50 16:49 0029 1 402 0 _ _ 1 20140703134443 78
000002132013103 00000213 2013 10 16 11 1211 1 15:50 16:49 0029 1 402 0 _ _ 1 20140703134443 78
000002132013103 00000213 2013 10 19 11 1211 1 15:50 16:49 0029 1 402 0 _ _ 1 20140703134443 78
000002132013103 00000213 2013 10 21 11 1211 1 15:50 16:49 0029 1 402 0 _ _ 1 20140703134443 78
000002132013103 00000213 2013 10 23 11 1211 1 15:50 16:49 0029 1 402 0 _ _ 1 20140703134443 78
000002132013103 00000213 2013 10 26 11 1211 1 15:50 16:49 0029 1 402 0 _ _ 1 20140703134443 78
000002132013103 00000213 2013 10 28 11 1211 1 15:50 16:49 0029 1 402 0 _ _ 1 20140703134443 78
000002132013103 00000213 2013 10 30 11 1211 1 15:50 16:49 0029 1 402 0 _ _ 1 20140703134443 78
000002132013111 00000213 2013 11 02 11 7311 1 10:30 11:29 0029 1 235 0 _ _ 1 20140703135529 78
000002132013111 00000213 2013 11 05 11 7311 1 10:30 11:29 0029 1 235 0 _ _ 1 20140703135529 78
000002132013111 00000213 2013 11 09 11 7311 1 10:30 11:29 0029 1 235 0 _ _ 1 20140703135529 78
000002132013111 00000213 2013 11 12 11 7311 1 10:30 11:29 0029 1 235 0 _ _ 1 20140703135529 78
000002132013111 00000213 2013 11 16 11 7311 1 10:30 11:29 0029 1 235 0 _ _ 1 20140703135529 78
000002132013111 00000213 2013 11 19 11 7311 1 10:30 11:29 0029 1 235 0 _ _ 1 20140703135529 78
000002132013111 00000213 2013 11 23 11 7311 1 10:30 11:29 0029 1 235 0 _ _ 1 20140703135529 78
000002132013111 00000213 2013 11 26 11 7311 1 10:30 11:29 0029 1 235 0 _ _ 1 20140703135529 78
000002132013111 00000213 2013 11 30 11 7311 1 10:30 11:29 0029 1 235 0 _ _ 1 20140703135529 78
000002132013112 00000213 2013 11 20 11 1211 1 15:00 15:59 0029 1 402 0 _ _ 1 20140703135529 78
000002132013113 00000213 2013 11 02 11 1211 1 15:50 16:49 0029 1 402 0 _ _ 1 20140703135529 78
000002132013113 00000213 2013 11 04 11 1211 1 15:50 16:49 0029 1 402 0 _ _ 1 20140703135529 78
000002132013113 00000213 2013 11 06 11 1211 1 15:50 16:49 0029 1 402 0 _ _ 1 20140703135529 78
000002132013113 00000213 2013 11 09 11 1211 1 15:50 16:49 0029 1 402 0 _ _ 1 20140703135529 78
000002132013113 00000213 2013 11 11 11 1211 1 15:50 16:49 0029 1 402 0 _ _ 1 20140703135529 78
000002132013113 00000213 2013 11 13 11 1211 1 15:50 16:49 0029 1 402 0 _ _ 1 20140703135529 78
000002132013113 00000213 2013 11 16 11 1211 1 15:50 16:49 0029 1 402 0 _ _ 1 20140703135529 78
000002132013113 00000213 2013 11 18 11 1211 1 15:50 16:49 0029 1 402 0 _ _ 1 20140703135529 78
000002132013113 00000213 2013 11 23 11 1211 1 15:50 16:49 0029 1 402 0 _ _ 1 20140703135529 78
000002132013113 00000213 2013 11 25 11 1211 1 15:50 16:49 0029 1 402 0 _ _ 1 20140703135529 78
000002132013113 00000213 2013 11 27 11 1211 1 15:50 16:49 0029 1 402 0 _ _ 1 20140703135529 78
000002132013113 00000213 2013 11 30 11 1211 1 15:50 16:49 0029 1 402 0 _ _ 1 20140703135529 78
000002132013121 00000213 2013 12 03 11 7311 1 10:30 11:29 0029 1 235 0 _ _ 1 20140703140823 78
000002132013121 00000213 2013 12 07 11 7311 1 10:30 11:29 0029 1 235 0 _ _ 1 20140703140823 78
000002132013121 00000213 2013 12 10 11 7311 1 10:30 11:29 0029 1 235 0 _ _ 1 20140703140823 78
000002132013121 00000213 2013 12 14 11 7311 1 10:30 11:29 0029 1 235 0 _ _ 1 20140703140823 78
000002132013121 00000213 2013 12 17 11 7311 1 10:30 11:29 0029 1 235 0 _ _ 1 20140703140823 78
000002132013121 00000213 2013 12 21 11 7311 1 10:30 11:29 0029 1 235 0 _ _ 1 20140703140823 78
000002132013121 00000213 2013 12 24 11 7311 1 10:30 11:29 0029 1 235 0 _ _ 1 20140703140823 78
000002132013121 00000213 2013 12 28 11 7311 1 10:30 11:29 0029 1 235 0 _ _ 1 20140703140823 78
000002132013121 00000213 2013 12 31 11 7311 1 10:30 11:29 0029 1 235 0 _ _ 1 20140703140823 78
000002132013122 00000213 2013 12 02 11 1211 1 15:50 16:49 0029 1 402 0 _ _ 1 20140703140823 78
000002132013122 00000213 2013 12 04 11 1211 1 15:50 16:49 0029 1 402 0 _ _ 1 20140703140823 78
000002132013122 00000213 2013 12 07 11 1211 1 15:50 16:49 0029 1 402 0 _ _ 1 20140703140823 78
000002132013122 00000213 2013 12 09 11 1211 1 15:50 16:49 0029 1 402 0 _ _ 1 20140703140823 78
000002132013122 00000213 2013 12 11 11 1211 1 15:50 16:49 0029 1 402 0 _ _ 1 20140703140823 78
000002132013122 00000213 2013 12 14 11 1211 1 15:50 16:49 0029 1 402 0 _ _ 1 20140703140823 78
000002132013122 00000213 2013 12 16 11 1211 1 15:50 16:49 0029 1 402 0 _ _ 1 20140703140823 78
000002132013122 00000213 2013 12 18 11 1211 1 15:50 16:49 0029 1 402 0 _ _ 1 20140703140823 78
000002132013122 00000213 2013 12 21 11 1211 1 15:50 16:49 0029 1 402 0 _ _ 1 20140703140823 78
000002132013122 00000213 2013 12 23 11 1211 1 15:50 16:49 0029 1 402 0 _ _ 1 20140703140823 78
000002132013122 00000213 2013 12 25 11 1211 1 15:50 16:49 0029 1 402 0 _ _ 1 20140703140823 78
000002132013122 00000213 2013 12 28 11 1211 1 15:50 16:49 0029 1 402 0 _ _ 1 20140703140823 78
000002132013122 00000213 2013 12 30 11 1211 1 15:50 16:49 0029 1 402 0 _ _ 1 20140703140823 78
000002132014011 00000213 2014 01 04 11 7311 1 10:30 11:30 0029 1 235 0 _ _ 1 20140619111141 78
000002132014011 00000213 2014 01 11 11 7311 1 10:30 11:30 0029 1 235 0 _ _ 1 20140619111141 78
000002132014011 00000213 2014 01 14 11 7311 1 10:30 11:30 0029 1 235 0 _ _ 1 20140619111141 78
000002132014011 00000213 2014 01 18 11 7311 1 10:30 11:30 0029 1 235 0 _ _ 1 20140619111141 78
000002132014011 00000213 2014 01 21 11 7311 1 10:30 11:30 0029 1 235 0 _ _ 1 20140619111141 78
000002132014011 00000213 2014 01 25 11 7311 1 10:30 11:30 0029 1 235 0 _ _ 1 20140619111141 78
000002132014011 00000213 2014 01 28 11 7311 1 10:30 11:30 0029 1 235 0 _ _ 1 20140619111141 78
000002132014012 00000213 2014 01 07 11 7311 1 14:00 15:00 0029 1 235 0 _ _ 1 20140619111141 78
000002132014013 00000213 2014 01 01 11 1211 1 14:10 15:09 0029 1 402 0 _ _ 1 20140619111141 78
000002132014013 00000213 2014 01 03 11 1211 1 14:10 15:09 0029 1 402 0 _ _ 1 20140619111141 78
000002132014013 00000213 2014 01 06 11 1211 1 14:10 15:09 0029 1 402 0 _ _ 1 20140619111141 78
000002132014013 00000213 2014 01 08 11 1211 1 14:10 15:09 0029 1 402 0 _ _ 1 20140619111141 78
000002132014013 00000213 2014 01 10 11 1211 1 14:10 15:09 0029 1 402 0 _ _ 1 20140619111141 78
000002132014013 00000213 2014 01 13 11 1211 1 14:10 15:09 0029 1 402 0 _ _ 1 20140619111141 78
000002132014013 00000213 2014 01 15 11 1211 1 14:10 15:09 0029 1 402 0 _ _ 1 20140619111141 78
000002132014013 00000213 2014 01 17 11 1211 1 14:10 15:09 0029 1 402 0 _ _ 1 20140619111141 78
000002132014013 00000213 2014 01 20 11 1211 1 14:10 15:09 0029 1 402 0 _ _ 1 20140619111141 78
000002132014013 00000213 2014 01 22 11 1211 1 14:10 15:09 0029 1 402 0 _ _ 1 20140619111141 78
000002132014013 00000213 2014 01 24 11 1211 1 14:10 15:09 0029 1 402 0 _ _ 1 20140619111141 78
000002132014013 00000213 2014 01 27 11 1211 1 14:10 15:09 0029 1 402 0 _ _ 1 20140619111141 78
000002132014013 00000213 2014 01 29 11 1211 1 14:10 15:09 0029 1 402 0 _ _ 1 20140619111141 78
000002132014013 00000213 2014 01 31 11 1211 1 14:10 15:09 0029 1 402 0 _ _ 1 20140619111141 78
000002132014021 00000213 2014 02 01 11 7311 1 10:30 11:30 0029 1 235 0 _ _ 1 20140619112315 78
000002132014021 00000213 2014 02 04 11 7311 1 10:30 11:30 0029 1 235 0 _ _ 1 20140619112315 78
000002132014021 00000213 2014 02 08 11 7311 1 10:30 11:30 0029 1 235 0 _ _ 1 20140619112315 78
000002132014021 00000213 2014 02 11 11 7311 1 10:30 11:30 0029 1 235 0 _ _ 1 20140619112315 78
000002132014021 00000213 2014 02 15 11 7311 1 10:30 11:30 0029 1 235 0 _ _ 1 20140619112315 78
000002132014021 00000213 2014 02 18 11 7311 1 10:30 11:30 0029 1 235 0 _ _ 1 20140619112315 78
000002132014021 00000213 2014 02 22 11 7311 1 10:30 11:30 0029 1 235 0 _ _ 1 20140619112315 78
000002132014021 00000213 2014 02 25 11 7311 1 10:30 11:30 0029 1 235 0 _ _ 1 20140619112315 78
000002132014022 00000213 2014 02 03 11 1211 1 14:10 15:09 0029 1 402 0 _ _ 1 20140619112315 78
000002132014022 00000213 2014 02 07 11 1211 1 14:10 15:09 0029 1 402 0 _ _ 1 20140619112315 78
000002132014022 00000213 2014 02 10 11 1211 1 14:10 15:09 0029 1 402 0 _ _ 1 20140619112315 78
000002132014022 00000213 2014 02 12 11 1211 1 14:10 15:09 0029 1 402 0 _ _ 1 20140619112315 78
000002132014022 00000213 2014 02 14 11 1211 1 14:10 15:09 0029 1 402 0 _ _ 1 20140619112315 78
000002132014022 00000213 2014 02 17 11 1211 1 14:10 15:09 0029 1 402 0 _ _ 1 20140619112315 78
000002132014022 00000213 2014 02 19 11 1211 1 14:10 15:09 0029 1 402 0 _ _ 1 20140619112315 78
000002132014022 00000213 2014 02 21 11 1211 1 14:10 15:09 0029 1 402 0 _ _ 1 20140619112315 78
000002132014022 00000213 2014 02 24 11 1211 1 14:10 15:09 0029 1 402 0 _ _ 1 20140619112315 78
000002132014022 00000213 2014 02 26 11 1211 1 14:10 15:09 0029 1 402 0 _ _ 1 20140619112315 78
000002132014022 00000213 2014 02 28 11 1211 1 14:10 15:09 0029 1 402 0 _ _ 1 20140619112315 78
000002132014023 00000213 2014 02 05 11 1211 1 15:00 15:59 0029 1 402 0 _ _ 1 20140619112315 78
000002132014031 00000213 2014 03 01 11 7311 1 10:30 11:30 0029 1 235 0 _ _ 1 20140729104013 78
000002132014031 00000213 2014 03 04 11 7311 1 10:30 11:30 0029 1 235 0 _ _ 1 20140729104013 78
000002132014031 00000213 2014 03 08 11 7311 1 10:30 11:30 0029 1 235 0 _ _ 1 20140729104013 78
000002132014031 00000213 2014 03 11 11 7311 1 10:30 11:30 0029 1 235 0 _ _ 1 20140729104013 78
000002132014031 00000213 2014 03 18 11 7311 1 10:30 11:30 0029 1 235 0 _ _ 1 20140729104013 78
000002132014031 00000213 2014 03 22 11 7311 1 10:30 11:30 0029 1 235 0 _ _ 1 20140729104013 78
000002132014031 00000213 2014 03 25 11 7311 1 10:30 11:30 0029 1 235 0 _ _ 1 20140729104013 78
000002132014031 00000213 2014 03 29 11 7311 1 10:30 11:30 0029 1 235 0 _ _ 1 20140729104013 78
000002132014032 00000213 2014 03 15 11 7311 1 11:00 12:00 0029 1 235 0 _ _ 1 20140729104013 78
000002132014033 00000213 2014 03 03 11 1211 1 14:10 15:09 0029 1 402 0 _ _ 1 20140729104013 78
000002132014033 00000213 2014 03 05 11 1211 1 14:10 15:09 0029 1 402 0 _ _ 1 20140729104013 78
000002132014033 00000213 2014 03 07 11 1211 1 14:10 15:09 0029 1 402 0 _ _ 1 20140729104013 78
000002132014033 00000213 2014 03 10 11 1211 1 14:10 15:09 0029 1 402 0 _ _ 1 20140729104013 78
000002132014033 00000213 2014 03 14 11 1211 1 14:10 15:09 0029 1 402 0 _ _ 1 20140729104013 78
000002132014033 00000213 2014 03 17 11 1211 1 14:10 15:09 0029 1 402 0 _ _ 1 20140729104013 78
000002132014033 00000213 2014 03 19 11 1211 1 14:10 15:09 0029 1 402 0 _ _ 1 20140729104013 78
000002132014033 00000213 2014 03 21 11 1211 1 14:10 15:09 0029 1 402 0 _ _ 1 20140729104013 78
000002132014033 00000213 2014 03 24 11 1211 1 14:10 15:09 0029 1 402 0 _ _ 1 20140729104013 78
000002132014033 00000213 2014 03 26 11 1211 1 14:10 15:09 0029 1 402 0 _ _ 1 20140729104013 78
000002132014033 00000213 2014 03 28 11 1211 1 14:10 15:09 0029 1 402 0 _ _ 1 20140729104013 78
000002132014033 00000213 2014 03 31 11 1211 1 14:10 15:09 0029 1 402 0 _ _ 1 20140729104013 78
000002132014041 00000213 2014 04 01 11 7311 1 10:30 11:30 0029 1 236 0 _ _ 1 20140619120605 78
000002132014041 00000213 2014 04 05 11 7311 1 10:30 11:30 0029 1 236 0 _ _ 1 20140619120605 78
000002132014041 00000213 2014 04 08 11 7311 1 10:30 11:30 0029 1 236 0 _ _ 1 20140619120605 78
000002132014041 00000213 2014 04 12 11 7311 1 10:30 11:30 0029 1 236 0 _ _ 1 20140619120605 78
000002132014041 00000213 2014 04 15 11 7311 1 10:30 11:30 0029 1 236 0 _ _ 1 20140619120605 78
000002132014041 00000213 2014 04 19 11 7311 1 10:30 11:30 0029 1 236 0 _ _ 1 20140619120605 78
000002132014041 00000213 2014 04 22 11 7311 1 10:30 11:30 0029 1 236 0 _ _ 1 20140619120605 78
000002132014041 00000213 2014 04 26 11 7311 1 10:30 11:30 0029 1 236 0 _ _ 1 20140619120605 78
000002132014041 00000213 2014 04 29 11 7311 1 10:30 11:30 0029 1 236 0 _ _ 1 20140619120605 78
000002132014042 00000213 2014 04 02 11 1211 1 14:10 15:09 0029 1 404 0 _ _ 1 20140619120605 78
000002132014042 00000213 2014 04 04 11 1211 1 14:10 15:09 0029 1 404 0 _ _ 1 20140619120605 78
000002132014042 00000213 2014 04 07 11 1211 1 14:10 15:09 0029 1 404 0 _ _ 1 20140619120605 78
000002132014042 00000213 2014 04 09 11 1211 1 14:10 15:09 0029 1 404 0 _ _ 1 20140619120605 78
000002132014042 00000213 2014 04 11 11 1211 1 14:10 15:09 0029 1 404 0 _ _ 1 20140619120605 78
000002132014042 00000213 2014 04 14 11 1211 1 14:10 15:09 0029 1 404 0 _ _ 1 20140619120605 78
000002132014042 00000213 2014 04 16 11 1211 1 14:10 15:09 0029 1 404 0 _ _ 1 20140619120605 78
000002132014042 00000213 2014 04 18 11 1211 1 14:10 15:09 0029 1 404 0 _ _ 1 20140619120605 78
000002132014042 00000213 2014 04 21 11 1211 1 14:10 15:09 0029 1 404 0 _ _ 1 20140619120605 78
000002132014042 00000213 2014 04 23 11 1211 1 14:10 15:09 0029 1 404 0 _ _ 1 20140619120605 78
000002132014042 00000213 2014 04 25 11 1211 1 14:10 15:09 0029 1 404 0 _ _ 1 20140619120605 78
000002132014042 00000213 2014 04 28 11 1211 1 14:10 15:09 0029 1 404 0 _ _ 1 20140619120605 78
000002132014042 00000213 2014 04 30 11 1211 1 14:10 15:09 0029 1 404 0 _ _ 1 20140619120605 78
000002132014051 00000213 2014 05 03 11 7311 1 10:30 11:30 0029 1 236 0 _ _ 1 20140819105012 78
000002132014051 00000213 2014 05 06 11 7311 1 10:30 11:30 0029 1 236 0 _ _ 1 20140819105012 78
000002132014051 00000213 2014 05 10 11 7311 1 10:30 11:30 0029 1 236 0 _ _ 1 20140819105012 78
000002132014051 00000213 2014 05 13 11 7311 1 10:30 11:30 0029 1 236 0 _ _ 1 20140819105012 78
000002132014051 00000213 2014 05 17 11 7311 1 10:30 11:30 0029 1 236 0 _ _ 1 20140819105012 78
000002132014051 00000213 2014 05 20 11 7311 1 10:30 11:30 0029 1 236 0 _ _ 1 20140819105012 78
000002132014051 00000213 2014 05 24 11 7311 1 10:30 11:30 0029 1 236 0 _ _ 1 20140819105012 78
000002132014051 00000213 2014 05 27 11 7311 1 10:30 11:30 0029 1 236 0 _ _ 1 20140819105012 78
000002132014051 00000213 2014 05 31 11 7311 1 10:30 11:30 0029 1 236 0 _ _ 1 20140819105012 78
000002132014052 00000213 2014 05 02 11 1211 1 14:10 15:09 0029 1 404 0 _ _ 1 20140819105012 78
000002132014052 00000213 2014 05 05 11 1211 1 14:10 15:09 0029 1 404 0 _ _ 1 20140819105012 78
000002132014052 00000213 2014 05 07 11 1211 1 14:10 15:09 0029 1 404 0 _ _ 1 20140819105012 78
000002132014052 00000213 2014 05 09 11 1211 1 14:10 15:09 0029 1 404 0 _ _ 1 20140819105012 78
000002132014052 00000213 2014 05 12 11 1211 1 14:10 15:09 0029 1 404 0 _ _ 1 20140819105012 78
000002132014052 00000213 2014 05 14 11 1211 1 14:10 15:09 0029 1 404 0 _ _ 1 20140819105012 78
000002132014052 00000213 2014 05 16 11 1211 1 14:10 15:09 0029 1 404 0 _ _ 1 20140819105012 78
000002132014052 00000213 2014 05 19 11 1211 1 14:10 15:09 0029 1 404 0 _ _ 1 20140819105012 78
000002132014052 00000213 2014 05 21 11 1211 1 14:10 15:09 0029 1 404 0 _ _ 1 20140819105012 78
000002132014052 00000213 2014 05 23 11 1211 1 14:10 15:09 0029 1 404 0 _ _ 1 20140819105012 78
000002132014052 00000213 2014 05 26 11 1211 1 14:10 15:09 0029 1 404 0 _ _ 1 20140819105012 78
000002132014052 00000213 2014 05 28 11 1211 1 14:10 15:09 0029 1 404 0 _ _ 1 20140819105012 78
000002132014052 00000213 2014 05 30 11 1211 1 14:10 15:09 0029 1 404 0 _ _ 1 20140819105012 78
000002132014061 00000213 2014 06 03 11 7311 1 10:30 11:29 0029 1 236 0 _ _ 1 20140701130229 39
000002132014061 00000213 2014 06 07 11 7311 1 10:30 11:29 0029 1 236 0 _ _ 1 20140701130229 39
000002132014061 00000213 2014 06 10 11 7311 1 10:30 11:29 0029 1 236 0 _ _ 1 20140701130229 39
000002132014061 00000213 2014 06 14 11 7311 1 10:30 11:29 0029 1 236 0 _ _ 1 20140701130229 39
000002132014061 00000213 2014 06 17 11 7311 1 10:30 11:29 0029 1 236 0 _ _ 1 20140701130229 39
000002132014061 00000213 2014 06 21 11 7311 1 10:30 11:29 0029 1 236 0 _ _ 1 20140701130229 39
000002132014061 00000213 2014 06 24 11 7311 1 10:30 11:29 0029 1 236 0 _ _ 1 20140701130229 39
000002132014061 00000213 2014 06 28 11 7311 1 10:30 11:29 0029 1 236 0 _ _ 1 20140701130229 39
000002132014062 00000213 2014 06 02 11 1211 1 14:10 15:09 0029 1 404 0 _ _ 1 20140701130229 39
000002132014062 00000213 2014 06 04 11 1211 1 14:10 15:09 0029 1 404 0 _ _ 1 20140701130229 39
000002132014062 00000213 2014 06 06 11 1211 1 14:10 15:09 0029 1 404 0 _ _ 1 20140701130229 39
000002132014062 00000213 2014 06 11 11 1211 1 14:10 15:09 0029 1 404 0 _ _ 1 20140701130229 39
000002132014062 00000213 2014 06 13 11 1211 1 14:10 15:09 0029 1 404 0 _ _ 1 20140701130229 39
000002132014062 00000213 2014 06 16 11 1211 1 14:10 15:09 0029 1 404 0 _ _ 1 20140701130229 39
000002132014062 00000213 2014 06 18 11 1211 1 14:10 15:09 0029 1 404 0 _ _ 1 20140701130229 39
000002132014062 00000213 2014 06 20 11 1211 1 14:10 15:09 0029 1 404 0 _ _ 1 20140701130229 39
000002132014062 00000213 2014 06 23 11 1211 1 14:10 15:09 0029 1 404 0 _ _ 1 20140701130229 39
000002132014062 00000213 2014 06 25 11 1211 1 14:10 15:09 0029 1 404 0 _ _ 1 20140701130229 39
000002132014062 00000213 2014 06 27 11 1211 1 14:10 15:09 0029 1 404 0 _ _ 1 20140701130229 39
000002132014062 00000213 2014 06 30 11 1211 1 14:10 15:09 0029 1 404 0 _ _ 1 20140701130229 39
000002132014071 00000213 2014 07 01 11 7311 1 10:30 11:29 0029 1 236 0 _ _ 1 20140802135345 39
000002132014071 00000213 2014 07 05 11 7311 1 10:30 11:29 0029 1 236 0 _ _ 1 20140802135345 39
000002132014071 00000213 2014 07 08 11 7311 1 10:30 11:29 0029 1 236 0 _ _ 1 20140802135345 39
000002132014071 00000213 2014 07 15 11 7311 1 10:30 11:29 0029 1 236 0 _ _ 1 20140802135345 39
000002132014071 00000213 2014 07 19 11 7311 1 10:30 11:29 0029 1 236 0 _ _ 1 20140802135345 39
000002132014071 00000213 2014 07 22 11 7311 1 10:30 11:29 0029 1 236 0 _ _ 1 20140802135345 39
000002132014071 00000213 2014 07 26 11 7311 1 10:30 11:29 0029 1 236 0 _ _ 1 20140802135345 39
000002132014071 00000213 2014 07 29 11 7311 1 10:30 11:29 0029 1 236 0 _ _ 1 20140802135345 39
000002132014072 00000213 2014 07 12 11 7311 1 13:00 13:59 0029 1 236 0 _ _ 1 20140802135345 39
000002132014073 00000213 2014 07 02 11 1211 1 14:10 15:09 0029 1 404 0 _ _ 1 20140802135345 39
000002132014073 00000213 2014 07 04 11 1211 1 14:10 15:09 0029 1 404 0 _ _ 1 20140802135345 39
000002132014073 00000213 2014 07 07 11 1211 1 14:10 15:09 0029 1 404 0 _ _ 1 20140802135345 39
000002132014073 00000213 2014 07 09 11 1211 1 14:10 15:09 0029 1 404 0 _ _ 1 20140802135345 39
000002132014073 00000213 2014 07 11 11 1211 1 14:10 15:09 0029 1 404 0 _ _ 1 20140802135345 39
000002132014073 00000213 2014 07 14 11 1211 1 14:10 15:09 0029 1 404 0 _ _ 1 20140802135345 39
000002132014073 00000213 2014 07 16 11 1211 1 14:10 15:09 0029 1 404 0 _ _ 1 20140802135345 39
000002132014073 00000213 2014 07 18 11 1211 1 14:10 15:09 0029 1 404 0 _ _ 1 20140802135345 39
000002132014073 00000213 2014 07 21 11 1211 1 14:10 15:09 0029 1 404 0 _ _ 1 20140802135345 39
000002132014073 00000213 2014 07 23 11 1211 1 14:10 15:09 0029 1 404 0 _ _ 1 20140802135345 39
000002132014073 00000213 2014 07 25 11 1211 1 14:10 15:09 0029 1 404 0 _ _ 1 20140802135345 39
000002132014073 00000213 2014 07 28 11 1211 1 14:10 15:09 0029 1 404 0 _ _ 1 20140802135345 39
000002132014073 00000213 2014 07 30 11 1211 1 14:10 15:09 0029 1 404 0 _ _ 1 20140802135345 39
000002132014081 00000213 2014 08 02 11 7311 1 10:30 11:29 0029 1 236 0 _ _ 1 20140901133623 39
000002132014081 00000213 2014 08 05 11 7311 1 10:30 11:29 0029 1 236 0 _ _ 1 20140901133623 39
000002132014081 00000213 2014 08 09 11 7311 1 10:30 11:29 0029 1 236 0 _ _ 1 20140901133623 39
000002132014081 00000213 2014 08 12 11 7311 1 10:30 11:29 0029 1 236 0 _ _ 1 20140901133623 39
000002132014081 00000213 2014 08 16 11 7311 1 10:30 11:29 0029 1 236 0 _ _ 1 20140901133623 39
000002132014081 00000213 2014 08 19 11 7311 1 10:30 11:29 0029 1 236 0 _ _ 1 20140901133623 39
000002132014081 00000213 2014 08 23 11 7311 1 10:30 11:29 0029 1 236 0 _ _ 1 20140901133623 39
000002132014081 00000213 2014 08 26 11 7311 1 10:30 11:29 0029 1 236 0 _ _ 1 20140901133623 39
000002132014082 00000213 2014 08 30 11 7311 1 14:00 14:59 0029 1 236 0 _ _ 1 20140901133623 39
000002132014083 00000213 2014 08 01 11 1211 1 14:10 15:09 0029 1 404 0 _ _ 1 20140901133623 39
000002132014083 00000213 2014 08 04 11 1211 1 14:10 15:09 0029 1 404 0 _ _ 1 20140901133623 39
000002132014083 00000213 2014 08 06 11 1211 1 14:10 15:09 0029 1 404 0 _ _ 1 20140901133623 39
000002132014083 00000213 2014 08 08 11 1211 1 14:10 15:09 0029 1 404 0 _ _ 1 20140901133623 39
000002132014083 00000213 2014 08 11 11 1211 1 14:10 15:09 0029 1 404 0 _ _ 1 20140901133623 39
000002132014083 00000213 2014 08 13 11 1211 1 14:10 15:09 0029 1 404 0 _ _ 1 20140901133623 39
000002132014083 00000213 2014 08 15 11 1211 1 14:10 15:09 0029 1 404 0 _ _ 1 20140901133623 39
000002132014083 00000213 2014 08 18 11 1211 1 14:10 15:09 0029 1 404 0 _ _ 1 20140901133623 39
000002132014083 00000213 2014 08 20 11 1211 1 14:10 15:09 0029 1 404 0 _ _ 1 20140901133623 39
000002132014083 00000213 2014 08 22 11 1211 1 14:10 15:09 0029 1 404 0 _ _ 1 20140901133623 39
000002132014083 00000213 2014 08 25 11 1211 1 14:10 15:09 0029 1 404 0 _ _ 1 20140901133623 39
000002132014083 00000213 2014 08 27 11 1211 1 14:10 15:09 0029 1 404 0 _ _ 1 20140901133623 39
000002132014083 00000213 2014 08 29 11 1211 1 14:10 15:09 0029 1 404 0 _ _ 1 20140901133623 39
000002132014091 00000213 2014 09 02 11 7311 1 10:30 11:29 0029 1 236 0 _ _ 1 20141001131003 39
000002132014091 00000213 2014 09 06 11 7311 1 10:30 11:29 0029 1 236 0 _ _ 1 20141001131003 39
000002132014091 00000213 2014 09 09 11 7311 1 10:30 11:29 0029 1 236 0 _ _ 1 20141001131003 39
000002132014091 00000213 2014 09 13 11 7311 1 10:30 11:29 0029 1 236 0 _ _ 1 20141001131003 39
000002132014091 00000213 2014 09 16 11 7311 1 10:30 11:29 0029 1 236 0 _ _ 1 20141001131003 39
000002132014091 00000213 2014 09 20 11 7311 1 10:30 11:29 0029 1 236 0 _ _ 1 20141001131003 39
000002132014091 00000213 2014 09 23 11 7311 1 10:30 11:29 0029 1 236 0 _ _ 1 20141001131003 39
000002132014091 00000213 2014 09 27 11 7311 1 10:30 11:29 0029 1 236 0 _ _ 1 20141001131003 39
000002132014092 00000213 2014 09 01 11 1211 1 14:10 15:09 0029 1 404 0 _ _ 1 20141001131003 39
000002132014092 00000213 2014 09 03 11 1211 1 14:10 15:09 0029 1 404 0 _ _ 1 20141001131003 39
000002132014092 00000213 2014 09 05 11 1211 1 14:10 15:09 0029 1 404 0 _ _ 1 20141001131003 39
000002132014092 00000213 2014 09 08 11 1211 1 14:10 15:09 0029 1 404 0 _ _ 1 20141001131003 39
000002132014092 00000213 2014 09 10 11 1211 1 14:10 15:09 0029 1 404 0 _ _ 1 20141001131003 39
000002132014092 00000213 2014 09 12 11 1211 1 14:10 15:09 0029 1 404 0 _ _ 1 20141001131003 39
000002132014092 00000213 2014 09 15 11 1211 1 14:10 15:09 0029 1 404 0 _ _ 1 20141001131003 39
000002132014092 00000213 2014 09 17 11 1211 1 14:10 15:09 0029 1 404 0 _ _ 1 20141001131003 39
000002132014092 00000213 2014 09 19 11 1211 1 14:10 15:09 0029 1 404 0 _ _ 1 20141001131003 39
000002132014092 00000213 2014 09 22 11 1211 1 14:10 15:09 0029 1 404 0 _ _ 1 20141001131003 39
000002132014092 00000213 2014 09 24 11 1211 1 14:10 15:09 0029 1 404 0 _ _ 1 20141001131003 39
000002132014092 00000213 2014 09 26 11 1211 1 14:10 15:09 0029 1 404 0 _ _ 1 20141001131003 39
000002132014092 00000213 2014 09 29 11 1211 1 14:10 15:09 0029 1 404 0 _ _ 1 20141001131003 39
000002132014093 00000213 2014 09 30 11 7311 1 16:00 16:59 0029 1 236 0 _ _ 1 20141001131003 39
000002132014101 00000213 2014 10 04 11 7311 1 10:30 11:29 0029 1 236 0 _ _ 1 20141101102032 39
000002132014101 00000213 2014 10 07 11 7311 1 10:30 11:29 0029 1 236 0 _ _ 1 20141101102032 39
000002132014101 00000213 2014 10 11 11 7311 1 10:30 11:29 0029 1 236 0 _ _ 1 20141101102032 39
000002132014101 00000213 2014 10 18 11 7311 1 10:30 11:29 0029 1 236 0 _ _ 1 20141101102032 39
000002132014101 00000213 2014 10 21 11 7311 1 10:30 11:29 0029 1 236 0 _ _ 1 20141101102032 39
000002132014101 00000213 2014 10 25 11 7311 1 10:30 11:29 0029 1 236 0 _ _ 1 20141101102032 39
000002132014101 00000213 2014 10 28 11 7311 1 10:30 11:29 0029 1 236 0 _ _ 1 20141101102032 39
000002132014102 00000213 2014 10 14 11 7311 1 11:00 11:59 0029 1 236 0 _ _ 1 20141101102032 39
000002132014103 00000213 2014 10 03 11 1211 1 14:10 15:09 0029 1 404 0 _ _ 1 20141101102032 39
000002132014103 00000213 2014 10 06 11 1211 1 14:10 15:09 0029 1 404 0 _ _ 1 20141101102032 39
000002132014103 00000213 2014 10 08 11 1211 1 14:10 15:09 0029 1 404 0 _ _ 1 20141101102032 39
000002132014103 00000213 2014 10 10 11 1211 1 14:10 15:09 0029 1 404 0 _ _ 1 20141101102032 39
000002132014103 00000213 2014 10 13 11 1211 1 14:10 15:09 0029 1 404 0 _ _ 1 20141101102032 39
000002132014103 00000213 2014 10 15 11 1211 1 14:10 15:09 0029 1 404 0 _ _ 1 20141101102032 39
000002132014103 00000213 2014 10 17 11 1211 1 14:10 15:09 0029 1 404 0 _ _ 1 20141101102032 39
000002132014103 00000213 2014 10 20 11 1211 1 14:10 15:09 0029 1 404 0 _ _ 1 20141101102032 39
000002132014103 00000213 2014 10 22 11 1211 1 14:10 15:09 0029 1 404 0 _ _ 1 20141101102032 39
000002132014103 00000213 2014 10 24 11 1211 1 14:10 15:09 0029 1 404 0 _ _ 1 20141101102032 39
000002132014103 00000213 2014 10 27 11 1211 1 14:10 15:09 0029 1 404 0 _ _ 1 20141101102032 39
000002132014103 00000213 2014 10 29 11 1211 1 14:10 15:09 0029 1 404 0 _ _ 1 20141101102032 39
000002132014103 00000213 2014 10 31 11 1211 1 14:10 15:09 0029 1 404 0 _ _ 1 20141101102032 39
000002132014104 00000213 2014 10 01 11 1211 1 15:10 16:09 0029 1 404 0 _ _ 1 20141101102032 39
000002132014111 00000213 2014 11 01 11 7311 1 10:30 11:29 0029 1 236 0 _ _ 1 20141202110729 39
000002132014111 00000213 2014 11 04 11 7311 1 10:30 11:29 0029 1 236 0 _ _ 1 20141202110729 39
000002132014111 00000213 2014 11 11 11 7311 1 10:30 11:29 0029 1 236 0 _ _ 1 20141202110729 39
000002132014111 00000213 2014 11 15 11 7311 1 10:30 11:29 0029 1 236 0 _ _ 1 20141202110729 39
000002132014111 00000213 2014 11 18 11 7311 1 10:30 11:29 0029 1 236 0 _ _ 1 20141202110729 39
000002132014111 00000213 2014 11 22 11 7311 1 10:30 11:29 0029 1 236 0 _ _ 1 20141202110729 39
000002132014111 00000213 2014 11 25 11 7311 1 10:30 11:29 0029 1 236 0 _ _ 1 20141202110729 39
000002132014111 00000213 2014 11 29 11 7311 1 10:30 11:29 0029 1 236 0 _ _ 1 20141202110729 39
000002132014112 00000213 2014 11 08 11 7311 1 14:00 14:59 0029 1 236 0 _ _ 1 20141202110729 39
000002132014113 00000213 2014 11 03 11 1211 1 14:10 15:09 0029 1 404 0 _ _ 1 20141202110729 39
000002132014113 00000213 2014 11 05 11 1211 1 14:10 15:09 0029 1 404 0 _ _ 1 20141202110729 39
000002132014113 00000213 2014 11 07 11 1211 1 14:10 15:09 0029 1 404 0 _ _ 1 20141202110729 39
000002132014113 00000213 2014 11 10 11 1211 1 14:10 15:09 0029 1 404 0 _ _ 1 20141202110729 39
000002132014113 00000213 2014 11 12 11 1211 1 14:10 15:09 0029 1 404 0 _ _ 1 20141202110729 39
000002132014113 00000213 2014 11 14 11 1211 1 14:10 15:09 0029 1 404 0 _ _ 1 20141202110729 39
000002132014113 00000213 2014 11 17 11 1211 1 14:10 15:09 0029 1 404 0 _ _ 1 20141202110729 39
000002132014113 00000213 2014 11 19 11 1211 1 14:10 15:09 0029 1 404 0 _ _ 1 20141202110729 39
000002132014113 00000213 2014 11 21 11 1211 1 14:10 15:09 0029 1 404 0 _ _ 1 20141202110729 39
000002132014113 00000213 2014 11 24 11 1211 1 14:10 15:09 0029 1 404 0 _ _ 1 20141202110729 39
000002132014113 00000213 2014 11 26 11 1211 1 14:10 15:09 0029 1 404 0 _ _ 1 20141202110729 39
000002132014113 00000213 2014 11 28 11 1211 1 14:10 15:09 0029 1 404 0 _ _ 1 20141202110729 39
