00000116 20131110 20131209 久保田相談員 グランクレール青葉台二丁目 1 2014052800000000 00078
00000116 20131110 20131209 城尾　式子 妻 1 2014052800000000 00078
00000116 20131110 20131209 城尾　豪一 本人 1 2014052800000000 00078
00000116 20131110 20131209 松野看護師（他１名） バディ訪問看護ステーション 1 2014052800000000 00078
00000116 20131110 20131209 河口　司門 シルバーホクソン 1 2014052800000000 00078
00000116 20131110 20131209 石川看護師 クリニック医庵 1 2014052800000000 00078
00000116 20131110 20131209 遠藤雅幸 グランクレール・ケアサービス横浜 1 2014052800000000 00078
00000116 20140413 20140507 卜部晋一 シルバーホクソン 1 2014052800000000 00078
00000116 20140413 20140507 城尾豪一 本人 1 2014052800000000 00078
00000116 20140413 20140507 山根やよい 療養支援ｽﾃｰｼｮﾝ楓の風みやまえ 1 2014052800000000 00078
00000116 20140413 20140507 遠藤雅幸 グランクレール・ケアサービス横浜 1 2014052800000000 00078
00000116 20140413 20140507 長谷章 グランクレール・ケアサービス横浜 1 2014052800000000 00078
