00000073 2013 08 2 10400 1 20140725110351 00030
00000073 2013 09 2 10400 1 20140627120002 00030
00000073 2013 10 2 10400 1 20140627120237 00030
00000073 2013 11 2 10400 1 20140627120514 00030
00000073 2013 12 2 10400 1 20140627120816 00030
00000073 2014 01 2 10400 1 20140613135548 00030
00000073 2014 02 2 10400 1 20140613140007 00030
00000073 2014 03 2 10400 1 20140613141017 00030
00000073 2014 04 2 10473 1 20140613142113 00030
00000073 2014 05 2 10473 1 20140815185242 00030
00000073 2014 06 2 10473 1 20140701162036 00030
00000073 2014 07 2 10473 1 20140801184043 00030
00000073 2014 08 2 10473 1 20140728155808 00088
00000073 2014 09 2 10473 1 20140811140911 00088
