00000114 0070 2013 11 0000030 04 00034 _ 16:00 16:40 _ _ 0 7211 1 11 1 20140701134355 00034
00000114 0070 2013 11 0000031 11 00037 _ 16:00 16:40 _ _ 0 7211 1 11 1 20140701134355 00034
00000114 0070 2013 11 0000032 18 00035 _ 16:00 16:40 _ _ 0 7211 1 11 1 20140701134355 00034
00000114 0070 2013 11 0000033 25 00035 _ 16:00 16:40 _ _ 0 7211 1 11 1 20140701134355 00034
00000114 0070 2013 12 0000034 02 00038 _ 16:00 16:40 _ _ 0 7211 1 11 1 20140701140728 00034
00000114 0070 2013 12 0000035 09 00035 _ 16:00 16:40 _ _ 0 7211 1 11 1 20140701140728 00034
00000114 0070 2013 12 0000036 16 00038 _ 16:00 16:40 _ _ 0 7211 1 11 1 20140701140728 00034
00000114 0070 2013 12 0000037 23 00037 _ 16:20 16:40 _ _ 0 7211 1 11 1 20140701140728 00034
00000114 0070 2013 12 0000038 30 00038 _ 16:00 16:40 _ _ 0 7211 1 11 1 20140701140728 00034
00000114 0070 2014 01 0000002 06 00035 _ 16:00 16:40 _ _ 0 7211 1 11 1 20140616194430 00034
00000114 0070 2014 01 0000003 13 00035 _ 16:00 16:40 _ _ 0 7211 1 11 1 20140616194430 00034
00000114 0070 2014 01 0000004 20 00035 _ 16:00 16:40 _ _ 0 7211 1 11 1 20140616194430 00034
00000114 0070 2014 01 0000005 27 00035 _ 16:00 16:40 _ _ 0 7211 1 11 1 20140616194430 00034
00000114 0070 2014 02 0000006 03 00035 _ 16:00 16:40 _ _ 0 7211 1 11 1 20140616195242 00034
00000114 0070 2014 02 0000007 10 00038 _ 16:00 16:40 _ _ 0 7211 1 11 1 20140616195242 00034
00000114 0070 2014 02 0000008 17 00035 _ 16:00 16:40 _ _ 0 7211 1 11 1 20140616195242 00034
00000114 0070 2014 02 0000009 24 00035 _ 16:00 16:40 _ _ 0 7211 1 11 1 20140616195242 00034
00000114 0070 2014 03 0000010 03 00035 _ 16:00 16:40 _ _ 0 7211 1 11 1 20140616195718 00034
00000114 0070 2014 03 0000011 10 00035 _ 16:00 16:40 _ _ 0 7211 1 11 1 20140616195718 00034
00000114 0070 2014 03 0000012 17 00035 _ 16:00 16:40 _ _ 0 7211 1 11 1 20140616195718 00034
00000114 0070 2014 03 0000013 24 00035 _ 16:00 16:40 _ _ 0 7211 1 11 1 20140616195718 00034
00000114 0070 2014 03 0000014 31 00035 _ 16:00 16:40 _ _ 0 7211 1 11 1 20140616195718 00034
00000114 0070 2014 04 0000015 07 00038 _ 16:30 17:29 _ _ 0 7311 1 11 1 20140616200526 00034
00000114 0070 2014 04 0000016 10 00035 _ 13:45 14:44 _ _ 0 7311 1 11 1 20140616200526 00034
00000114 0070 2014 04 0000017 14 00037 _ 16:30 17:29 _ _ 0 7311 1 11 1 20140616200526 00034
00000114 0070 2014 04 0000018 17 00035 _ 14:00 14:45 _ _ 0 7311 1 11 1 20140616200526 00034
00000114 0070 2014 04 0000019 21 00038 _ 16:30 17:29 _ _ 0 7311 1 11 1 20140616200526 00034
00000114 0070 2014 04 0000020 24 00035 _ 13:55 14:45 _ _ 0 7311 1 11 1 20140616200526 00034
00000114 0070 2014 04 0000021 28 00035 _ 16:30 17:29 _ _ 0 7311 1 11 1 20140616200526 00034
00000114 0070 2014 05 0000022 01 00037 _ 13:45 14:44 _ _ 0 7311 1 11 1 20140818152422 00034
00000114 0070 2014 05 0000023 05 00035 _ 16:30 17:29 2 _ 0 7311 1 11 1 20140818152422 00034
00000114 0070 2014 05 0000024 08 00038 _ 13:45 14:44 _ _ 0 7311 1 11 1 20140818152422 00034
00000114 0070 2014 05 0000025 12 00037 _ 16:30 17:29 2 _ 0 7311 1 11 1 20140818152422 00034
00000114 0070 2014 05 0000026 15 00037 _ 13:45 14:44 _ _ 0 7311 1 11 1 20140818152422 00034
00000114 0070 2014 05 0000027 22 00037 _ 13:45 14:44 _ _ 0 7311 1 11 1 20140818152422 00034
00000114 0070 2014 05 0000028 26 00037 _ 16:30 17:29 2 _ 0 7311 1 11 1 20140818152422 00034
00000114 0070 2014 05 0000029 29 00037 _ 13:45 14:44 _ _ 0 7311 1 11 1 20140818152422 00034
00000114 0070 2014 05 0000039 19 00038 _ 16:30 17:29 2 _ 0 7311 1 11 1 20140818152422 00034
00000114 0070 2014 06 0000002 02 00038 _ 16:30 17:29 2 _ 0 7311 1 11 1 20140701101926 00078
00000114 0070 2014 06 0000003 05 00035 _ 13:45 14:44 2 _ 0 7311 1 11 1 20140701101926 00078
00000114 0070 2014 06 0000004 09 00035 _ 16:30 17:29 2 _ 0 7311 1 11 1 20140701101926 00078
00000114 0070 2014 06 0000005 12 00035 _ 13:45 14:44 2 _ 0 7311 1 11 1 20140701101926 00078
00000114 0070 2014 06 0000006 16 00037 _ 16:30 17:29 2 _ 0 7311 1 11 1 20140701101926 00078
00000114 0070 2014 06 0000007 19 00037 _ 14:05 14:44 2 _ 0 7211 1 11 1 20140701101926 00078
00000114 0070 2014 06 0000008 23 00038 _ 16:30 17:29 2 _ 0 7311 1 11 1 20140701101926 00078
00000114 0070 2014 06 0000009 26 00035 _ 13:45 14:44 2 _ 0 7311 1 11 1 20140701101926 00078
00000114 0070 2014 06 0000010 30 00038 _ 16:30 17:29 2 _ 0 7311 1 11 1 20140701101926 00078
00000114 0070 2014 07 0000011 07 _ _ 16:30 17:29 _ _ 0 _ 1 11 9 20140716170629 00038
00000114 0070 2014 07 0000012 11 00039 _ 11:00 11:59 2 _ 0 7311 1 11 1 20140731105038 00035
00000114 0070 2014 07 0000013 04 00038 _ 11:00 11:59 2 _ 0 7311 1 11 1 20140731105038 00035
00000114 0070 2014 07 0000014 07 00037 _ 16:30 17:29 2 _ 0 7311 1 11 1 20140731105038 00035
00000114 0070 2014 07 0000015 14 00035 _ 16:30 17:29 2 _ 0 7311 1 11 1 20140731105038 00035
00000114 0070 2014 07 0000016 16 _ _ 14:15 15:14 _ _ 0 _ 1 11 9 20140720153343 00038
00000114 0070 2014 07 0000017 18 _ _ 00:00 00:00 _ _ 0 _ 1 11 9 20140718131532 00037
00000114 0070 2014 07 0000018 18 00037 _ 11:00 11:59 2 _ 0 7311 1 11 1 20140731105038 00035
00000114 0070 2014 07 0000019 21 00035 _ 16:30 17:29 2 _ 0 7311 1 11 1 20140731105038 00035
00000114 0070 2014 07 0000020 25 00037 _ 11:00 11:59 2 _ 0 7311 1 11 1 20140731105038 00035
00000114 0070 2014 07 0000021 28 00038 _ 16:30 17:29 2 _ 0 7311 1 11 1 20140731105038 00035
00000114 0070 2014 08 0000022 01 00039 _ 11:00 11:59 2 _ 0 7311 1 11 1 20140830202227 00038
00000114 0070 2014 08 0000023 04 00038 _ 16:30 17:29 2 _ 0 7311 1 11 1 20140830202227 00038
00000114 0070 2014 08 0000024 11 00035 _ 16:30 17:29 2 _ 0 _ 1 11 9 20140824134713 00035
00000114 0070 2014 08 0000025 08 00039 _ 11:00 11:59 2 _ 0 7311 1 11 1 20140830202227 00038
00000114 0070 2014 08 0000026 18 00038 _ 16:30 17:29 2 _ 0 7311 1 11 1 20140830202227 00038
00000114 0070 2014 08 0000027 15 00039 _ 11:00 11:59 2 _ 0 7311 1 11 1 20140830202227 00038
00000114 0070 2014 08 0000028 22 00039 _ 11:00 11:59 2 _ 0 7311 1 11 1 20140830202227 00038
00000114 0070 2014 08 0000029 11 00035 _ 16:30 17:29 2 _ 0 7311 1 11 1 20140830202227 00038
00000114 0070 2014 08 0000030 25 00035 _ 16:30 17:29 2 _ 0 7311 1 11 1 20140830202227 00038
00000114 0070 2014 08 0000031 29 00038 _ 11:00 11:59 2 _ 0 7311 1 11 1 20140830202227 00038
00000114 0070 2014 09 0000032 01 00035 _ 17:00 17:59 2 _ 0 7311 1 11 1 20140930211552 00035
00000114 0070 2014 09 0000033 08 00038 _ 16:30 17:29 2 _ 0 7311 1 11 1 20140930211552 00035
00000114 0070 2014 09 0000034 05 00039 _ 11:00 11:59 2 _ 0 7311 1 11 1 20140930211552 00035
00000114 0070 2014 09 0000035 19 00037 _ 11:00 11:59 2 _ 0 7311 1 11 1 20140930211552 00035
00000114 0070 2014 09 0000036 12 00039 _ 11:00 11:59 2 _ 0 7311 1 11 1 20140930211552 00035
00000114 0070 2014 09 0000037 26 00039 _ 11:00 11:59 2 _ 0 7311 1 11 1 20140930211552 00035
00000114 0070 2014 09 0000038 30 00039 _ 09:45 10:44 2 _ 0 7311 1 11 1 20140930211552 00035
00000114 0070 2014 10 0000039 14 00037 _ 09:45 10:44 2 _ 0 7311 1 11 1 20141028195319 00035
00000114 0070 2014 10 0000040 07 00035 _ 09:45 10:44 2 _ 0 7311 1 11 1 20141028195319 00035
00000114 0070 2014 10 0000041 21 00037 _ 09:45 10:44 2 _ 0 7311 1 11 1 20141028195319 00035
00000114 0070 2014 10 0000042 28 00037 _ 09:45 10:44 2 _ 0 7311 1 11 1 20141028195319 00035
00000114 0070 2014 11 0000043 04 00037 _ 09:45 10:44 2 _ 0 7311 1 11 1 20141127190222 00038
00000114 0070 2014 11 0000044 11 00037 _ 09:45 10:44 2 _ 0 7311 1 11 1 20141127190222 00038
00000114 0070 2014 11 0000045 18 00038 _ 09:45 10:44 2 _ 0 7311 1 11 1 20141127190222 00038
00000114 0070 2014 11 0000046 25 00229 _ 09:45 10:44 2 _ 0 7311 1 11 1 20141127190222 00038
00000114 0070 2014 12 0000047 05 00039 _ 11:00 11:59 2 _ 0 7311 1 11 1 20141206181742 00037
