0004 01 101 20050827 99999999 118800 1 201410150000 00078
0004 01 102 20040901 99999999 110250 1 201410150000 00078
0004 01 103 20051007 99999999 113400 1 201410150000 00078
0004 01 104 20040430 99999999 163080 1 201410150000 00078
0004 01 105 20050612 99999999 102600 1 201410150000 00078
0004 01 106 20050708 20111127 158550 1 201410150000 00078
0004 01 106 20111128 20111231 110250 1 201410150000 00078
0004 01 106 20120101 99999999 113400 1 201410150000 00078
0004 01 107 20040417 20070826 158550 1 201410150000 00078
0004 01 107 20070827 20070930 110250 1 201410150000 00078
0004 01 107 20071001 99999999 113400 1 201410150000 00078
0004 01 108 20040219 20071004 110250 1 201410150000 00078
0004 01 108 20080915 99999999 163080 1 201410150000 00078
0004 01 109 20050527 99999999 99750 1 201410150000 00078
0004 01 121 20060122 99999999 110250 1 201410150000 00078
0004 01 122 20050310 99999999 110250 1 201410150000 00078
0004 01 123 20050429 99999999 113400 1 201410150000 00078
0004 01 124 20081201 99999999 110250 1 201410150000 00078
0004 01 125 20060101 99999999 110250 1 201410150000 00078
0004 01 201 20041028 20141202 115500 1 20141206162857 00077
0004 01 201 20141203 99999999 22222 1 20141206162857 00077
0004 01 202 20040327 99999999 113400 1 201410150000 00078
0004 01 203 20040411 99999999 113400 1 201410150000 00078
0004 01 204 20041202 99999999 113400 1 201410150000 00078
0004 01 205 20060723 99999999 99750 1 201410150000 00078
0004 01 206 20040327 99999999 113400 1 201410150000 00078
0004 01 207 20040223 99999999 163080 1 201410150000 00078
0004 01 208 20040315 99999999 113400 1 201410150000 00078
0004 01 209 20050206 99999999 102600 1 201410150000 00078
0004 01 210 20041118 20070225 99750 1 201410150000 00078
0004 01 210 20080115 99999999 102600 1 201410150000 00078
0004 01 211 20070127 20091126 163800 1 201410150000 00078
0004 01 211 20091127 20091231 115500 1 201410150000 00078
0004 01 211 20100101 99999999 115500 1 201410150000 00078
0004 01 212 20060303 99999999 163080 1 201410150000 00078
0004 01 213 20050319 99999999 113400 1 201410150000 00078
0004 01 214 20050930 99999999 113400 1 201410150000 00078
0004 01 215 20041201 99999999 110250 1 201410150000 00078
0004 01 216 20041221 99999999 99750 1 201410150000 00078
0004 01 217 20050228 99999999 99750 1 201410150000 00078
0004 01 218 20050331 99999999 99750 1 201410150000 00078
0004 01 219 20041128 99999999 99750 1 201410150000 00078
0004 01 220 20050331 99999999 99750 1 201410150000 00078
0004 01 221 20040911 99999999 158550 1 201410150000 00078
0004 01 222 20050602 99999999 113400 1 201410150000 00078
0004 01 223 20050331 99999999 113400 1 201410150000 00078
0004 01 224 20071110 20111102 158550 1 201410150000 00078
0004 01 224 20111103 99999999 113400 1 201410150000 00078
0004 01 225 20041008 99999999 158550 1 201410150000 00078
0004 01 229 20040330 99999999 110250 1 201410150000 00078
0004 01 230 20040731 20050123 158550 1 201410150000 00078
0004 01 230 20050124 99999999 113400 1 201410150000 00078
0004 01 231 20040214 99999999 179280 1 201410150000 00078
0004 01 232 20040528 99999999 102600 1 201410150000 00078
0004 01 233 20060303 99999999 179280 1 201410150000 00078
0004 01 301 20040327 99999999 118800 1 201410150000 00078
0004 01 302 20040504 20130331 158550 1 201410150000 00078
0004 01 302 20130401 99999999 113400 1 201410150000 00078
0004 01 303 20040229 99999999 110250 1 201410150000 00078
0004 01 304 20040318 20041205 110250 1 201410150000 00078
0004 01 304 20041206 20070414 158550 1 201410150000 00078
0004 01 304 20070415 99999999 113400 1 201410150000 00078
0004 01 305 20050601 99999999 102600 1 201410150000 00078
0004 01 306 20040305 99999999 113400 1 201410150000 00078
0004 01 307 20040219 99999999 113400 1 201410150000 00078
0004 01 308 20040311 20091102 158550 1 201410150000 00078
0004 01 308 20091103 20091231 110250 1 201410150000 00078
0004 01 308 20100101 99999999 110250 1 201410150000 00078
0004 01 309 20050401 20070716 99750 1 201410150000 00078
0004 01 309 20071001 99999999 102600 1 201410150000 00078
0004 01 310 20050303 99999999 99750 1 201410150000 00078
0004 01 312 20050324 20090827 174300 1 201410150000 00078
0004 01 312 20090828 20090930 126000 1 201410150000 00078
0004 01 312 20091001 99999999 129600 1 201410150000 00078
0004 01 313 20050315 20100616 158550 1 201410150000 00078
0004 01 313 20100701 99999999 110250 1 201410150000 00078
0004 01 314 20050531 99999999 113400 1 201410150000 00078
0004 01 315 20041119 99999999 113400 1 201410150000 00078
0004 01 316 20041001 99999999 102600 1 201410150000 00078
0004 01 317 20040630 99999999 99750 1 201410150000 00078
0004 01 318 20050123 99999999 99750 1 201410150000 00078
0004 01 319 20041220 99999999 102600 1 201410150000 00078
0004 01 320 20041119 99999999 99750 1 201410150000 00078
0004 01 321 20040313 99999999 113400 1 201410150000 00078
0004 01 322 20040214 20120220 158550 1 201410150000 00078
0004 01 322 20120221 20121002 110250 1 201410150000 00078
0004 01 322 20121003 99999999 163080 1 201410150000 00078
0004 01 323 20050829 99999999 110250 1 201410150000 00078
0004 01 324 20050107 99999999 110250 1 201410150000 00078
0004 01 325 20040223 99999999 110250 1 201410150000 00078
0004 01 326 20040326 99999999 102600 1 201410150000 00078
0004 01 327 20040713 99999999 102600 1 201410150000 00078
0004 01 328 20050101 99999999 102600 1 201410150000 00078
0004 01 329 20040330 99999999 110250 1 201410150000 00078
0004 01 330 20040301 99999999 113400 1 201410150000 00078
0004 01 331 20040801 20041130 126000 1 201410150000 00078
0004 01 331 20041201 99999999 179280 1 201410150000 00078
0004 01 332 20040214 99999999 102600 1 201410150000 00078
0004 01 333 20061031 20110705 174300 1 201410150000 00078
0004 01 333 20110707 99999999 129600 1 201410150000 00078
