0001 001 クラブクレール入会金 1 2 20140821094936 00077
0001 002 介護移行基金制度加入金 1 2 20140821094936 00077
0001 003 前払賃料 1 1 20140821094936 00077
0001 004 保険料(ケア) 1 1 20140821094936 00077
0001 005 敷金(ケア) 1 1 20140821094936 00077
0001 048 クラブクレール入会金 1 1 20140821094936 00077
0001 049 介護移行基金制度加入金 1 1 20140821094936 00077
0001 050 終身前払賃料 1 1 20140821094936 00077
0001 051 保険料(シニア) 1 1 20140821094936 00077
0001 052 敷金(シニア) 1 1 20140821094936 00077
0002 024 終身前払賃料 1 1 2014070100000000 00078
0002 025 継続居住賃料 1 1 2014070100000000 00078
0002 026 会員費 1 1 2014070100000000 00078
0002 027 敷金 1 1 2014070100000000 00078
0002 028 ケア家賃(新) 1 2 2014070100000000 00078
0002 029 サービス保証費 1 1 2014070100000000 00078
0002 030 移行家賃 1 1 2014070100000000 00078
0002 031 身元保証 1 1 2014070100000000 00078
0003 007 終身前払賃料 1 1 2014070100000000 00078
0003 008 継続居住賃料 1 1 2014070100000000 00078
0003 009 入居一時金 1 1 2014070100000000 00078
0003 010 保証金 1 1 2014070100000000 00078
0003 011 ケア家賃(新) 1 2 2014070100000000 00078
0003 012 サービス保証費 1 2 2014070100000000 00078
0003 013 移行家賃 1 1 2014070100000000 00078
0003 014 身元保証 1 1 2014070100000000 00078
0004 015 入居一時金(旧) 1 1 2014070100000000 00078
0004 016 追加入居一時金 1 2 2014070100000000 00078
0004 017 移行保証充当金(旧) 1 1 2014070100000000 00078
0004 018 入居一時金(新) 1 1 2014070100000000 00078
0004 019 継続利用家賃(新) 1 1 2014070100000000 00078
0004 020 ケア家賃(新) 1 2 2014070100000000 00078
0004 021 継続利用保証充当金(新) 1 1 2014070100000000 00078
0004 022 保証金(月払い) 1 1 2014070100000000 00078
0004 023 移行家賃 1 1 2014070100000000 00078
0004 024 身元保証 1 1 2014070100000000 00078
0005 032 終身前払賃料 1 1 2014070100000000 00078
0005 033 継続居住賃料 1 1 2014070100000000 00078
0005 034 会員費 1 1 2014070100000000 00078
0005 035 敷金 1 1 2014070100000000 00078
0005 036 サービス保証費 1 1 2014070100000000 00078
0005 037 ケア家賃(新) 1 2 2014070100000000 00078
0005 038 移行家賃 1 1 2014070100000000 00078
0005 039 身元保証 1 1 2014070100000000 00078
0006 040 終身前払賃料 1 1 2014070100000000 00078
0006 041 継続居住賃料 1 1 2014070100000000 00078
0006 042 会員費 1 1 2014070100000000 00078
0006 043 敷金 1 1 2014070100000000 00078
0006 044 ケア家賃(新) 1 2 2014070100000000 00078
0006 045 サービス保証費 1 2 2014070100000000 00078
0006 046 移行家賃 1 1 2014070100000000 00078
0006 047 身元保証 1 1 2014070100000000 00078
0007 053 終身前払賃料 1 1 20150527164937 00077
