000001392013111 00000139 2013 11 28 13 1211 1 09:30 10:29 0030 1 830 0 _ _ 1 20140703121101 78
000001392013112 00000139 2013 11 18 13 1211 1 14:00 14:55 0030 1 830 0 _ _ 1 20140703121101 78
000001392013113 00000139 2013 11 11 13 1311 1 14:00 15:29 0030 1 1138 0 _ _ 1 20140703121101 78
000001392013114 00000139 2013 11 17 13 1211 1 16:30 17:15 0030 1 830 0 _ _ 1 20140703121101 78
000001392013115 00000139 2013 11 16 13 1211 1 17:00 17:59 0030 1 830 0 _ _ 1 20140703121101 78
000001392013116 00000139 2013 11 14 13 1311 1 17:00 18:29 0030 1 1138 0 _ _ 1 20140703121101 78
000001392013117 00000139 2013 11 13 13 1331 1 17:40 19:15 0030 1 1438 0 _ _ 1 20140703121101 78
000001392013118 00000139 2013 11 15 13 1212 1 18:15 18:50 0030 1 1038 0 _ _ 1 20140703121101 78
000001392013119 00000139 2013 11 11 13 3100 1 _ 00:00 0030 1 540 0 _ _ 1 20140703121101 78
000001392013121 00000139 2013 12 05 13 1311 1 09:30 10:50 0030 1 1138 0 _ _ 1 20140701152058 24
000001392013121 00000139 2013 12 12 13 1311 1 09:30 10:50 0030 1 1138 0 _ _ 1 20140701152058 24
000001392013122 00000139 2013 12 09 13 1211 1 14:00 14:59 0030 1 830 0 _ _ 1 20140701152058 24
000001392013123 00000139 2013 12 02 13 1211 1 14:25 15:15 0030 1 830 0 _ _ 1 20140701152058 24
000001392013124 00000139 2013 12 11 13 3100 1 _ _ 0030 1 540 0 _ _ 1 20140701152058 24
000001392013125 00000139 2013 12 02 13 4001 1 _ _ 0030 1 250 0 _ _ 1 20140701152058 24
000001392013126 00000139 2013 12 01 17 1003 1 _ _ 0001 1 500 0 _ _ 1 20140701152058 24
000001392013127 00000139 2013 12 01 17 1004 1 _ _ 0001 1 25 0 _ _ 1 20140701152058 24
000001392013128 00000139 2013 12 01 17 1004 1 _ _ 0001 _ 100 0 _ _ 1 20140701152058 24
000001392013129 00000139 2013 12 01 17 1005 1 _ _ 0001 1 325 0 _ _ 1 20140701152058 24
000001392014041 00000139 2014 04 13 17 1001 1 _ _ 0001 1 700 0 _ _ 1 20140616202730 24
000001392014042 00000139 2014 04 13 17 1002 1 _ _ 0001 1 200 0 _ _ 1 20140616202730 24
000001392014043 00000139 2014 04 13 17 1009 1 _ _ 0001 1 200 0 _ _ 1 20140616202730 24
000001392014044 00000139 2014 04 23 13 1501 1 11:00 11:40 0259 1 318 0 _ _ 1 20140616202730 24
000001392014044 00000139 2014 04 28 13 1501 1 11:00 11:40 0259 1 318 0 _ _ 1 20140616202730 24
000001392014044 00000139 2014 04 30 13 1501 1 11:00 11:40 0259 1 318 0 _ _ 1 20140616202730 24
000001392014045 00000139 2014 04 18 13 1501 1 10:00 10:40 0259 1 318 0 _ _ 1 20140616202730 24
000001392014046 00000139 2014 04 18 13 4002 1 _ _ 0259 1 300 0 _ _ 1 20140616202730 24
000001392014051 00000139 2014 05 16 11 1111 1 15:45 16:14 0070 1 255 0 _ _ 1 20140818154208 24
000001392014052 00000139 2014 05 09 11 1211 1 15:45 16:29 0070 1 404 0 _ _ 1 20140818154208 24
000001392014052 00000139 2014 05 20 11 1211 1 15:45 16:29 0070 1 404 0 _ _ 1 20140818154208 24
000001392014052 00000139 2014 05 23 11 1211 1 15:45 16:29 0070 1 404 0 _ _ 1 20140818154208 24
000001392014052 00000139 2014 05 27 11 1211 1 15:45 16:29 0070 1 404 0 _ _ 1 20140818154208 24
000001392014052 00000139 2014 05 30 11 1211 1 15:45 16:29 0070 1 404 0 _ _ 1 20140818154208 24
000001392014053 00000139 2014 05 07 13 1501 1 11:00 11:39 0259 1 318 0 _ _ 1 20140818154208 24
000001392014053 00000139 2014 05 19 13 1501 1 11:00 11:39 0259 1 318 0 _ _ 1 20140818154208 24
000001392014053 00000139 2014 05 21 13 1501 1 11:00 11:39 0259 1 318 0 _ _ 1 20140818154208 24
000001392014053 00000139 2014 05 26 13 1501 1 11:00 11:39 0259 1 318 0 _ _ 1 20140818154208 24
000001392014053 00000139 2014 05 28 13 1501 1 11:00 11:39 0259 1 318 0 _ _ 1 20140818154208 24
000001392014054 00000139 2014 05 01 17 1001 1 _ _ 0001 1 700 0 _ _ 1 20140818154208 24
000001392014055 00000139 2014 05 01 17 1002 1 _ _ 0001 1 200 0 _ _ 1 20140818154208 24
000001392014056 00000139 2014 05 01 17 1009 1 _ _ 0001 1 200 0 _ _ 1 20140818154208 24
