00000151 2014 01 20 11:00 12:00 61 1211 0073 10.84 1 2440 1 20140617162440 00034
00000151 2014 01 24 10:30 11:29 61 1211 0073 10.84 1 2440 1 20140617162440 00034
00000151 2014 01 27 11:00 12:00 61 1211 0073 10.84 1 2440 1 20140617162440 00034
00000151 2014 01 31 10:30 11:29 61 1211 0073 10.84 1 2440 1 20140617162440 00034
00000151 2014 02 03 11:00 12:00 61 1211 0073 10.84 1 2440 1 20140617163005 00034
00000151 2014 02 07 09:40 10:40 61 1211 0073 10.84 1 2440 1 20140617163005 00034
00000151 2014 02 10 11:00 12:00 61 1211 0073 10.84 1 2440 1 20140617163005 00034
00000151 2014 02 14 10:30 11:29 61 1211 0073 10.84 1 2440 1 20140617163005 00034
00000151 2014 02 17 11:00 12:00 61 1211 0073 10.84 1 2440 1 20140617163005 00034
00000151 2014 02 21 10:30 11:29 61 1211 0073 10.84 1 2440 1 20140617163005 00034
00000151 2014 02 24 11:00 12:00 61 1211 0073 10.84 1 2440 1 20140617163005 00034
00000151 2014 02 28 10:30 11:29 61 1211 0073 10.84 1 2440 1 20140617163005 00034
00000151 2014 03 03 11:00 11:59 61 1211 0073 10.84 1 2440 1 20140617163817 00034
00000151 2014 03 10 11:00 11:59 61 1211 0073 10.84 1 2440 1 20140617163817 00034
00000151 2014 03 14 10:30 11:29 61 1211 0073 10.84 1 2440 1 20140617163817 00034
00000151 2014 03 17 11:00 11:59 61 1211 0073 10.84 1 2440 1 20140617163817 00034
00000151 2014 03 21 10:30 11:29 61 1211 0073 10.84 1 2440 1 20140617163817 00034
00000151 2014 03 24 11:00 11:59 61 1211 0073 10.84 1 2440 1 20140617163817 00034
00000151 2014 03 28 10:30 11:29 61 1211 0073 10.84 1 2440 1 20140617163817 00034
00000151 2014 03 31 11:00 11:59 61 1211 0073 10.84 1 2440 1 20140617163817 00034
00000151 2014 04 04 10:30 11:29 61 1211 0073 10.84 1 2452 1 20140617164452 00034
00000151 2014 04 07 11:00 12:00 61 1211 0073 10.84 1 2452 1 20140617164452 00034
00000151 2014 04 11 10:30 11:29 61 1211 0073 10.84 1 2452 1 20140617164452 00034
00000151 2014 04 14 11:00 12:00 61 1211 0073 10.84 1 2452 1 20140617164452 00034
00000151 2014 04 18 10:30 11:29 61 1211 0073 10.84 1 2452 1 20140617164452 00034
00000151 2014 04 21 11:00 12:00 61 1211 0073 10.84 1 2452 1 20140617164452 00034
00000151 2014 04 25 10:30 11:29 61 1211 0073 10.84 1 2452 1 20140617164452 00034
00000151 2014 04 28 11:00 12:00 61 1211 0073 10.84 1 2452 1 20140617164452 00034
00000151 2014 05 02 10:30 11:29 61 1111 0073 10.84 1 1226 1 20140623172914 00034
00000151 2014 05 02 10:30 11:29 61 1211 0073 10.84 1 2452 1 20140818164735 00034
00000151 2014 05 05 11:00 11:59 61 1111 0073 10.84 1 1226 1 20140623172914 00034
00000151 2014 05 05 11:00 11:59 61 1211 0073 10.84 1 2452 1 20140818164735 00034
00000151 2014 05 09 10:30 11:29 61 1111 0073 10.84 1 1226 1 20140623172914 00034
00000151 2014 05 09 10:30 11:29 61 1211 0073 10.84 1 2452 1 20140818164735 00034
00000151 2014 05 16 11:00 11:59 61 1211 0073 10.84 1 2452 1 20140818164735 00034
00000151 2014 05 19 11:00 11:59 61 1211 0073 10.84 1 2452 1 20140818164735 00034
00000151 2014 05 23 10:00 10:59 61 1211 0073 10.84 1 2452 1 20140818164612 00034
00000151 2014 05 26 11:00 11:59 61 1211 0073 10.84 1 2452 1 20140818164735 00034
00000151 2014 05 30 11:00 11:59 61 1211 0073 10.84 1 2452 1 20140818164735 00034
00000151 2014 06 02 11:00 11:59 61 1211 0073 10.84 1 2452 1 20140702130741 00034
00000151 2014 06 06 11:00 11:59 61 1211 0073 10.84 1 2452 1 20140702130741 00034
00000151 2014 06 09 11:00 11:59 61 1211 0073 10.84 1 2452 1 20140702130741 00034
00000151 2014 06 13 11:00 11:59 61 1211 0073 10.84 1 2452 1 20140702130741 00034
00000151 2014 06 16 11:00 11:59 61 1211 0073 10.84 1 2452 1 20140702130741 00034
00000151 2014 06 20 11:00 11:59 61 1211 0073 10.84 1 2452 1 20140702130741 00034
00000151 2014 06 23 11:00 11:59 61 1211 0073 10.84 1 2452 1 20140702130741 00034
00000151 2014 06 27 11:00 11:59 61 1211 0073 10.84 1 2452 1 20140702130741 00034
00000151 2014 06 30 10:00 10:59 61 1211 0073 10.84 1 2452 1 20140701100351 00078
00000151 2014 06 30 11:00 11:59 61 1211 0073 10.84 1 2452 1 20140702130741 00034
00000151 2014 07 04 11:00 11:59 61 1211 0073 10.84 1 2452 1 20140731150824 00038
00000151 2014 07 07 16:10 16:49 61 1211 0073 10.84 1 2452 1 20140731150824 00038
00000151 2014 07 14 16:20 17:09 61 1211 0073 10.84 1 2452 1 20140731150824 00038
00000151 2014 07 18 11:00 11:59 61 1211 0073 10.84 1 2452 1 20140731150824 00038
00000151 2014 07 21 16:30 17:14 61 1211 0073 10.84 1 2452 1 20140731150824 00038
00000151 2014 07 25 10:30 10:59 61 1211 0073 10.84 1 2452 1 20140731150824 00038
00000151 2014 07 28 16:10 16:49 61 1211 0073 10.84 1 2452 1 20140731150824 00038
