000000162013091 00000016 2013 09 20 61 1111 09:30 10:30 0073 1 1220 0 _ _ 1 1 20140625140752 24
000000162013092 00000016 2013 09 07 61 1111 10:45 11:44 0073 1 1220 0 _ _ 1 1 20140625140752 24
000000162013092 00000016 2013 09 14 61 1111 10:45 11:44 0073 1 1220 0 _ _ 1 1 20140625140752 24
000000162013092 00000016 2013 09 28 61 1111 10:45 11:44 0073 1 1220 0 _ _ 1 1 20140625140752 24
000000162013101 00000016 2013 10 05 61 1111 10:45 11:44 0073 1 1220 0 _ _ 1 1 20140625141055 24
000000162013101 00000016 2013 10 12 61 1111 10:45 11:44 0073 1 1220 0 _ _ 1 1 20140625141055 24
000000162013101 00000016 2013 10 19 61 1111 10:45 11:44 0073 1 1220 0 _ _ 1 1 20140625141055 24
000000162013101 00000016 2013 10 26 61 1111 10:45 11:44 0073 1 1220 0 _ _ 1 1 20140625141055 24
000000162013111 00000016 2013 11 02 61 1111 10:45 11:44 0073 1 1220 0 _ _ 1 1 20140625142027 24
000000162013111 00000016 2013 11 09 61 1111 10:45 11:44 0073 1 1220 0 _ _ 1 1 20140625142027 24
000000162013111 00000016 2013 11 16 61 1111 10:45 11:44 0073 1 1220 0 _ _ 1 1 20140625142027 24
000000162013111 00000016 2013 11 30 61 1111 10:45 11:44 0073 1 1220 0 _ _ 1 1 20140625142027 24
000000162013112 00000016 2013 11 24 61 1111 15:30 16:30 0073 1 1220 0 _ _ 1 1 20140625142027 24
000000162013112 00000016 2013 11 30 61 1111 15:30 16:30 0073 1 1220 0 _ _ 1 1 20140625142027 24
000000162013121 00000016 2013 12 07 61 1111 10:45 11:44 0073 1 1220 0 _ _ 1 1 20140625142418 24
000000162013121 00000016 2013 12 14 61 1111 10:45 11:44 0073 1 1220 0 _ _ 1 1 20140625142418 24
000000162013121 00000016 2013 12 21 61 1111 10:45 11:44 0073 1 1220 0 _ _ 1 1 20140625142418 24
000000162013121 00000016 2013 12 28 61 1111 10:45 11:44 0073 1 1220 0 _ _ 1 1 20140625142418 24
000000162014011 00000016 2014 01 04 61 1111 10:45 11:44 0073 1 1220 0 _ _ 1 1 20140618155328 78
000000162014011 00000016 2014 01 11 61 1111 10:45 11:44 0073 1 1220 0 _ _ 1 1 20140618155328 78
000000162014011 00000016 2014 01 18 61 1111 10:45 11:44 0073 1 1220 0 _ _ 1 1 20140618155328 78
000000162014011 00000016 2014 01 25 61 1111 10:45 11:44 0073 1 1220 0 _ _ 1 1 20140618155328 78
000000162014021 00000016 2014 02 01 61 1111 10:45 11:44 0073 1 1220 0 _ _ 1 1 20140618155351 78
000000162014021 00000016 2014 02 08 61 1111 10:45 11:44 0073 1 1220 0 _ _ 1 1 20140618155351 78
000000162014021 00000016 2014 02 15 61 1111 10:45 11:44 0073 1 1220 0 _ _ 1 1 20140618155351 78
000000162014021 00000016 2014 02 22 61 1111 10:45 11:44 0073 1 1220 0 _ _ 1 1 20140618155351 78
000000162014031 00000016 2014 03 01 61 1111 10:45 11:44 0073 1 1220 0 _ _ 1 1 20140618155443 78
000000162014031 00000016 2014 03 08 61 1111 10:45 11:44 0073 1 1220 0 _ _ 1 1 20140618155443 78
000000162014031 00000016 2014 03 15 61 1111 10:45 11:44 0073 1 1220 0 _ _ 1 1 20140618155443 78
000000162014032 00000016 2014 03 25 61 1111 09:30 10:30 0073 1 1220 0 _ _ 1 1 20140618155443 78
000000162014041 00000016 2014 04 05 61 1111 10:45 11:44 0073 1 1226 0 _ _ 1 1 20140618155510 78
000000162014041 00000016 2014 04 12 61 1111 10:45 11:44 0073 1 1226 0 _ _ 1 1 20140618155510 78
000000162014041 00000016 2014 04 19 61 1111 10:45 11:44 0073 1 1226 0 _ _ 1 1 20140618155510 78
000000162014041 00000016 2014 04 26 61 1111 10:45 11:44 0073 1 1226 0 _ _ 1 1 20140618155510 78
000000162014051 00000016 2014 05 03 61 1111 10:45 11:44 0073 1 1226 0 _ _ 1 1 20140620115848 24
000000162014051 00000016 2014 05 10 61 1111 10:45 11:44 0073 1 1226 0 _ _ 1 1 20140620115848 24
000000162014051 00000016 2014 05 17 61 1111 10:45 11:44 0073 1 1226 0 _ _ 1 1 20140620115848 24
000000162014051 00000016 2014 05 24 61 1111 10:45 11:44 0073 1 1226 0 _ _ 1 1 20140620115848 24
000000162014051 00000016 2014 05 31 61 1111 10:45 11:44 0073 1 1226 0 _ _ 1 1 20140620115848 24
