00000060 2012 05 00030 1 20140806183921 00030
00000060 2012 06 00030 1 20140806184946 00030
00000060 2012 07 00030 1 20140807105431 00030
00000060 2012 08 00030 1 20140807111203 00030
00000060 2012 09 00030 1 20140807112201 00030
00000060 2012 10 00030 1 20140807113023 00030
00000060 2012 11 00030 1 20140807113939 00030
00000060 2012 12 00030 1 20140807115123 00030
00000060 2013 01 00030 1 20140723165526 00030
00000060 2013 02 00030 1 20140723170102 00030
00000060 2013 03 00030 1 20140723170738 00030
00000060 2013 04 00030 1 20140723171518 00030
