00000219 20120119 20120119 中澤　絢子 本人 1 2014052800000000 00078
00000219 20120119 20120119 富田 身元引受人 1 2014052800000000 00078
00000219 20120119 20120119 藤江（書面にて） 主治医（はなクリニック） 1 2014052800000000 00078
00000219 20120119 20120119 浦 訪問介護（せいわ訪問介護） 1 2014052800000000 00078
00000219 20120119 20120119 中原 訪問看護（成城訪問看護ステーション） 1 2014052800000000 00078
00000219 20120119 20120119 山口 訪問看護（成城訪問看護ステーション） 1 2014052800000000 00078
00000219 20120119 20120119 山本 ケアマネ 1 2014052800000000 00078
00000219 20120124 20120129 中澤　絢子 本人 1 2014052800000000 00078
00000219 20120124 20120129 浦 訪問介護（せいわ訪問介護） 1 2014052800000000 00078
00000219 20120124 20120129 佐藤 ＧＣ成城支配人 1 2014052800000000 00078
00000219 20120124 20120129 山本 ケアマネ 1 2014052800000000 00078
00000219 20120124 20120321 浦 訪問介護（せいわ訪問介護） 1 2014052800000000 00078
00000219 20120124 20120321 山本 ケアマネ 1 2014052800000000 00078
00000219 20120322 20120324 中澤　絢子 本人 1 2014052800000000 00078
00000219 20120322 20120324 浦 訪問介護（せいわ訪問介護） 1 2014052800000000 00078
00000219 20120322 20120324 佐藤 ＧＣ成城支配人 1 2014052800000000 00078
00000219 20120322 20120324 山本 ケアマネ 1 2014052800000000 00078
00000219 20120401 20120425 石毛 訪問看護ステーション芦花 1 2014052800000000 00078
00000219 20120401 20120425 浦 訪問介護（せいわ訪問介護） 1 2014052800000000 00078
00000219 20120401 20120425 吉飼 訪問看護ステーション芦花 1 2014052800000000 00078
00000219 20120401 20120425 佐藤 ＧＣ成城支配人 1 2014052800000000 00078
00000219 20120401 20120425 土屋 ＧＣ成城ケアレジデンス施設長 1 2014052800000000 00078
00000219 20120401 20120425 山崎 同ケアレジデンス看護師リーダー 1 2014052800000000 00078
00000219 20120401 20120425 山本 ケアマネ 1 2014052800000000 00078
00000219 20120401 20120425 （藤江） 主治医（成城はなクリニック） 1 2014052800000000 00078
00000219 20120401 20120725 生田 訪問看護ステーション芦花 1 2014052800000000 00078
00000219 20120401 20120725 浦 訪問介護（せいわ訪問介護） 1 2014052800000000 00078
00000219 20120401 20120725 佐藤 ＧＣ成城支配人 1 2014052800000000 00078
00000219 20120401 20120725 関 ＧＣ成城生活相談員 1 2014052800000000 00078
00000219 20120401 20120725 山本 ケアマネ 1 2014052800000000 00078
00000219 20120401 20120725 （富田） 身元引受人 1 2014052800000000 00078
00000219 20120401 20120725 （藤江） 主治医（成城はなクリニック） 1 2014052800000000 00078
00000219 20120401 20120725 （原） 文京区介護保険課 1 2014052800000000 00078
00000219 20120730 20120828 浦 訪問介護（せいわ訪問介護） 1 2014052800000000 00078
00000219 20120730 20120828 吉住 福祉用具（レンティケア） 1 2014052800000000 00078
00000219 20120730 20120828 佐藤 ＧＣ成城支配人 1 2014052800000000 00078
00000219 20120730 20120828 関 ＧＣ成城生活相談員 1 2014052800000000 00078
00000219 20120730 20120828 山本 ケアマネ 1 2014052800000000 00078
00000219 20120825 20130403 浦　様 チェルシー訪問介護事業所 1 2014052800000000 00078
00000219 20120825 20130403 _ 訪問看護ステーション 1 2014052800000000 00078
00000219 20120825 20130403 土屋　真知子 グランクレール・ケアサービス馬事公苑 1 2014052800000000 00078
00000219 20120825 20130403 藤江Dr（主治医） はなクリニック　 1 2014052800000000 00078
