1 72 1141 認知症通所介護Ⅰⅰ１１・時減 120 180 1 1 1 3 371 d
2 72 1142 認知症通所介護Ⅰⅰ１２・時減 120 180 1 1 1 4 408 d
3 72 1143 認知症通所介護Ⅰⅰ１３・時減 120 180 1 1 1 5 446 d
4 72 1144 認知症通所介護Ⅰⅰ１４・時減 120 180 1 1 1 6 484 d
5 72 1145 認知症通所介護Ⅰⅰ１５・時減 120 180 1 1 1 7 521 d
6 72 1241 認知症通所介護Ⅰⅰ１１ 180 300 1 1 1 3 589 d
7 72 1242 認知症通所介護Ⅰⅰ１２ 180 300 1 1 1 4 648 d
8 72 1243 認知症通所介護Ⅰⅰ１３ 180 300 1 1 1 5 708 d
9 72 1244 認知症通所介護Ⅰⅰ１４ 180 300 1 1 1 6 768 d
10 72 1245 認知症通所介護Ⅰⅰ１５ 180 300 1 1 1 7 827 d
11 72 1341 認知症通所介護Ⅰⅰ２１ 300 420 1 1 1 3 904 d
12 72 1342 認知症通所介護Ⅰⅰ２２ 300 420 1 1 1 4 1001 d
13 72 1343 認知症通所介護Ⅰⅰ２３ 300 420 1 1 1 5 1097 d
14 72 1344 認知症通所介護Ⅰⅰ２４ 300 420 1 1 1 6 1194 d
15 72 1345 認知症通所介護Ⅰⅰ２５ 300 420 1 1 1 7 1291 d
16 72 1441 認知症通所介護Ⅰⅰ３１ 420 540 1 1 1 3 1030 d
17 72 1442 認知症通所介護Ⅰⅰ３２ 420 540 1 1 1 4 1141 d
18 72 1443 認知症通所介護Ⅰⅰ３３ 420 540 1 1 1 5 1253 d
19 72 1444 認知症通所介護Ⅰⅰ３４ 420 540 1 1 1 6 1365 d
20 72 1445 認知症通所介護Ⅰⅰ３５ 420 540 1 1 1 7 1477 d
21 72 1541 認知症通所介護Ⅰⅰ３１・延１ 540 600 1 1 1 3 1080 d
22 72 1542 認知症通所介護Ⅰⅰ３２・延１ 540 600 1 1 1 4 1191 d
23 72 1543 認知症通所介護Ⅰⅰ３３・延１ 540 600 1 1 1 5 1303 d
24 72 1544 認知症通所介護Ⅰⅰ３４・延１ 540 600 1 1 1 6 1415 d
25 72 1545 認知症通所介護Ⅰⅰ３５・延１ 540 600 1 1 1 7 1527 d
26 72 1641 認知症通所介護Ⅰⅰ３１・延２ 600 660 1 1 1 3 1130 d
27 72 1642 認知症通所介護Ⅰⅰ３２・延２ 600 660 1 1 1 4 1241 d
28 72 1643 認知症通所介護Ⅰⅰ３３・延２ 600 660 1 1 1 5 1353 d
29 72 1644 認知症通所介護Ⅰⅰ３４・延２ 600 660 1 1 1 6 1465 d
30 72 1645 認知症通所介護Ⅰⅰ３５・延２ 600 660 1 1 1 7 1577 d
31 72 1741 認知症通所介護Ⅰⅰ３１・延３ 660 720 1 1 1 3 1180 d
32 72 1742 認知症通所介護Ⅰⅰ３２・延３ 660 720 1 1 1 4 1291 d
33 72 1743 認知症通所介護Ⅰⅰ３３・延３ 660 720 1 1 1 5 1403 d
34 72 1744 認知症通所介護Ⅰⅰ３４・延３ 660 720 1 1 1 6 1515 d
35 72 1745 認知症通所介護Ⅰⅰ３５・延３ 660 720 1 1 1 7 1627 d
36 72 2141 認知症通所介護Ⅰⅱ１１・時減 120 180 2 1 1 3 336 d
37 72 2142 認知症通所介護Ⅰⅱ１２・時減 120 180 2 1 1 4 369 d
38 72 2143 認知症通所介護Ⅰⅱ１３・時減 120 180 2 1 1 5 403 d
39 72 2144 認知症通所介護Ⅰⅱ１４・時減 120 180 2 1 1 6 437 d
40 72 2145 認知症通所介護Ⅰⅱ１５・時減 120 180 2 1 1 7 470 d
41 72 2241 認知症通所介護Ⅰⅱ１１ 180 300 2 1 1 3 533 d
42 72 2242 認知症通所介護Ⅰⅱ１２ 180 300 2 1 1 4 586 d
43 72 2243 認知症通所介護Ⅰⅱ１３ 180 300 2 1 1 5 639 d
44 72 2244 認知症通所介護Ⅰⅱ１４ 180 300 2 1 1 6 693 d
45 72 2245 認知症通所介護Ⅰⅱ１５ 180 300 2 1 1 7 746 d
46 72 2341 認知症通所介護Ⅰⅱ２１ 300 420 2 1 1 3 813 d
47 72 2342 認知症通所介護Ⅰⅱ２２ 300 420 2 1 1 4 899 d
48 72 2343 認知症通所介護Ⅰⅱ２３ 300 420 2 1 1 5 986 d
49 72 2344 認知症通所介護Ⅰⅱ２４ 300 420 2 1 1 6 1072 d
50 72 2345 認知症通所介護Ⅰⅱ２５ 300 420 2 1 1 7 1159 d
51 72 2441 認知症通所介護Ⅰⅱ３１ 420 540 2 1 1 3 924 d
52 72 2442 認知症通所介護Ⅰⅱ３２ 420 540 2 1 1 4 1024 d
53 72 2443 認知症通所介護Ⅰⅱ３３ 420 540 2 1 1 5 1124 d
54 72 2444 認知症通所介護Ⅰⅱ３４ 420 540 2 1 1 6 1224 d
55 72 2445 認知症通所介護Ⅰⅱ３５ 420 540 2 1 1 7 1324 d
56 72 2541 認知症通所介護Ⅰⅱ３１・延１ 540 600 2 1 1 3 974 d
57 72 2542 認知症通所介護Ⅰⅱ３２・延１ 540 600 2 1 1 4 1074 d
58 72 2543 認知症通所介護Ⅰⅱ３３・延１ 540 600 2 1 1 5 1174 d
59 72 2544 認知症通所介護Ⅰⅱ３４・延１ 540 600 2 1 1 6 1274 d
60 72 2545 認知症通所介護Ⅰⅱ３５・延１ 540 600 2 1 1 7 1374 d
61 72 2641 認知症通所介護Ⅰⅱ３１・延２ 600 660 2 1 1 3 1024 d
62 72 2642 認知症通所介護Ⅰⅱ３２・延２ 600 660 2 1 1 4 1124 d
63 72 2643 認知症通所介護Ⅰⅱ３３・延２ 600 660 2 1 1 5 1224 d
64 72 2644 認知症通所介護Ⅰⅱ３４・延２ 600 660 2 1 1 6 1324 d
65 72 2645 認知症通所介護Ⅰⅱ３５・延２ 600 660 2 1 1 7 1424 d
66 72 2741 認知症通所介護Ⅰⅱ３１・延３ 660 720 2 1 1 3 1074 d
67 72 2742 認知症通所介護Ⅰⅱ３２・延３ 660 720 2 1 1 4 1174 d
68 72 2743 認知症通所介護Ⅰⅱ３３・延３ 660 720 2 1 1 5 1274 d
69 72 2744 認知症通所介護Ⅰⅱ３４・延３ 660 720 2 1 1 6 1374 d
70 72 2745 認知症通所介護Ⅰⅱ３５・延３ 660 720 2 1 1 7 1474 d
71 72 3141 認知症通所介護Ⅱ１１・時減 120 180 3 1 1 3 169 d
72 72 3142 認知症通所介護Ⅱ１２・時減 120 180 3 1 1 4 175 d
73 72 3143 認知症通所介護Ⅱ１３・時減 120 180 3 1 1 5 181 d
74 72 3144 認知症通所介護Ⅱ１４・時減 120 180 3 1 1 6 187 d
75 72 3145 認知症通所介護Ⅱ１５・時減 120 180 3 1 1 7 193 d
76 72 3241 認知症通所介護Ⅱ１１ 180 300 3 1 1 3 268 d
77 72 3242 認知症通所介護Ⅱ１２ 180 300 3 1 1 4 278 d
78 72 3243 認知症通所介護Ⅱ１３ 180 300 3 1 1 5 287 d
79 72 3244 認知症通所介護Ⅱ１４ 180 300 3 1 1 6 297 d
80 72 3245 認知症通所介護Ⅱ１５ 180 300 3 1 1 7 307 d
81 72 3341 認知症通所介護Ⅱ２１ 300 420 3 1 1 3 436 d
82 72 3342 認知症通所介護Ⅱ２２ 300 420 3 1 1 4 451 d
83 72 3343 認知症通所介護Ⅱ２３ 300 420 3 1 1 5 467 d
84 72 3344 認知症通所介護Ⅱ２４ 300 420 3 1 1 6 483 d
85 72 3345 認知症通所介護Ⅱ２５ 300 420 3 1 1 7 499 d
86 72 3441 認知症通所介護Ⅱ３１ 420 540 3 1 1 3 503 d
87 72 3442 認知症通所介護Ⅱ３２ 420 540 3 1 1 4 521 d
88 72 3443 認知症通所介護Ⅱ３３ 420 540 3 1 1 5 539 d
89 72 3444 認知症通所介護Ⅱ３４ 420 540 3 1 1 6 557 d
90 72 3445 認知症通所介護Ⅱ３５ 420 540 3 1 1 7 575 d
91 72 3541 認知症通所介護Ⅱ３１・延１ 540 600 3 1 1 3 553 d
92 72 3542 認知症通所介護Ⅱ３２・延１ 540 600 3 1 1 4 571 d
93 72 3543 認知症通所介護Ⅱ３３・延１ 540 600 3 1 1 5 589 d
94 72 3544 認知症通所介護Ⅱ３４・延１ 540 600 3 1 1 6 607 d
95 72 3545 認知症通所介護Ⅱ３５・延１ 540 600 3 1 1 7 625 d
96 72 3641 認知症通所介護Ⅱ３１・延２ 600 660 3 1 1 3 603 d
97 72 3642 認知症通所介護Ⅱ３２・延２ 600 660 3 1 1 4 621 d
98 72 3643 認知症通所介護Ⅱ３３・延２ 600 660 3 1 1 5 639 d
99 72 3644 認知症通所介護Ⅱ３４・延２ 600 660 3 1 1 6 657 d
100 72 3645 認知症通所介護Ⅱ３５・延２ 600 660 3 1 1 7 675 d
101 72 3741 認知症通所介護Ⅱ３１・延３ 660 720 3 1 1 3 653 d
102 72 3742 認知症通所介護Ⅱ３２・延３ 660 720 3 1 1 4 671 d
103 72 3743 認知症通所介護Ⅱ３３・延３ 660 720 3 1 1 5 689 d
104 72 3744 認知症通所介護Ⅱ３４・延３ 660 720 3 1 1 6 707 d
105 72 3745 認知症通所介護Ⅱ３５・延３ 660 720 3 1 1 7 725 d
106 72 8401 認知通所介護Ⅰⅰ１１・定超・時減 120 180 1 2 1 3 260 d
107 72 8402 認知通所介護Ⅰⅰ１２・定超・時減 120 180 1 2 1 4 286 d
108 72 8403 認知通所介護Ⅰⅰ１３・定超・時減 120 180 1 2 1 5 312 d
109 72 8404 認知通所介護Ⅰⅰ１４・定超・時減 120 180 1 2 1 6 339 d
110 72 8405 認知通所介護Ⅰⅰ１５・定超・時減 120 180 1 2 1 7 365 d
111 72 8411 認知通所介護Ⅰⅰ１１・定超 180 300 1 2 1 3 412 d
112 72 8412 認知通所介護Ⅰⅰ１２・定超 180 300 1 2 1 4 454 d
113 72 8413 認知通所介護Ⅰⅰ１３・定超 180 300 1 2 1 5 496 d
114 72 8414 認知通所介護Ⅰⅰ１４・定超 180 300 1 2 1 6 538 d
115 72 8415 認知通所介護Ⅰⅰ１５・定超 180 300 1 2 1 7 579 d
116 72 8421 認知通所介護Ⅰⅰ２１・定超 300 420 1 2 1 3 633 d
117 72 8422 認知通所介護Ⅰⅰ２２・定超 300 420 1 2 1 4 701 d
118 72 8423 認知通所介護Ⅰⅰ２３・定超 300 420 1 2 1 5 768 d
119 72 8424 認知通所介護Ⅰⅰ２４・定超 300 420 1 2 1 6 836 d
120 72 8425 認知通所介護Ⅰⅰ２５・定超 300 420 1 2 1 7 904 d
121 72 8431 認知通所介護Ⅰⅰ３１・定超 420 540 1 2 1 3 721 d
122 72 8432 認知通所介護Ⅰⅰ３２・定超 420 540 1 2 1 4 799 d
123 72 8433 認知通所介護Ⅰⅰ３３・定超 420 540 1 2 1 5 877 d
124 72 8434 認知通所介護Ⅰⅰ３４・定超 420 540 1 2 1 6 956 d
125 72 8435 認知通所介護Ⅰⅰ３５・定超 420 540 1 2 1 7 1034 d
126 72 8441 認知通所介護Ⅰⅰ３１・定超・延１ 540 600 1 2 1 3 771 d
127 72 8442 認知通所介護Ⅰⅰ３２・定超・延１ 540 600 1 2 1 4 849 d
128 72 8443 認知通所介護Ⅰⅰ３３・定超・延１ 540 600 1 2 1 5 927 d
129 72 8444 認知通所介護Ⅰⅰ３４・定超・延１ 540 600 1 2 1 6 1006 d
130 72 8445 認知通所介護Ⅰⅰ３５・定超・延１ 540 600 1 2 1 7 1084 d
131 72 8451 認知通所介護Ⅰⅰ３１・定超・延２ 600 660 1 2 1 3 821 d
132 72 8452 認知通所介護Ⅰⅰ３２・定超・延２ 600 660 1 2 1 4 899 d
133 72 8453 認知通所介護Ⅰⅰ３３・定超・延２ 600 660 1 2 1 5 977 d
134 72 8454 認知通所介護Ⅰⅰ３４・定超・延２ 600 660 1 2 1 6 1056 d
135 72 8455 認知通所介護Ⅰⅰ３５・定超・延２ 600 660 1 2 1 7 1134 d
136 72 8461 認知通所介護Ⅰⅰ３１・定超・延３ 660 720 1 2 1 3 871 d
137 72 8462 認知通所介護Ⅰⅰ３２・定超・延３ 660 720 1 2 1 4 949 d
138 72 8463 認知通所介護Ⅰⅰ３３・定超・延３ 660 720 1 2 1 5 1027 d
139 72 8464 認知通所介護Ⅰⅰ３４・定超・延３ 660 720 1 2 1 6 1106 d
140 72 8465 認知通所介護Ⅰⅰ３５・定超・延３ 660 720 1 2 1 7 1184 d
141 72 8501 認知通所介護Ⅰⅱ１１・定超・時減 120 180 2 2 1 3 235 d
142 72 8502 認知通所介護Ⅰⅱ１２・定超・時減 120 180 2 2 1 4 258 d
143 72 8503 認知通所介護Ⅰⅱ１３・定超・時減 120 180 2 2 1 5 282 d
144 72 8504 認知通所介護Ⅰⅱ１４・定超・時減 120 180 2 2 1 6 306 d
145 72 8505 認知通所介護Ⅰⅱ１５・定超・時減 120 180 2 2 1 7 329 d
146 72 8511 認知通所介護Ⅰⅱ１１・定超 180 300 2 2 1 3 373 d
147 72 8512 認知通所介護Ⅰⅱ１２・定超 180 300 2 2 1 4 410 d
148 72 8513 認知通所介護Ⅰⅱ１３・定超 180 300 2 2 1 5 447 d
149 72 8514 認知通所介護Ⅰⅱ１４・定超 180 300 2 2 1 6 485 d
150 72 8515 認知通所介護Ⅰⅱ１５・定超 180 300 2 2 1 7 522 d
151 72 8521 認知通所介護Ⅰⅱ２１・定超 300 420 2 2 1 3 569 d
152 72 8522 認知通所介護Ⅰⅱ２２・定超 300 420 2 2 1 4 629 d
153 72 8523 認知通所介護Ⅰⅱ２３・定超 300 420 2 2 1 5 690 d
154 72 8524 認知通所介護Ⅰⅱ２４・定超 300 420 2 2 1 6 750 d
155 72 8525 認知通所介護Ⅰⅱ２５・定超 300 420 2 2 1 7 811 d
156 72 8531 認知通所介護Ⅰⅱ３１・定超 420 540 2 2 1 3 647 d
157 72 8532 認知通所介護Ⅰⅱ３２・定超 420 540 2 2 1 4 717 d
158 72 8533 認知通所介護Ⅰⅱ３３・定超 420 540 2 2 1 5 787 d
159 72 8534 認知通所介護Ⅰⅱ３４・定超 420 540 2 2 1 6 857 d
160 72 8535 認知通所介護Ⅰⅱ３５・定超 420 540 2 2 1 7 927 d
161 72 8541 認知通所介護Ⅰⅱ３１・定超・延１ 540 600 2 2 1 3 697 d
162 72 8542 認知通所介護Ⅰⅱ３２・定超・延１ 540 600 2 2 1 4 767 d
163 72 8543 認知通所介護Ⅰⅱ３３・定超・延１ 540 600 2 2 1 5 837 d
164 72 8544 認知通所介護Ⅰⅱ３４・定超・延１ 540 600 2 2 1 6 907 d
165 72 8545 認知通所介護Ⅰⅱ３５・定超・延１ 540 600 2 2 1 7 977 d
166 72 8551 認知通所介護Ⅰⅱ３１・定超・延２ 600 660 2 2 1 3 747 d
167 72 8552 認知通所介護Ⅰⅱ３２・定超・延２ 600 660 2 2 1 4 817 d
168 72 8553 認知通所介護Ⅰⅱ３３・定超・延２ 600 660 2 2 1 5 887 d
169 72 8554 認知通所介護Ⅰⅱ３４・定超・延２ 600 660 2 2 1 6 957 d
170 72 8555 認知通所介護Ⅰⅱ３５・定超・延２ 600 660 2 2 1 7 1027 d
171 72 8561 認知通所介護Ⅰⅱ３１・定超・延３ 660 720 2 2 1 3 797 d
172 72 8562 認知通所介護Ⅰⅱ３２・定超・延３ 660 720 2 2 1 4 867 d
173 72 8563 認知通所介護Ⅰⅱ３３・定超・延３ 660 720 2 2 1 5 937 d
174 72 8564 認知通所介護Ⅰⅱ３４・定超・延３ 660 720 2 2 1 6 1007 d
175 72 8565 認知通所介護Ⅰⅱ３５・定超・延３ 660 720 2 2 1 7 1077 d
176 72 8601 認知通所介護Ⅱ１１・定超・時減 120 180 3 2 1 3 118 d
177 72 8602 認知通所介護Ⅱ１２・定超・時減 120 180 3 2 1 4 123 d
178 72 8603 認知通所介護Ⅱ１３・定超・時減 120 180 3 2 1 5 127 d
179 72 8604 認知通所介護Ⅱ１４・定超・時減 120 180 3 2 1 6 131 d
180 72 8605 認知通所介護Ⅱ１５・定超・時減 120 180 3 2 1 7 135 d
181 72 8611 認知通所介護Ⅱ１１・定超 180 300 3 2 1 3 188 d
182 72 8612 認知通所介護Ⅱ１２・定超 180 300 3 2 1 4 195 d
183 72 8613 認知通所介護Ⅱ１３・定超 180 300 3 2 1 5 201 d
184 72 8614 認知通所介護Ⅱ１４・定超 180 300 3 2 1 6 208 d
185 72 8615 認知通所介護Ⅱ１５・定超 180 300 3 2 1 7 215 d
186 72 8621 認知通所介護Ⅱ２１・定超 300 420 3 2 1 3 305 d
187 72 8622 認知通所介護Ⅱ２２・定超 300 420 3 2 1 4 316 d
188 72 8623 認知通所介護Ⅱ２３・定超 300 420 3 2 1 5 327 d
189 72 8624 認知通所介護Ⅱ２４・定超 300 420 3 2 1 6 338 d
190 72 8625 認知通所介護Ⅱ２５・定超 300 420 3 2 1 7 349 d
191 72 8631 認知通所介護Ⅱ３１・定超 420 540 3 2 1 3 352 d
192 72 8632 認知通所介護Ⅱ３２・定超 420 540 3 2 1 4 365 d
193 72 8633 認知通所介護Ⅱ３３・定超 420 540 3 2 1 5 377 d
194 72 8634 認知通所介護Ⅱ３４・定超 420 540 3 2 1 6 390 d
195 72 8635 認知通所介護Ⅱ３５・定超 420 540 3 2 1 7 403 d
196 72 8641 認知通所介護Ⅱ３１・定超・延１ 540 600 3 2 1 3 402 d
197 72 8642 認知通所介護Ⅱ３２・定超・延１ 540 600 3 2 1 4 415 d
198 72 8643 認知通所介護Ⅱ３３・定超・延１ 540 600 3 2 1 5 427 d
199 72 8644 認知通所介護Ⅱ３４・定超・延１ 540 600 3 2 1 6 440 d
200 72 8645 認知通所介護Ⅱ３５・定超・延１ 540 600 3 2 1 7 453 d
201 72 8651 認知通所介護Ⅱ３１・定超・延２ 600 660 3 2 1 3 452 d
202 72 8652 認知通所介護Ⅱ３２・定超・延２ 600 660 3 2 1 4 465 d
203 72 8653 認知通所介護Ⅱ３３・定超・延２ 600 660 3 2 1 5 477 d
204 72 8654 認知通所介護Ⅱ３４・定超・延２ 600 660 3 2 1 6 490 d
205 72 8655 認知通所介護Ⅱ３５・定超・延２ 600 660 3 2 1 7 503 d
206 72 8661 認知通所介護Ⅱ３１・定超・延３ 660 720 3 2 1 3 502 d
207 72 8662 認知通所介護Ⅱ３２・定超・延３ 660 720 3 2 1 4 515 d
208 72 8663 認知通所介護Ⅱ３３・定超・延３ 660 720 3 2 1 5 527 d
209 72 8664 認知通所介護Ⅱ３４・定超・延３ 660 720 3 2 1 6 540 d
210 72 8665 認知通所介護Ⅱ３５・定超・延３ 660 720 3 2 1 7 553 d
211 72 9401 認知通所介護Ⅰⅰ１１・人欠・時減 120 180 1 1 2 3 260 d
212 72 9402 認知通所介護Ⅰⅰ１２・人欠・時減 120 180 1 1 2 4 286 d
213 72 9403 認知通所介護Ⅰⅰ１３・人欠・時減 120 180 1 1 2 5 312 d
214 72 9404 認知通所介護Ⅰⅰ１４・人欠・時減 120 180 1 1 2 6 339 d
215 72 9405 認知通所介護Ⅰⅰ１５・人欠・時減 120 180 1 1 2 7 365 d
216 72 9411 認知通所介護Ⅰⅰ１１・人欠 180 300 1 1 2 3 412 d
217 72 9412 認知通所介護Ⅰⅰ１２・人欠 180 300 1 1 2 4 454 d
218 72 9413 認知通所介護Ⅰⅰ１３・人欠 180 300 1 1 2 5 496 d
219 72 9414 認知通所介護Ⅰⅰ１４・人欠 180 300 1 1 2 6 538 d
220 72 9415 認知通所介護Ⅰⅰ１５・人欠 180 300 1 1 2 7 579 d
221 72 9421 認知通所介護Ⅰⅰ２１・人欠 300 420 1 1 2 3 633 d
222 72 9422 認知通所介護Ⅰⅰ２２・人欠 300 420 1 1 2 4 701 d
223 72 9423 認知通所介護Ⅰⅰ２３・人欠 300 420 1 1 2 5 768 d
224 72 9424 認知通所介護Ⅰⅰ２４・人欠 300 420 1 1 2 6 836 d
225 72 9425 認知通所介護Ⅰⅰ２５・人欠 300 420 1 1 2 7 904 d
226 72 9431 認知通所介護Ⅰⅰ３１・人欠 420 540 1 1 2 3 721 d
227 72 9432 認知通所介護Ⅰⅰ３２・人欠 420 540 1 1 2 4 799 d
228 72 9433 認知通所介護Ⅰⅰ３３・人欠 420 540 1 1 2 5 877 d
229 72 9434 認知通所介護Ⅰⅰ３４・人欠 420 540 1 1 2 6 956 d
230 72 9435 認知通所介護Ⅰⅰ３５・人欠 420 540 1 1 2 7 1034 d
231 72 9441 認知通所介護Ⅰⅰ３１・人欠・延１ 540 600 1 1 2 3 771 d
232 72 9442 認知通所介護Ⅰⅰ３２・人欠・延１ 540 600 1 1 2 4 849 d
233 72 9443 認知通所介護Ⅰⅰ３３・人欠・延１ 540 600 1 1 2 5 927 d
234 72 9444 認知通所介護Ⅰⅰ３４・人欠・延１ 540 600 1 1 2 6 1006 d
235 72 9445 認知通所介護Ⅰⅰ３５・人欠・延１ 540 600 1 1 2 7 1084 d
236 72 9451 認知通所介護Ⅰⅰ３１・人欠・延２ 600 660 1 1 2 3 821 d
237 72 9452 認知通所介護Ⅰⅰ３２・人欠・延２ 600 660 1 1 2 4 899 d
238 72 9453 認知通所介護Ⅰⅰ３３・人欠・延２ 600 660 1 1 2 5 977 d
239 72 9454 認知通所介護Ⅰⅰ３４・人欠・延２ 600 660 1 1 2 6 1056 d
240 72 9455 認知通所介護Ⅰⅰ３５・人欠・延２ 600 660 1 1 2 7 1134 d
241 72 9461 認知通所介護Ⅰⅰ３１・人欠・延３ 660 720 1 1 2 3 871 d
242 72 9462 認知通所介護Ⅰⅰ３２・人欠・延３ 660 720 1 1 2 4 949 d
243 72 9463 認知通所介護Ⅰⅰ３３・人欠・延３ 660 720 1 1 2 5 1027 d
244 72 9464 認知通所介護Ⅰⅰ３４・人欠・延３ 660 720 1 1 2 6 1106 d
245 72 9465 認知通所介護Ⅰⅰ３５・人欠・延３ 660 720 1 1 2 7 1184 d
246 72 9501 認知通所介護Ⅰⅱ１１・人欠・時減 120 180 2 1 2 3 235 d
247 72 9502 認知通所介護Ⅰⅱ１２・人欠・時減 120 180 2 1 2 4 258 d
248 72 9503 認知通所介護Ⅰⅱ１３・人欠・時減 120 180 2 1 2 5 282 d
249 72 9504 認知通所介護Ⅰⅱ１４・人欠・時減 120 180 2 1 2 6 306 d
250 72 9505 認知通所介護Ⅰⅱ１５・人欠・時減 120 180 2 1 2 7 329 d
251 72 9511 認知通所介護Ⅰⅱ１１・人欠 180 300 2 1 2 3 373 d
252 72 9512 認知通所介護Ⅰⅱ１２・人欠 180 300 2 1 2 4 410 d
253 72 9513 認知通所介護Ⅰⅱ１３・人欠 180 300 2 1 2 5 447 d
254 72 9514 認知通所介護Ⅰⅱ１４・人欠 180 300 2 1 2 6 485 d
255 72 9515 認知通所介護Ⅰⅱ１５・人欠 180 300 2 1 2 7 522 d
256 72 9521 認知通所介護Ⅰⅱ２１・人欠 300 420 2 1 2 3 569 d
257 72 9522 認知通所介護Ⅰⅱ２２・人欠 300 420 2 1 2 4 629 d
258 72 9523 認知通所介護Ⅰⅱ２３・人欠 300 420 2 1 2 5 690 d
259 72 9524 認知通所介護Ⅰⅱ２４・人欠 300 420 2 1 2 6 750 d
260 72 9525 認知通所介護Ⅰⅱ２５・人欠 300 420 2 1 2 7 811 d
261 72 9531 認知通所介護Ⅰⅱ３１・人欠 420 540 2 1 2 3 647 d
262 72 9532 認知通所介護Ⅰⅱ３２・人欠 420 540 2 1 2 4 717 d
263 72 9533 認知通所介護Ⅰⅱ３３・人欠 420 540 2 1 2 5 787 d
264 72 9534 認知通所介護Ⅰⅱ３４・人欠 420 540 2 1 2 6 857 d
265 72 9535 認知通所介護Ⅰⅱ３５・人欠 420 540 2 1 2 7 927 d
266 72 9541 認知通所介護Ⅰⅱ３１・人欠・延１ 540 600 2 1 2 3 697 d
267 72 9542 認知通所介護Ⅰⅱ３２・人欠・延１ 540 600 2 1 2 4 767 d
268 72 9543 認知通所介護Ⅰⅱ３３・人欠・延１ 540 600 2 1 2 5 837 d
269 72 9544 認知通所介護Ⅰⅱ３４・人欠・延１ 540 600 2 1 2 6 907 d
270 72 9545 認知通所介護Ⅰⅱ３５・人欠・延１ 540 600 2 1 2 7 977 d
271 72 9551 認知通所介護Ⅰⅱ３１・人欠・延２ 600 660 2 1 2 3 747 d
272 72 9552 認知通所介護Ⅰⅱ３２・人欠・延２ 600 660 2 1 2 4 817 d
273 72 9553 認知通所介護Ⅰⅱ３３・人欠・延２ 600 660 2 1 2 5 887 d
274 72 9554 認知通所介護Ⅰⅱ３４・人欠・延２ 600 660 2 1 2 6 957 d
275 72 9555 認知通所介護Ⅰⅱ３５・人欠・延２ 600 660 2 1 2 7 1027 d
276 72 9561 認知通所介護Ⅰⅱ３１・人欠・延３ 660 720 2 1 2 3 797 d
277 72 9562 認知通所介護Ⅰⅱ３２・人欠・延３ 660 720 2 1 2 4 867 d
278 72 9563 認知通所介護Ⅰⅱ３３・人欠・延３ 660 720 2 1 2 5 937 d
279 72 9564 認知通所介護Ⅰⅱ３４・人欠・延３ 660 720 2 1 2 6 1007 d
280 72 9565 認知通所介護Ⅰⅱ３５・人欠・延３ 660 720 2 1 2 7 1077 d
281 72 9601 認知通所介護Ⅱ１１・人欠・時減 120 180 3 1 2 3 118 d
282 72 9602 認知通所介護Ⅱ１２・人欠・時減 120 180 3 1 2 4 123 d
283 72 9603 認知通所介護Ⅱ１３・人欠・時減 120 180 3 1 2 5 127 d
284 72 9604 認知通所介護Ⅱ１４・人欠・時減 120 180 3 1 2 6 131 d
285 72 9605 認知通所介護Ⅱ１５・人欠・時減 120 180 3 1 2 7 135 d
286 72 9611 認知通所介護Ⅱ１１・人欠 180 300 3 1 2 3 188 d
287 72 9612 認知通所介護Ⅱ１２・人欠 180 300 3 1 2 4 195 d
288 72 9613 認知通所介護Ⅱ１３・人欠 180 300 3 1 2 5 201 d
289 72 9614 認知通所介護Ⅱ１４・人欠 180 300 3 1 2 6 208 d
290 72 9615 認知通所介護Ⅱ１５・人欠 180 300 3 1 2 7 215 d
291 72 9621 認知通所介護Ⅱ２１・人欠 300 420 3 1 2 3 305 d
292 72 9622 認知通所介護Ⅱ２２・人欠 300 420 3 1 2 4 316 d
293 72 9623 認知通所介護Ⅱ２３・人欠 300 420 3 1 2 5 327 d
294 72 9624 認知通所介護Ⅱ２４・人欠 300 420 3 1 2 6 338 d
295 72 9625 認知通所介護Ⅱ２５・人欠 300 420 3 1 2 7 349 d
296 72 9631 認知通所介護Ⅱ３１・人欠 420 540 3 1 2 3 352 d
297 72 9632 認知通所介護Ⅱ３２・人欠 420 540 3 1 2 4 365 d
298 72 9633 認知通所介護Ⅱ３３・人欠 420 540 3 1 2 5 377 d
299 72 9634 認知通所介護Ⅱ３４・人欠 420 540 3 1 2 6 390 d
300 72 9635 認知通所介護Ⅱ３５・人欠 420 540 3 1 2 7 403 d
301 72 9641 認知通所介護Ⅱ３１・人欠・延１ 540 600 3 1 2 3 402 d
302 72 9642 認知通所介護Ⅱ３２・人欠・延１ 540 600 3 1 2 4 415 d
303 72 9643 認知通所介護Ⅱ３３・人欠・延１ 540 600 3 1 2 5 427 d
304 72 9644 認知通所介護Ⅱ３４・人欠・延１ 540 600 3 1 2 6 440 d
305 72 9645 認知通所介護Ⅱ３５・人欠・延１ 540 600 3 1 2 7 453 d
306 72 9651 認知通所介護Ⅱ３１・人欠・延２ 600 660 3 1 2 3 452 d
307 72 9652 認知通所介護Ⅱ３２・人欠・延２ 600 660 3 1 2 4 465 d
308 72 9653 認知通所介護Ⅱ３３・人欠・延２ 600 660 3 1 2 5 477 d
309 72 9654 認知通所介護Ⅱ３４・人欠・延２ 600 660 3 1 2 6 490 d
310 72 9655 認知通所介護Ⅱ３５・人欠・延２ 600 660 3 1 2 7 503 d
311 72 9661 認知通所介護Ⅱ３１・人欠・延３ 660 720 3 1 2 3 502 d
312 72 9662 認知通所介護Ⅱ３２・人欠・延３ 660 720 3 1 2 4 515 d
313 72 9663 認知通所介護Ⅱ３３・人欠・延３ 660 720 3 1 2 5 527 d
314 72 9664 認知通所介護Ⅱ３４・人欠・延３ 660 720 3 1 2 6 540 d
315 72 9665 認知通所介護Ⅱ３５・人欠・延３ 660 720 3 1 2 7 553 d
