1 24 1111 予単独短期生活Ⅰ１  1 1 1 1 1 1 1 1 d 483
2 24 1113 予単独短期生活Ⅰ１・夜  1 1 1 1 2 1 1 1 d 469
3 24 1121 予単独短期生活Ⅰ２  1 1 1 1 1 1 1 2 d 600
4 24 1123 予単独短期生活Ⅰ２・夜  1 1 1 1 2 1 1 2 d 582
5 24 1115 予単独短期生活Ⅱ１  1 2 1 1 1 1 1 1 d 521
6 24 1117 予単独短期生活Ⅱ１・夜  1 2 1 1 2 1 1 1 d 505
7 24 1125 予単独短期生活Ⅱ２  1 2 1 1 1 1 1 2 d 648
8 24 1127 予単独短期生活Ⅱ２・夜  1 2 1 1 2 1 1 2 d 629
9 24 2111 予併設短期生活Ⅰ１  2 1 1 1 1 1 1 1 d 455
10 24 2113 予併設短期生活Ⅰ１・夜  2 1 1 1 2 1 1 1 d 441
11 24 2121 予併設短期生活Ⅰ２  2 1 1 1 1 1 1 2 d 566
12 24 2123 予併設短期生活Ⅰ２・夜  2 1 1 1 2 1 1 2 d 549
13 24 2115 予併設短期生活Ⅱ１  2 2 1 1 1 1 1 1 d 499
14 24 2117 予併設短期生活Ⅱ１・夜  2 2 1 1 2 1 1 1 d 484
15 24 2125 予併設短期生活Ⅱ２  2 2 1 1 1 1 1 2 d 614
16 24 2127 予併設短期生活Ⅱ２・夜  2 2 1 1 2 1 1 2 d 596
17 24 1411 予単ユ短期生活Ⅰ１  3 1 1 1 1 1 1 1 d 564
18 24 1413 予単ユ短期生活Ⅰ１・夜  3 1 1 1 2 1 1 1 d 547
19 24 1421 予単ユ短期生活Ⅰ２  3 1 1 1 1 1 1 2 d 686
20 24 1423 予単ユ短期生活Ⅰ２・夜  3 1 1 1 2 1 1 2 d 665
21 24 1415 予単ユ短期生活Ⅱ１  3 2 2 1 1 1 1 1 d 564
22 24 1417 予単ユ短期生活Ⅱ１・夜  3 2 2 1 2 1 1 1 d 547
23 24 1425 予単ユ短期生活Ⅱ２  3 2 2 1 1 1 1 2 d 686
24 24 1427 予単ユ短期生活Ⅱ２・夜  3 2 2 1 2 1 1 2 d 665
25 24 2411 予併ユ短期生活Ⅰ１  4 1 1 1 1 1 1 1 d 533
26 24 2413 予併ユ短期生活Ⅰ１・夜  4 1 1 1 2 1 1 1 d 517
27 24 2421 予併ユ短期生活Ⅰ２  4 1 1 1 1 1 1 2 d 662
28 24 2423 予併ユ短期生活Ⅰ２・夜  4 1 1 1 2 1 1 2 d 642
29 24 2415 予併ユ短期生活Ⅱ１  4 2 2 1 1 1 1 1 d 533
30 24 2417 予併ユ短期生活Ⅱ１・夜  4 2 2 1 2 1 1 1 d 517
31 24 2425 予併ユ短期生活Ⅱ２  4 2 2 1 1 1 1 2 d 662
32 24 2427 予併ユ短期生活Ⅱ２・夜  4 2 2 1 2 1 1 2 d 642
33 24 1511 予単ユ短期生活Ⅰ１・未  3 1 1 2 1 1 1 1 d 547
34 24 1513 予単ユ短期生活Ⅰ１・夜・未  3 1 1 2 2 1 1 1 d 531
35 24 1521 予単ユ短期生活Ⅰ２・未  3 1 1 2 1 1 1 2 d 665
36 24 1523 予単ユ短期生活Ⅰ２・夜・未  3 1 1 2 2 1 1 2 d 645
37 24 1515 予単ユ短期生活Ⅱ１・未  3 2 2 2 1 1 1 1 d 547
38 24 1517 予単ユ短期生活Ⅱ１・夜・未  3 2 2 2 2 1 1 1 d 531
39 24 1525 予単ユ短期生活Ⅱ２・未  3 2 2 2 1 1 1 2 d 665
40 24 1527 予単ユ短期生活Ⅱ２・夜・未  3 2 2 2 2 1 1 2 d 645
41 24 2511 予併ユ短期生活Ⅰ１・未  4 1 1 2 1 1 1 1 d 517
42 24 2513 予併ユ短期生活Ⅰ１・夜・未  4 1 1 2 2 1 1 1 d 501
43 24 2521 予併ユ短期生活Ⅰ２・未  4 1 1 2 1 1 1 2 d 642
44 24 2523 予併ユ短期生活Ⅰ２・夜・未  4 1 1 2 2 1 1 2 d 623
45 24 2515 予併ユ短期生活Ⅱ１・未  4 2 2 2 1 1 1 1 d 517
46 24 2517 予併ユ短期生活Ⅱ１・夜・未  4 2 2 2 2 1 1 1 d 501
47 24 2525 予併ユ短期生活Ⅱ２・未  4 2 2 2 1 1 1 2 d 642
48 24 2527 予併ユ短期生活Ⅱ２・夜・未  4 2 2 2 2 1 1 2 d 623
49 24 8011 予単独短期Ⅰ１・超  1 1 1 1 1 2 1 1 d 338
50 24 8013 予単独短期Ⅰ１・夜・超  1 1 1 1 2 2 1 1 d 328
51 24 8021 予単独短期Ⅰ２・超  1 1 1 1 1 2 1 2 d 420
52 24 8023 予単独短期Ⅰ２・夜・超  1 1 1 1 2 2 1 2 d 407
53 24 8015 予単独短期Ⅱ１・超  1 2 1 1 1 2 1 1 d 365
54 24 8017 予単独短期Ⅱ１・夜・超  1 2 1 1 2 2 1 1 d 354
55 24 8025 予単独短期Ⅱ２・超  1 2 1 1 1 2 1 2 d 454
56 24 8027 予単独短期Ⅱ２・夜・超  1 2 1 1 2 2 1 2 d 440
57 24 8371 予併設短期Ⅰ１・超  2 1 1 1 1 2 1 1 d 319
58 24 8373 予併設短期Ⅰ１・夜・超  2 1 1 1 2 2 1 1 d 309
59 24 8381 予併設短期Ⅰ２・超  2 1 1 1 1 2 1 2 d 396
60 24 8383 予併設短期Ⅰ２・夜・超  2 1 1 1 2 2 1 2 d 384
61 24 8375 予併設短期Ⅱ１・超  2 2 1 1 1 2 1 1 d 349
62 24 8377 予併設短期Ⅱ１・夜・超  2 2 1 1 2 2 1 1 d 339
63 24 8385 予併設短期Ⅱ２・超  2 2 1 1 1 2 1 2 d 430
64 24 8387 予併設短期Ⅱ２・夜・超  2 2 1 1 2 2 1 2 d 417
65 24 8191 予単ユ短期Ⅰ１・超  3 1 1 1 1 2 1 1 d 395
66 24 8193 予単ユ短期Ⅰ１・夜・超  3 1 1 1 2 2 1 1 d 383
67 24 8201 予単ユ短期Ⅰ２・超  3 1 1 1 1 2 1 2 d 480
68 24 8203 予単ユ短期Ⅰ２・夜・超  3 1 1 1 2 2 1 2 d 466
69 24 8195 予単ユ短期Ⅱ１・超  3 2 2 1 1 2 1 1 d 395
70 24 8197 予単ユ短期Ⅱ１・夜・超  3 2 2 1 2 2 1 1 d 383
71 24 8205 予単ユ短期Ⅱ２・超  3 2 2 1 1 2 1 2 d 480
72 24 8207 予単ユ短期Ⅱ２・夜・超  3 2 2 1 2 2 1 2 d 466
73 24 8551 予併ユ短期Ⅰ１・超  4 1 1 1 1 2 1 1 d 373
74 24 8553 予併ユ短期Ⅰ１・夜・超  4 1 1 1 2 2 1 1 d 362
75 24 8561 予併ユ短期Ⅰ２・超  4 1 1 1 1 2 1 2 d 463
76 24 8563 予併ユ短期Ⅰ２・夜・超  4 1 1 1 2 2 1 2 d 449
77 24 8555 予併ユ短期Ⅱ１・超  4 2 2 1 1 2 1 1 d 373
78 24 8557 予併ユ短期Ⅱ１・夜・超  4 2 2 1 2 2 1 1 d 362
79 24 8565 予併ユ短期Ⅱ２・超  4 2 2 1 1 2 1 2 d 463
80 24 8567 予併ユ短期Ⅱ２・夜・超  4 2 2 1 2 2 1 2 d 449
81 24 8211 予単ユ短期Ⅰ１・超・未  3 1 1 2 1 2 1 1 d 383
82 24 8213 予単ユ短期Ⅰ１・夜・超・未  3 1 1 2 2 2 1 1 d 372
83 24 8215 予単ユ短期Ⅰ２・超・未  3 1 1 2 1 2 1 2 d 466
84 24 8217 予単ユ短期Ⅰ２・夜・超・未  3 1 1 2 2 2 1 2 d 452
85 24 8219 予単ユ短期Ⅱ１・超・未  3 2 2 2 1 2 1 1 d 383
86 24 8221 予単ユ短期Ⅱ１・夜・超・未  3 2 2 2 2 2 1 1 d 372
87 24 8223 予単ユ短期Ⅱ２・超・未  3 2 2 2 1 2 1 2 d 466
88 24 8225 予単ユ短期Ⅱ２・夜・超・未  3 2 2 2 2 2 1 2 d 452
89 24 8571 予併ユ短期Ⅰ１・超・未  4 1 1 2 1 2 1 1 d 362
90 24 8573 予併ユ短期Ⅰ１・夜・超・未  4 1 1 2 2 2 1 1 d 351
91 24 8575 予併ユ短期Ⅰ２・超・未  4 1 1 2 1 2 1 2 d 449
92 24 8577 予併ユ短期Ⅰ２・夜・超・未  4 1 1 2 2 2 1 2 d 436
93 24 8579 予併ユ短期Ⅱ１・超・未  4 2 2 2 1 2 1 1 d 362
94 24 8581 予併ユ短期Ⅱ１・夜・超・未  4 2 2 2 2 2 1 1 d 351
95 24 8583 予併ユ短期Ⅱ２・超・未  4 2 2 2 1 2 1 2 d 449
96 24 8585 予併ユ短期Ⅱ２・夜・超・未  4 2 2 2 2 2 1 2 d 436
97 24 9411 予単独短期Ⅰ１・欠  1 1 1 1 1 1 2 1 d 338
98 24 9413 予単独短期Ⅰ１・夜・欠  1 1 1 1 2 1 2 1 d 328
99 24 9421 予単独短期Ⅰ２・欠  1 1 1 1 1 1 2 2 d 420
100 24 9423 予単独短期Ⅰ２・夜・欠  1 1 1 1 2 1 2 2 d 407
101 24 9415 予単独短期Ⅱ１・欠  1 2 1 1 1 1 2 1 d 365
102 24 9417 予単独短期Ⅱ１・夜・欠  1 2 1 1 2 1 2 1 d 354
103 24 9425 予単独短期Ⅱ２・欠  1 2 1 1 1 1 2 2 d 454
104 24 9427 予単独短期Ⅱ２・夜・欠  1 2 1 1 2 1 2 2 d 440
105 24 9511 予併設短期Ⅰ１・欠  2 1 1 1 1 1 2 1 d 319
106 24 9513 予併設短期Ⅰ１・夜・欠  2 1 1 1 2 1 2 1 d 309
107 24 9521 予併設短期Ⅰ２・欠  2 1 1 1 1 1 2 2 d 396
108 24 9523 予併設短期Ⅰ２・夜・欠  2 1 1 1 2 1 2 2 d 384
109 24 9515 予併設短期Ⅱ１・欠  2 2 1 1 1 1 2 1 d 349
110 24 9517 予併設短期Ⅱ１・夜・欠  2 2 1 1 2 1 2 1 d 339
111 24 9525 予併設短期Ⅱ２・欠  2 2 1 1 1 1 2 2 d 430
112 24 9527 予併設短期Ⅱ２・夜・欠  2 2 1 1 2 1 2 2 d 417
113 24 9111 予単ユ短期Ⅰ１・欠  3 1 1 1 1 1 2 1 d 395
114 24 9113 予単ユ短期Ⅰ１・夜・欠  3 1 1 1 2 1 2 1 d 383
115 24 9121 予単ユ短期Ⅰ２・欠  3 1 1 1 1 1 2 2 d 480
116 24 9123 予単ユ短期Ⅰ２・夜・欠  3 1 1 1 2 1 2 2 d 466
117 24 9115 予単ユ短期Ⅱ１・欠  3 2 2 1 1 1 2 1 d 395
118 24 9117 予単ユ短期Ⅱ１・夜・欠  3 2 2 1 2 1 2 1 d 383
119 24 9125 予単ユ短期Ⅱ２・欠  3 2 2 1 1 1 2 2 d 480
120 24 9127 予単ユ短期Ⅱ２・夜・欠  3 2 2 1 2 1 2 2 d 466
121 24 9311 予併ユ短期Ⅰ１・欠  4 1 1 1 1 1 2 1 d 373
122 24 9313 予併ユ短期Ⅰ１・夜・欠  4 1 1 1 2 1 2 1 d 362
123 24 9321 予併ユ短期Ⅰ２・欠  4 1 1 1 1 1 2 2 d 463
124 24 9323 予併ユ短期Ⅰ２・夜・欠  4 1 1 1 2 1 2 2 d 449
125 24 9315 予併ユ短期Ⅱ１・欠  4 2 2 1 1 1 2 1 d 373
126 24 9317 予併ユ短期Ⅱ１・夜・欠  4 2 2 1 2 1 2 1 d 362
127 24 9325 予併ユ短期Ⅱ２・欠  4 2 2 1 1 1 2 2 d 463
128 24 9327 予併ユ短期Ⅱ２・夜・欠  4 2 2 1 2 1 2 2 d 449
129 24 9131 予単ユ短期Ⅰ１・欠・未  3 1 1 2 1 1 2 1 d 383
130 24 9133 予単ユ短期Ⅰ１・夜・欠・未  3 1 1 2 2 1 2 1 d 372
131 24 9135 予単ユ短期Ⅰ２・欠・未  3 1 1 2 1 1 2 2 d 466
132 24 9137 予単ユ短期Ⅰ２・夜・欠・未  3 1 1 2 2 1 2 2 d 452
133 24 9139 予単ユ短期Ⅱ１・欠・未  3 2 2 2 1 1 2 1 d 383
134 24 9141 予単ユ短期Ⅱ１・夜・欠・未  3 2 2 2 2 1 2 1 d 372
135 24 9143 予単ユ短期Ⅱ２・欠・未  3 2 2 2 1 1 2 2 d 466
136 24 9145 予単ユ短期Ⅱ２・夜・欠・未  3 2 2 2 2 1 2 2 d 452
137 24 9331 予併ユ短期Ⅰ１・欠・未  4 1 1 2 1 1 2 1 d 362
138 24 9333 予併ユ短期Ⅰ１・夜・欠・未  4 1 1 2 2 1 2 1 d 351
139 24 9335 予併ユ短期Ⅰ２・欠・未  4 1 1 2 1 1 2 2 d 449
140 24 9337 予併ユ短期Ⅰ２・夜・欠・未  4 1 1 2 2 1 2 2 d 436
141 24 9339 予併ユ短期Ⅱ１・欠・未  4 2 2 2 1 1 2 1 d 362
142 24 9341 予併ユ短期Ⅱ１・夜・欠・未  4 2 2 2 2 1 2 1 d 351
143 24 9343 予併ユ短期Ⅱ２・欠・未  4 2 2 2 1 1 2 2 d 449
144 24 9345 予併ユ短期Ⅱ２・夜・欠・未  4 2 2 2 2 1 2 2 d 436
