1 15 1141 通所介護Ⅰ１１・時減 120 180 1 1 3 3 323
2 15 1142 通所介護Ⅰ１２・時減 120 180 1 1 3 4 370
3 15 1143 通所介護Ⅰ１３・時減 120 180 1 1 3 5 417
4 15 1144 通所介護Ⅰ１４・時減 120 180 1 1 3 6 464
5 15 1145 通所介護Ⅰ１５・時減 120 180 1 1 3 7 510
6 15 1241 通所介護Ⅰ１１ 180 300 1 1 3 3 461
7 15 1242 通所介護Ⅰ１２ 180 300 1 1 3 4 529
8 15 1243 通所介護Ⅰ１３ 180 300 1 1 3 5 596
9 15 1244 通所介護Ⅰ１４ 180 300 1 1 3 6 663
10 15 1245 通所介護Ⅰ１５ 180 300 1 1 3 7 729
11 15 1341 通所介護Ⅰ２１ 300 420 1 1 3 3 700
12 15 1342 通所介護Ⅰ２２ 300 420 1 1 3 4 825
13 15 1343 通所介護Ⅰ２３ 300 420 1 1 3 5 950
14 15 1344 通所介護Ⅰ２４ 300 420 1 1 3 6 1074
15 15 1345 通所介護Ⅰ２５ 300 420 1 1 3 7 1199
16 15 1441 通所介護Ⅰ３１ 420 540 1 1 3 3 809
17 15 1442 通所介護Ⅰ３２ 420 540 1 1 3 4 951
18 15 1443 通所介護Ⅰ３３ 420 540 1 1 3 5 1100
19 15 1444 通所介護Ⅰ３４ 420 540 1 1 3 6 1248
20 15 1445 通所介護Ⅰ３５ 420 540 1 1 3 7 1395
21 15 1541 通所介護Ⅰ３１・延１ 540 600 1 1 3 3 859
22 15 1542 通所介護Ⅰ３２・延１ 540 600 1 1 3 4 1001
23 15 1543 通所介護Ⅰ３３・延１ 540 600 1 1 3 5 1150
24 15 1544 通所介護Ⅰ３４・延１ 540 600 1 1 3 6 1298
25 15 1545 通所介護Ⅰ３５・延１ 540 600 1 1 3 7 1445
26 15 1641 通所介護Ⅰ３１・延２ 600 660 1 1 3 3 909
27 15 1642 通所介護Ⅰ３２・延２ 600 660 1 1 3 4 1051
28 15 1643 通所介護Ⅰ３３・延２ 600 660 1 1 3 5 1200
29 15 1644 通所介護Ⅰ３４・延２ 600 660 1 1 3 6 1348
30 15 1645 通所介護Ⅰ３５・延２ 600 660 1 1 3 7 1495
31 15 1741 通所介護Ⅰ３１・延３ 660 720 1 1 3 3 959
32 15 1742 通所介護Ⅰ３２・延３ 660 720 1 1 3 4 1101
33 15 1743 通所介護Ⅰ３３・延３ 660 720 1 1 3 5 1250
34 15 1744 通所介護Ⅰ３４・延３ 660 720 1 1 3 6 1398
35 15 1745 通所介護Ⅰ３５・延３ 660 720 1 1 3 7 1545
36 15 2141 通所介護Ⅱ１１・時減 120 180 1 1 4 3 280
37 15 2142 通所介護Ⅱ１２・時減 120 180 1 1 4 4 320
38 15 2143 通所介護Ⅱ１３・時減 120 180 1 1 4 5 360
39 15 2144 通所介護Ⅱ１４・時減 120 180 1 1 4 6 400
40 15 2145 通所介護Ⅱ１５・時減 120 180 1 1 4 7 440
41 15 2241 通所介護Ⅱ１１ 180 300 1 1 4 3 400
42 15 2242 通所介護Ⅱ１２ 180 300 1 1 4 4 457
43 15 2243 通所介護Ⅱ１３ 180 300 1 1 4 5 514
44 15 2244 通所介護Ⅱ１４ 180 300 1 1 4 6 571
45 15 2245 通所介護Ⅱ１５ 180 300 1 1 4 7 628
46 15 2341 通所介護Ⅱ２１ 300 420 1 1 4 3 602
47 15 2342 通所介護Ⅱ２２ 300 420 1 1 4 4 708
48 15 2343 通所介護Ⅱ２３ 300 420 1 1 4 5 814
49 15 2344 通所介護Ⅱ２４ 300 420 1 1 4 6 920
50 15 2345 通所介護Ⅱ２５ 300 420 1 1 4 7 1026
51 15 2441 通所介護Ⅱ３１ 420 540 1 1 4 3 690
52 15 2442 通所介護Ⅱ３２ 420 540 1 1 4 4 811
53 15 2443 通所介護Ⅱ３３ 420 540 1 1 4 5 937
54 15 2444 通所介護Ⅱ３４ 420 540 1 1 4 6 1063
55 15 2445 通所介護Ⅱ３５ 420 540 1 1 4 7 1188
56 15 2541 通所介護Ⅱ３１・延１ 540 600 1 1 4 3 740
57 15 2542 通所介護Ⅱ３２・延１ 540 600 1 1 4 4 861
58 15 2543 通所介護Ⅱ３３・延１ 540 600 1 1 4 5 987
59 15 2544 通所介護Ⅱ３４・延１ 540 600 1 1 4 6 1113
60 15 2545 通所介護Ⅱ３５・延１ 540 600 1 1 4 7 1238
61 15 2641 通所介護Ⅱ３１・延２ 600 660 1 1 4 3 790
62 15 2642 通所介護Ⅱ３２・延２ 600 660 1 1 4 4 911
63 15 2643 通所介護Ⅱ３３・延２ 600 660 1 1 4 5 1037
64 15 2644 通所介護Ⅱ３４・延２ 600 660 1 1 4 6 1163
65 15 2645 通所介護Ⅱ３５・延２ 600 660 1 1 4 7 1288
66 15 2741 通所介護Ⅱ３１・延３ 660 720 1 1 4 3 840
67 15 2742 通所介護Ⅱ３２・延３ 660 720 1 1 4 4 961
68 15 2743 通所介護Ⅱ３３・延３ 660 720 1 1 4 5 1087
69 15 2744 通所介護Ⅱ３４・延３ 660 720 1 1 4 6 1213
70 15 2745 通所介護Ⅱ３５・延３ 660 720 1 1 4 7 1338
71 15 3651 通所介護Ⅲ１１・時減 120 180 1 1 6 3 275
72 15 3652 通所介護Ⅲ１２・時減 120 180 1 1 6 4 314
73 15 3653 通所介護Ⅲ１３・時減 120 180 1 1 6 5 354
74 15 3654 通所介護Ⅲ１４・時減 120 180 1 1 6 6 393
75 15 3655 通所介護Ⅲ１５・時減 120 180 1 1 6 7 432
76 15 3656 通所介護Ⅲ１１ 180 300 1 1 6 3 393
77 15 3657 通所介護Ⅲ１２ 180 300 1 1 6 4 449
78 15 3658 通所介護Ⅲ１３ 180 300 1 1 6 5 505
79 15 3659 通所介護Ⅲ１４ 180 300 1 1 6 6 561
80 15 3660 通所介護Ⅲ１５ 180 300 1 1 6 7 617
81 15 3661 通所介護Ⅲ２１ 300 420 1 1 6 3 592
82 15 3662 通所介護Ⅲ２２ 300 420 1 1 6 4 696
83 15 3663 通所介護Ⅲ２３ 300 420 1 1 6 5 800
84 15 3664 通所介護Ⅲ２４ 300 420 1 1 6 6 904
85 15 3665 通所介護Ⅲ２５ 300 420 1 1 6 7 1009
86 15 3666 通所介護Ⅲ３１ 420 540 1 1 6 3 678
87 15 3667 通所介護Ⅲ３２ 420 540 1 1 6 4 797
88 15 3668 通所介護Ⅲ３３ 420 540 1 1 6 5 921
89 15 3669 通所介護Ⅲ３４ 420 540 1 1 6 6 1045
90 15 3670 通所介護Ⅲ３５ 420 540 1 1 6 7 1168
91 15 3671 通所介護Ⅲ３１・延１ 540 600 1 1 6 3 728
92 15 3672 通所介護Ⅲ３２・延１ 540 600 1 1 6 4 847
93 15 3673 通所介護Ⅲ３３・延１ 540 600 1 1 6 5 971
94 15 3674 通所介護Ⅲ３４・延１ 540 600 1 1 6 6 1095
95 15 3675 通所介護Ⅲ３５・延１ 540 600 1 1 6 7 1218
96 15 3676 通所介護Ⅲ３１・延２ 600 660 1 1 6 3 778
97 15 3677 通所介護Ⅲ３２・延２ 600 660 1 1 6 4 897
98 15 3678 通所介護Ⅲ３３・延２ 600 660 1 1 6 5 1021
99 15 3679 通所介護Ⅲ３４・延２ 600 660 1 1 6 6 1145
100 15 3680 通所介護Ⅲ３５・延２ 600 660 1 1 6 7 1268
101 15 3711 通所介護Ⅲ３１・延３ 660 720 1 1 6 3 828
102 15 3712 通所介護Ⅲ３２・延３ 660 720 1 1 6 4 947
103 15 3713 通所介護Ⅲ３３・延３ 660 720 1 1 6 5 1071
104 15 3714 通所介護Ⅲ３４・延３ 660 720 1 1 6 6 1195
105 15 3715 通所介護Ⅲ３５・延３ 660 720 1 1 6 7 1318
106 15 3681 通所介護Ⅳ１１・時減 120 180 1 1 7 3 268
107 15 3682 通所介護Ⅳ１２・時減 120 180 1 1 7 4 306
108 15 3683 通所介護Ⅳ１３・時減 120 180 1 1 7 5 344
109 15 3684 通所介護Ⅳ１４・時減 120 180 1 1 7 6 382
110 15 3685 通所介護Ⅳ１５・時減 120 180 1 1 7 7 421
111 15 3686 通所介護Ⅳ１１ 180 300 1 1 7 3 383
112 15 3687 通所介護Ⅳ１２ 180 300 1 1 7 4 437
113 15 3688 通所介護Ⅳ１３ 180 300 1 1 7 5 492
114 15 3689 通所介護Ⅳ１４ 180 300 1 1 7 6 546
115 15 3690 通所介護Ⅳ１５ 180 300 1 1 7 7 601
116 15 3691 通所介護Ⅳ２１ 300 420 1 1 7 3 576
117 15 3692 通所介護Ⅳ２２ 300 420 1 1 7 4 678
118 15 3693 通所介護Ⅳ２３ 300 420 1 1 7 5 779
119 15 3694 通所介護Ⅳ２４ 300 420 1 1 7 6 880
120 15 3695 通所介護Ⅳ２５ 300 420 1 1 7 7 982
121 15 3696 通所介護Ⅳ３１ 420 540 1 1 7 3 660
122 15 3697 通所介護Ⅳ３２ 420 540 1 1 7 4 776
123 15 3698 通所介護Ⅳ３３ 420 540 1 1 7 5 897
124 15 3699 通所介護Ⅳ３４ 420 540 1 1 7 6 1017
125 15 3700 通所介護Ⅳ３５ 420 540 1 1 7 7 1137
126 15 3701 通所介護Ⅳ３１・延１ 540 600 1 1 7 3 710
127 15 3702 通所介護Ⅳ３２・延１ 540 600 1 1 7 4 826
128 15 3703 通所介護Ⅳ３３・延１ 540 600 1 1 7 5 947
129 15 3704 通所介護Ⅳ３４・延１ 540 600 1 1 7 6 1067
130 15 3705 通所介護Ⅳ３５・延１ 540 600 1 1 7 7 1187
131 15 3706 通所介護Ⅳ３１・延２ 600 660 1 1 7 3 760
132 15 3707 通所介護Ⅳ３２・延２ 600 660 1 1 7 4 876
133 15 3708 通所介護Ⅳ３３・延２ 600 660 1 1 7 5 997
134 15 3709 通所介護Ⅳ３４・延２ 600 660 1 1 7 6 1117
135 15 3710 通所介護Ⅳ３５・延２ 600 660 1 1 7 7 1237
136 15 3716 通所介護Ⅳ３１・延３ 660 720 1 1 7 3 810
137 15 3717 通所介護Ⅳ３２・延３ 660 720 1 1 7 4 926
138 15 3718 通所介護Ⅳ３３・延３ 660 720 1 1 7 5 1047
139 15 3719 通所介護Ⅳ３４・延３ 660 720 1 1 7 6 1167
140 15 3720 通所介護Ⅳ３５・延３ 660 720 1 1 7 7 1287
141 15 4140 療養通所介護１ 180 360 1 1 5 _ 1000
142 15 4141 療養通所介護２ 360 480 1 1 5 _ 1500
143 15 9401 通所介護Ⅰ１１・人欠・時減 120 180 1 2 3 3 226
144 15 9402 通所介護Ⅰ１２・人欠・時減 120 180 1 2 3 4 259
145 15 9403 通所介護Ⅰ１３・人欠・時減 120 180 1 2 3 5 292
146 15 9404 通所介護Ⅰ１４・人欠・時減 120 180 1 2 3 6 325
147 15 9405 通所介護Ⅰ１５・人欠・時減 120 180 1 2 3 7 357
148 15 9411 通所介護Ⅰ１１・人欠 180 300 1 2 3 3 323
149 15 9412 通所介護Ⅰ１２・人欠 180 300 1 2 3 4 370
150 15 9413 通所介護Ⅰ１３・人欠 180 300 1 2 3 5 417
151 15 9414 通所介護Ⅰ１４・人欠 180 300 1 2 3 6 464
152 15 9415 通所介護Ⅰ１５・人欠 180 300 1 2 3 7 510
153 15 9421 通所介護Ⅰ２１・人欠 300 420 1 2 3 3 490
154 15 9422 通所介護Ⅰ２２・人欠 300 420 1 2 3 4 578
155 15 9423 通所介護Ⅰ２３・人欠 300 420 1 2 3 5 665
156 15 9424 通所介護Ⅰ２４・人欠 300 420 1 2 3 6 752
157 15 9425 通所介護Ⅰ２５・人欠 300 420 1 2 3 7 839
158 15 9431 通所介護Ⅰ３１・人欠 420 540 1 2 3 3 566
159 15 9432 通所介護Ⅰ３２・人欠 420 540 1 2 3 4 666
160 15 9433 通所介護Ⅰ３３・人欠 420 540 1 2 3 5 770
161 15 9434 通所介護Ⅰ３４・人欠 420 540 1 2 3 6 874
162 15 9435 通所介護Ⅰ３５・人欠 420 540 1 2 3 7 977
163 15 9441 通所介護Ⅰ３１・人欠・延１ 540 600 1 2 3 3 616
164 15 9442 通所介護Ⅰ３２・人欠・延１ 540 600 1 2 3 4 716
165 15 9443 通所介護Ⅰ３３・人欠・延１ 540 600 1 2 3 5 820
166 15 9444 通所介護Ⅰ３４・人欠・延１ 540 600 1 2 3 6 924
167 15 9445 通所介護Ⅰ３５・人欠・延１ 540 600 1 2 3 7 1027
168 15 9451 通所介護Ⅰ３１・人欠・延２ 600 660 1 2 3 3 666
169 15 9452 通所介護Ⅰ３２・人欠・延２ 600 660 1 2 3 4 766
170 15 9453 通所介護Ⅰ３３・人欠・延２ 600 660 1 2 3 5 870
171 15 9454 通所介護Ⅰ３４・人欠・延２ 600 660 1 2 3 6 974
172 15 9455 通所介護Ⅰ３５・人欠・延２ 600 660 1 2 3 7 1077
173 15 9456 通所介護Ⅰ３１・人欠・延３ 660 720 1 2 3 3 716
174 15 9457 通所介護Ⅰ３２・人欠・延３ 660 720 1 2 3 4 816
175 15 9458 通所介護Ⅰ３３・人欠・延３ 660 720 1 2 3 5 920
176 15 9459 通所介護Ⅰ３４・人欠・延３ 660 720 1 2 3 6 1024
177 15 9460 通所介護Ⅰ３５・人欠・延３ 660 720 1 2 3 7 1127
178 15 9501 通所介護Ⅱ１１・人欠・時減 120 180 1 2 4 3 196
179 15 9502 通所介護Ⅱ１２・人欠・時減 120 180 1 2 4 4 224
180 15 9503 通所介護Ⅱ１３・人欠・時減 120 180 1 2 4 5 252
181 15 9504 通所介護Ⅱ１４・人欠・時減 120 180 1 2 4 6 280
182 15 9505 通所介護Ⅱ１５・人欠・時減 120 180 1 2 4 7 308
183 15 9511 通所介護Ⅱ１１・人欠 180 300 1 2 4 3 280
184 15 9512 通所介護Ⅱ１２・人欠 180 300 1 2 4 4 320
185 15 9513 通所介護Ⅱ１３・人欠 180 300 1 2 4 5 360
186 15 9514 通所介護Ⅱ１４・人欠 180 300 1 2 4 6 400
187 15 9515 通所介護Ⅱ１５・人欠 180 300 1 2 4 7 440
188 15 9521 通所介護Ⅱ２１・人欠 300 420 1 2 4 3 421
189 15 9522 通所介護Ⅱ２２・人欠 300 420 1 2 4 4 496
190 15 9523 通所介護Ⅱ２３・人欠 300 420 1 2 4 5 570
191 15 9524 通所介護Ⅱ２４・人欠 300 420 1 2 4 6 644
192 15 9525 通所介護Ⅱ２５・人欠 300 420 1 2 4 7 718
193 15 9531 通所介護Ⅱ３１・人欠 420 540 1 2 4 3 483
194 15 9532 通所介護Ⅱ３２・人欠 420 540 1 2 4 4 568
195 15 9533 通所介護Ⅱ３３・人欠 420 540 1 2 4 5 656
196 15 9534 通所介護Ⅱ３４・人欠 420 540 1 2 4 6 744
197 15 9535 通所介護Ⅱ３５・人欠 420 540 1 2 4 7 832
198 15 9541 通所介護Ⅱ３１・人欠・延１ 540 600 1 2 4 3 533
199 15 9542 通所介護Ⅱ３２・人欠・延１ 540 600 1 2 4 4 618
200 15 9543 通所介護Ⅱ３３・人欠・延１ 540 600 1 2 4 5 706
201 15 9544 通所介護Ⅱ３４・人欠・延１ 540 600 1 2 4 6 794
202 15 9545 通所介護Ⅱ３５・人欠・延１ 540 600 1 2 4 7 882
203 15 9551 通所介護Ⅱ３１・人欠・延２ 600 660 1 2 4 3 583
204 15 9552 通所介護Ⅱ３２・人欠・延２ 600 660 1 2 4 4 668
205 15 9553 通所介護Ⅱ３３・人欠・延２ 600 660 1 2 4 5 756
206 15 9554 通所介護Ⅱ３４・人欠・延２ 600 660 1 2 4 6 844
207 15 9555 通所介護Ⅱ３５・人欠・延２ 600 660 1 2 4 7 932
208 15 9556 通所介護Ⅱ３１・人欠・延３ 660 720 1 2 4 3 633
209 15 9557 通所介護Ⅱ３２・人欠・延３ 660 720 1 2 4 4 718
210 15 9558 通所介護Ⅱ３３・人欠・延３ 660 720 1 2 4 5 806
211 15 9559 通所介護Ⅱ３４・人欠・延３ 660 720 1 2 4 6 894
212 15 9560 通所介護Ⅱ３５・人欠・延３ 660 720 1 2 4 7 982
213 15 9461 通所介護Ⅲ１１・人欠・時減 120 180 1 2 6 3 193
214 15 9462 通所介護Ⅲ１２・人欠・時減 120 180 1 2 6 4 220
215 15 9463 通所介護Ⅲ１３・人欠・時減 120 180 1 2 6 5 248
216 15 9464 通所介護Ⅲ１４・人欠・時減 120 180 1 2 6 6 275
217 15 9465 通所介護Ⅲ１５・人欠・時減 120 180 1 2 6 7 302
218 15 9466 通所介護Ⅲ１１・人欠 180 300 1 2 6 3 275
219 15 9467 通所介護Ⅲ１２・人欠 180 300 1 2 6 4 314
220 15 9468 通所介護Ⅲ１３・人欠 180 300 1 2 6 5 354
221 15 9469 通所介護Ⅲ１４・人欠 180 300 1 2 6 6 393
222 15 9470 通所介護Ⅲ１５・人欠 180 300 1 2 6 7 432
223 15 9471 通所介護Ⅲ２１・人欠 300 420 1 2 6 3 414
224 15 9472 通所介護Ⅲ２２・人欠 300 420 1 2 6 4 487
225 15 9473 通所介護Ⅲ２３・人欠 300 420 1 2 6 5 560
226 15 9474 通所介護Ⅲ２４・人欠 300 420 1 2 6 6 633
227 15 9475 通所介護Ⅲ２５・人欠 300 420 1 2 6 7 706
228 15 9476 通所介護Ⅲ３１・人欠 420 540 1 2 6 3 475
229 15 9477 通所介護Ⅲ３２・人欠 420 540 1 2 6 4 558
230 15 9478 通所介護Ⅲ３３・人欠 420 540 1 2 6 5 645
231 15 9479 通所介護Ⅲ３４・人欠 420 540 1 2 6 6 732
232 15 9480 通所介護Ⅲ３５・人欠 420 540 1 2 6 7 818
233 15 9481 通所介護Ⅲ３１・人欠・延１ 540 600 1 2 6 3 525
234 15 9482 通所介護Ⅲ３２・人欠・延１ 540 600 1 2 6 4 608
235 15 9483 通所介護Ⅲ３３・人欠・延１ 540 600 1 2 6 5 695
236 15 9484 通所介護Ⅲ３４・人欠・延１ 540 600 1 2 6 6 782
237 15 9485 通所介護Ⅲ３５・人欠・延１ 540 600 1 2 6 7 868
238 15 9486 通所介護Ⅲ３１・人欠・延２ 600 660 1 2 6 3 575
239 15 9487 通所介護Ⅲ３２・人欠・延２ 600 660 1 2 6 4 658
240 15 9488 通所介護Ⅲ３３・人欠・延２ 600 660 1 2 6 5 745
241 15 9489 通所介護Ⅲ３４・人欠・延２ 600 660 1 2 6 6 832
242 15 9490 通所介護Ⅲ３５・人欠・延２ 600 660 1 2 6 7 918
243 15 9491 通所介護Ⅲ３１・人欠・延３ 660 720 1 2 6 3 625
244 15 9492 通所介護Ⅲ３２・人欠・延３ 660 720 1 2 6 4 708
245 15 9493 通所介護Ⅲ３３・人欠・延３ 660 720 1 2 6 5 795
246 15 9494 通所介護Ⅲ３４・人欠・延３ 660 720 1 2 6 6 882
247 15 9495 通所介護Ⅲ３５・人欠・延３ 660 720 1 2 6 7 968
248 15 9561 通所介護Ⅳ１１・人欠・時減 120 180 1 2 7 3 188
249 15 9562 通所介護Ⅳ１２・人欠・時減 120 180 1 2 7 4 214
250 15 9563 通所介護Ⅳ１３・人欠・時減 120 180 1 2 7 5 241
251 15 9564 通所介護Ⅳ１４・人欠・時減 120 180 1 2 7 6 267
252 15 9565 通所介護Ⅳ１５・人欠・時減 120 180 1 2 7 7 295
253 15 9566 通所介護Ⅳ１１・人欠 180 300 1 2 7 3 268
254 15 9567 通所介護Ⅳ１２・人欠 180 300 1 2 7 4 306
255 15 9568 通所介護Ⅳ１３・人欠 180 300 1 2 7 5 344
256 15 9569 通所介護Ⅳ１４・人欠 180 300 1 2 7 6 382
257 15 9570 通所介護Ⅳ１５・人欠 180 300 1 2 7 7 421
258 15 9571 通所介護Ⅳ２１・人欠 300 420 1 2 7 3 403
259 15 9572 通所介護Ⅳ２２・人欠 300 420 1 2 7 4 475
260 15 9573 通所介護Ⅳ２３・人欠 300 420 1 2 7 5 545
261 15 9574 通所介護Ⅳ２４・人欠 300 420 1 2 7 6 616
262 15 9575 通所介護Ⅳ２５・人欠 300 420 1 2 7 7 687
263 15 9576 通所介護Ⅳ３１・人欠 420 540 1 2 7 3 462
264 15 9577 通所介護Ⅳ３２・人欠 420 540 1 2 7 4 543
265 15 9578 通所介護Ⅳ３３・人欠 420 540 1 2 7 5 628
266 15 9579 通所介護Ⅳ３４・人欠 420 540 1 2 7 6 712
267 15 9580 通所介護Ⅳ３５・人欠 420 540 1 2 7 7 796
268 15 9581 通所介護Ⅳ３１・人欠・延１ 540 600 1 2 7 3 512
269 15 9582 通所介護Ⅳ３２・人欠・延１ 540 600 1 2 7 4 593
270 15 9583 通所介護Ⅳ３３・人欠・延１ 540 600 1 2 7 5 678
271 15 9584 通所介護Ⅳ３４・人欠・延１ 540 600 1 2 7 6 762
272 15 9585 通所介護Ⅳ３５・人欠・延１ 540 600 1 2 7 7 846
273 15 9586 通所介護Ⅳ３１・人欠・延２ 600 660 1 2 7 3 562
274 15 9587 通所介護Ⅳ３２・人欠・延２ 600 660 1 2 7 4 643
275 15 9588 通所介護Ⅳ３３・人欠・延２ 600 660 1 2 7 5 728
276 15 9589 通所介護Ⅳ３４・人欠・延２ 600 660 1 2 7 6 812
277 15 9590 通所介護Ⅳ３５・人欠・延２ 600 660 1 2 7 7 896
278 15 9591 通所介護Ⅳ３１・人欠・延３ 660 720 1 2 7 3 612
279 15 9592 通所介護Ⅳ３２・人欠・延３ 660 720 1 2 7 4 693
280 15 9593 通所介護Ⅳ３３・人欠・延３ 660 720 1 2 7 5 778
281 15 9594 通所介護Ⅳ３４・人欠・延３ 660 720 1 2 7 6 862
282 15 9595 通所介護Ⅳ３５・人欠・延３ 660 720 1 2 7 7 946
283 15 9700 療養通所介護１・人欠 180 360 1 2 5 _ 700
284 15 9701 療養通所介護２・人欠 360 480 1 2 5 _ 1050
285 15 8401 通所介護Ⅰ１１・定超・時減 120 180 2 1 3 3 226
286 15 8402 通所介護Ⅰ１２・定超・時減 120 180 2 1 3 4 259
287 15 8403 通所介護Ⅰ１３・定超・時減 120 180 2 1 3 5 292
288 15 8404 通所介護Ⅰ１４・定超・時減 120 180 2 1 3 6 325
289 15 8405 通所介護Ⅰ１５・定超・時減 120 180 2 1 3 7 357
290 15 8411 通所介護Ⅰ１１・定超 180 300 2 1 3 3 323
291 15 8412 通所介護Ⅰ１２・定超 180 300 2 1 3 4 370
292 15 8413 通所介護Ⅰ１３・定超 180 300 2 1 3 5 417
293 15 8414 通所介護Ⅰ１４・定超 180 300 2 1 3 6 464
294 15 8415 通所介護Ⅰ１５・定超 180 300 2 1 3 7 510
295 15 8421 通所介護Ⅰ２１・定超 300 420 2 1 3 3 490
296 15 8422 通所介護Ⅰ２２・定超 300 420 2 1 3 4 578
297 15 8423 通所介護Ⅰ２３・定超 300 420 2 1 3 5 665
298 15 8424 通所介護Ⅰ２４・定超 300 420 2 1 3 6 752
299 15 8425 通所介護Ⅰ２５・定超 300 420 2 1 3 7 839
300 15 8431 通所介護Ⅰ３１・定超 420 540 2 1 3 3 566
301 15 8432 通所介護Ⅰ３２・定超 420 540 2 1 3 4 666
302 15 8433 通所介護Ⅰ３３・定超 420 540 2 1 3 5 770
303 15 8434 通所介護Ⅰ３４・定超 420 540 2 1 3 6 874
304 15 8435 通所介護Ⅰ３５・定超 420 540 2 1 3 7 977
305 15 8441 通所介護Ⅰ３１・定超・延１ 540 600 2 1 3 3 616
306 15 8442 通所介護Ⅰ３２・定超・延１ 540 600 2 1 3 4 716
307 15 8443 通所介護Ⅰ３３・定超・延１ 540 600 2 1 3 5 820
308 15 8444 通所介護Ⅰ３４・定超・延１ 540 600 2 1 3 6 924
309 15 8445 通所介護Ⅰ３５・定超・延１ 540 600 2 1 3 7 1027
310 15 8451 通所介護Ⅰ３１・定超・延２ 600 660 2 1 3 3 666
311 15 8452 通所介護Ⅰ３２・定超・延２ 600 660 2 1 3 4 766
312 15 8453 通所介護Ⅰ３３・定超・延２ 600 660 2 1 3 5 870
313 15 8454 通所介護Ⅰ３４・定超・延２ 600 660 2 1 3 6 974
314 15 8455 通所介護Ⅰ３５・定超・延２ 600 660 2 1 3 7 1077
315 15 8456 通所介護Ⅰ３１・定超・延３ 660 720 2 1 3 3 716
316 15 8457 通所介護Ⅰ３２・定超・延３ 660 720 2 1 3 4 816
317 15 8458 通所介護Ⅰ３３・定超・延３ 660 720 2 1 3 5 920
318 15 8459 通所介護Ⅰ３４・定超・延３ 660 720 2 1 3 6 1024
319 15 8460 通所介護Ⅰ３５・定超・延３ 660 720 2 1 3 7 1127
320 15 8501 通所介護Ⅱ１１・定超・時減 120 180 2 1 4 3 196
321 15 8502 通所介護Ⅱ１２・定超・時減 120 180 2 1 4 4 224
322 15 8503 通所介護Ⅱ１３・定超・時減 120 180 2 1 4 5 252
323 15 8504 通所介護Ⅱ１４・定超・時減 120 180 2 1 4 6 280
324 15 8505 通所介護Ⅱ１５・定超・時減 120 180 2 1 4 7 308
325 15 8511 通所介護Ⅱ１１・定超 180 300 2 1 4 3 280
326 15 8512 通所介護Ⅱ１２・定超 180 300 2 1 4 4 320
327 15 8513 通所介護Ⅱ１３・定超 180 300 2 1 4 5 360
328 15 8514 通所介護Ⅱ１４・定超 180 300 2 1 4 6 400
329 15 8515 通所介護Ⅱ１５・定超 180 300 2 1 4 7 440
330 15 8521 通所介護Ⅱ２１・定超 300 420 2 1 4 3 421
331 15 8522 通所介護Ⅱ２２・定超 300 420 2 1 4 4 496
332 15 8523 通所介護Ⅱ２３・定超 300 420 2 1 4 5 570
333 15 8524 通所介護Ⅱ２４・定超 300 420 2 1 4 6 644
334 15 8525 通所介護Ⅱ２５・定超 300 420 2 1 4 7 718
335 15 8531 通所介護Ⅱ３１・定超 420 540 2 1 4 3 483
336 15 8532 通所介護Ⅱ３２・定超 420 540 2 1 4 4 568
337 15 8533 通所介護Ⅱ３３・定超 420 540 2 1 4 5 656
338 15 8534 通所介護Ⅱ３４・定超 420 540 2 1 4 6 744
339 15 8535 通所介護Ⅱ３５・定超 420 540 2 1 4 7 832
340 15 8541 通所介護Ⅱ３１・定超・延１ 540 600 2 1 4 3 533
341 15 8542 通所介護Ⅱ３２・定超・延１ 540 600 2 1 4 4 618
342 15 8543 通所介護Ⅱ３３・定超・延１ 540 600 2 1 4 5 706
343 15 8544 通所介護Ⅱ３４・定超・延１ 540 600 2 1 4 6 794
344 15 8545 通所介護Ⅱ３５・定超・延１ 540 600 2 1 4 7 882
345 15 8551 通所介護Ⅱ３１・定超・延２ 600 660 2 1 4 3 583
346 15 8552 通所介護Ⅱ３２・定超・延２ 600 660 2 1 4 4 668
347 15 8553 通所介護Ⅱ３３・定超・延２ 600 660 2 1 4 5 756
348 15 8554 通所介護Ⅱ３４・定超・延２ 600 660 2 1 4 6 844
349 15 8555 通所介護Ⅱ３５・定超・延２ 600 660 2 1 4 7 932
350 15 8556 通所介護Ⅱ３１・定超・延３ 660 720 2 1 4 3 633
351 15 8557 通所介護Ⅱ３２・定超・延３ 660 720 2 1 4 4 718
352 15 8558 通所介護Ⅱ３３・定超・延３ 660 720 2 1 4 5 806
353 15 8559 通所介護Ⅱ３４・定超・延３ 660 720 2 1 4 6 894
354 15 8560 通所介護Ⅱ３５・定超・延３ 660 720 2 1 4 7 982
355 15 8461 通所介護Ⅲ１１・定超・時減 120 180 2 1 6 3 193
356 15 8462 通所介護Ⅲ１２・定超・時減 120 180 2 1 6 4 220
357 15 8463 通所介護Ⅲ１３・定超・時減 120 180 2 1 6 5 248
358 15 8464 通所介護Ⅲ１４・定超・時減 120 180 2 1 6 6 275
359 15 8465 通所介護Ⅲ１５・定超・時減 120 180 2 1 6 7 302
360 15 8466 通所介護Ⅲ１１・定超 180 300 2 1 6 3 275
361 15 8467 通所介護Ⅲ１２・定超 180 300 2 1 6 4 314
362 15 8468 通所介護Ⅲ１３・定超 180 300 2 1 6 5 354
363 15 8469 通所介護Ⅲ１４・定超 180 300 2 1 6 6 393
364 15 8470 通所介護Ⅲ１５・定超 180 300 2 1 6 7 432
365 15 8471 通所介護Ⅲ２１・定超 300 420 2 1 6 3 414
366 15 8472 通所介護Ⅲ２２・定超 300 420 2 1 6 4 487
367 15 8473 通所介護Ⅲ２３・定超 300 420 2 1 6 5 560
368 15 8474 通所介護Ⅲ２４・定超 300 420 2 1 6 6 633
369 15 8475 通所介護Ⅲ２５・定超 300 420 2 1 6 7 706
370 15 8476 通所介護Ⅲ３１・定超 420 540 2 1 6 3 475
371 15 8477 通所介護Ⅲ３２・定超 420 540 2 1 6 4 558
372 15 8478 通所介護Ⅲ３３・定超 420 540 2 1 6 5 645
373 15 8479 通所介護Ⅲ３４・定超 420 540 2 1 6 6 732
374 15 8480 通所介護Ⅲ３５・定超 420 540 2 1 6 7 818
375 15 8481 通所介護Ⅲ３１・定超・延１ 540 600 2 1 6 3 525
376 15 8482 通所介護Ⅲ３２・定超・延１ 540 600 2 1 6 4 608
377 15 8483 通所介護Ⅲ３３・定超・延１ 540 600 2 1 6 5 695
378 15 8484 通所介護Ⅲ３４・定超・延１ 540 600 2 1 6 6 782
379 15 8485 通所介護Ⅲ３５・定超・延１ 540 600 2 1 6 7 868
380 15 8486 通所介護Ⅲ３１・定超・延２ 600 660 2 1 6 3 575
381 15 8487 通所介護Ⅲ３２・定超・延２ 600 660 2 1 6 4 658
382 15 8488 通所介護Ⅲ３３・定超・延２ 600 660 2 1 6 5 745
383 15 8489 通所介護Ⅲ３４・定超・延２ 600 660 2 1 6 6 832
384 15 8490 通所介護Ⅲ３５・定超・延２ 600 660 2 1 6 7 918
385 15 8491 通所介護Ⅲ３１・定超・延３ 660 720 2 1 6 3 625
386 15 8492 通所介護Ⅲ３２・定超・延３ 660 720 2 1 6 4 708
387 15 8493 通所介護Ⅲ３３・定超・延３ 660 720 2 1 6 5 795
388 15 8494 通所介護Ⅲ３４・定超・延３ 660 720 2 1 6 6 882
389 15 8495 通所介護Ⅲ３５・定超・延３ 660 720 2 1 6 7 968
390 15 8561 通所介護Ⅳ１１・定超・時減 120 180 2 1 7 3 188
391 15 8562 通所介護Ⅳ１２・定超・時減 120 180 2 1 7 4 214
392 15 8563 通所介護Ⅳ１３・定超・時減 120 180 2 1 7 5 241
393 15 8564 通所介護Ⅳ１４・定超・時減 120 180 2 1 7 6 267
394 15 8565 通所介護Ⅳ１５・定超・時減 120 180 2 1 7 7 295
395 15 8566 通所介護Ⅳ１１・定超 180 300 2 1 7 3 268
396 15 8567 通所介護Ⅳ１２・定超 180 300 2 1 7 4 306
397 15 8568 通所介護Ⅳ１３・定超 180 300 2 1 7 5 344
398 15 8569 通所介護Ⅳ１４・定超 180 300 2 1 7 6 382
399 15 8570 通所介護Ⅳ１５・定超 180 300 2 1 7 7 421
400 15 8571 通所介護Ⅳ２１・定超 300 420 2 1 7 3 403
401 15 8572 通所介護Ⅳ２２・定超 300 420 2 1 7 4 475
402 15 8573 通所介護Ⅳ２３・定超 300 420 2 1 7 5 545
403 15 8574 通所介護Ⅳ２４・定超 300 420 2 1 7 6 616
404 15 8575 通所介護Ⅳ２５・定超 300 420 2 1 7 7 687
405 15 8576 通所介護Ⅳ３１・定超 420 540 2 1 7 3 462
406 15 8577 通所介護Ⅳ３２・定超 420 540 2 1 7 4 543
407 15 8578 通所介護Ⅳ３３・定超 420 540 2 1 7 5 628
408 15 8579 通所介護Ⅳ３４・定超 420 540 2 1 7 6 712
409 15 8580 通所介護Ⅳ３５・定超 420 540 2 1 7 7 796
410 15 8581 通所介護Ⅳ３１・定超・延１ 540 600 2 1 7 3 512
411 15 8582 通所介護Ⅳ３２・定超・延１ 540 600 2 1 7 4 593
412 15 8583 通所介護Ⅳ３３・定超・延１ 540 600 2 1 7 5 678
413 15 8584 通所介護Ⅳ３４・定超・延１ 540 600 2 1 7 6 762
414 15 8585 通所介護Ⅳ３５・定超・延１ 540 600 2 1 7 7 846
415 15 8586 通所介護Ⅳ３１・定超・延２ 600 660 2 1 7 3 562
416 15 8587 通所介護Ⅳ３２・定超・延２ 600 660 2 1 7 4 643
417 15 8588 通所介護Ⅳ３３・定超・延２ 600 660 2 1 7 5 728
418 15 8589 通所介護Ⅳ３４・定超・延２ 600 660 2 1 7 6 812
419 15 8590 通所介護Ⅳ３５・定超・延２ 600 660 2 1 7 7 896
420 15 8591 通所介護Ⅳ３１・定超・延３ 660 720 2 1 7 3 612
421 15 8592 通所介護Ⅳ３２・定超・延３ 660 720 2 1 7 4 693
422 15 8593 通所介護Ⅳ３３・定超・延３ 660 720 2 1 7 5 778
423 15 8594 通所介護Ⅳ３４・定超・延３ 660 720 2 1 7 6 862
424 15 8595 通所介護Ⅳ３５・定超・延３ 660 720 2 1 7 7 946
425 15 8700 療養通所介護１・定超 180 360 2 1 5 _ 700
426 15 8701 療養通所介護２・定超 360 480 2 1 5 _ 1050
