1 21 1111 単独短期生活Ⅰ１  1 1 1 1 1 1 1 1 645
2 21 1113 単独短期生活Ⅰ１・夜減  1 1 1 1 2 1 1 1 626
3 21 1121 単独短期生活Ⅰ２  1 1 1 1 1 1 1 2 715
4 21 1123 単独短期生活Ⅰ２・夜減  1 1 1 1 2 1 1 2 694
5 21 1131 単独短期生活Ⅰ３  1 1 1 1 1 1 1 3 787
6 21 1133 単独短期生活Ⅰ３・夜減  1 1 1 1 2 1 1 3 763
7 21 1141 単独短期生活Ⅰ４  1 1 1 1 1 1 1 4 857
8 21 1143 単独短期生活Ⅰ４・夜減  1 1 1 1 2 1 1 4 831
9 21 1151 単独短期生活Ⅰ５  1 1 1 1 1 1 1 5 926
10 21 1153 単独短期生活Ⅰ５・夜減  1 1 1 1 2 1 1 5 898
11 21 1115 単独短期生活Ⅱ１  1 2 1 1 1 1 1 1 718
12 21 1117 単独短期生活Ⅱ１・夜減  1 2 1 1 2 1 1 1 696
13 21 1125 単独短期生活Ⅱ２  1 2 1 1 1 1 1 2 787
14 21 1127 単独短期生活Ⅱ２・夜減  1 2 1 1 2 1 1 2 763
15 21 1135 単独短期生活Ⅱ３  1 2 1 1 1 1 1 3 858
16 21 1137 単独短期生活Ⅱ３・夜減  1 2 1 1 2 1 1 3 832
17 21 1145 単独短期生活Ⅱ４  1 2 1 1 1 1 1 4 927
18 21 1147 単独短期生活Ⅱ４・夜減  1 2 1 1 2 1 1 4 899
19 21 1155 単独短期生活Ⅱ５  1 2 1 1 1 1 1 5 995
20 21 1157 単独短期生活Ⅱ５・夜減  1 2 1 1 2 1 1 5 965
21 21 2111 併設短期生活Ⅰ１  2 1 1 1 1 1 1 1 609
22 21 2113 併設短期生活Ⅰ１・夜減  2 1 1 1 2 1 1 1 591
23 21 2121 併設短期生活Ⅰ２  2 1 1 1 1 1 1 2 679
24 21 2123 併設短期生活Ⅰ２・夜減  2 1 1 1 2 1 1 2 659
25 21 2131 併設短期生活Ⅰ３  2 1 1 1 1 1 1 3 751
26 21 2133 併設短期生活Ⅰ３・夜減  2 1 1 1 2 1 1 3 728
27 21 2141 併設短期生活Ⅰ４  2 1 1 1 1 1 1 4 821
28 21 2143 併設短期生活Ⅰ４・夜減  2 1 1 1 2 1 1 4 796
29 21 2151 併設短期生活Ⅰ５  2 1 1 1 1 1 1 5 890
30 21 2153 併設短期生活Ⅰ５・夜減  2 1 1 1 2 1 1 5 863
31 21 2115 併設短期生活Ⅱ１  2 2 1 1 1 1 1 1 682
32 21 2117 併設短期生活Ⅱ１・夜減  2 2 1 1 2 1 1 1 662
33 21 2125 併設短期生活Ⅱ２  2 2 1 1 1 1 1 2 751
34 21 2127 併設短期生活Ⅱ２・夜減  2 2 1 1 2 1 1 2 728
35 21 2135 併設短期生活Ⅱ３  2 2 1 1 1 1 1 3 822
36 21 2137 併設短期生活Ⅱ３・夜減  2 2 1 1 2 1 1 3 797
37 21 2145 併設短期生活Ⅱ４  2 2 1 1 1 1 1 4 891
38 21 2147 併設短期生活Ⅱ４・夜減  2 2 1 1 2 1 1 4 864
39 21 2155 併設短期生活Ⅱ５  2 2 1 1 1 1 1 5 959
40 21 2157 併設短期生活Ⅱ５・夜減  2 2 1 1 2 1 1 5 930
41 21 1411 単ユ短期生活Ⅰ１  3 1 1 2 1 1 1 1 747
42 21 1413 単ユ短期生活Ⅰ１・夜減  3 1 1 2 2 1 1 1 725
43 21 1421 単ユ短期生活Ⅰ２  3 1 1 2 1 1 1 2 817
44 21 1423 単ユ短期生活Ⅰ２・夜減  3 1 1 2 2 1 1 2 792
45 21 1431 単ユ短期生活Ⅰ３  3 1 1 2 1 1 1 3 890
46 21 1433 単ユ短期生活Ⅰ３・夜減  3 1 1 2 2 1 1 3 863
47 21 1441 単ユ短期生活Ⅰ４  3 1 1 2 1 1 1 4 960
48 21 1443 単ユ短期生活Ⅰ４・夜減  3 1 1 2 2 1 1 4 931
49 21 1451 単ユ短期生活Ⅰ５  3 1 1 2 1 1 1 5 1029
50 21 1453 単ユ短期生活Ⅰ５・夜減  3 1 1 2 2 1 1 5 998
51 21 1415 単ユ短期生活Ⅱ１  3 1 2 2 1 1 1 1 747
52 21 1417 単ユ短期生活Ⅱ１・夜減  3 1 2 2 2 1 1 1 725
53 21 1425 単ユ短期生活Ⅱ２  3 1 2 2 1 1 1 2 817
54 21 1427 単ユ短期生活Ⅱ２・夜減  3 1 2 2 2 1 1 2 792
55 21 1435 単ユ短期生活Ⅱ３  3 1 2 2 1 1 1 3 890
56 21 1437 単ユ短期生活Ⅱ３・夜減  3 1 2 2 2 1 1 3 863
57 21 1445 単ユ短期生活Ⅱ４  3 1 2 2 1 1 1 4 960
58 21 1447 単ユ短期生活Ⅱ４・夜減  3 1 2 2 2 1 1 4 931
59 21 1455 単ユ短期生活Ⅱ５  3 1 2 2 1 1 1 5 1029
60 21 1457 単ユ短期生活Ⅱ５・夜減  3 1 2 2 2 1 1 5 998
61 21 2411 併ユ短期生活Ⅰ１  4 1 1 2 1 1 1 1 711
62 21 2413 併ユ短期生活Ⅰ１・夜減  4 1 1 2 2 1 1 1 690
63 21 2421 併ユ短期生活Ⅰ２  4 1 1 2 1 1 1 2 781
64 21 2423 併ユ短期生活Ⅰ２・夜減  4 1 1 2 2 1 1 2 758
65 21 2431 併ユ短期生活Ⅰ３  4 1 1 2 1 1 1 3 854
66 21 2433 併ユ短期生活Ⅰ３・夜減  4 1 1 2 2 1 1 3 828
67 21 2441 併ユ短期生活Ⅰ４  4 1 1 2 1 1 1 4 924
68 21 2443 併ユ短期生活Ⅰ４・夜減  4 1 1 2 2 1 1 4 896
69 21 2451 併ユ短期生活Ⅰ５  4 1 1 2 1 1 1 5 993
70 21 2453 併ユ短期生活Ⅰ５・夜減  4 1 1 2 2 1 1 5 963
71 21 2415 併ユ短期生活Ⅱ１  4 1 2 2 1 1 1 1 711
72 21 2417 併ユ短期生活Ⅱ１・夜減  4 1 2 2 2 1 1 1 690
73 21 2425 併ユ短期生活Ⅱ２  4 1 2 2 1 1 1 2 781
74 21 2427 併ユ短期生活Ⅱ２・夜減  4 1 2 2 2 1 1 2 758
75 21 2435 併ユ短期生活Ⅱ３  4 1 2 2 1 1 1 3 854
76 21 2437 併ユ短期生活Ⅱ３・夜減  4 1 2 2 2 1 1 3 828
77 21 2445 併ユ短期生活Ⅱ４  4 1 2 2 1 1 1 4 924
78 21 2447 併ユ短期生活Ⅱ４・夜減  4 1 2 2 2 1 1 4 896
79 21 2455 併ユ短期生活Ⅱ５  4 1 2 2 1 1 1 5 993
80 21 2457 併ユ短期生活Ⅱ５・夜減  4 1 2 2 2 1 1 5 963
81 21 3005 単ユ短期生活Ⅰ１・未  3 1 1 1 1 1 1 1 725
82 21 3007 単ユ短期生活Ⅰ１・夜減・未  3 1 1 1 2 1 1 1 703
83 21 3009 単ユ短期生活Ⅰ２・未  3 1 1 1 1 1 1 2 792
84 21 3011 単ユ短期生活Ⅰ２・夜減・未  3 1 1 1 2 1 1 2 768
85 21 3013 単ユ短期生活Ⅰ３・未  3 1 1 1 1 1 1 3 863
86 21 3015 単ユ短期生活Ⅰ３・夜減・未  3 1 1 1 2 1 1 3 837
87 21 3017 単ユ短期生活Ⅰ４・未  3 1 1 1 1 1 1 4 931
88 21 3019 単ユ短期生活Ⅰ４・夜減・未  3 1 1 1 2 1 1 4 903
89 21 3021 単ユ短期生活Ⅰ５・未  3 1 1 1 1 1 1 5 998
90 21 3023 単ユ短期生活Ⅰ５・夜減・未  3 1 1 1 2 1 1 5 968
91 21 3029 単ユ短期生活Ⅱ１・未  3 1 2 1 1 1 1 1 725
92 21 3031 単ユ短期生活Ⅱ１・夜減・未  3 1 2 1 2 1 1 1 703
93 21 3033 単ユ短期生活Ⅱ２・未  3 1 2 1 1 1 1 2 792
94 21 3035 単ユ短期生活Ⅱ２・夜減・未  3 1 2 1 2 1 1 2 768
95 21 3037 単ユ短期生活Ⅱ３・未  3 1 2 1 1 1 1 3 863
96 21 3039 単ユ短期生活Ⅱ３・夜減・未  3 1 2 1 2 1 1 3 837
97 21 3041 単ユ短期生活Ⅱ４・未  3 1 2 1 1 1 1 4 931
98 21 3043 単ユ短期生活Ⅱ４・夜減・未  3 1 2 1 2 1 1 4 903
99 21 3045 単ユ短期生活Ⅱ５・未  3 1 2 1 1 1 1 5 998
100 21 3047 単ユ短期生活Ⅱ５・夜減・未  3 1 2 1 2 1 1 5 968
101 21 3053 併ユ短期生活Ⅰ１・未  4 1 1 1 1 1 1 1 690
102 21 3055 併ユ短期生活Ⅰ１・夜減・未  4 1 1 1 2 1 1 1 669
103 21 3057 併ユ短期生活Ⅰ２・未  4 1 1 1 1 1 1 2 758
104 21 3059 併ユ短期生活Ⅰ２・夜減・未  4 1 1 1 2 1 1 2 735
105 21 3061 併ユ短期生活Ⅰ３・未  4 1 1 1 1 1 1 3 828
106 21 3063 併ユ短期生活Ⅰ３・夜減・未  4 1 1 1 2 1 1 3 803
107 21 3065 併ユ短期生活Ⅰ４・未  4 1 1 1 1 1 1 4 896
108 21 3067 併ユ短期生活Ⅰ４・夜減・未  4 1 1 1 2 1 1 4 869
109 21 3069 併ユ短期生活Ⅰ５・未  4 1 1 1 1 1 1 5 963
110 21 3071 併ユ短期生活Ⅰ５・夜減・未  4 1 1 1 2 1 1 5 934
111 21 3077 併ユ短期生活Ⅱ１・未  4 1 2 1 1 1 1 1 690
112 21 3079 併ユ短期生活Ⅱ１・夜減・未  4 1 2 1 2 1 1 1 669
113 21 3081 併ユ短期生活Ⅱ２・未  4 1 2 1 1 1 1 2 758
114 21 3083 併ユ短期生活Ⅱ２・夜減・未  4 1 2 1 2 1 1 2 735
115 21 3085 併ユ短期生活Ⅱ３・未  4 1 2 1 1 1 1 3 828
116 21 3087 併ユ短期生活Ⅱ３・夜減・未  4 1 2 1 2 1 1 3 803
117 21 3089 併ユ短期生活Ⅱ４・未  4 1 2 1 1 1 1 4 896
118 21 3091 併ユ短期生活Ⅱ４・夜減・未  4 1 2 1 2 1 1 4 869
119 21 3093 併ユ短期生活Ⅱ５・未  4 1 2 1 1 1 1 5 963
120 21 3095 併ユ短期生活Ⅱ５・夜減・未  4 1 2 1 2 1 1 5 934
121 21 8011 単独短期Ⅰ１・超  1 1 1 1 1 2 1 1 452
122 21 8013 単独短期Ⅰ１・夜減・超  1 1 1 1 2 2 1 1 438
123 21 8021 単独短期Ⅰ２・超  1 1 1 1 1 2 1 2 501
124 21 8023 単独短期Ⅰ２・夜減・超  1 1 1 1 2 2 1 2 486
125 21 8031 単独短期Ⅰ３・超  1 1 1 1 1 2 1 3 551
126 21 8033 単独短期Ⅰ３・夜減・超  1 1 1 1 2 2 1 3 534
127 21 8041 単独短期Ⅰ４・超  1 1 1 1 1 2 1 4 600
128 21 8043 単独短期Ⅰ４・夜減・超  1 1 1 1 2 2 1 4 582
129 21 8051 単独短期Ⅰ５・超  1 1 1 1 1 2 1 5 648
130 21 8053 単独短期Ⅰ５・夜減・超  1 1 1 1 2 2 1 5 629
131 21 8015 単独短期Ⅱ１・超  1 2 1 1 1 2 1 1 503
132 21 8017 単独短期Ⅱ１・夜減・超  1 2 1 1 2 2 1 1 487
133 21 8025 単独短期Ⅱ２・超  1 2 1 1 1 2 1 2 551
134 21 8027 単独短期Ⅱ２・夜減・超  1 2 1 1 2 2 1 2 534
135 21 8035 単独短期Ⅱ３・超  1 2 1 1 1 2 1 3 601
136 21 8037 単独短期Ⅱ３・夜減・超  1 2 1 1 2 2 1 3 582
137 21 8045 単独短期Ⅱ４・超  1 2 1 1 1 2 1 4 649
138 21 8047 単独短期Ⅱ４・夜減・超  1 2 1 1 2 2 1 4 629
139 21 8055 単独短期Ⅱ５・超  1 2 1 1 1 2 1 5 697
140 21 8057 単独短期Ⅱ５・夜減・超  1 2 1 1 2 2 1 5 676
141 21 8371 併設短期Ⅰ１・超  2 1 1 1 1 2 1 1 426
142 21 8373 併設短期Ⅰ１・夜減・超  2 1 1 1 2 2 1 1 414
143 21 8381 併設短期Ⅰ２・超  2 1 1 1 1 2 1 2 475
144 21 8383 併設短期Ⅰ２・夜減・超  2 1 1 1 2 2 1 2 461
145 21 8391 併設短期Ⅰ３・超  2 1 1 1 1 2 1 3 526
146 21 8393 併設短期Ⅰ３・夜減・超  2 1 1 1 2 2 1 3 510
147 21 8401 併設短期Ⅰ４・超  2 1 1 1 1 2 1 4 575
148 21 8403 併設短期Ⅰ４・夜減・超  2 1 1 1 2 2 1 4 557
149 21 8411 併設短期Ⅰ５・超  2 1 1 1 1 2 1 5 623
150 21 8413 併設短期Ⅰ５・夜減・超  2 1 1 1 2 2 1 5 604
151 21 8375 併設短期Ⅱ１・超  2 2 1 1 1 2 1 1 477
152 21 8377 併設短期Ⅱ１・夜減・超  2 2 1 1 2 2 1 1 463
153 21 8385 併設短期Ⅱ２・超  2 2 1 1 1 2 1 2 526
154 21 8387 併設短期Ⅱ２・夜減・超  2 2 1 1 2 2 1 2 510
155 21 8395 併設短期Ⅱ３・超  2 2 1 1 1 2 1 3 575
156 21 8397 併設短期Ⅱ３・夜減・超  2 2 1 1 2 2 1 3 558
157 21 8405 併設短期Ⅱ４・超  2 2 1 1 1 2 1 4 624
158 21 8407 併設短期Ⅱ４・夜減・超  2 2 1 1 2 2 1 4 605
159 21 8415 併設短期Ⅱ５・超  2 2 1 1 1 2 1 5 671
160 21 8417 併設短期Ⅱ５・夜減・超  2 2 1 1 2 2 1 5 651
161 21 8191 単ユ短期Ⅰ１・超  3 1 1 2 1 2 1 1 523
162 21 8193 単ユ短期Ⅰ１・夜減・超  3 1 1 2 2 2 1 1 508
163 21 8201 単ユ短期Ⅰ２・超  3 1 1 2 1 2 1 2 572
164 21 8203 単ユ短期Ⅰ２・夜減・超  3 1 1 2 2 2 1 2 554
165 21 8211 単ユ短期Ⅰ３・超  3 1 1 2 1 2 1 3 623
166 21 8213 単ユ短期Ⅰ３・夜減・超  3 1 1 2 2 2 1 3 604
167 21 8221 単ユ短期Ⅰ４・超  3 1 1 2 1 2 1 4 672
168 21 8223 単ユ短期Ⅰ４・夜減・超  3 1 1 2 2 2 1 4 652
169 21 8231 単ユ短期Ⅰ５・超  3 1 1 2 1 2 1 5 720
170 21 8233 単ユ短期Ⅰ５・夜減・超  3 1 1 2 2 2 1 5 699
171 21 8195 単ユ短期Ⅱ１・超  3 1 2 2 1 2 1 1 523
172 21 8197 単ユ短期Ⅱ１・夜減・超  3 1 2 2 2 2 1 1 508
173 21 8205 単ユ短期Ⅱ２・超  3 1 2 2 1 2 1 2 572
174 21 8207 単ユ短期Ⅱ２・夜減・超  3 1 2 2 2 2 1 2 554
175 21 8215 単ユ短期Ⅱ３・超  3 1 2 2 1 2 1 3 623
176 21 8217 単ユ短期Ⅱ３・夜減・超  3 1 2 2 2 2 1 3 604
177 21 8225 単ユ短期Ⅱ４・超  3 1 2 2 1 2 1 4 672
178 21 8227 単ユ短期Ⅱ４・夜減・超  3 1 2 2 2 2 1 4 652
179 21 8235 単ユ短期Ⅱ５・超  3 1 2 2 1 2 1 5 720
180 21 8237 単ユ短期Ⅱ５・夜減・超  3 1 2 2 2 2 1 5 699
181 21 8551 併ユ短期Ⅰ１・超  4 1 1 2 1 2 1 1 498
182 21 8553 併ユ短期Ⅰ１・夜減・超  4 1 1 2 2 2 1 1 483
183 21 8561 併ユ短期Ⅰ２・超  4 1 1 2 1 2 1 2 547
184 21 8563 併ユ短期Ⅰ２・夜減・超  4 1 1 2 2 2 1 2 531
185 21 8571 併ユ短期Ⅰ３・超  4 1 1 2 1 2 1 3 598
186 21 8573 併ユ短期Ⅰ３・夜減・超  4 1 1 2 2 2 1 3 580
187 21 8581 併ユ短期Ⅰ４・超  4 1 1 2 1 2 1 4 647
188 21 8583 併ユ短期Ⅰ４・夜減・超  4 1 1 2 2 2 1 4 627
189 21 8591 併ユ短期Ⅰ５・超  4 1 1 2 1 2 1 5 695
190 21 8593 併ユ短期Ⅰ５・夜減・超  4 1 1 2 2 2 1 5 674
191 21 8555 併ユ短期Ⅱ１・超  4 1 2 2 1 2 1 1 498
192 21 8557 併ユ短期Ⅱ１・夜減・超  4 1 2 2 2 2 1 1 483
193 21 8565 併ユ短期Ⅱ２・超  4 1 2 2 1 2 1 2 547
194 21 8567 併ユ短期Ⅱ２・夜減・超  4 1 2 2 2 2 1 2 531
195 21 8575 併ユ短期Ⅱ３・超  4 1 2 2 1 2 1 3 598
196 21 8577 併ユ短期Ⅱ３・夜減・超  4 1 2 2 2 2 1 3 580
197 21 8585 併ユ短期Ⅱ４・超  4 1 2 2 1 2 1 4 647
198 21 8587 併ユ短期Ⅱ４・夜減・超  4 1 2 2 2 2 1 4 627
199 21 8595 併ユ短期Ⅱ５・超  4 1 2 2 1 2 1 5 695
200 21 8597 併ユ短期Ⅱ５・夜減・超  4 1 2 2 2 2 1 5 674
201 21 7005 単ユ短期Ⅰ１・超・未  3 1 1 1 1 2 1 1 507
202 21 7007 単ユ短期Ⅰ１・夜減・超・未  3 1 1 1 2 2 1 1 493
203 21 7009 単ユ短期Ⅰ２・超・未  3 1 1 1 1 2 1 2 555
204 21 7011 単ユ短期Ⅰ２・夜減・超・未  3 1 1 1 2 2 1 2 537
205 21 7013 単ユ短期Ⅰ３・超・未  3 1 1 1 1 2 1 3 604
206 21 7015 単ユ短期Ⅰ３・夜減・超・未  3 1 1 1 2 2 1 3 586
207 21 7017 単ユ短期Ⅰ４・超・未  3 1 1 1 1 2 1 4 652
208 21 7019 単ユ短期Ⅰ４・夜減・超・未  3 1 1 1 2 2 1 4 632
209 21 7021 単ユ短期Ⅰ５・超・未  3 1 1 1 1 2 1 5 698
210 21 7023 単ユ短期Ⅰ５・夜減・超・未  3 1 1 1 2 2 1 5 678
211 21 7029 単ユ短期Ⅱ１・超・未  3 1 2 1 1 2 1 1 507
212 21 7031 単ユ短期Ⅱ１・夜減・超・未  3 1 2 1 2 2 1 1 493
213 21 7033 単ユ短期Ⅱ２・超・未  3 1 2 1 1 2 1 2 555
214 21 7035 単ユ短期Ⅱ２・夜減・超・未  3 1 2 1 2 2 1 2 537
215 21 7037 単ユ短期Ⅱ３・超・未  3 1 2 1 1 2 1 3 604
216 21 7039 単ユ短期Ⅱ３・夜減・超・未  3 1 2 1 2 2 1 3 586
217 21 7041 単ユ短期Ⅱ４・超・未  3 1 2 1 1 2 1 4 652
218 21 7043 単ユ短期Ⅱ４・夜減・超・未  3 1 2 1 2 2 1 4 632
219 21 7045 単ユ短期Ⅱ５・超・未  3 1 2 1 1 2 1 5 698
220 21 7047 単ユ短期Ⅱ５・夜減・超・未  3 1 2 1 2 2 1 5 678
221 21 7053 併ユ短期Ⅰ１・超・未  4 1 1 1 1 2 1 1 483
222 21 7055 併ユ短期Ⅰ１・夜減・超・未  4 1 1 1 2 2 1 1 469
223 21 7057 併ユ短期Ⅰ２・超・未  4 1 1 1 1 2 1 2 531
224 21 7059 併ユ短期Ⅰ２・夜減・超・未  4 1 1 1 2 2 1 2 515
225 21 7061 併ユ短期Ⅰ３・超・未  4 1 1 1 1 2 1 3 580
226 21 7063 併ユ短期Ⅰ３・夜減・超・未  4 1 1 1 2 2 1 3 563
227 21 7065 併ユ短期Ⅰ４・超・未  4 1 1 1 1 2 1 4 628
228 21 7067 併ユ短期Ⅰ４・夜減・超・未  4 1 1 1 2 2 1 4 608
229 21 7069 併ユ短期Ⅰ５・超・未  4 1 1 1 1 2 1 5 674
230 21 7071 併ユ短期Ⅰ５・夜減・超・未  4 1 1 1 2 2 1 5 654
231 21 7077 併ユ短期Ⅱ１・超・未  4 1 2 1 1 2 1 1 483
232 21 7079 併ユ短期Ⅱ１・夜減・超・未  4 1 2 1 2 2 1 1 469
233 21 7081 併ユ短期Ⅱ２・超・未  4 1 2 1 1 2 1 2 531
234 21 7083 併ユ短期Ⅱ２・夜減・超・未  4 1 2 1 2 2 1 2 515
235 21 7085 併ユ短期Ⅱ３・超・未  4 1 2 1 1 2 1 3 580
236 21 7087 併ユ短期Ⅱ３・夜減・超・未  4 1 2 1 2 2 1 3 563
237 21 7089 併ユ短期Ⅱ４・超・未  4 1 2 1 1 2 1 4 628
238 21 7091 併ユ短期Ⅱ４・夜減・超・未  4 1 2 1 2 2 1 4 608
239 21 7093 併ユ短期Ⅱ５・超・未  4 1 2 1 1 2 1 5 674
240 21 7095 併ユ短期Ⅱ５・夜減・超・未  4 1 2 1 2 2 1 5 654
241 21 9411 単独短期Ⅰ１・欠  1 1 1 1 1 1 2 1 452
242 21 9413 単独短期Ⅰ１・夜減・欠  1 1 1 1 2 1 2 1 438
243 21 9421 単独短期Ⅰ２・欠  1 1 1 1 1 1 2 2 501
244 21 9423 単独短期Ⅰ２・夜減・欠  1 1 1 1 2 1 2 2 486
245 21 9431 単独短期Ⅰ３・欠  1 1 1 1 1 1 2 3 551
246 21 9433 単独短期Ⅰ３・夜減・欠  1 1 1 1 2 1 2 3 534
247 21 9441 単独短期Ⅰ４・欠  1 1 1 1 1 1 2 4 600
248 21 9443 単独短期Ⅰ４・夜減・欠  1 1 1 1 2 1 2 4 582
249 21 9451 単独短期Ⅰ５・欠  1 1 1 1 1 1 2 5 648
250 21 9453 単独短期Ⅰ５・夜減・欠  1 1 1 1 2 1 2 5 629
251 21 9415 単独短期Ⅱ１・欠  1 2 1 1 1 1 2 1 503
252 21 9417 単独短期Ⅱ１・夜減・欠  1 2 1 1 2 1 2 1 487
253 21 9425 単独短期Ⅱ２・欠  1 2 1 1 1 1 2 2 551
254 21 9427 単独短期Ⅱ２・夜減・欠  1 2 1 1 2 1 2 2 534
255 21 9435 単独短期Ⅱ３・欠  1 2 1 1 1 1 2 3 601
256 21 9437 単独短期Ⅱ３・夜減・欠  1 2 1 1 2 1 2 3 582
257 21 9445 単独短期Ⅱ４・欠  1 2 1 1 1 1 2 4 649
258 21 9447 単独短期Ⅱ４・夜減・欠  1 2 1 1 2 1 2 4 629
259 21 9455 単独短期Ⅱ５・欠  1 2 1 1 1 1 2 5 697
260 21 9457 単独短期Ⅱ５・夜減・欠  1 2 1 1 2 1 2 5 676
261 21 9511 併設短期Ⅰ１・欠  2 1 1 1 1 1 2 1 426
262 21 9513 併設短期Ⅰ１・夜減・欠  2 1 1 1 2 1 2 1 414
263 21 9521 併設短期Ⅰ２・欠  2 1 1 1 1 1 2 2 475
264 21 9523 併設短期Ⅰ２・夜減・欠  2 1 1 1 2 1 2 2 461
265 21 9531 併設短期Ⅰ３・欠  2 1 1 1 1 1 2 3 526
266 21 9533 併設短期Ⅰ３・夜減・欠  2 1 1 1 2 1 2 3 510
267 21 9541 併設短期Ⅰ４・欠  2 1 1 1 1 1 2 4 575
268 21 9543 併設短期Ⅰ４・夜減・欠  2 1 1 1 2 1 2 4 557
269 21 9551 併設短期Ⅰ５・欠  2 1 1 1 1 1 2 5 623
270 21 9553 併設短期Ⅰ５・夜減・欠  2 1 1 1 2 1 2 5 604
271 21 9515 併設短期Ⅱ１・欠  2 2 1 1 1 1 2 1 477
272 21 9517 併設短期Ⅱ１・夜減・欠  2 2 1 1 2 1 2 1 463
273 21 9525 併設短期Ⅱ２・欠  2 2 1 1 1 1 2 2 526
274 21 9527 併設短期Ⅱ２・夜減・欠  2 2 1 1 2 1 2 2 510
275 21 9535 併設短期Ⅱ３・欠  2 2 1 1 1 1 2 3 575
276 21 9537 併設短期Ⅱ３・夜減・欠  2 2 1 1 2 1 2 3 558
277 21 9545 併設短期Ⅱ４・欠  2 2 1 1 1 1 2 4 624
278 21 9547 併設短期Ⅱ４・夜減・欠  2 2 1 1 2 1 2 4 605
279 21 9555 併設短期Ⅱ５・欠  2 2 1 1 1 1 2 5 671
280 21 9557 併設短期Ⅱ５・夜減・欠  2 2 1 1 2 1 2 5 651
281 21 9111 単ユ短期Ⅰ１・欠  3 1 1 2 1 1 2 1 523
282 21 9113 単ユ短期Ⅰ１・夜減・欠  3 1 1 2 2 1 2 1 508
283 21 9121 単ユ短期Ⅰ２・欠  3 1 1 2 1 1 2 2 572
284 21 9123 単ユ短期Ⅰ２・夜減・欠  3 1 1 2 2 1 2 2 554
285 21 9131 単ユ短期Ⅰ３・欠  3 1 1 2 1 1 2 3 623
286 21 9133 単ユ短期Ⅰ３・夜減・欠  3 1 1 2 2 1 2 3 604
287 21 9141 単ユ短期Ⅰ４・欠  3 1 1 2 1 1 2 4 672
288 21 9143 単ユ短期Ⅰ４・夜減・欠  3 1 1 2 2 1 2 4 652
289 21 9151 単ユ短期Ⅰ５・欠  3 1 1 2 1 1 2 5 720
290 21 9153 単ユ短期Ⅰ５・夜減・欠  3 1 1 2 2 1 2 5 699
291 21 9115 単ユ短期Ⅱ１・欠  3 1 2 2 1 1 2 1 523
292 21 9117 単ユ短期Ⅱ１・夜減・欠  3 1 2 2 2 1 2 1 508
293 21 9125 単ユ短期Ⅱ２・欠  3 1 2 2 1 1 2 2 572
294 21 9127 単ユ短期Ⅱ２・夜減・欠  3 1 2 2 2 1 2 2 554
295 21 9135 単ユ短期Ⅱ３・欠  3 1 2 2 1 1 2 3 623
296 21 9137 単ユ短期Ⅱ３・夜減・欠  3 1 2 2 2 1 2 3 604
297 21 9145 単ユ短期Ⅱ４・欠  3 1 2 2 1 1 2 4 672
298 21 9147 単ユ短期Ⅱ４・夜減・欠  3 1 2 2 2 1 2 4 652
299 21 9155 単ユ短期Ⅱ５・欠  3 1 2 2 1 1 2 5 720
300 21 9157 単ユ短期Ⅱ５・夜減・欠  3 1 2 2 2 1 2 5 699
301 21 9311 併ユ短期Ⅰ１・欠  4 1 1 2 1 1 2 1 498
302 21 9313 併ユ短期Ⅰ１・夜減・欠  4 1 1 2 2 1 2 1 483
303 21 9321 併ユ短期Ⅰ２・欠  4 1 1 2 1 1 2 2 547
304 21 9323 併ユ短期Ⅰ２・夜減・欠  4 1 1 2 2 1 2 2 531
305 21 9331 併ユ短期Ⅰ３・欠  4 1 1 2 1 1 2 3 598
306 21 9333 併ユ短期Ⅰ３・夜減・欠  4 1 1 2 2 1 2 3 580
307 21 9341 併ユ短期Ⅰ４・欠  4 1 1 2 1 1 2 4 647
308 21 9343 併ユ短期Ⅰ４・夜減・欠  4 1 1 2 2 1 2 4 627
309 21 9351 併ユ短期Ⅰ５・欠  4 1 1 2 1 1 2 5 695
310 21 9353 併ユ短期Ⅰ５・夜減・欠  4 1 1 2 2 1 2 5 674
311 21 9315 併ユ短期Ⅱ１・欠  4 1 2 2 1 1 2 1 498
312 21 9317 併ユ短期Ⅱ１・夜減・欠  4 1 2 2 2 1 2 1 483
313 21 9325 併ユ短期Ⅱ２・欠  4 1 2 2 1 1 2 2 547
314 21 9327 併ユ短期Ⅱ２・夜減・欠  4 1 2 2 2 1 2 2 531
315 21 9335 併ユ短期Ⅱ３・欠  4 1 2 2 1 1 2 3 598
316 21 9337 併ユ短期Ⅱ３・夜減・欠  4 1 2 2 2 1 2 3 580
317 21 9345 併ユ短期Ⅱ４・欠  4 1 2 2 1 1 2 4 647
318 21 9347 併ユ短期Ⅱ４・夜減・欠  4 1 2 2 2 1 2 4 627
319 21 9355 併ユ短期Ⅱ５・欠  4 1 2 2 1 1 2 5 695
320 21 9357 併ユ短期Ⅱ５・夜減・欠  4 1 2 2 2 1 2 5 674
321 21 7101 単ユ短期Ⅰ１・欠・未  3 1 1 1 1 1 2 1 507
322 21 7103 単ユ短期Ⅰ１・夜減・欠・未  3 1 1 1 2 1 2 1 493
323 21 7105 単ユ短期Ⅰ２・欠・未  3 1 1 1 1 1 2 2 555
324 21 7107 単ユ短期Ⅰ２・夜減・欠・未  3 1 1 1 2 1 2 2 537
325 21 7109 単ユ短期Ⅰ３・欠・未  3 1 1 1 1 1 2 3 604
326 21 7111 単ユ短期Ⅰ３・夜減・欠・未  3 1 1 1 2 1 2 3 586
327 21 7113 単ユ短期Ⅰ４・欠・未  3 1 1 1 1 1 2 4 652
328 21 7115 単ユ短期Ⅰ４・夜減・欠・未  3 1 1 1 2 1 2 4 632
329 21 7117 単ユ短期Ⅰ５・欠・未  3 1 1 1 1 1 2 5 698
330 21 7119 単ユ短期Ⅰ５・夜減・欠・未  3 1 1 1 2 1 2 5 678
331 21 7125 単ユ短期Ⅱ１・欠・未  3 1 2 1 1 1 2 1 507
332 21 7127 単ユ短期Ⅱ１・夜減・欠・未  3 1 2 1 2 1 2 1 493
333 21 7129 単ユ短期Ⅱ２・欠・未  3 1 2 1 1 1 2 2 555
334 21 7131 単ユ短期Ⅱ２・夜減・欠・未  3 1 2 1 2 1 2 2 537
335 21 7133 単ユ短期Ⅱ３・欠・未  3 1 2 1 1 1 2 3 604
336 21 7135 単ユ短期Ⅱ３・夜減・欠・未  3 1 2 1 2 1 2 3 586
337 21 7137 単ユ短期Ⅱ４・欠・未  3 1 2 1 1 1 2 4 652
338 21 7139 単ユ短期Ⅱ４・夜減・欠・未  3 1 2 1 2 1 2 4 632
339 21 7141 単ユ短期Ⅱ５・欠・未  3 1 2 1 1 1 2 5 698
340 21 7143 単ユ短期Ⅱ５・夜減・欠・未  3 1 2 1 2 1 2 5 678
341 21 7149 併ユ短期Ⅰ１・欠・未  4 1 1 1 1 1 2 1 483
342 21 7151 併ユ短期Ⅰ１・夜減・欠・未  4 1 1 1 2 1 2 1 469
343 21 7153 併ユ短期Ⅰ２・欠・未  4 1 1 1 1 1 2 2 531
344 21 7155 併ユ短期Ⅰ２・夜減・欠・未  4 1 1 1 2 1 2 2 515
345 21 7157 併ユ短期Ⅰ３・欠・未  4 1 1 1 1 1 2 3 580
346 21 7159 併ユ短期Ⅰ３・夜減・欠・未  4 1 1 1 2 1 2 3 563
347 21 7161 併ユ短期Ⅰ４・欠・未  4 1 1 1 1 1 2 4 628
348 21 7163 併ユ短期Ⅰ４・夜減・欠・未  4 1 1 1 2 1 2 4 608
349 21 7165 併ユ短期Ⅰ５・欠・未  4 1 1 1 1 1 2 5 674
350 21 7167 併ユ短期Ⅰ５・夜減・欠・未  4 1 1 1 2 1 2 5 654
351 21 7173 併ユ短期Ⅱ１・欠・未  4 1 2 1 1 1 2 1 483
352 21 7175 併ユ短期Ⅱ１・夜減・欠・未  4 1 2 1 2 1 2 1 469
353 21 7177 併ユ短期Ⅱ２・欠・未  4 1 2 1 1 1 2 2 531
354 21 7179 併ユ短期Ⅱ２・夜減・欠・未  4 1 2 1 2 1 2 2 515
355 21 7181 併ユ短期Ⅱ３・欠・未  4 1 2 1 1 1 2 3 580
356 21 7183 併ユ短期Ⅱ３・夜減・欠・未  4 1 2 1 2 1 2 3 563
357 21 7185 併ユ短期Ⅱ４・欠・未  4 1 2 1 1 1 2 4 628
358 21 7187 併ユ短期Ⅱ４・夜減・欠・未  4 1 2 1 2 1 2 4 608
359 21 7189 併ユ短期Ⅱ５・欠・未  4 1 2 1 1 1 2 5 674
360 21 7191 併ユ短期Ⅱ５・夜減・欠・未  4 1 2 1 2 1 2 5 654
