00000013 2014 06 03 14:00 14:59 11 7311 0070 10.84 1 236 1 20140701125905 00034
00000013 2014 06 07 14:10 14:59 11 7311 0070 10.84 1 236 1 20140701125905 00034
00000013 2014 06 10 14:00 14:59 11 7311 0070 10.84 1 236 1 20140701125905 00034
00000013 2014 06 14 14:00 14:59 11 7311 0070 10.84 1 236 1 20140701125905 00034
00000013 2014 06 17 14:00 14:59 11 7311 0070 10.84 1 236 1 20140701125905 00034
00000013 2014 06 21 14:00 14:59 11 7311 0070 10.84 1 236 1 20140701125905 00034
00000013 2014 06 24 14:00 14:59 11 7311 0070 10.84 1 236 1 20140701125905 00034
00000013 2014 06 28 14:00 14:59 11 7311 0070 10.84 1 236 1 20140701125905 00034
00000013 2014 07 01 14:00 14:59 11 7311 0070 10.84 1 236 1 20140731103935 00035
00000013 2014 07 05 14:00 14:59 11 7311 0070 10.84 1 236 1 20140731103935 00035
00000013 2014 07 08 14:00 14:59 11 7311 0070 10.84 1 236 1 20140731103935 00035
00000013 2014 07 12 14:00 14:59 11 7311 0070 10.84 1 236 1 20140731103935 00035
00000013 2014 07 15 14:00 14:59 11 7311 0070 10.84 1 236 1 20140731103935 00035
00000013 2014 07 19 14:00 14:59 11 7311 0070 10.84 1 236 1 20140731103935 00035
00000013 2014 07 22 14:00 14:59 11 7311 0070 10.84 1 236 1 20140731103935 00035
00000013 2014 07 26 14:00 14:59 11 7311 0070 10.84 1 236 1 20140731103935 00035
00000013 2014 07 29 14:00 14:59 11 7311 0070 10.84 1 236 1 20140731103935 00035
