00000038 00004 0002 01 107 0 _ 1 _ 1 1 2014070100000000 00078
00000038 00005 0002 01 107 0 _ 1 _ 1 1 2014070100000000 00078
00000038 00006 0002 01 107 0 _ 1 _ 1 1 2014070100000000 00078
00000038 00010 0002 01 107 0 _ 1 _ 1 1 2014070100000000 00078
00000084 00007 0002 01 107 0 _ 1 _ 1 1 2014070100000000 00078
00000743 00002 0002 01 415 0 _ 1 _ 1 1 2014070100000000 00078
00000744 00001 0002 01 415 0 _ 1 _ 1 1 2014070100000000 00078
00000744 00003 0002 01 415 0 _ 1 _ 1 1 2014070100000000 00078
00000764 00008 0002 01 402 0 _ 1 _ 1 1 2014070100000000 00078
00000771 00009 0002 01 314 0 _ 1 _ 1 1 2014070100000000 00078
