00000203 2013 08 01 08:30 09:29 11 4111 0029 11.26 1 324 1 20140707133058 00078
00000203 2013 08 01 13:00 13:29 11 1111 0029 11.26 1 254 1 20140707133058 00078
00000203 2013 08 01 19:00 19:29 11 1112 0029 11.26 1 318 1 20140707133058 00078
00000203 2013 08 02 08:30 09:29 11 4111 0029 11.26 1 324 1 20140707133058 00078
00000203 2013 08 02 13:00 13:59 11 4111 0029 11.26 1 324 1 20140707133058 00078
00000203 2013 08 03 08:30 09:29 11 4111 0029 11.26 1 324 1 20140707133058 00078
00000203 2013 08 03 13:00 13:29 11 1111 0029 11.26 1 254 1 20140707133058 00078
00000203 2013 08 03 19:00 19:29 11 1112 0029 11.26 1 318 1 20140707133058 00078
00000203 2013 08 04 08:30 09:29 11 4111 0029 11.26 1 324 1 20140707133058 00078
00000203 2013 08 04 13:00 13:29 11 1111 0029 11.26 1 254 1 20140707133058 00078
00000203 2013 08 04 19:00 19:29 11 1112 0029 11.26 1 318 1 20140707133058 00078
00000203 2013 08 05 08:30 09:29 11 4111 0029 11.26 1 324 1 20140707133058 00078
00000203 2013 08 05 13:00 13:59 11 4111 0029 11.26 1 324 1 20140707133058 00078
00000203 2013 08 05 19:00 19:29 11 1112 0029 11.26 1 318 1 20140707133058 00078
00000203 2013 08 06 08:30 09:29 11 4111 0029 11.26 1 324 1 20140707133058 00078
00000203 2013 08 06 13:00 13:59 11 1211 0029 11.26 1 402 1 20140707133058 00078
00000203 2013 08 07 08:30 09:29 11 4111 0029 11.26 1 324 1 20140707133058 00078
00000203 2013 08 07 13:00 13:59 11 4111 0029 11.26 1 324 1 20140707133058 00078
00000203 2013 08 07 19:00 19:29 11 1112 0029 11.26 1 318 1 20140707133058 00078
00000203 2013 08 08 08:30 09:29 11 4111 0029 11.26 1 324 1 20140707133058 00078
00000203 2013 08 08 13:00 13:29 11 1111 0029 11.26 1 254 1 20140707133058 00078
00000203 2013 08 08 19:00 19:29 11 1112 0029 11.26 1 318 1 20140707133058 00078
00000203 2013 08 09 08:30 09:29 11 4111 0029 11.26 1 324 1 20140707133058 00078
00000203 2013 08 09 13:00 13:59 11 4111 0029 11.26 1 324 1 20140707133058 00078
00000203 2013 08 09 19:00 19:29 11 1112 0029 11.26 1 318 1 20140707133058 00078
00000203 2013 08 10 08:30 09:29 11 4111 0029 11.26 1 324 1 20140707133058 00078
00000203 2013 08 10 13:00 13:29 11 1111 0029 11.26 1 254 1 20140707133058 00078
00000203 2013 08 11 08:30 09:29 11 4111 0029 11.26 1 324 1 20140707133058 00078
00000203 2013 08 11 13:00 13:59 11 1211 0029 11.26 1 402 1 20140707133058 00078
00000203 2013 08 11 19:00 19:29 11 1112 0029 11.26 1 318 1 20140707133058 00078
00000203 2013 08 12 08:30 09:29 11 4111 0029 11.26 1 324 1 20140707133058 00078
00000203 2013 08 12 13:00 13:59 11 4111 0029 11.26 1 324 1 20140707133058 00078
00000203 2013 08 12 19:00 19:29 11 1112 0029 11.26 1 318 1 20140707133058 00078
00000203 2013 08 13 08:30 09:29 11 4111 0029 11.26 1 324 1 20140707133058 00078
00000203 2013 08 13 13:00 13:59 11 4111 0029 11.26 1 324 1 20140707133058 00078
00000203 2013 08 13 19:00 19:29 11 1112 0029 11.26 1 318 1 20140707133058 00078
00000203 2013 08 14 08:30 09:29 11 4111 0029 11.26 1 324 1 20140707133058 00078
00000203 2013 08 14 13:00 13:59 11 1211 0029 11.26 1 402 1 20140707133058 00078
00000203 2013 08 14 19:00 19:29 11 1112 0029 11.26 1 318 1 20140707133058 00078
00000203 2013 08 15 08:30 09:29 11 4111 0029 11.26 1 324 1 20140707133058 00078
00000203 2013 08 15 13:00 13:29 11 1111 0029 11.26 1 254 1 20140707133058 00078
00000203 2013 08 15 19:00 19:29 11 1112 0029 11.26 1 318 1 20140707133058 00078
00000203 2013 08 16 08:30 09:29 11 4111 0029 11.26 1 324 1 20140707133058 00078
00000203 2013 08 16 13:00 13:59 11 4111 0029 11.26 1 324 1 20140707133058 00078
00000203 2013 08 16 19:00 19:29 11 1112 0029 11.26 1 318 1 20140707133058 00078
00000203 2013 08 17 08:30 09:29 11 4111 0029 11.26 1 324 1 20140707133058 00078
00000203 2013 08 17 13:00 13:29 11 1111 0029 11.26 1 254 1 20140707133058 00078
00000203 2013 08 17 19:50 20:19 11 1112 0029 11.26 1 318 1 20140707133058 00078
00000203 2013 08 18 08:30 09:29 11 4111 0029 11.26 1 324 1 20140707133058 00078
00000203 2013 08 18 13:00 13:59 11 1211 0029 11.26 1 402 1 20140707133058 00078
00000203 2013 08 18 19:19 19:40 11 1112 0029 11.26 1 318 1 20140707133058 00078
00000203 2013 08 19 08:30 09:29 11 4111 0029 11.26 1 324 1 20140707133058 00078
00000203 2013 08 19 13:00 13:59 11 4111 0029 11.26 1 324 1 20140707133058 00078
00000203 2013 08 19 19:00 19:29 11 1112 0029 11.26 1 318 1 20140707133058 00078
00000203 2013 08 20 08:30 09:29 11 4111 0029 11.26 1 324 1 20140707133058 00078
00000203 2013 08 20 12:30 13:29 11 4111 0029 11.26 1 324 1 20140707133058 00078
00000203 2013 08 20 19:00 19:29 11 1112 0029 11.26 1 318 1 20140707133058 00078
00000203 2013 08 21 08:30 09:29 11 4111 0029 11.26 1 324 1 20140707133058 00078
00000203 2013 08 21 13:00 13:59 11 1211 0029 11.26 1 402 1 20140707133058 00078
00000203 2013 08 21 19:00 19:29 11 1112 0029 11.26 1 318 1 20140707133058 00078
00000203 2013 08 22 08:30 09:29 11 4111 0029 11.26 1 324 1 20140707133058 00078
00000203 2013 08 22 13:00 13:29 11 1111 0029 11.26 1 254 1 20140707133058 00078
00000203 2013 08 22 19:00 19:29 11 1112 0029 11.26 1 318 1 20140707133058 00078
00000203 2013 08 23 08:30 09:29 11 4111 0029 11.26 1 324 1 20140707133058 00078
00000203 2013 08 23 13:00 13:59 11 4111 0029 11.26 1 324 1 20140707133058 00078
00000203 2013 08 23 19:00 19:29 11 1112 0029 11.26 1 318 1 20140707133058 00078
00000203 2013 08 24 08:30 09:29 11 4111 0029 11.26 1 324 1 20140707133058 00078
00000203 2013 08 24 13:00 13:29 11 1111 0029 11.26 1 254 1 20140707133058 00078
00000203 2013 08 24 19:00 19:29 11 1112 0029 11.26 1 318 1 20140707133058 00078
00000203 2013 08 25 08:30 09:29 11 4111 0029 11.26 1 324 1 20140707133058 00078
00000203 2013 08 25 13:00 13:59 11 1211 0029 11.26 1 402 1 20140707133058 00078
00000203 2013 08 25 19:00 19:29 11 1112 0029 11.26 1 318 1 20140707133058 00078
00000203 2013 08 26 08:30 09:29 11 4111 0029 11.26 1 324 1 20140707133058 00078
00000203 2013 08 26 13:00 13:59 11 4111 0029 11.26 1 324 1 20140707133058 00078
00000203 2013 08 26 19:00 19:29 11 1112 0029 11.26 1 318 1 20140707133058 00078
00000203 2013 08 27 08:30 09:29 11 4111 0029 11.26 1 324 1 20140707133058 00078
00000203 2013 08 27 12:00 12:59 11 4111 0029 11.26 1 324 1 20140707133058 00078
00000203 2013 08 28 08:30 09:29 11 4111 0029 11.26 1 324 1 20140707133058 00078
00000203 2013 08 28 13:00 13:59 11 1211 0029 11.26 1 402 1 20140707133058 00078
00000203 2013 08 28 19:00 19:29 11 1112 0029 11.26 1 318 1 20140707133058 00078
00000203 2013 08 29 08:30 09:29 11 4111 0029 11.26 1 324 1 20140707133058 00078
00000203 2013 08 29 13:00 13:29 11 1111 0029 11.26 1 254 1 20140707133058 00078
00000203 2013 08 29 19:00 19:29 11 1112 0029 11.26 1 318 1 20140707133058 00078
00000203 2013 08 30 08:30 09:29 11 4111 0029 11.26 1 324 1 20140707133058 00078
00000203 2013 08 30 13:00 13:29 11 1111 0029 11.26 1 254 1 20140707133058 00078
00000203 2013 08 31 08:30 09:29 11 4111 0029 11.26 1 324 1 20140707133058 00078
00000203 2013 08 31 13:00 13:29 11 1111 0029 11.26 1 254 1 20140707133058 00078
00000204 2013 08 01 09:50 10:19 11 1111 0029 11.26 1 254 1 20140707190257 00078
00000204 2013 08 01 13:40 14:09 11 1111 0029 11.26 1 254 1 20140707190257 00078
00000204 2013 08 01 19:40 20:09 11 1112 0029 11.26 1 318 1 20140707190257 00078
00000204 2013 08 02 09:50 10:19 11 1111 0029 11.26 1 254 1 20140707190257 00078
00000204 2013 08 02 19:40 20:09 11 1112 0029 11.26 1 318 1 20140707190257 00078
00000204 2013 08 03 09:50 10:19 11 1111 0029 11.26 1 254 1 20140707190257 00078
00000204 2013 08 03 13:40 14:39 11 4111 0029 11.26 1 324 1 20140707190257 00078
00000204 2013 08 03 19:40 20:09 11 1112 0029 11.26 1 318 1 20140707190257 00078
00000204 2013 08 04 09:50 10:19 11 1111 0029 11.26 1 254 1 20140707190257 00078
00000204 2013 08 04 13:40 14:09 11 1111 0029 11.26 1 254 1 20140707190257 00078
00000204 2013 08 04 19:40 20:09 11 1112 0029 11.26 1 318 1 20140707190257 00078
00000204 2013 08 05 09:50 10:19 11 1111 0029 11.26 1 254 1 20140707190257 00078
00000204 2013 08 05 19:40 20:09 11 1112 0029 11.26 1 318 1 20140707190257 00078
00000204 2013 08 06 09:50 10:19 11 1111 0029 11.26 1 254 1 20140707190257 00078
00000204 2013 08 06 13:40 14:09 11 1111 0029 11.26 1 254 1 20140707190257 00078
00000204 2013 08 06 19:40 20:09 11 1112 0029 11.26 1 318 1 20140707190257 00078
00000204 2013 08 07 19:40 20:09 11 1112 0029 11.26 1 318 1 20140707190257 00078
00000204 2013 08 08 09:50 10:19 11 1111 0029 11.26 1 254 1 20140707190257 00078
00000204 2013 08 08 13:40 14:09 11 1111 0029 11.26 1 254 1 20140707190257 00078
00000204 2013 08 08 19:40 20:09 11 1112 0029 11.26 1 318 1 20140707190257 00078
00000204 2013 08 09 09:50 10:19 11 1111 0029 11.26 1 254 1 20140707190257 00078
00000204 2013 08 09 19:40 20:09 11 1112 0029 11.26 1 318 1 20140707190257 00078
00000204 2013 08 10 09:50 10:19 11 1111 0029 11.26 1 254 1 20140707190257 00078
00000204 2013 08 10 13:40 14:39 11 4111 0029 11.26 1 324 1 20140707190257 00078
00000204 2013 08 10 19:40 20:09 11 1112 0029 11.26 1 318 1 20140707190257 00078
00000204 2013 08 11 09:50 10:19 11 1111 0029 11.26 1 254 1 20140707190257 00078
00000204 2013 08 11 13:40 14:09 11 1111 0029 11.26 1 254 1 20140707190257 00078
00000204 2013 08 11 19:40 20:09 11 1112 0029 11.26 1 318 1 20140707190257 00078
00000204 2013 08 12 09:50 10:19 11 1111 0029 11.26 1 254 1 20140707190257 00078
00000204 2013 08 12 19:40 20:09 11 1112 0029 11.26 1 318 1 20140707190257 00078
00000204 2013 08 13 09:50 10:19 11 1111 0029 11.26 1 254 1 20140707190257 00078
00000204 2013 08 13 13:40 14:09 11 1111 0029 11.26 1 254 1 20140707190257 00078
00000204 2013 08 13 19:40 20:09 11 1112 0029 11.26 1 318 1 20140707190257 00078
00000204 2013 08 14 19:40 20:09 11 1112 0029 11.26 1 318 1 20140707190257 00078
00000204 2013 08 15 09:50 10:19 11 1111 0029 11.26 1 254 1 20140707190257 00078
00000204 2013 08 15 13:40 14:09 11 1111 0029 11.26 1 254 1 20140707190257 00078
00000204 2013 08 15 19:40 20:09 11 1112 0029 11.26 1 318 1 20140707190257 00078
00000204 2013 08 16 09:50 10:19 11 1111 0029 11.26 1 254 1 20140707190257 00078
00000204 2013 08 16 19:40 20:09 11 1112 0029 11.26 1 318 1 20140707190257 00078
00000204 2013 08 17 09:50 10:19 11 1111 0029 11.26 1 254 1 20140707190257 00078
00000204 2013 08 17 13:40 14:39 11 4111 0029 11.26 1 324 1 20140707190257 00078
00000204 2013 08 17 19:40 20:09 11 1112 0029 11.26 1 318 1 20140707190257 00078
00000204 2013 08 18 09:50 10:19 11 1111 0029 11.26 1 254 1 20140707190257 00078
00000204 2013 08 18 13:40 14:09 11 1111 0029 11.26 1 254 1 20140707190257 00078
00000204 2013 08 18 19:40 20:09 11 1112 0029 11.26 1 318 1 20140707190257 00078
00000204 2013 08 19 09:50 10:19 11 1111 0029 11.26 1 254 1 20140707190257 00078
00000204 2013 08 19 19:40 20:09 11 1112 0029 11.26 1 318 1 20140707190257 00078
00000204 2013 08 20 19:40 20:09 11 1112 0029 11.26 1 318 1 20140707190257 00078
00000204 2013 08 21 09:50 10:19 11 1111 0029 11.26 1 254 1 20140707190257 00078
00000204 2013 08 21 19:40 20:09 11 1112 0029 11.26 1 318 1 20140707190257 00078
00000204 2013 08 22 09:50 10:19 11 1111 0029 11.26 1 254 1 20140707190257 00078
00000204 2013 08 22 13:40 14:09 11 1111 0029 11.26 1 254 1 20140707190257 00078
00000204 2013 08 22 19:40 20:09 11 1112 0029 11.26 1 318 1 20140707190257 00078
00000204 2013 08 23 09:50 10:19 11 1111 0029 11.26 1 254 1 20140707190257 00078
00000204 2013 08 23 19:40 20:09 11 1112 0029 11.26 1 318 1 20140707190257 00078
00000204 2013 08 24 09:50 10:19 11 1111 0029 11.26 1 254 1 20140707190257 00078
00000204 2013 08 24 13:40 14:39 11 4111 0029 11.26 1 324 1 20140707190257 00078
00000204 2013 08 24 19:40 20:09 11 1112 0029 11.26 1 318 1 20140707190257 00078
00000204 2013 08 25 09:50 10:19 11 1111 0029 11.26 1 254 1 20140707190257 00078
00000204 2013 08 25 13:40 14:09 11 1111 0029 11.26 1 254 1 20140707190257 00078
00000204 2013 08 25 19:40 20:09 11 1112 0029 11.26 1 318 1 20140707190257 00078
00000204 2013 08 26 19:40 20:09 11 1112 0029 11.26 1 318 1 20140707190257 00078
00000204 2013 08 27 09:50 10:19 11 1111 0029 11.26 1 254 1 20140707190257 00078
00000204 2013 08 27 13:40 14:09 11 1111 0029 11.26 1 254 1 20140707190257 00078
00000204 2013 08 27 19:40 20:09 11 1112 0029 11.26 1 318 1 20140707190257 00078
00000204 2013 08 28 09:50 10:19 11 1111 0029 11.26 1 254 1 20140707190257 00078
00000204 2013 08 28 19:40 20:09 11 1112 0029 11.26 1 318 1 20140707190257 00078
00000204 2013 08 29 09:50 10:19 11 1111 0029 11.26 1 254 1 20140707190257 00078
00000204 2013 08 29 13:40 14:09 11 1111 0029 11.26 1 254 1 20140707190257 00078
00000204 2013 08 29 19:40 20:09 11 1112 0029 11.26 1 318 1 20140707190257 00078
00000204 2013 08 30 09:50 10:19 11 1111 0029 11.26 1 254 1 20140707190257 00078
00000204 2013 08 30 19:40 20:09 11 1112 0029 11.26 1 318 1 20140707190257 00078
00000204 2013 08 31 09:50 10:19 11 1111 0029 11.26 1 254 1 20140707190257 00078
00000204 2013 08 31 13:40 14:39 11 4111 0029 11.26 1 324 1 20140707190257 00078
00000204 2013 08 31 19:40 20:09 11 1112 0029 11.26 1 318 1 20140707190257 00078
00000205 2013 08 01 14:20 15:19 11 7311 0029 11.26 1 235 1 20140708111712 00078
00000205 2013 08 02 14:20 15:49 11 1311 0029 11.26 1 584 1 20140708111712 00078
00000205 2013 08 06 14:20 15:49 11 1311 0029 11.26 1 584 1 20140708111712 00078
00000205 2013 08 08 14:20 15:19 11 7311 0029 11.26 1 235 1 20140708111712 00078
00000205 2013 08 09 14:20 15:49 11 1311 0029 11.26 1 584 1 20140708111712 00078
00000205 2013 08 13 14:20 15:49 11 1311 0029 11.26 1 584 1 20140708111712 00078
00000205 2013 08 15 14:20 15:19 11 7311 0029 11.26 1 235 1 20140708111712 00078
00000205 2013 08 16 14:20 15:49 11 1311 0029 11.26 1 584 1 20140708111712 00078
00000205 2013 08 20 14:20 15:49 11 1311 0029 11.26 1 584 1 20140708111712 00078
00000205 2013 08 22 14:20 15:19 11 7311 0029 11.26 1 235 1 20140708111712 00078
00000205 2013 08 23 14:20 15:49 11 1311 0029 11.26 1 584 1 20140708111712 00078
00000205 2013 08 27 14:20 15:49 11 1311 0029 11.26 1 584 1 20140708111712 00078
00000205 2013 08 29 14:20 15:19 11 7311 0029 11.26 1 235 1 20140708111712 00078
00000205 2013 08 30 14:20 15:49 11 1311 0029 11.26 1 584 1 20140708111712 00078
00000207 2013 08 06 13:30 14:29 61 1111 0107 11.26 1 1220 1 20140708140553 00078
00000207 2013 08 13 13:30 14:29 61 1111 0107 11.26 1 1220 1 20140708140553 00078
00000207 2013 08 20 13:30 14:29 61 1111 0107 11.26 1 1220 1 20140708140553 00078
00000207 2013 08 27 13:30 14:29 61 1111 0107 11.26 1 1220 1 20140708140553 00078
00000209 2013 08 02 10:30 11:29 61 1211 0107 11.26 1 2440 1 20140708150527 00078
00000209 2013 08 05 10:30 11:29 61 1211 0107 11.26 1 2440 1 20140708150527 00078
00000209 2013 08 09 10:30 11:29 61 1211 0107 11.26 1 2440 1 20140708150527 00078
00000209 2013 08 12 10:30 11:29 61 1211 0107 11.26 1 2440 1 20140708150527 00078
00000209 2013 08 16 10:30 11:29 61 1211 0107 11.26 1 2440 1 20140708150527 00078
00000209 2013 08 19 10:30 11:29 61 1211 0107 11.26 1 2440 1 20140708150527 00078
00000209 2013 08 23 10:30 11:29 61 1211 0107 11.26 1 2440 1 20140708150527 00078
00000209 2013 08 26 10:30 11:29 61 1211 0107 11.26 1 2440 1 20140708150527 00078
00000209 2013 08 30 10:30 11:29 61 1211 0107 11.26 1 2440 1 20140708150527 00078
00000212 2013 08 07 13:00 14:00 61 1111 0107 11.26 1 1220 1 20140708155647 00078
00000212 2013 08 21 13:00 14:00 61 1111 0107 11.26 1 1220 1 20140708155647 00078
00000213 2013 08 03 10:30 11:29 11 7311 0029 11.26 1 235 1 20140708175530 00078
00000213 2013 08 03 15:50 16:49 11 1211 0029 11.26 1 402 1 20140708175530 00078
00000213 2013 08 05 15:50 16:49 11 1211 0029 11.26 1 402 1 20140708175530 00078
00000213 2013 08 06 10:30 11:29 11 7311 0029 11.26 1 235 1 20140708175530 00078
00000213 2013 08 07 15:50 16:49 11 1211 0029 11.26 1 402 1 20140708175530 00078
00000213 2013 08 10 10:30 11:29 11 7311 0029 11.26 1 235 1 20140708175530 00078
00000213 2013 08 10 15:50 16:49 11 1211 0029 11.26 1 402 1 20140708175530 00078
00000213 2013 08 12 15:50 16:49 11 1211 0029 11.26 1 402 1 20140708175530 00078
00000213 2013 08 13 10:30 11:29 11 7311 0029 11.26 1 235 1 20140708175530 00078
00000213 2013 08 14 15:50 16:49 11 1211 0029 11.26 1 402 1 20140708175530 00078
00000213 2013 08 17 10:30 11:29 11 7311 0029 11.26 1 235 1 20140708175530 00078
00000213 2013 08 17 15:00 15:59 11 1211 0029 11.26 1 402 1 20140708175530 00078
00000213 2013 08 24 10:30 11:29 11 7311 0029 11.26 1 235 1 20140708175530 00078
00000213 2013 08 24 15:50 16:49 11 1211 0029 11.26 1 402 1 20140708175530 00078
00000213 2013 08 26 15:50 16:49 11 1211 0029 11.26 1 402 1 20140708175530 00078
00000213 2013 08 27 10:30 11:29 11 7311 0029 11.26 1 235 1 20140708175530 00078
00000213 2013 08 28 15:50 16:49 11 1211 0029 11.26 1 402 1 20140708175530 00078
00000213 2013 08 31 10:30 11:29 11 7311 0029 11.26 1 235 1 20140708175530 00078
00000213 2013 08 31 15:50 16:49 11 1211 0029 11.26 1 402 1 20140708175530 00078
00000214 2013 08 07 10:30 11:30 61 1111 0107 11.26 1 1220 1 20140708182509 00078
00000214 2013 08 14 10:30 11:30 61 1111 0107 11.26 1 1220 1 20140708182509 00078
00000214 2013 08 21 10:30 11:30 61 1111 0107 11.26 1 1220 1 20140708182509 00078
00000214 2013 08 28 10:30 11:30 61 1111 0107 11.26 1 1220 1 20140708182509 00078
00000215 2013 08 04 15:30 16:29 11 7311 0029 11.26 1 235 1 20140709104411 00078
00000215 2013 08 11 15:30 16:29 11 7311 0029 11.26 1 235 1 20140709104411 00078
00000215 2013 08 18 15:30 16:29 11 7311 0029 11.26 1 235 1 20140709104411 00078
00000215 2013 08 25 15:30 16:29 11 7311 0029 11.26 1 235 1 20140709104411 00078
00000216 2013 08 01 13:00 13:59 11 7311 0029 11.26 1 235 1 20140709133540 00078
00000216 2013 08 03 14:10 15:09 11 1211 0029 11.26 1 402 1 20140709133540 00078
00000216 2013 08 07 14:10 15:09 11 1211 0029 11.26 1 402 1 20140709133540 00078
00000216 2013 08 08 13:00 13:59 11 7311 0029 11.26 1 235 1 20140709133540 00078
00000216 2013 08 10 14:10 15:09 11 1211 0029 11.26 1 402 1 20140709133540 00078
00000216 2013 08 12 14:10 15:09 11 1211 0029 11.26 1 402 1 20140709133540 00078
00000216 2013 08 15 13:00 13:59 11 7311 0029 11.26 1 235 1 20140709133540 00078
00000216 2013 08 17 15:00 15:59 11 1211 0029 11.26 1 402 1 20140709133540 00078
00000216 2013 08 19 14:10 15:09 11 1211 0029 11.26 1 402 1 20140709133540 00078
00000216 2013 08 21 14:10 15:09 11 1211 0029 11.26 1 402 1 20140709133540 00078
00000216 2013 08 22 13:00 13:59 11 7311 0029 11.26 1 235 1 20140709133540 00078
00000216 2013 08 24 14:10 15:09 11 1211 0029 11.26 1 402 1 20140709133540 00078
00000216 2013 08 26 14:10 15:09 11 1211 0029 11.26 1 402 1 20140709133540 00078
00000216 2013 08 28 14:10 15:09 11 1211 0029 11.26 1 402 1 20140709133540 00078
00000216 2013 08 29 13:00 13:59 11 7311 0029 11.26 1 235 1 20140709133540 00078
00000216 2013 08 31 14:10 15:09 11 1211 0029 11.26 1 402 1 20140709133540 00078
00000218 2013 08 02 17:00 17:59 61 1321 0107 11.26 1 3870 1 20140709144757 00078
00000218 2013 08 04 17:00 17:59 61 1321 0107 11.26 1 3870 1 20140709144757 00078
00000218 2013 08 06 17:00 17:59 61 1321 0107 11.26 1 3870 1 20140709144757 00078
00000218 2013 08 09 17:00 17:59 61 1321 0107 11.26 1 3870 1 20140709144757 00078
00000218 2013 08 11 17:00 17:59 61 1321 0107 11.26 1 3870 1 20140709144757 00078
00000218 2013 08 13 17:00 17:59 61 1321 0107 11.26 1 3870 1 20140709144757 00078
00000218 2013 08 16 17:00 17:59 61 1321 0107 11.26 1 3870 1 20140709144757 00078
00000218 2013 08 18 17:00 17:59 61 1321 0107 11.26 1 3870 1 20140709144757 00078
00000218 2013 08 20 17:00 17:59 61 1321 0107 11.26 1 3870 1 20140709144757 00078
00000218 2013 08 23 17:00 17:59 61 1321 0107 11.26 1 3870 1 20140709144757 00078
00000218 2013 08 25 17:00 17:59 61 1321 0107 11.26 1 3870 1 20140709144757 00078
00000218 2013 08 27 17:00 17:59 61 1321 0107 11.26 1 3870 1 20140709144757 00078
00000218 2013 08 30 17:00 17:59 61 1321 0107 11.26 1 3870 1 20140709144757 00078
00000221 2013 08 08 10:30 11:30 61 1111 0107 11.26 1 1220 1 20140709161415 00078
00000221 2013 08 15 10:30 11:30 61 1111 0107 11.26 1 1220 1 20140709161415 00078
00000221 2013 08 22 10:30 11:30 61 1111 0107 11.26 1 1220 1 20140709161415 00078
00000221 2013 08 29 10:30 11:30 61 1111 0107 11.26 1 1220 1 20140709161415 00078
00000224 2013 08 01 16:00 16:59 11 1211 0029 11.26 1 402 1 20140709173456 00078
00000224 2013 08 05 10:00 10:59 11 7311 0029 11.26 1 235 1 20140709173456 00078
00000224 2013 08 05 16:00 16:59 11 1211 0029 11.26 1 402 1 20140709173456 00078
00000224 2013 08 08 16:00 16:59 11 1211 0029 11.26 1 402 1 20140709173456 00078
00000224 2013 08 12 10:00 10:59 11 7311 0029 11.26 1 235 1 20140709173456 00078
00000224 2013 08 12 16:00 16:59 11 1211 0029 11.26 1 402 1 20140709173456 00078
00000224 2013 08 15 16:00 16:59 11 1211 0029 11.26 1 402 1 20140709173456 00078
00000224 2013 08 19 10:00 10:59 11 7311 0029 11.26 1 235 1 20140709173456 00078
00000224 2013 08 19 16:00 16:59 11 1211 0029 11.26 1 402 1 20140709173456 00078
00000224 2013 08 22 16:00 16:59 11 1211 0029 11.26 1 402 1 20140709173456 00078
00000224 2013 08 26 10:00 10:59 11 7311 0029 11.26 1 235 1 20140709173456 00078
00000224 2013 08 26 16:00 16:59 11 1211 0029 11.26 1 402 1 20140709173456 00078
00000224 2013 08 29 16:00 16:59 11 1211 0029 11.26 1 402 1 20140709173456 00078
00000226 2013 08 02 15:50 16:49 61 1211 0107 11.26 1 2440 1 20140709184547 00078
00000226 2013 08 06 15:50 16:49 61 1211 0107 11.26 1 2440 1 20140709184547 00078
00000226 2013 08 09 15:50 16:49 61 1211 0107 11.26 1 2440 1 20140709184547 00078
00000226 2013 08 13 15:50 16:49 61 1211 0107 11.26 1 2440 1 20140709184547 00078
00000226 2013 08 16 15:50 16:49 61 1211 0107 11.26 1 2440 1 20140709184547 00078
00000226 2013 08 20 15:50 16:49 61 1211 0107 11.26 1 2440 1 20140709184547 00078
00000226 2013 08 23 15:50 16:49 61 1211 0107 11.26 1 2440 1 20140709184547 00078
00000226 2013 08 27 15:50 16:49 61 1211 0107 11.26 1 2440 1 20140709184547 00078
00000226 2013 08 30 15:50 16:49 61 1211 0107 11.26 1 2440 1 20140709184547 00078
00000228 2013 08 07 16:30 17:29 61 1111 0107 11.26 1 1220 1 20140710104229 00078
00000228 2013 08 14 16:30 17:29 61 1111 0107 11.26 1 1220 1 20140710104229 00078
00000228 2013 08 21 16:30 17:29 61 1111 0107 11.26 1 1220 1 20140710104229 00078
00000228 2013 08 28 16:30 17:29 61 1111 0107 11.26 1 1220 1 20140710104229 00078
00000229 2013 08 01 10:00 11:00 61 1111 0107 11.26 1 1220 1 20140710111918 00078
00000229 2013 08 08 10:00 11:00 61 1111 0107 11.26 1 1220 1 20140710111918 00078
00000229 2013 08 15 10:00 11:00 61 1111 0107 11.26 1 1220 1 20140710111918 00078
00000229 2013 08 22 10:00 11:00 61 1111 0107 11.26 1 1220 1 20140710111918 00078
00000229 2013 08 29 10:00 11:00 61 1111 0107 11.26 1 1220 1 20140710111918 00078
00000230 2013 08 01 07:30 07:59 11 1112 0029 11.26 1 318 1 20140710150615 00078
00000230 2013 08 02 07:30 07:59 11 1112 0029 11.26 1 318 1 20140710150615 00078
00000230 2013 08 03 07:30 07:59 11 1112 0029 11.26 1 318 1 20140710150615 00078
00000230 2013 08 04 07:30 07:59 11 1112 0029 11.26 1 318 1 20140710150615 00078
00000230 2013 08 05 07:30 07:59 11 1112 0029 11.26 1 318 1 20140710150615 00078
00000230 2013 08 06 07:30 07:59 11 1112 0029 11.26 1 318 1 20140710150615 00078
00000230 2013 08 07 07:30 07:59 11 1112 0029 11.26 1 318 1 20140710150615 00078
00000230 2013 08 08 07:30 07:59 11 1112 0029 11.26 1 318 1 20140710150615 00078
00000230 2013 08 09 07:30 07:59 11 1112 0029 11.26 1 318 1 20140710150615 00078
00000230 2013 08 10 07:30 07:59 11 1112 0029 11.26 1 318 1 20140710150615 00078
00000230 2013 08 11 07:30 07:59 11 1112 0029 11.26 1 318 1 20140710150615 00078
00000230 2013 08 12 07:30 07:59 11 1112 0029 11.26 1 318 1 20140710150615 00078
00000230 2013 08 13 07:30 07:59 11 1112 0029 11.26 1 318 1 20140710150615 00078
00000230 2013 08 14 07:30 07:59 11 1112 0029 11.26 1 318 1 20140710150615 00078
00000230 2013 08 15 07:30 07:59 11 1112 0029 11.26 1 318 1 20140710150615 00078
00000230 2013 08 16 07:30 07:59 11 1112 0029 11.26 1 318 1 20140710150615 00078
00000230 2013 08 17 07:30 07:59 11 1112 0029 11.26 1 318 1 20140710150615 00078
00000230 2013 08 18 07:30 07:59 11 1112 0029 11.26 1 318 1 20140710150615 00078
00000230 2013 08 19 07:30 07:59 11 1112 0029 11.26 1 318 1 20140710150615 00078
00000230 2013 08 20 07:30 07:59 11 1112 0029 11.26 1 318 1 20140710150615 00078
00000230 2013 08 21 07:30 07:59 11 1112 0029 11.26 1 318 1 20140710150615 00078
00000230 2013 08 22 07:30 07:59 11 1112 0029 11.26 1 318 1 20140710150615 00078
00000230 2013 08 23 07:30 07:59 11 1112 0029 11.26 1 318 1 20140710150615 00078
00000230 2013 08 24 07:30 07:59 11 1112 0029 11.26 1 318 1 20140710150615 00078
00000230 2013 08 25 07:30 07:59 11 1112 0029 11.26 1 318 1 20140710150615 00078
00000230 2013 08 26 07:30 07:59 11 1112 0029 11.26 1 318 1 20140710150615 00078
00000230 2013 08 27 07:30 07:59 11 1112 0029 11.26 1 318 1 20140710150615 00078
00000230 2013 08 28 07:30 07:59 11 1112 0029 11.26 1 318 1 20140710150615 00078
00000230 2013 08 29 07:30 07:59 11 1112 0029 11.26 1 318 1 20140710150615 00078
00000230 2013 08 30 07:30 07:59 11 1112 0029 11.26 1 318 1 20140710150615 00078
00000230 2013 08 31 07:30 07:59 11 1112 0029 11.26 1 318 1 20140710150615 00078
00000231 2013 08 01 14:10 15:10 61 1111 0107 11.26 1 1220 1 20140704111435 00078
00000231 2013 08 08 14:10 15:10 61 1111 0107 11.26 1 1220 1 20140704111435 00078
00000231 2013 08 15 14:10 15:10 61 1111 0107 11.26 1 1220 1 20140704111435 00078
00000231 2013 08 29 14:10 15:10 61 1111 0107 11.26 1 1220 1 20140704111435 00078
00000238 2013 08 01 13:30 14:30 61 1211 0107 11.26 1 2440 1 20140704142105 00077
00000238 2013 08 08 13:30 14:30 61 1211 0107 11.26 1 2440 1 20140704142105 00077
00000238 2013 08 12 13:30 14:30 61 1211 0107 11.26 1 2440 1 20140704142105 00077
00000238 2013 08 15 13:30 14:30 61 1211 0107 11.26 1 2440 1 20140704142105 00077
00000238 2013 08 19 13:30 14:30 61 1211 0107 11.26 1 2440 1 20140704142105 00077
00000238 2013 08 22 13:30 14:30 61 1211 0107 11.26 1 2440 1 20140704142105 00077
00000238 2013 08 26 13:30 14:30 61 1211 0107 11.26 1 2440 1 20140704142105 00077
00000238 2013 08 29 13:30 14:30 61 1211 0107 11.26 1 2440 1 20140704142105 00077
00000239 2013 08 05 11:15 12:15 61 1111 0107 11.26 1 1220 1 20140704142412 00077
00000239 2013 08 12 11:15 12:15 61 1111 0107 11.26 1 1220 1 20140704142412 00077
00000239 2013 08 19 11:15 12:15 61 1111 0107 11.26 1 1220 1 20140704142412 00077
00000239 2013 08 26 11:15 12:15 61 1111 0107 11.26 1 1220 1 20140704142412 00077
00000240 2013 08 07 14:10 15:15 11 7311 0029 11.26 1 235 1 20140704145417 00077
00000240 2013 08 14 14:10 15:15 11 7311 0029 11.26 1 235 1 20140704145417 00077
00000240 2013 08 21 14:10 15:15 11 7311 0029 11.26 1 235 1 20140704145417 00077
00000240 2013 08 28 14:10 15:15 11 7311 0029 11.26 1 235 1 20140704145417 00077
00000241 2013 08 15 11:15 11:45 61 1111 0107 11.26 1 1220 1 20140704145712 00077
00000241 2013 08 29 11:15 11:45 61 1111 0107 11.26 1 1220 1 20140704145712 00077
