00000229 2012 11 1 1 00047 1 20140730122820 00078
00000229 2012 12 1 1 00047 1 20140730123143 00078
00000229 2013 01 1 1 00032 1 20140710104728 00078
00000229 2013 02 1 1 00032 1 20140710105017 00078
00000229 2013 03 1 1 00032 1 20140710105505 00078
00000229 2013 04 1 1 00032 1 20140710105916 00078
00000229 2013 05 1 1 00032 1 20140710110342 00078
00000229 2013 06 1 1 00032 1 20140710110641 00078
00000229 2013 07 1 1 00032 1 20140710111053 00078
00000229 2013 08 1 1 00032 1 20140710111944 00078
00000229 2013 09 1 1 00032 1 20140703181204 00078
00000229 2013 10 1 1 00032 1 20140703181638 00078
00000229 2013 11 1 1 00032 1 20140703182008 00078
00000229 2013 12 1 1 00032 1 20140703182326 00078
00000229 2014 01 1 1 00032 1 20140619175954 00078
00000229 2014 02 1 1 00032 1 20140619180443 00078
00000229 2014 03 1 1 00032 1 20140619180705 00078
00000229 2014 04 1 1 00032 1 20140619180924 00078
00000229 2014 05 1 _ 00032 1 20140819120047 00078
00000229 2014 06 1 1 00047 1 20140701174031 00047
00000229 2014 07 1 1 00047 1 20140802123112 00047
00000229 2014 08 1 1 00047 1 20140901132247 00047
00000229 2014 09 1 1 00047 1 20141001140117 00047
00000229 2014 10 1 1 00047 1 20141101110931 00047
00000229 2014 11 1 1 00047 1 20141202101619 00047
00000229 2014 12 1 _ 00047 1 20141117140831 00047
