000003192014111 00000319 2014 11 29 61 1211 10:00 10:45 0073 1 2452 0 _ _ 1 1 20141202161400 11
000003192014112 00000319 2014 11 26 61 1211 10:10 10:55 0073 1 2452 0 _ _ 1 1 20141202161400 11
000003192014113 00000319 2014 11 28 65 1111 13:30 16:45 0271 1 2115 0 _ _ 1 1 20141202161400 11
000003192014114 00000319 2014 11 28 65 5002 _ _ 0271 1 225 0 _ _ 1 1 20141202161400 11
000003192014121 00000319 2014 12 03 61 1211 10:00 10:45 0073 1 2452 0 _ _ 1 1 20141123165621 11
000003192014121 00000319 2014 12 06 61 1211 10:00 10:45 0073 1 2452 0 _ _ 1 1 20141123165621 11
000003192014121 00000319 2014 12 10 61 1211 10:00 10:45 0073 1 2452 0 _ _ 1 1 20141123165621 11
000003192014121 00000319 2014 12 13 61 1211 10:00 10:45 0073 1 2452 0 _ _ 1 1 20141123165621 11
000003192014121 00000319 2014 12 17 61 1211 10:00 10:45 0073 1 2452 0 _ _ 1 1 20141123165621 11
000003192014121 00000319 2014 12 20 61 1211 10:00 10:45 0073 1 2452 0 _ _ 1 1 20141123165621 11
000003192014121 00000319 2014 12 24 61 1211 10:00 10:45 0073 1 2452 0 _ _ 1 1 20141123165621 11
000003192014121 00000319 2014 12 27 61 1211 10:00 10:45 0073 1 2452 0 _ _ 1 1 20141123165621 11
000003192014121 00000319 2014 12 31 61 1211 10:00 10:45 0073 1 2452 0 _ _ 1 1 20141123165621 11
000003192014122 00000319 2014 12 05 65 1111 13:30 16:45 0271 1 2115 0 _ _ 1 1 20141123165621 11
000003192014122 00000319 2014 12 12 65 1111 13:30 16:45 0271 1 2115 0 _ _ 1 1 20141123165621 11
000003192014122 00000319 2014 12 19 65 1111 13:30 16:45 0271 1 2115 0 _ _ 1 1 20141123165621 11
000003192014122 00000319 2014 12 26 65 1111 13:30 16:45 0271 1 2115 0 _ _ 1 1 20141123165621 11
000003192014123 00000319 2014 12 05 65 5002 _ _ 0271 1 225 0 _ _ 1 1 20141123165621 11
000003192014123 00000319 2014 12 12 65 5002 _ _ 0271 1 225 0 _ _ 1 1 20141123165621 11
000003192014123 00000319 2014 12 19 65 5002 _ _ 0271 1 225 0 _ _ 1 1 20141123165621 11
000003192014123 00000319 2014 12 26 65 5002 _ _ 0271 1 225 0 _ _ 1 1 20141123165621 11
000003192015011 00000319 2015 01 03 61 1211 10:00 10:45 0073 1 2452 0 _ _ _ 1 20141206175401 11
000003192015011 00000319 2015 01 07 61 1211 10:00 10:45 0073 1 2452 0 _ _ _ 1 20141206175401 11
000003192015011 00000319 2015 01 10 61 1211 10:00 10:45 0073 1 2452 0 _ _ _ 1 20141206175401 11
000003192015011 00000319 2015 01 14 61 1211 10:00 10:45 0073 1 2452 0 _ _ _ 1 20141206175401 11
000003192015011 00000319 2015 01 17 61 1211 10:00 10:45 0073 1 2452 0 _ _ _ 1 20141206175401 11
000003192015011 00000319 2015 01 21 61 1211 10:00 10:45 0073 1 2452 0 _ _ _ 1 20141206175401 11
000003192015011 00000319 2015 01 24 61 1211 10:00 10:45 0073 1 2452 0 _ _ _ 1 20141206175401 11
000003192015011 00000319 2015 01 28 61 1211 10:00 10:45 0073 1 2452 0 _ _ _ 1 20141206175401 11
000003192015011 00000319 2015 01 31 61 1211 10:00 10:45 0073 1 2452 0 _ _ _ 1 20141206175401 11
000003192015012 00000319 2015 01 09 65 1111 13:30 16:45 0271 1 2115 0 _ _ _ 1 20141206175401 11
000003192015012 00000319 2015 01 16 65 1111 13:30 16:45 0271 1 2115 0 _ _ _ 1 20141206175401 11
000003192015012 00000319 2015 01 23 65 1111 13:30 16:45 0271 1 2115 0 _ _ _ 1 20141206175401 11
000003192015012 00000319 2015 01 30 65 1111 13:30 16:45 0271 1 2115 0 _ _ _ 1 20141206175401 11
000003192015013 00000319 2015 01 09 65 5002 _ _ 0271 1 225 0 _ _ _ 1 20141206175401 11
