000000642012061 00000064 2012 06 11 61 1111 1 09:00 10:00 0073 1 1220 0 _ _ 1 20140807141217 24
000000642012061 00000064 2012 06 18 61 1111 1 09:00 10:00 0073 1 1220 0 _ _ 1 20140807141217 24
000000642012061 00000064 2012 06 25 61 1111 1 09:00 10:00 0073 1 1220 0 _ _ 1 20140807141217 24
000000642012062 00000064 2012 06 11 61 1111 1 _ _ 0073 1 1220 0 _ _ 1 20140807141217 24
000000642012071 00000064 2012 07 02 61 1111 1 09:00 10:00 0073 1 1220 0 _ _ 1 20140807144156 24
000000642012071 00000064 2012 07 16 61 1111 1 09:00 10:00 0073 1 1220 0 _ _ 1 20140807144156 24
000000642012071 00000064 2012 07 30 61 1111 1 09:00 10:00 0073 1 1220 0 _ _ 1 20140807144156 24
000000642012072 00000064 2012 07 08 61 1111 1 14:15 15:14 0073 1 1220 0 _ _ 1 20140807144156 24
000000642012073 00000064 2012 07 25 61 1111 1 15:00 15:59 0073 1 1220 0 _ _ 1 20140807144156 24
000000642012081 00000064 2012 08 06 61 1111 1 09:00 10:00 0073 1 1220 0 _ _ 1 20140807144435 24
000000642012081 00000064 2012 08 13 61 1111 1 09:00 10:00 0073 1 1220 0 _ _ 1 20140807144435 24
000000642012081 00000064 2012 08 22 61 1111 1 09:00 10:00 0073 1 1220 0 _ _ 1 20140807144435 24
000000642012082 00000064 2012 08 30 61 1111 1 14:00 14:59 0073 1 1220 0 _ _ 1 20140807144435 24
000000642012091 00000064 2012 09 03 61 1111 1 09:00 10:00 0073 1 1220 0 _ _ 1 20140807145254 24
000000642012091 00000064 2012 09 10 61 1111 1 09:00 10:00 0073 1 1220 0 _ _ 1 20140807145254 24
000000642012091 00000064 2012 09 17 61 1111 1 09:00 10:00 0073 1 1220 0 _ _ 1 20140807145254 24
000000642012091 00000064 2012 09 24 61 1111 1 09:00 10:00 0073 1 1220 0 _ _ 1 20140807145254 24
000000642012101 00000064 2012 10 01 61 1111 1 09:00 10:00 0073 1 1220 0 _ _ 1 20140807145529 24
000000642012101 00000064 2012 10 08 61 1111 1 09:00 10:00 0073 1 1220 0 _ _ 1 20140807145529 24
000000642012101 00000064 2012 10 17 61 1111 1 09:00 10:00 0073 1 1220 0 _ _ 1 20140807145529 24
000000642012101 00000064 2012 10 22 61 1111 1 09:00 10:00 0073 1 1220 0 _ _ 1 20140807145529 24
000000642012111 00000064 2012 11 12 61 1111 1 09:00 09:55 0073 1 1220 0 _ _ 1 20140807145923 24
000000642012112 00000064 2012 11 05 61 1111 1 09:00 10:00 0073 1 1220 0 _ _ 1 20140807145923 24
000000642012112 00000064 2012 11 19 61 1111 1 09:00 10:00 0073 1 1220 0 _ _ 1 20140807145923 24
000000642012112 00000064 2012 11 26 61 1111 1 09:00 10:00 0073 1 1220 0 _ _ 1 20140807145923 24
000000642012113 00000064 2012 11 01 61 1111 1 15:15 16:15 0073 1 1220 0 _ _ 1 20140807145923 24
000000642012121 00000064 2012 12 03 61 1111 1 09:00 10:00 0073 1 1220 0 _ _ 1 20140807150156 24
000000642012121 00000064 2012 12 10 61 1111 1 09:00 10:00 0073 1 1220 0 _ _ 1 20140807150156 24
000000642012121 00000064 2012 12 18 61 1111 1 09:00 10:00 0073 1 1220 0 _ _ 1 20140807150156 24
000000642012121 00000064 2012 12 24 61 1111 1 09:00 10:00 0073 1 1220 0 _ _ 1 20140807150156 24
000000642012121 00000064 2012 12 31 61 1111 1 09:00 10:00 0073 1 1220 0 _ _ 1 20140807150156 24
000000642013011 00000064 2013 01 21 61 1111 1 09:00 10:00 0073 1 1220 0 _ _ 1 20140724114654 24
000000642013011 00000064 2013 01 29 61 1111 1 09:00 10:00 0073 1 1220 0 _ _ 1 20140724114654 24
000000642013012 00000064 2013 01 14 61 1111 1 09:30 10:30 0073 1 1220 0 _ _ 1 20140724114654 24
000000642013013 00000064 2013 01 05 61 1111 1 14:00 15:00 0073 1 1220 0 _ _ 1 20140724114654 24
000000642013021 00000064 2013 02 04 61 1111 1 09:00 10:00 0073 1 1220 0 _ _ 1 20140724115030 24
000000642013021 00000064 2013 02 11 61 1111 1 09:00 10:00 0073 1 1220 0 _ _ 1 20140724115030 24
000000642013021 00000064 2013 02 18 61 1111 1 09:00 10:00 0073 1 1220 0 _ _ 1 20140724115030 24
000000642013021 00000064 2013 02 25 61 1111 1 09:00 10:00 0073 1 1220 0 _ _ 1 20140724115030 24
000000642013031 00000064 2013 03 04 61 1111 1 09:00 10:00 0073 1 1220 0 _ _ 1 20140724115337 24
000000642013031 00000064 2013 03 11 61 1111 1 09:00 10:00 0073 1 1220 0 _ _ 1 20140724115337 24
000000642013031 00000064 2013 03 18 61 1111 1 09:00 10:00 0073 1 1220 0 _ _ 1 20140724115337 24
000000642013031 00000064 2013 03 25 61 1111 1 09:00 10:00 0073 1 1220 0 _ _ 1 20140724115337 24
000000642013041 00000064 2013 04 24 61 1111 1 09:00 10:00 0073 1 1220 0 _ _ 1 20140724115929 24
000000642013042 00000064 2013 04 24 61 1111 1 09:00 10:00 0073 1 1220 0 _ _ 1 20140724115929 24
000000642013043 00000064 2013 04 01 61 1111 1 10:15 11:15 0073 1 1220 0 _ _ 1 20140724115929 24
000000642013043 00000064 2013 04 08 61 1111 1 10:15 11:15 0073 1 1220 0 _ _ 1 20140724115929 24
000000642013043 00000064 2013 04 15 61 1111 1 10:15 11:15 0073 1 1220 0 _ _ 1 20140724115929 24
000000642013043 00000064 2013 04 29 61 1111 1 10:15 11:15 0073 1 1220 0 _ _ 1 20140724115929 24
000000642013051 00000064 2013 05 06 61 1111 1 10:15 11:15 0073 1 1220 0 _ _ 1 20140724120213 24
000000642013051 00000064 2013 05 13 61 1111 1 10:15 11:15 0073 1 1220 0 _ _ 1 20140724120213 24
000000642013051 00000064 2013 05 20 61 1111 1 10:15 11:15 0073 1 1220 0 _ _ 1 20140724120213 24
000000642013051 00000064 2013 05 27 61 1111 1 10:15 11:15 0073 1 1220 0 _ _ 1 20140724120213 24
000000642013061 00000064 2013 06 05 61 1111 1 10:15 11:15 0073 1 1220 0 _ _ 1 20140724120523 24
000000642013061 00000064 2013 06 10 61 1111 1 10:15 11:15 0073 1 1220 0 _ _ 1 20140724120523 24
000000642013061 00000064 2013 06 17 61 1111 1 10:15 11:15 0073 1 1220 0 _ _ 1 20140724120523 24
000000642013061 00000064 2013 06 24 61 1111 1 10:15 11:15 0073 1 1220 0 _ _ 1 20140724120523 24
000000642013071 00000064 2013 07 01 61 1111 1 10:15 11:15 0073 1 1220 0 _ _ 1 20140724120807 24
000000642013071 00000064 2013 07 08 61 1111 1 10:15 11:15 0073 1 1220 0 _ _ 1 20140724120807 24
000000642013071 00000064 2013 07 15 61 1111 1 10:15 11:15 0073 1 1220 0 _ _ 1 20140724120807 24
000000642013071 00000064 2013 07 22 61 1111 1 10:15 11:15 0073 1 1220 0 _ _ 1 20140724120807 24
000000642013071 00000064 2013 07 29 61 1111 1 10:15 11:15 0073 1 1220 0 _ _ 1 20140724120807 24
000000642013081 00000064 2013 08 05 61 1111 1 09:00 10:00 0073 1 1220 0 _ _ 1 20140724121147 24
000000642013082 00000064 2013 08 12 61 1111 1 10:15 11:15 0073 1 1220 0 _ _ 1 20140724121147 24
000000642013082 00000064 2013 08 19 61 1111 1 10:15 11:15 0073 1 1220 0 _ _ 1 20140724121147 24
000000642013082 00000064 2013 08 26 61 1111 1 10:15 11:15 0073 1 1220 0 _ _ 1 20140724121147 24
000000642013091 00000064 2013 09 30 61 1111 1 10:00 11:00 0073 1 1220 0 _ _ 1 20140626173451 24
000000642013092 00000064 2013 09 02 61 1111 1 10:15 11:15 0073 1 1220 0 _ _ 1 20140626173451 24
000000642013092 00000064 2013 09 09 61 1111 1 10:15 11:15 0073 1 1220 0 _ _ 1 20140626173451 24
000000642013092 00000064 2013 09 16 61 1111 1 10:15 11:15 0073 1 1220 0 _ _ 1 20140626173451 24
000000642013092 00000064 2013 09 23 61 1111 1 10:15 11:15 0073 1 1220 0 _ _ 1 20140626173451 24
000000642013101 00000064 2013 10 07 61 1111 1 10:15 11:15 0073 1 1220 0 _ _ 1 20140626173801 24
000000642013101 00000064 2013 10 14 61 1111 1 10:15 11:15 0073 1 1220 0 _ _ 1 20140626173801 24
000000642013101 00000064 2013 10 21 61 1111 1 10:15 11:15 0073 1 1220 0 _ _ 1 20140626173801 24
000000642013101 00000064 2013 10 28 61 1111 1 10:15 11:15 0073 1 1220 0 _ _ 1 20140626173801 24
000000642013111 00000064 2013 11 18 61 1111 1 10:05 11:05 0073 1 1220 0 _ _ 1 20140626174134 24
000000642013112 00000064 2013 11 04 61 1111 1 10:15 11:15 0073 1 1220 0 _ _ 1 20140626174134 24
000000642013112 00000064 2013 11 11 61 1111 1 10:15 11:15 0073 1 1220 0 _ _ 1 20140626174134 24
000000642013112 00000064 2013 11 25 61 1111 1 10:15 11:15 0073 1 1220 0 _ _ 1 20140626174134 24
000000642013121 00000064 2013 12 30 61 1111 1 10:00 11:00 0073 1 1220 0 _ _ 1 20140626174509 24
000000642013122 00000064 2013 12 02 61 1111 1 10:15 11:15 0073 1 1220 0 _ _ 1 20140626174509 24
000000642013122 00000064 2013 12 09 61 1111 1 10:15 11:15 0073 1 1220 0 _ _ 1 20140626174509 24
000000642013122 00000064 2013 12 16 61 1111 1 10:15 11:15 0073 1 1220 0 _ _ 1 20140626174509 24
000000642013122 00000064 2013 12 23 61 1111 1 10:15 11:15 0073 1 1220 0 _ _ 1 20140626174509 24
000000642014011 00000064 2014 01 13 61 1111 1 10:15 11:15 0073 1 1220 0 _ _ 1 20140618161553 78
000000642014011 00000064 2014 01 20 61 1111 1 10:15 11:15 0073 1 1220 0 _ _ 1 20140618161553 78
000000642014012 00000064 2014 01 08 61 1111 1 17:00 18:00 0073 1 1220 0 _ _ 1 20140618161553 78
000000642014013 00000064 2014 01 27 61 1111 1 10:06 11:06 0073 1 1220 0 _ _ 1 20140618161553 78
000000642014021 00000064 2014 02 03 61 1111 1 10:15 11:15 0073 1 1220 0 _ _ 1 20140618161525 78
000000642014021 00000064 2014 02 10 61 1111 1 10:15 11:15 0073 1 1220 0 _ _ 1 20140618161525 78
000000642014021 00000064 2014 02 17 61 1111 1 10:15 11:15 0073 1 1220 0 _ _ 1 20140618161525 78
000000642014022 00000064 2014 02 24 61 1111 1 10:10 11:10 0073 1 1220 0 _ _ 1 20140618161525 78
000000642014031 00000064 2014 03 03 61 1111 1 10:15 11:15 0073 1 1220 0 _ _ 1 20140618161501 78
000000642014031 00000064 2014 03 10 61 1111 1 10:15 11:15 0073 1 1220 0 _ _ 1 20140618161501 78
000000642014031 00000064 2014 03 17 61 1111 1 10:15 11:15 0073 1 1220 0 _ _ 1 20140618161501 78
000000642014031 00000064 2014 03 31 61 1111 1 10:15 11:15 0073 1 1220 0 _ _ 1 20140618161501 78
000000642014032 00000064 2014 03 24 61 1111 1 10:10 11:10 0073 1 1220 0 _ _ 1 20140618161501 78
000000642014041 00000064 2014 04 14 61 1111 1 10:15 11:15 0073 1 1226 0 _ _ 1 20140618161436 78
000000642014041 00000064 2014 04 28 61 1111 1 10:15 11:15 0073 1 1226 0 _ _ 1 20140618161436 78
000000642014042 00000064 2014 04 08 61 1111 1 10:00 11:00 0073 1 1226 0 _ _ 1 20140618161436 78
000000642014043 00000064 2014 04 21 61 1111 1 10:05 11:05 0073 1 1226 0 _ _ 1 20140618161436 78
000000642014051 00000064 2014 05 19 61 1111 1 10:03 11:00 0073 1 1226 0 _ _ 1 20140815180559 24
000000642014052 00000064 2014 05 05 61 1111 1 10:15 11:15 0073 1 1226 0 _ _ 1 20140815180559 24
000000642014052 00000064 2014 05 12 61 1111 1 10:15 11:15 0073 1 1226 0 _ _ 1 20140815180559 24
000000642014052 00000064 2014 05 26 61 1111 1 10:15 11:15 0073 1 1226 0 _ _ 1 20140815180559 24
000000642014061 00000064 2014 06 23 61 1111 1 10:05 11:04 0073 1 1226 0 _ _ 1 20140701154639 24
000000642014062 00000064 2014 06 02 61 1111 1 10:15 11:14 0073 1 1226 0 _ _ 1 20140701154639 24
000000642014062 00000064 2014 06 16 61 1111 1 10:15 11:14 0073 1 1226 0 _ _ 1 20140701154639 24
000000642014062 00000064 2014 06 30 61 1111 1 10:15 11:14 0073 1 1226 0 _ _ 1 20140701154639 24
000000642014063 00000064 2014 06 09 61 1111 1 15:30 16:29 0073 1 1226 0 _ _ 1 20140701154639 24
000000642014071 00000064 2014 07 21 61 1111 1 10:00 10:59 0073 1 1226 0 _ _ 1 20140801151625 24
000000642014072 00000064 2014 07 07 61 1111 1 10:15 11:14 0073 1 1226 0 _ _ 1 20140801151625 24
000000642014072 00000064 2014 07 14 61 1111 1 10:15 11:14 0073 1 1226 0 _ _ 1 20140801151625 24
000000642014072 00000064 2014 07 28 61 1111 1 10:15 11:14 0073 1 1226 0 _ _ 1 20140801151625 24
000000642014081 00000064 2014 08 25 61 1111 1 09:00 09:59 0073 1 1226 0 _ _ 1 20140901143015 24
000000642014082 00000064 2014 08 04 61 1111 1 10:15 11:14 0073 1 1226 0 _ _ 1 20140901143015 24
000000642014082 00000064 2014 08 11 61 1111 1 10:15 11:14 0073 1 1226 0 _ _ 1 20140901143015 24
000000642014082 00000064 2014 08 18 61 1111 1 10:15 11:14 0073 1 1226 0 _ _ 1 20140901143015 24
000000642014091 00000064 2014 09 22 61 1111 1 10:00 10:59 0073 1 1226 0 _ _ 1 20141001151657 24
000000642014092 00000064 2014 09 01 61 1111 1 10:15 11:14 0073 1 1226 0 _ _ 1 20141001151657 24
000000642014092 00000064 2014 09 08 61 1111 1 10:15 11:14 0073 1 1226 0 _ _ 1 20141001151657 24
000000642014092 00000064 2014 09 15 61 1111 1 10:15 11:14 0073 1 1226 0 _ _ 1 20141001151657 24
000000642014092 00000064 2014 09 29 61 1111 1 10:15 11:14 0073 1 1226 0 _ _ 1 20141001151657 24
000000642014101 00000064 2014 10 20 61 1111 1 10:00 10:59 0073 1 1226 0 _ _ 1 20141201133838 88
000000642014102 00000064 2014 10 06 61 1111 1 10:15 11:14 0073 1 1226 0 _ _ 1 20141201133838 88
000000642014102 00000064 2014 10 13 61 1111 1 10:15 11:14 0073 1 1226 0 _ _ 1 20141201133838 88
000000642014102 00000064 2014 10 27 61 1111 1 10:15 11:14 0073 1 1226 0 _ _ 1 20141201133838 88
000000642014111 00000064 2014 11 03 61 1111 1 10:15 11:14 0073 1 1226 0 _ _ 1 20141201134007 88
000000642014111 00000064 2014 11 10 61 1111 1 10:15 11:14 0073 1 1226 0 _ _ 1 20141201134007 88
000000642014111 00000064 2014 11 17 61 1111 1 10:15 11:14 0073 1 1226 0 _ _ 1 20141201134007 88
000000642014111 00000064 2014 11 24 61 1111 1 10:15 11:14 0073 1 1226 0 _ _ 1 20141201134007 88
