00000047 2011 11 1 1 00031 1 20141103165255 00077
00000047 2011 12 1 1 00031 1 20141103165927 00077
00000047 2012 01 1 1 00031 1 20141021111105 00077
00000047 2012 02 1 1 00031 1 20141021111308 00077
00000047 2012 03 1 1 00031 1 20141021111503 00077
00000047 2012 04 1 1 00031 1 20140804144851 00030
00000047 2012 05 1 1 00031 1 20140804145350 00030
00000047 2012 06 1 1 00031 1 20140804145846 00030
00000047 2012 07 1 1 00031 1 20140804151021 00030
00000047 2012 08 1 1 00031 1 20140804151931 00030
00000047 2012 09 1 1 00031 1 20140804152422 00030
00000047 2012 10 1 1 00031 1 20140804153012 00030
00000047 2012 11 1 1 00031 1 20140804153446 00030
00000047 2012 12 1 1 00031 1 20140804153837 00030
00000047 2013 01 1 1 00031 1 20140723100714 00030
00000047 2013 02 _ _ 00031 1 20140723100829 00030
