00000074 0073 2013 11 0000019 08 00035 _ 17:00 17:45 _ _ 0 1111 1 61 1 20140627133538 00034
00000074 0073 2013 11 0000020 15 00037 _ 17:00 17:45 _ _ 0 1111 1 61 1 20140627133538 00034
00000074 0073 2013 11 0000021 22 00037 _ 17:00 17:45 _ _ 0 1111 1 61 1 20140627133538 00034
00000074 0073 2013 11 0000022 29 00037 _ 17:00 17:45 _ _ 0 1111 1 61 1 20140627133538 00034
00000074 0073 2013 12 0000023 06 00035 _ 17:00 17:45 _ _ 0 1111 1 61 1 20140627134156 00034
00000074 0073 2013 12 0000024 20 00038 _ 17:00 17:45 _ _ 0 1111 1 61 1 20140627134156 00034
00000074 0073 2013 12 0000025 27 00038 _ 17:00 17:45 _ _ 0 1111 1 61 1 20140627134156 00034
00000074 0073 2014 01 0000002 10 00037 _ 17:00 17:45 _ _ 0 1111 1 61 1 20140613143450 00034
00000074 0073 2014 01 0000003 17 00038 _ 17:00 17:45 _ _ 0 1111 1 61 1 20140613143450 00034
00000074 0073 2014 01 0000004 24 00036 _ 17:00 17:45 _ _ 0 1111 1 61 1 20140613143450 00034
00000074 0073 2014 01 0000005 31 00035 _ 17:00 17:45 _ _ 0 1111 1 61 1 20140613143450 00034
00000074 0073 2014 02 0000006 07 00038 _ 17:00 17:45 _ _ 0 1111 1 61 1 20140613144736 00034
00000074 0073 2014 02 0000007 21 00038 _ 17:00 17:45 _ _ 0 1111 1 61 1 20140613144736 00034
00000074 0073 2014 02 0000008 28 00037 _ 17:00 17:45 _ _ 0 1111 1 61 1 20140613144736 00034
00000074 0073 2014 03 0000009 07 00037 _ 17:00 17:45 _ _ 0 1111 1 61 1 20140613145315 00034
00000074 0073 2014 03 0000010 14 00037 _ 17:00 17:45 _ _ 0 1111 1 61 1 20140613145315 00034
00000074 0073 2014 03 0000011 21 00037 _ 17:00 17:45 _ _ 0 1111 1 61 1 20140613145315 00034
00000074 0073 2014 03 0000012 28 00037 _ 17:00 17:45 _ _ 0 1111 1 61 1 20140613145315 00034
00000074 0073 2014 04 0000013 04 00037 _ 17:00 17:45 _ _ 0 1111 1 61 1 20140613145856 00034
00000074 0073 2014 04 0000014 11 00037 _ 17:00 17:45 _ _ 0 1111 1 61 1 20140613145856 00034
00000074 0073 2014 04 0000015 18 00037 _ 17:00 17:45 _ _ 0 1111 1 61 1 20140613145856 00034
00000074 0073 2014 04 0000016 25 00037 _ 17:00 17:45 _ _ 0 1111 1 61 1 20140613145856 00034
00000074 0073 2014 05 0000017 02 00037 _ 17:00 17:45 _ _ 0 1111 1 61 1 20140818103115 00034
00000074 0073 2014 05 0000018 09 00037 _ 17:00 17:45 _ _ 0 1111 1 61 1 20140818103115 00034
00000074 0073 2014 05 0000026 16 00045 _ 17:00 17:45 _ _ 0 1111 1 61 1 20140818103115 00034
00000074 0073 2014 05 0000027 23 00037 _ 17:00 17:45 _ _ 0 1111 1 61 1 20140818103115 00034
00000074 0073 2014 05 0000028 30 00035 _ 17:00 17:45 _ _ 0 1111 1 61 1 20140818103115 00034
00000074 0073 2014 06 0000002 06 00037 _ 17:00 17:44 2 _ 0 1111 1 61 1 20140608172343 00038
00000074 0073 2014 06 0000003 13 00037 _ 17:00 17:44 2 _ 0 1111 1 61 1 20140614094247 00037
00000074 0073 2014 06 0000004 20 00035 _ 17:00 17:44 2 _ 0 1111 1 61 1 20140625191506 00038
