000001602014021 00000160 2014 02 01 11 1211 1 17:00 17:59 0070 1 402 0 _ _ 1 20140617193823 24
000001602014021 00000160 2014 02 09 11 1211 1 17:00 17:59 0070 1 402 0 _ _ 1 20140617193823 24
000001602014021 00000160 2014 02 12 11 1211 1 17:00 17:59 0070 1 402 0 _ _ 1 20140617193823 24
000001602014021 00000160 2014 02 15 11 1211 1 17:00 17:59 0070 1 402 0 _ _ 1 20140617193823 24
000001602014021 00000160 2014 02 19 11 1211 1 17:00 17:59 0070 1 402 0 _ _ 1 20140617193823 24
000001602014021 00000160 2014 02 22 11 1211 1 17:00 17:59 0070 1 402 0 _ _ 1 20140617193823 24
000001602014021 00000160 2014 02 26 11 1211 1 17:00 17:59 0070 1 402 0 _ _ 1 20140617193823 24
000001602014022 00000160 2014 02 01 11 4001 1 _ _ 0070 1 200 0 _ _ 1 20140617193823 24
000001602014023 00000160 2014 02 05 11 1211 1 16:45 17:44 0070 1 402 0 _ _ 1 20140617193823 24
000001602014024 00000160 2014 02 01 17 1009 1 _ _ 0101 1 300 0 _ _ 1 20140617193823 24
000001602014025 00000160 2014 02 01 17 1007 1 _ _ 0101 1 250 0 _ _ 1 20140617193823 24
000001602014031 00000160 2014 03 01 11 5111 1 17:00 18:15 0070 1 472 0 _ _ 1 20140617194405 24
000001602014031 00000160 2014 03 05 11 5111 1 17:00 18:15 0070 1 472 0 _ _ 1 20140617194405 24
000001602014031 00000160 2014 03 08 11 5111 1 17:00 18:15 0070 1 472 0 _ _ 1 20140617194405 24
000001602014031 00000160 2014 03 12 11 5111 1 17:00 18:15 0070 1 472 0 _ _ 1 20140617194405 24
000001602014031 00000160 2014 03 15 11 5111 1 17:00 18:15 0070 1 472 0 _ _ 1 20140617194405 24
000001602014031 00000160 2014 03 19 11 5111 1 17:00 18:15 0070 1 472 0 _ _ 1 20140617194405 24
000001602014031 00000160 2014 03 22 11 5111 1 17:00 18:15 0070 1 472 0 _ _ 1 20140617194405 24
000001602014031 00000160 2014 03 26 11 5111 1 17:00 18:15 0070 1 472 0 _ _ 1 20140617194405 24
000001602014031 00000160 2014 03 29 11 5111 1 17:00 18:15 0070 1 472 0 _ _ 1 20140617194405 24
000001602014032 00000160 2014 03 01 17 1007 1 _ _ 0101 1 250 0 _ _ 1 20140617194405 24
000001602014033 00000160 2014 03 01 17 1009 1 _ _ 0101 1 300 0 _ _ 1 20140617194405 24
000001602014041 00000160 2014 04 02 11 5111 1 17:00 18:15 0070 1 474 0 _ _ 1 20140617194936 24
000001602014041 00000160 2014 04 05 11 5111 1 17:00 18:15 0070 1 474 0 _ _ 1 20140617194936 24
000001602014041 00000160 2014 04 09 11 5111 1 17:00 18:15 0070 1 474 0 _ _ 1 20140617194936 24
000001602014041 00000160 2014 04 12 11 5111 1 17:00 18:15 0070 1 474 0 _ _ 1 20140617194936 24
000001602014041 00000160 2014 04 16 11 5111 1 17:00 18:15 0070 1 474 0 _ _ 1 20140617194936 24
000001602014041 00000160 2014 04 19 11 5111 1 17:00 18:15 0070 1 474 0 _ _ 1 20140617194936 24
000001602014041 00000160 2014 04 23 11 5111 1 17:00 18:15 0070 1 474 0 _ _ 1 20140617194936 24
000001602014041 00000160 2014 04 26 11 5111 1 17:00 18:15 0070 1 474 0 _ _ 1 20140617194936 24
000001602014041 00000160 2014 04 30 11 5111 1 17:00 18:15 0070 1 474 0 _ _ 1 20140617194936 24
000001602014042 00000160 2014 04 01 17 1009 1 _ _ 0101 1 300 0 _ _ 1 20140617194936 24
000001602014043 00000160 2014 04 01 17 1007 1 _ _ 0101 1 250 0 _ _ 1 20140617194936 24
000001602014051 00000160 2014 05 03 11 5111 1 17:00 18:15 0070 1 474 0 _ _ 1 20140818175152 24
000001602014051 00000160 2014 05 07 11 5111 1 17:00 18:15 0070 1 474 0 _ _ 1 20140818175152 24
000001602014051 00000160 2014 05 10 11 5111 1 17:00 18:15 0070 1 474 0 _ _ 1 20140818175152 24
000001602014051 00000160 2014 05 14 11 5111 1 17:00 18:15 0070 1 474 0 _ _ 1 20140818175152 24
000001602014051 00000160 2014 05 17 11 5111 1 17:00 18:15 0070 1 474 0 _ _ 1 20140818175152 24
000001602014051 00000160 2014 05 21 11 5111 1 17:00 18:15 0070 1 474 0 _ _ 1 20140818175152 24
000001602014051 00000160 2014 05 24 11 5111 1 17:00 18:15 0070 1 474 0 _ _ 1 20140818175152 24
000001602014051 00000160 2014 05 28 11 5111 1 17:00 18:15 0070 1 474 0 _ _ 1 20140818175152 24
000001602014051 00000160 2014 05 31 11 5111 1 17:00 18:15 0070 1 474 0 _ _ 1 20140818175152 24
000001602014052 00000160 2014 05 01 17 1007 1 _ _ 0101 1 250 0 _ _ 1 20140818175152 24
000001602014053 00000160 2014 05 01 17 1009 1 _ _ 0101 1 300 0 _ _ 1 20140818175152 24
000001602014061 00000160 2014 06 04 11 5111 1 17:00 18:15 0070 1 474 0 _ _ 1 20140702180705 24
000001602014061 00000160 2014 06 07 11 5111 1 17:00 18:15 0070 1 474 0 _ _ 1 20140702180705 24
000001602014061 00000160 2014 06 11 11 5111 1 17:00 18:15 0070 1 474 0 _ _ 1 20140702180705 24
000001602014061 00000160 2014 06 14 11 5111 1 17:00 18:15 0070 1 474 0 _ _ 1 20140702180705 24
000001602014061 00000160 2014 06 18 11 5111 1 17:00 18:15 0070 1 474 0 _ _ 1 20140702180705 24
000001602014061 00000160 2014 06 21 11 5111 1 17:00 18:15 0070 1 474 0 _ _ 1 20140702180705 24
000001602014061 00000160 2014 06 25 11 5111 1 17:00 18:15 0070 1 474 0 _ _ 1 20140702180705 24
000001602014061 00000160 2014 06 28 11 5111 1 17:00 18:15 0070 1 474 0 _ _ 1 20140702180705 24
000001602014062 00000160 2014 06 01 17 1007 1 _ _ 0101 1 250 0 _ _ 1 20140702180705 24
000001602014063 00000160 2014 06 01 17 1009 1 _ _ 0101 1 300 0 _ _ 1 20140702180705 24
000001602014071 00000160 2014 07 02 11 5111 1 17:00 18:14 0070 1 474 0 _ _ 1 20140802171800 24
000001602014071 00000160 2014 07 05 11 5111 1 17:00 18:14 0070 1 474 0 _ _ 1 20140802171800 24
000001602014071 00000160 2014 07 09 11 5111 1 17:00 18:14 0070 1 474 0 _ _ 1 20140802171800 24
000001602014071 00000160 2014 07 12 11 5111 1 17:00 18:14 0070 1 474 0 _ _ 1 20140802171800 24
000001602014071 00000160 2014 07 16 11 5111 1 17:00 18:14 0070 1 474 0 _ _ 1 20140802171800 24
000001602014071 00000160 2014 07 19 11 5111 1 17:00 18:14 0070 1 474 0 _ _ 1 20140802171800 24
000001602014071 00000160 2014 07 23 11 5111 1 17:00 18:14 0070 1 474 0 _ _ 1 20140802171800 24
000001602014071 00000160 2014 07 26 11 5111 1 17:00 18:14 0070 1 474 0 _ _ 1 20140802171800 24
000001602014071 00000160 2014 07 30 11 5111 1 17:00 18:14 0070 1 474 0 _ _ 1 20140802171800 24
000001602014072 00000160 2014 07 01 17 1007 1 _ _ 0101 1 250 0 _ _ 1 20140802171800 24
000001602014081 00000160 2014 08 02 11 5111 1 17:00 18:14 0070 1 474 0 _ _ 1 20140904163221 88
000001602014081 00000160 2014 08 06 11 5111 1 17:00 18:14 0070 1 474 0 _ _ 1 20140904163221 88
000001602014082 00000160 2014 08 01 17 1007 1 _ _ 0101 1 250 0 _ _ 1 20140904163221 88
000001602014091 00000160 2014 09 10 11 5111 1 17:00 18:15 0070 1 474 0 _ _ 1 20141008100045 24
000001602014091 00000160 2014 09 13 11 5111 1 17:00 18:15 0070 1 474 0 _ _ 1 20141008100045 24
000001602014091 00000160 2014 09 17 11 5111 1 17:00 18:15 0070 1 474 0 _ _ 1 20141008100045 24
000001602014091 00000160 2014 09 20 11 5111 1 17:00 18:15 0070 1 474 0 _ _ 1 20141008100045 24
000001602014091 00000160 2014 09 24 11 5111 1 17:00 18:15 0070 1 474 0 _ _ 1 20141008100045 24
000001602014092 00000160 2014 09 01 17 1007 1 _ _ 0101 1 250 0 _ _ 1 20141008100045 24
000001602014101 00000160 2014 10 01 11 5111 1 17:00 18:14 0070 1 474 0 _ _ 1 20141102095943 88
000001602014101 00000160 2014 10 04 11 5111 1 17:00 18:14 0070 1 474 0 _ _ 1 20141102095943 88
000001602014101 00000160 2014 10 08 11 5111 1 17:00 18:14 0070 1 474 0 _ _ 1 20141102095943 88
000001602014101 00000160 2014 10 11 11 5111 1 17:00 18:14 0070 1 474 0 _ _ 1 20141102095943 88
000001602014101 00000160 2014 10 15 11 5111 1 17:00 18:14 0070 1 474 0 _ _ 1 20141102095943 88
000001602014101 00000160 2014 10 18 11 5111 1 17:00 18:14 0070 1 474 0 _ _ 1 20141102095943 88
000001602014101 00000160 2014 10 22 11 5111 1 17:00 18:14 0070 1 474 0 _ _ 1 20141102095943 88
000001602014101 00000160 2014 10 25 11 5111 1 17:00 18:14 0070 1 474 0 _ _ 1 20141102095943 88
000001602014101 00000160 2014 10 29 11 5111 1 17:00 18:14 0070 1 474 0 _ _ 1 20141102095943 88
000001602014102 00000160 2014 10 01 17 1007 1 _ _ 0101 1 250 0 _ _ 1 20141102095943 88
000001602014111 00000160 2014 11 01 11 5111 1 17:00 18:14 0070 1 474 0 _ _ 1 20141202164234 88
000001602014111 00000160 2014 11 05 11 5111 1 17:00 18:14 0070 1 474 0 _ _ 1 20141202164234 88
000001602014111 00000160 2014 11 08 11 5111 1 17:00 18:14 0070 1 474 0 _ _ 1 20141202164234 88
