00000002 2012 04 1 1 00031 1 20140730170341 00030
00000002 2012 05 1 1 00031 1 20140730170520 00030
00000002 2012 06 1 1 00031 1 20140730163043 00030
00000002 2012 07 1 1 00031 1 20140730163617 00030
00000002 2012 08 1 1 00031 1 20140730164233 00030
00000002 2012 09 1 1 00031 1 20140730164754 00030
00000002 2012 10 1 1 00031 1 20140730170223 00030
00000002 2012 11 1 1 00031 1 20140730170921 00030
00000002 2014 01 1 1 00013 1 20140610175332 00030
00000002 2014 02 1 1 00013 1 20140610180418 00030
00000002 2014 03 1 1 00013 1 20140610181547 00030
00000002 2014 04 1 1 00013 1 20140610182200 00030
00000002 2014 05 1 1 00013 1 20140815150314 00030
00000002 2014 06 1 1 00031 1 20140702150249 00031
00000002 2014 07 1 1 00031 1 20140803161236 00031
00000002 2014 08 1 _ 00031 1 20140721180755 00031
00000002 2014 09 1 _ 00031 1 20140815154755 00031
