00000240 2013 07 03 14:10 15:10 11 7311 0029 11.26 1 235 1 20140704145428 00077
00000240 2013 07 10 14:20 15:20 11 7311 0029 11.26 1 235 1 20140704145428 00077
00000240 2013 07 17 14:10 15:10 11 7311 0029 11.26 1 235 1 20140704145428 00077
00000240 2013 07 24 15:30 16:30 11 7311 0029 11.26 1 235 1 20140704145428 00077
00000240 2013 07 31 14:10 15:10 11 7311 0029 11.26 1 235 1 20140704145428 00077
00000240 2013 08 07 14:10 15:15 11 7311 0029 11.26 1 235 1 20140704145417 00077
00000240 2013 08 14 14:10 15:15 11 7311 0029 11.26 1 235 1 20140704145417 00077
00000240 2013 08 21 14:10 15:15 11 7311 0029 11.26 1 235 1 20140704145417 00077
00000240 2013 08 28 14:10 15:15 11 7311 0029 11.26 1 235 1 20140704145417 00077
00000240 2013 09 05 14:10 15:10 11 7311 0029 11.26 1 235 1 20140704145403 00077
00000240 2013 09 10 13:00 14:00 11 7311 0029 11.26 1 235 1 20140704145403 00077
00000240 2013 09 20 10:00 11:00 11 7311 0029 11.26 1 235 1 20140704145403 00077
00000240 2013 09 25 13:00 14:00 11 7311 0029 11.26 1 235 1 20140704145403 00077
00000240 2013 10 02 14:10 15:15 11 7311 0029 11.26 1 235 1 20140704145342 00077
00000240 2013 10 09 14:30 15:30 11 1311 0029 11.26 1 584 1 20140704145342 00077
00000240 2013 10 23 14:10 15:15 11 7311 0029 11.26 1 235 1 20140704145342 00077
00000240 2013 10 30 14:10 15:15 11 7311 0029 11.26 1 235 1 20140704145342 00077
00000240 2013 11 06 14:10 15:10 11 7311 0029 11.26 1 235 1 20140704145328 00077
00000240 2013 11 13 14:10 15:10 11 7311 0029 11.26 1 235 1 20140704145328 00077
00000240 2013 11 20 14:10 15:10 11 7311 0029 11.26 1 235 1 20140704145328 00077
00000240 2013 11 27 14:10 15:10 11 7311 0029 11.26 1 235 1 20140704145328 00077
00000240 2013 12 04 14:10 15:10 11 7311 0029 11.26 1 235 1 20140704145312 00077
00000240 2013 12 11 14:10 15:10 11 7311 0029 11.26 1 235 1 20140704145312 00077
00000240 2013 12 14 09:00 09:30 11 7211 0029 11.26 1 190 1 20140704145312 00077
00000240 2013 12 15 09:00 09:30 11 7211 0029 11.26 1 190 1 20140704145312 00077
00000240 2013 12 16 09:00 09:30 11 7211 0029 11.26 1 190 1 20140704145312 00077
00000240 2013 12 17 09:00 09:30 11 7211 0029 11.26 1 190 1 20140704145312 00077
00000240 2013 12 18 09:00 09:30 11 7211 0029 11.26 1 190 1 20140704145312 00077
00000240 2013 12 18 15:20 16:20 11 7311 0029 11.26 1 235 1 20140704145312 00077
00000240 2013 12 19 09:00 09:30 11 7211 0029 11.26 1 190 1 20140704145312 00077
00000240 2013 12 20 09:00 09:30 11 7211 0029 11.26 1 190 1 20140704145312 00077
00000240 2013 12 21 09:00 09:30 11 7211 0029 11.26 1 190 1 20140704145312 00077
00000240 2013 12 22 09:00 09:30 11 7211 0029 11.26 1 190 1 20140704145312 00077
00000240 2013 12 23 09:00 09:30 11 7211 0029 11.26 1 190 1 20140704145312 00077
00000240 2013 12 24 09:00 09:30 11 7211 0029 11.26 1 190 1 20140704145312 00077
00000240 2013 12 25 09:00 09:30 11 7211 0029 11.26 1 190 1 20140704145312 00077
00000240 2013 12 26 09:00 09:30 11 7211 0029 11.26 1 190 1 20140704145312 00077
00000240 2013 12 26 15:30 16:30 11 7311 0029 11.26 1 235 1 20140704145312 00077
00000240 2013 12 27 09:00 09:30 11 7211 0029 11.26 1 190 1 20140704145312 00077
00000240 2013 12 28 09:00 09:30 11 7211 0029 11.26 1 190 1 20140704145312 00077
00000240 2013 12 29 09:00 09:30 11 7211 0029 11.26 1 190 1 20140704145312 00077
00000240 2013 12 30 09:00 09:30 11 7211 0029 11.26 1 190 1 20140704145312 00077
00000240 2013 12 31 09:00 09:30 11 7211 0029 11.26 1 190 1 20140704145312 00077
00000240 2014 01 11 08:40 09:09 11 7211 0029 11.26 1 190 1 20140617190730 00049
00000240 2014 01 12 08:40 09:09 11 7211 0029 11.26 1 190 1 20140617190730 00049
00000240 2014 01 13 08:40 09:09 11 7211 0029 11.26 1 190 1 20140617190730 00049
00000240 2014 01 14 08:40 09:09 11 7211 0029 11.26 1 190 1 20140617190730 00049
00000240 2014 01 15 08:40 09:09 11 7211 0029 11.26 1 190 1 20140617190730 00049
00000240 2014 01 15 15:00 15:59 11 7311 0029 11.26 1 235 1 20140617190730 00049
00000240 2014 01 16 08:40 09:09 11 7211 0029 11.26 1 190 1 20140617190730 00049
00000240 2014 01 17 08:40 09:09 11 7211 0029 11.26 1 190 1 20140617190730 00049
00000240 2014 01 18 08:40 09:09 11 7211 0029 11.26 1 190 1 20140617190730 00049
00000240 2014 01 19 08:40 09:09 11 7211 0029 11.26 1 190 1 20140617190730 00049
00000240 2014 01 20 08:40 09:09 11 7211 0029 11.26 1 190 1 20140617190730 00049
00000240 2014 01 21 08:40 09:09 11 7211 0029 11.26 1 190 1 20140617190730 00049
00000240 2014 01 22 08:40 09:09 11 7211 0029 11.26 1 190 1 20140617190730 00049
00000240 2014 01 22 15:20 16:19 11 7311 0029 11.26 1 235 1 20140617190730 00049
00000240 2014 01 23 08:40 09:09 11 7211 0029 11.26 1 190 1 20140617190730 00049
00000240 2014 01 24 08:40 09:09 11 7211 0029 11.26 1 190 1 20140617190730 00049
00000240 2014 01 25 08:40 09:09 11 7211 0029 11.26 1 190 1 20140617190730 00049
00000240 2014 01 26 08:40 09:09 11 7211 0029 11.26 1 190 1 20140617190730 00049
00000240 2014 01 27 08:40 09:09 11 7211 0029 11.26 1 190 1 20140617190730 00049
00000240 2014 01 28 08:40 09:09 11 7211 0029 11.26 1 190 1 20140617190730 00049
00000240 2014 01 29 08:40 09:09 11 7211 0029 11.26 1 190 1 20140617190730 00049
00000240 2014 01 30 08:40 09:09 11 7211 0029 11.26 1 190 1 20140617190730 00049
00000240 2014 01 31 08:40 09:09 11 7211 0029 11.26 1 190 1 20140617190730 00049
00000240 2014 01 31 13:00 13:59 11 7311 0029 11.26 1 235 1 20140617190730 00049
00000240 2014 02 01 08:40 09:09 11 7211 0029 11.26 1 190 1 20140617185834 00049
00000240 2014 02 02 08:40 09:09 11 7211 0029 11.26 1 190 1 20140617185834 00049
00000240 2014 02 03 08:40 09:09 11 7211 0029 11.26 1 190 1 20140617185834 00049
00000240 2014 02 04 08:40 09:09 11 7211 0029 11.26 1 190 1 20140617185834 00049
00000240 2014 02 05 08:40 09:09 11 7211 0029 11.26 1 190 1 20140617185834 00049
00000240 2014 02 05 11:30 12:29 11 7311 0029 11.26 1 235 1 20140617185834 00049
00000240 2014 02 06 08:40 09:09 11 7211 0029 11.26 1 190 1 20140617185834 00049
00000240 2014 02 07 08:40 09:09 11 7211 0029 11.26 1 190 1 20140617185834 00049
00000240 2014 02 08 08:40 09:09 11 7211 0029 11.26 1 190 1 20140617185834 00049
00000240 2014 02 09 08:40 09:09 11 7211 0029 11.26 1 190 1 20140617185834 00049
00000240 2014 02 10 08:40 09:09 11 7211 0029 11.26 1 190 1 20140617185834 00049
00000240 2014 02 11 08:40 09:09 11 7211 0029 11.26 1 190 1 20140617185834 00049
00000240 2014 02 11 14:40 15:39 11 7311 0029 11.26 1 235 1 20140617185834 00049
00000240 2014 02 12 08:40 09:09 11 7211 0029 11.26 1 190 1 20140617185834 00049
00000240 2014 03 13 08:40 09:09 11 7211 0029 11.26 1 190 1 20140617185050 00049
00000240 2014 03 14 08:40 09:09 11 7211 0029 11.26 1 190 1 20140617185050 00049
00000240 2014 03 15 08:40 09:09 11 7211 0029 11.26 1 190 1 20140617185050 00049
00000240 2014 03 16 08:40 09:09 11 7211 0029 11.26 1 190 1 20140617185050 00049
00000240 2014 03 17 08:40 09:09 11 7211 0029 11.26 1 190 1 20140617185050 00049
00000240 2014 03 18 08:40 09:09 11 7211 0029 11.26 1 190 1 20140617185050 00049
00000240 2014 03 19 08:40 09:09 11 7211 0029 11.26 1 190 1 20140617185050 00049
00000240 2014 03 19 15:20 16:19 11 7311 0029 11.26 1 235 1 20140617185050 00049
00000240 2014 03 20 08:40 09:09 11 7211 0029 11.26 1 190 1 20140617185050 00049
00000240 2014 03 21 08:40 09:09 11 7211 0029 11.26 1 190 1 20140617185050 00049
00000240 2014 03 22 08:40 09:09 11 7211 0029 11.26 1 190 1 20140617185050 00049
00000240 2014 03 23 08:40 09:09 11 7211 0029 11.26 1 190 1 20140617185050 00049
00000240 2014 03 24 08:40 09:09 11 7211 0029 11.26 1 190 1 20140617185050 00049
00000240 2014 03 25 08:40 09:09 11 7211 0029 11.26 1 190 1 20140617185050 00049
00000240 2014 03 26 08:40 09:09 11 7211 0029 11.26 1 190 1 20140617185050 00049
00000240 2014 03 26 15:20 16:19 11 7311 0029 11.26 1 235 1 20140617185050 00049
00000240 2014 03 27 08:40 09:09 11 7211 0029 11.26 1 190 1 20140617185050 00049
00000240 2014 03 28 08:40 09:09 11 7211 0029 11.26 1 190 1 20140617185050 00049
00000240 2014 03 29 08:40 09:09 11 7211 0029 11.26 1 190 1 20140617185050 00049
00000240 2014 03 30 08:40 09:09 11 7211 0029 11.26 1 190 1 20140617185050 00049
00000240 2014 03 31 08:40 09:09 11 7211 0029 11.26 1 190 1 20140617185050 00049
00000240 2014 04 01 08:40 09:09 11 7211 0029 11.26 1 191 1 20140617184428 00049
00000240 2014 04 02 08:40 09:09 11 7211 0029 11.26 1 191 1 20140617184428 00049
00000240 2014 04 02 15:20 16:19 11 7311 0029 11.26 1 236 1 20140617184428 00049
00000240 2014 04 03 08:40 09:09 11 7211 0029 11.26 1 191 1 20140617184428 00049
00000240 2014 04 04 08:40 09:09 11 7211 0029 11.26 1 191 1 20140617184428 00049
00000240 2014 04 05 08:40 09:09 11 7211 0029 11.26 1 191 1 20140617184428 00049
00000240 2014 04 06 08:40 09:09 11 7211 0029 11.26 1 191 1 20140617184428 00049
00000240 2014 04 07 08:40 09:09 11 7211 0029 11.26 1 191 1 20140617184428 00049
00000240 2014 04 08 08:40 09:09 11 7211 0029 11.26 1 191 1 20140617184428 00049
00000240 2014 04 09 08:40 09:09 11 7211 0029 11.26 1 191 1 20140617184428 00049
00000240 2014 04 09 15:20 16:19 11 7311 0029 11.26 1 236 1 20140617184428 00049
00000240 2014 04 10 08:40 09:09 11 7211 0029 11.26 1 191 1 20140617184428 00049
00000240 2014 04 11 08:40 09:09 11 7211 0029 11.26 1 191 1 20140617184428 00049
00000240 2014 04 12 08:40 09:09 11 7211 0029 11.26 1 191 1 20140617184428 00049
00000240 2014 04 13 08:40 09:09 11 7211 0029 11.26 1 191 1 20140617184428 00049
00000240 2014 04 14 08:40 09:09 11 7211 0029 11.26 1 191 1 20140617184428 00049
00000240 2014 04 15 08:40 09:09 11 7211 0029 11.26 1 191 1 20140617184428 00049
00000240 2014 04 16 08:40 09:09 11 7211 0029 11.26 1 191 1 20140617184428 00049
00000240 2014 04 16 15:20 16:19 11 7311 0029 11.26 1 236 1 20140617184428 00049
00000240 2014 04 17 08:40 09:09 11 7211 0029 11.26 1 191 1 20140617184428 00049
00000240 2014 04 18 08:40 09:09 11 7211 0029 11.26 1 191 1 20140617184428 00049
00000240 2014 04 19 08:40 09:09 11 7211 0029 11.26 1 191 1 20140617184428 00049
00000240 2014 04 20 08:40 09:09 11 7211 0029 11.26 1 191 1 20140617184428 00049
00000240 2014 04 21 08:40 09:09 11 7211 0029 11.26 1 191 1 20140617184428 00049
00000240 2014 04 22 08:40 09:09 11 7211 0029 11.26 1 191 1 20140617184428 00049
00000240 2014 04 23 08:40 09:09 11 7211 0029 11.26 1 191 1 20140617184428 00049
00000240 2014 04 23 15:20 16:19 11 7311 0029 11.26 1 236 1 20140617184428 00049
00000240 2014 04 24 08:40 09:09 11 7211 0029 11.26 1 191 1 20140617184428 00049
00000240 2014 04 25 08:40 09:09 11 7211 0029 11.26 1 191 1 20140617184428 00049
00000240 2014 04 26 08:40 09:09 11 7211 0029 11.26 1 191 1 20140617184428 00049
00000240 2014 04 27 08:40 09:09 11 7211 0029 11.26 1 191 1 20140617184428 00049
00000240 2014 04 28 08:40 09:09 11 7211 0029 11.26 1 191 1 20140617184428 00049
00000240 2014 04 29 08:40 09:09 11 7211 0029 11.26 1 191 1 20140617184428 00049
00000240 2014 04 30 08:40 09:09 11 7211 0029 11.26 1 191 1 20140617184428 00049
00000240 2014 04 30 15:20 16:19 11 7311 0029 11.26 1 236 1 20140617184428 00049
00000240 2014 05 01 08:40 09:10 11 7211 0029 11.26 1 191 1 20140819134213 00078
00000240 2014 05 02 08:40 09:10 11 7211 0029 11.26 1 191 1 20140819134213 00078
00000240 2014 05 03 08:40 09:10 11 7211 0029 11.26 1 191 1 20140819134213 00078
00000240 2014 05 04 08:40 09:10 11 7211 0029 11.26 1 191 1 20140819134213 00078
00000240 2014 05 05 08:40 09:10 11 7211 0029 11.26 1 191 1 20140819134213 00078
00000240 2014 05 06 08:40 09:10 11 7211 0029 11.26 1 191 1 20140819134213 00078
00000240 2014 05 07 08:40 09:10 11 7211 0029 11.26 1 191 1 20140819134213 00078
00000240 2014 05 07 15:20 16:20 11 7311 0029 11.26 1 236 1 20140819134213 00078
00000240 2014 05 08 08:40 09:10 11 7211 0029 11.26 1 191 1 20140819134213 00078
00000240 2014 05 09 08:40 09:10 11 7211 0029 11.26 1 191 1 20140819134213 00078
00000240 2014 05 10 08:40 09:10 11 7211 0029 11.26 1 191 1 20140819134213 00078
00000240 2014 05 11 08:40 09:10 11 7211 0029 11.26 1 191 1 20140819134213 00078
00000240 2014 05 12 08:40 09:10 11 7211 0029 11.26 1 191 1 20140819134213 00078
00000240 2014 05 13 08:40 09:10 11 7211 0029 11.26 1 191 1 20140819134213 00078
00000240 2014 05 14 08:40 09:10 11 7211 0029 11.26 1 191 1 20140819134213 00078
00000240 2014 05 15 08:40 09:10 11 7211 0029 11.26 1 191 1 20140819134213 00078
00000240 2014 05 15 14:10 15:10 11 7311 0029 11.26 1 236 1 20140819134213 00078
00000240 2014 05 16 08:40 09:10 11 7211 0029 11.26 1 191 1 20140819134213 00078
00000240 2014 05 17 08:40 09:10 11 7211 0029 11.26 1 191 1 20140819134213 00078
00000240 2014 05 18 08:40 09:10 11 7211 0029 11.26 1 191 1 20140819134213 00078
00000240 2014 05 19 08:40 09:10 11 7211 0029 11.26 1 191 1 20140819134213 00078
00000240 2014 05 20 08:40 09:10 11 7211 0029 11.26 1 191 1 20140819134213 00078
00000240 2014 05 21 08:40 09:10 11 7211 0029 11.26 1 191 1 20140819134213 00078
00000240 2014 05 21 15:20 16:20 11 7311 0029 11.26 1 236 1 20140819134213 00078
00000240 2014 05 22 08:40 09:10 11 7211 0029 11.26 1 191 1 20140819134213 00078
00000240 2014 05 23 08:40 09:10 11 7211 0029 11.26 1 191 1 20140819134213 00078
00000240 2014 05 24 08:40 09:10 11 7211 0029 11.26 1 191 1 20140819134213 00078
00000240 2014 05 25 08:40 09:10 11 7211 0029 11.26 1 191 1 20140819134213 00078
00000240 2014 05 26 08:40 09:10 11 7211 0029 11.26 1 191 1 20140819134213 00078
00000240 2014 05 27 08:40 09:10 11 7211 0029 11.26 1 191 1 20140819134213 00078
00000240 2014 05 28 08:40 09:10 11 7211 0029 11.26 1 191 1 20140819134213 00078
00000240 2014 05 28 15:20 16:20 11 7311 0029 11.26 1 236 1 20140728182248 00078
00000240 2014 05 29 08:40 09:10 11 7211 0029 11.26 1 191 1 20140819134213 00078
00000240 2014 05 30 08:40 09:10 11 7211 0029 11.26 1 191 1 20140819134213 00078
00000240 2014 05 31 08:40 09:10 11 7211 0029 11.26 1 191 1 20140819134213 00078
00000240 2014 06 01 08:40 09:00 11 7211 0029 11.26 1 191 1 20140701132536 00049
00000240 2014 06 02 08:40 09:00 11 7211 0029 11.26 1 191 1 20140701132536 00049
00000240 2014 06 03 08:40 09:09 11 7211 0029 11.26 1 191 1 20140701132536 00049
00000240 2014 06 04 08:40 09:09 11 7211 0029 11.26 1 191 1 20140701132536 00049
00000240 2014 06 04 15:20 16:19 11 7311 0029 11.26 1 236 1 20140701132536 00049
00000240 2014 06 05 08:40 09:09 11 7211 0029 11.26 1 191 1 20140701132536 00049
00000240 2014 06 06 08:40 09:09 11 7211 0029 11.26 1 191 1 20140701132536 00049
00000240 2014 06 07 08:40 09:00 11 7211 0029 11.26 1 191 1 20140701132536 00049
00000240 2014 06 08 08:40 09:00 11 7211 0029 11.26 1 191 1 20140701132536 00049
00000240 2014 06 09 08:40 09:00 11 7211 0029 11.26 1 191 1 20140701132536 00049
00000240 2014 06 10 08:40 09:09 11 7211 0029 11.26 1 191 1 20140701132536 00049
00000240 2014 06 11 08:40 09:09 11 7211 0029 11.26 1 191 1 20140701132536 00049
00000240 2014 06 11 15:20 16:19 11 7311 0029 11.26 1 236 1 20140701132536 00049
00000240 2014 06 12 08:40 09:09 11 7211 0029 11.26 1 191 1 20140701132536 00049
00000240 2014 06 13 08:40 09:09 11 7211 0029 11.26 1 191 1 20140701132536 00049
00000240 2014 06 14 08:40 09:00 11 7211 0029 11.26 1 191 1 20140701132536 00049
00000240 2014 06 15 08:40 09:00 11 7211 0029 11.26 1 191 1 20140701132536 00049
00000240 2014 06 16 08:40 09:00 11 7211 0029 11.26 1 191 1 20140701132536 00049
00000240 2014 06 17 08:40 09:09 11 7211 0029 11.26 1 191 1 20140701132536 00049
00000240 2014 06 18 08:40 09:09 11 7211 0029 11.26 1 191 1 20140701132536 00049
00000240 2014 06 18 15:20 16:19 11 7311 0029 11.26 1 236 1 20140701132536 00049
00000240 2014 06 19 08:40 09:09 11 7211 0029 11.26 1 191 1 20140701132536 00049
00000240 2014 06 20 08:40 09:09 11 7211 0029 11.26 1 191 1 20140701132536 00049
00000240 2014 06 21 08:40 09:00 11 7211 0029 11.26 1 191 1 20140701132536 00049
00000240 2014 06 22 08:40 09:00 11 7211 0029 11.26 1 191 1 20140701132536 00049
00000240 2014 06 23 08:40 09:00 11 7211 0029 11.26 1 191 1 20140701132536 00049
00000240 2014 06 24 08:40 09:09 11 7211 0029 11.26 1 191 1 20140701132536 00049
00000240 2014 06 25 08:40 09:09 11 7211 0029 11.26 1 191 1 20140701132536 00049
00000240 2014 06 25 15:20 16:19 11 7311 0029 11.26 1 236 1 20140701132536 00049
00000240 2014 06 26 08:40 09:09 11 7211 0029 11.26 1 191 1 20140701132536 00049
00000240 2014 06 27 08:40 09:09 11 7211 0029 11.26 1 191 1 20140701132536 00049
00000240 2014 06 28 08:40 09:00 11 7211 0029 11.26 1 191 1 20140701132536 00049
00000240 2014 06 29 08:40 09:00 11 7211 0029 11.26 1 191 1 20140701132536 00049
00000240 2014 06 30 08:40 09:00 11 7211 0029 11.26 1 191 1 20140701132536 00049
00000240 2014 07 01 08:40 09:09 11 7211 0029 11.26 1 191 1 20140802134606 00047
00000240 2014 07 02 08:40 09:09 11 7211 0029 11.26 1 191 1 20140802134606 00047
00000240 2014 07 02 15:20 16:19 11 7311 0029 11.26 1 236 1 20140802134606 00047
00000240 2014 07 03 08:40 09:09 11 7211 0029 11.26 1 191 1 20140802134606 00047
00000240 2014 07 04 08:40 09:09 11 7211 0029 11.26 1 191 1 20140802134606 00047
00000240 2014 07 05 08:40 09:00 11 7211 0029 11.26 1 191 1 20140802134606 00047
00000240 2014 07 06 08:40 09:00 11 7211 0029 11.26 1 191 1 20140802134606 00047
00000240 2014 07 07 09:30 09:50 11 7211 0029 11.26 1 191 1 20140802134606 00047
00000240 2014 07 08 08:40 09:09 11 7211 0029 11.26 1 191 1 20140802134606 00047
00000240 2014 07 09 08:40 09:09 11 7211 0029 11.26 1 191 1 20140802134606 00047
00000240 2014 07 09 15:20 16:19 11 7311 0029 11.26 1 236 1 20140802134606 00047
00000240 2014 07 10 08:40 09:09 11 7211 0029 11.26 1 191 1 20140802134606 00047
00000240 2014 07 11 08:40 09:09 11 7211 0029 11.26 1 191 1 20140802134606 00047
00000240 2014 07 12 08:40 09:00 11 7211 0029 11.26 1 191 1 20140802134606 00047
00000240 2014 07 13 08:40 09:00 11 7211 0029 11.26 1 191 1 20140802134606 00047
00000240 2014 07 14 08:40 09:00 11 7211 0029 11.26 1 191 1 20140802134606 00047
00000240 2014 07 15 08:40 09:09 11 7211 0029 11.26 1 191 1 20140802134606 00047
00000240 2014 07 16 08:40 09:09 11 7211 0029 11.26 1 191 1 20140802134606 00047
00000240 2014 07 16 15:20 15:59 11 7211 0029 11.26 1 191 1 20140802134606 00047
00000240 2014 07 17 08:40 09:09 11 7211 0029 11.26 1 191 1 20140802134606 00047
00000240 2014 07 18 08:40 09:09 11 7211 0029 11.26 1 191 1 20140802134606 00047
00000240 2014 07 19 08:40 09:00 11 7211 0029 11.26 1 191 1 20140802134606 00047
00000240 2014 07 20 08:40 09:00 11 7211 0029 11.26 1 191 1 20140802134606 00047
00000240 2014 07 21 08:40 09:00 11 7211 0029 11.26 1 191 1 20140802134606 00047
00000240 2014 07 22 08:40 09:09 11 7211 0029 11.26 1 191 1 20140802134606 00047
00000240 2014 07 23 08:40 09:09 11 7211 0029 11.26 1 191 1 20140802134606 00047
00000240 2014 07 23 15:20 16:19 11 7311 0029 11.26 1 236 1 20140802134606 00047
00000240 2014 07 24 08:40 09:09 11 7211 0029 11.26 1 191 1 20140802134606 00047
00000240 2014 07 25 08:40 09:09 11 7211 0029 11.26 1 191 1 20140802134606 00047
00000240 2014 07 26 08:40 09:00 11 7211 0029 11.26 1 191 1 20140802134606 00047
00000240 2014 07 27 08:40 09:00 11 7211 0029 11.26 1 191 1 20140802134606 00047
00000240 2014 07 28 08:40 09:00 11 7211 0029 11.26 1 191 1 20140802134606 00047
00000240 2014 07 29 08:40 09:09 11 7211 0029 11.26 1 191 1 20140802134606 00047
00000240 2014 07 30 08:40 09:09 11 7211 0029 11.26 1 191 1 20140802134606 00047
00000240 2014 07 30 15:20 16:19 11 7311 0029 11.26 1 236 1 20140802134606 00047
00000240 2014 07 31 08:40 09:09 11 7211 0029 11.26 1 191 1 20140802134606 00047
