00000118 2013 11 1 1 00013 1 20140701155315 00030
00000118 2013 12 1 1 00013 1 20140701160336 00030
00000118 2014 01 1 1 00013 1 20140617104423 00030
00000118 2014 02 1 1 00013 1 20140617105311 00030
00000118 2014 03 1 1 00013 1 20140617105929 00030
00000118 2014 04 1 1 00013 1 20140617110631 00030
00000118 2014 05 1 1 00013 1 20140818160944 00030
00000118 2014 06 1 1 00013 1 20140804181140 00030
00000118 2014 07 1 1 00013 1 20140802151818 00013
00000118 2014 08 1 _ 00013 1 20140722234245 00013
00000118 2014 09 _ _ 00013 1 20140818134844 00097
00000118 2014 10 _ _ 00097 1 20140818135310 00097
