00000118 2013 11 00013 1 20140701155347 00030
00000118 2013 12 00013 1 20140701160350 00030
00000118 2014 01 00013 1 20140617104444 00030
00000118 2014 02 00013 1 20140617105334 00030
00000118 2014 03 00013 1 20140617110000 00030
00000118 2014 04 00013 1 20140617110644 00030
00000118 2014 05 00013 1 20140818161007 00030
00000118 2014 06 00013 1 20140804181234 00030
00000118 2014 07 00013 1 20140802151841 00013
00000118 2014 08 00013 1 20140722234309 00013
00000118 2014 09 00013 1 20140817113117 00097
00000118 2014 10 00097 1 20140818135454 00097
