00001225 0073 2015 04 0000002 01 00034 _ 10:00 10:59 2 _ 0 1111 1 61 1 20150727113340 00078
00001225 0073 2015 04 0000003 08 00034 _ 10:00 10:59 2 _ 0 1111 1 61 1 20150727113340 00078
00001225 0073 2015 04 0000004 15 00034 _ 10:00 10:59 2 _ 0 1111 1 61 1 20150727113340 00078
00001225 0073 2015 04 0000005 22 00034 _ 10:00 10:59 2 _ 0 1111 1 61 1 20150727113340 00078
00001225 0073 2015 04 0000006 29 00034 _ 10:00 10:59 2 _ 0 1111 1 61 1 20150727113340 00078
00001225 0073 2015 05 0000007 04 00036 _ 15:00 15:59 4 _ 0 1214 1 61 1 20150727113907 00078
00001225 0073 2015 05 0000008 08 00016 _ 15:00 15:59 4 _ 0 1214 1 61 1 20150727113907 00078
00001225 0073 2015 05 0000009 11 00019 _ 15:00 15:59 4 _ 0 1214 1 61 1 20150727113907 00078
00001225 0073 2015 05 0000010 15 00031 _ 15:00 15:59 4 _ 0 1214 1 61 1 20150727113907 00078
00001225 0073 2015 05 0000011 18 00031 _ 15:00 15:59 4 _ 0 1214 1 61 1 20150727113907 00078
00001225 0073 2015 05 0000012 22 00016 _ 15:00 15:59 4 _ 0 1214 1 61 1 20150727113907 00078
00001225 0073 2015 05 0000013 25 00014 _ 15:00 15:59 4 _ 0 1214 1 61 1 20150727113907 00078
00001225 0073 2015 05 0000014 29 00044 _ 16:00 16:59 4 _ 0 1214 1 61 1 20150727113907 00078
