00000216 0029 2014 06 0000002 02 00051 _ 14:10 15:09 _ _ 0 1211 1 11 1 20140701155244 00049
00000216 0029 2014 06 0000003 04 00051 _ 14:10 15:09 _ _ 0 1211 1 11 1 20140701155244 00049
00000216 0029 2014 06 0000004 05 00051 _ 13:00 13:59 _ _ 0 7311 1 11 1 20140701155244 00049
00000216 0029 2014 06 0000005 07 00050 _ 14:10 15:09 _ _ 0 1211 1 11 1 20140701155244 00049
00000216 0029 2014 06 0000006 09 00050 _ 14:10 15:09 _ _ 0 1211 1 11 1 20140701155244 00049
00000216 0029 2014 06 0000007 11 00048 _ 14:10 15:09 _ _ 0 1211 1 11 1 20140701155244 00049
00000216 0029 2014 06 0000008 12 00049 _ 13:00 13:59 _ _ 0 7311 1 11 1 20140701155244 00049
00000216 0029 2014 06 0000009 14 00050 _ 14:10 15:09 _ _ 0 1211 1 11 1 20140701155244 00049
00000216 0029 2014 06 0000010 16 00051 _ 14:10 15:09 _ _ 0 1211 1 11 1 20140701155244 00049
00000216 0029 2014 06 0000011 18 00049 _ 14:10 15:09 _ _ 0 1211 1 11 1 20140701155244 00049
00000216 0029 2014 06 0000012 19 00050 _ 13:00 13:59 _ _ 0 7311 1 11 1 20140701155244 00049
00000216 0029 2014 06 0000013 21 00051 _ 14:10 15:09 _ _ 0 1211 1 11 1 20140701155244 00049
00000216 0029 2014 06 0000014 23 00051 _ 14:10 15:09 _ _ 0 1211 1 11 1 20140701155244 00049
00000216 0029 2014 06 0000015 25 00048 _ 14:10 15:09 _ _ 0 1211 1 11 1 20140701155244 00049
00000216 0029 2014 06 0000016 26 00051 _ 13:00 13:59 _ _ 0 7311 1 11 1 20140701155244 00049
00000216 0029 2014 06 0000017 28 00048 _ 14:10 15:09 _ _ 0 1211 1 11 1 20140701155244 00049
00000216 0029 2014 06 0000018 30 _ _ _ _ _ _ 0 _ 1 11 9 20140701130949 00049
00000216 0029 2014 07 0000019 02 00050 _ 14:10 15:09 1 _ 0 1211 1 11 1 20140802134819 00047
00000216 0029 2014 07 0000020 03 00050 _ 13:00 13:59 2 _ 0 7311 1 11 1 20140802134819 00047
00000216 0029 2014 07 0000021 05 00048 _ 14:10 15:09 1 _ 0 1211 1 11 1 20140802134819 00047
00000216 0029 2014 07 0000022 07 00050 _ 14:10 15:09 1 _ 0 1211 1 11 1 20140802134819 00047
00000216 0029 2014 07 0000023 09 00050 _ 14:10 15:09 1 _ 0 1211 1 11 1 20140802134819 00047
00000216 0029 2014 07 0000024 10 00051 _ 13:00 13:59 2 _ 0 7311 1 11 1 20140802134819 00047
00000216 0029 2014 07 0000025 12 00048 _ 14:10 15:09 1 _ 0 1211 1 11 1 20140802134819 00047
00000216 0029 2014 07 0000026 14 00051 _ 14:10 15:09 1 _ 0 1211 1 11 1 20140802134819 00047
00000216 0029 2014 07 0000027 16 00051 _ 14:10 15:09 1 _ 0 1211 1 11 1 20140802134819 00047
00000216 0029 2014 07 0000028 17 00050 _ 13:00 13:59 2 _ 0 7311 1 11 1 20140802134819 00047
00000216 0029 2014 07 0000029 19 00051 _ 14:10 15:09 1 _ 0 1211 1 11 1 20140802134819 00047
00000216 0029 2014 07 0000030 21 00049 _ 14:10 15:09 1 _ 0 1211 1 11 1 20140802134819 00047
00000216 0029 2014 07 0000031 23 00051 _ 14:10 15:09 1 _ 0 1211 1 11 1 20140802134819 00047
00000216 0029 2014 07 0000032 24 00051 _ 13:00 13:59 2 _ 0 7311 1 11 1 20140802134819 00047
00000216 0029 2014 07 0000033 26 00050 _ 14:10 15:09 1 _ 0 1211 1 11 1 20140802134819 00047
00000216 0029 2014 07 0000034 28 00051 _ 14:10 15:09 1 _ 0 1211 1 11 1 20140802134819 00047
00000216 0029 2014 07 0000035 30 00050 _ 14:10 15:09 1 _ 0 1211 1 11 1 20140802134819 00047
00000216 0029 2014 07 0000036 31 00051 _ 13:00 13:59 2 _ 0 7311 1 11 1 20140802134819 00047
00000216 0029 2014 08 0000037 02 00050 _ 14:10 15:09 1 _ 0 1211 1 11 1 20140812124138 00049
00000216 0029 2014 08 0000038 04 00051 _ 14:10 15:09 1 _ 0 1211 1 11 1 20140812124138 00049
00000216 0029 2014 08 0000039 06 00050 _ 14:10 15:09 1 _ 0 1211 1 11 1 20140812124138 00049
00000216 0029 2014 08 0000040 07 00050 _ 13:00 13:59 2 _ 0 7311 1 11 1 20140812124138 00049
00000216 0029 2014 08 0000041 09 00048 _ 14:10 15:09 1 _ 0 1211 1 11 1 20140812124138 00049
00000216 0029 2014 08 0000042 11 00049 _ 14:10 15:09 1 _ 0 1211 1 11 1 20140812124138 00049
00000216 0029 2014 08 0000043 13 _ _ 14:10 15:09 1 _ 0 1211 1 11 1 20140812124138 00049
00000216 0029 2014 08 0000044 14 _ _ 13:00 13:59 2 _ 0 7311 1 11 1 20140812124138 00049
00000216 0029 2014 08 0000045 16 _ _ 14:10 15:09 1 _ 0 1211 1 11 1 20140812124138 00049
00000216 0029 2014 08 0000046 18 _ _ 14:10 15:09 1 _ 0 1211 1 11 1 20140812124138 00049
00000216 0029 2014 08 0000047 20 _ _ 14:10 15:09 1 _ 0 1211 1 11 1 20140812124138 00049
00000216 0029 2014 08 0000048 21 _ _ 13:00 13:59 2 _ 0 7311 1 11 1 20140812124138 00049
00000216 0029 2014 08 0000049 23 _ _ 14:10 15:09 1 _ 0 1211 1 11 1 20140812124138 00049
00000216 0029 2014 08 0000050 25 _ _ 14:10 15:09 1 _ 0 1211 1 11 1 20140812124138 00049
00000216 0029 2014 08 0000051 27 _ _ 14:10 15:09 1 _ 0 1211 1 11 1 20140812124138 00049
00000216 0029 2014 08 0000052 28 _ _ 13:00 13:59 2 _ 0 7311 1 11 1 20140812124138 00049
00000216 0029 2014 08 0000053 30 _ _ 14:10 15:09 1 _ 0 1211 1 11 1 20140812124138 00049
