00000090 0070 2013 06 1 1 20140725182947 00034
00000090 0070 2013 07 1 1 20140725184137 00034
00000090 0070 2013 08 1 1 20140728101912 00034
00000090 0070 2013 09 1 1 20140627181237 00034
00000090 0070 2013 10 1 1 20140627182056 00034
00000090 0070 2013 11 1 1 20140627182935 00034
00000090 0070 2013 12 1 1 20140627183800 00034
00000090 0070 2014 01 1 1 20140616110053 00034
00000090 0070 2014 02 1 1 20140616112245 00034
00000090 0070 2014 03 1 1 20140616115851 00034
00000090 0070 2014 04 1 1 20140616122534 00034
00000090 0070 2014 05 1 1 20140818122507 00034
00000090 0070 2014 06 _ 1 20140629224116 00034
00000090 0070 2015 05 _ 1 20150508150419 161
