000012752015061 00001275 2015 06 01 12 1111 1 20:00 21:00 0216 1 1234 0 _ _ 1 20150706145418 167
000012752015061 00001275 2015 06 02 12 1111 1 20:00 21:00 0216 1 1234 0 _ _ 1 20150706145418 167
000012752015061 00001275 2015 06 03 12 1111 1 20:00 21:00 0216 1 1234 0 _ _ 1 20150706145418 167
000012752015061 00001275 2015 06 04 12 1111 1 20:00 21:00 0216 1 1234 0 _ _ 1 20150706145418 167
000012752015061 00001275 2015 06 05 12 1111 1 20:00 21:00 0216 1 1234 0 _ _ 1 20150706145418 167
000012752015061 00001275 2015 06 08 12 1111 1 20:00 21:00 0216 1 1234 0 _ _ 1 20150706145418 167
000012752015061 00001275 2015 06 09 12 1111 1 20:00 21:00 0216 1 1234 0 _ _ 1 20150706145418 167
000012752015061 00001275 2015 06 10 12 1111 1 20:00 21:00 0216 1 1234 0 _ _ 1 20150706145418 167
000012752015061 00001275 2015 06 11 12 1111 1 20:00 21:00 0216 1 1234 0 _ _ 1 20150706145418 167
000012752015061 00001275 2015 06 12 12 1111 1 20:00 21:00 0216 1 1234 0 _ _ 1 20150706145418 167
000012752015061 00001275 2015 06 15 12 1111 1 20:00 21:00 0216 1 1234 0 _ _ 1 20150706145418 167
000012752015061 00001275 2015 06 16 12 1111 1 20:00 21:00 0216 1 1234 0 _ _ 1 20150706145418 167
000012752015061 00001275 2015 06 17 12 1111 1 20:00 21:00 0216 1 1234 0 _ _ 1 20150706145418 167
000012752015061 00001275 2015 06 18 12 1111 1 20:00 21:00 0216 1 1234 0 _ _ 1 20150706145418 167
000012752015061 00001275 2015 06 19 12 1111 1 20:00 21:00 0216 1 1234 0 _ _ 1 20150706145418 167
000012752015061 00001275 2015 06 22 12 1111 1 20:00 21:00 0216 1 1234 0 _ _ 1 20150706145418 167
000012752015061 00001275 2015 06 23 12 1111 1 20:00 21:00 0216 1 1234 0 _ _ 1 20150706145418 167
000012752015061 00001275 2015 06 24 12 1111 1 20:00 21:00 0216 1 1234 0 _ _ 1 20150706145418 167
000012752015061 00001275 2015 06 25 12 1111 1 20:00 21:00 0216 1 1234 0 _ _ 1 20150706145418 167
000012752015061 00001275 2015 06 26 12 1111 1 20:00 21:00 0216 1 1234 0 _ _ 1 20150706145418 167
000012752015061 00001275 2015 06 29 12 1111 1 20:00 21:00 0216 1 1234 0 _ _ 1 20150706145418 167
000012752015061 00001275 2015 06 30 12 1111 1 20:00 21:00 0216 1 1234 0 _ _ 1 20150706145418 167
000012752015062 00001275 2015 06 06 12 1111 _ 20:00 21:00 0216 _ 1234 0 _ _ 1 20150706145418 167
000012752015062 00001275 2015 06 07 12 1111 _ 20:00 21:00 0216 _ 1234 0 _ _ 1 20150706145418 167
000012752015062 00001275 2015 06 13 12 1111 _ 20:00 21:00 0216 _ 1234 0 _ _ 1 20150706145418 167
000012752015062 00001275 2015 06 14 12 1111 _ 20:00 21:00 0216 _ 1234 0 _ _ 1 20150706145418 167
000012752015062 00001275 2015 06 20 12 1111 _ 20:00 21:00 0216 _ 1234 0 _ _ 1 20150706145418 167
000012752015062 00001275 2015 06 21 12 1111 _ 20:00 21:00 0216 _ 1234 0 _ _ 1 20150706145418 167
000012752015062 00001275 2015 06 27 12 1111 _ 20:00 21:00 0216 _ 1234 0 _ _ 1 20150706145418 167
000012752015062 00001275 2015 06 28 12 1111 _ 20:00 21:00 0216 _ 1234 0 _ _ 1 20150706145418 167
000012752015071 00001275 2015 07 04 12 1111 _ 20:00 21:00 0216 _ 1234 0 _ _ 1 20150706140326 167
000012752015071 00001275 2015 07 05 12 1111 _ 20:00 21:00 0216 _ 1234 0 _ _ 1 20150706140326 167
000012752015071 00001275 2015 07 11 12 1111 _ 20:00 21:00 0216 _ 1234 0 _ _ 1 20150706140326 167
000012752015071 00001275 2015 07 12 12 1111 _ 20:00 21:00 0216 _ 1234 0 _ _ 1 20150706140326 167
000012752015071 00001275 2015 07 18 12 1111 _ 20:00 21:00 0216 _ 1234 0 _ _ 1 20150706140326 167
000012752015071 00001275 2015 07 19 12 1111 _ 20:00 21:00 0216 _ 1234 0 _ _ 1 20150706140326 167
000012752015071 00001275 2015 07 25 12 1111 _ 20:00 21:00 0216 _ 1234 0 _ _ 1 20150706140326 167
000012752015071 00001275 2015 07 26 12 1111 _ 20:00 21:00 0216 _ 1234 0 _ _ 1 20150706140326 167
000012752015072 00001275 2015 07 01 12 1111 _ 20:00 21:00 0216 _ 1234 0 _ _ 1 20150706140326 167
000012752015072 00001275 2015 07 02 12 1111 _ 20:00 21:00 0216 _ 1234 0 _ _ 1 20150706140326 167
000012752015072 00001275 2015 07 03 12 1111 _ 20:00 21:00 0216 _ 1234 0 _ _ 1 20150706140326 167
000012752015072 00001275 2015 07 06 12 1111 _ 20:00 21:00 0216 _ 1234 0 _ _ 1 20150706140326 167
000012752015072 00001275 2015 07 07 12 1111 _ 20:00 21:00 0216 _ 1234 0 _ _ 1 20150706140326 167
000012752015072 00001275 2015 07 08 12 1111 _ 20:00 21:00 0216 _ 1234 0 _ _ 1 20150706140326 167
000012752015072 00001275 2015 07 09 12 1111 _ 20:00 21:00 0216 _ 1234 0 _ _ 1 20150706140326 167
000012752015072 00001275 2015 07 10 12 1111 _ 20:00 21:00 0216 _ 1234 0 _ _ 1 20150706140326 167
000012752015072 00001275 2015 07 13 12 1111 _ 20:00 21:00 0216 _ 1234 0 _ _ 1 20150706140326 167
000012752015072 00001275 2015 07 14 12 1111 _ 20:00 21:00 0216 _ 1234 0 _ _ 1 20150706140326 167
000012752015072 00001275 2015 07 15 12 1111 _ 20:00 21:00 0216 _ 1234 0 _ _ 1 20150706140326 167
000012752015072 00001275 2015 07 16 12 1111 _ 20:00 21:00 0216 _ 1234 0 _ _ 1 20150706140326 167
000012752015072 00001275 2015 07 17 12 1111 _ 20:00 21:00 0216 _ 1234 0 _ _ 1 20150706140326 167
000012752015072 00001275 2015 07 20 12 1111 _ 20:00 21:00 0216 _ 1234 0 _ _ 1 20150706140326 167
000012752015072 00001275 2015 07 21 12 1111 _ 20:00 21:00 0216 _ 1234 0 _ _ 1 20150706140326 167
000012752015072 00001275 2015 07 22 12 1111 _ 20:00 21:00 0216 _ 1234 0 _ _ 1 20150706140326 167
000012752015072 00001275 2015 07 23 12 1111 _ 20:00 21:00 0216 _ 1234 0 _ _ 1 20150706140326 167
000012752015072 00001275 2015 07 24 12 1111 _ 20:00 21:00 0216 _ 1234 0 _ _ 1 20150706140326 167
000012752015072 00001275 2015 07 27 12 1111 _ 20:00 21:00 0216 _ 1234 0 _ _ 1 20150706140326 167
000012752015072 00001275 2015 07 28 12 1111 _ 20:00 21:00 0216 _ 1234 0 _ _ 1 20150706140326 167
000012752015072 00001275 2015 07 29 12 1111 _ 20:00 21:00 0216 _ 1234 0 _ _ 1 20150706140326 167
000012752015072 00001275 2015 07 30 12 1111 _ 20:00 21:00 0216 _ 1234 0 _ _ 1 20150706140326 167
