00000120 20131130 KihonCheckCheckList01 0 1 201405230000 IKOU
00000120 20131130 KihonCheckCheckList02 0 1 201405230000 IKOU
00000120 20131130 KihonCheckCheckList03 0 1 201405230000 IKOU
00000120 20131130 KihonCheckCheckList04 1 1 201405230000 IKOU
00000120 20131130 KihonCheckCheckList05 0 1 201405230000 IKOU
00000120 20131130 KihonCheckCheckList06 2 1 201405230000 IKOU
00000120 20131130 KihonCheckCheckList07 0 1 201405230000 IKOU
00000120 20131130 KihonCheckCheckList08 0 1 201405230000 IKOU
00000120 20131130 KihonCheckCheckList09 0 1 201405230000 IKOU
00000120 20131130 KihonCheckCheckList10 2 1 201405230000 IKOU
00000120 20131130 KihonCheckCheckList11 0 1 201405230000 IKOU
00000120 20131130 KihonCheckCheckList12 4 1 201405230000 IKOU
00000120 20131130 KihonCheckCheckList13 0 1 201405230000 IKOU
00000120 20131130 KihonCheckCheckList14 4 1 201405230000 IKOU
00000120 20131130 KihonCheckCheckList15 0 1 201405230000 IKOU
00000120 20131130 KihonCheckCheckList16 5 1 201405230000 IKOU
00000120 20131130 KihonCheckCheckList17 0 1 201405230000 IKOU
00000120 20131130 KihonCheckCheckList18 0 1 201405230000 IKOU
00000120 20131130 KihonCheckCheckList19 0 1 201405230000 IKOU
00000120 20131130 KihonCheckCheckList20 0 1 201405230000 IKOU
00000120 20131130 KihonCheckCheckList21 0 1 201405230000 IKOU
00000120 20131130 KihonCheckCheckList22 0 1 201405230000 IKOU
00000120 20131130 KihonCheckCheckList23 0 1 201405230000 IKOU
00000120 20131130 KihonCheckCheckList24 0 1 201405230000 IKOU
00000120 20140420 KihonCheckCheckList01 0 1 201405230000 IKOU
00000120 20140420 KihonCheckCheckList02 0 1 201405230000 IKOU
00000120 20140420 KihonCheckCheckList03 0 1 201405230000 IKOU
00000120 20140420 KihonCheckCheckList04 0 1 201405230000 IKOU
00000120 20140420 KihonCheckCheckList05 0 1 201405230000 IKOU
00000120 20140420 KihonCheckCheckList06 2 1 201405230000 IKOU
00000120 20140420 KihonCheckCheckList07 0 1 201405230000 IKOU
00000120 20140420 KihonCheckCheckList08 0 1 201405230000 IKOU
00000120 20140420 KihonCheckCheckList09 0 1 201405230000 IKOU
00000120 20140420 KihonCheckCheckList10 2 1 201405230000 IKOU
00000120 20140420 KihonCheckCheckList11 0 1 201405230000 IKOU
00000120 20140420 KihonCheckCheckList12 4 1 201405230000 IKOU
00000120 20140420 KihonCheckCheckList13 0 1 201405230000 IKOU
00000120 20140420 KihonCheckCheckList14 4 1 201405230000 IKOU
00000120 20140420 KihonCheckCheckList15 0 1 201405230000 IKOU
00000120 20140420 KihonCheckCheckList16 0 1 201405230000 IKOU
00000120 20140420 KihonCheckCheckList17 0 1 201405230000 IKOU
00000120 20140420 KihonCheckCheckList18 0 1 201405230000 IKOU
00000120 20140420 KihonCheckCheckList19 0 1 201405230000 IKOU
00000120 20140420 KihonCheckCheckList20 0 1 201405230000 IKOU
00000120 20140420 KihonCheckCheckList21 0 1 201405230000 IKOU
00000120 20140420 KihonCheckCheckList22 0 1 201405230000 IKOU
00000120 20140420 KihonCheckCheckList23 0 1 201405230000 IKOU
00000120 20140420 KihonCheckCheckList24 0 1 201405230000 IKOU
