00000086 2013 10 04 16:30 17:30 61 1111 0073 10.84 1 1220 1 20140627172944 00034
00000086 2013 10 11 16:30 17:30 61 1111 0073 10.84 1 1220 1 20140627172944 00034
00000086 2013 10 18 16:30 17:30 61 1111 0073 10.84 1 1220 1 20140627172944 00034
00000086 2013 10 25 16:30 17:30 61 1111 0073 10.84 1 1220 1 20140627172944 00034
00000086 2013 11 01 16:30 17:30 61 1111 0073 10.84 1 1220 1 20140627173716 00034
00000086 2013 11 08 16:30 17:30 61 1111 0073 10.84 1 1220 1 20140627173716 00034
00000086 2013 11 15 16:30 17:30 61 1111 0073 10.84 1 1220 1 20140627173716 00034
00000086 2013 11 22 16:30 17:30 61 1111 0073 10.84 1 1220 1 20140627173716 00034
00000086 2013 11 29 16:30 17:30 61 1111 0073 10.84 1 1220 1 20140627173716 00034
00000086 2013 12 06 16:30 17:30 61 1111 0073 10.84 1 1220 1 20140627174338 00034
00000086 2013 12 13 16:30 17:30 61 1111 0073 10.84 1 1220 1 20140627174338 00034
00000086 2013 12 20 16:30 17:30 61 1111 0073 10.84 1 1220 1 20140627174338 00034
00000086 2013 12 27 16:30 17:30 61 1111 0073 10.84 1 1220 1 20140627174338 00034
00000086 2014 01 10 16:30 17:30 61 1111 0073 10.84 1 1220 1 20140613184947 00034
00000086 2014 01 17 16:30 17:30 61 1111 0073 10.84 1 1220 1 20140613184947 00034
00000086 2014 01 24 16:30 17:30 61 1111 0073 10.84 1 1220 1 20140613184947 00034
00000086 2014 01 31 16:30 17:30 61 1111 0073 10.84 1 1220 1 20140613184947 00034
00000086 2014 02 14 15:15 16:15 61 1111 0073 10.84 1 1220 1 20140616102222 00034
00000086 2014 02 21 16:30 17:30 61 1111 0073 10.84 1 1220 1 20140616102222 00034
00000086 2014 02 28 16:30 17:30 61 1111 0073 10.84 1 1220 1 20140616102222 00034
00000086 2014 03 07 16:30 17:30 61 1111 0073 10.84 1 1220 1 20140616102829 00034
00000086 2014 03 14 16:30 17:30 61 1111 0073 10.84 1 1220 1 20140616102829 00034
00000086 2014 03 28 16:30 17:30 61 1111 0073 10.84 1 1220 1 20140616102829 00034
00000086 2014 04 04 16:30 17:30 61 1111 0073 10.84 1 1226 1 20140616103531 00034
00000086 2014 04 11 16:30 17:30 61 1111 0073 10.84 1 1226 1 20140616103531 00034
00000086 2014 04 18 16:30 17:30 61 1111 0073 10.84 1 1226 1 20140616103531 00034
00000086 2014 04 25 16:30 17:30 61 1111 0073 10.84 1 1226 1 20140616103531 00034
00000086 2014 05 02 16:30 17:30 61 1111 0073 10.84 1 1226 1 20140818111634 00034
00000086 2014 05 09 16:30 17:30 61 1111 0073 10.84 1 1226 1 20140818111634 00034
00000086 2014 05 16 16:30 17:30 61 1111 0073 10.84 1 1226 1 20140818111634 00034
00000086 2014 05 23 16:30 17:30 61 1111 0073 10.84 1 1226 1 20140818111634 00034
00000086 2014 05 30 16:30 17:30 61 1111 0073 10.84 1 1226 1 20140818111634 00034
00000086 2014 06 06 16:30 17:29 61 1111 0073 10.84 1 1226 1 20140701100303 00078
00000086 2014 06 13 16:30 17:29 61 1111 0073 10.84 1 1226 1 20140701100303 00078
00000086 2014 06 20 16:30 17:29 61 1111 0073 10.84 1 1226 1 20140701100303 00078
00000086 2014 06 27 16:30 17:29 61 1111 0073 10.84 1 1226 1 20140701100303 00078
00000086 2014 07 04 16:30 17:29 61 1111 0073 10.84 1 1226 1 20140801185601 00077
00000086 2014 07 11 16:30 17:29 61 1111 0073 10.84 1 1226 1 20140801185601 00077
00000086 2014 07 18 16:30 17:29 61 1111 0073 10.84 1 1226 1 20140801185601 00077
00000086 2014 07 25 16:30 17:29 61 1111 0073 10.84 1 1226 1 20140801185601 00077
00000086 2014 08 01 16:30 17:29 61 1111 0073 10.84 1 1226 1 20140830202755 00038
00000086 2014 08 08 16:30 17:29 61 1111 0073 10.84 1 1226 1 20140830202755 00038
00000086 2014 08 15 16:30 17:29 61 1111 0073 10.84 1 1226 1 20140830202755 00038
00000086 2014 08 22 16:30 17:29 61 1111 0073 10.84 1 1226 1 20140830202755 00038
00000086 2014 08 29 16:30 17:29 61 1111 0073 10.84 1 1226 1 20140830202755 00038
00000086 2014 09 12 16:30 17:29 61 1111 0073 10.84 1 1226 1 20140927192118 00038
00000086 2014 09 19 16:30 17:29 61 1111 0073 10.84 1 1226 1 20140927192118 00038
00000086 2014 09 26 16:30 17:29 61 1111 0073 10.84 1 1226 1 20140927192118 00038
00000086 2014 10 03 16:30 17:29 61 1111 0073 10.84 1 1226 1 20141031195048 00034
00000086 2014 10 10 16:30 17:29 61 1111 0073 10.84 1 1226 1 20141031195048 00034
00000086 2014 10 17 16:30 17:29 61 1111 0073 10.84 1 1226 1 20141031195048 00034
00000086 2014 10 24 16:30 17:29 61 1111 0073 10.84 1 1226 1 20141031195048 00034
00000086 2014 10 31 16:30 17:29 61 1111 0073 10.84 1 1226 1 20141031195048 00034
00000086 2014 11 14 16:30 17:29 61 1111 0073 10.84 1 1226 1 20141130151140 00038
00000086 2014 11 21 17:00 17:59 61 1111 0073 10.84 1 1226 1 20141130151140 00038
00000086 2014 11 28 16:30 17:29 61 1111 0073 10.84 1 1226 1 20141130151140 00038
