00000226 0107 2014 06 0000002 03 _ _ 15:50 16:50 _ _ 0 _ 1 61 9 20140605201942 00049
00000226 0107 2014 06 0000003 03 _ _ _ _ _ _ 0 _ 1 61 9 20140605201857 00049
00000226 0107 2014 06 0000004 06 _ _ 15:30 16:30 _ _ 0 _ 1 61 9 20140605202116 00049
00000226 0107 2014 06 0000005 05 _ _ 11:00 12:00 _ _ 0 _ 1 61 9 20140605202134 00049
00000226 0107 2014 06 0000006 03 00050 _ 15:50 16:50 _ _ 0 1211 1 61 1 20140701131938 00049
00000226 0107 2014 06 0000007 06 00048 _ 15:50 16:50 _ _ 0 1211 1 61 1 20140701131938 00049
00000226 0107 2014 06 0000008 10 00050 _ 15:50 16:50 _ _ 0 1211 1 61 1 20140701131938 00049
00000226 0107 2014 06 0000009 13 00050 _ 15:50 16:50 _ _ 0 1211 1 61 1 20140701131938 00049
00000226 0107 2014 06 0000010 17 00050 _ 15:50 16:50 _ _ 0 1211 1 61 1 20140701131938 00049
00000226 0107 2014 06 0000011 20 00051 _ 15:50 16:50 _ _ 0 1211 1 61 1 20140701131938 00049
00000226 0107 2014 06 0000012 24 00050 _ 15:50 16:50 _ _ 0 1211 1 61 1 20140701131938 00049
00000226 0107 2014 06 0000013 27 00048 _ 15:50 16:50 _ _ 0 1211 1 61 1 20140701131938 00049
00000226 0107 2014 07 0000014 01 00050 _ 15:50 16:49 _ _ 0 1211 1 61 1 20140802131024 00047
00000226 0107 2014 07 0000015 04 00048 _ 15:50 16:49 _ _ 0 1211 1 61 1 20140802131024 00047
00000226 0107 2014 07 0000016 08 00048 _ 15:50 16:49 _ _ 0 1211 1 61 1 20140802131024 00047
00000226 0107 2014 07 0000017 11 00051 _ 15:50 16:49 _ _ 0 1211 1 61 1 20140802131024 00047
00000226 0107 2014 07 0000018 15 00049 _ 15:50 16:49 _ _ 0 1211 1 61 1 20140802131024 00047
00000226 0107 2014 07 0000019 18 00050 _ 15:50 16:49 _ _ 0 1211 1 61 1 20140802131024 00047
00000226 0107 2014 07 0000020 22 00050 _ 15:50 16:49 _ _ 0 1211 1 61 1 20140802131024 00047
00000226 0107 2014 07 0000021 25 00048 _ 15:50 16:49 _ _ 0 1211 1 61 1 20140802131024 00047
00000226 0107 2014 07 0000022 29 00048 _ 15:50 16:49 _ _ 0 1211 1 61 1 20140802131024 00047
00000226 0107 2014 08 0000023 01 00051 _ 15:50 16:49 _ _ 0 1211 1 61 1 20140812123127 00049
00000226 0107 2014 08 0000024 05 00051 _ 15:50 16:49 _ _ 0 1211 1 61 1 20140812123127 00049
00000226 0107 2014 08 0000025 08 00051 _ 15:50 16:49 _ _ 0 1211 1 61 1 20140812123127 00049
