000012022014051 00001202 2014 05 16 13 1311 10:00 11:00 0023 1 1144 0 _ _ 1 1 20141017153603 78
000012022014051 00001202 2014 05 23 13 1311 10:00 11:00 0023 1 1144 0 _ _ 1 1 20141017153603 78
000012022014051 00001202 2014 05 30 13 1311 10:00 11:00 0023 1 1144 0 _ _ 1 1 20141017153603 78
000012022014052 00001202 2014 05 21 15 1243 12:20 15:20 0060 1 600 0 _ _ 1 1 20141017153603 78
000012022014052 00001202 2014 05 28 15 1243 12:20 15:20 0060 1 600 0 _ _ 1 1 20141017153603 78
000012022014053 00001202 2014 05 21 15 5052 12:20 15:20 0060 1 50 0 _ _ 1 1 20141017153603 78
000012022014053 00001202 2014 05 28 15 5052 12:20 15:20 0060 1 50 0 _ _ 1 1 20141017153603 78
000012022014054 00001202 2014 05 21 15 5301 12:20 15:20 0060 1 50 0 _ _ 1 1 20141017153603 78
000012022014054 00001202 2014 05 28 15 5301 12:20 15:20 0060 1 50 0 _ _ 1 1 20141017153603 78
000012022014055 00001202 2014 05 21 15 5605 12:20 15:20 0060 1 150 0 _ _ 1 1 20141017153603 78
000012022014055 00001202 2014 05 28 15 5605 12:20 15:20 0060 1 150 0 _ _ 1 1 20141017153603 78
000012022014056 00001202 2014 05 21 15 5606 12:20 15:20 0060 1 150 0 _ _ 1 1 20141017153603 78
000012022014056 00001202 2014 05 28 15 5606 12:20 15:20 0060 1 150 0 _ _ 1 1 20141017153603 78
000012022014057 00001202 2014 05 21 15 6109 12:20 15:20 0060 1 60 0 _ _ 1 1 20141017153603 78
000012022014057 00001202 2014 05 28 15 6109 12:20 15:20 0060 1 60 0 _ _ 1 1 20141017153603 78
000012022014058 00001202 2014 05 20 11 4111 09:00 10:00 0070 1 325 0 _ _ 1 1 20141017153603 78
000012022014058 00001202 2014 05 27 11 4111 09:00 10:00 0070 1 325 0 _ _ 1 1 20141017153603 78
000012022014081 00001202 2014 08 01 13 1311 09:00 10:00 0023 1 1144 0 _ _ 1 1 20141017204503 78
000012022014081 00001202 2014 08 08 13 1311 09:00 10:00 0023 1 1144 0 _ _ 1 1 20141017204503 78
000012022014081 00001202 2014 08 15 13 1311 09:00 10:00 0023 1 1144 0 _ _ 1 1 20141017204503 78
000012022014081 00001202 2014 08 22 13 1311 09:00 10:00 0023 1 1144 0 _ _ 1 1 20141017204503 78
000012022014081 00001202 2014 08 29 13 1311 09:00 10:00 0023 1 1144 0 _ _ 1 1 20141017204503 78
0000120220140810 00001202 2014 08 03 15 6109 10:00 15:00 0060 1 60 0 _ _ 1 1 20141017204503 78
0000120220140810 00001202 2014 08 10 15 6109 10:00 15:00 0060 1 60 0 _ _ 1 1 20141017204503 78
0000120220140810 00001202 2014 08 17 15 6109 10:00 15:00 0060 1 60 0 _ _ 1 1 20141017204503 78
0000120220140810 00001202 2014 08 24 15 6109 10:00 15:00 0060 1 60 0 _ _ 1 1 20141017204503 78
0000120220140810 00001202 2014 08 31 15 6109 10:00 15:00 0060 1 60 0 _ _ 1 1 20141017204503 78
0000120220140812 00001202 2014 08 02 11 5111 15:00 16:00 0070 1 474 0 _ _ 1 1 20141017204503 78
0000120220140812 00001202 2014 08 09 11 5111 15:00 16:00 0070 1 474 0 _ _ 1 1 20141017204503 78
0000120220140812 00001202 2014 08 16 11 5111 15:00 16:00 0070 1 474 0 _ _ 1 1 20141017204503 78
0000120220140812 00001202 2014 08 23 11 5111 15:00 16:00 0070 1 474 0 _ _ 1 1 20141017204503 78
0000120220140812 00001202 2014 08 30 11 5111 15:00 16:00 0070 1 474 0 _ _ 1 1 20141017204503 78
0000120220140813 00001202 2014 08 06 16 3785 19:00 20:00 0262 1 318 0 _ _ 1 1 20141017204503 78
0000120220140813 00001202 2014 08 13 16 3785 19:00 20:00 0262 1 318 0 _ _ 1 1 20141017204503 78
0000120220140813 00001202 2014 08 20 16 3785 19:00 20:00 0262 1 318 0 _ _ 1 1 20141017204503 78
0000120220140813 00001202 2014 08 27 16 3785 19:00 20:00 0262 1 318 0 _ _ 1 1 20141017204503 78
0000120220140814 00001202 2014 08 06 16 5301 19:00 20:00 0262 1 50 0 _ _ 1 1 20141017204503 78
0000120220140814 00001202 2014 08 13 16 5301 19:00 20:00 0262 1 50 0 _ _ 1 1 20141017204503 78
0000120220140814 00001202 2014 08 20 16 5301 19:00 20:00 0262 1 50 0 _ _ 1 1 20141017204503 78
0000120220140814 00001202 2014 08 27 16 5301 19:00 20:00 0262 1 50 0 _ _ 1 1 20141017204503 78
0000120220140815 00001202 2014 08 06 16 5605 19:00 20:00 0262 1 150 0 _ _ 1 1 20141017204503 78
0000120220140815 00001202 2014 08 13 16 5605 19:00 20:00 0262 1 150 0 _ _ 1 1 20141017204503 78
0000120220140815 00001202 2014 08 20 16 5605 19:00 20:00 0262 1 150 0 _ _ 1 1 20141017204503 78
0000120220140815 00001202 2014 08 27 16 5605 19:00 20:00 0262 1 150 0 _ _ 1 1 20141017204503 78
0000120220140816 00001202 2014 08 06 16 5606 19:00 20:00 0262 1 150 0 _ _ 1 1 20141017204503 78
0000120220140816 00001202 2014 08 13 16 5606 19:00 20:00 0262 1 150 0 _ _ 1 1 20141017204503 78
0000120220140816 00001202 2014 08 20 16 5606 19:00 20:00 0262 1 150 0 _ _ 1 1 20141017204503 78
0000120220140816 00001202 2014 08 27 16 5606 19:00 20:00 0262 1 150 0 _ _ 1 1 20141017204503 78
0000120220140817 00001202 2014 08 06 16 6109 19:00 20:00 0262 1 60 0 _ _ 1 1 20141017204503 78
0000120220140817 00001202 2014 08 13 16 6109 19:00 20:00 0262 1 60 0 _ _ 1 1 20141017204503 78
0000120220140817 00001202 2014 08 20 16 6109 19:00 20:00 0262 1 60 0 _ _ 1 1 20141017204503 78
0000120220140817 00001202 2014 08 27 16 6109 19:00 20:00 0262 1 60 0 _ _ 1 1 20141017204503 78
000012022014082 00001202 2014 08 01 13 3200 _ _ 0023 1 290 0 _ _ 1 1 20141017204503 78
000012022014083 00001202 2014 08 01 13 4000 _ _ 0023 1 500 0 _ _ 1 1 20141017204503 78
000012022014084 00001202 2014 08 01 13 7000 _ _ 0023 1 2000 0 _ _ 1 1 20141017204503 78
000012022014085 00001202 2014 08 03 15 1343 10:00 15:00 0060 1 957 0 _ _ 1 1 20141017204503 78
000012022014085 00001202 2014 08 10 15 1343 10:00 15:00 0060 1 957 0 _ _ 1 1 20141017204503 78
000012022014085 00001202 2014 08 17 15 1343 10:00 15:00 0060 1 957 0 _ _ 1 1 20141017204503 78
000012022014085 00001202 2014 08 24 15 1343 10:00 15:00 0060 1 957 0 _ _ 1 1 20141017204503 78
000012022014085 00001202 2014 08 31 15 1343 10:00 15:00 0060 1 957 0 _ _ 1 1 20141017204503 78
000012022014086 00001202 2014 08 03 15 5052 10:00 15:00 0060 1 50 0 _ _ 1 1 20141017204503 78
000012022014086 00001202 2014 08 10 15 5052 10:00 15:00 0060 1 50 0 _ _ 1 1 20141017204503 78
000012022014086 00001202 2014 08 17 15 5052 10:00 15:00 0060 1 50 0 _ _ 1 1 20141017204503 78
000012022014086 00001202 2014 08 24 15 5052 10:00 15:00 0060 1 50 0 _ _ 1 1 20141017204503 78
000012022014086 00001202 2014 08 31 15 5052 10:00 15:00 0060 1 50 0 _ _ 1 1 20141017204503 78
000012022014087 00001202 2014 08 03 15 5301 10:00 15:00 0060 1 50 0 _ _ 1 1 20141017204503 78
000012022014087 00001202 2014 08 10 15 5301 10:00 15:00 0060 1 50 0 _ _ 1 1 20141017204503 78
000012022014087 00001202 2014 08 17 15 5301 10:00 15:00 0060 1 50 0 _ _ 1 1 20141017204503 78
000012022014087 00001202 2014 08 24 15 5301 10:00 15:00 0060 1 50 0 _ _ 1 1 20141017204503 78
000012022014087 00001202 2014 08 31 15 5301 10:00 15:00 0060 1 50 0 _ _ 1 1 20141017204503 78
000012022014088 00001202 2014 08 03 15 5605 10:00 15:00 0060 1 150 0 _ _ 1 1 20141017204503 78
000012022014088 00001202 2014 08 10 15 5605 10:00 15:00 0060 1 150 0 _ _ 1 1 20141017204503 78
000012022014088 00001202 2014 08 17 15 5605 10:00 15:00 0060 1 150 0 _ _ 1 1 20141017204503 78
000012022014088 00001202 2014 08 24 15 5605 10:00 15:00 0060 1 150 0 _ _ 1 1 20141017204503 78
000012022014088 00001202 2014 08 31 15 5605 10:00 15:00 0060 1 150 0 _ _ 1 1 20141017204503 78
000012022014089 00001202 2014 08 03 15 5606 10:00 15:00 0060 1 150 0 _ _ 1 1 20141017204503 78
000012022014089 00001202 2014 08 10 15 5606 10:00 15:00 0060 1 150 0 _ _ 1 1 20141017204503 78
000012022014089 00001202 2014 08 17 15 5606 10:00 15:00 0060 1 150 0 _ _ 1 1 20141017204503 78
000012022014089 00001202 2014 08 24 15 5606 10:00 15:00 0060 1 150 0 _ _ 1 1 20141017204503 78
000012022014089 00001202 2014 08 31 15 5606 10:00 15:00 0060 1 150 0 _ _ 1 1 20141017204503 78
000012022014091 00001202 2014 09 01 13 1211 10:00 10:59 0017 1 834 0 _ _ 1 1 20140929183915 78
000012022014091 00001202 2014 09 08 13 1211 10:00 10:59 0017 1 834 0 _ _ 1 1 20140929183915 78
000012022014091 00001202 2014 09 15 13 1211 10:00 10:59 0017 1 834 0 _ _ 1 1 20140929183915 78
000012022014091 00001202 2014 09 22 13 1211 10:00 10:59 0017 1 834 0 _ _ 1 1 20140929183915 78
000012022014092 00001202 2014 09 04 13 1501 15:00 15:59 0017 1 318 0 _ _ 1 1 20140929183915 78
000012022014092 00001202 2014 09 11 13 1501 15:00 15:59 0017 1 318 0 _ _ 1 1 20140929183915 78
000012022014092 00001202 2014 09 18 13 1501 15:00 15:59 0017 1 318 0 _ _ 1 1 20140929183915 78
000012022014092 00001202 2014 09 25 13 1501 15:00 15:59 0017 1 318 0 _ _ 1 1 20140929183915 78
000012022014093 00001202 2014 09 07 15 1343 10:00 15:00 0060 1 957 0 _ _ 1 1 20140929183915 78
000012022014093 00001202 2014 09 14 15 1343 10:00 15:00 0060 1 957 0 _ _ 1 1 20140929183915 78
000012022014093 00001202 2014 09 21 15 1343 10:00 15:00 0060 1 957 0 _ _ 1 1 20140929183915 78
000012022014093 00001202 2014 09 28 15 1343 10:00 15:00 0060 1 957 0 _ _ 1 1 20140929183915 78
000012022014094 00001202 2014 09 07 15 6101 _ _ 0060 1 12 0 _ _ 1 1 20140929183915 78
000012022014094 00001202 2014 09 14 15 6101 _ _ 0060 1 12 0 _ _ 1 1 20140929183915 78
000012022014094 00001202 2014 09 21 15 6101 _ _ 0060 1 12 0 _ _ 1 1 20140929183915 78
000012022014094 00001202 2014 09 28 15 6101 _ _ 0060 1 12 0 _ _ 1 1 20140929183915 78
000012022014095 00001202 2014 09 01 65 1112 10:00 15:00 0061 1 70 0 _ _ 1 1 20140929183915 78
000012022014095 00001202 2014 09 02 65 1112 10:00 15:00 0061 1 70 0 _ _ 1 1 20140929183915 78
000012022014095 00001202 2014 09 03 65 1112 10:00 15:00 0061 1 70 0 _ _ 1 1 20140929183915 78
000012022014095 00001202 2014 09 04 65 1112 10:00 15:00 0061 1 70 0 _ _ 1 1 20140929183915 78
000012022014095 00001202 2014 09 05 65 1112 10:00 15:00 0061 1 70 0 _ _ 1 1 20140929183915 78
000012022014095 00001202 2014 09 06 65 1112 10:00 15:00 0061 1 70 0 _ _ 1 1 20140929183915 78
000012022014096 00001202 2014 09 01 65 6102 _ _ 0061 1 96 0 _ _ 1 1 20140929183915 78
000012022014096 00001202 2014 09 02 65 6102 _ _ 0061 1 96 0 _ _ 1 1 20140929183915 78
000012022014096 00001202 2014 09 03 65 6102 _ _ 0061 1 96 0 _ _ 1 1 20140929183915 78
000012022014096 00001202 2014 09 04 65 6102 _ _ 0061 1 96 0 _ _ 1 1 20140929183915 78
000012022014096 00001202 2014 09 05 65 6102 _ _ 0061 1 96 0 _ _ 1 1 20140929183915 78
000012022014096 00001202 2014 09 06 65 6102 _ _ 0061 1 96 0 _ _ 1 1 20140929183915 78
000012022014097 00001202 2014 09 01 11 1212 18:00 18:30 0070 1 505 0 _ _ 1 1 20140929183915 78
000012022014097 00001202 2014 09 08 11 1212 18:00 18:30 0070 1 505 0 _ _ 1 1 20140929183915 78
000012022014097 00001202 2014 09 15 11 1212 18:00 18:30 0070 1 505 0 _ _ 1 1 20140929183915 78
000012022014097 00001202 2014 09 22 11 1212 18:00 18:30 0070 1 505 0 _ _ 1 1 20140929183915 78
000012022014097 00001202 2014 09 29 11 1212 18:00 18:30 0070 1 505 0 _ _ 1 1 20140929183915 78
000012022014098 00001202 2014 09 01 11 4001 18:00 18:30 0070 1 200 0 _ _ 1 1 20140929183915 78
000012022014099 00001202 2014 09 01 11 4002 18:00 18:30 0070 1 100 0 _ _ 1 1 20140929183915 78
0000120220141010 00001202 2014 10 17 15 5301 10:00 15:00 0060 1 50 0 _ _ 1 1 20141020154716 78
0000120220141010 00001202 2014 10 24 15 5301 10:00 15:00 0060 1 50 0 _ _ 1 1 20141020154716 78
0000120220141011 00001202 2014 10 17 15 5605 10:00 15:00 0060 1 150 0 _ _ 1 1 20141020154716 78
0000120220141011 00001202 2014 10 24 15 5605 10:00 15:00 0060 1 150 0 _ _ 1 1 20141020154716 78
0000120220141013 00001202 2014 10 01 15 5606 10:00 15:00 0081 1 150 0 _ _ 1 1 20141020154716 78
0000120220141014 00001202 2014 10 17 15 5606 10:00 15:00 0060 1 150 0 _ _ 1 1 20141020154716 78
0000120220141014 00001202 2014 10 24 15 5606 10:00 15:00 0060 1 150 0 _ _ 1 1 20141020154716 78
0000120220141015 00001202 2014 10 17 15 6109 10:00 15:00 0060 1 60 0 _ _ 1 1 20141020154716 78
0000120220141015 00001202 2014 10 24 15 6109 10:00 15:00 0060 1 60 0 _ _ 1 1 20141020154716 78
000012022014102 00001202 2014 10 01 15 1343 10:00 15:00 0081 1 957 0 _ _ 1 1 20141020154716 78
000012022014103 00001202 2014 10 17 15 1343 10:00 15:00 0060 1 957 0 _ _ 1 1 20141020154716 78
000012022014103 00001202 2014 10 24 15 1343 10:00 15:00 0060 1 957 0 _ _ 1 1 20141020154716 78
000012022014104 00001202 2014 10 03 15 2343 10:00 15:00 0260 1 820 0 _ _ 1 1 20141020154716 78
000012022014104 00001202 2014 10 10 15 2343 10:00 15:00 0260 1 820 0 _ _ 1 1 20141020154716 78
000012022014106 00001202 2014 10 17 15 5051 10:00 15:00 0060 1 42 0 _ _ 1 1 20141020154716 78
000012022014106 00001202 2014 10 24 15 5051 10:00 15:00 0060 1 42 0 _ _ 1 1 20141020154716 78
000012022014107 00001202 2014 10 01 15 5052 10:00 15:00 0081 1 50 0 _ _ 1 1 20141020154716 78
000012022014108 00001202 2014 10 17 15 5052 10:00 15:00 0060 1 50 0 _ _ 1 1 20141020154716 78
000012022014108 00001202 2014 10 24 15 5052 10:00 15:00 0060 1 50 0 _ _ 1 1 20141020154716 78
000012022014109 00001202 2014 10 03 15 5301 10:00 15:00 0260 1 50 0 _ _ 1 1 20141020154716 78
000012022014109 00001202 2014 10 10 15 5301 10:00 15:00 0260 1 50 0 _ _ 1 1 20141020154716 78
000012022014111 00001202 2014 11 07 13 1311 10:00 11:00 0023 1 1144 0 _ _ 1 1 20141225183330 78
000012022014111 00001202 2014 11 14 13 1311 10:00 11:00 0023 1 1144 0 _ _ 1 1 20141225183330 78
000012022014111 00001202 2014 11 21 13 1311 10:00 11:00 0023 1 1144 0 _ _ 1 1 20141225183330 78
000012022014111 00001202 2014 11 28 13 1311 10:00 11:00 0023 1 1144 0 _ _ 1 1 20141225183330 78
0000120220141110 00001202 2014 11 02 16 3163 13:00 18:00 0262 1 692 0 _ _ 1 1 20141225183330 78
0000120220141110 00001202 2014 11 09 16 3163 13:00 18:00 0262 1 692 0 _ _ 1 1 20141225183330 78
0000120220141110 00001202 2014 11 16 16 3163 13:00 18:00 0262 1 692 0 _ _ 1 1 20141225183330 78
0000120220141110 00001202 2014 11 23 16 3163 13:00 18:00 0262 1 692 0 _ _ 1 1 20141225183330 78
0000120220141110 00001202 2014 11 30 16 3163 13:00 18:00 0262 1 692 0 _ _ 1 1 20141225183330 78
0000120220141111 00001202 2014 11 02 16 5301 13:00 18:00 0262 1 50 0 _ _ 1 1 20141225183330 78
0000120220141111 00001202 2014 11 09 16 5301 13:00 18:00 0262 1 50 0 _ _ 1 1 20141225183330 78
0000120220141111 00001202 2014 11 16 16 5301 13:00 18:00 0262 1 50 0 _ _ 1 1 20141225183330 78
0000120220141111 00001202 2014 11 23 16 5301 13:00 18:00 0262 1 50 0 _ _ 1 1 20141225183330 78
0000120220141111 00001202 2014 11 30 16 5301 13:00 18:00 0262 1 50 0 _ _ 1 1 20141225183330 78
0000120220141112 00001202 2014 11 02 16 5605 13:00 18:00 0262 1 150 0 _ _ 1 1 20141225183330 78
0000120220141112 00001202 2014 11 09 16 5605 13:00 18:00 0262 1 150 0 _ _ 1 1 20141225183330 78
0000120220141112 00001202 2014 11 16 16 5605 13:00 18:00 0262 1 150 0 _ _ 1 1 20141225183330 78
0000120220141112 00001202 2014 11 23 16 5605 13:00 18:00 0262 1 150 0 _ _ 1 1 20141225183330 78
0000120220141112 00001202 2014 11 30 16 5605 13:00 18:00 0262 1 150 0 _ _ 1 1 20141225183330 78
0000120220141113 00001202 2014 11 02 16 5606 13:00 18:00 0262 1 150 0 _ _ 1 1 20141225183330 78
0000120220141113 00001202 2014 11 09 16 5606 13:00 18:00 0262 1 150 0 _ _ 1 1 20141225183330 78
0000120220141113 00001202 2014 11 16 16 5606 13:00 18:00 0262 1 150 0 _ _ 1 1 20141225183330 78
0000120220141113 00001202 2014 11 23 16 5606 13:00 18:00 0262 1 150 0 _ _ 1 1 20141225183330 78
0000120220141113 00001202 2014 11 30 16 5606 13:00 18:00 0262 1 150 0 _ _ 1 1 20141225183330 78
0000120220141114 00001202 2014 11 02 16 6109 13:00 18:00 0262 1 60 0 _ _ 1 1 20141225183330 78
0000120220141114 00001202 2014 11 09 16 6109 13:00 18:00 0262 1 60 0 _ _ 1 1 20141225183330 78
0000120220141114 00001202 2014 11 16 16 6109 13:00 18:00 0262 1 60 0 _ _ 1 1 20141225183330 78
0000120220141114 00001202 2014 11 23 16 6109 13:00 18:00 0262 1 60 0 _ _ 1 1 20141225183330 78
0000120220141114 00001202 2014 11 30 16 6109 13:00 18:00 0262 1 60 0 _ _ 1 1 20141225183330 78
0000120220141115 00001202 2014 11 02 16 6111 _ _ 0262 1 80 0 _ _ 1 1 20141225183330 78
0000120220141115 00001202 2014 11 09 16 6111 _ _ 0262 1 80 0 _ _ 1 1 20141225183330 78
0000120220141115 00001202 2014 11 16 16 6111 _ _ 0262 1 80 0 _ _ 1 1 20141225183330 78
0000120220141115 00001202 2014 11 23 16 6111 _ _ 0262 1 80 0 _ _ 1 1 20141225183330 78
0000120220141115 00001202 2014 11 30 16 6111 _ _ 0262 1 80 0 _ _ 1 1 20141225183330 78
000012022014112 00001202 2014 11 07 13 4000 _ _ 0023 1 500 0 _ _ 1 1 20141225183330 78
000012022014113 00001202 2014 11 05 15 1243 12:20 15:20 0060 1 600 0 _ _ 1 1 20141225183330 78
000012022014113 00001202 2014 11 12 15 1243 12:20 15:20 0060 1 600 0 _ _ 1 1 20141225183330 78
000012022014113 00001202 2014 11 19 15 1243 12:20 15:20 0060 1 600 0 _ _ 1 1 20141225183330 78
000012022014113 00001202 2014 11 26 15 1243 12:20 15:20 0060 1 600 0 _ _ 1 1 20141225183330 78
000012022014114 00001202 2014 11 05 15 5052 12:20 15:20 0060 1 50 0 _ _ 1 1 20141225183330 78
000012022014114 00001202 2014 11 12 15 5052 12:20 15:20 0060 1 50 0 _ _ 1 1 20141225183330 78
000012022014114 00001202 2014 11 19 15 5052 12:20 15:20 0060 1 50 0 _ _ 1 1 20141225183330 78
000012022014114 00001202 2014 11 26 15 5052 12:20 15:20 0060 1 50 0 _ _ 1 1 20141225183330 78
000012022014115 00001202 2014 11 05 15 5301 12:20 15:20 0060 1 50 0 _ _ 1 1 20141225183330 78
000012022014115 00001202 2014 11 12 15 5301 12:20 15:20 0060 1 50 0 _ _ 1 1 20141225183330 78
000012022014115 00001202 2014 11 19 15 5301 12:20 15:20 0060 1 50 0 _ _ 1 1 20141225183330 78
000012022014115 00001202 2014 11 26 15 5301 12:20 15:20 0060 1 50 0 _ _ 1 1 20141225183330 78
000012022014116 00001202 2014 11 05 15 5605 12:20 15:20 0060 1 150 0 _ _ 1 1 20141225183330 78
000012022014116 00001202 2014 11 12 15 5605 12:20 15:20 0060 1 150 0 _ _ 1 1 20141225183330 78
000012022014116 00001202 2014 11 19 15 5605 12:20 15:20 0060 1 150 0 _ _ 1 1 20141225183330 78
000012022014116 00001202 2014 11 26 15 5605 12:20 15:20 0060 1 150 0 _ _ 1 1 20141225183330 78
000012022014117 00001202 2014 11 05 15 5606 12:20 15:20 0060 1 150 0 _ _ 1 1 20141225183330 78
000012022014117 00001202 2014 11 12 15 5606 12:20 15:20 0060 1 150 0 _ _ 1 1 20141225183330 78
000012022014117 00001202 2014 11 19 15 5606 12:20 15:20 0060 1 150 0 _ _ 1 1 20141225183330 78
000012022014117 00001202 2014 11 26 15 5606 12:20 15:20 0060 1 150 0 _ _ 1 1 20141225183330 78
000012022014118 00001202 2014 11 05 15 6109 12:20 15:20 0060 1 60 0 _ _ 1 1 20141225183330 78
000012022014118 00001202 2014 11 12 15 6109 12:20 15:20 0060 1 60 0 _ _ 1 1 20141225183330 78
000012022014118 00001202 2014 11 19 15 6109 12:20 15:20 0060 1 60 0 _ _ 1 1 20141225183330 78
000012022014118 00001202 2014 11 26 15 6109 12:20 15:20 0060 1 60 0 _ _ 1 1 20141225183330 78
000012022014119 00001202 2014 11 04 11 4111 09:00 10:00 0070 1 325 0 _ _ 1 1 20141225183330 78
000012022014119 00001202 2014 11 11 11 4111 09:00 10:00 0070 1 325 0 _ _ 1 1 20141225183330 78
000012022014119 00001202 2014 11 18 11 4111 09:00 10:00 0070 1 325 0 _ _ 1 1 20141225183330 78
000012022014119 00001202 2014 11 25 11 4111 09:00 10:00 0070 1 325 0 _ _ 1 1 20141225183330 78
000012022015011 00001202 2015 01 03 11 7211 10:00 10:30 0070 1 191 0 _ _ 1 1 20150104195923 78
000012022015011 00001202 2015 01 10 11 7211 10:00 10:30 0070 1 191 0 _ _ 1 1 20150104195923 78
0000120220150110 00001202 2015 01 16 15 5051 10:00 15:00 0060 1 42 0 _ _ 1 1 20150104195923 78
0000120220150110 00001202 2015 01 23 15 5051 10:00 15:00 0060 1 42 0 _ _ 1 1 20150104195923 78
0000120220150112 00001202 2015 01 16 15 5052 10:00 15:00 0060 1 50 0 _ _ 1 1 20150104195923 78
0000120220150112 00001202 2015 01 23 15 5052 10:00 15:00 0060 1 50 0 _ _ 1 1 20150104195923 78
0000120220150113 00001202 2015 01 02 15 5301 10:00 15:00 0260 1 50 0 _ _ 1 1 20150104195923 78
0000120220150113 00001202 2015 01 09 15 5301 10:00 15:00 0260 1 50 0 _ _ 1 1 20150104195923 78
0000120220150114 00001202 2015 01 16 15 5301 10:00 15:00 0060 1 50 0 _ _ 1 1 20150104195923 78
0000120220150114 00001202 2015 01 23 15 5301 10:00 15:00 0060 1 50 0 _ _ 1 1 20150104195923 78
0000120220150115 00001202 2015 01 16 15 5605 10:00 15:00 0060 1 150 0 _ _ 1 1 20150104195923 78
0000120220150115 00001202 2015 01 23 15 5605 10:00 15:00 0060 1 150 0 _ _ 1 1 20150104195923 78
0000120220150118 00001202 2015 01 16 15 5606 10:00 15:00 0060 1 150 0 _ _ 1 1 20150104195923 78
0000120220150118 00001202 2015 01 23 15 5606 10:00 15:00 0060 1 150 0 _ _ 1 1 20150104195923 78
0000120220150119 00001202 2015 01 16 15 6109 10:00 15:00 0060 1 60 0 _ _ 1 1 20150104195923 78
0000120220150119 00001202 2015 01 23 15 6109 10:00 15:00 0060 1 60 0 _ _ 1 1 20150104195923 78
000012022015012 00001202 2015 01 04 13 1111 15:00 15:20 0023 1 474 0 _ _ 1 1 20150104195923 78
000012022015012 00001202 2015 01 18 13 1111 15:00 15:20 0023 1 474 0 _ _ 1 1 20150104195923 78
0000120220150120 00001202 2015 01 01 17 1001 _ _ 0044 1 500 0 _ _ 1 1 20150104195923 78
0000120220150120 00001202 2015 01 04 17 1001 _ _ 0044 1 500 0 _ _ 1 1 20150104195923 78
000012022015013 00001202 2015 01 04 13 4000 _ _ 0023 1 500 0 _ _ 1 1 20150104195923 78
000012022015014 00001202 2015 01 04 13 6101 15:00 15:20 0023 1 6 0 _ _ 1 1 20150104195923 78
000012022015014 00001202 2015 01 18 13 6101 15:00 15:20 0023 1 6 0 _ _ 1 1 20150104195923 78
000012022015017 00001202 2015 01 16 15 1343 10:00 15:00 0060 1 957 0 _ _ 1 1 20150104195923 78
000012022015017 00001202 2015 01 23 15 1343 10:00 15:00 0060 1 957 0 _ _ 1 1 20150104195923 78
000012022015018 00001202 2015 01 02 15 2343 10:00 15:00 0260 1 820 0 _ _ 1 1 20150104195923 78
000012022015018 00001202 2015 01 09 15 2343 10:00 15:00 0260 1 820 0 _ _ 1 1 20150104195923 78
000012022015021 00001202 2015 02 01 11 7211 10:00 10:30 0070 1 205 0 _ _ 1 1 20150326101052 78
000012022015021 00001202 2015 02 08 11 7211 10:00 10:30 0070 1 205 0 _ _ 1 1 20150326101052 78
000012022015021 00001202 2015 02 15 11 7211 10:00 10:30 0070 1 205 0 _ _ 1 1 20150326101052 78
000012022015021 00001202 2015 02 22 11 7211 10:00 10:30 0070 1 205 0 _ _ 1 1 20150326101052 78
000012022015031 00001202 2015 03 01 11 4001 10:00 10:30 0070 1 200 0 _ _ 1 1 20150317150507 78
000012022015032 00001202 2015 03 01 11 7211 10:00 10:30 0070 1 191 0 _ _ 1 1 20150317150507 78
000012022015032 00001202 2015 03 08 11 7211 10:00 10:30 0070 1 191 0 _ _ 1 1 20150317150507 78
000012022015032 00001202 2015 03 15 11 7211 10:00 10:30 0070 1 191 0 _ _ 1 1 20150317150507 78
000012022015032 00001202 2015 03 22 11 7211 10:00 10:30 0070 1 191 0 _ _ 1 1 20150317150507 78
000012022015032 00001202 2015 03 29 11 7211 10:00 10:30 0070 1 191 0 _ _ 1 1 20150317150507 78
000012022015041 00001202 2015 04 05 13 1111 15:00 15:20 0023 1 463 0 _ _ 1 1 20150408163242 78
000012022015041 00001202 2015 04 19 13 1111 15:00 15:20 0023 1 463 0 _ _ 1 1 20150408163242 78
0000120220150410 00001202 2015 04 17 15 6109 10:00 15:00 0060 1 60 0 _ _ 1 1 20150408163242 78
0000120220150410 00001202 2015 04 24 15 6109 10:00 15:00 0060 1 60 0 _ _ 1 1 20150408163242 78
0000120220150411 00001202 2015 04 04 11 4002 10:00 10:30 0070 1 100 0 _ _ 1 1 20150408163242 78
0000120220150412 00001202 2015 04 04 11 7211 10:00 10:30 0070 1 183 0 _ _ 1 1 20150408163242 78
0000120220150412 00001202 2015 04 11 11 7211 10:00 10:30 0070 1 183 0 _ _ 1 1 20150408163242 78
0000120220150413 00001202 2015 04 01 15 1343 10:00 15:00 0081 1 874 0 _ _ 1 1 20150408163242 78
0000120220150414 00001202 2015 04 01 15 5052 10:00 15:00 0081 1 56 0 _ _ 1 1 20150408163242 78
0000120220150415 00001202 2015 04 01 15 5606 10:00 15:00 0081 1 150 0 _ _ 1 1 20150408163242 78
0000120220150416 00001202 2015 04 12 15 1343 10:00 15:00 0258 1 874 0 _ _ 1 1 20150408163242 78
0000120220150416 00001202 2015 04 26 15 1343 10:00 15:00 0258 1 874 0 _ _ 1 1 20150408163242 78
0000120220150417 00001202 2015 04 12 15 5051 10:00 15:00 0258 1 46 0 _ _ 1 1 20150408163242 78
0000120220150417 00001202 2015 04 26 15 5051 10:00 15:00 0258 1 46 0 _ _ 1 1 20150408163242 78
0000120220150418 00001202 2015 04 12 15 5606 10:00 15:00 0258 1 150 0 _ _ 1 1 20150408163242 78
0000120220150418 00001202 2015 04 26 15 5606 10:00 15:00 0258 1 150 0 _ _ 1 1 20150408163242 78
0000120220150419 00001202 2015 04 03 15 2343 10:00 15:00 0260 1 780 0 _ _ 1 1 20150408163242 78
0000120220150419 00001202 2015 04 10 15 2343 10:00 15:00 0260 1 780 0 _ _ 1 1 20150408163242 78
000012022015042 00001202 2015 04 05 13 6101 15:00 15:20 0023 1 6 0 _ _ 1 1 20150408163242 78
000012022015042 00001202 2015 04 19 13 6101 15:00 15:20 0023 1 6 0 _ _ 1 1 20150408163242 78
0000120220150420 00001202 2015 04 03 15 5301 10:00 15:00 0260 1 50 0 _ _ 1 1 20150408163242 78
0000120220150420 00001202 2015 04 10 15 5301 10:00 15:00 0260 1 50 0 _ _ 1 1 20150408163242 78
0000120220150421 00001202 2015 04 01 17 1001 _ _ 0001 1 500 0 _ _ 1 1 20150408163242 78
000012022015043 00001202 2015 04 05 13 4000 _ _ 0023 1 500 0 _ _ 1 1 20150408163242 78
000012022015044 00001202 2015 04 17 15 1343 10:00 15:00 0060 1 874 0 _ _ 1 1 20150408163242 78
000012022015044 00001202 2015 04 24 15 1343 10:00 15:00 0060 1 874 0 _ _ 1 1 20150408163242 78
000012022015045 00001202 2015 04 17 15 5051 10:00 15:00 0060 1 46 0 _ _ 1 1 20150408163242 78
000012022015045 00001202 2015 04 24 15 5051 10:00 15:00 0060 1 46 0 _ _ 1 1 20150408163242 78
000012022015046 00001202 2015 04 17 15 5052 10:00 15:00 0060 1 56 0 _ _ 1 1 20150408163242 78
000012022015046 00001202 2015 04 24 15 5052 10:00 15:00 0060 1 56 0 _ _ 1 1 20150408163242 78
000012022015047 00001202 2015 04 17 15 5301 10:00 15:00 0060 1 50 0 _ _ 1 1 20150408163242 78
000012022015047 00001202 2015 04 24 15 5301 10:00 15:00 0060 1 50 0 _ _ 1 1 20150408163242 78
000012022015048 00001202 2015 04 17 15 5605 10:00 15:00 0060 1 150 0 _ _ 1 1 20150408163242 78
000012022015048 00001202 2015 04 24 15 5605 10:00 15:00 0060 1 150 0 _ _ 1 1 20150408163242 78
000012022015049 00001202 2015 04 17 15 5606 10:00 15:00 0060 1 150 0 _ _ 1 1 20150408163242 78
000012022015049 00001202 2015 04 24 15 5606 10:00 15:00 0060 1 150 0 _ _ 1 1 20150408163242 78
000012022015051 00001202 2015 05 03 13 1111 15:00 15:20 0023 1 463 0 _ _ 1 1 20150608164132 78
000012022015051 00001202 2015 05 17 13 1111 15:00 15:20 0023 1 463 0 _ _ 1 1 20150608164132 78
0000120220150510 00001202 2015 05 02 11 2499 10:00 10:30 0070 1 427 0 _ _ 1 1 20150608164132 78
0000120220150510 00001202 2015 05 09 11 2499 10:00 10:30 0070 1 427 0 _ _ 1 1 20150608164132 78
0000120220150518 00001202 2015 05 01 15 2343 10:00 15:00 0260 1 780 0 _ _ 1 1 20150608164132 78
0000120220150518 00001202 2015 05 08 15 2343 10:00 15:00 0260 1 780 0 _ _ 1 1 20150608164132 78
0000120220150519 00001202 2015 05 01 15 5301 10:00 15:00 0260 1 50 0 _ _ 1 1 20150608164132 78
0000120220150519 00001202 2015 05 08 15 5301 10:00 15:00 0260 1 50 0 _ _ 1 1 20150608164132 78
000012022015052 00001202 2015 05 03 13 6101 15:00 15:20 0023 1 6 0 _ _ 1 1 20150608164132 78
000012022015052 00001202 2015 05 17 13 6101 15:00 15:20 0023 1 6 0 _ _ 1 1 20150608164132 78
0000120220150520 00001202 2015 05 01 17 1001 _ _ 0001 1 500 0 _ _ 1 1 20150608164132 78
0000120220150520 00001202 2015 05 03 17 1001 _ _ 0001 1 500 0 _ _ 1 1 20150608164132 78
000012022015053 00001202 2015 05 15 15 1343 10:00 15:00 0060 1 874 0 _ _ 1 1 20150608164132 78
000012022015053 00001202 2015 05 22 15 1343 10:00 15:00 0060 1 874 0 _ _ 1 1 20150608164132 78
000012022015054 00001202 2015 05 15 15 5051 10:00 15:00 0060 1 46 0 _ _ 1 1 20150608164132 78
000012022015054 00001202 2015 05 22 15 5051 10:00 15:00 0060 1 46 0 _ _ 1 1 20150608164132 78
000012022015055 00001202 2015 05 15 15 5052 10:00 15:00 0060 1 56 0 _ _ 1 1 20150608164132 78
000012022015055 00001202 2015 05 22 15 5052 10:00 15:00 0060 1 56 0 _ _ 1 1 20150608164132 78
000012022015056 00001202 2015 05 15 15 5301 10:00 15:00 0060 1 50 0 _ _ 1 1 20150608164132 78
000012022015056 00001202 2015 05 22 15 5301 10:00 15:00 0060 1 50 0 _ _ 1 1 20150608164132 78
000012022015057 00001202 2015 05 15 15 5605 10:00 15:00 0060 1 150 0 _ _ 1 1 20150608164132 78
000012022015057 00001202 2015 05 22 15 5605 10:00 15:00 0060 1 150 0 _ _ 1 1 20150608164132 78
000012022015058 00001202 2015 05 15 15 5606 10:00 15:00 0060 1 150 0 _ _ 1 1 20150608164132 78
000012022015058 00001202 2015 05 22 15 5606 10:00 15:00 0060 1 150 0 _ _ 1 1 20150608164132 78
000012022015059 00001202 2015 05 15 15 6109 10:00 15:00 0060 1 60 0 _ _ 1 1 20150608164132 78
000012022015059 00001202 2015 05 22 15 6109 10:00 15:00 0060 1 60 0 _ _ 1 1 20150608164132 78
000012022015071 00001202 2015 07 05 11 2499 10:00 10:59 0070 1 427 0 _ _ 1 1 20150706194222 78
000012022015071 00001202 2015 07 12 11 2499 10:00 10:59 0070 1 427 0 _ _ 1 1 20150706194222 78
000012022015071 00001202 2015 07 19 11 2499 10:00 10:59 0070 1 427 0 _ _ 1 1 20150706194222 78
000012022015071 00001202 2015 07 26 11 2499 10:00 10:59 0070 1 427 0 _ _ 1 1 20150706194222 78
000012022015091 00001202 2015 09 17 11 2451 10:00 10:20 0070 1 270 0 _ _ 1 1 20150911172633 78
000012022015091 00001202 2015 09 22 11 2451 10:00 10:20 0070 1 270 0 _ _ 1 1 20150911172633 78
000012022015091 00001202 2015 09 24 11 2451 10:00 10:20 0070 1 270 0 _ _ 1 1 20150911172633 78
000012022015091 00001202 2015 09 29 11 2451 10:00 10:20 0070 1 270 0 _ _ 1 1 20150911172633 78
