00000002 2012 10 06 09:30 10:29 61 1111 0073 10.84 1 1220 1 20140730170209 00034
00000002 2012 10 13 09:30 10:29 61 1111 0073 10.84 1 1220 1 20140730170209 00034
00000002 2012 10 20 09:30 10:29 61 1111 0073 10.84 1 1220 1 20140730170209 00034
00000002 2012 10 27 15:30 16:30 61 1111 0073 10.84 1 1220 1 20140730170209 00034
00000007 2012 10 08 15:00 15:59 11 7311 0070 10.84 1 235 1 20140730175350 00034
00000007 2012 10 08 15:00 15:59 61 1111 0073 10.84 1 1220 1 20140814160652 00034
00000007 2012 10 15 15:00 15:59 11 7311 0070 10.84 1 235 1 20140730175350 00034
00000007 2012 10 15 15:00 15:59 61 1111 0073 10.84 1 1220 1 20140814160652 00034
00000007 2012 10 22 15:00 15:59 11 7311 0070 10.84 1 235 1 20140730175350 00034
00000007 2012 10 22 15:00 15:59 61 1111 0073 10.84 1 1220 1 20140814160652 00034
00000007 2012 10 29 15:00 15:59 11 7311 0070 10.84 1 235 1 20140730175350 00034
00000007 2012 10 29 15:00 15:59 61 1111 0073 10.84 1 1220 1 20140814160652 00034
00000010 2012 10 01 09:30 10:29 11 7311 0070 10.84 1 235 1 20140730183017 00034
00000010 2012 10 05 11:00 11:59 11 7311 0070 10.84 1 235 1 20140730183017 00034
00000010 2012 10 08 09:30 10:29 11 7311 0070 10.84 1 235 1 20140730183017 00034
00000010 2012 10 12 11:00 11:59 11 7311 0070 10.84 1 235 1 20140730183017 00034
00000010 2012 10 15 09:30 10:29 11 7311 0070 10.84 1 235 1 20140730183017 00034
00000010 2012 10 19 11:00 11:59 11 7311 0070 10.84 1 235 1 20140730183017 00034
00000010 2012 10 22 09:30 10:29 11 7311 0070 10.84 1 235 1 20140730183017 00034
00000010 2012 10 26 11:00 11:59 11 7311 0070 10.84 1 235 1 20140730183017 00034
00000010 2012 10 29 09:30 10:29 11 7311 0070 10.84 1 235 1 20140730183017 00034
00000013 2012 10 02 13:15 14:45 11 7311 0070 10.84 1 235 1 20140731114123 00078
00000013 2012 10 09 13:15 14:45 11 7311 0070 10.84 1 235 1 20140731114123 00078
00000013 2012 10 16 13:15 14:45 11 7311 0070 10.84 1 235 1 20140731114123 00078
00000013 2012 10 23 13:15 14:45 11 7311 0070 10.84 1 235 1 20140731114123 00078
00000013 2012 10 30 13:15 14:45 11 7311 0070 10.84 1 235 1 20140731114123 00078
00000015 2012 10 07 15:30 16:29 11 7311 0070 10.84 1 235 1 20140731144941 00078
00000015 2012 10 14 15:30 16:59 11 1311 0070 10.84 1 584 1 20140731144941 00078
00000015 2012 10 21 15:30 16:59 11 1311 0070 10.84 1 584 1 20140731144941 00078
00000015 2012 10 28 15:30 16:29 11 7311 0070 10.84 1 235 1 20140731144941 00078
00000016 2012 10 06 10:45 11:44 61 1111 0073 10.84 1 1220 1 20140731153118 00078
00000016 2012 10 13 10:45 11:44 61 1111 0073 10.84 1 1220 1 20140731153118 00078
00000016 2012 10 20 10:45 11:44 61 1111 0073 10.84 1 1220 1 20140731153118 00078
00000016 2012 10 27 10:45 11:44 61 1111 0073 10.84 1 1220 1 20140731153118 00078
00000018 2012 10 01 13:30 14:29 11 7311 0070 10.84 1 235 1 20140731165652 00078
00000018 2012 10 08 13:30 14:29 11 7311 0070 10.84 1 235 1 20140731165652 00078
00000018 2012 10 15 13:30 14:29 11 7311 0070 10.84 1 235 1 20140731165652 00078
00000018 2012 10 22 13:30 14:29 11 7311 0070 10.84 1 235 1 20140731165652 00078
00000018 2012 10 29 13:30 14:29 11 7311 0070 10.84 1 235 1 20140731165652 00078
00000020 2012 10 01 16:15 17:14 11 7311 0070 10.84 1 235 1 20140731173630 00078
00000020 2012 10 04 10:15 11:14 11 7311 0070 10.84 1 235 1 20140731173630 00078
00000020 2012 10 08 16:15 17:14 11 7311 0070 10.84 1 235 1 20140731173630 00078
00000020 2012 10 11 10:15 11:14 11 7311 0070 10.84 1 235 1 20140731173630 00078
00000020 2012 10 15 16:15 17:14 11 7311 0070 10.84 1 235 1 20140731173630 00078
00000020 2012 10 18 10:35 11:14 11 7211 0070 10.84 1 190 1 20140731173630 00078
00000020 2012 10 22 16:15 17:14 11 7311 0070 10.84 1 235 1 20140731173630 00078
00000020 2012 10 25 10:15 11:14 11 7311 0070 10.84 1 235 1 20140731173630 00078
00000020 2012 10 29 16:15 17:14 11 7311 0070 10.84 1 235 1 20140731173630 00078
00000022 2012 10 02 15:00 15:59 11 1211 0070 10.84 1 402 1 20140731181121 00078
00000022 2012 10 09 15:00 15:59 11 1211 0070 10.84 1 402 1 20140731181121 00078
00000022 2012 10 16 15:00 15:59 11 1211 0070 10.84 1 402 1 20140731181121 00078
00000022 2012 10 23 15:00 15:59 11 1211 0070 10.84 1 402 1 20140731181121 00078
00000022 2012 10 31 15:00 15:59 11 1211 0070 10.84 1 402 1 20140731181121 00078
00000025 2012 10 04 09:00 09:59 61 1111 0073 10.84 1 1220 1 20140731183516 00078
00000025 2012 10 11 09:00 09:59 61 1111 0073 10.84 1 1220 1 20140731183516 00078
00000025 2012 10 18 09:00 09:59 61 1111 0073 10.84 1 1220 1 20140731183516 00078
00000025 2012 10 25 09:00 09:59 61 1111 0073 10.84 1 1220 1 20140731183516 00078
00000026 2012 10 03 10:45 11:44 61 1111 0073 10.84 1 1220 1 20140801105444 00034
00000026 2012 10 10 10:45 11:29 61 1111 0073 10.84 1 1220 1 20140801105444 00034
00000026 2012 10 17 13:00 13:59 61 1111 0073 10.84 1 1220 1 20140801105444 00034
00000026 2012 10 24 10:45 11:44 61 1111 0073 10.84 1 1220 1 20140801105444 00034
00000026 2012 10 31 10:45 11:44 61 1111 0073 10.84 1 1220 1 20140801105444 00034
00000027 2012 10 03 09:31 10:30 61 1211 0073 10.84 1 2440 1 20140819174006 00034
00000027 2012 10 07 10:01 11:00 61 1211 0073 10.84 1 2440 1 20140819174006 00034
00000027 2012 10 10 09:31 10:30 61 1211 0073 10.84 1 2440 1 20140819174006 00034
00000027 2012 10 14 10:01 11:00 61 1211 0073 10.84 1 2440 1 20140819174006 00034
00000027 2012 10 18 13:45 14:45 61 1211 0073 10.84 1 2440 1 20140819174006 00034
00000027 2012 10 21 10:01 11:00 61 1211 0073 10.84 1 2440 1 20140819174006 00034
00000027 2012 10 24 09:31 10:30 61 1211 0073 10.84 1 2440 1 20140819174006 00034
00000027 2012 10 28 10:01 11:00 61 1211 0073 10.84 1 2440 1 20140819174006 00034
00000027 2012 10 31 09:31 10:30 61 1211 0073 10.84 1 2440 1 20140819174006 00034
00000035 2012 10 04 11:30 12:29 61 1111 0073 10.84 1 1220 1 20140804110058 00034
00000035 2012 10 11 11:30 12:29 61 1111 0073 10.84 1 1220 1 20140804110058 00034
00000035 2012 10 18 11:30 12:29 61 1111 0073 10.84 1 1220 1 20140804110058 00034
00000035 2012 10 25 11:30 12:29 61 1111 0073 10.84 1 1220 1 20140804110058 00034
00000042 2012 10 07 13:00 13:59 61 1111 0073 10.84 1 1220 1 20140804133409 00034
00000042 2012 10 14 13:00 13:59 61 1111 0073 10.84 1 1220 1 20140804133409 00034
00000042 2012 10 21 13:00 13:59 61 1111 0073 10.84 1 1220 1 20140804133409 00034
00000042 2012 10 28 13:00 13:59 61 1111 0073 10.84 1 1220 1 20140804133409 00034
00000046 2012 10 05 13:30 14:59 11 1311 0070 10.84 1 584 1 20140804143103 00034
00000046 2012 10 19 13:30 14:59 11 1311 0070 10.84 1 584 1 20140804143103 00034
00000048 2012 10 19 10:30 11:30 11 7311 0070 10.84 1 235 1 20140804162351 00034
00000048 2012 10 26 10:30 11:30 11 7311 0070 10.84 1 235 1 20140804162351 00034
00000051 2012 10 04 09:00 09:59 61 1111 0073 10.84 1 1220 1 20140806115722 00034
00000051 2012 10 11 09:00 09:59 61 1111 0073 10.84 1 1220 1 20140806115722 00034
00000051 2012 10 18 09:00 09:59 61 1111 0073 10.84 1 1220 1 20140806115722 00034
00000051 2012 10 25 09:00 09:59 61 1111 0073 10.84 1 1220 1 20140806115722 00034
00000060 2012 10 02 16:30 17:30 11 5111 0070 10.84 1 472 1 20140807112933 00034
00000060 2012 10 04 16:00 16:59 11 5111 0070 10.84 1 472 1 20140807112933 00034
00000060 2012 10 06 16:00 16:59 11 5111 0070 10.84 1 472 1 20140807112933 00034
00000060 2012 10 09 16:30 17:30 11 5111 0070 10.84 1 472 1 20140807112933 00034
00000060 2012 10 11 16:00 16:59 11 5111 0070 10.84 1 472 1 20140807112933 00034
00000060 2012 10 13 16:00 16:59 11 5111 0070 10.84 1 472 1 20140807112933 00034
00000060 2012 10 16 16:30 17:30 11 5111 0070 10.84 1 472 1 20140807112933 00034
00000060 2012 10 18 16:00 16:59 11 5111 0070 10.84 1 472 1 20140807112933 00034
00000060 2012 10 20 16:00 16:59 11 5111 0070 10.84 1 472 1 20140807112933 00034
00000060 2012 10 23 16:10 17:10 11 5111 0070 10.84 1 472 1 20140807112933 00034
00000060 2012 10 25 16:00 16:59 11 5111 0070 10.84 1 472 1 20140807112933 00034
00000060 2012 10 27 16:00 16:59 11 5111 0070 10.84 1 472 1 20140807112933 00034
00000060 2012 10 30 16:30 17:30 11 5111 0070 10.84 1 472 1 20140807112933 00034
00000064 2012 10 01 09:00 10:00 61 1111 0073 10.84 1 1220 1 20140807145505 00034
00000064 2012 10 08 09:00 10:00 61 1111 0073 10.84 1 1220 1 20140807145505 00034
00000064 2012 10 17 09:00 10:00 61 1111 0073 10.84 1 1220 1 20140807145505 00034
00000064 2012 10 22 09:00 10:00 61 1111 0073 10.84 1 1220 1 20140807145505 00034
00000065 2012 10 05 15:15 16:14 61 1111 0073 10.84 1 1220 1 20140807154000 00034
00000065 2012 10 12 14:50 15:49 61 1111 0073 10.84 1 1220 1 20140807154000 00034
00000065 2012 10 19 15:15 16:14 61 1111 0073 10.84 1 1220 1 20140807154000 00034
00000065 2012 10 26 14:00 14:59 61 1111 0073 10.84 1 1220 1 20140807154000 00034
00000069 2012 10 01 15:00 15:59 61 1211 0073 10.84 1 2440 1 20140808114014 00034
00000069 2012 10 04 14:00 14:59 61 1211 0073 10.84 1 2440 1 20140808114014 00034
00000069 2012 10 08 13:45 14:44 61 1211 0073 10.84 1 2440 1 20140808114014 00034
00000069 2012 10 11 14:00 14:59 61 1211 0073 10.84 1 2440 1 20140808114014 00034
00000069 2012 10 15 13:45 14:44 61 1211 0073 10.84 1 2440 1 20140808114014 00034
00000069 2012 10 18 14:00 14:59 61 1211 0073 10.84 1 2440 1 20140808114014 00034
00000069 2012 10 22 13:45 14:44 61 1211 0073 10.84 1 2440 1 20140808114014 00034
00000069 2012 10 25 14:00 14:59 61 1211 0073 10.84 1 2440 1 20140808114014 00034
00000069 2012 10 29 13:45 14:44 61 1211 0073 10.84 1 2440 1 20140808114014 00034
00000070 2012 10 02 11:00 12:00 11 7311 0070 10.84 1 235 1 20140808121029 00034
00000070 2012 10 05 13:30 14:29 11 7311 0070 10.84 1 235 1 20140808121029 00034
00000070 2012 10 09 11:00 12:00 11 7311 0070 10.84 1 235 1 20140808121029 00034
00000070 2012 10 12 13:30 14:29 11 7311 0070 10.84 1 235 1 20140808121029 00034
00000070 2012 10 16 11:00 12:00 11 7311 0070 10.84 1 235 1 20140808121029 00034
00000070 2012 10 19 13:30 14:29 11 7311 0070 10.84 1 235 1 20140808121029 00034
00000070 2012 10 30 11:00 12:00 11 7311 0070 10.84 1 235 1 20140808121029 00034
00000071 2012 10 12 09:15 10:15 61 1211 0073 10.84 1 2440 1 20140808134022 00034
00000071 2012 10 13 13:00 13:49 61 1211 0073 10.84 1 2440 1 20140808134022 00034
00000071 2012 10 19 09:15 10:15 61 1211 0073 10.84 1 2440 1 20140808134022 00034
00000071 2012 10 26 09:20 10:14 61 1211 0073 10.84 1 2440 1 20140808134022 00034
00000071 2012 10 27 13:10 13:59 61 1211 0073 10.84 1 2440 1 20140808134022 00034
00000072 2012 10 03 15:00 15:59 61 1211 0073 10.84 1 2440 1 20140808141815 00034
00000072 2012 10 05 15:45 16:44 61 1211 0073 10.84 1 2440 1 20140808141815 00034
00000072 2012 10 08 16:30 17:14 61 1211 0073 10.84 1 2440 1 20140808141815 00034
00000072 2012 10 12 15:45 16:44 61 1211 0073 10.84 1 2440 1 20140808141815 00034
00000072 2012 10 15 16:30 17:49 61 1211 0073 10.84 1 2440 1 20140808141815 00034
00000072 2012 10 19 15:45 16:44 61 1211 0073 10.84 1 2440 1 20140808141815 00034
00000072 2012 10 26 15:45 16:44 61 1211 0073 10.84 1 2440 1 20140808141815 00034
00000072 2012 10 29 16:30 17:29 61 1211 0073 10.84 1 2440 1 20140808141815 00034
00000073 2012 10 22 14:45 15:45 11 7311 0070 10.84 1 235 1 20140808150407 00034
00000073 2012 10 29 14:45 15:45 11 7311 0070 10.84 1 235 1 20140808150407 00034
