00000095 00002 00002 05 26 7 平成26年8月2日 3 0 0 0 _ ３日は前日起床時からふらつき感と足がこわばるような感じがあり、お部屋でゆっくりされていたそうです。１日にリハビリの後、クレール講演会に参加したための疲れかもとおっしゃっていました。また、１６日に息子様と車でご自宅に戻られ、お墓掃除や銀行の用事を済ませたとの事で、１７日訪問時はとてもお疲れになっていました。\n最近は、寝起きに手足のこわばりが強いのが気になっているようです。\n\n以前にご指摘のあった雑巾の扱いは良くなったとのお言葉いただきました。 0 3 1 20140802214503 00034
00000095 00002 00003 05 _ _ _ 1 0 0 0 _ _ 0 0 1 20140802214503 00034
00000095 00002 00004 05 _ _ _ 1 0 0 0 _ _ 0 0 1 20140802214503 00034
00000095 00003 00002 05 26 7 平成26年8月2日 3 0 0 0 _ ３日は前日起床時からふらつき感と足がこわばるような感じがあり、お部屋でゆっくりされていたそうです。１日にリハビリの後、クレール講演会に参加したための疲れかもとおっしゃっていました。また、１６日に息子様と車でご自宅に戻られ、お墓掃除や銀行の用事を済ませたとの事で、１７日訪問時はとてもお疲れになっていました。\n最近は、寝起きに手足のこわばりが強いのが気になっているようです。\n\n以前にご指摘のあった雑巾の扱いは良くなったとのお言葉いただきました。 0 3 1 20141002200043 00035
00000095 00003 00003 05 26 8 平成26年9月5日 3 0 0 0 _ 最近眠れないときがあるそうで、珍しく安定剤数回飲まれているそうです。またダイニングでお食事中むせて咳込みが多くなり、Ｄｒからは口腔体操を少しずつでも毎日続けるよう指導されたそうです。\n21日訪問時、前日たまプラーザまで出かけられたそうですが、帰宅後とても疲れたため17時ごろまで寝てしまい、とても楽しみにしていた15時からの歌の広場を欠席されたと伺っています。 0 3 1 20141002200043 00035
00000095 00003 00004 05 26 9 平成26年10月2日 3 0 0 0 _ 11日モニタリング行っています。（モニタリングシート参照）\n14日に八王子までお一人で電車で行かれ、次男様と待ち合わせされたそうです。ご自宅の風通し、お寺の会に出られ19時半にご帰宅されたそうです。翌日は疲労でぼーとされていたとのこと。25日午前中はクレール下のクリニックにて定期健診、午後は眼科に行かれたそうで、その際保険証がなくなっていることに気ずき、気がかりと伺っています。\n 0 3 1 20141002200043 00035
00000095 00004 00005 05 20 10 平成26年11月2日 3 0 0 0 _ 2日、前々日のデイにてのリハビリはバイクの時間を短くして頂いたところ、翌日の疲労度が違ったそうです。前日の午前中に歯科に行かれたところ、戻りが13時半になっていそうです。9日、徐々に足が弱くなっているそうです。市ヶ尾の歯科に行く際、市ヶ尾駅のホームと電車のすき間が怖く手すりに掴まりながら降りているとのこと。\n13日、あざみ野クレールの文化祭のお話され、半日でしたがダイニングでお茶をされたり、作品をご覧になったり楽しまれた様です。29日に館内電気工事のため、電気、水道など使用できなかったため、たまプラーザで午後過ごされお疲れになったそうです。 0 3 1 20141102163046 00035
00000095 00004 00006 05 _ _ _ 1 0 0 0 _ _ 0 0 1 20141102163046 00035
00000095 00004 00007 05 _ _ _ 1 0 0 0 _ _ 0 0 1 20141102163046 00035
00000095 00005 00005 05 20 10 平成26年11月2日 3 0 0 0 _ 2日、前々日のデイにてのリハビリはバイクの時間を短くして頂いたところ、翌日の疲労度が違ったそうです。前日の午前中に歯科に行かれたところ、戻りが13時半になっていたそうです。9日、徐々に足が弱くなっているそうで、市ヶ尾の歯科に行く際、市ヶ尾駅のホームと電車のすき間が怖く手すりに掴まりながら降りているとのこと。\n13日、あざみ野クレールの文化祭のお話をされ、半日でしたがダイニングでお茶をされたり、作品をご覧になったり楽しまれた様です。29日には館内電気工事のため、電気、水道など使用できなかったため、たまプラーザで午後過ごされお疲れになったそうです。 0 3 1 20141102163332 00035
00000095 00005 00006 05 _ _ _ 1 0 0 0 _ _ 0 0 1 20141102163332 00035
00000095 00005 00007 05 _ _ _ 1 0 0 0 _ _ 0 0 1 20141102163332 00035
00000095 00006 00005 05 20 10 平成26年11月2日 3 0 0 0 _ 2日、前々日のデイにてのリハビリはバイクの時間を短くして頂いたところ、翌日の疲労度が違ったそうです。前日の午前中に歯科に行かれたところ、戻りが13時半になっていたそうです。9日、徐々に足が弱くなっているそうで、市ヶ尾の歯科に行く際、市ヶ尾駅のホームと電車のすき間が怖く手すりに掴まりながら降りているとのこと。\n13日、あざみ野クレールの文化祭のお話をされ、半日でしたがダイニングでお茶をされたり、作品をご覧になったり楽しまれた様です。29日には館内電気工事のため、電気、水道など使用できなかったため、たまプラーザで午後過ごされお疲れになったそうです。\n身体が弱ってきたとお話される時も有りますが、体調お変わりありません。 0 3 1 20141204163651 00034
00000095 00006 00006 05 26 11 平成26年12月4日 3 0 0 0 _ 6日、インフルエンザの予防接種を受けたが、肺炎予防接種は受けていないと気にされていました。\n13日、3日に八王子にお墓参りやご自宅の整理に帰省されています。だんだんクレールの生活に落ち着いてきたと話されています。\n計画通りサービスを行うことができています。20日、27日も肺炎の予防接種のことを気にされていました。 0 3 1 20141204163651 00034
00000095 00006 00007 05 _ _ _ 1 0 0 0 _ _ 0 0 1 20141204163651 00034
