1 00000095 2014 01 11 0070 グランクレール・ケアサービス横浜 7311 生活援助３ 235 0 235 4 940 0 940 940 0 10.84 10189 90 9170 1019 0 n n 0 1 20140616142309 00034
1 00000095 2014 02 11 0070 グランクレール・ケアサービス横浜 7311 生活援助３ 235 0 235 4 940 0 940 940 0 10.84 10189 90 9170 1019 0 n n 0 1 20140616142956 00034
1 00000095 2014 03 11 0070 グランクレール・ケアサービス横浜 7311 生活援助３ 235 0 235 4 940 0 940 940 0 10.84 10189 90 9170 1019 0 n n 0 1 20140616143613 00034
1 00000095 2014 04 11 0070 グランクレール・ケアサービス横浜 7311 生活援助３ 236 0 236 4 944 0 944 944 0 10.84 10232 90 9208 1024 0 n n 0 1 20140616144241 00034
1 00000095 2014 05 11 0070 グランクレール・ケアサービス横浜 7311 生活援助３ 236 0 236 5 1180 0 1180 1180 0 10.84 12791 90 11511 1280 0 n n 0 1 20140818143650 00034
1 00000095 2014 06 11 0070 グランクレール・ケアサービス横浜 7311 生活援助３ 236 0 236 4 944 0 944 944 0 10.84 10232 90 9208 1024 0 n n 0 1 20140701101505 00078
1 00000095 2014 07 11 0070 グランクレール・ケアサービス横浜 7311 生活援助３ 236 0 236 5 1180 0 1180 1180 0 10.84 12791 90 11511 1280 0 n n 0 1 20140731161143 00037
1 00000095 2014 08 11 0070 グランクレール・ケアサービス横浜 7311 生活援助３ 236 0 236 4 944 0 944 944 0 10.84 10232 90 9208 1024 0 n n 0 1 20140829202025 00038
1 00000095 2014 09 11 0070 グランクレール・ケアサービス横浜 7311 生活援助３ 236 0 236 4 944 0 944 944 0 10.84 10232 90 9208 1024 0 n n 0 1 20140927190710 00038
1 00000095 2014 10 11 0070 グランクレール・ケアサービス横浜 7311 生活援助３ 236 0 236 5 1180 0 1180 1180 0 10.84 12791 90 11511 1280 0 n n 0 1 20141030200158 00038
1 00000095 2014 11 11 0070 グランクレール・ケアサービス横浜 7311 生活援助３ 236 0 236 4 944 0 944 944 0 10.84 10232 90 9208 1024 0 n n 0 1 20141127190141 00035
1 00000095 2014 12 11 0070 グランクレール・ケアサービス横浜 7311 生活援助３ 236 0 236 4 944 0 944 944 0 10.84 10232 90 9208 1024 0 n n 0 1 20141208152507 00171
2 00000095 2014 01 11 0070 グランクレール・ケアサービス横浜 6271 訪問介護処遇改善加算Ⅰ 38 0 38 1 38 38 0.04 38 0 10.84 411 90 369 42 0 a g 0 1 20140616142309 00034
2 00000095 2014 02 11 0070 グランクレール・ケアサービス横浜 6271 訪問介護処遇改善加算Ⅰ 38 0 38 1 38 38 0.04 38 0 10.84 411 90 369 42 0 a g 0 1 20140616142956 00034
2 00000095 2014 03 11 0070 グランクレール・ケアサービス横浜 6271 訪問介護処遇改善加算Ⅰ 38 0 38 1 38 38 0.04 38 0 10.84 411 90 369 42 0 a g 0 1 20140616143613 00034
2 00000095 2014 04 11 0070 グランクレール・ケアサービス横浜 6271 訪問介護処遇改善加算Ⅰ 38 0 38 1 38 38 0.04 38 0 10.84 411 90 369 42 0 a g 0 1 20140616144241 00034
2 00000095 2014 05 11 0070 グランクレール・ケアサービス横浜 6271 訪問介護処遇改善加算Ⅰ 47 0 47 1 47 47 0.04 47 0 10.84 509 90 458 51 0 a g 0 1 20140818143650 00034
2 00000095 2014 06 11 0070 グランクレール・ケアサービス横浜 6271 訪問介護処遇改善加算Ⅰ 38 0 38 1 38 38 0.04 38 0 10.84 411 90 369 42 0 a g 0 1 20140701101505 00078
2 00000095 2014 07 11 0070 グランクレール・ケアサービス横浜 6271 訪問介護処遇改善加算Ⅰ 47 0 47 1 47 47 0.04 47 0 10.84 509 90 458 51 0 a g 0 1 20140731161143 00037
2 00000095 2014 08 11 0070 グランクレール・ケアサービス横浜 6271 訪問介護処遇改善加算Ⅰ 38 0 38 1 38 38 0.04 38 0 10.84 411 90 369 42 0 a g 0 1 20140829202025 00038
2 00000095 2014 09 11 0070 グランクレール・ケアサービス横浜 6271 訪問介護処遇改善加算Ⅰ 38 0 38 1 38 38 0.04 38 0 10.84 411 90 369 42 0 a g 0 1 20140927190710 00038
2 00000095 2014 10 11 0070 グランクレール・ケアサービス横浜 6271 訪問介護処遇改善加算Ⅰ 47 0 47 1 47 47 0.04 47 0 10.84 509 90 458 51 0 a g 0 1 20141030200158 00038
2 00000095 2014 11 11 0070 グランクレール・ケアサービス横浜 6271 訪問介護処遇改善加算Ⅰ 38 0 38 1 38 38 0.04 38 0 10.84 411 90 369 42 0 a g 0 1 20141127190141 00035
2 00000095 2014 12 11 0070 グランクレール・ケアサービス横浜 6271 訪問介護処遇改善加算Ⅰ 38 0 38 1 38 38 0.04 38 0 10.84 411 90 369 42 0 a g 0 1 20141208152507 00171
