00000201 2012 07 01 16:00 16:59 11 1211 0029 11.26 1 402 1 20140710174923 00078
00000201 2012 07 03 16:00 16:59 11 1211 0029 11.26 1 402 1 20140710174923 00078
00000201 2012 07 06 10:00 10:59 11 7311 0029 11.26 1 235 1 20140710174923 00078
00000201 2012 07 06 16:00 16:59 11 1211 0029 11.26 1 402 1 20140710174923 00078
00000201 2012 07 08 16:00 16:59 11 1211 0029 11.26 1 402 1 20140710174923 00078
00000201 2012 07 10 10:00 10:59 11 7311 0029 11.26 1 235 1 20140710174923 00078
00000201 2012 07 10 16:00 16:59 11 1211 0029 11.26 1 402 1 20140710174923 00078
00000201 2012 07 13 10:00 10:59 11 7311 0029 11.26 1 235 1 20140710174923 00078
00000201 2012 07 13 16:00 16:59 11 1211 0029 11.26 1 402 1 20140710174923 00078
00000201 2012 07 15 16:00 16:59 11 1211 0029 11.26 1 402 1 20140710174923 00078
00000201 2012 07 17 16:00 16:59 11 1211 0029 11.26 1 402 1 20140710174923 00078
00000201 2012 07 24 10:00 10:59 11 7311 0029 11.26 1 235 1 20140710174923 00078
00000201 2012 07 24 16:00 16:59 11 1211 0029 11.26 1 402 1 20140710174923 00078
00000201 2012 07 29 16:00 16:59 11 1211 0029 11.26 1 402 1 20140710174923 00078
00000201 2012 07 31 10:00 10:59 11 7311 0029 11.26 1 235 1 20140710174923 00078
00000201 2012 07 31 16:00 16:59 11 1211 0029 11.26 1 402 1 20140710174923 00078
00000202 2012 07 01 08:00 08:29 11 1111 0029 11.26 1 254 1 20140711144930 00078
00000202 2012 07 01 13:00 13:29 11 1111 0029 11.26 1 254 1 20140711144930 00078
00000202 2012 07 01 15:30 15:59 11 1111 0029 11.26 1 254 1 20140711144930 00078
00000202 2012 07 01 19:30 19:59 11 1112 0029 11.26 1 318 1 20140711144930 00078
00000202 2012 07 02 08:00 08:29 11 1111 0029 11.26 1 254 1 20140711144930 00078
00000202 2012 07 02 13:00 13:29 11 1111 0029 11.26 1 254 1 20140711144930 00078
00000202 2012 07 02 15:30 16:29 11 1221 0029 11.26 1 804 1 20140711144930 00078
00000202 2012 07 02 19:30 19:59 11 1112 0029 11.26 1 318 1 20140711144930 00078
00000202 2012 07 03 08:00 08:29 11 1111 0029 11.26 1 254 1 20140711144930 00078
00000202 2012 07 03 13:00 13:29 11 1111 0029 11.26 1 254 1 20140711144930 00078
00000202 2012 07 03 15:30 15:59 11 1111 0029 11.26 1 254 1 20140711144930 00078
00000202 2012 07 04 08:00 08:29 11 1111 0029 11.26 1 254 1 20140711144930 00078
00000202 2012 07 04 13:00 13:29 11 1111 0029 11.26 1 254 1 20140711144930 00078
00000202 2012 07 04 15:30 16:29 11 1221 0029 11.26 1 804 1 20140711144930 00078
00000202 2012 07 04 19:30 19:59 11 1112 0029 11.26 1 318 1 20140711144930 00078
00000202 2012 07 05 08:00 08:29 11 1111 0029 11.26 1 254 1 20140711144930 00078
00000202 2012 07 05 13:00 13:29 11 1111 0029 11.26 1 254 1 20140711144930 00078
00000202 2012 07 05 15:30 15:59 11 1111 0029 11.26 1 254 1 20140711144930 00078
00000202 2012 07 05 19:30 19:59 11 1112 0029 11.26 1 318 1 20140711144930 00078
00000202 2012 07 06 08:00 08:29 11 1111 0029 11.26 1 254 1 20140711144930 00078
00000202 2012 07 06 13:00 13:29 11 1111 0029 11.26 1 254 1 20140711144930 00078
00000202 2012 07 07 08:00 08:29 11 1111 0029 11.26 1 254 1 20140711144930 00078
00000202 2012 07 07 13:00 13:29 11 1111 0029 11.26 1 254 1 20140711144930 00078
00000202 2012 07 07 15:30 15:59 11 1111 0029 11.26 1 254 1 20140711144930 00078
00000202 2012 07 07 19:30 19:59 11 1112 0029 11.26 1 318 1 20140711144930 00078
00000202 2012 07 08 08:00 08:29 11 1111 0029 11.26 1 254 1 20140711144930 00078
00000202 2012 07 08 13:00 13:29 11 1111 0029 11.26 1 254 1 20140711144930 00078
00000202 2012 07 08 15:30 15:59 11 1111 0029 11.26 1 254 1 20140711144930 00078
00000202 2012 07 08 19:30 19:59 11 1112 0029 11.26 1 318 1 20140711144930 00078
00000202 2012 07 09 08:00 08:29 11 1111 0029 11.26 1 254 1 20140711144930 00078
00000202 2012 07 09 13:00 13:29 11 1111 0029 11.26 1 254 1 20140711144930 00078
00000202 2012 07 09 15:30 16:29 11 1221 0029 11.26 1 804 1 20140711144930 00078
00000202 2012 07 09 19:30 19:59 11 1112 0029 11.26 1 318 1 20140711144930 00078
00000202 2012 07 10 08:00 08:29 11 1111 0029 11.26 1 254 1 20140711144930 00078
00000202 2012 07 10 13:00 13:29 11 1111 0029 11.26 1 254 1 20140711144930 00078
00000202 2012 07 10 15:30 15:59 11 1111 0029 11.26 1 254 1 20140711144930 00078
00000202 2012 07 10 19:30 19:59 11 1112 0029 11.26 1 318 1 20140711144930 00078
00000202 2012 07 11 08:00 08:29 11 1111 0029 11.26 1 254 1 20140711144930 00078
00000202 2012 07 11 13:00 13:29 11 1111 0029 11.26 1 254 1 20140711144930 00078
00000202 2012 07 11 15:30 16:29 11 1221 0029 11.26 1 804 1 20140711144930 00078
00000202 2012 07 11 19:30 19:59 11 1112 0029 11.26 1 318 1 20140711144930 00078
00000202 2012 07 12 08:00 08:29 11 1111 0029 11.26 1 254 1 20140711144930 00078
00000202 2012 07 12 13:00 13:29 11 1111 0029 11.26 1 254 1 20140711144930 00078
00000202 2012 07 12 15:30 15:59 11 1111 0029 11.26 1 254 1 20140711144930 00078
00000202 2012 07 12 19:30 19:59 11 1112 0029 11.26 1 318 1 20140711144930 00078
00000202 2012 07 13 08:00 08:29 11 1111 0029 11.26 1 254 1 20140711144930 00078
00000202 2012 07 13 13:00 13:29 11 1111 0029 11.26 1 254 1 20140711144930 00078
00000202 2012 07 13 19:30 19:59 11 1112 0029 11.26 1 318 1 20140711144930 00078
00000202 2012 07 14 08:00 08:29 11 1111 0029 11.26 1 254 1 20140711144930 00078
00000202 2012 07 14 13:00 13:29 11 1111 0029 11.26 1 254 1 20140711144930 00078
00000202 2012 07 14 15:30 15:59 11 1111 0029 11.26 1 254 1 20140711144930 00078
00000202 2012 07 14 19:30 19:59 11 1112 0029 11.26 1 318 1 20140711144930 00078
00000202 2012 07 15 08:00 08:29 11 1111 0029 11.26 1 254 1 20140711144930 00078
00000202 2012 07 15 13:00 13:29 11 1111 0029 11.26 1 254 1 20140711144930 00078
00000202 2012 07 15 15:30 15:59 11 1111 0029 11.26 1 254 1 20140711144930 00078
00000202 2012 07 15 19:30 19:59 11 1112 0029 11.26 1 318 1 20140711144930 00078
00000202 2012 07 16 08:00 08:29 11 1111 0029 11.26 1 254 1 20140711144930 00078
00000202 2012 07 16 13:00 13:29 11 1111 0029 11.26 1 254 1 20140711144930 00078
00000202 2012 07 16 15:30 16:29 11 1221 0029 11.26 1 804 1 20140711144930 00078
00000202 2012 07 16 19:30 19:59 11 1112 0029 11.26 1 318 1 20140711144930 00078
00000202 2012 07 17 08:00 08:29 11 1111 0029 11.26 1 254 1 20140711144930 00078
00000202 2012 07 17 13:00 13:29 11 1111 0029 11.26 1 254 1 20140711144930 00078
00000202 2012 07 17 15:30 15:59 11 1111 0029 11.26 1 254 1 20140711144930 00078
00000202 2012 07 17 19:30 19:59 11 1112 0029 11.26 1 318 1 20140711144930 00078
00000202 2012 07 18 08:00 08:29 11 1111 0029 11.26 1 254 1 20140711144930 00078
00000202 2012 07 18 13:00 13:29 11 1111 0029 11.26 1 254 1 20140711144930 00078
00000202 2012 07 18 15:30 16:29 11 1221 0029 11.26 1 804 1 20140711144930 00078
00000202 2012 07 18 19:30 19:59 11 1112 0029 11.26 1 318 1 20140711144930 00078
00000202 2012 07 19 08:00 08:29 11 1111 0029 11.26 1 254 1 20140711144930 00078
00000202 2012 07 19 13:00 13:29 11 1111 0029 11.26 1 254 1 20140711144930 00078
00000202 2012 07 19 15:30 15:59 11 1111 0029 11.26 1 254 1 20140711144930 00078
00000202 2012 07 19 19:30 19:59 11 1112 0029 11.26 1 318 1 20140711144930 00078
00000202 2012 07 20 08:00 08:29 11 1111 0029 11.26 1 254 1 20140711144930 00078
00000202 2012 07 20 13:00 13:29 11 1111 0029 11.26 1 254 1 20140711144930 00078
00000202 2012 07 21 08:00 08:29 11 1111 0029 11.26 1 254 1 20140711144930 00078
00000202 2012 07 21 13:00 13:29 11 1111 0029 11.26 1 254 1 20140711144930 00078
00000202 2012 07 21 15:30 15:59 11 1111 0029 11.26 1 254 1 20140711144930 00078
00000202 2012 07 21 19:30 19:59 11 1112 0029 11.26 1 318 1 20140711144930 00078
00000202 2012 07 22 08:00 08:29 11 1111 0029 11.26 1 254 1 20140711144930 00078
00000202 2012 07 22 13:00 13:29 11 1111 0029 11.26 1 254 1 20140711144930 00078
00000202 2012 07 22 15:30 15:59 11 1111 0029 11.26 1 254 1 20140711144930 00078
00000202 2012 07 22 19:30 19:59 11 1112 0029 11.26 1 318 1 20140711144930 00078
00000202 2012 07 23 08:00 08:29 11 1111 0029 11.26 1 254 1 20140711144930 00078
00000202 2012 07 23 13:00 13:29 11 1111 0029 11.26 1 254 1 20140711144930 00078
00000202 2012 07 23 15:30 16:29 11 1221 0029 11.26 1 804 1 20140711144930 00078
00000202 2012 07 23 19:30 19:59 11 1112 0029 11.26 1 318 1 20140711144930 00078
00000202 2012 07 24 08:00 08:29 11 1111 0029 11.26 1 254 1 20140711144930 00078
00000202 2012 07 24 13:00 13:29 11 1111 0029 11.26 1 254 1 20140711144930 00078
00000202 2012 07 24 15:30 15:59 11 1111 0029 11.26 1 254 1 20140711144930 00078
00000202 2012 07 24 19:30 19:59 11 1112 0029 11.26 1 318 1 20140711144930 00078
00000202 2012 07 25 08:00 08:29 11 1111 0029 11.26 1 254 1 20140711144930 00078
00000202 2012 07 25 13:00 13:29 11 1111 0029 11.26 1 254 1 20140711144930 00078
00000202 2012 07 25 15:30 16:29 11 1221 0029 11.26 1 804 1 20140711144930 00078
00000202 2012 07 25 19:30 19:59 11 1112 0029 11.26 1 318 1 20140711144930 00078
00000202 2012 07 26 08:00 08:29 11 1111 0029 11.26 1 254 1 20140711144930 00078
00000202 2012 07 26 13:00 13:29 11 1111 0029 11.26 1 254 1 20140711144930 00078
00000202 2012 07 26 15:30 15:59 11 1111 0029 11.26 1 254 1 20140711144930 00078
00000202 2012 07 26 19:30 19:59 11 1112 0029 11.26 1 318 1 20140711144930 00078
00000202 2012 07 27 08:00 08:29 11 1111 0029 11.26 1 254 1 20140711144930 00078
00000202 2012 07 27 13:00 13:29 11 1111 0029 11.26 1 254 1 20140711144930 00078
00000202 2012 07 27 19:30 19:59 11 1112 0029 11.26 1 318 1 20140711144930 00078
00000202 2012 07 28 08:00 08:29 11 1111 0029 11.26 1 254 1 20140711144930 00078
00000202 2012 07 28 13:00 13:29 11 1111 0029 11.26 1 254 1 20140711144930 00078
00000202 2012 07 28 15:30 15:59 11 1111 0029 11.26 1 254 1 20140711144930 00078
00000202 2012 07 28 19:30 19:59 11 1112 0029 11.26 1 318 1 20140711144930 00078
00000202 2012 07 29 08:00 08:29 11 1111 0029 11.26 1 254 1 20140711144930 00078
00000202 2012 07 29 13:00 13:29 11 1111 0029 11.26 1 254 1 20140711144930 00078
00000202 2012 07 29 15:30 15:59 11 1111 0029 11.26 1 254 1 20140711144930 00078
00000202 2012 07 29 19:30 19:59 11 1112 0029 11.26 1 318 1 20140711144930 00078
00000202 2012 07 30 08:00 08:29 11 1111 0029 11.26 1 254 1 20140711144930 00078
00000202 2012 07 30 13:00 13:29 11 1111 0029 11.26 1 254 1 20140711144930 00078
00000202 2012 07 30 15:30 16:29 11 1221 0029 11.26 1 804 1 20140711144930 00078
00000202 2012 07 30 19:30 19:59 11 1112 0029 11.26 1 318 1 20140711144930 00078
00000202 2012 07 31 08:00 08:29 11 1111 0029 11.26 1 254 1 20140711144930 00078
00000202 2012 07 31 13:00 13:29 11 1111 0029 11.26 1 254 1 20140711144930 00078
00000202 2012 07 31 15:30 15:59 11 1111 0029 11.26 1 254 1 20140711144930 00078
00000202 2012 07 31 19:30 19:59 11 1112 0029 11.26 1 318 1 20140711144930 00078
00000203 2012 07 01 08:30 09:29 11 4111 0029 11.26 1 324 1 20140714144542 00078
00000203 2012 07 01 14:00 14:59 11 1211 0029 11.26 1 402 1 20140714144542 00078
00000203 2012 07 01 19:00 19:29 11 1112 0029 11.26 1 318 1 20140714144542 00078
00000203 2012 07 02 08:30 09:29 11 4111 0029 11.26 1 324 1 20140714144542 00078
00000203 2012 07 02 13:00 14:59 11 6111 0029 11.26 1 654 1 20140714144542 00078
00000203 2012 07 02 19:00 19:29 11 1112 0029 11.26 1 318 1 20140714144542 00078
00000203 2012 07 03 08:30 09:29 11 4111 0029 11.26 1 324 1 20140714144542 00078
00000203 2012 07 03 14:00 14:29 11 1111 0029 11.26 1 254 1 20140714144542 00078
00000203 2012 07 04 08:30 09:29 11 4111 0029 11.26 1 324 1 20140714144542 00078
00000203 2012 07 04 14:00 14:29 11 1111 0029 11.26 1 254 1 20140714144542 00078
00000203 2012 07 05 08:30 09:29 11 4111 0029 11.26 1 324 1 20140714144542 00078
00000203 2012 07 05 14:00 14:29 11 1111 0029 11.26 1 254 1 20140714144542 00078
00000203 2012 07 05 19:00 19:29 11 1112 0029 11.26 1 318 1 20140714144542 00078
00000203 2012 07 06 08:30 09:29 11 4111 0029 11.26 1 324 1 20140714144542 00078
00000203 2012 07 06 14:00 14:59 11 4111 0029 11.26 1 324 1 20140714144542 00078
00000203 2012 07 07 08:30 09:29 11 4111 0029 11.26 1 324 1 20140714144542 00078
00000203 2012 07 07 14:00 14:29 11 1111 0029 11.26 1 254 1 20140714144542 00078
00000203 2012 07 07 19:00 19:29 11 1112 0029 11.26 1 318 1 20140714144542 00078
00000203 2012 07 08 08:30 09:29 11 4111 0029 11.26 1 324 1 20140714144542 00078
00000203 2012 07 08 14:00 14:59 11 1211 0029 11.26 1 402 1 20140714144542 00078
00000203 2012 07 08 19:00 19:29 11 1112 0029 11.26 1 318 1 20140714144542 00078
00000203 2012 07 09 08:30 09:29 11 4111 0029 11.26 1 324 1 20140714144542 00078
00000203 2012 07 09 13:00 14:59 11 4311 0029 11.26 1 464 1 20140714144542 00078
00000203 2012 07 09 19:00 19:29 11 1112 0029 11.26 1 318 1 20140714144542 00078
00000203 2012 07 10 08:30 09:29 11 4111 0029 11.26 1 324 1 20140714144542 00078
00000203 2012 07 10 14:00 14:29 11 1111 0029 11.26 1 254 1 20140714144542 00078
00000203 2012 07 10 19:00 19:29 11 1112 0029 11.26 1 318 1 20140714144542 00078
00000203 2012 07 11 08:30 09:29 11 4111 0029 11.26 1 324 1 20140714144542 00078
00000203 2012 07 11 14:00 14:59 11 1211 0029 11.26 1 402 1 20140714144542 00078
00000203 2012 07 11 19:00 19:29 11 1112 0029 11.26 1 318 1 20140714144542 00078
00000203 2012 07 12 08:30 09:29 11 4111 0029 11.26 1 324 1 20140714144542 00078
00000203 2012 07 12 14:00 14:29 11 1111 0029 11.26 1 254 1 20140714144542 00078
00000203 2012 07 13 08:30 09:29 11 4111 0029 11.26 1 324 1 20140714144542 00078
00000203 2012 07 14 08:30 09:29 11 4111 0029 11.26 1 324 1 20140714144542 00078
00000203 2012 07 14 14:00 14:29 11 1111 0029 11.26 1 254 1 20140714144542 00078
00000203 2012 07 15 08:30 09:29 11 4111 0029 11.26 1 324 1 20140714144542 00078
00000203 2012 07 15 14:00 14:59 11 1211 0029 11.26 1 402 1 20140714144542 00078
00000203 2012 07 15 19:00 19:29 11 1112 0029 11.26 1 318 1 20140714144542 00078
00000203 2012 07 16 08:30 09:29 11 4111 0029 11.26 1 324 1 20140714144542 00078
00000203 2012 07 16 13:00 14:59 11 4311 0029 11.26 1 464 1 20140714144542 00078
00000203 2012 07 16 19:00 19:29 11 1112 0029 11.26 1 318 1 20140714144542 00078
00000203 2012 07 17 08:30 09:29 11 4111 0029 11.26 1 324 1 20140714144542 00078
00000203 2012 07 17 14:00 14:29 11 1111 0029 11.26 1 254 1 20140714144542 00078
00000203 2012 07 17 19:00 19:29 11 1112 0029 11.26 1 318 1 20140714144542 00078
00000203 2012 07 18 08:30 09:29 11 4111 0029 11.26 1 324 1 20140714144542 00078
00000203 2012 07 18 14:00 14:59 11 1211 0029 11.26 1 402 1 20140714144542 00078
00000203 2012 07 18 19:00 19:29 11 1112 0029 11.26 1 318 1 20140714144542 00078
00000203 2012 07 19 08:30 09:29 11 4111 0029 11.26 1 324 1 20140714144542 00078
00000203 2012 07 19 14:00 14:29 11 1111 0029 11.26 1 254 1 20140714144542 00078
00000203 2012 07 19 19:00 19:29 11 1112 0029 11.26 1 318 1 20140714144542 00078
00000203 2012 07 20 08:30 09:29 11 4111 0029 11.26 1 324 1 20140714144542 00078
00000203 2012 07 20 14:00 14:29 11 1111 0029 11.26 1 254 1 20140714144542 00078
00000203 2012 07 21 08:30 09:29 11 4111 0029 11.26 1 324 1 20140714144542 00078
00000203 2012 07 21 14:00 14:29 11 1111 0029 11.26 1 254 1 20140714144542 00078
00000203 2012 07 22 08:30 09:29 11 4111 0029 11.26 1 324 1 20140714144542 00078
00000203 2012 07 22 14:00 14:59 11 1211 0029 11.26 1 402 1 20140714144542 00078
00000203 2012 07 22 19:00 19:29 11 1112 0029 11.26 1 318 1 20140714144542 00078
00000203 2012 07 23 08:30 09:29 11 4111 0029 11.26 1 324 1 20140714144542 00078
00000203 2012 07 23 13:00 14:59 11 4311 0029 11.26 1 464 1 20140714144542 00078
00000203 2012 07 23 19:00 19:29 11 1112 0029 11.26 1 318 1 20140714144542 00078
00000203 2012 07 24 08:30 09:29 11 4111 0029 11.26 1 324 1 20140714144542 00078
00000203 2012 07 24 14:00 14:29 11 1111 0029 11.26 1 254 1 20140714144542 00078
00000203 2012 07 24 19:00 19:29 11 1112 0029 11.26 1 318 1 20140714144542 00078
00000203 2012 07 25 08:30 09:29 11 4111 0029 11.26 1 324 1 20140714144542 00078
00000203 2012 07 25 14:00 14:59 11 1211 0029 11.26 1 402 1 20140714144542 00078
00000203 2012 07 25 19:00 19:29 11 1112 0029 11.26 1 318 1 20140714144542 00078
00000203 2012 07 26 08:30 09:29 11 4111 0029 11.26 1 324 1 20140714144542 00078
00000203 2012 07 26 14:00 14:29 11 1111 0029 11.26 1 254 1 20140714144542 00078
00000203 2012 07 27 08:30 09:29 11 4111 0029 11.26 1 324 1 20140714144542 00078
00000203 2012 07 27 14:00 14:59 11 4111 0029 11.26 1 324 1 20140714144542 00078
00000203 2012 07 27 19:00 19:29 11 1112 0029 11.26 1 318 1 20140714144542 00078
00000203 2012 07 28 08:30 09:29 11 4111 0029 11.26 1 324 1 20140714144542 00078
00000203 2012 07 28 14:00 14:29 11 1111 0029 11.26 1 254 1 20140714144542 00078
00000203 2012 07 29 08:30 09:29 11 4111 0029 11.26 1 324 1 20140714144542 00078
00000203 2012 07 29 14:00 14:59 11 1211 0029 11.26 1 402 1 20140714144542 00078
00000203 2012 07 30 08:30 09:29 11 4111 0029 11.26 1 324 1 20140714144542 00078
00000203 2012 07 30 19:00 19:29 11 1112 0029 11.26 1 318 1 20140714144542 00078
00000203 2012 07 31 08:30 09:29 11 4111 0029 11.26 1 324 1 20140714144542 00078
00000203 2012 07 31 14:00 14:29 11 1111 0029 11.26 1 254 1 20140714144542 00078
00000203 2012 07 31 19:00 19:29 11 1112 0029 11.26 1 318 1 20140714144542 00078
00000204 2012 07 01 10:00 10:29 11 1111 0029 11.26 1 254 1 20140715120814 00078
00000204 2012 07 01 14:30 14:59 11 1111 0029 11.26 1 254 1 20140715120814 00078
00000204 2012 07 01 20:00 20:29 11 1112 0029 11.26 1 318 1 20140715120814 00078
00000204 2012 07 02 09:30 09:59 11 1111 0029 11.26 1 254 1 20140715120814 00078
00000204 2012 07 02 20:00 20:29 11 1112 0029 11.26 1 318 1 20140715120814 00078
00000204 2012 07 03 10:00 10:29 11 1111 0029 11.26 1 254 1 20140715120814 00078
00000204 2012 07 04 20:00 20:29 11 1112 0029 11.26 1 318 1 20140715120814 00078
00000204 2012 07 05 10:00 10:29 11 1111 0029 11.26 1 254 1 20140715120814 00078
00000204 2012 07 05 14:30 14:59 11 1111 0029 11.26 1 254 1 20140715120814 00078
00000204 2012 07 05 20:00 20:29 11 1112 0029 11.26 1 318 1 20140715120814 00078
00000204 2012 07 06 09:30 09:59 11 1111 0029 11.26 1 254 1 20140715120814 00078
00000204 2012 07 07 10:00 10:29 11 1111 0029 11.26 1 254 1 20140715120814 00078
00000204 2012 07 07 14:30 15:29 11 4111 0029 11.26 1 324 1 20140715120814 00078
00000204 2012 07 07 20:00 20:29 11 1112 0029 11.26 1 318 1 20140715120814 00078
00000204 2012 07 08 10:00 10:29 11 1111 0029 11.26 1 254 1 20140715120814 00078
00000204 2012 07 08 14:30 14:59 11 1111 0029 11.26 1 254 1 20140715120814 00078
00000204 2012 07 08 20:00 20:29 11 1112 0029 11.26 1 318 1 20140715120814 00078
00000204 2012 07 09 09:30 09:59 11 1111 0029 11.26 1 254 1 20140715120814 00078
00000204 2012 07 09 20:00 20:29 11 1112 0029 11.26 1 318 1 20140715120814 00078
00000204 2012 07 10 20:00 20:29 11 1112 0029 11.26 1 318 1 20140715120814 00078
00000204 2012 07 11 10:00 10:29 11 1111 0029 11.26 1 254 1 20140715120814 00078
00000204 2012 07 11 20:00 20:29 11 1112 0029 11.26 1 318 1 20140715120814 00078
00000204 2012 07 12 10:00 10:29 11 1111 0029 11.26 1 254 1 20140715120814 00078
00000204 2012 07 12 14:30 14:59 11 1111 0029 11.26 1 254 1 20140715120814 00078
00000204 2012 07 12 20:00 20:29 11 1112 0029 11.26 1 318 1 20140715120814 00078
00000204 2012 07 13 09:30 09:59 11 1111 0029 11.26 1 254 1 20140715120814 00078
00000204 2012 07 13 20:00 20:29 11 1112 0029 11.26 1 318 1 20140715120814 00078
00000204 2012 07 14 10:00 10:29 11 1111 0029 11.26 1 254 1 20140715120814 00078
00000204 2012 07 14 14:30 15:29 11 4111 0029 11.26 1 324 1 20140715120814 00078
00000204 2012 07 14 20:00 20:29 11 1112 0029 11.26 1 318 1 20140715120814 00078
00000204 2012 07 15 10:00 10:29 11 1111 0029 11.26 1 254 1 20140715120814 00078
00000204 2012 07 15 14:30 14:59 11 1111 0029 11.26 1 254 1 20140715120814 00078
00000204 2012 07 15 20:00 20:29 11 1112 0029 11.26 1 318 1 20140715120814 00078
00000204 2012 07 16 09:30 09:59 11 1111 0029 11.26 1 254 1 20140715120814 00078
00000204 2012 07 16 20:00 20:29 11 1112 0029 11.26 1 318 1 20140715120814 00078
00000204 2012 07 17 10:00 10:29 11 1111 0029 11.26 1 254 1 20140715120814 00078
00000204 2012 07 17 14:30 14:59 11 1111 0029 11.26 1 254 1 20140715120814 00078
00000204 2012 07 17 20:00 20:29 11 1112 0029 11.26 1 318 1 20140715120814 00078
00000204 2012 07 18 20:00 20:29 11 1112 0029 11.26 1 318 1 20140715120814 00078
00000204 2012 07 19 10:00 10:29 11 1111 0029 11.26 1 254 1 20140715120814 00078
00000204 2012 07 19 14:30 14:59 11 1111 0029 11.26 1 254 1 20140715120814 00078
00000204 2012 07 19 20:00 20:29 11 1112 0029 11.26 1 318 1 20140715120814 00078
00000204 2012 07 20 09:30 09:59 11 1111 0029 11.26 1 254 1 20140715120814 00078
00000204 2012 07 21 10:00 10:29 11 1111 0029 11.26 1 254 1 20140715120814 00078
00000204 2012 07 21 14:30 15:29 11 4111 0029 11.26 1 324 1 20140715120814 00078
00000204 2012 07 21 20:00 20:29 11 1112 0029 11.26 1 318 1 20140715120814 00078
00000204 2012 07 22 10:00 10:29 11 1111 0029 11.26 1 254 1 20140715120814 00078
00000204 2012 07 22 14:30 14:59 11 1111 0029 11.26 1 254 1 20140715120814 00078
00000204 2012 07 22 20:00 20:29 11 1112 0029 11.26 1 318 1 20140715120814 00078
00000204 2012 07 23 09:30 09:59 11 1111 0029 11.26 1 254 1 20140715120814 00078
00000204 2012 07 23 20:00 20:29 11 1112 0029 11.26 1 318 1 20140715120814 00078
00000204 2012 07 24 20:00 20:29 11 1112 0029 11.26 1 318 1 20140715120814 00078
00000204 2012 07 25 10:00 10:29 11 1111 0029 11.26 1 254 1 20140715120814 00078
00000204 2012 07 25 20:00 20:29 11 1112 0029 11.26 1 318 1 20140715120814 00078
00000204 2012 07 26 10:00 10:29 11 1111 0029 11.26 1 254 1 20140715120814 00078
00000204 2012 07 26 14:30 14:59 11 1111 0029 11.26 1 254 1 20140715120814 00078
00000204 2012 07 26 20:00 20:29 11 1112 0029 11.26 1 318 1 20140715120814 00078
00000204 2012 07 27 09:30 09:59 11 1111 0029 11.26 1 254 1 20140715120814 00078
00000204 2012 07 27 20:00 20:29 11 1112 0029 11.26 1 318 1 20140715120814 00078
00000204 2012 07 28 10:00 10:29 11 1111 0029 11.26 1 254 1 20140715120814 00078
00000204 2012 07 28 14:30 15:29 11 4111 0029 11.26 1 324 1 20140715120814 00078
00000204 2012 07 28 20:00 20:29 11 1112 0029 11.26 1 318 1 20140715120814 00078
00000204 2012 07 29 10:00 10:29 11 1111 0029 11.26 1 254 1 20140715120814 00078
00000204 2012 07 29 14:30 14:59 11 1111 0029 11.26 1 254 1 20140715120814 00078
00000204 2012 07 29 20:00 20:29 11 1112 0029 11.26 1 318 1 20140715120814 00078
00000204 2012 07 30 09:30 09:59 11 1111 0029 11.26 1 254 1 20140715120814 00078
00000204 2012 07 30 20:00 20:29 11 1112 0029 11.26 1 318 1 20140715120814 00078
00000204 2012 07 31 10:00 10:29 11 1111 0029 11.26 1 254 1 20140715120814 00078
00000204 2012 07 31 14:30 14:59 11 1111 0029 11.26 1 254 1 20140715120814 00078
00000204 2012 07 31 20:00 20:29 11 1112 0029 11.26 1 318 1 20140715120814 00078
00000205 2012 07 03 14:30 15:59 11 1311 0029 11.26 1 584 1 20140715162753 00078
00000205 2012 07 05 14:30 15:29 11 7311 0029 11.26 1 235 1 20140715162753 00078
00000205 2012 07 06 14:30 15:59 11 1311 0029 11.26 1 584 1 20140715162753 00078
00000205 2012 07 10 14:30 15:59 11 1311 0029 11.26 1 584 1 20140715162753 00078
00000205 2012 07 12 14:30 15:29 11 7311 0029 11.26 1 235 1 20140715162753 00078
00000205 2012 07 13 14:30 15:59 11 1311 0029 11.26 1 584 1 20140715162753 00078
00000205 2012 07 17 14:30 15:59 11 1311 0029 11.26 1 584 1 20140715162753 00078
00000205 2012 07 19 14:30 15:29 11 7311 0029 11.26 1 235 1 20140715162753 00078
00000205 2012 07 20 14:30 15:59 11 1311 0029 11.26 1 584 1 20140715162753 00078
00000205 2012 07 24 14:30 15:59 11 1311 0029 11.26 1 584 1 20140715162753 00078
00000205 2012 07 26 14:30 15:29 11 7311 0029 11.26 1 235 1 20140715162753 00078
00000205 2012 07 27 14:30 15:59 11 1311 0029 11.26 1 584 1 20140715162753 00078
00000205 2012 07 31 14:30 15:59 11 1311 0029 11.26 1 584 1 20140715162753 00078
00000206 2012 07 01 16:30 17:29 11 7311 0029 11.26 1 235 1 20140715181608 00078
00000206 2012 07 02 17:00 17:54 11 1211 0029 11.26 1 402 1 20140715181608 00078
00000206 2012 07 04 17:00 17:54 11 1211 0029 11.26 1 402 1 20140715181608 00078
00000206 2012 07 05 16:30 17:29 11 7311 0029 11.26 1 235 1 20140715181608 00078
00000206 2012 07 07 16:30 17:29 11 1211 0029 11.26 1 402 1 20140715181608 00078
00000206 2012 07 08 16:30 17:29 11 7311 0029 11.26 1 235 1 20140715181608 00078
00000206 2012 07 09 17:00 17:54 11 1211 0029 11.26 1 402 1 20140715181608 00078
00000206 2012 07 11 17:00 17:54 11 1211 0029 11.26 1 402 1 20140715181608 00078
00000206 2012 07 14 16:30 17:29 11 1211 0029 11.26 1 402 1 20140715181608 00078
00000206 2012 07 16 17:00 17:54 11 1211 0029 11.26 1 402 1 20140715181608 00078
00000206 2012 07 18 17:00 17:54 11 1211 0029 11.26 1 402 1 20140715181608 00078
00000206 2012 07 19 16:30 17:29 11 7311 0029 11.26 1 235 1 20140715181608 00078
00000206 2012 07 21 16:30 17:29 11 1211 0029 11.26 1 402 1 20140715181608 00078
00000206 2012 07 22 16:30 17:29 11 7311 0029 11.26 1 235 1 20140715181608 00078
00000206 2012 07 23 17:00 17:54 11 1211 0029 11.26 1 402 1 20140715181608 00078
00000206 2012 07 25 17:00 17:54 11 1211 0029 11.26 1 402 1 20140715181608 00078
00000206 2012 07 28 16:30 17:29 11 1211 0029 11.26 1 402 1 20140715181608 00078
00000206 2012 07 29 16:30 17:29 11 7311 0029 11.26 1 235 1 20140715181608 00078
00000206 2012 07 30 17:00 17:54 11 1211 0029 11.26 1 402 1 20140715181608 00078
00000207 2012 07 03 14:00 14:59 61 1111 0107 11.26 1 1220 1 20140716102605 00078
00000207 2012 07 10 14:00 14:59 61 1111 0107 11.26 1 1220 1 20140716102605 00078
00000207 2012 07 17 14:00 14:59 61 1111 0107 11.26 1 1220 1 20140716102605 00078
00000207 2012 07 24 14:00 14:59 61 1111 0107 11.26 1 1220 1 20140716102605 00078
00000207 2012 07 31 14:00 14:59 61 1111 0107 11.26 1 1220 1 20140716102605 00078
00000209 2012 07 02 10:45 11:44 61 1211 0107 11.26 1 2440 1 20140716110956 00078
00000209 2012 07 06 10:45 11:44 61 1211 0107 11.26 1 2440 1 20140716110956 00078
00000209 2012 07 13 10:45 11:44 61 1211 0107 11.26 1 2440 1 20140716110956 00078
00000209 2012 07 16 10:45 11:44 61 1211 0107 11.26 1 2440 1 20140716110956 00078
00000209 2012 07 20 10:45 11:44 61 1211 0107 11.26 1 2440 1 20140716110956 00078
00000209 2012 07 23 10:45 11:44 61 1211 0107 11.26 1 2440 1 20140716110956 00078
00000209 2012 07 30 10:45 11:44 61 1211 0107 11.26 1 2440 1 20140716110956 00078
00000212 2012 07 04 13:00 13:59 61 1111 0107 11.26 1 1220 1 20140716173027 00078
00000212 2012 07 11 13:00 13:59 61 1111 0107 11.26 1 1220 1 20140716173027 00078
00000212 2012 07 18 13:00 13:59 61 1111 0107 11.26 1 1220 1 20140716173027 00078
00000213 2012 07 03 10:45 11:44 11 7311 0029 11.26 1 235 1 20140716145756 00078
00000213 2012 07 03 16:00 16:59 11 1211 0029 11.26 1 402 1 20140716145756 00078
00000213 2012 07 07 10:45 11:44 11 7311 0029 11.26 1 235 1 20140716145756 00078
00000213 2012 07 10 10:45 11:44 11 7311 0029 11.26 1 235 1 20140716145756 00078
00000213 2012 07 10 16:00 16:59 11 1211 0029 11.26 1 402 1 20140716145756 00078
00000213 2012 07 14 10:45 11:44 11 7311 0029 11.26 1 235 1 20140716145756 00078
00000213 2012 07 14 16:00 16:59 11 1211 0029 11.26 1 402 1 20140716145756 00078
00000213 2012 07 17 10:45 11:44 11 7311 0029 11.26 1 235 1 20140716145756 00078
00000213 2012 07 17 16:00 16:59 11 1211 0029 11.26 1 402 1 20140716145756 00078
00000213 2012 07 21 10:45 11:44 11 7311 0029 11.26 1 235 1 20140716145756 00078
00000213 2012 07 24 10:45 11:44 11 7311 0029 11.26 1 235 1 20140716145756 00078
00000213 2012 07 24 16:00 16:59 11 1211 0029 11.26 1 402 1 20140716145756 00078
00000213 2012 07 28 10:45 11:44 11 7311 0029 11.26 1 235 1 20140716145756 00078
00000213 2012 07 28 16:00 16:59 11 1211 0029 11.26 1 402 1 20140716145756 00078
00000213 2012 07 31 10:45 11:44 11 7311 0029 11.26 1 235 1 20140716145756 00078
00000213 2012 07 31 16:00 16:59 11 1211 0029 11.26 1 402 1 20140716145756 00078
00000214 2012 07 04 10:45 11:44 61 1111 0107 11.26 1 1220 1 20140716180828 00078
00000214 2012 07 11 10:45 11:44 61 1111 0107 11.26 1 1220 1 20140716180828 00078
00000214 2012 07 18 10:45 11:44 61 1111 0107 11.26 1 1220 1 20140716180828 00078
00000214 2012 07 25 10:45 11:44 61 1111 0107 11.26 1 1220 1 20140716180828 00078
00000215 2012 07 06 13:00 14:29 61 1111 0107 11.26 1 1220 1 20140716163519 00078
00000215 2012 07 13 13:00 14:29 61 1111 0107 11.26 1 1220 1 20140716163519 00078
00000215 2012 07 20 13:00 14:29 61 1111 0107 11.26 1 1220 1 20140716163519 00078
00000215 2012 07 27 13:00 14:29 61 1111 0107 11.26 1 1220 1 20140716163519 00078
00000216 2012 07 12 13:30 14:29 61 1111 0107 11.26 1 1220 1 20140716183840 00078
00000216 2012 07 19 13:30 14:29 61 1111 0107 11.26 1 1220 1 20140716183840 00078
00000216 2012 07 26 13:30 14:29 61 1111 0107 11.26 1 1220 1 20140716183840 00078
00000218 2012 07 01 17:00 17:59 61 1321 0107 11.26 1 3870 1 20140729161238 00078
00000218 2012 07 03 17:00 17:59 61 1321 0107 11.26 1 3870 1 20140729161238 00078
00000218 2012 07 08 17:00 17:59 61 1321 0107 11.26 1 3870 1 20140729161238 00078
00000218 2012 07 10 17:00 17:59 61 1321 0107 11.26 1 3870 1 20140729161238 00078
00000218 2012 07 13 17:00 17:59 61 1321 0107 11.26 1 3870 1 20140729161238 00078
00000218 2012 07 15 17:00 17:59 61 1321 0107 11.26 1 3870 1 20140729161238 00078
00000218 2012 07 17 17:00 17:59 61 1321 0107 11.26 1 3870 1 20140729161238 00078
00000218 2012 07 20 17:00 17:59 61 1321 0107 11.26 1 3870 1 20140729161238 00078
00000218 2012 07 22 17:00 17:59 61 1321 0107 11.26 1 3870 1 20140729161238 00078
00000218 2012 07 24 17:00 17:59 61 1321 0107 11.26 1 3870 1 20140729161238 00078
00000218 2012 07 27 17:00 17:59 61 1321 0107 11.26 1 3870 1 20140729161238 00078
00000218 2012 07 29 17:00 17:59 61 1321 0107 11.26 1 3870 1 20140729161238 00078
00000218 2012 07 31 17:00 17:59 61 1321 0107 11.26 1 3870 1 20140729161238 00078
00000221 2012 07 12 10:45 11:30 61 1111 0107 11.26 1 1220 1 20140729183439 00078
00000221 2012 07 19 10:45 11:30 61 1111 0107 11.26 1 1220 1 20140729183439 00078
00000221 2012 07 26 10:45 11:30 61 1111 0107 11.26 1 1220 1 20140729183439 00078
