1 00000201 2012 07 11 0029 グランクレール・ケアサービス馬事公苑 1211 身体介護２ 402 0 402 11 4422 0 4422 4422 0 11.26 49791 90 44811 4980 0 n n 0 1 20140710174923 00078
1 00000202 2012 07 11 0029 グランクレール・ケアサービス馬事公苑 1111 身体介護１ 254 0 254 80 20320 0 20320 20320 0 11.26 228803 90 205922 22881 0 n n 0 1 20140711144930 00078
1 00000203 2012 07 11 0029 グランクレール・ケアサービス馬事公苑 1111 身体介護１ 254 0 254 15 3810 0 3810 3810 0 11.26 42900 90 38610 4290 0 n n 0 1 20140714144542 00078
1 00000204 2012 07 11 0029 グランクレール・ケアサービス馬事公苑 1111 身体介護１ 254 0 254 38 9652 0 9652 9652 0 11.26 108681 90 97812 10869 0 n n 0 1 20140715120814 00078
1 00000205 2012 07 11 0029 グランクレール・ケアサービス馬事公苑 1311 身体介護３ 584 0 584 9 5256 0 5256 5256 0 11.26 59182 90 53263 5919 0 n n 0 1 20140715162753 00078
1 00000206 2012 07 11 0029 グランクレール・ケアサービス馬事公苑 1211 身体介護２ 402 0 402 13 5226 0 5226 5226 0 11.26 58844 90 52959 5885 0 n n 0 1 20140715181608 00078
1 00000213 2012 07 11 0029 グランクレール・ケアサービス馬事公苑 1211 身体介護２ 402 0 402 7 2814 0 2814 2814 0 11.26 31685 90 28516 3169 0 n n 0 1 20140716145756 00078
2 00000201 2012 07 11 0029 グランクレール・ケアサービス馬事公苑 7311 生活援助３ 235 0 235 5 1175 0 1175 1175 0 11.26 13230 90 11907 1323 0 n n 0 1 20140710174923 00078
2 00000202 2012 07 11 0029 グランクレール・ケアサービス馬事公苑 1112 身体介護１・夜 318 0 318 28 8904 0 8904 8904 0 11.26 100259 90 90233 10026 0 n n 0 1 20140711144930 00078
2 00000203 2012 07 11 0029 グランクレール・ケアサービス馬事公苑 1112 身体介護１・夜 318 0 318 20 6360 0 6360 6360 0 11.26 71613 90 64451 7162 0 n n 0 1 20140714144542 00078
2 00000204 2012 07 11 0029 グランクレール・ケアサービス馬事公苑 1112 身体介護１・夜 318 0 318 28 8904 0 8904 8904 0 11.26 100259 90 90233 10026 0 n n 0 1 20140715120814 00078
2 00000205 2012 07 11 0029 グランクレール・ケアサービス馬事公苑 7311 生活援助３ 235 0 235 4 940 0 940 940 0 11.26 10584 90 9525 1059 0 n n 0 1 20140715162753 00078
2 00000206 2012 07 11 0029 グランクレール・ケアサービス馬事公苑 7311 生活援助３ 235 0 235 6 1410 0 1410 1410 0 11.26 15876 90 14288 1588 0 n n 0 1 20140715181608 00078
2 00000213 2012 07 11 0029 グランクレール・ケアサービス馬事公苑 7311 生活援助３ 235 0 235 9 2115 0 2115 2115 0 11.26 23814 90 21432 2382 0 n n 0 1 20140716145756 00078
3 00000201 2012 07 11 0029 グランクレール・ケアサービス馬事公苑 6271 訪問介護処遇改善加算Ⅰ 224 0 224 1 224 224 0.04 224 0 11.26 2522 90 2269 253 0 a g 0 1 20140710174923 00078
3 00000202 2012 07 11 0029 グランクレール・ケアサービス馬事公苑 1221 身体介護２・２人 804 0 804 9 7236 0 7236 6606 630 11.26 74383 90 66944 7439 7094 n n 0 1 20140711144930 00078
3 00000203 2012 07 11 0029 グランクレール・ケアサービス馬事公苑 1211 身体介護２ 402 0 402 8 3216 0 3216 3216 0 11.26 36212 90 32590 3622 0 n n 0 1 20140714144542 00078
3 00000204 2012 07 11 0029 グランクレール・ケアサービス馬事公苑 4111 身体１生活１ 324 0 324 4 1296 0 1296 924 372 11.26 10404 90 9363 1041 4188 n n 0 1 20140715120814 00078
3 00000205 2012 07 11 0029 グランクレール・ケアサービス馬事公苑 6271 訪問介護処遇改善加算Ⅰ 248 0 248 1 248 248 0.04 248 0 11.26 2792 90 2512 280 0 a g 0 1 20140715162753 00078
3 00000206 2012 07 11 0029 グランクレール・ケアサービス馬事公苑 6271 訪問介護処遇改善加算Ⅰ 265 0 265 1 265 265 0.04 265 0 11.26 2983 90 2684 299 0 a g 0 1 20140715181608 00078
3 00000213 2012 07 11 0029 グランクレール・ケアサービス馬事公苑 6271 訪問介護処遇改善加算Ⅰ 197 0 197 1 197 197 0.04 197 0 11.26 2218 90 1996 222 0 a g 0 1 20140716145756 00078
4 00000202 2012 07 11 0029 グランクレール・ケアサービス馬事公苑 6271 訪問介護処遇改善加算Ⅰ 1458 0 1458 1 1458 1458 0.04 1458 0 11.26 16417 90 14775 1642 0 a g 0 1 20140711144930 00078
4 00000203 2012 07 11 0029 グランクレール・ケアサービス馬事公苑 4111 身体１生活１ 324 0 324 33 10692 0 10692 10692 0 11.26 120391 90 108351 12040 0 n n 0 1 20140714144542 00078
4 00000204 2012 07 11 0029 グランクレール・ケアサービス馬事公苑 6271 訪問介護処遇改善加算Ⅰ 794 0 794 1 794 794 0.04 794 0 11.26 8940 90 8046 894 0 a g 0 1 20140715120814 00078
5 00000203 2012 07 11 0029 グランクレール・ケアサービス馬事公苑 4311 身体１生活３ 464 0 464 3 1392 0 1392 1392 0 11.26 15673 90 14105 1568 0 n n 0 1 20140714144542 00078
6 00000203 2012 07 11 0029 グランクレール・ケアサービス馬事公苑 6111 身体３生活１ 654 0 654 1 654 0 654 654 0 11.26 7364 90 6627 737 0 n g 0 1 20140714144542 00078
7 00000203 2012 07 11 0029 グランクレール・ケアサービス馬事公苑 6271 訪問介護処遇改善加算Ⅰ 1045 0 1045 1 1045 1045 0.04 1045 0 11.26 11766 90 10589 1177 0 a g 0 1 20140714144542 00078
