00000120 2013 12 18 10:15 11:15 61 1111 0073 10.84 1 1220 1 20140701162107 00034
00000120 2013 12 27 11:00 12:00 61 1111 0073 10.84 1 1220 1 20140701162107 00034
00000120 2014 01 08 10:15 11:15 61 1111 0073 10.84 1 1220 1 20140617120912 00034
00000120 2014 01 15 10:15 11:15 61 1111 0073 10.84 1 1220 1 20140617120912 00034
00000120 2014 01 22 10:15 11:15 61 1111 0073 10.84 1 1220 1 20140617120912 00034
00000120 2014 01 29 10:15 11:15 61 1111 0073 10.84 1 1220 1 20140617120912 00034
00000120 2014 02 05 10:15 11:15 61 1111 0073 10.84 1 1220 1 20140617121142 00034
00000120 2014 02 12 10:15 11:15 61 1111 0073 10.84 1 1220 1 20140617121142 00034
00000120 2014 02 19 10:15 11:15 61 1111 0073 10.84 1 1220 1 20140617121142 00034
00000120 2014 02 26 10:15 11:15 61 1111 0073 10.84 1 1220 1 20140617121142 00034
00000120 2014 03 05 10:15 11:15 61 1111 0073 10.84 1 1220 1 20140617121446 00034
00000120 2014 03 12 10:15 11:15 61 1111 0073 10.84 1 1220 1 20140617121446 00034
00000120 2014 03 19 10:15 11:15 61 1111 0073 10.84 1 1220 1 20140617121446 00034
00000120 2014 03 26 10:15 11:15 61 1111 0073 10.84 1 1220 1 20140617121446 00034
00000120 2014 04 02 10:15 11:15 61 1111 0073 10.84 1 1226 1 20140617121711 00034
00000120 2014 04 09 10:15 11:15 61 1111 0073 10.84 1 1226 1 20140617121711 00034
00000120 2014 04 16 10:15 11:15 61 1111 0073 10.84 1 1226 1 20140617121711 00034
00000120 2014 04 23 10:15 11:15 61 1111 0073 10.84 1 1226 1 20140617121711 00034
00000120 2014 04 30 10:15 11:15 61 1111 0073 10.84 1 1226 1 20140617121711 00034
00000120 2014 05 07 10:15 11:15 61 1111 0073 10.84 1 1226 1 20140818161931 00034
00000120 2014 05 14 10:15 11:15 61 1111 0073 10.84 1 1226 1 20140818161931 00034
00000120 2014 05 21 10:15 11:15 61 1111 0073 10.84 1 1226 1 20140818161931 00034
00000120 2014 05 28 10:15 11:15 61 1111 0073 10.84 1 1226 1 20140818161931 00034
00000120 2014 06 04 10:15 11:14 61 1111 0073 10.84 1 1226 1 20140630140104 00078
00000120 2014 06 11 10:15 11:14 61 1111 0073 10.84 1 1226 1 20140630140104 00078
00000120 2014 06 18 10:15 11:14 61 1111 0073 10.84 1 1226 1 20140630140104 00078
00000120 2014 06 25 10:15 11:14 61 1111 0073 10.84 1 1226 1 20140630140104 00078
