000002182012041 00000218 2012 04 01 61 1111 1 10:45 11:45 0107 1 1220 0 _ _ 1 20140729154710 78
000002182012041 00000218 2012 04 08 61 1111 1 10:45 11:45 0107 1 1220 0 _ _ 1 20140729154710 78
000002182012041 00000218 2012 04 15 61 1111 1 10:45 11:45 0107 1 1220 0 _ _ 1 20140729154710 78
000002182012041 00000218 2012 04 22 61 1111 1 10:45 11:45 0107 1 1220 0 _ _ 1 20140729154710 78
000002182012041 00000218 2012 04 29 61 1111 1 10:45 11:45 0107 1 1220 0 _ _ 1 20140729154710 78
000002182012051 00000218 2012 05 06 61 1111 1 10:45 11:45 0107 1 1220 0 _ _ 1 20140729155209 78
000002182012051 00000218 2012 05 13 61 1111 1 10:45 11:45 0107 1 1220 0 _ _ 1 20140729155209 78
000002182012051 00000218 2012 05 20 61 1111 1 10:45 11:45 0107 1 1220 0 _ _ 1 20140729155209 78
000002182012051 00000218 2012 05 27 61 1111 1 10:45 11:45 0107 1 1220 0 _ _ 1 20140729155209 78
000002182012061 00000218 2012 06 03 61 1321 1 10:45 11:45 0107 1 3870 0 _ _ 1 20140729160513 78
000002182012061 00000218 2012 06 10 61 1321 1 10:45 11:45 0107 1 3870 0 _ _ 1 20140729160513 78
000002182012061 00000218 2012 06 17 61 1321 1 10:45 11:45 0107 1 3870 0 _ _ 1 20140729160513 78
000002182012061 00000218 2012 06 24 61 1321 1 10:45 11:45 0107 1 3870 0 _ _ 1 20140729160513 78
000002182012062 00000218 2012 06 26 61 1321 1 17:00 17:45 0107 1 3870 0 _ _ 1 20140729160513 78
000002182012062 00000218 2012 06 29 61 1321 1 17:00 17:45 0107 1 3870 0 _ _ 1 20140729160513 78
000002182012063 00000218 2012 06 22 61 1321 1 17:00 17:59 0107 1 3870 0 _ _ 1 20140729160513 78
000002182012064 00000218 2012 06 01 67 1007 1 _ _ 0221 1 300 0 _ _ 1 20140729160513 78
000002182012065 00000218 2012 06 01 67 1009 1 _ _ 0221 1 500 0 _ _ 1 20140729160513 78
000002182012071 00000218 2012 07 01 61 1321 1 17:00 17:59 0107 1 3870 0 _ _ 1 20140729161253 78
000002182012071 00000218 2012 07 03 61 1321 1 17:00 17:59 0107 1 3870 0 _ _ 1 20140729161253 78
000002182012071 00000218 2012 07 08 61 1321 1 17:00 17:59 0107 1 3870 0 _ _ 1 20140729161253 78
000002182012071 00000218 2012 07 10 61 1321 1 17:00 17:59 0107 1 3870 0 _ _ 1 20140729161253 78
000002182012071 00000218 2012 07 13 61 1321 1 17:00 17:59 0107 1 3870 0 _ _ 1 20140729161253 78
000002182012071 00000218 2012 07 15 61 1321 1 17:00 17:59 0107 1 3870 0 _ _ 1 20140729161253 78
000002182012071 00000218 2012 07 17 61 1321 1 17:00 17:59 0107 1 3870 0 _ _ 1 20140729161253 78
000002182012071 00000218 2012 07 20 61 1321 1 17:00 17:59 0107 1 3870 0 _ _ 1 20140729161253 78
000002182012071 00000218 2012 07 22 61 1321 1 17:00 17:59 0107 1 3870 0 _ _ 1 20140729161253 78
000002182012071 00000218 2012 07 24 61 1321 1 17:00 17:59 0107 1 3870 0 _ _ 1 20140729161253 78
000002182012071 00000218 2012 07 27 61 1321 1 17:00 17:59 0107 1 3870 0 _ _ 1 20140729161253 78
000002182012071 00000218 2012 07 29 61 1321 1 17:00 17:59 0107 1 3870 0 _ _ 1 20140729161253 78
000002182012071 00000218 2012 07 31 61 1321 1 17:00 17:59 0107 1 3870 0 _ _ 1 20140729161253 78
000002182012072 00000218 2012 07 01 67 1007 1 _ _ 0221 1 300 0 _ _ 1 20140729161253 78
000002182012073 00000218 2012 07 01 67 1009 1 _ _ 0221 1 500 0 _ _ 1 20140729161253 78
000002182012081 00000218 2012 08 05 61 1321 1 10:45 11:45 0107 1 3870 0 _ _ 1 20140729162415 78
000002182012081 00000218 2012 08 12 61 1321 1 10:45 11:45 0107 1 3870 0 _ _ 1 20140729162415 78
000002182012081 00000218 2012 08 19 61 1321 1 10:45 11:45 0107 1 3870 0 _ _ 1 20140729162415 78
000002182012081 00000218 2012 08 26 61 1321 1 10:45 11:45 0107 1 3870 0 _ _ 1 20140729162415 78
000002182012082 00000218 2012 08 07 61 1321 1 17:00 17:59 0107 1 3870 0 _ _ 1 20140729162415 78
000002182012082 00000218 2012 08 10 61 1321 1 17:00 17:59 0107 1 3870 0 _ _ 1 20140729162415 78
000002182012082 00000218 2012 08 14 61 1321 1 17:00 17:59 0107 1 3870 0 _ _ 1 20140729162415 78
000002182012082 00000218 2012 08 17 61 1321 1 17:00 17:59 0107 1 3870 0 _ _ 1 20140729162415 78
000002182012082 00000218 2012 08 21 61 1321 1 17:00 17:59 0107 1 3870 0 _ _ 1 20140729162415 78
000002182012082 00000218 2012 08 24 61 1321 1 17:00 17:59 0107 1 3870 0 _ _ 1 20140729162415 78
000002182012082 00000218 2012 08 28 61 1321 1 17:00 17:59 0107 1 3870 0 _ _ 1 20140729162415 78
000002182012082 00000218 2012 08 31 61 1321 1 17:00 17:59 0107 1 3870 0 _ _ 1 20140729162415 78
000002182012083 00000218 2012 08 01 67 1007 1 _ _ 0221 1 300 0 _ _ 1 20140729162415 78
000002182012084 00000218 2012 08 01 67 1009 1 _ _ 0221 1 500 0 _ _ 1 20140729162415 78
000002182012091 00000218 2012 09 02 61 1321 1 17:00 17:59 0107 1 3870 0 _ _ 1 20140729163340 78
000002182012091 00000218 2012 09 04 61 1321 1 17:00 17:59 0107 1 3870 0 _ _ 1 20140729163340 78
000002182012091 00000218 2012 09 09 61 1321 1 17:00 17:59 0107 1 3870 0 _ _ 1 20140729163340 78
000002182012091 00000218 2012 09 11 61 1321 1 17:00 17:59 0107 1 3870 0 _ _ 1 20140729163340 78
000002182012091 00000218 2012 09 14 61 1321 1 17:00 17:59 0107 1 3870 0 _ _ 1 20140729163340 78
000002182012091 00000218 2012 09 16 61 1321 1 17:00 17:59 0107 1 3870 0 _ _ 1 20140729163340 78
000002182012091 00000218 2012 09 18 61 1321 1 17:00 17:59 0107 1 3870 0 _ _ 1 20140729163340 78
000002182012091 00000218 2012 09 21 61 1321 1 17:00 17:59 0107 1 3870 0 _ _ 1 20140729163340 78
000002182012091 00000218 2012 09 23 61 1321 1 17:00 17:59 0107 1 3870 0 _ _ 1 20140729163340 78
000002182012091 00000218 2012 09 25 61 1321 1 17:00 17:59 0107 1 3870 0 _ _ 1 20140729163340 78
000002182012091 00000218 2012 09 28 61 1321 1 17:00 17:59 0107 1 3870 0 _ _ 1 20140729163340 78
000002182012091 00000218 2012 09 30 61 1321 1 17:00 17:59 0107 1 3870 0 _ _ 1 20140729163340 78
000002182012092 00000218 2012 09 01 67 1007 1 _ _ 0221 1 300 0 _ _ 1 20140729163340 78
000002182012093 00000218 2012 09 01 67 1009 1 _ _ 0221 1 500 0 _ _ 1 20140729163340 78
000002182012101 00000218 2012 10 02 61 1321 1 17:00 17:59 0107 1 3870 0 _ _ 1 20140729164101 78
000002182012101 00000218 2012 10 07 61 1321 1 17:00 17:59 0107 1 3870 0 _ _ 1 20140729164101 78
000002182012101 00000218 2012 10 09 61 1321 1 17:00 17:59 0107 1 3870 0 _ _ 1 20140729164101 78
000002182012101 00000218 2012 10 12 61 1321 1 17:00 17:59 0107 1 3870 0 _ _ 1 20140729164101 78
000002182012101 00000218 2012 10 14 61 1321 1 17:00 17:59 0107 1 3870 0 _ _ 1 20140729164101 78
000002182012101 00000218 2012 10 16 61 1321 1 17:00 17:59 0107 1 3870 0 _ _ 1 20140729164101 78
000002182012101 00000218 2012 10 19 61 1321 1 17:00 17:59 0107 1 3870 0 _ _ 1 20140729164101 78
000002182012101 00000218 2012 10 21 61 1321 1 17:00 17:59 0107 1 3870 0 _ _ 1 20140729164101 78
000002182012101 00000218 2012 10 23 61 1321 1 17:00 17:59 0107 1 3870 0 _ _ 1 20140729164101 78
000002182012101 00000218 2012 10 26 61 1321 1 17:00 17:59 0107 1 3870 0 _ _ 1 20140729164101 78
000002182012101 00000218 2012 10 28 61 1321 1 17:00 17:59 0107 1 3870 0 _ _ 1 20140729164101 78
000002182012101 00000218 2012 10 30 61 1321 1 17:00 17:59 0107 1 3870 0 _ _ 1 20140729164101 78
000002182012102 00000218 2012 10 01 67 1007 1 _ _ 0221 1 300 0 _ _ 1 20140729164101 78
000002182012103 00000218 2012 10 01 67 1009 1 _ _ 0221 1 500 0 _ _ 1 20140729164101 78
000002182012111 00000218 2012 11 05 61 1321 1 14:00 15:00 0107 1 3870 0 _ _ 1 20140729164841 78
000002182012112 00000218 2012 11 06 61 1321 1 17:00 17:59 0107 1 3870 0 _ _ 1 20140729164841 78
000002182012112 00000218 2012 11 09 61 1321 1 17:00 17:59 0107 1 3870 0 _ _ 1 20140729164841 78
000002182012112 00000218 2012 11 11 61 1321 1 17:00 17:59 0107 1 3870 0 _ _ 1 20140729164841 78
000002182012112 00000218 2012 11 16 61 1321 1 17:00 17:59 0107 1 3870 0 _ _ 1 20140729164841 78
000002182012112 00000218 2012 11 18 61 1321 1 17:00 17:59 0107 1 3870 0 _ _ 1 20140729164841 78
000002182012112 00000218 2012 11 23 61 1321 1 17:00 17:59 0107 1 3870 0 _ _ 1 20140729164841 78
000002182012112 00000218 2012 11 25 61 1321 1 17:00 17:59 0107 1 3870 0 _ _ 1 20140729164841 78
000002182012112 00000218 2012 11 27 61 1321 1 17:00 17:59 0107 1 3870 0 _ _ 1 20140729164841 78
000002182012113 00000218 2012 11 01 67 1007 1 _ _ 0221 1 300 0 _ _ 1 20140729164841 78
000002182012114 00000218 2012 11 01 67 1009 1 _ _ 0221 1 500 0 _ _ 1 20140729164841 78
000002182012121 00000218 2012 12 18 61 1321 1 17:00 17:59 0107 1 3870 0 _ _ 1 20140729170430 78
000002182012121 00000218 2012 12 23 61 1321 1 17:00 17:59 0107 1 3870 0 _ _ 1 20140729170430 78
000002182012121 00000218 2012 12 28 61 1321 1 17:00 17:59 0107 1 3870 0 _ _ 1 20140729170430 78
000002182012121 00000218 2012 12 30 61 1321 1 17:00 17:59 0107 1 3870 0 _ _ 1 20140729170430 78
000002182012122 00000218 2012 12 01 67 1007 1 _ _ 0221 1 300 0 _ _ 1 20140729170430 78
000002182012123 00000218 2012 12 01 67 1009 1 _ _ 0221 1 500 0 _ _ 1 20140729170430 78
000002182013011 00000218 2013 01 04 61 1321 1 17:00 17:59 0107 1 3870 0 _ _ 1 20140709135800 78
000002182013011 00000218 2013 01 06 61 1321 1 17:00 17:59 0107 1 3870 0 _ _ 1 20140709135800 78
000002182013011 00000218 2013 01 08 61 1321 1 17:00 17:59 0107 1 3870 0 _ _ 1 20140709135800 78
000002182013011 00000218 2013 01 11 61 1321 1 17:00 17:59 0107 1 3870 0 _ _ 1 20140709135800 78
000002182013011 00000218 2013 01 13 61 1321 1 17:00 17:59 0107 1 3870 0 _ _ 1 20140709135800 78
000002182013011 00000218 2013 01 15 61 1321 1 17:00 17:59 0107 1 3870 0 _ _ 1 20140709135800 78
000002182013011 00000218 2013 01 20 61 1321 1 17:00 17:59 0107 1 3870 0 _ _ 1 20140709135800 78
000002182013011 00000218 2013 01 22 61 1321 1 17:00 17:59 0107 1 3870 0 _ _ 1 20140709135800 78
000002182013011 00000218 2013 01 25 61 1321 1 17:00 17:59 0107 1 3870 0 _ _ 1 20140709135800 78
000002182013011 00000218 2013 01 27 61 1321 1 17:00 17:59 0107 1 3870 0 _ _ 1 20140709135800 78
000002182013011 00000218 2013 01 29 61 1321 1 17:00 17:59 0107 1 3870 0 _ _ 1 20140709135800 78
000002182013012 00000218 2013 01 01 67 1007 1 _ _ 0221 1 300 0 _ _ 1 20140709135800 78
000002182013013 00000218 2013 01 01 67 1009 1 _ _ 0221 1 500 0 _ _ 1 20140709135800 78
000002182013021 00000218 2013 02 03 61 1321 1 17:00 17:59 0107 1 3870 0 _ _ 1 20140709140429 78
000002182013021 00000218 2013 02 08 61 1321 1 17:00 17:59 0107 1 3870 0 _ _ 1 20140709140429 78
000002182013021 00000218 2013 02 10 61 1321 1 17:00 17:59 0107 1 3870 0 _ _ 1 20140709140429 78
000002182013021 00000218 2013 02 12 61 1321 1 17:00 17:59 0107 1 3870 0 _ _ 1 20140709140429 78
000002182013021 00000218 2013 02 17 61 1321 1 17:00 17:59 0107 1 3870 0 _ _ 1 20140709140429 78
000002182013021 00000218 2013 02 19 61 1321 1 17:00 17:59 0107 1 3870 0 _ _ 1 20140709140429 78
000002182013021 00000218 2013 02 22 61 1321 1 17:00 17:59 0107 1 3870 0 _ _ 1 20140709140429 78
000002182013021 00000218 2013 02 24 61 1321 1 17:00 17:59 0107 1 3870 0 _ _ 1 20140709140429 78
000002182013021 00000218 2013 02 26 61 1321 1 17:00 17:59 0107 1 3870 0 _ _ 1 20140709140429 78
000002182013022 00000218 2013 02 01 67 1007 1 _ _ 0221 1 300 0 _ _ 1 20140709140429 78
000002182013023 00000218 2013 02 01 67 1009 1 _ _ 0221 1 500 0 _ _ 1 20140709140429 78
000002182013031 00000218 2013 03 01 61 1321 1 17:00 17:59 0107 1 3870 0 _ _ 1 20140709141114 78
000002182013031 00000218 2013 03 03 61 1321 1 17:00 17:59 0107 1 3870 0 _ _ 1 20140709141114 78
000002182013031 00000218 2013 03 05 61 1321 1 17:00 17:59 0107 1 3870 0 _ _ 1 20140709141114 78
000002182013031 00000218 2013 03 10 61 1321 1 17:00 17:59 0107 1 3870 0 _ _ 1 20140709141114 78
000002182013031 00000218 2013 03 12 61 1321 1 17:00 17:59 0107 1 3870 0 _ _ 1 20140709141114 78
000002182013031 00000218 2013 03 17 61 1321 1 17:00 17:59 0107 1 3870 0 _ _ 1 20140709141114 78
000002182013031 00000218 2013 03 19 61 1321 1 17:00 17:59 0107 1 3870 0 _ _ 1 20140709141114 78
000002182013031 00000218 2013 03 24 61 1321 1 17:00 17:59 0107 1 3870 0 _ _ 1 20140709141114 78
000002182013031 00000218 2013 03 26 61 1321 1 17:00 17:59 0107 1 3870 0 _ _ 1 20140709141114 78
000002182013031 00000218 2013 03 29 61 1321 1 17:00 17:59 0107 1 3870 0 _ _ 1 20140709141114 78
000002182013031 00000218 2013 03 31 61 1321 1 17:00 17:59 0107 1 3870 0 _ _ 1 20140709141114 78
000002182013032 00000218 2013 03 01 67 1007 1 _ _ 0221 1 300 0 _ _ 1 20140709141114 78
000002182013033 00000218 2013 03 01 67 1009 1 _ _ 0221 1 500 0 _ _ 1 20140709141114 78
000002182013041 00000218 2013 04 02 61 1321 1 17:00 17:59 0107 1 3870 0 _ _ 1 20140709141726 78
000002182013041 00000218 2013 04 05 61 1321 1 17:00 17:59 0107 1 3870 0 _ _ 1 20140709141726 78
000002182013041 00000218 2013 04 07 61 1321 1 17:00 17:59 0107 1 3870 0 _ _ 1 20140709141726 78
000002182013041 00000218 2013 04 09 61 1321 1 17:00 17:59 0107 1 3870 0 _ _ 1 20140709141726 78
000002182013041 00000218 2013 04 12 61 1321 1 17:00 17:59 0107 1 3870 0 _ _ 1 20140709141726 78
000002182013041 00000218 2013 04 14 61 1321 1 17:00 17:59 0107 1 3870 0 _ _ 1 20140709141726 78
000002182013041 00000218 2013 04 16 61 1321 1 17:00 17:59 0107 1 3870 0 _ _ 1 20140709141726 78
000002182013041 00000218 2013 04 19 61 1321 1 17:00 17:59 0107 1 3870 0 _ _ 1 20140709141726 78
000002182013041 00000218 2013 04 21 61 1321 1 17:00 17:59 0107 1 3870 0 _ _ 1 20140709141726 78
000002182013041 00000218 2013 04 23 61 1321 1 17:00 17:59 0107 1 3870 0 _ _ 1 20140709141726 78
000002182013041 00000218 2013 04 26 61 1321 1 17:00 17:59 0107 1 3870 0 _ _ 1 20140709141726 78
000002182013041 00000218 2013 04 28 61 1321 1 17:00 17:59 0107 1 3870 0 _ _ 1 20140709141726 78
000002182013041 00000218 2013 04 30 61 1321 1 17:00 17:59 0107 1 3870 0 _ _ 1 20140709141726 78
000002182013042 00000218 2013 04 01 67 1007 1 _ _ 0221 1 300 0 _ _ 1 20140709141726 78
000002182013043 00000218 2013 04 01 67 1009 1 _ _ 0221 1 500 0 _ _ 1 20140709141726 78
000002182013051 00000218 2013 05 03 61 1321 1 17:00 17:59 0107 1 3870 0 _ _ 1 20140709142209 78
000002182013051 00000218 2013 05 05 61 1321 1 17:00 17:59 0107 1 3870 0 _ _ 1 20140709142209 78
000002182013051 00000218 2013 05 07 61 1321 1 17:00 17:59 0107 1 3870 0 _ _ 1 20140709142209 78
000002182013051 00000218 2013 05 10 61 1321 1 17:00 17:59 0107 1 3870 0 _ _ 1 20140709142209 78
000002182013051 00000218 2013 05 12 61 1321 1 17:00 17:59 0107 1 3870 0 _ _ 1 20140709142209 78
000002182013051 00000218 2013 05 14 61 1321 1 17:00 17:59 0107 1 3870 0 _ _ 1 20140709142209 78
000002182013051 00000218 2013 05 17 61 1321 1 17:00 17:59 0107 1 3870 0 _ _ 1 20140709142209 78
000002182013051 00000218 2013 05 19 61 1321 1 17:00 17:59 0107 1 3870 0 _ _ 1 20140709142209 78
000002182013051 00000218 2013 05 21 61 1321 1 17:00 17:59 0107 1 3870 0 _ _ 1 20140709142209 78
000002182013051 00000218 2013 05 24 61 1321 1 17:00 17:59 0107 1 3870 0 _ _ 1 20140709142209 78
000002182013051 00000218 2013 05 26 61 1321 1 17:00 17:59 0107 1 3870 0 _ _ 1 20140709142209 78
000002182013051 00000218 2013 05 28 61 1321 1 17:00 17:59 0107 1 3870 0 _ _ 1 20140709142209 78
000002182013051 00000218 2013 05 31 61 1321 1 17:00 17:59 0107 1 3870 0 _ _ 1 20140709142209 78
000002182013052 00000218 2013 05 01 67 1007 1 _ _ 0221 1 300 0 _ _ 1 20140709142209 78
000002182013053 00000218 2013 05 01 67 1009 1 _ _ 0221 1 500 0 _ _ 1 20140709142209 78
000002182013061 00000218 2013 06 02 61 1321 1 17:00 17:59 0107 1 3870 0 _ _ 1 20140709142852 78
000002182013061 00000218 2013 06 04 61 1321 1 17:00 17:59 0107 1 3870 0 _ _ 1 20140709142852 78
000002182013061 00000218 2013 06 07 61 1321 1 17:00 17:59 0107 1 3870 0 _ _ 1 20140709142852 78
000002182013061 00000218 2013 06 09 61 1321 1 17:00 17:59 0107 1 3870 0 _ _ 1 20140709142852 78
000002182013061 00000218 2013 06 11 61 1321 1 17:00 17:59 0107 1 3870 0 _ _ 1 20140709142852 78
000002182013061 00000218 2013 06 14 61 1321 1 17:00 17:59 0107 1 3870 0 _ _ 1 20140709142852 78
000002182013061 00000218 2013 06 16 61 1321 1 17:00 17:59 0107 1 3870 0 _ _ 1 20140709142852 78
000002182013061 00000218 2013 06 21 61 1321 1 17:00 17:59 0107 1 3870 0 _ _ 1 20140709142852 78
000002182013061 00000218 2013 06 23 61 1321 1 17:00 17:59 0107 1 3870 0 _ _ 1 20140709142852 78
000002182013061 00000218 2013 06 25 61 1321 1 17:00 17:59 0107 1 3870 0 _ _ 1 20140709142852 78
000002182013061 00000218 2013 06 28 61 1321 1 17:00 17:59 0107 1 3870 0 _ _ 1 20140709142852 78
000002182013061 00000218 2013 06 30 61 1321 1 17:00 17:59 0107 1 3870 0 _ _ 1 20140709142852 78
000002182013062 00000218 2013 06 01 67 1007 1 _ _ 0221 1 300 0 _ _ 1 20140709142852 78
000002182013063 00000218 2013 06 01 67 1009 1 _ _ 0221 1 500 0 _ _ 1 20140709142852 78
000002182013071 00000218 2013 07 02 61 1321 1 17:00 17:59 0107 1 3870 0 _ _ 1 20140709143744 78
000002182013071 00000218 2013 07 05 61 1321 1 17:00 17:59 0107 1 3870 0 _ _ 1 20140709143744 78
000002182013071 00000218 2013 07 07 61 1321 1 17:00 17:59 0107 1 3870 0 _ _ 1 20140709143744 78
000002182013071 00000218 2013 07 09 61 1321 1 17:00 17:59 0107 1 3870 0 _ _ 1 20140709143744 78
000002182013071 00000218 2013 07 13 61 1321 1 17:00 17:59 0107 1 3870 0 _ _ 1 20140709143744 78
000002182013071 00000218 2013 07 14 61 1321 1 17:00 17:59 0107 1 3870 0 _ _ 1 20140709143744 78
000002182013071 00000218 2013 07 16 61 1321 1 17:00 17:59 0107 1 3870 0 _ _ 1 20140709143744 78
000002182013071 00000218 2013 07 19 61 1321 1 17:00 17:59 0107 1 3870 0 _ _ 1 20140709143744 78
000002182013071 00000218 2013 07 21 61 1321 1 17:00 17:59 0107 1 3870 0 _ _ 1 20140709143744 78
000002182013071 00000218 2013 07 23 61 1321 1 17:00 17:59 0107 1 3870 0 _ _ 1 20140709143744 78
000002182013071 00000218 2013 07 26 61 1321 1 17:00 17:59 0107 1 3870 0 _ _ 1 20140709143744 78
000002182013071 00000218 2013 07 28 61 1321 1 17:00 17:59 0107 1 3870 0 _ _ 1 20140709143744 78
000002182013071 00000218 2013 07 30 61 1321 1 17:00 17:59 0107 1 3870 0 _ _ 1 20140709143744 78
000002182013072 00000218 2013 07 01 67 1007 1 _ _ 0221 1 300 0 _ _ 1 20140709143744 78
000002182013073 00000218 2013 07 01 67 1009 1 _ _ 0221 1 500 0 _ _ 1 20140709143744 78
000002182013081 00000218 2013 08 02 61 1321 1 17:00 17:59 0107 1 3870 0 _ _ 1 20140709144840 78
000002182013081 00000218 2013 08 04 61 1321 1 17:00 17:59 0107 1 3870 0 _ _ 1 20140709144840 78
000002182013081 00000218 2013 08 06 61 1321 1 17:00 17:59 0107 1 3870 0 _ _ 1 20140709144840 78
000002182013081 00000218 2013 08 09 61 1321 1 17:00 17:59 0107 1 3870 0 _ _ 1 20140709144840 78
000002182013081 00000218 2013 08 11 61 1321 1 17:00 17:59 0107 1 3870 0 _ _ 1 20140709144840 78
000002182013081 00000218 2013 08 13 61 1321 1 17:00 17:59 0107 1 3870 0 _ _ 1 20140709144840 78
000002182013081 00000218 2013 08 16 61 1321 1 17:00 17:59 0107 1 3870 0 _ _ 1 20140709144840 78
000002182013081 00000218 2013 08 18 61 1321 1 17:00 17:59 0107 1 3870 0 _ _ 1 20140709144840 78
000002182013081 00000218 2013 08 20 61 1321 1 17:00 17:59 0107 1 3870 0 _ _ 1 20140709144840 78
000002182013081 00000218 2013 08 23 61 1321 1 17:00 17:59 0107 1 3870 0 _ _ 1 20140709144840 78
000002182013081 00000218 2013 08 25 61 1321 1 17:00 17:59 0107 1 3870 0 _ _ 1 20140709144840 78
000002182013081 00000218 2013 08 27 61 1321 1 17:00 17:59 0107 1 3870 0 _ _ 1 20140709144840 78
000002182013081 00000218 2013 08 30 61 1321 1 17:00 17:59 0107 1 3870 0 _ _ 1 20140709144840 78
000002182013082 00000218 2013 08 01 67 1007 1 _ _ 0221 1 300 0 _ _ 1 20140709144840 78
000002182013083 00000218 2013 08 01 67 1009 1 _ _ 0221 1 500 0 _ _ 1 20140709144840 78
000002182013091 00000218 2013 09 01 61 1321 1 17:00 17:59 0107 1 3870 0 _ _ 1 20140703155329 78
000002182013091 00000218 2013 09 03 61 1321 1 17:00 17:59 0107 1 3870 0 _ _ 1 20140703155329 78
000002182013091 00000218 2013 09 06 61 1321 1 17:00 17:59 0107 1 3870 0 _ _ 1 20140703155329 78
000002182013091 00000218 2013 09 08 61 1321 1 17:00 17:59 0107 1 3870 0 _ _ 1 20140703155329 78
000002182013091 00000218 2013 09 10 61 1321 1 17:00 17:59 0107 1 3870 0 _ _ 1 20140703155329 78
000002182013091 00000218 2013 09 14 61 1321 1 17:00 17:59 0107 1 3870 0 _ _ 1 20140703155329 78
000002182013091 00000218 2013 09 15 61 1321 1 17:00 17:59 0107 1 3870 0 _ _ 1 20140703155329 78
000002182013091 00000218 2013 09 17 61 1321 1 17:00 17:59 0107 1 3870 0 _ _ 1 20140703155329 78
000002182013091 00000218 2013 09 20 61 1321 1 17:00 17:59 0107 1 3870 0 _ _ 1 20140703155329 78
000002182013091 00000218 2013 09 22 61 1321 1 17:00 17:59 0107 1 3870 0 _ _ 1 20140703155329 78
000002182013091 00000218 2013 09 24 61 1321 1 17:00 17:59 0107 1 3870 0 _ _ 1 20140703155329 78
000002182013091 00000218 2013 09 27 61 1321 1 17:00 17:59 0107 1 3870 0 _ _ 1 20140703155329 78
000002182013091 00000218 2013 09 29 61 1321 1 17:00 17:59 0107 1 3870 0 _ _ 1 20140703155329 78
000002182013092 00000218 2013 09 01 67 1007 1 _ _ 0221 1 300 0 _ _ 1 20140703155329 78
000002182013093 00000218 2013 09 01 67 1009 1 _ _ 0221 1 500 0 _ _ 1 20140703155329 78
000002182013101 00000218 2013 10 01 61 1321 1 17:00 17:59 0107 1 3870 0 _ _ 1 20140703155852 78
000002182013101 00000218 2013 10 04 61 1321 1 17:00 17:59 0107 1 3870 0 _ _ 1 20140703155852 78
000002182013101 00000218 2013 10 06 61 1321 1 17:00 17:59 0107 1 3870 0 _ _ 1 20140703155852 78
000002182013101 00000218 2013 10 08 61 1321 1 17:00 17:59 0107 1 3870 0 _ _ 1 20140703155852 78
000002182013101 00000218 2013 10 11 61 1321 1 17:00 17:59 0107 1 3870 0 _ _ 1 20140703155852 78
000002182013101 00000218 2013 10 13 61 1321 1 17:00 17:59 0107 1 3870 0 _ _ 1 20140703155852 78
000002182013101 00000218 2013 10 15 61 1321 1 17:00 17:59 0107 1 3870 0 _ _ 1 20140703155852 78
000002182013101 00000218 2013 10 18 61 1321 1 17:00 17:59 0107 1 3870 0 _ _ 1 20140703155852 78
000002182013101 00000218 2013 10 20 61 1321 1 17:00 17:59 0107 1 3870 0 _ _ 1 20140703155852 78
000002182013101 00000218 2013 10 22 61 1321 1 17:00 17:59 0107 1 3870 0 _ _ 1 20140703155852 78
000002182013101 00000218 2013 10 27 61 1321 1 17:00 17:59 0107 1 3870 0 _ _ 1 20140703155852 78
000002182013101 00000218 2013 10 29 61 1321 1 17:00 17:59 0107 1 3870 0 _ _ 1 20140703155852 78
000002182013102 00000218 2013 10 01 67 1007 1 _ _ 0221 1 300 0 _ _ 1 20140703155852 78
000002182013103 00000218 2013 10 01 67 1009 1 _ _ 0221 1 500 0 _ _ 1 20140703155852 78
000002182013111 00000218 2013 11 01 61 1321 1 17:00 17:59 0107 1 3870 0 _ _ 1 20140703160309 78
000002182013111 00000218 2013 11 03 61 1321 1 17:00 17:59 0107 1 3870 0 _ _ 1 20140703160309 78
000002182013111 00000218 2013 11 05 61 1321 1 17:00 17:59 0107 1 3870 0 _ _ 1 20140703160309 78
000002182013111 00000218 2013 11 08 61 1321 1 17:00 17:59 0107 1 3870 0 _ _ 1 20140703160309 78
000002182013111 00000218 2013 11 10 61 1321 1 17:00 17:59 0107 1 3870 0 _ _ 1 20140703160309 78
000002182013111 00000218 2013 11 12 61 1321 1 17:00 17:59 0107 1 3870 0 _ _ 1 20140703160309 78
000002182013111 00000218 2013 11 15 61 1321 1 17:00 17:59 0107 1 3870 0 _ _ 1 20140703160309 78
000002182013111 00000218 2013 11 17 61 1321 1 17:00 17:59 0107 1 3870 0 _ _ 1 20140703160309 78
000002182013111 00000218 2013 11 19 61 1321 1 17:00 17:59 0107 1 3870 0 _ _ 1 20140703160309 78
000002182013111 00000218 2013 11 22 61 1321 1 17:00 17:59 0107 1 3870 0 _ _ 1 20140703160309 78
000002182013111 00000218 2013 11 24 61 1321 1 17:00 17:59 0107 1 3870 0 _ _ 1 20140703160309 78
000002182013111 00000218 2013 11 26 61 1321 1 17:00 17:59 0107 1 3870 0 _ _ 1 20140703160309 78
000002182013111 00000218 2013 11 29 61 1321 1 17:00 17:59 0107 1 3870 0 _ _ 1 20140703160309 78
000002182013112 00000218 2013 11 01 67 1007 1 _ _ 0221 1 300 0 _ _ 1 20140703160309 78
000002182013113 00000218 2013 11 01 67 1009 1 _ _ 0221 1 500 0 _ _ 1 20140703160309 78
000002182013121 00000218 2013 12 01 61 1321 1 17:00 17:59 0107 1 3870 0 _ _ 1 20140703160800 78
000002182013121 00000218 2013 12 03 61 1321 1 17:00 17:59 0107 1 3870 0 _ _ 1 20140703160800 78
000002182013121 00000218 2013 12 06 61 1321 1 17:00 17:59 0107 1 3870 0 _ _ 1 20140703160800 78
000002182013121 00000218 2013 12 08 61 1321 1 17:00 17:59 0107 1 3870 0 _ _ 1 20140703160800 78
000002182013121 00000218 2013 12 10 61 1321 1 17:00 17:59 0107 1 3870 0 _ _ 1 20140703160800 78
000002182013121 00000218 2013 12 13 61 1321 1 17:00 17:59 0107 1 3870 0 _ _ 1 20140703160800 78
000002182013121 00000218 2013 12 15 61 1321 1 17:00 17:59 0107 1 3870 0 _ _ 1 20140703160800 78
000002182013121 00000218 2013 12 17 61 1321 1 17:00 17:59 0107 1 3870 0 _ _ 1 20140703160800 78
000002182013121 00000218 2013 12 20 61 1321 1 17:00 17:59 0107 1 3870 0 _ _ 1 20140703160800 78
000002182013121 00000218 2013 12 22 61 1321 1 17:00 17:59 0107 1 3870 0 _ _ 1 20140703160800 78
000002182013121 00000218 2013 12 24 61 1321 1 17:00 17:59 0107 1 3870 0 _ _ 1 20140703160800 78
000002182013121 00000218 2013 12 27 61 1321 1 17:00 17:59 0107 1 3870 0 _ _ 1 20140703160800 78
000002182013121 00000218 2013 12 29 61 1321 1 17:00 17:59 0107 1 3870 0 _ _ 1 20140703160800 78
000002182013121 00000218 2013 12 31 61 1321 1 17:00 17:59 0107 1 3870 0 _ _ 1 20140703160800 78
000002182013122 00000218 2013 12 01 67 1007 1 _ _ 0221 1 300 0 _ _ 1 20140703160800 78
000002182013123 00000218 2013 12 01 67 1009 1 _ _ 0221 1 500 0 _ _ 1 20140703160800 78
000002182014011 00000218 2014 01 05 61 1321 1 15:20 16:20 0107 1 3870 0 _ _ 1 20140619153418 78
000002182014011 00000218 2014 01 08 61 1321 1 15:20 16:20 0107 1 3870 0 _ _ 1 20140619153418 78
000002182014011 00000218 2014 01 12 61 1321 1 15:20 16:20 0107 1 3870 0 _ _ 1 20140619153418 78
000002182014011 00000218 2014 01 18 61 1321 1 15:20 16:20 0107 1 3870 0 _ _ 1 20140619153418 78
000002182014011 00000218 2014 01 19 61 1321 1 15:20 16:20 0107 1 3870 0 _ _ 1 20140619153418 78
000002182014011 00000218 2014 01 22 61 1321 1 15:20 16:20 0107 1 3870 0 _ _ 1 20140619153418 78
000002182014011 00000218 2014 01 25 61 1321 1 15:20 16:20 0107 1 3870 0 _ _ 1 20140619153418 78
000002182014011 00000218 2014 01 26 61 1321 1 15:20 16:20 0107 1 3870 0 _ _ 1 20140619153418 78
000002182014011 00000218 2014 01 29 61 1321 1 15:20 16:20 0107 1 3870 0 _ _ 1 20140619153418 78
000002182014012 00000218 2014 01 01 67 1007 1 _ _ 0221 1 300 0 _ _ 1 20140619153418 78
000002182014013 00000218 2014 01 01 67 1009 1 _ _ 0221 1 500 0 _ _ 1 20140619153418 78
000002182014021 00000218 2014 02 01 61 1321 1 15:20 16:20 0107 1 3870 0 _ _ 1 20140619154128 78
000002182014021 00000218 2014 02 02 61 1321 1 15:20 16:20 0107 1 3870 0 _ _ 1 20140619154128 78
000002182014021 00000218 2014 02 05 61 1321 1 15:20 16:20 0107 1 3870 0 _ _ 1 20140619154128 78
000002182014021 00000218 2014 02 09 61 1321 1 15:20 16:20 0107 1 3870 0 _ _ 1 20140619154128 78
000002182014021 00000218 2014 02 12 61 1321 1 15:20 16:20 0107 1 3870 0 _ _ 1 20140619154128 78
000002182014021 00000218 2014 02 15 61 1321 1 15:20 16:20 0107 1 3870 0 _ _ 1 20140619154128 78
000002182014021 00000218 2014 02 16 61 1321 1 15:20 16:20 0107 1 3870 0 _ _ 1 20140619154128 78
000002182014021 00000218 2014 02 19 61 1321 1 15:20 16:20 0107 1 3870 0 _ _ 1 20140619154128 78
000002182014021 00000218 2014 02 22 61 1321 1 15:20 16:20 0107 1 3870 0 _ _ 1 20140619154128 78
000002182014021 00000218 2014 02 23 61 1321 1 15:20 16:20 0107 1 3870 0 _ _ 1 20140619154128 78
000002182014021 00000218 2014 02 26 61 1321 1 15:20 16:20 0107 1 3870 0 _ _ 1 20140619154128 78
000002182014022 00000218 2014 02 01 67 1007 1 _ _ 0221 1 300 0 _ _ 1 20140619154128 78
000002182014023 00000218 2014 02 01 67 1009 1 _ _ 0221 1 500 0 _ _ 1 20140619154128 78
000002182014031 00000218 2014 03 01 61 1321 1 15:20 16:20 0107 1 3870 0 _ _ 1 20140619154740 78
000002182014031 00000218 2014 03 02 61 1321 1 15:20 16:20 0107 1 3870 0 _ _ 1 20140619154740 78
000002182014031 00000218 2014 03 05 61 1321 1 15:20 16:20 0107 1 3870 0 _ _ 1 20140619154740 78
000002182014031 00000218 2014 03 08 61 1321 1 15:20 16:20 0107 1 3870 0 _ _ 1 20140619154740 78
000002182014031 00000218 2014 03 09 61 1321 1 15:20 16:20 0107 1 3870 0 _ _ 1 20140619154740 78
000002182014031 00000218 2014 03 12 61 1321 1 15:20 16:20 0107 1 3870 0 _ _ 1 20140619154740 78
000002182014031 00000218 2014 03 15 61 1321 1 15:20 16:20 0107 1 3870 0 _ _ 1 20140619154740 78
000002182014031 00000218 2014 03 16 61 1321 1 15:20 16:20 0107 1 3870 0 _ _ 1 20140619154740 78
000002182014031 00000218 2014 03 19 61 1321 1 15:20 16:20 0107 1 3870 0 _ _ 1 20140619154740 78
000002182014031 00000218 2014 03 22 61 1321 1 15:20 16:20 0107 1 3870 0 _ _ 1 20140619154740 78
000002182014031 00000218 2014 03 23 61 1321 1 15:20 16:20 0107 1 3870 0 _ _ 1 20140619154740 78
000002182014031 00000218 2014 03 26 61 1321 1 15:20 16:20 0107 1 3870 0 _ _ 1 20140619154740 78
000002182014031 00000218 2014 03 29 61 1321 1 15:20 16:20 0107 1 3870 0 _ _ 1 20140619154740 78
000002182014031 00000218 2014 03 30 61 1321 1 15:20 16:20 0107 1 3870 0 _ _ 1 20140619154740 78
000002182014032 00000218 2014 03 01 67 1007 1 _ _ 0221 1 300 0 _ _ 1 20140619154740 78
000002182014033 00000218 2014 03 01 67 1009 1 _ _ 0221 1 500 0 _ _ 1 20140619154740 78
000002182014041 00000218 2014 04 02 61 1321 1 15:20 16:20 0107 1 3889 0 _ _ 1 20140619155204 78
000002182014041 00000218 2014 04 05 61 1321 1 15:20 16:20 0107 1 3889 0 _ _ 1 20140619155204 78
000002182014041 00000218 2014 04 06 61 1321 1 15:20 16:20 0107 1 3889 0 _ _ 1 20140619155204 78
000002182014041 00000218 2014 04 09 61 1321 1 15:20 16:20 0107 1 3889 0 _ _ 1 20140619155204 78
000002182014041 00000218 2014 04 12 61 1321 1 15:20 16:20 0107 1 3889 0 _ _ 1 20140619155204 78
000002182014041 00000218 2014 04 13 61 1321 1 15:20 16:20 0107 1 3889 0 _ _ 1 20140619155204 78
000002182014041 00000218 2014 04 16 61 1321 1 15:20 16:20 0107 1 3889 0 _ _ 1 20140619155204 78
000002182014041 00000218 2014 04 19 61 1321 1 15:20 16:20 0107 1 3889 0 _ _ 1 20140619155204 78
000002182014041 00000218 2014 04 20 61 1321 1 15:20 16:20 0107 1 3889 0 _ _ 1 20140619155204 78
000002182014041 00000218 2014 04 23 61 1321 1 15:20 16:20 0107 1 3889 0 _ _ 1 20140619155204 78
000002182014041 00000218 2014 04 26 61 1321 1 15:20 16:20 0107 1 3889 0 _ _ 1 20140619155204 78
000002182014041 00000218 2014 04 27 61 1321 1 15:20 16:20 0107 1 3889 0 _ _ 1 20140619155204 78
000002182014041 00000218 2014 04 30 61 1321 1 15:20 16:20 0107 1 3889 0 _ _ 1 20140619155204 78
000002182014042 00000218 2014 04 01 67 1007 1 _ _ 0221 1 300 0 _ _ 1 20140619155204 78
000002182014043 00000218 2014 04 01 67 1009 1 _ _ 0221 1 500 0 _ _ 1 20140619155204 78
000002182014051 00000218 2014 05 03 61 1321 1 15:20 16:20 0107 1 3889 0 _ _ 1 20140819111415 78
000002182014051 00000218 2014 05 04 61 1321 1 15:20 16:20 0107 1 3889 0 _ _ 1 20140819111415 78
000002182014051 00000218 2014 05 07 61 1321 1 15:20 16:20 0107 1 3889 0 _ _ 1 20140819111415 78
000002182014051 00000218 2014 05 10 61 1321 1 15:20 16:20 0107 1 3889 0 _ _ 1 20140819111415 78
000002182014051 00000218 2014 05 14 61 1321 1 15:20 16:20 0107 1 3889 0 _ _ 1 20140819111415 78
000002182014051 00000218 2014 05 17 61 1321 1 15:20 16:20 0107 1 3889 0 _ _ 1 20140819111415 78
000002182014051 00000218 2014 05 18 61 1321 1 15:20 16:20 0107 1 3889 0 _ _ 1 20140819111415 78
000002182014051 00000218 2014 05 21 61 1321 1 15:20 16:20 0107 1 3889 0 _ _ 1 20140819111415 78
000002182014051 00000218 2014 05 24 61 1321 1 15:20 16:20 0107 1 3889 0 _ _ 1 20140819111415 78
000002182014051 00000218 2014 05 25 61 1321 1 15:20 16:20 0107 1 3889 0 _ _ 1 20140819111415 78
000002182014051 00000218 2014 05 28 61 1321 1 15:20 16:20 0107 1 3889 0 _ _ 1 20140819111415 78
000002182014051 00000218 2014 05 31 61 1321 1 15:20 16:20 0107 1 3889 0 _ _ 1 20140819111415 78
000002182014052 00000218 2014 05 01 67 1007 1 _ _ 0221 1 300 0 _ _ 1 20140819111415 78
000002182014053 00000218 2014 05 01 67 1009 1 _ _ 0221 1 500 0 _ _ 1 20140819111415 78
000002182014061 00000218 2014 06 08 61 1321 1 10:30 11:30 0107 1 3889 0 _ _ 1 20140701174722 39
000002182014061 00000218 2014 06 15 61 1321 1 10:30 11:30 0107 1 3889 0 _ _ 1 20140701174722 39
000002182014061 00000218 2014 06 22 61 1321 1 10:30 11:30 0107 1 3889 0 _ _ 1 20140701174722 39
000002182014061 00000218 2014 06 29 61 1321 1 10:30 11:30 0107 1 3889 0 _ _ 1 20140701174722 39
000002182014062 00000218 2014 06 03 61 1321 1 13:30 14:30 0107 1 3889 0 _ _ 1 20140701174722 39
000002182014063 00000218 2014 06 04 61 1321 1 15:20 16:20 0107 1 3889 0 _ _ 1 20140701174722 39
000002182014063 00000218 2014 06 11 61 1321 1 15:20 16:20 0107 1 3889 0 _ _ 1 20140701174722 39
000002182014063 00000218 2014 06 14 61 1321 1 15:20 16:20 0107 1 3889 0 _ _ 1 20140701174722 39
000002182014063 00000218 2014 06 18 61 1321 1 15:20 16:20 0107 1 3889 0 _ _ 1 20140701174722 39
000002182014063 00000218 2014 06 25 61 1321 1 15:20 16:20 0107 1 3889 0 _ _ 1 20140701174722 39
000002182014064 00000218 2014 06 07 61 1321 1 15:30 16:30 0107 1 3889 0 _ _ 1 20140701174722 39
000002182014065 00000218 2014 06 21 61 1321 1 16:20 17:20 0107 1 3889 0 _ _ 1 20140701174722 39
000002182014066 00000218 2014 06 01 67 1007 1 _ _ 0221 1 300 0 _ _ 1 20140701174722 39
000002182014067 00000218 2014 06 01 67 1009 1 _ _ 0221 1 500 0 _ _ 1 20140701174722 39
000002182014071 00000218 2014 07 06 61 1321 1 09:30 10:29 0107 1 3889 0 _ _ 1 20140802130243 39
000002182014072 00000218 2014 07 13 61 1321 1 10:30 11:29 0107 1 3889 0 _ _ 1 20140802130243 39
000002182014072 00000218 2014 07 20 61 1321 1 10:30 11:29 0107 1 3889 0 _ _ 1 20140802130243 39
000002182014072 00000218 2014 07 27 61 1321 1 10:30 11:29 0107 1 3889 0 _ _ 1 20140802130243 39
000002182014073 00000218 2014 07 02 61 1321 1 15:20 16:19 0107 1 3889 0 _ _ 1 20140802130243 39
000002182014073 00000218 2014 07 05 61 1321 1 15:20 16:19 0107 1 3889 0 _ _ 1 20140802130243 39
000002182014073 00000218 2014 07 09 61 1321 1 15:20 16:19 0107 1 3889 0 _ _ 1 20140802130243 39
000002182014073 00000218 2014 07 12 61 1321 1 15:20 16:19 0107 1 3889 0 _ _ 1 20140802130243 39
000002182014073 00000218 2014 07 16 61 1321 1 15:20 16:19 0107 1 3889 0 _ _ 1 20140802130243 39
000002182014073 00000218 2014 07 19 61 1321 1 15:20 16:19 0107 1 3889 0 _ _ 1 20140802130243 39
000002182014073 00000218 2014 07 23 61 1321 1 15:20 16:19 0107 1 3889 0 _ _ 1 20140802130243 39
000002182014073 00000218 2014 07 26 61 1321 1 15:20 16:19 0107 1 3889 0 _ _ 1 20140802130243 39
000002182014073 00000218 2014 07 30 61 1321 1 15:20 16:19 0107 1 3889 0 _ _ 1 20140802130243 39
000002182014074 00000218 2014 07 01 67 1007 1 _ _ 0221 1 300 0 _ _ 1 20140802130243 39
000002182014075 00000218 2014 07 01 67 1009 1 _ _ 0221 1 500 0 _ _ 1 20140802130243 39
000002182014081 00000218 2014 08 03 61 1321 1 10:30 11:29 0107 1 3889 0 _ _ 1 20140901132146 39
000002182014081 00000218 2014 08 10 61 1321 1 10:30 11:29 0107 1 3889 0 _ _ 1 20140901132146 39
000002182014081 00000218 2014 08 31 61 1321 1 10:30 11:29 0107 1 3889 0 _ _ 1 20140901132146 39
000002182014082 00000218 2014 08 02 61 1321 1 15:20 16:19 0107 1 3889 0 _ _ 1 20140901132146 39
000002182014082 00000218 2014 08 06 61 1321 1 15:20 16:19 0107 1 3889 0 _ _ 1 20140901132146 39
000002182014082 00000218 2014 08 09 61 1321 1 15:20 16:19 0107 1 3889 0 _ _ 1 20140901132146 39
000002182014082 00000218 2014 08 30 61 1321 1 15:20 16:19 0107 1 3889 0 _ _ 1 20140901132146 39
000002182014083 00000218 2014 08 01 67 1007 1 _ _ 0221 1 300 0 _ _ 1 20140901132146 39
000002182014084 00000218 2014 08 01 67 1009 1 _ _ 0221 1 500 0 _ _ 1 20140901132146 39
000002182014091 00000218 2014 09 07 61 1321 1 10:30 11:29 0107 1 3889 0 _ _ 1 20141001140007 39
000002182014091 00000218 2014 09 14 61 1321 1 10:30 11:29 0107 1 3889 0 _ _ 1 20141001140007 39
000002182014091 00000218 2014 09 21 61 1321 1 10:30 11:29 0107 1 3889 0 _ _ 1 20141001140007 39
000002182014091 00000218 2014 09 28 61 1321 1 10:30 11:29 0107 1 3889 0 _ _ 1 20141001140007 39
000002182014092 00000218 2014 09 03 61 1321 1 15:20 16:19 0107 1 3889 0 _ _ 1 20141001140007 39
000002182014092 00000218 2014 09 06 61 1321 1 15:20 16:19 0107 1 3889 0 _ _ 1 20141001140007 39
000002182014092 00000218 2014 09 10 61 1321 1 15:20 16:19 0107 1 3889 0 _ _ 1 20141001140007 39
000002182014092 00000218 2014 09 13 61 1321 1 15:20 16:19 0107 1 3889 0 _ _ 1 20141001140007 39
000002182014092 00000218 2014 09 17 61 1321 1 15:20 16:19 0107 1 3889 0 _ _ 1 20141001140007 39
000002182014092 00000218 2014 09 20 61 1321 1 15:20 16:19 0107 1 3889 0 _ _ 1 20141001140007 39
000002182014092 00000218 2014 09 24 61 1321 1 15:20 16:19 0107 1 3889 0 _ _ 1 20141001140007 39
000002182014092 00000218 2014 09 27 61 1321 1 15:20 16:19 0107 1 3889 0 _ _ 1 20141001140007 39
000002182014093 00000218 2014 09 01 67 1007 1 _ _ 0221 1 300 0 _ _ 1 20141001140007 39
000002182014094 00000218 2014 09 01 67 1009 1 _ _ 0221 1 500 0 _ _ 1 20141001140007 39
000002182014101 00000218 2014 10 05 61 1321 1 10:30 11:29 0107 1 3889 0 _ _ 1 20141101110840 39
000002182014101 00000218 2014 10 12 61 1321 1 10:30 11:29 0107 1 3889 0 _ _ 1 20141101110840 39
000002182014101 00000218 2014 10 19 61 1321 1 10:30 11:29 0107 1 3889 0 _ _ 1 20141101110840 39
000002182014101 00000218 2014 10 26 61 1321 1 10:30 11:29 0107 1 3889 0 _ _ 1 20141101110840 39
000002182014102 00000218 2014 10 01 61 1321 1 15:20 16:19 0107 1 3889 0 _ _ 1 20141101110840 39
000002182014102 00000218 2014 10 04 61 1321 1 15:20 16:19 0107 1 3889 0 _ _ 1 20141101110840 39
000002182014102 00000218 2014 10 08 61 1321 1 15:20 16:19 0107 1 3889 0 _ _ 1 20141101110840 39
000002182014102 00000218 2014 10 11 61 1321 1 15:20 16:19 0107 1 3889 0 _ _ 1 20141101110840 39
000002182014102 00000218 2014 10 15 61 1321 1 15:20 16:19 0107 1 3889 0 _ _ 1 20141101110840 39
000002182014102 00000218 2014 10 22 61 1321 1 15:20 16:19 0107 1 3889 0 _ _ 1 20141101110840 39
000002182014102 00000218 2014 10 25 61 1321 1 15:20 16:19 0107 1 3889 0 _ _ 1 20141101110840 39
000002182014102 00000218 2014 10 29 61 1321 1 15:20 16:19 0107 1 3889 0 _ _ 1 20141101110840 39
000002182014103 00000218 2014 10 01 67 1007 1 _ _ 0221 1 300 0 _ _ 1 20141101110840 39
000002182014104 00000218 2014 10 01 67 1009 1 _ _ 0221 1 500 0 _ _ 1 20141101110840 39
000002182014111 00000218 2014 11 02 61 1321 1 10:30 11:29 0107 1 3889 0 _ _ 1 20141202101510 39
000002182014111 00000218 2014 11 09 61 1321 1 10:30 11:29 0107 1 3889 0 _ _ 1 20141202101510 39
000002182014111 00000218 2014 11 16 61 1321 1 10:30 11:29 0107 1 3889 0 _ _ 1 20141202101510 39
000002182014111 00000218 2014 11 23 61 1321 1 10:30 11:29 0107 1 3889 0 _ _ 1 20141202101510 39
000002182014111 00000218 2014 11 30 61 1321 1 10:30 11:29 0107 1 3889 0 _ _ 1 20141202101510 39
000002182014112 00000218 2014 11 01 61 1321 1 15:20 16:19 0107 1 3889 0 _ _ 1 20141202101510 39
000002182014112 00000218 2014 11 05 61 1321 1 15:20 16:19 0107 1 3889 0 _ _ 1 20141202101510 39
000002182014112 00000218 2014 11 08 61 1321 1 15:20 16:19 0107 1 3889 0 _ _ 1 20141202101510 39
000002182014112 00000218 2014 11 12 61 1321 1 15:20 16:19 0107 1 3889 0 _ _ 1 20141202101510 39
000002182014112 00000218 2014 11 19 61 1321 1 15:20 16:19 0107 1 3889 0 _ _ 1 20141202101510 39
000002182014112 00000218 2014 11 22 61 1321 1 15:20 16:19 0107 1 3889 0 _ _ 1 20141202101510 39
000002182014112 00000218 2014 11 26 61 1321 1 15:20 16:19 0107 1 3889 0 _ _ 1 20141202101510 39
000002182014112 00000218 2014 11 29 61 1321 1 15:20 16:19 0107 1 3889 0 _ _ 1 20141202101510 39
000002182014113 00000218 2014 11 15 61 1321 1 15:40 16:39 0107 1 3889 0 _ _ 1 20141202101510 39
000002182014114 00000218 2014 11 01 67 1007 1 _ _ 0221 1 300 0 _ _ 1 20141202101510 39
000002182014115 00000218 2014 11 01 67 1009 1 _ _ 0221 1 500 0 _ _ 1 20141202101510 39
