00000226 2012 09 04 16:00 17:00 61 1211 0107 11.26 1 2440 1 20140730115219 00078
00000226 2012 09 07 16:00 17:00 61 1211 0107 11.26 1 2440 1 20140730115219 00078
00000226 2012 09 11 16:00 17:00 61 1211 0107 11.26 1 2440 1 20140730115219 00078
00000226 2012 09 14 16:00 17:00 61 1211 0107 11.26 1 2440 1 20140730115219 00078
00000226 2012 09 18 16:00 17:00 61 1211 0107 11.26 1 2440 1 20140730115219 00078
00000226 2012 09 21 16:00 17:00 61 1211 0107 11.26 1 2440 1 20140730115219 00078
00000226 2012 09 25 16:00 17:00 61 1211 0107 11.26 1 2440 1 20140730115219 00078
00000226 2012 09 28 16:00 17:00 61 1211 0107 11.26 1 2440 1 20140730115219 00078
00000226 2012 10 02 16:00 17:00 61 1211 0107 11.26 1 2440 1 20140730115646 00078
00000226 2012 10 05 16:00 17:00 61 1211 0107 11.26 1 2440 1 20140730115646 00078
00000226 2012 10 09 16:00 17:00 61 1211 0107 11.26 1 2440 1 20140730115646 00078
00000226 2012 10 12 16:00 17:00 61 1211 0107 11.26 1 2440 1 20140730115646 00078
00000226 2012 10 16 16:00 17:00 61 1211 0107 11.26 1 2440 1 20140730115646 00078
00000226 2012 10 19 16:00 17:00 61 1211 0107 11.26 1 2440 1 20140730115646 00078
00000226 2012 10 23 16:00 17:00 61 1211 0107 11.26 1 2440 1 20140730115646 00078
00000226 2012 10 26 16:00 17:00 61 1211 0107 11.26 1 2440 1 20140730115646 00078
00000226 2012 10 30 16:00 17:00 61 1211 0107 11.26 1 2440 1 20140730115646 00078
00000226 2012 11 02 16:00 17:00 61 1211 0107 11.26 1 2440 1 20140730115919 00078
00000226 2012 11 06 16:00 17:00 61 1211 0107 11.26 1 2440 1 20140730115919 00078
00000226 2012 11 13 16:00 17:00 61 1211 0107 11.26 1 2440 1 20140730115919 00078
00000226 2012 11 20 16:00 17:00 61 1211 0107 11.26 1 2440 1 20140730115919 00078
00000226 2012 11 23 16:00 17:00 61 1211 0107 11.26 1 2440 1 20140730115919 00078
00000226 2012 11 27 16:00 17:00 61 1211 0107 11.26 1 2440 1 20140730115919 00078
00000226 2012 11 30 16:00 17:00 61 1211 0107 11.26 1 2440 1 20140730115919 00078
00000226 2012 12 04 16:00 17:00 61 1211 0107 11.26 1 2440 1 20140730120136 00078
00000226 2012 12 07 16:00 17:00 61 1211 0107 11.26 1 2440 1 20140730120136 00078
00000226 2012 12 11 16:00 17:00 61 1211 0107 11.26 1 2440 1 20140730120136 00078
00000226 2012 12 14 16:00 17:00 61 1211 0107 11.26 1 2440 1 20140730120136 00078
00000226 2012 12 18 16:00 17:00 61 1211 0107 11.26 1 2440 1 20140730120136 00078
00000226 2012 12 21 16:00 17:00 61 1211 0107 11.26 1 2440 1 20140730120136 00078
00000226 2012 12 25 16:00 17:00 61 1211 0107 11.26 1 2440 1 20140730120136 00078
00000226 2012 12 28 16:00 17:00 61 1211 0107 11.26 1 2440 1 20140730120136 00078
00000226 2013 01 01 16:00 16:59 61 1211 0107 11.26 1 2440 1 20140709182648 00078
00000226 2013 01 04 16:00 16:59 61 1211 0107 11.26 1 2440 1 20140709182648 00078
00000226 2013 01 08 16:00 16:59 61 1211 0107 11.26 1 2440 1 20140709182648 00078
00000226 2013 01 11 16:00 16:59 61 1211 0107 11.26 1 2440 1 20140709182648 00078
00000226 2013 01 15 16:00 16:59 61 1211 0107 11.26 1 2440 1 20140709182648 00078
00000226 2013 01 18 16:00 16:59 61 1211 0107 11.26 1 2440 1 20140709182648 00078
00000226 2013 01 22 16:00 16:59 61 1211 0107 11.26 1 2440 1 20140709182648 00078
00000226 2013 01 25 16:00 16:59 61 1211 0107 11.26 1 2440 1 20140709182648 00078
00000226 2013 01 29 16:00 16:59 61 1211 0107 11.26 1 2440 1 20140709182648 00078
00000226 2013 02 01 16:00 16:59 61 1211 0107 11.26 1 2440 1 20140709182857 00078
00000226 2013 02 05 16:00 16:59 61 1211 0107 11.26 1 2440 1 20140709182857 00078
00000226 2013 02 08 16:00 16:59 61 1211 0107 11.26 1 2440 1 20140709182857 00078
00000226 2013 02 12 16:00 16:59 61 1211 0107 11.26 1 2440 1 20140709182857 00078
00000226 2013 02 15 16:00 16:59 61 1211 0107 11.26 1 2440 1 20140709182857 00078
00000226 2013 02 19 16:00 16:59 61 1211 0107 11.26 1 2440 1 20140709182857 00078
00000226 2013 02 22 16:00 16:59 61 1211 0107 11.26 1 2440 1 20140709182857 00078
00000226 2013 02 26 16:00 16:59 61 1211 0107 11.26 1 2440 1 20140709182857 00078
00000226 2013 03 01 16:00 16:59 61 1211 0107 11.26 1 2440 1 20140709183236 00078
00000226 2013 03 05 16:00 16:59 61 1211 0107 11.26 1 2440 1 20140709183236 00078
00000226 2013 03 08 16:00 16:59 61 1211 0107 11.26 1 2440 1 20140709183236 00078
00000226 2013 03 12 16:00 16:59 61 1211 0107 11.26 1 2440 1 20140709183236 00078
00000226 2013 03 15 16:00 16:59 61 1211 0107 11.26 1 2440 1 20140709183236 00078
00000226 2013 03 19 16:00 16:59 61 1211 0107 11.26 1 2440 1 20140709183236 00078
00000226 2013 03 22 16:00 16:59 61 1211 0107 11.26 1 2440 1 20140709183236 00078
00000226 2013 03 26 16:00 16:59 61 1211 0107 11.26 1 2440 1 20140709183236 00078
00000226 2013 03 29 16:00 16:59 61 1211 0107 11.26 1 2440 1 20140709183236 00078
00000226 2013 04 02 15:50 16:49 61 1211 0107 11.26 1 2440 1 20140709183537 00078
00000226 2013 04 05 15:50 16:49 61 1211 0107 11.26 1 2440 1 20140709183537 00078
00000226 2013 04 09 15:50 16:49 61 1211 0107 11.26 1 2440 1 20140709183537 00078
00000226 2013 04 12 15:50 16:49 61 1211 0107 11.26 1 2440 1 20140709183537 00078
00000226 2013 04 16 15:50 16:49 61 1211 0107 11.26 1 2440 1 20140709183537 00078
00000226 2013 04 19 15:50 16:49 61 1211 0107 11.26 1 2440 1 20140709183537 00078
00000226 2013 04 23 15:50 16:49 61 1211 0107 11.26 1 2440 1 20140709183537 00078
00000226 2013 04 26 15:50 16:49 61 1211 0107 11.26 1 2440 1 20140709183537 00078
00000226 2013 04 30 15:50 16:49 61 1211 0107 11.26 1 2440 1 20140709183537 00078
00000226 2013 05 03 15:50 16:49 61 1211 0107 11.26 1 2440 1 20140709183834 00078
00000226 2013 05 07 15:50 16:49 61 1211 0107 11.26 1 2440 1 20140709183834 00078
00000226 2013 05 10 15:50 16:49 61 1211 0107 11.26 1 2440 1 20140709183834 00078
00000226 2013 05 14 15:50 16:49 61 1211 0107 11.26 1 2440 1 20140709183834 00078
00000226 2013 05 17 15:50 16:49 61 1211 0107 11.26 1 2440 1 20140709183834 00078
00000226 2013 05 21 15:50 16:49 61 1211 0107 11.26 1 2440 1 20140709183834 00078
00000226 2013 05 24 15:50 16:49 61 1211 0107 11.26 1 2440 1 20140709183834 00078
00000226 2013 05 28 15:50 16:49 61 1211 0107 11.26 1 2440 1 20140709183834 00078
00000226 2013 05 31 15:50 16:49 61 1211 0107 11.26 1 2440 1 20140709183834 00078
00000226 2013 06 04 15:50 16:49 61 1211 0107 11.26 1 2440 1 20140709184046 00078
00000226 2013 06 07 15:50 16:49 61 1211 0107 11.26 1 2440 1 20140709184046 00078
00000226 2013 06 11 15:50 16:49 61 1211 0107 11.26 1 2440 1 20140709184046 00078
00000226 2013 06 14 15:50 16:49 61 1211 0107 11.26 1 2440 1 20140709184046 00078
00000226 2013 06 18 15:50 16:49 61 1211 0107 11.26 1 2440 1 20140709184046 00078
00000226 2013 06 21 15:50 16:49 61 1211 0107 11.26 1 2440 1 20140709184046 00078
00000226 2013 06 25 15:50 16:49 61 1211 0107 11.26 1 2440 1 20140709184046 00078
00000226 2013 06 28 15:50 16:49 61 1211 0107 11.26 1 2440 1 20140709184046 00078
00000226 2013 07 02 15:50 16:49 61 1211 0107 11.26 1 2440 1 20140709184311 00078
00000226 2013 07 05 15:50 16:49 61 1211 0107 11.26 1 2440 1 20140709184311 00078
00000226 2013 07 09 15:50 16:49 61 1211 0107 11.26 1 2440 1 20140709184311 00078
00000226 2013 07 12 15:50 16:49 61 1211 0107 11.26 1 2440 1 20140709184311 00078
00000226 2013 07 16 15:50 16:49 61 1211 0107 11.26 1 2440 1 20140709184311 00078
00000226 2013 07 19 15:50 16:49 61 1211 0107 11.26 1 2440 1 20140709184311 00078
00000226 2013 07 23 15:50 16:49 61 1211 0107 11.26 1 2440 1 20140709184311 00078
00000226 2013 07 26 15:50 16:49 61 1211 0107 11.26 1 2440 1 20140709184311 00078
00000226 2013 07 30 15:50 16:49 61 1211 0107 11.26 1 2440 1 20140709184311 00078
00000226 2013 08 02 15:50 16:49 61 1211 0107 11.26 1 2440 1 20140709184547 00078
00000226 2013 08 06 15:50 16:49 61 1211 0107 11.26 1 2440 1 20140709184547 00078
00000226 2013 08 09 15:50 16:49 61 1211 0107 11.26 1 2440 1 20140709184547 00078
00000226 2013 08 13 15:50 16:49 61 1211 0107 11.26 1 2440 1 20140709184547 00078
00000226 2013 08 16 15:50 16:49 61 1211 0107 11.26 1 2440 1 20140709184547 00078
00000226 2013 08 20 15:50 16:49 61 1211 0107 11.26 1 2440 1 20140709184547 00078
00000226 2013 08 23 15:50 16:49 61 1211 0107 11.26 1 2440 1 20140709184547 00078
00000226 2013 08 27 15:50 16:49 61 1211 0107 11.26 1 2440 1 20140709184547 00078
00000226 2013 08 30 15:50 16:49 61 1211 0107 11.26 1 2440 1 20140709184547 00078
00000226 2013 09 03 15:50 16:49 61 1211 0107 11.26 1 2440 1 20140808174733 00078
00000226 2013 09 06 15:50 16:49 61 1211 0107 11.26 1 2440 1 20140808174733 00078
00000226 2013 09 10 15:50 16:49 61 1211 0107 11.26 1 2440 1 20140808174733 00078
00000226 2013 09 13 15:50 16:49 61 1211 0107 11.26 1 2440 1 20140808174733 00078
00000226 2013 09 17 15:50 16:49 61 1211 0107 11.26 1 2440 1 20140808174733 00078
00000226 2013 09 20 15:50 16:49 61 1211 0107 11.26 1 2440 1 20140808174733 00078
00000226 2013 09 24 15:50 16:49 61 1211 0107 11.26 1 2440 1 20140808174733 00078
00000226 2013 09 27 15:50 16:49 61 1211 0107 11.26 1 2440 1 20140808174733 00078
00000226 2013 10 01 15:50 16:49 61 1211 0107 11.26 1 2440 1 20140808175022 00078
00000226 2013 10 04 15:50 16:49 61 1211 0107 11.26 1 2440 1 20140808175022 00078
00000226 2013 10 08 15:50 16:49 61 1211 0107 11.26 1 2440 1 20140808175022 00078
00000226 2013 10 11 15:50 16:49 61 1211 0107 11.26 1 2440 1 20140808175022 00078
00000226 2013 10 15 15:50 16:49 61 1211 0107 11.26 1 2440 1 20140808175022 00078
00000226 2013 10 18 15:50 16:49 61 1211 0107 11.26 1 2440 1 20140808175022 00078
00000226 2013 10 22 15:50 16:49 61 1211 0107 11.26 1 2440 1 20140808175022 00078
00000226 2013 10 25 15:50 16:49 61 1211 0107 11.26 1 2440 1 20140808175022 00078
00000226 2013 10 29 15:50 16:49 61 1211 0107 11.26 1 2440 1 20140808175022 00078
00000226 2013 11 01 15:50 16:49 61 1211 0107 11.26 1 2440 1 20140808175240 00078
00000226 2013 11 05 15:50 16:49 61 1211 0107 11.26 1 2440 1 20140808175240 00078
00000226 2013 11 08 15:50 16:49 61 1211 0107 11.26 1 2440 1 20140808175240 00078
00000226 2013 11 12 15:50 16:49 61 1211 0107 11.26 1 2440 1 20140808175240 00078
00000226 2013 11 15 15:50 16:49 61 1211 0107 11.26 1 2440 1 20140808175240 00078
00000226 2013 11 19 15:50 16:49 61 1211 0107 11.26 1 2440 1 20140808175240 00078
00000226 2013 11 22 15:50 16:49 61 1211 0107 11.26 1 2440 1 20140808175240 00078
00000226 2013 11 26 15:50 16:49 61 1211 0107 11.26 1 2440 1 20140808175240 00078
00000226 2013 11 29 15:50 16:49 61 1211 0107 11.26 1 2440 1 20140808175240 00078
00000226 2013 12 03 15:50 16:49 61 1211 0107 11.26 1 2440 1 20140808175449 00078
00000226 2013 12 06 15:50 16:49 61 1211 0107 11.26 1 2440 1 20140808175449 00078
00000226 2013 12 10 15:50 16:49 61 1211 0107 11.26 1 2440 1 20140808175449 00078
00000226 2013 12 13 15:50 16:49 61 1211 0107 11.26 1 2440 1 20140808175449 00078
00000226 2013 12 17 15:50 16:49 61 1211 0107 11.26 1 2440 1 20140808175449 00078
00000226 2013 12 20 15:50 16:49 61 1211 0107 11.26 1 2440 1 20140808175449 00078
00000226 2013 12 24 15:50 16:49 61 1211 0107 11.26 1 2440 1 20140808175449 00078
00000226 2013 12 27 15:50 16:49 61 1211 0107 11.26 1 2440 1 20140808175449 00078
00000226 2013 12 31 15:50 16:49 61 1211 0107 11.26 1 2440 1 20140808175449 00078
00000226 2014 01 03 15:50 16:50 61 1211 0107 11.26 1 2440 1 20140619172925 00078
00000226 2014 01 07 15:50 16:50 61 1211 0107 11.26 1 2440 1 20140619172925 00078
00000226 2014 01 10 15:50 16:50 61 1211 0107 11.26 1 2440 1 20140619172925 00078
00000226 2014 01 14 15:50 16:50 61 1211 0107 11.26 1 2440 1 20140619172925 00078
00000226 2014 01 17 15:50 16:50 61 1211 0107 11.26 1 2440 1 20140619172925 00078
00000226 2014 01 21 15:50 16:50 61 1211 0107 11.26 1 2440 1 20140619172925 00078
00000226 2014 01 24 15:50 16:50 61 1211 0107 11.26 1 2440 1 20140619172925 00078
00000226 2014 01 28 15:50 16:50 61 1211 0107 11.26 1 2440 1 20140619172925 00078
00000226 2014 01 31 15:50 16:50 61 1211 0107 11.26 1 2440 1 20140619172925 00078
00000226 2014 02 04 15:50 16:50 61 1211 0107 11.26 1 2440 1 20140619173117 00078
00000226 2014 02 14 15:50 16:50 61 1211 0107 11.26 1 2440 1 20140619173117 00078
00000226 2014 02 18 15:50 16:50 61 1211 0107 11.26 1 2440 1 20140619173117 00078
00000226 2014 02 21 15:50 16:50 61 1211 0107 11.26 1 2440 1 20140619173117 00078
00000226 2014 02 25 15:50 16:50 61 1211 0107 11.26 1 2440 1 20140619173117 00078
00000226 2014 02 28 15:50 16:50 61 1211 0107 11.26 1 2440 1 20140619173117 00078
00000226 2014 03 04 15:50 16:50 61 1211 0107 11.26 1 2440 1 20140619173351 00078
00000226 2014 03 07 15:50 16:50 61 1211 0107 11.26 1 2440 1 20140619173351 00078
00000226 2014 03 11 15:50 16:50 61 1211 0107 11.26 1 2440 1 20140619173351 00078
00000226 2014 03 14 15:50 16:50 61 1211 0107 11.26 1 2440 1 20140619173351 00078
00000226 2014 03 18 15:50 16:50 61 1211 0107 11.26 1 2440 1 20140619173351 00078
00000226 2014 03 21 15:50 16:50 61 1211 0107 11.26 1 2440 1 20140619173351 00078
00000226 2014 03 25 15:50 16:50 61 1211 0107 11.26 1 2440 1 20140619173351 00078
00000226 2014 03 28 15:50 16:50 61 1211 0107 11.26 1 2440 1 20140619173351 00078
00000226 2014 04 01 15:50 16:50 61 1211 0107 11.26 1 2452 1 20140619173647 00078
00000226 2014 04 04 15:50 16:50 61 1211 0107 11.26 1 2452 1 20140619173647 00078
00000226 2014 04 08 15:50 16:50 61 1211 0107 11.26 1 2452 1 20140619173647 00078
00000226 2014 04 11 15:50 16:50 61 1211 0107 11.26 1 2452 1 20140619173647 00078
00000226 2014 04 15 15:50 16:50 61 1211 0107 11.26 1 2452 1 20140619173647 00078
00000226 2014 04 18 15:50 16:50 61 1211 0107 11.26 1 2452 1 20140619173647 00078
00000226 2014 04 22 15:50 16:50 61 1211 0107 11.26 1 2452 1 20140619173647 00078
00000226 2014 04 25 15:50 16:50 61 1211 0107 11.26 1 2452 1 20140619173647 00078
00000226 2014 04 29 15:50 16:50 61 1211 0107 11.26 1 2452 1 20140619173647 00078
00000226 2014 05 02 15:50 16:50 61 1211 0107 11.26 1 2452 1 20140819115408 00078
00000226 2014 05 06 15:50 16:50 61 1211 0107 11.26 1 2452 1 20140819115408 00078
00000226 2014 05 09 15:50 16:50 61 1211 0107 11.26 1 2452 1 20140819115408 00078
00000226 2014 05 13 15:50 16:50 61 1211 0107 11.26 1 2452 1 20140819115408 00078
00000226 2014 05 16 15:50 16:50 61 1211 0107 11.26 1 2452 1 20140819115408 00078
00000226 2014 05 23 15:50 16:50 61 1211 0107 11.26 1 2452 1 20140819115408 00078
00000226 2014 05 27 15:50 16:50 61 1211 0107 11.26 1 2452 1 20140819115408 00078
00000226 2014 05 30 15:50 16:50 61 1211 0107 11.26 1 2452 1 20140819115408 00078
00000226 2014 06 03 15:50 16:50 61 1211 0107 11.26 1 2452 1 20140701131938 00049
00000226 2014 06 06 15:50 16:50 61 1211 0107 11.26 1 2452 1 20140701131938 00049
00000226 2014 06 10 15:50 16:50 61 1211 0107 11.26 1 2452 1 20140701131938 00049
00000226 2014 06 13 15:50 16:50 61 1211 0107 11.26 1 2452 1 20140701131938 00049
00000226 2014 06 17 15:50 16:50 61 1211 0107 11.26 1 2452 1 20140701131938 00049
00000226 2014 06 20 15:50 16:50 61 1211 0107 11.26 1 2452 1 20140701131938 00049
00000226 2014 06 24 15:50 16:50 61 1211 0107 11.26 1 2452 1 20140701131938 00049
00000226 2014 06 27 15:50 16:50 61 1211 0107 11.26 1 2452 1 20140701131938 00049
00000226 2014 07 01 15:50 16:49 61 1211 0107 11.26 1 2452 1 20140802131024 00047
00000226 2014 07 04 15:50 16:49 61 1211 0107 11.26 1 2452 1 20140802131024 00047
00000226 2014 07 08 15:50 16:49 61 1211 0107 11.26 1 2452 1 20140802131024 00047
00000226 2014 07 11 15:50 16:49 61 1211 0107 11.26 1 2452 1 20140802131024 00047
00000226 2014 07 15 15:50 16:49 61 1211 0107 11.26 1 2452 1 20140802131024 00047
00000226 2014 07 18 15:50 16:49 61 1211 0107 11.26 1 2452 1 20140802131024 00047
00000226 2014 07 22 15:50 16:49 61 1211 0107 11.26 1 2452 1 20140802131024 00047
00000226 2014 07 25 15:50 16:49 61 1211 0107 11.26 1 2452 1 20140802131024 00047
00000226 2014 07 29 15:50 16:49 61 1211 0107 11.26 1 2452 1 20140802131024 00047
