00000073 2013 08 1 1 00030 1 20140725110337 00030
00000073 2013 09 1 1 00013 1 20140627115953 00030
00000073 2013 10 1 1 00013 1 20140627120227 00030
00000073 2013 11 1 1 00013 1 20140627120503 00030
00000073 2013 12 1 1 00013 1 20140627120742 00030
00000073 2014 01 1 1 00013 1 20140613141559 00030
00000073 2014 02 1 1 00013 1 20140613141614 00030
00000073 2014 03 1 1 00013 1 20140613141629 00030
00000073 2014 04 1 1 00013 1 20140613142057 00030
00000073 2014 05 1 1 00013 1 20140815185228 00030
00000073 2014 06 1 1 00030 1 20140701161917 00030
00000073 2014 07 1 1 00088 1 20140801183911 00030
00000073 2014 08 1 1 00088 1 20140903100949 00088
00000073 2014 09 1 1 00088 1 20141009110544 00088
00000073 2014 10 1 1 00088 1 20141102102806 00088
00000073 2014 11 1 1 00088 1 20141201155005 00088
00000073 2014 12 1 _ 00088 1 20141123162342 00088
