00000012 20120514 KihonCheckCheckList01 1 1 201405230000 IKOU
00000012 20120514 KihonCheckCheckList02 1 1 201405230000 IKOU
00000012 20120514 KihonCheckCheckList03 1 1 201405230000 IKOU
00000012 20120514 KihonCheckCheckList04 1 1 201405230000 IKOU
00000012 20120514 KihonCheckCheckList05 0 1 201405230000 IKOU
00000012 20120514 KihonCheckCheckList06 2 1 201405230000 IKOU
00000012 20120514 KihonCheckCheckList07 2 1 201405230000 IKOU
00000012 20120514 KihonCheckCheckList08 2 1 201405230000 IKOU
00000012 20120514 KihonCheckCheckList09 2 1 201405230000 IKOU
00000012 20120514 KihonCheckCheckList10 2 1 201405230000 IKOU
00000012 20120514 KihonCheckCheckList11 0 1 201405230000 IKOU
00000012 20120514 KihonCheckCheckList12 0 1 201405230000 IKOU
00000012 20120514 KihonCheckCheckList13 0 1 201405230000 IKOU
00000012 20120514 KihonCheckCheckList14 0 1 201405230000 IKOU
00000012 20120514 KihonCheckCheckList15 0 1 201405230000 IKOU
00000012 20120514 KihonCheckCheckList16 5 1 201405230000 IKOU
00000012 20120514 KihonCheckCheckList17 0 1 201405230000 IKOU
00000012 20120514 KihonCheckCheckList18 0 1 201405230000 IKOU
00000012 20120514 KihonCheckCheckList19 0 1 201405230000 IKOU
00000012 20120514 KihonCheckCheckList20 0 1 201405230000 IKOU
00000012 20120514 KihonCheckCheckList21 0 1 201405230000 IKOU
00000012 20120514 KihonCheckCheckList22 7 1 201405230000 IKOU
00000012 20120514 KihonCheckCheckList23 0 1 201405230000 IKOU
00000012 20120514 KihonCheckCheckList24 0 1 201405230000 IKOU
00000012 20121213 KihonCheckCheckList01 1 1 201405230000 IKOU
00000012 20121213 KihonCheckCheckList02 0 1 201405230000 IKOU
00000012 20121213 KihonCheckCheckList03 0 1 201405230000 IKOU
00000012 20121213 KihonCheckCheckList04 1 1 201405230000 IKOU
00000012 20121213 KihonCheckCheckList05 1 1 201405230000 IKOU
00000012 20121213 KihonCheckCheckList06 2 1 201405230000 IKOU
00000012 20121213 KihonCheckCheckList07 0 1 201405230000 IKOU
00000012 20121213 KihonCheckCheckList08 2 1 201405230000 IKOU
00000012 20121213 KihonCheckCheckList09 0 1 201405230000 IKOU
00000012 20121213 KihonCheckCheckList10 2 1 201405230000 IKOU
00000012 20121213 KihonCheckCheckList11 0 1 201405230000 IKOU
00000012 20121213 KihonCheckCheckList12 0 1 201405230000 IKOU
00000012 20121213 KihonCheckCheckList13 4 1 201405230000 IKOU
00000012 20121213 KihonCheckCheckList14 0 1 201405230000 IKOU
00000012 20121213 KihonCheckCheckList15 0 1 201405230000 IKOU
00000012 20121213 KihonCheckCheckList16 0 1 201405230000 IKOU
00000012 20121213 KihonCheckCheckList17 0 1 201405230000 IKOU
00000012 20121213 KihonCheckCheckList18 0 1 201405230000 IKOU
00000012 20121213 KihonCheckCheckList19 0 1 201405230000 IKOU
00000012 20121213 KihonCheckCheckList20 0 1 201405230000 IKOU
00000012 20121213 KihonCheckCheckList21 0 1 201405230000 IKOU
00000012 20121213 KihonCheckCheckList22 7 1 201405230000 IKOU
00000012 20121213 KihonCheckCheckList23 0 1 201405230000 IKOU
00000012 20121213 KihonCheckCheckList24 7 1 201405230000 IKOU
00000012 20130531 KihonCheckCheckList01 1 1 201405230000 IKOU
00000012 20130531 KihonCheckCheckList02 1 1 201405230000 IKOU
00000012 20130531 KihonCheckCheckList03 1 1 201405230000 IKOU
00000012 20130531 KihonCheckCheckList04 1 1 201405230000 IKOU
00000012 20130531 KihonCheckCheckList05 1 1 201405230000 IKOU
00000012 20130531 KihonCheckCheckList06 2 1 201405230000 IKOU
00000012 20130531 KihonCheckCheckList07 0 1 201405230000 IKOU
00000012 20130531 KihonCheckCheckList08 2 1 201405230000 IKOU
00000012 20130531 KihonCheckCheckList09 0 1 201405230000 IKOU
00000012 20130531 KihonCheckCheckList10 2 1 201405230000 IKOU
00000012 20130531 KihonCheckCheckList11 0 1 201405230000 IKOU
00000012 20130531 KihonCheckCheckList12 4 1 201405230000 IKOU
00000012 20130531 KihonCheckCheckList13 0 1 201405230000 IKOU
00000012 20130531 KihonCheckCheckList14 0 1 201405230000 IKOU
00000012 20130531 KihonCheckCheckList15 0 1 201405230000 IKOU
00000012 20130531 KihonCheckCheckList16 0 1 201405230000 IKOU
00000012 20130531 KihonCheckCheckList17 0 1 201405230000 IKOU
00000012 20130531 KihonCheckCheckList18 0 1 201405230000 IKOU
00000012 20130531 KihonCheckCheckList19 0 1 201405230000 IKOU
00000012 20130531 KihonCheckCheckList20 0 1 201405230000 IKOU
00000012 20130531 KihonCheckCheckList21 0 1 201405230000 IKOU
00000012 20130531 KihonCheckCheckList22 0 1 201405230000 IKOU
00000012 20130531 KihonCheckCheckList23 0 1 201405230000 IKOU
00000012 20130531 KihonCheckCheckList24 0 1 201405230000 IKOU
00000012 20140113 KihonCheckCheckList01 1 1 201405230000 IKOU
00000012 20140113 KihonCheckCheckList02 1 1 201405230000 IKOU
00000012 20140113 KihonCheckCheckList03 1 1 201405230000 IKOU
00000012 20140113 KihonCheckCheckList04 1 1 201405230000 IKOU
00000012 20140113 KihonCheckCheckList05 0 1 201405230000 IKOU
00000012 20140113 KihonCheckCheckList06 2 1 201405230000 IKOU
00000012 20140113 KihonCheckCheckList07 0 1 201405230000 IKOU
00000012 20140113 KihonCheckCheckList08 0 1 201405230000 IKOU
00000012 20140113 KihonCheckCheckList09 0 1 201405230000 IKOU
00000012 20140113 KihonCheckCheckList10 2 1 201405230000 IKOU
00000012 20140113 KihonCheckCheckList11 0 1 201405230000 IKOU
00000012 20140113 KihonCheckCheckList12 0 1 201405230000 IKOU
00000012 20140113 KihonCheckCheckList13 4 1 201405230000 IKOU
00000012 20140113 KihonCheckCheckList14 0 1 201405230000 IKOU
00000012 20140113 KihonCheckCheckList15 0 1 201405230000 IKOU
00000012 20140113 KihonCheckCheckList16 5 1 201405230000 IKOU
00000012 20140113 KihonCheckCheckList17 0 1 201405230000 IKOU
00000012 20140113 KihonCheckCheckList18 0 1 201405230000 IKOU
00000012 20140113 KihonCheckCheckList19 0 1 201405230000 IKOU
00000012 20140113 KihonCheckCheckList20 0 1 201405230000 IKOU
00000012 20140113 KihonCheckCheckList21 0 1 201405230000 IKOU
00000012 20140113 KihonCheckCheckList22 7 1 201405230000 IKOU
00000012 20140113 KihonCheckCheckList23 0 1 201405230000 IKOU
00000012 20140113 KihonCheckCheckList24 0 1 201405230000 IKOU
