1 00000010 2012 05 11 0070 グランクレール・ケアサービス横浜 1211 身体介護２ 402 0 402 8 3216 0 3216 3216 0 10.84 34861 90 31374 3487 0 n n 0 1 20140730181216 00034
1 00000012 2012 05 11 0070 グランクレール・ケアサービス横浜 1111 身体介護１ 254 0 254 10 2540 0 2540 2540 0 10.84 27533 90 24779 2754 0 n n 0 1 20140731101620 00078
1 00000013 2012 05 11 0070 グランクレール・ケアサービス横浜 7311 生活援助３ 235 0 235 5 1175 0 1175 1175 0 10.84 12737 90 11463 1274 0 n n 0 1 20140731113239 00078
1 00000015 2012 05 11 0070 グランクレール・ケアサービス横浜 1211 身体介護２ 402 0 402 1 402 0 402 402 0 10.84 4357 90 3921 436 0 n n 0 1 20140731121659 00078
1 00000020 2012 05 11 0070 グランクレール・ケアサービス横浜 4111 身体１生活１ 324 0 324 1 324 0 324 324 0 10.84 3512 90 3160 352 0 n n 0 1 20140731171602 00078
1 00000022 2012 05 11 0070 グランクレール・ケアサービス横浜 1211 身体介護２ 402 0 402 5 2010 0 2010 2010 0 10.84 21788 90 19609 2179 0 n n 0 1 20140731175813 00078
1 00000046 2012 05 11 0070 グランクレール・ケアサービス横浜 1311 身体介護３ 584 0 584 2 1168 0 1168 1168 0 10.84 12661 90 11394 1267 0 n n 0 1 20140804135103 00034
1 00000049 2012 05 11 0070 グランクレール・ケアサービス横浜 1211 身体介護２ 402 0 402 5 2010 0 2010 2010 0 10.84 21788 90 19609 2179 0 n n 0 1 20140804174321 00034
2 00000010 2012 05 11 0070 グランクレール・ケアサービス横浜 6271 訪問介護処遇改善加算Ⅰ 129 0 129 1 129 129 0.04 129 0 10.84 1398 90 1258 140 0 a g 0 1 20140730181216 00034
2 00000012 2012 05 11 0070 グランクレール・ケアサービス横浜 6271 訪問介護処遇改善加算Ⅰ 102 0 102 1 102 102 0.04 102 0 10.84 1105 90 994 111 0 a g 0 1 20140731101620 00078
2 00000013 2012 05 11 0070 グランクレール・ケアサービス横浜 6271 訪問介護処遇改善加算Ⅰ 47 0 47 1 47 47 0.04 47 0 10.84 509 90 458 51 0 a g 0 1 20140731113239 00078
2 00000015 2012 05 11 0070 グランクレール・ケアサービス横浜 1311 身体介護３ 584 0 584 1 584 0 584 584 0 10.84 6330 90 5697 633 0 n n 0 1 20140731121659 00078
2 00000020 2012 05 11 0070 グランクレール・ケアサービス横浜 7311 生活援助３ 235 0 235 8 1880 0 1880 1880 0 10.84 20379 90 18341 2038 0 n n 0 1 20140731171602 00078
2 00000022 2012 05 11 0070 グランクレール・ケアサービス横浜 6271 訪問介護処遇改善加算Ⅰ 80 0 80 1 80 80 0.04 80 0 10.84 867 90 780 87 0 a g 0 1 20140731175813 00078
2 00000046 2012 05 11 0070 グランクレール・ケアサービス横浜 6271 訪問介護処遇改善加算Ⅰ 47 0 47 1 47 47 0.04 47 0 10.84 509 90 458 51 0 a g 0 1 20140804135103 00034
2 00000049 2012 05 11 0070 グランクレール・ケアサービス横浜 4111 身体１生活１ 324 0 324 2 648 0 648 648 0 10.84 7024 90 6321 703 0 n n 0 1 20140804174321 00034
3 00000015 2012 05 11 0070 グランクレール・ケアサービス横浜 7311 生活援助３ 235 0 235 2 470 0 470 470 0 10.84 5094 90 4584 510 0 n n 0 1 20140731121659 00078
3 00000020 2012 05 11 0070 グランクレール・ケアサービス横浜 6271 訪問介護処遇改善加算Ⅰ 88 0 88 1 88 88 0.04 88 0 10.84 953 90 857 96 0 a g 0 1 20140731171602 00078
3 00000049 2012 05 11 0070 グランクレール・ケアサービス横浜 7211 生活援助２ 190 0 190 5 950 0 950 950 0 10.84 10298 90 9268 1030 0 n n 0 1 20140804174321 00034
4 00000015 2012 05 11 0070 グランクレール・ケアサービス横浜 6271 訪問介護処遇改善加算Ⅰ 58 0 58 1 58 58 0.04 58 0 10.84 628 90 565 63 0 a g 0 1 20140731121659 00078
4 00000049 2012 05 11 0070 グランクレール・ケアサービス横浜 6271 訪問介護処遇改善加算Ⅰ 144 0 144 1 144 144 0.04 144 0 10.84 1560 90 1404 156 0 a g 0 1 20140804174321 00034
