00000002 2012 05 05 09:30 10:29 61 1111 0073 10.84 1 1220 1 20140730170455 00034
00000002 2012 05 12 09:30 10:29 61 1111 0073 10.84 1 1220 1 20140730170455 00034
00000002 2012 05 19 09:30 10:29 61 1111 0073 10.84 1 1220 1 20140730170455 00034
00000002 2012 05 26 09:30 10:29 61 1111 0073 10.84 1 1220 1 20140730170455 00034
00000007 2012 05 07 15:00 15:59 11 1211 0070 10.84 1 402 1 20140730174557 00034
00000007 2012 05 07 15:00 15:59 61 1111 0073 10.84 1 1220 1 20140814160018 00034
00000007 2012 05 14 15:00 15:59 11 1211 0070 10.84 1 402 1 20140730174557 00034
00000007 2012 05 14 15:00 15:59 61 1111 0073 10.84 1 1220 1 20140814160018 00034
00000007 2012 05 28 15:00 15:59 11 1211 0070 10.84 1 402 1 20140730174557 00034
00000007 2012 05 28 15:00 15:59 61 1111 0073 10.84 1 1220 1 20140814160018 00034
00000010 2012 05 04 11:00 11:59 11 1211 0070 10.84 1 402 1 20140730181216 00034
00000010 2012 05 07 09:30 10:29 11 1211 0070 10.84 1 402 1 20140730181216 00034
00000010 2012 05 11 11:00 11:59 11 1211 0070 10.84 1 402 1 20140730181216 00034
00000010 2012 05 14 09:30 10:29 11 1211 0070 10.84 1 402 1 20140730181216 00034
00000010 2012 05 18 11:00 11:59 11 1211 0070 10.84 1 402 1 20140730181216 00034
00000010 2012 05 21 09:30 10:29 11 1211 0070 10.84 1 402 1 20140730181216 00034
00000010 2012 05 25 11:00 11:59 11 1211 0070 10.84 1 402 1 20140730181216 00034
00000010 2012 05 28 09:30 10:29 11 1211 0070 10.84 1 402 1 20140730181216 00034
00000012 2012 05 01 08:30 08:59 11 1111 0070 10.84 1 254 1 20140731101620 00078
00000012 2012 05 08 08:30 08:59 11 1111 0070 10.84 1 254 1 20140731101620 00078
00000012 2012 05 11 08:30 08:59 11 1111 0070 10.84 1 254 1 20140731101620 00078
00000012 2012 05 15 08:30 08:59 11 1111 0070 10.84 1 254 1 20140731101620 00078
00000012 2012 05 18 08:30 08:59 11 1111 0070 10.84 1 254 1 20140731101620 00078
00000012 2012 05 19 09:20 09:49 11 1111 0070 10.84 1 254 1 20140731101620 00078
00000012 2012 05 22 08:30 08:59 11 1111 0070 10.84 1 254 1 20140731101620 00078
00000012 2012 05 23 08:40 09:09 11 1111 0070 10.84 1 254 1 20140731101620 00078
00000012 2012 05 25 08:30 08:59 11 1111 0070 10.84 1 254 1 20140731101620 00078
00000012 2012 05 29 08:30 08:59 11 1111 0070 10.84 1 254 1 20140731101620 00078
00000013 2012 05 01 13:15 14:45 11 7311 0070 10.84 1 235 1 20140731113239 00078
00000013 2012 05 08 13:15 14:45 11 7311 0070 10.84 1 235 1 20140731113239 00078
00000013 2012 05 15 13:15 14:45 11 7311 0070 10.84 1 235 1 20140731113239 00078
00000013 2012 05 22 13:15 14:45 11 7311 0070 10.84 1 235 1 20140731113239 00078
00000013 2012 05 29 13:15 14:45 11 7311 0070 10.84 1 235 1 20140731113239 00078
00000015 2012 05 05 15:30 16:59 11 1311 0070 10.84 1 584 1 20140731121659 00078
00000015 2012 05 12 15:30 16:29 11 7311 0070 10.84 1 235 1 20140731121659 00078
00000015 2012 05 19 14:30 15:29 11 1211 0070 10.84 1 402 1 20140731121659 00078
00000015 2012 05 26 15:30 16:29 11 7311 0070 10.84 1 235 1 20140731121659 00078
00000016 2012 05 05 10:45 11:44 61 1111 0073 10.84 1 1220 1 20140731151520 00078
00000016 2012 05 12 10:45 11:44 61 1111 0073 10.84 1 1220 1 20140731151520 00078
00000016 2012 05 19 10:45 11:44 61 1111 0073 10.84 1 1220 1 20140731151520 00078
00000016 2012 05 26 10:45 11:44 61 1111 0073 10.84 1 1220 1 20140731151520 00078
00000020 2012 05 03 10:15 11:14 11 7311 0070 10.84 1 235 1 20140731171602 00078
00000020 2012 05 07 16:15 17:14 11 7311 0070 10.84 1 235 1 20140731171602 00078
00000020 2012 05 10 10:15 11:14 11 7311 0070 10.84 1 235 1 20140731171602 00078
00000020 2012 05 14 16:15 17:14 11 7311 0070 10.84 1 235 1 20140731171602 00078
00000020 2012 05 17 10:15 11:14 11 4111 0070 10.84 1 324 1 20140731171602 00078
00000020 2012 05 21 16:15 17:14 11 7311 0070 10.84 1 235 1 20140731171602 00078
00000020 2012 05 24 10:15 11:14 11 7311 0070 10.84 1 235 1 20140731171602 00078
00000020 2012 05 28 16:15 17:14 11 7311 0070 10.84 1 235 1 20140731171602 00078
00000020 2012 05 31 10:15 11:14 11 7311 0070 10.84 1 235 1 20140731171602 00078
00000022 2012 05 01 15:00 15:59 11 1211 0070 10.84 1 402 1 20140731175813 00078
00000022 2012 05 08 15:00 15:59 11 1211 0070 10.84 1 402 1 20140731175813 00078
00000022 2012 05 15 15:00 15:59 11 1211 0070 10.84 1 402 1 20140731175813 00078
00000022 2012 05 22 15:00 15:59 11 1211 0070 10.84 1 402 1 20140731175813 00078
00000022 2012 05 29 15:00 15:59 11 1211 0070 10.84 1 402 1 20140731175813 00078
00000025 2012 05 03 09:00 09:59 61 1111 0073 10.84 1 1220 1 20140731182857 00078
00000025 2012 05 10 09:00 09:59 61 1111 0073 10.84 1 1220 1 20140731182857 00078
00000025 2012 05 17 09:00 09:59 61 1111 0073 10.84 1 1220 1 20140731182857 00078
00000025 2012 05 24 09:00 09:59 61 1111 0073 10.84 1 1220 1 20140731182857 00078
00000025 2012 05 31 09:00 09:59 61 1111 0073 10.84 1 1220 1 20140731182857 00078
00000026 2012 05 07 11:30 12:29 61 1111 0073 10.84 1 1220 1 20140801101328 00034
00000026 2012 05 14 11:30 12:29 61 1111 0073 10.84 1 1220 1 20140801101328 00034
00000026 2012 05 21 11:30 12:29 61 1111 0073 10.84 1 1220 1 20140801101328 00034
00000026 2012 05 28 11:30 12:29 61 1111 0073 10.84 1 1220 1 20140801101328 00034
00000027 2012 05 02 09:31 10:30 61 1211 0073 10.84 1 2440 1 20140801114512 00034
00000027 2012 05 06 10:01 11:00 61 1211 0073 10.84 1 2440 1 20140801114512 00034
00000027 2012 05 09 09:31 10:30 61 1211 0073 10.84 1 2440 1 20140801114512 00034
00000027 2012 05 14 10:01 11:00 61 1211 0073 10.84 1 2440 1 20140801114512 00034
00000027 2012 05 17 10:01 11:00 61 1211 0073 10.84 1 2440 1 20140801114512 00034
00000027 2012 05 20 10:01 11:00 61 1211 0073 10.84 1 2440 1 20140801114512 00034
00000027 2012 05 23 09:31 10:30 61 1211 0073 10.84 1 2440 1 20140801114512 00034
00000027 2012 05 27 10:01 11:00 61 1211 0073 10.84 1 2440 1 20140801114512 00034
00000027 2012 05 30 09:31 10:30 61 1211 0073 10.84 1 2440 1 20140801114512 00034
00000035 2012 05 03 11:30 12:29 61 1111 0073 10.84 1 1220 1 20140804105344 00034
00000035 2012 05 10 11:30 12:29 61 1111 0073 10.84 1 1220 1 20140804105344 00034
00000035 2012 05 17 11:30 12:29 61 1111 0073 10.84 1 1220 1 20140804105344 00034
00000035 2012 05 24 11:30 12:29 61 1111 0073 10.84 1 1220 1 20140804105344 00034
00000035 2012 05 31 11:30 12:29 61 1111 0073 10.84 1 1220 1 20140804105344 00034
00000042 2012 05 06 13:00 13:59 61 1111 0073 10.84 1 1220 1 20140804122448 00034
00000042 2012 05 13 13:00 13:59 61 1111 0073 10.84 1 1220 1 20140804122448 00034
00000042 2012 05 20 13:00 13:59 61 1111 0073 10.84 1 1220 1 20140804122448 00034
00000042 2012 05 27 13:00 13:59 61 1111 0073 10.84 1 1220 1 20140804122448 00034
00000046 2012 05 11 13:30 14:59 11 1311 0070 10.84 1 584 1 20140804135103 00034
00000046 2012 05 25 13:30 14:59 11 1311 0070 10.84 1 584 1 20140804135103 00034
00000048 2012 05 02 10:00 10:29 61 1111 0073 10.84 1 1220 1 20140804155254 00034
00000048 2012 05 09 10:00 10:29 61 1111 0073 10.84 1 1220 1 20140804155254 00034
00000048 2012 05 16 10:00 10:29 61 1111 0073 10.84 1 1220 1 20140804155254 00034
00000048 2012 05 23 10:00 10:29 61 1111 0073 10.84 1 1220 1 20140804155254 00034
00000048 2012 05 30 10:00 10:29 61 1111 0073 10.84 1 1220 1 20140804154956 00034
00000048 2012 05 30 10:30 11:14 61 1111 0073 10.84 1 1220 1 20140804155254 00034
00000049 2012 05 02 10:30 11:29 11 4111 0070 10.84 1 324 1 20140804174321 00034
00000049 2012 05 05 13:30 14:14 11 1211 0070 10.84 1 402 1 20140804174321 00034
00000049 2012 05 07 13:00 13:44 11 1211 0070 10.84 1 402 1 20140804174321 00034
00000049 2012 05 09 10:30 11:29 11 4111 0070 10.84 1 324 1 20140804174321 00034
00000049 2012 05 12 13:30 14:29 11 1211 0070 10.84 1 402 1 20140804174321 00034
00000049 2012 05 14 13:00 13:44 11 7211 0070 10.84 1 190 1 20140804174321 00034
00000049 2012 05 16 10:30 10:59 11 7211 0070 10.84 1 190 1 20140804174321 00034
00000049 2012 05 19 13:30 14:29 11 1211 0070 10.84 1 402 1 20140804174321 00034
00000049 2012 05 21 13:00 13:44 11 7211 0070 10.84 1 190 1 20140804174321 00034
00000049 2012 05 23 10:45 11:29 11 7211 0070 10.84 1 190 1 20140804174321 00034
00000049 2012 05 26 13:30 14:29 11 1211 0070 10.84 1 402 1 20140804174321 00034
00000049 2012 05 30 11:15 11:59 11 7211 0070 10.84 1 190 1 20140804174321 00034
00000051 2012 05 03 09:00 09:59 61 1111 0073 10.84 1 1220 1 20140804185248 00034
00000051 2012 05 10 09:00 09:59 61 1111 0073 10.84 1 1220 1 20140804185248 00034
00000051 2012 05 25 09:00 09:59 61 1111 0073 10.84 1 1220 1 20140804185248 00034
00000051 2012 05 31 09:00 09:59 61 1111 0073 10.84 1 1220 1 20140804185248 00034
