00000212 0107 2011 05 0000162 04 00101 _ 13:00 13:59 2 _ 0 1111 1 61 1 20141130185202 00078
00000212 0107 2011 05 0000163 10 00101 _ 13:00 13:59 2 _ 0 1111 1 61 1 20141130185202 00078
00000212 0107 2011 06 0000157 01 00234 _ 13:00 13:59 2 _ 0 1111 1 61 1 20141130170120 00078
00000212 0107 2011 06 0000158 08 00101 _ 13:00 13:59 2 _ 0 1111 1 61 1 20141130170120 00078
00000212 0107 2011 06 0000159 15 00234 _ 13:00 13:59 2 _ 0 1111 1 61 1 20141130170120 00078
00000212 0107 2011 06 0000160 22 00234 _ 13:00 13:59 2 _ 0 1111 1 61 1 20141130170120 00078
00000212 0107 2011 06 0000161 29 00234 _ 13:00 13:59 2 _ 0 1111 1 61 1 20141130170120 00078
00000212 0107 2011 07 0000154 06 00051 _ 13:00 13:59 2 _ 0 1111 1 61 1 20141130150053 00078
00000212 0107 2011 07 0000155 13 00101 _ 13:00 13:59 2 _ 0 1111 1 61 1 20141130150053 00078
00000212 0107 2011 07 0000156 20 00101 _ 13:00 13:59 2 _ 0 1111 1 61 1 20141130150053 00078
00000212 0107 2011 08 0000149 03 00234 _ 13:00 13:59 2 _ 0 1111 1 61 1 20141130112921 00078
00000212 0107 2011 08 0000150 10 00237 _ 13:00 13:59 2 _ 0 1111 1 61 1 20141130112921 00078
00000212 0107 2011 08 0000151 17 00234 _ 13:00 13:59 2 _ 0 1111 1 61 1 20141130112921 00078
00000212 0107 2011 08 0000152 24 00051 _ 13:00 13:59 2 _ 0 1111 1 61 1 20141130112921 00078
00000212 0107 2011 08 0000153 31 00237 _ 13:00 13:59 2 _ 0 1111 1 61 1 20141130112921 00078
00000212 0107 2011 09 0000145 07 00237 _ 13:00 13:59 2 _ 0 1111 1 61 1 20141128182145 00078
00000212 0107 2011 09 0000146 14 00050 _ 13:00 13:59 2 _ 0 1111 1 61 1 20141128182145 00078
00000212 0107 2011 09 0000147 21 00237 _ 13:00 13:59 2 _ 0 1111 1 61 1 20141128182145 00078
00000212 0107 2011 09 0000148 28 00237 _ 13:00 13:59 2 _ 0 1111 1 61 1 20141128182145 00078
00000212 0107 2011 10 0000141 05 00051 _ 13:00 13:59 2 _ 0 1111 1 61 1 20141127185711 00078
00000212 0107 2011 10 0000142 12 00050 _ 13:00 13:59 2 _ 0 1111 1 61 1 20141127185711 00078
00000212 0107 2011 10 0000143 19 00051 _ 13:00 13:59 2 _ 0 1111 1 61 1 20141127185711 00078
00000212 0107 2011 10 0000144 26 00050 _ 13:00 13:59 2 _ 0 1111 1 61 1 20141127185711 00078
00000212 0107 2011 11 0000138 02 00050 _ 10:45 11:44 2 _ 0 1111 1 61 1 20141127143642 00078
00000212 0107 2011 11 0000139 09 00234 _ 13:00 13:59 2 _ 0 1111 1 61 1 20141127143642 00078
00000212 0107 2011 11 0000140 30 00234 _ 13:00 13:59 2 _ 0 1111 1 61 1 20141127143642 00078
00000212 0107 2011 12 0000134 07 00049 _ 13:00 13:59 2 _ 0 1111 1 61 1 20141125142700 00078
00000212 0107 2011 12 0000135 14 00049 _ 13:00 13:59 2 _ 0 1111 1 61 1 20141125142700 00078
00000212 0107 2011 12 0000136 21 00049 _ 13:00 13:59 2 _ 0 1111 1 61 1 20141125142700 00078
00000212 0107 2011 12 0000137 28 00050 _ 13:00 13:59 2 _ 0 1111 1 61 1 20141125142700 00078
00000212 0107 2012 01 0000131 11 00049 _ 13:00 13:59 2 _ 0 1111 1 61 1 20141124125602 00078
00000212 0107 2012 01 0000132 18 00049 _ 13:00 13:59 2 _ 0 1111 1 61 1 20141124125602 00078
00000212 0107 2012 01 0000133 25 00234 _ 13:00 13:59 2 _ 0 1111 1 61 1 20141124125602 00078
00000212 0107 2012 02 0000127 08 00050 _ 13:00 13:59 _ _ 0 1111 1 61 1 20141119181357 00078
00000212 0107 2012 02 0000128 15 00234 _ 13:00 13:59 _ _ 0 1111 1 61 1 20141119181357 00078
00000212 0107 2012 02 0000129 22 00050 _ 13:00 13:59 _ _ 0 1111 1 61 1 20141119181357 00078
00000212 0107 2012 02 0000130 29 00049 _ 13:00 13:59 _ _ 0 1111 1 61 1 20141119181357 00078
00000212 0107 2012 03 0000123 07 00049 _ 13:00 13:59 4 _ 0 1111 1 61 1 20141119124147 00078
00000212 0107 2012 03 0000124 14 00234 _ 13:00 13:59 4 _ 0 1111 1 61 1 20141119124147 00078
00000212 0107 2012 03 0000125 21 00049 _ 13:00 13:59 4 _ 0 1111 1 61 1 20141119124147 00078
00000212 0107 2012 03 0000126 28 00050 _ 13:00 13:59 4 _ 0 1111 1 61 1 20141119124147 00078
00000212 0107 2012 04 0000094 11 00234 _ 13:00 13:59 _ _ 0 1111 1 61 1 20140716172008 00078
00000212 0107 2012 04 0000095 18 00050 _ 13:00 13:59 _ _ 0 1111 1 61 1 20140716172008 00078
00000212 0107 2012 04 0000096 25 00050 _ 13:00 13:59 _ _ 0 1111 1 61 1 20140716172008 00078
00000212 0107 2012 05 0000097 02 00234 _ 13:00 13:59 _ _ 0 1111 1 61 1 20140716172504 00078
00000212 0107 2012 05 0000098 09 00234 _ 13:00 13:59 _ _ 0 1111 1 61 1 20140716172504 00078
00000212 0107 2012 05 0000099 16 00049 _ 13:00 13:59 _ _ 0 1111 1 61 1 20140716172504 00078
00000212 0107 2012 05 0000100 23 00050 _ 13:00 13:59 _ _ 0 1111 1 61 1 20140716172504 00078
00000212 0107 2012 06 0000101 06 00049 _ 13:00 13:59 _ _ 0 1111 1 61 1 20140716172805 00078
00000212 0107 2012 06 0000102 20 00049 _ 13:00 13:59 _ _ 0 1111 1 61 1 20140716172805 00078
00000212 0107 2012 06 0000103 27 00050 _ 13:00 13:59 _ _ 0 1111 1 61 1 20140716172805 00078
00000212 0107 2012 07 0000104 04 00049 _ 13:00 13:59 _ _ 0 1111 1 61 1 20140716173027 00078
00000212 0107 2012 07 0000105 11 00050 _ 13:00 13:59 _ _ 0 1111 1 61 1 20140716173027 00078
00000212 0107 2012 07 0000106 18 00050 _ 13:00 13:59 _ _ 0 1111 1 61 1 20140716173027 00078
00000212 0107 2012 08 0000107 01 00049 _ 13:00 13:59 _ _ 0 1111 1 61 1 20140716173342 00078
00000212 0107 2012 08 0000108 08 00050 _ 13:00 13:59 _ _ 0 1111 1 61 1 20140716173342 00078
00000212 0107 2012 08 0000109 15 00049 _ 13:00 13:59 _ _ 0 1111 1 61 1 20140716173342 00078
00000212 0107 2012 08 0000110 29 00049 _ 13:00 13:59 _ _ 0 1111 1 61 1 20140716173342 00078
00000212 0107 2012 09 0000111 12 00050 _ 13:00 13:59 _ _ 0 1111 1 61 1 20140716173711 00078
00000212 0107 2012 09 0000112 26 00050 _ 13:00 13:59 _ _ 0 1111 1 61 1 20140716173711 00078
00000212 0107 2012 10 0000113 03 00237 _ 13:00 13:59 _ _ 0 1111 1 61 1 20140716174002 00078
00000212 0107 2012 10 0000114 10 00050 _ 13:00 13:59 _ _ 0 1111 1 61 1 20140716174002 00078
00000212 0107 2012 10 0000115 17 00049 _ 13:00 13:59 _ _ 0 1111 1 61 1 20140716174002 00078
00000212 0107 2012 11 0000116 07 00051 _ 13:00 13:59 _ _ 0 1111 1 61 1 20140716174238 00078
00000212 0107 2012 11 0000117 14 00051 _ 13:00 13:59 _ _ 0 1111 1 61 1 20140716174238 00078
00000212 0107 2012 11 0000118 28 00051 _ 13:00 13:59 _ _ 0 1111 1 61 1 20140716174238 00078
00000212 0107 2012 12 0000119 05 00051 _ 13:00 13:59 _ _ 0 1111 1 61 1 20140716174513 00078
00000212 0107 2012 12 0000120 12 00049 _ 13:00 13:59 _ _ 0 1111 1 61 1 20140716174513 00078
00000212 0107 2012 12 0000121 19 00048 _ 13:00 13:59 _ _ 0 1111 1 61 1 20140716174513 00078
00000212 0107 2012 12 0000122 26 00049 _ 13:00 13:59 _ _ 0 1111 1 61 1 20140716174513 00078
00000212 0107 2013 01 0000066 09 00050 _ 13:00 14:00 _ _ 0 1111 1 61 1 20140708152238 00078
00000212 0107 2013 01 0000067 16 00050 _ 13:00 14:00 _ _ 0 1111 1 61 1 20140708152238 00078
00000212 0107 2013 01 0000068 23 00048 _ 13:00 14:00 _ _ 0 1111 1 61 1 20140708152238 00078
00000212 0107 2013 01 0000069 30 00049 _ 13:00 14:00 _ _ 0 1111 1 61 1 20140708152238 00078
00000212 0107 2013 02 0000070 06 00050 _ 13:00 14:00 _ _ 0 1111 1 61 1 20140708152709 00078
00000212 0107 2013 02 0000071 13 00048 _ 13:00 14:00 _ _ 0 1111 1 61 1 20140708152709 00078
00000212 0107 2013 02 0000072 20 00048 _ 13:00 14:00 _ _ 0 1111 1 61 1 20140708152709 00078
00000212 0107 2013 02 0000073 27 00048 _ 13:00 14:00 _ _ 0 1111 1 61 1 20140708152709 00078
00000212 0107 2013 03 0000074 06 00050 _ 13:00 14:00 _ _ 0 1111 1 61 1 20140708153017 00078
00000212 0107 2013 03 0000075 13 00048 _ 13:00 14:00 _ _ 0 1111 1 61 1 20140708153017 00078
00000212 0107 2013 03 0000076 20 00048 _ 13:00 14:00 _ _ 0 1111 1 61 1 20140708153017 00078
00000212 0107 2013 04 0000077 03 00050 _ 13:00 14:00 _ _ 0 1111 1 61 1 20140708153525 00078
00000212 0107 2013 04 0000078 10 00051 _ 13:00 14:00 _ _ 0 1111 1 61 1 20140708153525 00078
00000212 0107 2013 04 0000079 17 00051 _ 13:00 14:00 _ _ 0 1111 1 61 1 20140708153525 00078
00000212 0107 2013 05 0000080 01 00050 _ 13:00 14:00 _ _ 0 1111 1 61 1 20140708154306 00078
00000212 0107 2013 05 0000081 08 00049 _ 13:00 14:00 _ _ 0 1111 1 61 1 20140708154306 00078
00000212 0107 2013 05 0000082 15 00051 _ 13:00 14:00 _ _ 0 1111 1 61 1 20140708154306 00078
00000212 0107 2013 05 0000083 22 00050 _ 13:00 14:00 _ _ 0 1111 1 61 1 20140708154306 00078
00000212 0107 2013 06 0000084 05 00052 _ 13:00 14:00 _ _ 0 1111 1 61 1 20140708154628 00078
00000212 0107 2013 06 0000085 12 00052 _ 13:00 14:00 _ _ 0 1111 1 61 1 20140708154628 00078
00000212 0107 2013 06 0000086 19 00052 _ 13:00 14:00 _ _ 0 1111 1 61 1 20140708154628 00078
00000212 0107 2013 06 0000087 26 00049 _ 13:00 14:00 _ _ 0 1111 1 61 1 20140708154628 00078
00000212 0107 2013 07 0000088 03 00051 _ 13:00 14:00 _ _ 0 1111 1 61 1 20140708155137 00078
00000212 0107 2013 07 0000089 10 00052 _ 13:00 14:00 _ _ 0 1111 1 61 1 20140708155137 00078
00000212 0107 2013 07 0000090 17 00050 _ 13:00 14:00 _ _ 0 1111 1 61 1 20140708155137 00078
00000212 0107 2013 07 0000091 31 00052 _ 13:00 14:00 _ _ 0 1111 1 61 1 20140708155137 00078
00000212 0107 2013 08 0000092 07 00050 _ 13:00 14:00 _ _ 0 1111 1 61 1 20140708155647 00078
00000212 0107 2013 08 0000093 21 00051 _ 13:00 14:00 _ _ 0 1111 1 61 1 20140708155647 00078
00000212 0107 2013 09 0000050 04 00052 _ 13:00 14:00 _ _ 0 1111 1 61 1 20140703110254 00078
00000212 0107 2013 09 0000051 11 00050 _ 13:00 14:00 _ _ 0 1111 1 61 1 20140703110254 00078
00000212 0107 2013 09 0000052 18 00049 _ 13:00 14:00 _ _ 0 1111 1 61 1 20140703110254 00078
00000212 0107 2013 09 0000053 25 00052 _ 13:00 14:00 _ _ 0 1111 1 61 1 20140703110254 00078
00000212 0107 2013 10 0000054 02 00050 _ 13:00 14:00 _ _ 0 1111 1 61 1 20140703110515 00078
00000212 0107 2013 10 0000055 09 00051 _ 13:00 14:00 _ _ 0 1111 1 61 1 20140703110515 00078
00000212 0107 2013 10 0000056 16 00050 _ 13:00 14:00 _ _ 0 1111 1 61 1 20140703110515 00078
00000212 0107 2013 10 0000057 23 00048 _ 13:00 14:00 _ _ 0 1111 1 61 1 20140703110515 00078
00000212 0107 2013 10 0000058 30 00051 _ 13:00 14:00 _ _ 0 1111 1 61 1 20140703110515 00078
00000212 0107 2013 11 0000059 13 00051 _ 13:00 14:00 _ _ 0 1111 1 61 1 20140703110955 00078
00000212 0107 2013 11 0000060 20 00050 _ 13:00 14:00 _ _ 0 1111 1 61 1 20140703110955 00078
00000212 0107 2013 11 0000061 27 00051 _ 13:00 14:00 _ _ 0 1111 1 61 1 20140703110955 00078
00000212 0107 2013 12 0000062 04 00051 _ 13:00 14:00 _ _ 0 1111 1 61 1 20140703115957 00078
00000212 0107 2013 12 0000063 11 00052 _ 13:00 14:00 _ _ 0 1111 1 61 1 20140703115957 00078
00000212 0107 2013 12 0000064 18 00050 _ 13:00 14:00 _ _ 0 1111 1 61 1 20140703115957 00078
00000212 0107 2013 12 0000065 25 00050 _ 13:00 14:00 _ _ 0 1111 1 61 1 20140703115957 00078
00000212 0107 2014 01 0000032 08 00050 _ 13:00 14:00 _ _ 0 1111 1 61 1 20140619103651 00078
00000212 0107 2014 01 0000033 15 00048 _ 13:00 14:00 _ _ 0 1111 1 61 1 20140619103651 00078
00000212 0107 2014 01 0000034 22 00050 _ 13:00 14:00 _ _ 0 1111 1 61 1 20140619103651 00078
00000212 0107 2014 01 0000035 29 00051 _ 13:00 14:00 _ _ 0 1111 1 61 1 20140619103651 00078
00000212 0107 2014 02 0000036 19 00052 _ 13:00 14:00 _ _ 0 1111 1 61 1 20140619103940 00078
00000212 0107 2014 03 0000037 05 00051 _ 13:00 14:00 _ _ 0 1111 1 61 1 20140619104212 00078
00000212 0107 2014 03 0000038 12 00052 _ 13:00 14:00 _ _ 0 1111 1 61 1 20140619104212 00078
00000212 0107 2014 03 0000039 19 00052 _ 13:00 14:00 _ _ 0 1111 1 61 1 20140619104212 00078
00000212 0107 2014 03 0000040 26 00050 _ 13:00 14:00 _ _ 0 1111 1 61 1 20140619104212 00078
00000212 0107 2014 04 0000041 02 00050 _ 13:00 14:00 _ _ 0 1111 1 61 1 20140619104617 00078
00000212 0107 2014 04 0000042 09 00051 _ 13:00 14:00 _ _ 0 1111 1 61 1 20140619104617 00078
00000212 0107 2014 04 0000043 16 00048 _ 13:00 14:00 _ _ 0 1111 1 61 1 20140619104617 00078
00000212 0107 2014 04 0000044 23 00050 _ 13:00 14:00 _ _ 0 1111 1 61 1 20140619104617 00078
00000212 0107 2014 04 0000045 30 00050 _ 13:00 14:00 _ _ 0 1111 1 61 1 20140619104617 00078
00000212 0107 2014 05 0000046 07 00048 _ 13:00 14:00 _ _ 0 1111 1 61 1 20140819104346 00078
00000212 0107 2014 05 0000047 14 00050 _ 13:00 14:00 _ _ 0 1111 1 61 1 20140819104346 00078
00000212 0107 2014 05 0000048 21 00050 _ 13:00 14:00 _ _ 0 1111 1 61 1 20140819104346 00078
00000212 0107 2014 05 0000049 28 00050 _ 13:00 14:00 _ _ 0 1111 1 61 1 20140819104346 00078
00000212 0107 2014 06 0000002 04 00050 _ 13:00 14:00 _ _ 0 1111 1 61 1 20140627165759 00049
00000212 0107 2014 06 0000003 11 00051 _ 13:00 14:00 _ _ 0 1111 1 61 1 20140627165759 00049
00000212 0107 2014 06 0000004 18 00052 _ 13:00 14:00 _ _ 0 1111 1 61 1 20140627165759 00049
00000212 0107 2014 06 0000005 25 00051 _ 13:00 14:00 _ _ 0 1111 1 61 1 20140627165759 00049
