00000059 20120315 20120319 小林氏 こころケアサービス 1 2014052800000000 00078
00000059 20120315 20120319 小関千鶴 グランクレール・ケアサービス美しが丘（ケアプラン） 1 2014052800000000 00078
00000059 20120315 20120319 川原氏 ヤマシタコーポレーション 1 2014052800000000 00078
00000059 20120315 20120319 藤崎香様 _ 1 2014052800000000 00078
00000059 20120401 20120417 小関千鶴 グランクレール・ケアサービス美しが丘（ケアプラン） 1 2014052800000000 00078
00000059 20120401 20120417 楠本様 長女 1 2014052800000000 00078
00000059 20120401 20120417 藤崎香様 本人 1 2014052800000000 00078
00000059 20120401 20120417 酒井真斗様 デイサービス・ルポ 1 2014052800000000 00078
00000059 20120401 20120417 高井様 次女 1 2014052800000000 00078
00000059 20120725 20120814 小林サービス提供責任者 こころケアサービス 1 2014052800000000 00078
00000059 20120725 20120814 小関千鶴 グランクレール・ケアサービス美しが丘（ケアプラン） 1 2014052800000000 00078
00000059 20120725 20120814 楠本様 長女 1 2014052800000000 00078
00000059 20120725 20120814 藤崎　香様 本人 1 2014052800000000 00078
00000059 20120725 20120814 遠藤相談員 (株)ヤマシタコーポレーション 1 2014052800000000 00078
00000059 20120725 20120814 高井様 次女 1 2014052800000000 00078
00000059 20130121 20130205 中山相談員 サクラサービス株式会社 1 2014052800000000 00078
00000059 20130121 20130205 中山香織 グランクレール・ケアサービス美しが丘 1 2014052800000000 00078
00000059 20130121 20130205 小林サービス提供責任者 こころケアサービス 1 2014052800000000 00078
00000059 20130121 20130205 藤崎　香様 本人 1 2014052800000000 00078
00000059 20130121 20130205 遠藤相談員 ㈱ヤマシタコーポレーション 1 2014052800000000 00078
00000059 20130121 20130205 酒井様（書面にて） デイサービス・ルポ 1 2014052800000000 00078
00000059 20130121 20130205 高井様 次女 1 2014052800000000 00078
00000059 20140128 20140128 中山香織 グランクレールケアサービス横浜 1 2014052800000000 00078
00000059 20140128 20140128 佐藤康広様 サクラサービス株式会社 1 2014052800000000 00078
00000059 20140128 20140128 小林春美様 こころケアサービス（書面） 1 2014052800000000 00078
00000059 20140128 20140128 楠本様 長女 1 2014052800000000 00078
00000059 20140128 20140128 藤﨑　香様 本人 1 2014052800000000 00078
00000059 20140128 20140128 西岡ちひろ様 ㈱ヤマシタコーポレーション 1 2014052800000000 00078
00000059 20140128 20140128 酒井様 デイサービス・ルポ 1 2014052800000000 00078
00000059 20140128 20140128 高井様 次女 1 2014052800000000 00078
