00000026 0070 2013 05 _ 1 20140718161951 00034
00000026 0070 2013 06 _ 1 20140718162545 00034
00000026 0070 2013 07 _ 1 20140718163011 00034
00000026 0070 2013 08 _ 1 20140718164140 00034
00000026 0070 2013 09 _ 1 20140625154029 00034
00000026 0070 2013 10 _ 1 20140625154615 00034
00000026 0070 2013 11 _ 1 20140625155030 00034
00000026 0070 2013 12 _ 1 20140625155507 00034
00000026 0070 2014 01 _ 1 20140611133739 00034
00000026 0070 2014 02 _ 1 20140611135647 00034
00000026 0070 2014 03 _ 1 20140611141324 00034
00000026 0070 2014 04 _ 1 20140611142032 00034
00000026 0073 2012 04 _ 1 20140731184549 00078
00000026 0073 2012 05 _ 1 20140801101328 00034
00000026 0073 2012 06 _ 1 20140801102056 00034
00000026 0073 2012 07 _ 1 20140801102847 00034
00000026 0073 2012 08 _ 1 20140801104123 00034
00000026 0073 2012 09 _ 1 20140801104818 00034
00000026 0073 2012 10 _ 1 20140801105444 00034
00000026 0073 2012 11 _ 1 20140801110756 00034
00000026 0073 2012 12 _ 1 20140801112526 00034
00000026 0073 2013 01 _ 1 20140718153953 00034
00000026 0073 2013 02 _ 1 20140718160421 00034
00000026 0073 2013 03 _ 1 20140718161119 00034
00000026 0073 2014 05 _ 1 20140815162530 00034
00000026 0073 2014 06 _ 1 20140701100201 00038
00000026 0073 2014 07 _ 1 20140731130243 00038
00000026 0073 2014 08 _ 1 20140829203520 00038
00000026 0073 2014 09 _ 1 20140930211741 00035
00000026 0073 2014 10 _ 1 20141028194725 00035
00000026 0073 2014 11 _ 1 20141130151429 00038
00000026 0073 2014 12 _ 1 20141209130231 00037
