000011792014081 00001179 2014 08 25 11 4001 10:15 11:14 0070 1 200 0 _ _ 1 1 20140904163451 88
000011792014082 00001179 2014 08 25 11 7311 10:15 11:14 0070 1 236 0 _ _ 1 1 20140904163451 88
000011792014091 00001179 2014 09 01 11 7311 10:15 11:14 0070 1 236 0 _ _ 1 1 20141008095819 24
000011792014091 00001179 2014 09 08 11 7311 10:15 11:14 0070 1 236 0 _ _ 1 1 20141008095819 24
000011792014091 00001179 2014 09 22 11 7311 10:15 11:14 0070 1 236 0 _ _ 1 1 20141008095819 24
000011792014091 00001179 2014 09 29 11 7311 10:15 11:14 0070 1 236 0 _ _ 1 1 20141008095819 24
000011792014101 00001179 2014 10 06 11 7311 10:15 11:14 0070 1 236 0 _ _ 1 1 20141102095647 88
000011792014101 00001179 2014 10 13 11 7311 10:15 11:14 0070 1 236 0 _ _ 1 1 20141102095647 88
000011792014101 00001179 2014 10 20 11 7311 10:15 11:14 0070 1 236 0 _ _ 1 1 20141102095647 88
000011792014101 00001179 2014 10 27 11 7311 10:15 11:14 0070 1 236 0 _ _ 1 1 20141102095647 88
000011792014111 00001179 2014 11 03 11 7311 10:15 11:14 0070 1 236 0 _ _ 1 1 20141201143745 88
000011792014111 00001179 2014 11 17 11 7311 10:15 11:14 0070 1 236 0 _ _ 1 1 20141201143745 88
000011792014111 00001179 2014 11 24 11 7311 10:15 11:14 0070 1 236 0 _ _ 1 1 20141201143745 88
000011792014121 00001179 2014 12 01 11 7311 10:15 11:14 0070 1 236 0 _ _ 1 1 20141116163745 88
000011792014121 00001179 2014 12 08 11 7311 10:15 11:14 0070 1 236 0 _ _ 1 1 20141116163745 88
000011792014121 00001179 2014 12 15 11 7311 10:15 11:14 0070 1 236 0 _ _ 1 1 20141116163745 88
000011792014121 00001179 2014 12 22 11 7311 10:15 11:14 0070 1 236 0 _ _ 1 1 20141116163745 88
000011792014121 00001179 2014 12 29 11 7311 10:15 11:14 0070 1 236 0 _ _ 1 1 20141116163745 88
