000001402014041 00000140 2014 04 27 17 1001 _ _ 0058 1 600 0 _ _ 1 1 20140618112819 24
000001402014051 00000140 2014 05 25 11 1112 06:40 07:00 0070 1 319 0 _ _ 1 1 20140811182943 24
000001402014051 00000140 2014 05 26 11 1112 06:40 07:00 0070 1 319 0 _ _ 1 1 20140811182943 24
000001402014051 00000140 2014 05 29 11 1112 06:40 07:00 0070 1 319 0 _ _ 1 1 20140811182943 24
000001402014051 00000140 2014 05 30 11 1112 06:40 07:00 0070 1 319 0 _ _ 1 1 20140811182943 24
000001402014051 00000140 2014 05 31 11 1112 06:40 07:00 0070 1 319 0 _ _ 1 1 20140811182943 24
0000014020140510 00000140 2014 05 27 11 1112 07:30 07:50 0070 1 319 0 _ _ 1 1 20140811182943 24
0000014020140511 00000140 2014 05 01 17 1002 _ _ 0058 1 300 0 _ _ 1 1 20140811182943 24
000001402014052 00000140 2014 05 24 11 1211 14:00 14:45 0070 1 404 0 _ _ 1 1 20140811182943 24
000001402014052 00000140 2014 05 31 11 1211 14:00 14:45 0070 1 404 0 _ _ 1 1 20140811182943 24
000001402014053 00000140 2014 05 24 11 4001 _ _ 0070 1 200 0 _ _ 1 1 20140811182943 24
000001402014054 00000140 2014 05 28 11 5111 14:45 15:50 0070 1 474 0 _ _ 1 1 20140811182943 24
000001402014055 00000140 2014 05 24 11 1112 20:00 20:20 0070 1 319 0 _ _ 1 1 20140811182943 24
000001402014055 00000140 2014 05 25 11 1112 20:00 20:20 0070 1 319 0 _ _ 1 1 20140811182943 24
000001402014055 00000140 2014 05 26 11 1112 20:00 20:20 0070 1 319 0 _ _ 1 1 20140811182943 24
000001402014055 00000140 2014 05 27 11 1112 20:00 20:20 0070 1 319 0 _ _ 1 1 20140811182943 24
000001402014055 00000140 2014 05 28 11 1112 20:00 20:20 0070 1 319 0 _ _ 1 1 20140811182943 24
000001402014055 00000140 2014 05 29 11 1112 20:00 20:20 0070 1 319 0 _ _ 1 1 20140811182943 24
000001402014055 00000140 2014 05 30 11 1112 20:00 20:20 0070 1 319 0 _ _ 1 1 20140811182943 24
000001402014055 00000140 2014 05 31 11 1112 20:00 20:20 0070 1 319 0 _ _ 1 1 20140811182943 24
000001402014056 00000140 2014 05 23 13 1501 15:15 15:55 0259 1 318 0 _ _ 1 1 20140811182943 24
000001402014056 00000140 2014 05 27 13 1501 15:15 15:55 0259 1 318 0 _ _ 1 1 20140811182943 24
000001402014056 00000140 2014 05 30 13 1501 15:15 15:55 0259 1 318 0 _ _ 1 1 20140811182943 24
000001402014057 00000140 2014 05 27 13 4002 _ _ 0259 1 300 0 _ _ 1 1 20140811182943 24
000001402014058 00000140 2014 05 01 17 1001 _ _ 0058 1 600 0 _ _ 1 1 20140811182943 24
000001402014059 00000140 2014 05 27 11 1112 06:30 06:50 0070 1 319 0 _ _ 1 1 20140811182943 24
000001402014071 00000140 2014 07 14 11 1113 05:00 05:20 0070 1 383 0 _ _ _ 1 20140803175634 11
0000014020140710 00000140 2014 07 23 11 1112 20:10 20:39 0070 1 319 0 _ _ _ 1 20140803175634 11
0000014020140710 00000140 2014 07 28 11 1112 20:10 20:39 0070 1 319 0 _ _ _ 1 20140803175634 11
0000014020140711 00000140 2014 07 01 13 1501 15:15 15:55 0259 1 318 0 _ _ _ 1 20140803175634 11
0000014020140711 00000140 2014 07 08 13 1501 15:15 15:55 0259 1 318 0 _ _ _ 1 20140803175634 11
0000014020140711 00000140 2014 07 11 13 1501 15:15 15:55 0259 1 318 0 _ _ _ 1 20140803175634 11
0000014020140711 00000140 2014 07 15 13 1501 15:15 15:55 0259 1 318 0 _ _ _ 1 20140803175634 11
0000014020140711 00000140 2014 07 18 13 1501 15:15 15:55 0259 1 318 0 _ _ _ 1 20140803175634 11
0000014020140711 00000140 2014 07 22 13 1501 15:15 15:55 0259 1 318 0 _ _ _ 1 20140803175634 11
0000014020140711 00000140 2014 07 25 13 1501 15:15 15:55 0259 1 318 0 _ _ _ 1 20140803175634 11
0000014020140711 00000140 2014 07 29 13 1501 15:15 15:55 0259 1 318 0 _ _ _ 1 20140803175634 11
0000014020140712 00000140 2014 07 01 17 1001 _ _ 0058 1 600 0 _ _ _ 1 20140803175634 11
0000014020140713 00000140 2014 07 01 17 1002 _ _ 0058 1 300 0 _ _ _ 1 20140803175634 11
0000014020140714 00000140 2014 07 04 13 1501 13:00 13:39 0259 1 318 0 _ _ _ 1 20140803175634 11
000001402014072 00000140 2014 07 08 11 1113 05:05 05:25 0070 1 383 0 _ _ _ 1 20140803175634 11
000001402014073 00000140 2014 07 13 11 1113 05:40 06:00 0070 1 383 0 _ _ _ 1 20140803175634 11
000001402014074 00000140 2014 07 01 11 1112 06:30 06:50 0070 1 319 0 _ _ _ 1 20140803175634 11
000001402014074 00000140 2014 07 02 11 1112 06:30 06:50 0070 1 319 0 _ _ _ 1 20140803175634 11
000001402014074 00000140 2014 07 03 11 1112 06:30 06:50 0070 1 319 0 _ _ _ 1 20140803175634 11
000001402014074 00000140 2014 07 04 11 1112 06:30 06:50 0070 1 319 0 _ _ _ 1 20140803175634 11
000001402014074 00000140 2014 07 05 11 1112 06:30 06:50 0070 1 319 0 _ _ _ 1 20140803175634 11
000001402014074 00000140 2014 07 06 11 1112 06:30 06:50 0070 1 319 0 _ _ _ 1 20140803175634 11
000001402014074 00000140 2014 07 09 11 1112 06:30 06:50 0070 1 319 0 _ _ _ 1 20140803175634 11
000001402014074 00000140 2014 07 10 11 1112 06:30 06:50 0070 1 319 0 _ _ _ 1 20140803175634 11
000001402014074 00000140 2014 07 11 11 1112 06:30 06:50 0070 1 319 0 _ _ _ 1 20140803175634 11
000001402014074 00000140 2014 07 12 11 1112 06:30 06:50 0070 1 319 0 _ _ _ 1 20140803175634 11
000001402014074 00000140 2014 07 15 11 1112 06:30 06:50 0070 1 319 0 _ _ _ 1 20140803175634 11
000001402014074 00000140 2014 07 16 11 1112 06:30 06:50 0070 1 319 0 _ _ _ 1 20140803175634 11
000001402014074 00000140 2014 07 17 11 1112 06:30 06:50 0070 1 319 0 _ _ _ 1 20140803175634 11
000001402014074 00000140 2014 07 18 11 1112 06:30 06:50 0070 1 319 0 _ _ _ 1 20140803175634 11
000001402014074 00000140 2014 07 19 11 1112 06:30 06:50 0070 1 319 0 _ _ _ 1 20140803175634 11
000001402014074 00000140 2014 07 20 11 1112 06:30 06:50 0070 1 319 0 _ _ _ 1 20140803175634 11
000001402014074 00000140 2014 07 21 11 1112 06:30 06:50 0070 1 319 0 _ _ _ 1 20140803175634 11
000001402014074 00000140 2014 07 22 11 1112 06:30 06:50 0070 1 319 0 _ _ _ 1 20140803175634 11
000001402014074 00000140 2014 07 23 11 1112 06:30 06:50 0070 1 319 0 _ _ _ 1 20140803175634 11
000001402014074 00000140 2014 07 24 11 1112 06:30 06:50 0070 1 319 0 _ _ _ 1 20140803175634 11
000001402014074 00000140 2014 07 25 11 1112 06:30 06:50 0070 1 319 0 _ _ _ 1 20140803175634 11
000001402014074 00000140 2014 07 26 11 1112 06:30 06:50 0070 1 319 0 _ _ _ 1 20140803175634 11
000001402014074 00000140 2014 07 27 11 1112 06:30 06:50 0070 1 319 0 _ _ _ 1 20140803175634 11
000001402014074 00000140 2014 07 28 11 1112 06:30 06:50 0070 1 319 0 _ _ _ 1 20140803175634 11
000001402014074 00000140 2014 07 29 11 1112 06:30 06:50 0070 1 319 0 _ _ _ 1 20140803175634 11
000001402014074 00000140 2014 07 30 11 1112 06:30 06:50 0070 1 319 0 _ _ _ 1 20140803175634 11
000001402014074 00000140 2014 07 31 11 1112 06:30 06:50 0070 1 319 0 _ _ _ 1 20140803175634 11
000001402014075 00000140 2014 07 05 11 1211 14:00 14:45 0070 1 404 0 _ _ _ 1 20140803175634 11
000001402014075 00000140 2014 07 12 11 1211 14:00 14:45 0070 1 404 0 _ _ _ 1 20140803175634 11
000001402014075 00000140 2014 07 19 11 1211 14:00 14:45 0070 1 404 0 _ _ _ 1 20140803175634 11
000001402014075 00000140 2014 07 26 11 1211 14:00 14:45 0070 1 404 0 _ _ _ 1 20140803175634 11
000001402014076 00000140 2014 07 09 11 5111 14:00 15:05 0070 1 474 0 _ _ _ 1 20140803175634 11
000001402014076 00000140 2014 07 16 11 5111 14:00 15:05 0070 1 474 0 _ _ _ 1 20140803175634 11
000001402014076 00000140 2014 07 23 11 5111 14:00 15:05 0070 1 474 0 _ _ _ 1 20140803175634 11
000001402014076 00000140 2014 07 30 11 5111 14:00 15:05 0070 1 474 0 _ _ _ 1 20140803175634 11
000001402014077 00000140 2014 07 02 11 5111 14:45 15:50 0070 1 474 0 _ _ _ 1 20140803175634 11
000001402014078 00000140 2014 07 01 11 1112 20:00 20:20 0070 1 319 0 _ _ _ 1 20140803175634 11
000001402014078 00000140 2014 07 08 11 1112 20:00 20:20 0070 1 319 0 _ _ _ 1 20140803175634 11
000001402014078 00000140 2014 07 09 11 1112 20:00 20:20 0070 1 319 0 _ _ _ 1 20140803175634 11
000001402014078 00000140 2014 07 10 11 1112 20:00 20:20 0070 1 319 0 _ _ _ 1 20140803175634 11
000001402014078 00000140 2014 07 14 11 1112 20:00 20:20 0070 1 319 0 _ _ _ 1 20140803175634 11
000001402014078 00000140 2014 07 15 11 1112 20:00 20:20 0070 1 319 0 _ _ _ 1 20140803175634 11
000001402014078 00000140 2014 07 20 11 1112 20:00 20:20 0070 1 319 0 _ _ _ 1 20140803175634 11
000001402014078 00000140 2014 07 21 11 1112 20:00 20:20 0070 1 319 0 _ _ _ 1 20140803175634 11
000001402014078 00000140 2014 07 26 11 1112 20:00 20:20 0070 1 319 0 _ _ _ 1 20140803175634 11
000001402014078 00000140 2014 07 27 11 1112 20:00 20:20 0070 1 319 0 _ _ _ 1 20140803175634 11
000001402014078 00000140 2014 07 30 11 1112 20:00 20:20 0070 1 319 0 _ _ _ 1 20140803175634 11
000001402014078 00000140 2014 07 31 11 1112 20:00 20:20 0070 1 319 0 _ _ _ 1 20140803175634 11
000001402014079 00000140 2014 07 02 11 1112 20:00 20:29 0070 1 319 0 _ _ _ 1 20140803175634 11
000001402014079 00000140 2014 07 03 11 1112 20:00 20:29 0070 1 319 0 _ _ _ 1 20140803175634 11
000001402014079 00000140 2014 07 04 11 1112 20:00 20:29 0070 1 319 0 _ _ _ 1 20140803175634 11
000001402014079 00000140 2014 07 05 11 1112 20:00 20:29 0070 1 319 0 _ _ _ 1 20140803175634 11
000001402014079 00000140 2014 07 06 11 1112 20:00 20:29 0070 1 319 0 _ _ _ 1 20140803175634 11
000001402014079 00000140 2014 07 07 11 1112 20:00 20:29 0070 1 319 0 _ _ _ 1 20140803175634 11
000001402014079 00000140 2014 07 11 11 1112 20:00 20:29 0070 1 319 0 _ _ _ 1 20140803175634 11
000001402014079 00000140 2014 07 12 11 1112 20:00 20:29 0070 1 319 0 _ _ _ 1 20140803175634 11
000001402014079 00000140 2014 07 13 11 1112 20:00 20:29 0070 1 319 0 _ _ _ 1 20140803175634 11
000001402014079 00000140 2014 07 16 11 1112 20:00 20:29 0070 1 319 0 _ _ _ 1 20140803175634 11
000001402014079 00000140 2014 07 17 11 1112 20:00 20:29 0070 1 319 0 _ _ _ 1 20140803175634 11
000001402014079 00000140 2014 07 18 11 1112 20:00 20:29 0070 1 319 0 _ _ _ 1 20140803175634 11
000001402014079 00000140 2014 07 19 11 1112 20:00 20:29 0070 1 319 0 _ _ _ 1 20140803175634 11
000001402014079 00000140 2014 07 22 11 1112 20:00 20:29 0070 1 319 0 _ _ _ 1 20140803175634 11
000001402014079 00000140 2014 07 24 11 1112 20:00 20:29 0070 1 319 0 _ _ _ 1 20140803175634 11
000001402014079 00000140 2014 07 25 11 1112 20:00 20:29 0070 1 319 0 _ _ _ 1 20140803175634 11
000001402014079 00000140 2014 07 29 11 1112 20:00 20:29 0070 1 319 0 _ _ _ 1 20140803175634 11
000001402014081 00000140 2014 08 01 11 1112 06:30 06:50 0070 1 319 0 _ _ 1 1 20140806110658 11
000001402014081 00000140 2014 08 02 11 1112 06:30 06:50 0070 1 319 0 _ _ 1 1 20140806110658 11
000001402014081 00000140 2014 08 03 11 1112 06:30 06:50 0070 1 319 0 _ _ 1 1 20140806110658 11
000001402014081 00000140 2014 08 04 11 1112 06:30 06:50 0070 1 319 0 _ _ 1 1 20140806110658 11
000001402014081 00000140 2014 08 05 11 1112 06:30 06:50 0070 1 319 0 _ _ 1 1 20140806110658 11
000001402014081 00000140 2014 08 06 11 1112 06:30 06:50 0070 1 319 0 _ _ 1 1 20140806110658 11
000001402014081 00000140 2014 08 07 11 1112 06:30 06:50 0070 1 319 0 _ _ 1 1 20140806110658 11
000001402014081 00000140 2014 08 08 11 1112 06:30 06:50 0070 1 319 0 _ _ 1 1 20140806110658 11
000001402014081 00000140 2014 08 09 11 1112 06:30 06:50 0070 1 319 0 _ _ 1 1 20140806110658 11
000001402014081 00000140 2014 08 10 11 1112 06:30 06:50 0070 1 319 0 _ _ 1 1 20140806110658 11
000001402014081 00000140 2014 08 11 11 1112 06:30 06:50 0070 1 319 0 _ _ 1 1 20140806110658 11
000001402014081 00000140 2014 08 12 11 1112 06:30 06:50 0070 1 319 0 _ _ 1 1 20140806110658 11
000001402014081 00000140 2014 08 13 11 1112 06:30 06:50 0070 1 319 0 _ _ 1 1 20140806110658 11
000001402014081 00000140 2014 08 14 11 1112 06:30 06:50 0070 1 319 0 _ _ 1 1 20140806110658 11
000001402014081 00000140 2014 08 15 11 1112 06:30 06:50 0070 1 319 0 _ _ 1 1 20140806110658 11
000001402014081 00000140 2014 08 16 11 1112 06:30 06:50 0070 1 319 0 _ _ 1 1 20140806110658 11
000001402014081 00000140 2014 08 17 11 1112 06:30 06:50 0070 1 319 0 _ _ 1 1 20140806110658 11
000001402014081 00000140 2014 08 18 11 1112 06:30 06:50 0070 1 319 0 _ _ 1 1 20140806110658 11
000001402014081 00000140 2014 08 19 11 1112 06:30 06:50 0070 1 319 0 _ _ 1 1 20140806110658 11
000001402014081 00000140 2014 08 20 11 1112 06:30 06:50 0070 1 319 0 _ _ 1 1 20140806110658 11
000001402014081 00000140 2014 08 21 11 1112 06:30 06:50 0070 1 319 0 _ _ 1 1 20140806110658 11
000001402014081 00000140 2014 08 22 11 1112 06:30 06:50 0070 1 319 0 _ _ 1 1 20140806110658 11
000001402014081 00000140 2014 08 23 11 1112 06:30 06:50 0070 1 319 0 _ _ 1 1 20140806110658 11
000001402014081 00000140 2014 08 24 11 1112 06:30 06:50 0070 1 319 0 _ _ 1 1 20140806110658 11
000001402014081 00000140 2014 08 25 11 1112 06:30 06:50 0070 1 319 0 _ _ 1 1 20140806110658 11
000001402014081 00000140 2014 08 26 11 1112 06:30 06:50 0070 1 319 0 _ _ 1 1 20140806110658 11
000001402014081 00000140 2014 08 27 11 1112 06:30 06:50 0070 1 319 0 _ _ 1 1 20140806110658 11
000001402014081 00000140 2014 08 28 11 1112 06:30 06:50 0070 1 319 0 _ _ 1 1 20140806110658 11
000001402014081 00000140 2014 08 29 11 1112 06:30 06:50 0070 1 319 0 _ _ 1 1 20140806110658 11
000001402014081 00000140 2014 08 30 11 1112 06:30 06:50 0070 1 319 0 _ _ 1 1 20140806110658 11
000001402014081 00000140 2014 08 31 11 1112 06:30 06:50 0070 1 319 0 _ _ 1 1 20140806110658 11
000001402014082 00000140 2014 08 02 11 1211 14:00 14:45 0070 1 404 0 _ _ 1 1 20140806110658 11
000001402014082 00000140 2014 08 09 11 1211 14:00 14:45 0070 1 404 0 _ _ 1 1 20140806110658 11
000001402014082 00000140 2014 08 16 11 1211 14:00 14:45 0070 1 404 0 _ _ 1 1 20140806110658 11
000001402014082 00000140 2014 08 23 11 1211 14:00 14:45 0070 1 404 0 _ _ 1 1 20140806110658 11
000001402014082 00000140 2014 08 30 11 1211 14:00 14:45 0070 1 404 0 _ _ 1 1 20140806110658 11
000001402014083 00000140 2014 08 06 11 5111 14:00 15:05 0070 1 474 0 _ _ 1 1 20140806110658 11
000001402014083 00000140 2014 08 13 11 5111 14:00 15:05 0070 1 474 0 _ _ 1 1 20140806110658 11
000001402014083 00000140 2014 08 20 11 5111 14:00 15:05 0070 1 474 0 _ _ 1 1 20140806110658 11
000001402014083 00000140 2014 08 27 11 5111 14:00 15:05 0070 1 474 0 _ _ 1 1 20140806110658 11
000001402014084 00000140 2014 08 01 11 1112 20:00 20:29 0070 1 319 0 _ _ 1 1 20140806110658 11
000001402014084 00000140 2014 08 02 11 1112 20:00 20:29 0070 1 319 0 _ _ 1 1 20140806110658 11
000001402014084 00000140 2014 08 03 11 1112 20:00 20:29 0070 1 319 0 _ _ 1 1 20140806110658 11
000001402014084 00000140 2014 08 04 11 1112 20:00 20:29 0070 1 319 0 _ _ 1 1 20140806110658 11
000001402014084 00000140 2014 08 05 11 1112 20:00 20:29 0070 1 319 0 _ _ 1 1 20140806110658 11
000001402014084 00000140 2014 08 06 11 1112 20:00 20:29 0070 1 319 0 _ _ 1 1 20140806110658 11
000001402014084 00000140 2014 08 07 11 1112 20:00 20:29 0070 1 319 0 _ _ 1 1 20140806110658 11
000001402014084 00000140 2014 08 08 11 1112 20:00 20:29 0070 1 319 0 _ _ 1 1 20140806110658 11
000001402014084 00000140 2014 08 09 11 1112 20:00 20:29 0070 1 319 0 _ _ 1 1 20140806110658 11
000001402014084 00000140 2014 08 10 11 1112 20:00 20:29 0070 1 319 0 _ _ 1 1 20140806110658 11
000001402014084 00000140 2014 08 11 11 1112 20:00 20:29 0070 1 319 0 _ _ 1 1 20140806110658 11
000001402014084 00000140 2014 08 12 11 1112 20:00 20:29 0070 1 319 0 _ _ 1 1 20140806110658 11
000001402014084 00000140 2014 08 13 11 1112 20:00 20:29 0070 1 319 0 _ _ 1 1 20140806110658 11
000001402014084 00000140 2014 08 14 11 1112 20:00 20:29 0070 1 319 0 _ _ 1 1 20140806110658 11
000001402014084 00000140 2014 08 15 11 1112 20:00 20:29 0070 1 319 0 _ _ 1 1 20140806110658 11
000001402014084 00000140 2014 08 16 11 1112 20:00 20:29 0070 1 319 0 _ _ 1 1 20140806110658 11
000001402014084 00000140 2014 08 17 11 1112 20:00 20:29 0070 1 319 0 _ _ 1 1 20140806110658 11
000001402014084 00000140 2014 08 18 11 1112 20:00 20:29 0070 1 319 0 _ _ 1 1 20140806110658 11
000001402014084 00000140 2014 08 19 11 1112 20:00 20:29 0070 1 319 0 _ _ 1 1 20140806110658 11
000001402014084 00000140 2014 08 20 11 1112 20:00 20:29 0070 1 319 0 _ _ 1 1 20140806110658 11
000001402014084 00000140 2014 08 21 11 1112 20:00 20:29 0070 1 319 0 _ _ 1 1 20140806110658 11
000001402014084 00000140 2014 08 22 11 1112 20:00 20:29 0070 1 319 0 _ _ 1 1 20140806110658 11
000001402014084 00000140 2014 08 23 11 1112 20:00 20:29 0070 1 319 0 _ _ 1 1 20140806110658 11
000001402014084 00000140 2014 08 24 11 1112 20:00 20:29 0070 1 319 0 _ _ 1 1 20140806110658 11
000001402014084 00000140 2014 08 25 11 1112 20:00 20:29 0070 1 319 0 _ _ 1 1 20140806110658 11
000001402014084 00000140 2014 08 26 11 1112 20:00 20:29 0070 1 319 0 _ _ 1 1 20140806110658 11
000001402014084 00000140 2014 08 27 11 1112 20:00 20:29 0070 1 319 0 _ _ 1 1 20140806110658 11
000001402014084 00000140 2014 08 28 11 1112 20:00 20:29 0070 1 319 0 _ _ 1 1 20140806110658 11
000001402014084 00000140 2014 08 29 11 1112 20:00 20:29 0070 1 319 0 _ _ 1 1 20140806110658 11
000001402014084 00000140 2014 08 30 11 1112 20:00 20:29 0070 1 319 0 _ _ 1 1 20140806110658 11
000001402014084 00000140 2014 08 31 11 1112 20:00 20:29 0070 1 319 0 _ _ 1 1 20140806110658 11
000001402014085 00000140 2014 08 01 13 1501 15:15 15:55 0259 1 318 0 _ _ 1 1 20140806110658 11
000001402014085 00000140 2014 08 05 13 1501 15:15 15:55 0259 1 318 0 _ _ 1 1 20140806110658 11
000001402014085 00000140 2014 08 12 13 1501 15:15 15:55 0259 1 318 0 _ _ 1 1 20140806110658 11
000001402014085 00000140 2014 08 19 13 1501 15:15 15:55 0259 1 318 0 _ _ 1 1 20140806110658 11
000001402014085 00000140 2014 08 26 13 1501 15:15 15:55 0259 1 318 0 _ _ 1 1 20140806110658 11
000001402014086 00000140 2014 08 01 17 1001 _ _ 0058 1 600 0 _ _ 1 1 20140806110658 11
000001402014087 00000140 2014 08 01 17 1002 _ _ 0058 1 420 0 _ _ 1 1 20140806110658 11
000001402014088 00000140 2014 08 08 13 1501 13:00 13:40 0259 1 318 0 _ _ 1 1 20140806110658 11
000001402014088 00000140 2014 08 15 13 1501 13:00 13:40 0259 1 318 0 _ _ 1 1 20140806110658 11
000001402014088 00000140 2014 08 22 13 1501 13:00 13:40 0259 1 318 0 _ _ 1 1 20140806110658 11
000001402014088 00000140 2014 08 29 13 1501 13:00 13:40 0259 1 318 0 _ _ 1 1 20140806110658 11
000001402014091 00000140 2014 09 01 11 1112 06:30 06:50 0070 1 319 0 _ _ _ 1 20140811162341 11
000001402014091 00000140 2014 09 02 11 1112 06:30 06:50 0070 1 319 0 _ _ _ 1 20140811162341 11
000001402014091 00000140 2014 09 03 11 1112 06:30 06:50 0070 1 319 0 _ _ _ 1 20140811162341 11
000001402014091 00000140 2014 09 04 11 1112 06:30 06:50 0070 1 319 0 _ _ _ 1 20140811162341 11
000001402014091 00000140 2014 09 05 11 1112 06:30 06:50 0070 1 319 0 _ _ _ 1 20140811162341 11
000001402014091 00000140 2014 09 06 11 1112 06:30 06:50 0070 1 319 0 _ _ _ 1 20140811162341 11
000001402014091 00000140 2014 09 07 11 1112 06:30 06:50 0070 1 319 0 _ _ _ 1 20140811162341 11
000001402014091 00000140 2014 09 08 11 1112 06:30 06:50 0070 1 319 0 _ _ _ 1 20140811162341 11
000001402014091 00000140 2014 09 09 11 1112 06:30 06:50 0070 1 319 0 _ _ _ 1 20140811162341 11
000001402014091 00000140 2014 09 10 11 1112 06:30 06:50 0070 1 319 0 _ _ _ 1 20140811162341 11
000001402014091 00000140 2014 09 11 11 1112 06:30 06:50 0070 1 319 0 _ _ _ 1 20140811162341 11
000001402014091 00000140 2014 09 12 11 1112 06:30 06:50 0070 1 319 0 _ _ _ 1 20140811162341 11
000001402014091 00000140 2014 09 13 11 1112 06:30 06:50 0070 1 319 0 _ _ _ 1 20140811162341 11
000001402014091 00000140 2014 09 14 11 1112 06:30 06:50 0070 1 319 0 _ _ _ 1 20140811162341 11
000001402014091 00000140 2014 09 15 11 1112 06:30 06:50 0070 1 319 0 _ _ _ 1 20140811162341 11
000001402014091 00000140 2014 09 16 11 1112 06:30 06:50 0070 1 319 0 _ _ _ 1 20140811162341 11
000001402014091 00000140 2014 09 17 11 1112 06:30 06:50 0070 1 319 0 _ _ _ 1 20140811162341 11
000001402014091 00000140 2014 09 18 11 1112 06:30 06:50 0070 1 319 0 _ _ _ 1 20140811162341 11
000001402014091 00000140 2014 09 19 11 1112 06:30 06:50 0070 1 319 0 _ _ _ 1 20140811162341 11
000001402014091 00000140 2014 09 20 11 1112 06:30 06:50 0070 1 319 0 _ _ _ 1 20140811162341 11
000001402014091 00000140 2014 09 21 11 1112 06:30 06:50 0070 1 319 0 _ _ _ 1 20140811162341 11
000001402014091 00000140 2014 09 22 11 1112 06:30 06:50 0070 1 319 0 _ _ _ 1 20140811162341 11
000001402014091 00000140 2014 09 23 11 1112 06:30 06:50 0070 1 319 0 _ _ _ 1 20140811162341 11
000001402014091 00000140 2014 09 24 11 1112 06:30 06:50 0070 1 319 0 _ _ _ 1 20140811162341 11
000001402014091 00000140 2014 09 25 11 1112 06:30 06:50 0070 1 319 0 _ _ _ 1 20140811162341 11
000001402014091 00000140 2014 09 26 11 1112 06:30 06:50 0070 1 319 0 _ _ _ 1 20140811162341 11
000001402014091 00000140 2014 09 27 11 1112 06:30 06:50 0070 1 319 0 _ _ _ 1 20140811162341 11
000001402014091 00000140 2014 09 28 11 1112 06:30 06:50 0070 1 319 0 _ _ _ 1 20140811162341 11
000001402014091 00000140 2014 09 29 11 1112 06:30 06:50 0070 1 319 0 _ _ _ 1 20140811162341 11
000001402014091 00000140 2014 09 30 11 1112 06:30 06:50 0070 1 319 0 _ _ _ 1 20140811162341 11
000001402014092 00000140 2014 09 06 11 1211 14:00 14:45 0070 1 404 0 _ _ _ 1 20140811162341 11
000001402014092 00000140 2014 09 13 11 1211 14:00 14:45 0070 1 404 0 _ _ _ 1 20140811162341 11
000001402014092 00000140 2014 09 20 11 1211 14:00 14:45 0070 1 404 0 _ _ _ 1 20140811162341 11
000001402014092 00000140 2014 09 27 11 1211 14:00 14:45 0070 1 404 0 _ _ _ 1 20140811162341 11
000001402014093 00000140 2014 09 03 11 5111 14:00 15:05 0070 1 474 0 _ _ _ 1 20140811162341 11
000001402014093 00000140 2014 09 10 11 5111 14:00 15:05 0070 1 474 0 _ _ _ 1 20140811162341 11
000001402014093 00000140 2014 09 17 11 5111 14:00 15:05 0070 1 474 0 _ _ _ 1 20140811162341 11
000001402014093 00000140 2014 09 24 11 5111 14:00 15:05 0070 1 474 0 _ _ _ 1 20140811162341 11
000001402014094 00000140 2014 09 01 11 1112 20:00 20:20 0070 1 319 0 _ _ _ 1 20140811162341 11
000001402014094 00000140 2014 09 02 11 1112 20:00 20:20 0070 1 319 0 _ _ _ 1 20140811162341 11
000001402014094 00000140 2014 09 03 11 1112 20:00 20:20 0070 1 319 0 _ _ _ 1 20140811162341 11
000001402014094 00000140 2014 09 04 11 1112 20:00 20:20 0070 1 319 0 _ _ _ 1 20140811162341 11
000001402014094 00000140 2014 09 05 11 1112 20:00 20:20 0070 1 319 0 _ _ _ 1 20140811162341 11
000001402014094 00000140 2014 09 06 11 1112 20:00 20:20 0070 1 319 0 _ _ _ 1 20140811162341 11
000001402014094 00000140 2014 09 07 11 1112 20:00 20:20 0070 1 319 0 _ _ _ 1 20140811162341 11
000001402014094 00000140 2014 09 08 11 1112 20:00 20:20 0070 1 319 0 _ _ _ 1 20140811162341 11
000001402014094 00000140 2014 09 09 11 1112 20:00 20:20 0070 1 319 0 _ _ _ 1 20140811162341 11
000001402014094 00000140 2014 09 10 11 1112 20:00 20:20 0070 1 319 0 _ _ _ 1 20140811162341 11
000001402014094 00000140 2014 09 11 11 1112 20:00 20:20 0070 1 319 0 _ _ _ 1 20140811162341 11
000001402014094 00000140 2014 09 12 11 1112 20:00 20:20 0070 1 319 0 _ _ _ 1 20140811162341 11
000001402014094 00000140 2014 09 13 11 1112 20:00 20:20 0070 1 319 0 _ _ _ 1 20140811162341 11
000001402014094 00000140 2014 09 14 11 1112 20:00 20:20 0070 1 319 0 _ _ _ 1 20140811162341 11
000001402014094 00000140 2014 09 15 11 1112 20:00 20:20 0070 1 319 0 _ _ _ 1 20140811162341 11
000001402014094 00000140 2014 09 16 11 1112 20:00 20:20 0070 1 319 0 _ _ _ 1 20140811162341 11
000001402014094 00000140 2014 09 17 11 1112 20:00 20:20 0070 1 319 0 _ _ _ 1 20140811162341 11
000001402014094 00000140 2014 09 18 11 1112 20:00 20:20 0070 1 319 0 _ _ _ 1 20140811162341 11
000001402014094 00000140 2014 09 19 11 1112 20:00 20:20 0070 1 319 0 _ _ _ 1 20140811162341 11
000001402014094 00000140 2014 09 20 11 1112 20:00 20:20 0070 1 319 0 _ _ _ 1 20140811162341 11
000001402014094 00000140 2014 09 21 11 1112 20:00 20:20 0070 1 319 0 _ _ _ 1 20140811162341 11
000001402014094 00000140 2014 09 22 11 1112 20:00 20:20 0070 1 319 0 _ _ _ 1 20140811162341 11
000001402014094 00000140 2014 09 23 11 1112 20:00 20:20 0070 1 319 0 _ _ _ 1 20140811162341 11
000001402014094 00000140 2014 09 24 11 1112 20:00 20:20 0070 1 319 0 _ _ _ 1 20140811162341 11
000001402014094 00000140 2014 09 25 11 1112 20:00 20:20 0070 1 319 0 _ _ _ 1 20140811162341 11
000001402014094 00000140 2014 09 26 11 1112 20:00 20:20 0070 1 319 0 _ _ _ 1 20140811162341 11
000001402014094 00000140 2014 09 27 11 1112 20:00 20:20 0070 1 319 0 _ _ _ 1 20140811162341 11
000001402014094 00000140 2014 09 28 11 1112 20:00 20:20 0070 1 319 0 _ _ _ 1 20140811162341 11
000001402014094 00000140 2014 09 29 11 1112 20:00 20:20 0070 1 319 0 _ _ _ 1 20140811162341 11
000001402014094 00000140 2014 09 30 11 1112 20:00 20:20 0070 1 319 0 _ _ _ 1 20140811162341 11
000001402014095 00000140 2014 09 05 13 1501 13:00 13:39 0259 1 318 0 _ _ _ 1 20140811162341 11
000001402014095 00000140 2014 09 12 13 1501 13:00 13:39 0259 1 318 0 _ _ _ 1 20140811162341 11
000001402014095 00000140 2014 09 19 13 1501 13:00 13:39 0259 1 318 0 _ _ _ 1 20140811162341 11
000001402014095 00000140 2014 09 26 13 1501 13:00 13:39 0259 1 318 0 _ _ _ 1 20140811162341 11
000001402014096 00000140 2014 09 02 13 1501 15:15 15:55 0259 1 318 0 _ _ _ 1 20140811162341 11
000001402014096 00000140 2014 09 09 13 1501 15:15 15:55 0259 1 318 0 _ _ _ 1 20140811162341 11
000001402014096 00000140 2014 09 16 13 1501 15:15 15:55 0259 1 318 0 _ _ _ 1 20140811162341 11
000001402014096 00000140 2014 09 23 13 1501 15:15 15:55 0259 1 318 0 _ _ _ 1 20140811162341 11
000001402014096 00000140 2014 09 30 13 1501 15:15 15:55 0259 1 318 0 _ _ _ 1 20140811162341 11
000001402014097 00000140 2014 09 01 17 1001 _ _ 0058 1 600 0 _ _ _ 1 20140811162341 11
000001402014098 00000140 2014 09 01 17 1002 _ _ 0058 1 420 0 _ _ _ 1 20140811162341 11
