000000622014061 00000062 2014 06 10 31 1223 1 _ _ 0015 _ 503 0 _ _ 1 20140703204830 24
000000622014061 00000062 2014 06 24 31 1223 1 _ _ 0015 _ 503 0 _ _ 1 20140703204830 24
000000622014062 00000062 2014 06 02 15 2441 1 09:30 16:35 0050 1 695 0 _ _ 1 20140703204830 24
000000622014062 00000062 2014 06 06 15 2441 1 09:30 16:35 0050 1 695 0 _ _ 1 20140703204830 24
000000622014062 00000062 2014 06 09 15 2441 1 09:30 16:35 0050 1 695 0 _ _ 1 20140703204830 24
000000622014062 00000062 2014 06 13 15 2441 1 09:30 16:35 0050 1 695 0 _ _ 1 20140703204830 24
000000622014062 00000062 2014 06 16 15 2441 1 09:30 16:35 0050 1 695 0 _ _ 1 20140703204830 24
000000622014062 00000062 2014 06 20 15 2441 1 09:30 16:35 0050 1 695 0 _ _ 1 20140703204830 24
000000622014062 00000062 2014 06 23 15 2441 1 09:30 16:35 0050 1 695 0 _ _ 1 20140703204830 24
000000622014062 00000062 2014 06 27 15 2441 1 09:30 16:35 0050 1 695 0 _ _ 1 20140703204830 24
000000622014062 00000062 2014 06 30 15 2441 1 09:30 16:35 0050 1 695 0 _ _ 1 20140703204830 24
000000622014063 00000062 2014 06 02 15 6102 1 09:30 16:35 0050 1 6 0 _ _ 1 20140703204830 24
000000622014063 00000062 2014 06 06 15 6102 1 09:30 16:35 0050 1 6 0 _ _ 1 20140703204830 24
000000622014063 00000062 2014 06 09 15 6102 1 09:30 16:35 0050 1 6 0 _ _ 1 20140703204830 24
000000622014063 00000062 2014 06 13 15 6102 1 09:30 16:35 0050 1 6 0 _ _ 1 20140703204830 24
000000622014063 00000062 2014 06 16 15 6102 1 09:30 16:35 0050 1 6 0 _ _ 1 20140703204830 24
000000622014063 00000062 2014 06 20 15 6102 1 09:30 16:35 0050 1 6 0 _ _ 1 20140703204830 24
000000622014063 00000062 2014 06 23 15 6102 1 09:30 16:35 0050 1 6 0 _ _ 1 20140703204830 24
000000622014063 00000062 2014 06 27 15 6102 1 09:30 16:35 0050 1 6 0 _ _ 1 20140703204830 24
000000622014063 00000062 2014 06 30 15 6102 1 09:30 16:35 0050 1 6 0 _ _ 1 20140703204830 24
000000622014064 00000062 2014 06 01 11 7311 1 14:00 15:00 0070 1 236 0 _ _ 1 20140703204830 24
000000622014064 00000062 2014 06 08 11 7311 1 14:00 15:00 0070 1 236 0 _ _ 1 20140703204830 24
000000622014064 00000062 2014 06 15 11 7311 1 14:00 15:00 0070 1 236 0 _ _ 1 20140703204830 24
000000622014064 00000062 2014 06 22 11 7311 1 14:00 15:00 0070 1 236 0 _ _ 1 20140703204830 24
000000622014064 00000062 2014 06 29 11 7311 1 14:00 15:00 0070 1 236 0 _ _ 1 20140703204830 24
000000622014071 00000062 2014 07 09 31 1223 1 _ _ 0015 1 503 0 _ _ 1 20140802180907 24
000000622014071 00000062 2014 07 15 31 1223 1 _ _ 0015 1 503 0 _ _ 1 20140802180907 24
000000622014071 00000062 2014 07 25 31 1223 1 _ _ 0015 1 503 0 _ _ 1 20140802180907 24
000000622014072 00000062 2014 07 04 15 2441 1 09:30 16:35 0050 1 695 0 _ _ 1 20140802180907 24
000000622014072 00000062 2014 07 07 15 2441 1 09:30 16:35 0050 1 695 0 _ _ 1 20140802180907 24
000000622014072 00000062 2014 07 11 15 2441 1 09:30 16:35 0050 1 695 0 _ _ 1 20140802180907 24
000000622014072 00000062 2014 07 14 15 2441 1 09:30 16:35 0050 1 695 0 _ _ 1 20140802180907 24
000000622014072 00000062 2014 07 18 15 2441 1 09:30 16:35 0050 1 695 0 _ _ 1 20140802180907 24
000000622014072 00000062 2014 07 21 15 2441 1 09:30 16:35 0050 1 695 0 _ _ 1 20140802180907 24
000000622014072 00000062 2014 07 25 15 2441 1 09:30 16:35 0050 1 695 0 _ _ 1 20140802180907 24
000000622014072 00000062 2014 07 28 15 2441 1 09:30 16:35 0050 1 695 0 _ _ 1 20140802180907 24
000000622014073 00000062 2014 07 04 15 6102 1 _ _ 0050 1 6 0 _ _ 1 20140802180907 24
000000622014073 00000062 2014 07 07 15 6102 1 _ _ 0050 1 6 0 _ _ 1 20140802180907 24
000000622014073 00000062 2014 07 11 15 6102 1 _ _ 0050 1 6 0 _ _ 1 20140802180907 24
000000622014073 00000062 2014 07 14 15 6102 1 _ _ 0050 1 6 0 _ _ 1 20140802180907 24
000000622014073 00000062 2014 07 18 15 6102 1 _ _ 0050 1 6 0 _ _ 1 20140802180907 24
000000622014073 00000062 2014 07 21 15 6102 1 _ _ 0050 1 6 0 _ _ 1 20140802180907 24
000000622014073 00000062 2014 07 25 15 6102 1 _ _ 0050 1 6 0 _ _ 1 20140802180907 24
000000622014073 00000062 2014 07 28 15 6102 1 _ _ 0050 1 6 0 _ _ 1 20140802180907 24
000000622014074 00000062 2014 07 06 11 7311 1 14:00 14:59 0070 1 236 0 _ _ 1 20140802180907 24
000000622014074 00000062 2014 07 13 11 7311 1 14:00 14:59 0070 1 236 0 _ _ 1 20140802180907 24
000000622014074 00000062 2014 07 20 11 7311 1 14:00 14:59 0070 1 236 0 _ _ 1 20140802180907 24
000000622014074 00000062 2014 07 27 11 7311 1 14:00 14:59 0070 1 236 0 _ _ 1 20140802180907 24
