00000214 0107 2012 04 _ 1 20140716175321 00078
00000214 0107 2012 05 _ 1 20140716175720 00078
00000214 0107 2012 06 _ 1 20140716180547 00078
00000214 0107 2012 07 _ 1 20140716180828 00078
00000214 0107 2012 08 _ 1 20140716181042 00078
00000214 0107 2012 09 _ 1 20140716181257 00078
00000214 0107 2012 10 _ 1 20140716181633 00078
00000214 0107 2012 11 _ 1 20140716181908 00078
00000214 0107 2012 12 _ 1 20140716182058 00078
00000214 0107 2013 01 _ 1 20140708180410 00078
00000214 0107 2013 02 _ 1 20140708180750 00078
00000214 0107 2013 03 _ 1 20140708181100 00078
00000214 0107 2013 04 _ 1 20140708181318 00078
00000214 0107 2013 05 _ 1 20140708181653 00078
00000214 0107 2013 06 _ 1 20140708181956 00078
00000214 0107 2013 07 _ 1 20140708182231 00078
00000214 0107 2013 08 _ 1 20140708182509 00078
00000214 0107 2013 09 _ 1 20140703141206 00078
00000214 0107 2013 10 _ 1 20140703141548 00078
00000214 0107 2013 11 _ 1 20140703142022 00078
00000214 0107 2013 12 _ 1 20140703142339 00078
00000214 0107 2014 01 _ 1 20140619121158 00078
00000214 0107 2014 02 _ 1 20140619121438 00078
00000214 0107 2014 03 _ 1 20140619121710 00078
00000214 0107 2014 04 _ 1 20140619122046 00078
00000214 0107 2014 05 _ 1 20140819105320 00078
00000214 0107 2014 06 _ 1 20140701155639 00049
00000214 0107 2014 07 _ 1 20140802131225 00047
00000214 0107 2014 08 _ 1 20140831131410 00049
00000214 0107 2014 09 _ 1 20140930204436 00049
00000214 0107 2014 10 _ 1 20141031202228 00049
00000214 0107 2014 11 _ 1 20141201121704 00049
00000214 0107 2014 12 _ 1 20141210122700 00049
