00000073 2012 10 22 14:45 15:45 11 7311 0070 10.84 1 235 1 20140808150407 00034
00000073 2012 10 29 14:45 15:45 11 7311 0070 10.84 1 235 1 20140808150407 00034
00000073 2012 11 05 14:45 15:45 11 7311 0070 10.84 1 235 1 20140808150755 00034
00000073 2012 11 12 14:45 15:45 11 7311 0070 10.84 1 235 1 20140808150755 00034
00000073 2012 11 19 14:45 15:45 11 7311 0070 10.84 1 235 1 20140808150755 00034
00000073 2012 11 26 14:45 15:45 11 7311 0070 10.84 1 235 1 20140808150755 00034
00000073 2012 12 03 14:45 15:45 11 7311 0070 10.84 1 235 1 20140808151734 00034
00000073 2012 12 10 14:45 15:45 11 7311 0070 10.84 1 235 1 20140808151734 00034
00000073 2012 12 17 14:45 15:45 11 7311 0070 10.84 1 235 1 20140808151734 00034
00000073 2012 12 24 14:45 15:14 11 7211 0070 10.84 1 190 1 20140808151734 00034
00000073 2013 01 07 14:45 15:45 11 7311 0070 10.84 1 235 1 20140725102222 00034
00000073 2013 01 14 14:45 15:45 11 7311 0070 10.84 1 235 1 20140725102222 00034
00000073 2013 01 21 14:45 15:45 11 7311 0070 10.84 1 235 1 20140725102222 00034
00000073 2013 01 28 14:45 15:45 11 7311 0070 10.84 1 235 1 20140725102222 00034
00000073 2013 02 04 14:45 15:45 11 7311 0070 10.84 1 235 1 20140725102708 00034
00000073 2013 02 11 14:45 15:45 11 7311 0070 10.84 1 235 1 20140725102708 00034
00000073 2013 02 18 14:45 15:45 11 7311 0070 10.84 1 235 1 20140725102708 00034
00000073 2013 02 25 14:45 15:45 11 7311 0070 10.84 1 235 1 20140725102708 00034
00000073 2013 03 04 14:45 15:45 11 7311 0070 10.84 1 235 1 20140725103140 00034
00000073 2013 03 11 14:45 15:45 11 7311 0070 10.84 1 235 1 20140725103140 00034
00000073 2013 03 20 10:45 11:45 11 7311 0070 10.84 1 235 1 20140725103140 00034
00000073 2013 03 25 14:45 15:45 11 7311 0070 10.84 1 235 1 20140725103140 00034
00000073 2013 04 01 14:45 15:45 11 7311 0070 10.84 1 235 1 20140725104050 00034
00000073 2013 04 08 14:45 15:45 11 7311 0070 10.84 1 235 1 20140725104050 00034
00000073 2013 04 15 14:45 15:45 11 7311 0070 10.84 1 235 1 20140725104050 00034
00000073 2013 04 24 10:45 11:45 11 7311 0070 10.84 1 235 1 20140725104050 00034
00000073 2013 04 29 14:45 15:45 11 7311 0070 10.84 1 235 1 20140725104050 00034
00000073 2013 05 06 14:45 15:45 11 7311 0070 10.84 1 235 1 20140725104754 00034
00000073 2013 05 15 10:45 11:45 11 7311 0070 10.84 1 235 1 20140725104754 00034
00000073 2013 05 20 14:45 15:45 11 7311 0070 10.84 1 235 1 20140725104754 00034
00000073 2013 05 27 14:45 15:45 11 7311 0070 10.84 1 235 1 20140725104754 00034
00000073 2013 06 04 15:15 16:10 11 7311 0070 10.84 1 235 1 20140725105119 00034
00000073 2013 06 10 14:45 15:45 11 7311 0070 10.84 1 235 1 20140725105119 00034
00000073 2013 06 17 14:45 15:45 11 7311 0070 10.84 1 235 1 20140725105119 00034
00000073 2013 06 24 14:45 15:45 11 7311 0070 10.84 1 235 1 20140725105119 00034
00000073 2013 07 01 14:45 15:45 11 7311 0070 10.84 1 235 1 20140725105555 00034
00000073 2013 07 08 14:45 15:45 11 7311 0070 10.84 1 235 1 20140725105555 00034
00000073 2013 07 15 14:45 15:45 11 7311 0070 10.84 1 235 1 20140725105555 00034
00000073 2013 07 22 14:45 15:45 11 7311 0070 10.84 1 235 1 20140725105555 00034
00000073 2013 07 29 14:45 15:45 11 7311 0070 10.84 1 235 1 20140725105555 00034
00000073 2013 08 05 14:45 15:30 61 1111 0073 10.84 1 1220 1 20140725110320 00034
00000073 2013 08 12 14:45 15:30 61 1111 0073 10.84 1 1220 1 20140725110320 00034
00000073 2013 08 19 14:45 15:30 61 1111 0073 10.84 1 1220 1 20140725110320 00034
00000073 2013 08 26 14:45 15:30 61 1111 0073 10.84 1 1220 1 20140725110320 00034
00000073 2013 09 02 14:45 15:30 61 1111 0073 10.84 1 1220 1 20140627115857 00034
00000073 2013 09 09 14:45 15:30 61 1111 0073 10.84 1 1220 1 20140627115857 00034
00000073 2013 09 16 14:45 15:30 61 1111 0073 10.84 1 1220 1 20140627115857 00034
00000073 2013 09 23 14:45 15:30 61 1111 0073 10.84 1 1220 1 20140627115857 00034
00000073 2013 09 30 14:45 15:30 61 1111 0073 10.84 1 1220 1 20140627115857 00034
00000073 2013 10 07 14:45 15:30 61 1111 0073 10.84 1 1220 1 20140627120212 00034
00000073 2013 10 14 14:45 15:30 61 1111 0073 10.84 1 1220 1 20140627120212 00034
00000073 2013 10 21 14:45 15:30 61 1111 0073 10.84 1 1220 1 20140627120212 00034
00000073 2013 10 28 14:45 15:30 61 1111 0073 10.84 1 1220 1 20140627120212 00034
00000073 2013 11 04 14:45 15:30 61 1111 0073 10.84 1 1220 1 20140627120445 00034
00000073 2013 11 11 14:45 15:30 61 1111 0073 10.84 1 1220 1 20140627120445 00034
00000073 2013 11 18 14:45 15:30 61 1111 0073 10.84 1 1220 1 20140627120445 00034
00000073 2013 11 25 14:45 15:30 61 1111 0073 10.84 1 1220 1 20140627120445 00034
00000073 2013 12 02 14:45 15:30 61 1111 0073 10.84 1 1220 1 20140627120724 00034
00000073 2013 12 09 14:45 15:30 61 1111 0073 10.84 1 1220 1 20140627120724 00034
00000073 2013 12 16 14:45 15:30 61 1111 0073 10.84 1 1220 1 20140627120724 00034
00000073 2013 12 23 14:45 15:30 61 1111 0073 10.84 1 1220 1 20140627120724 00034
00000073 2014 01 06 14:50 15:35 61 1111 0073 10.84 1 1220 1 20140613135415 00034
00000073 2014 01 13 14:45 15:30 61 1111 0073 10.84 1 1220 1 20140613135415 00034
00000073 2014 01 20 14:45 15:30 61 1111 0073 10.84 1 1220 1 20140613135415 00034
00000073 2014 01 28 14:45 15:30 61 1111 0073 10.84 1 1220 1 20140613135415 00034
00000073 2014 02 03 14:45 15:30 61 1111 0073 10.84 1 1220 1 20140613135833 00034
00000073 2014 02 10 14:45 15:30 61 1111 0073 10.84 1 1220 1 20140613135833 00034
00000073 2014 02 17 14:45 15:30 61 1111 0073 10.84 1 1220 1 20140613135833 00034
00000073 2014 02 24 14:45 15:30 61 1111 0073 10.84 1 1220 1 20140613135833 00034
00000073 2014 03 03 14:45 15:30 61 1111 0073 10.84 1 1220 1 20140613140310 00034
00000073 2014 03 10 14:45 15:30 61 1111 0073 10.84 1 1220 1 20140613140310 00034
00000073 2014 03 17 14:45 15:30 61 1111 0073 10.84 1 1220 1 20140613140310 00034
00000073 2014 03 24 14:45 15:30 61 1111 0073 10.84 1 1220 1 20140613140310 00034
00000073 2014 03 31 14:45 15:30 61 1111 0073 10.84 1 1220 1 20140613140310 00034
00000073 2014 04 07 14:45 15:30 61 1111 0073 10.84 1 1226 1 20140613142019 00034
00000073 2014 04 14 14:45 15:30 61 1111 0073 10.84 1 1226 1 20140613142019 00034
00000073 2014 04 28 14:45 15:30 61 1111 0073 10.84 1 1226 1 20140613142019 00034
00000073 2014 05 05 14:45 15:30 61 1111 0073 10.84 1 1226 1 20140815185212 00034
00000073 2014 05 12 14:45 15:30 61 1111 0073 10.84 1 1226 1 20140815185212 00034
00000073 2014 05 19 14:45 15:30 61 1111 0073 10.84 1 1226 1 20140815185212 00034
00000073 2014 05 26 14:45 15:30 61 1111 0073 10.84 1 1226 1 20140815185212 00034
00000073 2014 06 09 14:15 15:29 61 1111 0073 10.84 1 1226 1 20140701101652 00078
00000073 2014 06 09 14:45 15:29 61 1111 0073 10.84 1 1226 1 20140701161749 00034
00000073 2014 06 16 14:45 15:29 61 1111 0073 10.84 1 1226 1 20140701161749 00034
00000073 2014 06 23 14:45 15:29 61 1111 0073 10.84 1 1226 1 20140701161749 00034
00000073 2014 06 30 14:45 15:29 61 1111 0073 10.84 1 1226 1 20140701161749 00034
00000073 2014 07 07 14:45 15:29 61 1111 0073 10.84 1 1226 1 20140731130315 00038
00000073 2014 07 14 14:45 15:29 61 1111 0073 10.84 1 1226 1 20140731130315 00038
00000073 2014 07 21 14:45 15:29 61 1111 0073 10.84 1 1226 1 20140731130315 00038
00000073 2014 07 28 14:45 15:29 61 1111 0073 10.84 1 1226 1 20140731130315 00038
00000073 2014 08 04 14:45 15:29 61 1111 0073 10.84 1 1226 1 20140829202715 00038
00000073 2014 08 11 14:45 15:29 61 1111 0073 10.84 1 1226 1 20140829202715 00038
00000073 2014 08 18 14:45 15:29 61 1111 0073 10.84 1 1226 1 20140829202715 00038
00000073 2014 08 25 14:45 15:29 61 1111 0073 10.84 1 1226 1 20140829202715 00038
00000073 2014 09 01 14:45 15:29 61 1111 0073 10.84 1 1226 1 20140930212501 00035
00000073 2014 09 08 14:45 15:29 61 1111 0073 10.84 1 1226 1 20140930212501 00035
00000073 2014 09 15 14:45 15:29 61 1111 0073 10.84 1 1226 1 20140930212501 00035
00000073 2014 09 22 14:45 15:29 61 1111 0073 10.84 1 1226 1 20140930212501 00035
00000073 2014 09 29 14:45 15:29 61 1111 0073 10.84 1 1226 1 20140930212501 00035
00000073 2014 10 06 14:45 15:29 61 1111 0073 10.84 1 1226 1 20141028194809 00035
00000073 2014 10 13 14:45 15:29 61 1111 0073 10.84 1 1226 1 20141028194809 00035
00000073 2014 10 20 14:45 15:29 61 1111 0073 10.84 1 1226 1 20141028194809 00035
00000073 2014 10 27 14:45 15:29 61 1111 0073 10.84 1 1226 1 20141028194809 00035
00000073 2014 11 03 14:45 15:29 61 1111 0073 10.84 1 1226 1 20141127185732 00035
00000073 2014 11 10 14:45 15:29 61 1111 0073 10.84 1 1226 1 20141127185732 00035
00000073 2014 11 17 14:45 15:29 61 1111 0073 10.84 1 1226 1 20141127185732 00035
00000073 2014 11 24 14:45 15:29 61 1111 0073 10.84 1 1226 1 20141127185732 00035
