1 00000073 2013 08 61 0073 グランクレール・ケアサービス横浜 1111 予防訪問介護Ⅰ 1220 0 1220 4 1220 0 1220 1220 0 10.84 13224 90 11901 1323 0 n n 0 1 20140725110320 00034
1 00000073 2013 09 61 0073 グランクレール・ケアサービス横浜 1111 予防訪問介護Ⅰ 1220 0 1220 5 1220 0 1220 1220 0 10.84 13224 90 11901 1323 0 n n 0 1 20140627115857 00034
1 00000073 2013 10 61 0073 グランクレール・ケアサービス横浜 1111 予防訪問介護Ⅰ 1220 0 1220 4 1220 0 1220 1220 0 10.84 13224 90 11901 1323 0 n n 0 1 20140627120212 00034
1 00000073 2013 11 61 0073 グランクレール・ケアサービス横浜 1111 予防訪問介護Ⅰ 1220 0 1220 4 1220 0 1220 1220 0 10.84 13224 90 11901 1323 0 n n 0 1 20140627120445 00034
1 00000073 2013 12 61 0073 グランクレール・ケアサービス横浜 1111 予防訪問介護Ⅰ 1220 0 1220 4 1220 0 1220 1220 0 10.84 13224 90 11901 1323 0 n n 0 1 20140627120724 00034
1 00000073 2014 01 61 0073 グランクレール・ケアサービス横浜 1111 予防訪問介護Ⅰ 1220 0 1220 4 1220 0 1220 1220 0 10.84 13224 90 11901 1323 0 n n 0 1 20140613135415 00034
1 00000073 2014 02 61 0073 グランクレール・ケアサービス横浜 1111 予防訪問介護Ⅰ 1220 0 1220 4 1220 0 1220 1220 0 10.84 13224 90 11901 1323 0 n n 0 1 20140613135833 00034
1 00000073 2014 03 61 0073 グランクレール・ケアサービス横浜 1111 予防訪問介護Ⅰ 1220 0 1220 5 1220 0 1220 1220 0 10.84 13224 90 11901 1323 0 n n 0 1 20140613140310 00034
1 00000073 2014 04 61 0073 グランクレール・ケアサービス横浜 1111 予防訪問介護Ⅰ 1226 0 1226 3 1226 0 1226 1226 0 10.84 13289 90 11960 1329 0 n n 0 1 20140613142019 00034
1 00000073 2014 05 61 0073 グランクレール・ケアサービス横浜 1111 予防訪問介護Ⅰ 1226 0 1226 4 1226 0 1226 1226 0 10.84 13289 90 11960 1329 0 n n 0 1 20140815185212 00034
1 00000073 2014 06 61 0073 グランクレール・ケアサービス横浜 1111 予防訪問介護Ⅰ 1226 0 1226 4 1226 0 1226 1226 0 10.84 13289 90 11960 1329 0 n n 0 1 20140701161749 00034
1 00000073 2014 07 61 0073 グランクレール・ケアサービス横浜 1111 予防訪問介護Ⅰ 1226 0 1226 4 1226 0 1226 1226 0 10.84 13289 90 11960 1329 0 n n 0 1 20140731130315 00038
1 00000073 2014 08 61 0073 グランクレール・ケアサービス横浜 1111 予防訪問介護Ⅰ 1226 0 1226 4 1226 0 1226 1226 0 10.84 13289 90 11960 1329 0 n n 0 1 20140829202715 00038
1 00000073 2014 09 61 0073 グランクレール・ケアサービス横浜 1111 予防訪問介護Ⅰ 1226 0 1226 5 1226 0 1226 1226 0 10.84 13289 90 11960 1329 0 n n 0 1 20140930212501 00035
1 00000073 2014 10 61 0073 グランクレール・ケアサービス横浜 1111 予防訪問介護Ⅰ 1226 0 1226 4 1226 0 1226 1226 0 10.84 13289 90 11960 1329 0 n n 0 1 20141028194809 00035
1 00000073 2014 11 61 0073 グランクレール・ケアサービス横浜 1111 予防訪問介護Ⅰ 1226 0 1226 4 1226 0 1226 1226 0 10.84 13289 90 11960 1329 0 n n 0 1 20141127185732 00035
1 00000073 2014 12 61 0073 グランクレール・ケアサービス横浜 1111 予防訪問介護Ⅰ 1226 0 1226 5 1226 0 1226 1226 0 10.84 13289 90 11960 1329 0 n n 0 1 20141209130051 00037
2 00000073 2013 08 61 0073 グランクレール・ケアサービス横浜 6271 予防訪問介護処遇改善加算Ⅰ 49 0 49 1 49 0 49 49 0 10.84 531 90 477 54 0 a g 0 1 20140725110320 00034
2 00000073 2013 09 61 0073 グランクレール・ケアサービス横浜 6271 予防訪問介護処遇改善加算Ⅰ 49 0 49 1 49 0 49 49 0 10.84 531 90 477 54 0 a g 0 1 20140627115857 00034
2 00000073 2013 10 61 0073 グランクレール・ケアサービス横浜 6271 予防訪問介護処遇改善加算Ⅰ 49 0 49 1 49 0 49 49 0 10.84 531 90 477 54 0 a g 0 1 20140627120212 00034
2 00000073 2013 11 61 0073 グランクレール・ケアサービス横浜 6271 予防訪問介護処遇改善加算Ⅰ 49 0 49 1 49 0 49 49 0 10.84 531 90 477 54 0 a g 0 1 20140627120445 00034
2 00000073 2013 12 61 0073 グランクレール・ケアサービス横浜 6271 予防訪問介護処遇改善加算Ⅰ 49 0 49 1 49 0 49 49 0 10.84 531 90 477 54 0 a g 0 1 20140627120724 00034
2 00000073 2014 01 61 0073 グランクレール・ケアサービス横浜 6271 予防訪問介護処遇改善加算Ⅰ 49 0 49 1 49 0 49 49 0 10.84 531 90 477 54 0 a g 0 1 20140613135415 00034
2 00000073 2014 02 61 0073 グランクレール・ケアサービス横浜 6271 予防訪問介護処遇改善加算Ⅰ 49 0 49 1 49 0 49 49 0 10.84 531 90 477 54 0 a g 0 1 20140613135833 00034
2 00000073 2014 03 61 0073 グランクレール・ケアサービス横浜 6271 予防訪問介護処遇改善加算Ⅰ 49 0 49 1 49 0 49 49 0 10.84 531 90 477 54 0 a g 0 1 20140613140310 00034
2 00000073 2014 04 61 0073 グランクレール・ケアサービス横浜 6271 予防訪問介護処遇改善加算Ⅰ 49 0 49 1 49 0 49 49 0 10.84 531 90 477 54 0 a g 0 1 20140613142019 00034
2 00000073 2014 05 61 0073 グランクレール・ケアサービス横浜 6271 予防訪問介護処遇改善加算Ⅰ 49 0 49 1 49 0 49 49 0 10.84 531 90 477 54 0 a g 0 1 20140815185212 00034
2 00000073 2014 06 61 0073 グランクレール・ケアサービス横浜 6271 予防訪問介護処遇改善加算Ⅰ 49 0 49 1 49 0 49 49 0 10.84 531 90 477 54 0 a g 0 1 20140701161749 00034
2 00000073 2014 07 61 0073 グランクレール・ケアサービス横浜 6271 予防訪問介護処遇改善加算Ⅰ 49 0 49 1 49 0 49 49 0 10.84 531 90 477 54 0 a g 0 1 20140731130315 00038
2 00000073 2014 08 61 0073 グランクレール・ケアサービス横浜 6271 予防訪問介護処遇改善加算Ⅰ 49 0 49 1 49 0 49 49 0 10.84 531 90 477 54 0 a g 0 1 20140829202715 00038
2 00000073 2014 09 61 0073 グランクレール・ケアサービス横浜 6271 予防訪問介護処遇改善加算Ⅰ 49 0 49 1 49 0 49 49 0 10.84 531 90 477 54 0 a g 0 1 20140930212501 00035
2 00000073 2014 10 61 0073 グランクレール・ケアサービス横浜 6271 予防訪問介護処遇改善加算Ⅰ 49 0 49 1 49 0 49 49 0 10.84 531 90 477 54 0 a g 0 1 20141028194809 00035
2 00000073 2014 11 61 0073 グランクレール・ケアサービス横浜 6271 予防訪問介護処遇改善加算Ⅰ 49 0 49 1 49 0 49 49 0 10.84 531 90 477 54 0 a g 0 1 20141127185732 00035
2 00000073 2014 12 61 0073 グランクレール・ケアサービス横浜 6271 予防訪問介護処遇改善加算Ⅰ 49 0 49 1 49 0 49 49 0 10.84 531 90 477 54 0 a g 0 1 20141209130051 00037
