00000073 0070 2012 10 0000088 22 00036 _ 14:45 15:45 2 _ 0 7311 1 11 1 20140808150407 00034
00000073 0070 2012 10 0000089 29 00036 _ 14:45 15:45 2 _ 0 7311 1 11 1 20140808150407 00034
00000073 0070 2012 11 0000090 05 00036 _ 14:45 15:45 2 _ 0 7311 1 11 1 20140808150755 00034
00000073 0070 2012 11 0000091 12 00036 _ 14:45 15:45 2 _ 0 7311 1 11 1 20140808150755 00034
00000073 0070 2012 11 0000092 19 00036 _ 14:45 15:45 2 _ 0 7311 1 11 1 20140808150755 00034
00000073 0070 2012 11 0000093 26 00036 _ 14:45 15:45 2 _ 0 7311 1 11 1 20140808150755 00034
00000073 0070 2012 12 0000094 03 00036 _ 14:45 15:45 2 _ 0 7311 1 11 1 20140808151734 00034
00000073 0070 2012 12 0000095 10 00036 _ 14:45 15:45 2 _ 0 7311 1 11 1 20140808151734 00034
00000073 0070 2012 12 0000096 17 00036 _ 14:45 15:45 2 _ 0 7311 1 11 1 20140808151734 00034
00000073 0070 2012 12 0000097 24 00036 _ 14:45 15:14 2 _ 0 7211 1 11 1 20140808151734 00034
00000073 0070 2013 01 0000054 07 00036 _ 14:45 15:45 2 _ 0 7311 1 11 1 20140725102222 00034
00000073 0070 2013 01 0000055 14 00036 _ 14:45 15:45 2 _ 0 7311 1 11 1 20140725102222 00034
00000073 0070 2013 01 0000056 21 00036 _ 14:45 15:45 2 _ 0 7311 1 11 1 20140725102222 00034
00000073 0070 2013 01 0000057 28 00036 _ 14:45 15:45 2 _ 0 7311 1 11 1 20140725102222 00034
00000073 0070 2013 02 0000058 04 00036 _ 14:45 15:45 2 _ 0 7311 1 11 1 20140725102708 00034
00000073 0070 2013 02 0000059 11 00036 _ 14:45 15:45 2 _ 0 7311 1 11 1 20140725102708 00034
00000073 0070 2013 02 0000060 18 00036 _ 14:45 15:45 2 _ 0 7311 1 11 1 20140725102708 00034
00000073 0070 2013 02 0000061 25 00036 _ 14:45 15:45 2 _ 0 7311 1 11 1 20140725102708 00034
00000073 0070 2013 03 0000062 04 00036 _ 14:45 15:45 2 _ 0 7311 1 11 1 20140725103140 00034
00000073 0070 2013 03 0000063 11 00036 _ 14:45 15:45 2 _ 0 7311 1 11 1 20140725103140 00034
00000073 0070 2013 03 0000064 20 00036 _ 10:45 11:45 2 _ 0 7311 1 11 1 20140725103140 00034
00000073 0070 2013 03 0000065 25 00036 _ 14:45 15:45 2 _ 0 7311 1 11 1 20140725103140 00034
00000073 0070 2013 04 0000066 01 00036 _ 14:45 15:45 2 _ 0 7311 1 11 1 20140725104050 00034
00000073 0070 2013 04 0000067 08 00036 _ 14:45 15:45 2 _ 0 7311 1 11 1 20140725104050 00034
00000073 0070 2013 04 0000068 15 00036 _ 14:45 15:45 2 _ 0 7311 1 11 1 20140725104050 00034
00000073 0070 2013 04 0000069 24 00036 _ 10:45 11:45 2 _ 0 7311 1 11 1 20140725104050 00034
00000073 0070 2013 04 0000070 29 00036 _ 14:45 15:45 2 _ 0 7311 1 11 1 20140725104050 00034
00000073 0070 2013 05 0000071 06 00036 _ 14:45 15:45 2 _ 0 7311 1 11 1 20140725104754 00034
00000073 0070 2013 05 0000072 15 00036 _ 10:45 11:45 2 _ 0 7311 1 11 1 20140725104754 00034
00000073 0070 2013 05 0000073 20 00036 _ 14:45 15:45 2 _ 0 7311 1 11 1 20140725104754 00034
00000073 0070 2013 05 0000074 27 00036 _ 14:45 15:45 2 _ 0 7311 1 11 1 20140725104754 00034
00000073 0070 2013 06 0000075 04 00034 _ 15:15 16:10 2 _ 0 7311 1 11 1 20140725105119 00034
00000073 0070 2013 06 0000076 10 00036 _ 14:45 15:45 2 _ 0 7311 1 11 1 20140725105119 00034
00000073 0070 2013 06 0000077 17 00036 _ 14:45 15:45 2 _ 0 7311 1 11 1 20140725105119 00034
00000073 0070 2013 06 0000078 24 00036 _ 14:45 15:45 2 _ 0 7311 1 11 1 20140725105119 00034
00000073 0070 2013 07 0000079 01 00035 _ 14:45 15:45 2 _ 0 7311 1 11 1 20140725105555 00034
00000073 0070 2013 07 0000080 08 00038 _ 14:45 15:45 2 _ 0 7311 1 11 1 20140725105555 00034
00000073 0070 2013 07 0000081 15 00036 _ 14:45 15:45 2 _ 0 7311 1 11 1 20140725105555 00034
00000073 0070 2013 07 0000082 22 00036 _ 14:45 15:45 2 _ 0 7311 1 11 1 20140725105555 00034
00000073 0070 2013 07 0000083 29 00036 _ 14:45 15:45 2 _ 0 7311 1 11 1 20140725105555 00034
00000073 0073 2013 08 0000084 05 00036 _ 14:45 15:30 _ _ 0 1111 1 61 1 20140725110320 00034
00000073 0073 2013 08 0000085 12 00036 _ 14:45 15:30 _ _ 0 1111 1 61 1 20140725110320 00034
00000073 0073 2013 08 0000086 19 00036 _ 14:45 15:30 _ _ 0 1111 1 61 1 20140725110320 00034
00000073 0073 2013 08 0000087 26 00035 _ 14:45 15:30 _ _ 0 1111 1 61 1 20140725110320 00034
00000073 0073 2013 09 0000037 02 00036 _ 14:45 15:30 _ _ 0 1111 1 61 1 20140627115857 00034
00000073 0073 2013 09 0000038 09 00036 _ 14:45 15:30 _ _ 0 1111 1 61 1 20140627115857 00034
00000073 0073 2013 09 0000039 16 00036 _ 14:45 15:30 _ _ 0 1111 1 61 1 20140627115857 00034
00000073 0073 2013 09 0000040 23 00036 _ 14:45 15:30 _ _ 0 1111 1 61 1 20140627115857 00034
00000073 0073 2013 09 0000041 30 00036 _ 14:45 15:30 _ _ 0 1111 1 61 1 20140627115857 00034
00000073 0073 2013 10 0000042 07 00036 _ 14:45 15:30 _ _ 0 1111 1 61 1 20140627120212 00034
00000073 0073 2013 10 0000043 14 00036 _ 14:45 15:30 _ _ 0 1111 1 61 1 20140627120212 00034
00000073 0073 2013 10 0000044 21 00036 _ 14:45 15:30 _ _ 0 1111 1 61 1 20140627120212 00034
00000073 0073 2013 10 0000045 28 00036 _ 14:45 15:30 _ _ 0 1111 1 61 1 20140627120212 00034
00000073 0073 2013 11 0000046 04 00036 _ 14:45 15:30 _ _ 0 1111 1 61 1 20140627120445 00034
00000073 0073 2013 11 0000047 11 00036 _ 14:45 15:30 _ _ 0 1111 1 61 1 20140627120445 00034
00000073 0073 2013 11 0000048 18 00036 _ 14:45 15:30 _ _ 0 1111 1 61 1 20140627120445 00034
00000073 0073 2013 11 0000049 25 00036 _ 14:45 15:30 _ _ 0 1111 1 61 1 20140627120445 00034
00000073 0073 2013 12 0000050 02 00036 _ 14:45 15:30 _ _ 0 1111 1 61 1 20140627120724 00034
00000073 0073 2013 12 0000051 09 00036 _ 14:45 15:30 _ _ 0 1111 1 61 1 20140627120724 00034
00000073 0073 2013 12 0000052 16 00036 _ 14:45 15:30 _ _ 0 1111 1 61 1 20140627120724 00034
00000073 0073 2013 12 0000053 23 00038 _ 14:45 15:30 _ _ 0 1111 1 61 1 20140627120724 00034
00000073 0073 2014 01 0000019 06 00036 _ 14:50 15:35 _ _ 0 1111 1 61 1 20140613135415 00034
00000073 0073 2014 01 0000020 13 00036 _ 14:45 15:30 _ _ 0 1111 1 61 1 20140613135415 00034
00000073 0073 2014 01 0000021 20 00036 _ 14:45 15:30 _ _ 0 1111 1 61 1 20140613135415 00034
00000073 0073 2014 01 0000022 28 00035 _ 14:45 15:30 _ _ 0 1111 1 61 1 20140613135415 00034
00000073 0073 2014 02 0000023 03 00036 _ 14:45 15:30 _ _ 0 1111 1 61 1 20140613135833 00034
00000073 0073 2014 02 0000024 10 00036 _ 14:45 15:30 _ _ 0 1111 1 61 1 20140613135833 00034
00000073 0073 2014 02 0000025 17 00036 _ 14:45 15:30 _ _ 0 1111 1 61 1 20140613135833 00034
00000073 0073 2014 02 0000026 24 00036 _ 14:45 15:30 _ _ 0 1111 1 61 1 20140613135833 00034
00000073 0073 2014 03 0000027 03 00036 _ 14:45 15:30 _ _ 0 1111 1 61 1 20140613140310 00034
00000073 0073 2014 03 0000028 10 00036 _ 14:45 15:30 _ _ 0 1111 1 61 1 20140613140310 00034
00000073 0073 2014 03 0000029 17 00036 _ 14:45 15:30 _ _ 0 1111 1 61 1 20140613140310 00034
00000073 0073 2014 03 0000030 24 00036 _ 14:45 15:30 _ _ 0 1111 1 61 1 20140613140310 00034
00000073 0073 2014 03 0000031 31 00036 _ 14:45 15:30 _ _ 0 1111 1 61 1 20140613140310 00034
00000073 0073 2014 04 0000032 07 00036 _ 14:45 15:30 _ _ 0 1111 1 61 1 20140613142019 00034
00000073 0073 2014 04 0000033 14 00036 _ 14:45 15:30 _ _ 0 1111 1 61 1 20140613142019 00034
00000073 0073 2014 04 0000034 28 00036 _ 14:45 15:30 _ _ 0 1111 1 61 1 20140613142019 00034
00000073 0073 2014 05 0000035 05 00036 _ 14:45 15:30 _ _ 0 1111 1 61 1 20140815185212 00034
00000073 0073 2014 05 0000036 12 00036 _ 14:45 15:30 _ _ 0 1111 1 61 1 20140815185212 00034
00000073 0073 2014 05 0000098 19 00036 _ 14:45 15:30 _ _ 0 1111 1 61 1 20140815185212 00034
00000073 0073 2014 05 0000099 26 00036 _ 14:45 15:30 _ _ 0 1111 1 61 1 20140815185212 00034
00000073 0073 2014 06 0000002 09 00036 _ 14:45 15:29 2 _ 0 _ 1 61 9 20140701161308 00034
00000073 0073 2014 06 0000003 16 00036 _ 14:45 15:29 2 _ 0 1111 1 61 1 20140701161749 00034
00000073 0073 2014 06 0000004 23 00036 _ 14:45 15:29 2 _ 0 1111 1 61 1 20140701161749 00034
00000073 0073 2014 06 0000005 30 00036 _ 14:45 15:29 2 _ 0 1111 1 61 1 20140701161749 00034
00000073 0073 2014 06 0000006 09 00036 _ 14:45 15:29 2 _ 0 1111 1 61 1 20140701161749 00034
00000073 0073 2014 07 0000007 07 00038 _ 14:45 15:29 2 _ 0 1111 1 61 1 20140731130315 00038
00000073 0073 2014 07 0000008 14 00094 _ 14:45 15:29 2 _ 0 1111 1 61 1 20140731130315 00038
00000073 0073 2014 07 0000009 21 00094 _ 14:45 15:29 2 _ 0 1111 1 61 1 20140731130315 00038
00000073 0073 2014 07 0000010 28 00094 _ 14:45 15:29 2 _ 0 1111 1 61 1 20140731130315 00038
00000073 0073 2014 08 0000011 04 00094 _ 14:45 15:29 2 _ 0 1111 1 61 1 20140829202715 00038
00000073 0073 2014 08 0000012 04 00094 _ 14:45 15:29 _ _ 0 _ 1 61 9 20140808101500 00035
00000073 0073 2014 08 0000013 04 00094 _ 14:45 15:29 _ _ 0 _ 1 61 9 20140808101500 00035
00000073 0073 2014 08 0000014 11 00094 _ 14:45 15:29 2 _ 0 1111 1 61 1 20140829202715 00038
00000073 0073 2014 08 0000015 18 00094 _ 14:45 15:29 2 _ 0 1111 1 61 1 20140829202715 00038
00000073 0073 2014 08 0000016 25 00094 _ 14:45 15:29 2 _ 0 1111 1 61 1 20140829202715 00038
00000073 0073 2014 09 0000017 08 00094 _ 14:45 15:29 2 _ 0 1111 1 61 1 20140930212501 00035
00000073 0073 2014 09 0000018 15 00094 _ 14:45 15:29 2 _ 0 1111 1 61 1 20140930212501 00035
00000073 0073 2014 09 0000019 22 00094 _ 14:45 15:29 2 _ 0 1111 1 61 1 20140930212501 00035
00000073 0073 2014 09 0000020 29 00094 _ 14:45 15:29 2 _ 0 1111 1 61 1 20140930212501 00035
00000073 0073 2014 09 0000021 29 _ _ 00:00 00:00 _ _ 0 _ 1 61 9 20140930183147 00037
00000073 0073 2014 09 0000022 01 00094 _ 14:45 15:29 2 _ 0 1111 1 61 1 20140930212501 00035
00000073 0073 2014 10 0000023 06 00094 _ 14:45 15:29 2 _ 0 1111 1 61 1 20141028194809 00035
00000073 0073 2014 10 0000024 13 00094 _ 14:45 15:29 2 _ 0 1111 1 61 1 20141028194809 00035
00000073 0073 2014 10 0000025 20 00094 _ 14:45 15:29 2 _ 0 1111 1 61 1 20141028194809 00035
00000073 0073 2014 10 0000026 27 00094 _ 14:45 15:29 2 _ 0 1111 1 61 1 20141028194809 00035
00000073 0073 2014 11 0000027 03 00094 _ 14:45 15:29 2 _ 0 1111 1 61 1 20141127185732 00035
00000073 0073 2014 11 0000028 10 00094 _ 14:45 15:29 2 _ 0 1111 1 61 1 20141127185732 00035
00000073 0073 2014 11 0000029 17 00094 _ 14:45 15:29 2 _ 0 1111 1 61 1 20141127185732 00035
00000073 0073 2014 11 0000030 24 00094 _ 14:45 15:29 2 _ 0 1111 1 61 1 20141127185732 00035
00000073 0073 2014 12 0000031 01 00094 _ 14:45 15:29 2 _ 0 1111 1 61 1 20141209130051 00037
00000073 0073 2014 12 0000032 08 00094 _ 14:45 15:29 2 _ 0 1111 1 61 1 20141209130051 00037
00000073 0073 2014 12 0000033 15 _ _ 14:45 15:29 _ _ 0 1111 1 61 1 20141209130051 00037
00000073 0073 2014 12 0000034 22 _ _ 14:45 15:29 _ _ 0 1111 1 61 1 20141209130051 00037
00000073 0073 2014 12 0000035 29 _ _ 14:45 15:29 _ _ 0 1111 1 61 1 20141209130051 00037
