000000262014061 00000026 2014 06 04 61 1111 1 10:00 10:59 0073 1 1226 0 _ _ 1 20140702155315 25
000000262014062 00000026 2014 06 16 61 1111 1 13:30 14:29 0073 1 1226 0 _ _ 1 20140702155315 25
000000262014062 00000026 2014 06 23 61 1111 1 13:30 14:29 0073 1 1226 0 _ _ 1 20140702155315 25
000000262014062 00000026 2014 06 30 61 1111 1 13:30 14:29 0073 1 1226 0 _ _ 1 20140702155315 25
000000262014063 00000026 2014 06 26 65 1121 1 13:30 16:30 0082 1 4236 0 _ _ 1 20140702155315 25
000000262014064 00000026 2014 06 26 65 5002 1 13:30 16:30 0082 1 225 0 _ _ 1 20140702155315 25
000000262014065 00000026 2014 06 26 65 5004 1 13:30 16:30 0082 1 150 0 _ _ 1 20140702155315 25
000000262014066 00000026 2014 06 01 67 1007 1 _ _ 0038 1 300 0 _ _ 1 20140702155315 25
000000262014071 00000026 2014 07 07 61 1111 1 13:30 14:30 0073 1 1226 0 _ _ 1 20140804105442 25
000000262014071 00000026 2014 07 14 61 1111 1 13:30 14:30 0073 1 1226 0 _ _ 1 20140804105442 25
000000262014071 00000026 2014 07 21 61 1111 1 13:30 14:30 0073 1 1226 0 _ _ 1 20140804105442 25
000000262014071 00000026 2014 07 28 61 1111 1 13:30 14:30 0073 1 1226 0 _ _ 1 20140804105442 25
000000262014072 00000026 2014 07 03 65 1121 1 13:30 16:30 0082 1 4236 0 _ _ 1 20140804105442 25
000000262014072 00000026 2014 07 17 65 1121 1 13:30 16:30 0082 1 4236 0 _ _ 1 20140804105442 25
000000262014072 00000026 2014 07 24 65 1121 1 13:30 16:30 0082 1 4236 0 _ _ 1 20140804105442 25
000000262014072 00000026 2014 07 31 65 1121 1 13:30 16:30 0082 1 4236 0 _ _ 1 20140804105442 25
000000262014073 00000026 2014 07 03 65 5002 1 13:30 16:30 0082 1 225 0 _ _ 1 20140804105442 25
000000262014073 00000026 2014 07 17 65 5002 1 13:30 16:30 0082 1 225 0 _ _ 1 20140804105442 25
000000262014073 00000026 2014 07 24 65 5002 1 13:30 16:30 0082 1 225 0 _ _ 1 20140804105442 25
000000262014073 00000026 2014 07 31 65 5002 1 13:30 16:30 0082 1 225 0 _ _ 1 20140804105442 25
000000262014074 00000026 2014 07 03 65 5004 1 13:30 16:30 0082 1 150 0 _ _ 1 20140804105442 25
000000262014074 00000026 2014 07 17 65 5004 1 13:30 16:30 0082 1 150 0 _ _ 1 20140804105442 25
000000262014074 00000026 2014 07 24 65 5004 1 13:30 16:30 0082 1 150 0 _ _ 1 20140804105442 25
000000262014074 00000026 2014 07 31 65 5004 1 13:30 16:30 0082 1 150 0 _ _ 1 20140804105442 25
000000262014075 00000026 2014 07 01 67 1007 1 _ _ 0038 1 300 0 _ _ 1 20140804105442 25
