000001422014061 00000142 2014 06 20 11 1113 05:00 05:29 0070 1 383 0 _ _ _ 1 20140704120354 11
0000014220140610 00000142 2014 06 02 11 5111 14:45 15:50 0070 1 474 0 _ _ _ 1 20140704120354 11
0000014220140610 00000142 2014 06 09 11 5111 14:45 15:50 0070 1 474 0 _ _ _ 1 20140704120354 11
0000014220140610 00000142 2014 06 16 11 5111 14:45 15:50 0070 1 474 0 _ _ _ 1 20140704120354 11
0000014220140610 00000142 2014 06 23 11 5111 14:45 15:50 0070 1 474 0 _ _ _ 1 20140704120354 11
0000014220140610 00000142 2014 06 30 11 5111 14:45 15:50 0070 1 474 0 _ _ _ 1 20140704120354 11
0000014220140611 00000142 2014 06 12 11 1112 19:05 19:34 0070 1 319 0 _ _ _ 1 20140704120354 11
0000014220140612 00000142 2014 06 27 11 1112 19:20 19:40 0070 1 319 0 _ _ _ 1 20140704120354 11
0000014220140613 00000142 2014 06 01 11 1112 19:20 19:49 0070 1 319 0 _ _ _ 1 20140704120354 11
0000014220140613 00000142 2014 06 02 11 1112 19:20 19:49 0070 1 319 0 _ _ _ 1 20140704120354 11
0000014220140613 00000142 2014 06 03 11 1112 19:20 19:49 0070 1 319 0 _ _ _ 1 20140704120354 11
0000014220140613 00000142 2014 06 06 11 1112 19:20 19:49 0070 1 319 0 _ _ _ 1 20140704120354 11
0000014220140613 00000142 2014 06 07 11 1112 19:20 19:49 0070 1 319 0 _ _ _ 1 20140704120354 11
0000014220140613 00000142 2014 06 08 11 1112 19:20 19:49 0070 1 319 0 _ _ _ 1 20140704120354 11
0000014220140613 00000142 2014 06 09 11 1112 19:20 19:49 0070 1 319 0 _ _ _ 1 20140704120354 11
0000014220140613 00000142 2014 06 10 11 1112 19:20 19:49 0070 1 319 0 _ _ _ 1 20140704120354 11
0000014220140613 00000142 2014 06 11 11 1112 19:20 19:49 0070 1 319 0 _ _ _ 1 20140704120354 11
0000014220140613 00000142 2014 06 13 11 1112 19:20 19:49 0070 1 319 0 _ _ _ 1 20140704120354 11
0000014220140613 00000142 2014 06 14 11 1112 19:20 19:49 0070 1 319 0 _ _ _ 1 20140704120354 11
0000014220140613 00000142 2014 06 15 11 1112 19:20 19:49 0070 1 319 0 _ _ _ 1 20140704120354 11
0000014220140613 00000142 2014 06 16 11 1112 19:20 19:49 0070 1 319 0 _ _ _ 1 20140704120354 11
0000014220140613 00000142 2014 06 17 11 1112 19:20 19:49 0070 1 319 0 _ _ _ 1 20140704120354 11
0000014220140613 00000142 2014 06 18 11 1112 19:20 19:49 0070 1 319 0 _ _ _ 1 20140704120354 11
0000014220140613 00000142 2014 06 19 11 1112 19:20 19:49 0070 1 319 0 _ _ _ 1 20140704120354 11
0000014220140613 00000142 2014 06 20 11 1112 19:20 19:49 0070 1 319 0 _ _ _ 1 20140704120354 11
0000014220140613 00000142 2014 06 21 11 1112 19:20 19:49 0070 1 319 0 _ _ _ 1 20140704120354 11
0000014220140613 00000142 2014 06 22 11 1112 19:20 19:49 0070 1 319 0 _ _ _ 1 20140704120354 11
0000014220140613 00000142 2014 06 23 11 1112 19:20 19:49 0070 1 319 0 _ _ _ 1 20140704120354 11
0000014220140613 00000142 2014 06 24 11 1112 19:20 19:49 0070 1 319 0 _ _ _ 1 20140704120354 11
0000014220140613 00000142 2014 06 25 11 1112 19:20 19:49 0070 1 319 0 _ _ _ 1 20140704120354 11
0000014220140613 00000142 2014 06 28 11 1112 19:20 19:49 0070 1 319 0 _ _ _ 1 20140704120354 11
0000014220140613 00000142 2014 06 29 11 1112 19:20 19:49 0070 1 319 0 _ _ _ 1 20140704120354 11
0000014220140613 00000142 2014 06 30 11 1112 19:20 19:49 0070 1 319 0 _ _ _ 1 20140704120354 11
0000014220140614 00000142 2014 06 26 11 1112 19:30 19:59 0070 1 319 0 _ _ _ 1 20140704120354 11
0000014220140615 00000142 2014 06 01 17 1001 _ _ 0065 1 700 0 _ _ _ 1 20140704120354 11
0000014220140616 00000142 2014 06 01 17 1002 _ _ 0065 1 36 0 _ _ _ 1 20140704120354 11
0000014220140617 00000142 2014 06 13 17 1002 _ _ 0065 1 94 0 _ _ _ 1 20140704120354 11
000001422014062 00000142 2014 06 14 11 1113 05:40 06:00 0070 1 383 0 _ _ _ 1 20140704120354 11
000001422014063 00000142 2014 06 17 11 1113 05:40 06:09 0070 1 383 0 _ _ _ 1 20140704120354 11
000001422014064 00000142 2014 06 09 11 1113 05:50 06:19 0070 1 383 0 _ _ _ 1 20140704120354 11
000001422014064 00000142 2014 06 18 11 1113 05:50 06:19 0070 1 383 0 _ _ _ 1 20140704120354 11
000001422014065 00000142 2014 06 02 11 1112 06:00 06:20 0070 1 319 0 _ _ _ 1 20140704120354 11
000001422014065 00000142 2014 06 08 11 1112 06:00 06:20 0070 1 319 0 _ _ _ 1 20140704120354 11
000001422014065 00000142 2014 06 16 11 1112 06:00 06:20 0070 1 319 0 _ _ _ 1 20140704120354 11
000001422014065 00000142 2014 06 21 11 1112 06:00 06:20 0070 1 319 0 _ _ _ 1 20140704120354 11
000001422014065 00000142 2014 06 22 11 1112 06:00 06:20 0070 1 319 0 _ _ _ 1 20140704120354 11
000001422014066 00000142 2014 06 23 11 1112 06:00 06:29 0070 1 319 0 _ _ _ 1 20140704120354 11
000001422014066 00000142 2014 06 24 11 1112 06:00 06:29 0070 1 319 0 _ _ _ 1 20140704120354 11
000001422014066 00000142 2014 06 25 11 1112 06:00 06:29 0070 1 319 0 _ _ _ 1 20140704120354 11
000001422014066 00000142 2014 06 26 11 1112 06:00 06:29 0070 1 319 0 _ _ _ 1 20140704120354 11
000001422014066 00000142 2014 06 27 11 1112 06:00 06:29 0070 1 319 0 _ _ _ 1 20140704120354 11
000001422014066 00000142 2014 06 28 11 1112 06:00 06:29 0070 1 319 0 _ _ _ 1 20140704120354 11
000001422014066 00000142 2014 06 29 11 1112 06:00 06:29 0070 1 319 0 _ _ _ 1 20140704120354 11
000001422014066 00000142 2014 06 30 11 1112 06:00 06:29 0070 1 319 0 _ _ _ 1 20140704120354 11
000001422014067 00000142 2014 06 01 11 1112 06:40 07:09 0070 1 319 0 _ _ _ 1 20140704120354 11
000001422014068 00000142 2014 06 03 11 1112 07:00 07:29 0070 1 319 0 _ _ _ 1 20140704120354 11
000001422014068 00000142 2014 06 04 11 1112 07:00 07:29 0070 1 319 0 _ _ _ 1 20140704120354 11
000001422014068 00000142 2014 06 07 11 1112 07:00 07:29 0070 1 319 0 _ _ _ 1 20140704120354 11
000001422014068 00000142 2014 06 10 11 1112 07:00 07:29 0070 1 319 0 _ _ _ 1 20140704120354 11
000001422014068 00000142 2014 06 11 11 1112 07:00 07:29 0070 1 319 0 _ _ _ 1 20140704120354 11
000001422014068 00000142 2014 06 12 11 1112 07:00 07:29 0070 1 319 0 _ _ _ 1 20140704120354 11
000001422014068 00000142 2014 06 13 11 1112 07:00 07:29 0070 1 319 0 _ _ _ 1 20140704120354 11
000001422014068 00000142 2014 06 15 11 1112 07:00 07:29 0070 1 319 0 _ _ _ 1 20140704120354 11
000001422014068 00000142 2014 06 19 11 1112 07:00 07:29 0070 1 319 0 _ _ _ 1 20140704120354 11
000001422014069 00000142 2014 06 12 11 1211 14:45 15:30 0070 1 404 0 _ _ _ 1 20140704120354 11
000001422014069 00000142 2014 06 19 11 1211 14:45 15:30 0070 1 404 0 _ _ _ 1 20140704120354 11
000001422014069 00000142 2014 06 26 11 1211 14:45 15:30 0070 1 404 0 _ _ _ 1 20140704120354 11
000001422014071 00000142 2014 07 15 11 1113 05:00 05:29 0070 1 383 0 _ _ _ 1 20140802154322 11
0000014220140710 00000142 2014 07 28 11 1112 19:30 19:59 0070 1 319 0 _ _ _ 1 20140802154322 11
0000014220140711 00000142 2014 07 21 11 1112 20:30 20:59 0070 1 319 0 _ _ _ 1 20140802154322 11
0000014220140712 00000142 2014 07 01 17 1001 _ _ 0065 1 700 0 _ _ _ 1 20140802154322 11
0000014220140713 00000142 2014 07 01 17 1002 _ _ 0065 1 36 0 _ _ _ 1 20140802154322 11
0000014220140714 00000142 2014 07 01 17 1002 _ _ 0065 1 94 0 _ _ _ 1 20140802154322 11
000001422014072 00000142 2014 07 14 11 1113 05:30 05:50 0070 1 383 0 _ _ _ 1 20140802154322 11
000001422014073 00000142 2014 07 09 11 1113 05:30 05:59 0070 1 383 0 _ _ _ 1 20140802154322 11
000001422014073 00000142 2014 07 11 11 1113 05:30 05:59 0070 1 383 0 _ _ _ 1 20140802154322 11
000001422014073 00000142 2014 07 16 11 1113 05:30 05:59 0070 1 383 0 _ _ _ 1 20140802154322 11
000001422014074 00000142 2014 07 01 11 1112 06:00 06:29 0070 1 319 0 _ _ _ 1 20140802154322 11
000001422014074 00000142 2014 07 02 11 1112 06:00 06:29 0070 1 319 0 _ _ _ 1 20140802154322 11
000001422014074 00000142 2014 07 03 11 1112 06:00 06:29 0070 1 319 0 _ _ _ 1 20140802154322 11
000001422014074 00000142 2014 07 04 11 1112 06:00 06:29 0070 1 319 0 _ _ _ 1 20140802154322 11
000001422014074 00000142 2014 07 05 11 1112 06:00 06:29 0070 1 319 0 _ _ _ 1 20140802154322 11
000001422014074 00000142 2014 07 06 11 1112 06:00 06:29 0070 1 319 0 _ _ _ 1 20140802154322 11
000001422014074 00000142 2014 07 07 11 1112 06:00 06:29 0070 1 319 0 _ _ _ 1 20140802154322 11
000001422014074 00000142 2014 07 08 11 1112 06:00 06:29 0070 1 319 0 _ _ _ 1 20140802154322 11
000001422014074 00000142 2014 07 10 11 1112 06:00 06:29 0070 1 319 0 _ _ _ 1 20140802154322 11
000001422014074 00000142 2014 07 12 11 1112 06:00 06:29 0070 1 319 0 _ _ _ 1 20140802154322 11
000001422014074 00000142 2014 07 13 11 1112 06:00 06:29 0070 1 319 0 _ _ _ 1 20140802154322 11
000001422014074 00000142 2014 07 17 11 1112 06:00 06:29 0070 1 319 0 _ _ _ 1 20140802154322 11
000001422014074 00000142 2014 07 18 11 1112 06:00 06:29 0070 1 319 0 _ _ _ 1 20140802154322 11
000001422014074 00000142 2014 07 19 11 1112 06:00 06:29 0070 1 319 0 _ _ _ 1 20140802154322 11
000001422014074 00000142 2014 07 22 11 1112 06:00 06:29 0070 1 319 0 _ _ _ 1 20140802154322 11
000001422014074 00000142 2014 07 23 11 1112 06:00 06:29 0070 1 319 0 _ _ _ 1 20140802154322 11
000001422014074 00000142 2014 07 24 11 1112 06:00 06:29 0070 1 319 0 _ _ _ 1 20140802154322 11
000001422014074 00000142 2014 07 25 11 1112 06:00 06:29 0070 1 319 0 _ _ _ 1 20140802154322 11
000001422014074 00000142 2014 07 26 11 1112 06:00 06:29 0070 1 319 0 _ _ _ 1 20140802154322 11
000001422014074 00000142 2014 07 27 11 1112 06:00 06:29 0070 1 319 0 _ _ _ 1 20140802154322 11
000001422014074 00000142 2014 07 28 11 1112 06:00 06:29 0070 1 319 0 _ _ _ 1 20140802154322 11
000001422014074 00000142 2014 07 29 11 1112 06:00 06:29 0070 1 319 0 _ _ _ 1 20140802154322 11
000001422014074 00000142 2014 07 30 11 1112 06:00 06:29 0070 1 319 0 _ _ _ 1 20140802154322 11
000001422014074 00000142 2014 07 31 11 1112 06:00 06:29 0070 1 319 0 _ _ _ 1 20140802154322 11
000001422014075 00000142 2014 07 28 11 1111 14:45 15:14 0070 1 255 0 _ _ _ 1 20140802154322 11
000001422014076 00000142 2014 07 03 11 1211 14:45 15:30 0070 1 404 0 _ _ _ 1 20140802154322 11
000001422014076 00000142 2014 07 10 11 1211 14:45 15:30 0070 1 404 0 _ _ _ 1 20140802154322 11
000001422014076 00000142 2014 07 17 11 1211 14:45 15:30 0070 1 404 0 _ _ _ 1 20140802154322 11
000001422014077 00000142 2014 07 07 11 5111 14:45 15:50 0070 1 474 0 _ _ _ 1 20140802154322 11
000001422014077 00000142 2014 07 14 11 5111 14:45 15:50 0070 1 474 0 _ _ _ 1 20140802154322 11
000001422014077 00000142 2014 07 24 11 5111 14:45 15:50 0070 1 474 0 _ _ _ 1 20140802154322 11
000001422014077 00000142 2014 07 31 11 5111 14:45 15:50 0070 1 474 0 _ _ _ 1 20140802154322 11
000001422014078 00000142 2014 07 01 11 1112 19:20 19:40 0070 1 319 0 _ _ _ 1 20140802154322 11
000001422014078 00000142 2014 07 07 11 1112 19:20 19:40 0070 1 319 0 _ _ _ 1 20140802154322 11
000001422014078 00000142 2014 07 12 11 1112 19:20 19:40 0070 1 319 0 _ _ _ 1 20140802154322 11
000001422014078 00000142 2014 07 17 11 1112 19:20 19:40 0070 1 319 0 _ _ _ 1 20140802154322 11
000001422014078 00000142 2014 07 22 11 1112 19:20 19:40 0070 1 319 0 _ _ _ 1 20140802154322 11
000001422014078 00000142 2014 07 25 11 1112 19:20 19:40 0070 1 319 0 _ _ _ 1 20140802154322 11
000001422014078 00000142 2014 07 29 11 1112 19:20 19:40 0070 1 319 0 _ _ _ 1 20140802154322 11
000001422014079 00000142 2014 07 02 11 1112 19:20 19:49 0070 1 319 0 _ _ _ 1 20140802154322 11
000001422014079 00000142 2014 07 03 11 1112 19:20 19:49 0070 1 319 0 _ _ _ 1 20140802154322 11
000001422014079 00000142 2014 07 04 11 1112 19:20 19:49 0070 1 319 0 _ _ _ 1 20140802154322 11
000001422014079 00000142 2014 07 05 11 1112 19:20 19:49 0070 1 319 0 _ _ _ 1 20140802154322 11
000001422014079 00000142 2014 07 06 11 1112 19:20 19:49 0070 1 319 0 _ _ _ 1 20140802154322 11
000001422014079 00000142 2014 07 08 11 1112 19:20 19:49 0070 1 319 0 _ _ _ 1 20140802154322 11
000001422014079 00000142 2014 07 09 11 1112 19:20 19:49 0070 1 319 0 _ _ _ 1 20140802154322 11
000001422014079 00000142 2014 07 10 11 1112 19:20 19:49 0070 1 319 0 _ _ _ 1 20140802154322 11
000001422014079 00000142 2014 07 11 11 1112 19:20 19:49 0070 1 319 0 _ _ _ 1 20140802154322 11
000001422014079 00000142 2014 07 13 11 1112 19:20 19:49 0070 1 319 0 _ _ _ 1 20140802154322 11
000001422014079 00000142 2014 07 14 11 1112 19:20 19:49 0070 1 319 0 _ _ _ 1 20140802154322 11
000001422014079 00000142 2014 07 15 11 1112 19:20 19:49 0070 1 319 0 _ _ _ 1 20140802154322 11
000001422014079 00000142 2014 07 16 11 1112 19:20 19:49 0070 1 319 0 _ _ _ 1 20140802154322 11
000001422014079 00000142 2014 07 18 11 1112 19:20 19:49 0070 1 319 0 _ _ _ 1 20140802154322 11
000001422014079 00000142 2014 07 23 11 1112 19:20 19:49 0070 1 319 0 _ _ _ 1 20140802154322 11
000001422014079 00000142 2014 07 24 11 1112 19:20 19:49 0070 1 319 0 _ _ _ 1 20140802154322 11
000001422014079 00000142 2014 07 26 11 1112 19:20 19:49 0070 1 319 0 _ _ _ 1 20140802154322 11
000001422014079 00000142 2014 07 27 11 1112 19:20 19:49 0070 1 319 0 _ _ _ 1 20140802154322 11
000001422014079 00000142 2014 07 30 11 1112 19:20 19:49 0070 1 319 0 _ _ _ 1 20140802154322 11
000001422014079 00000142 2014 07 31 11 1112 19:20 19:49 0070 1 319 0 _ _ _ 1 20140802154322 11
000001422014081 00000142 2014 08 01 11 1112 06:00 06:29 0070 1 319 0 _ _ 1 1 20140806103302 11
000001422014081 00000142 2014 08 02 11 1112 06:00 06:29 0070 1 319 0 _ _ 1 1 20140806103302 11
000001422014081 00000142 2014 08 03 11 1112 06:00 06:29 0070 1 319 0 _ _ 1 1 20140806103302 11
000001422014081 00000142 2014 08 04 11 1112 06:00 06:29 0070 1 319 0 _ _ 1 1 20140806103302 11
000001422014081 00000142 2014 08 05 11 1112 06:00 06:29 0070 1 319 0 _ _ 1 1 20140806103302 11
000001422014081 00000142 2014 08 06 11 1112 06:00 06:29 0070 1 319 0 _ _ 1 1 20140806103302 11
000001422014081 00000142 2014 08 07 11 1112 06:00 06:29 0070 1 319 0 _ _ 1 1 20140806103302 11
000001422014081 00000142 2014 08 08 11 1112 06:00 06:29 0070 1 319 0 _ _ 1 1 20140806103302 11
000001422014081 00000142 2014 08 09 11 1112 06:00 06:29 0070 1 319 0 _ _ 1 1 20140806103302 11
000001422014081 00000142 2014 08 10 11 1112 06:00 06:29 0070 1 319 0 _ _ 1 1 20140806103302 11
000001422014081 00000142 2014 08 11 11 1112 06:00 06:29 0070 1 319 0 _ _ 1 1 20140806103302 11
000001422014081 00000142 2014 08 12 11 1112 06:00 06:29 0070 1 319 0 _ _ 1 1 20140806103302 11
000001422014081 00000142 2014 08 13 11 1112 06:00 06:29 0070 1 319 0 _ _ 1 1 20140806103302 11
000001422014081 00000142 2014 08 14 11 1112 06:00 06:29 0070 1 319 0 _ _ 1 1 20140806103302 11
000001422014081 00000142 2014 08 15 11 1112 06:00 06:29 0070 1 319 0 _ _ 1 1 20140806103302 11
000001422014081 00000142 2014 08 16 11 1112 06:00 06:29 0070 1 319 0 _ _ 1 1 20140806103302 11
000001422014081 00000142 2014 08 17 11 1112 06:00 06:29 0070 1 319 0 _ _ 1 1 20140806103302 11
000001422014081 00000142 2014 08 18 11 1112 06:00 06:29 0070 1 319 0 _ _ 1 1 20140806103302 11
000001422014081 00000142 2014 08 19 11 1112 06:00 06:29 0070 1 319 0 _ _ 1 1 20140806103302 11
000001422014081 00000142 2014 08 20 11 1112 06:00 06:29 0070 1 319 0 _ _ 1 1 20140806103302 11
000001422014081 00000142 2014 08 21 11 1112 06:00 06:29 0070 1 319 0 _ _ 1 1 20140806103302 11
000001422014081 00000142 2014 08 22 11 1112 06:00 06:29 0070 1 319 0 _ _ 1 1 20140806103302 11
000001422014081 00000142 2014 08 23 11 1112 06:00 06:29 0070 1 319 0 _ _ 1 1 20140806103302 11
000001422014081 00000142 2014 08 24 11 1112 06:00 06:29 0070 1 319 0 _ _ 1 1 20140806103302 11
000001422014081 00000142 2014 08 25 11 1112 06:00 06:29 0070 1 319 0 _ _ 1 1 20140806103302 11
000001422014081 00000142 2014 08 26 11 1112 06:00 06:29 0070 1 319 0 _ _ 1 1 20140806103302 11
000001422014081 00000142 2014 08 27 11 1112 06:00 06:29 0070 1 319 0 _ _ 1 1 20140806103302 11
000001422014081 00000142 2014 08 28 11 1112 06:00 06:29 0070 1 319 0 _ _ 1 1 20140806103302 11
000001422014081 00000142 2014 08 29 11 1112 06:00 06:29 0070 1 319 0 _ _ 1 1 20140806103302 11
000001422014081 00000142 2014 08 30 11 1112 06:00 06:29 0070 1 319 0 _ _ 1 1 20140806103302 11
000001422014081 00000142 2014 08 31 11 1112 06:00 06:29 0070 1 319 0 _ _ 1 1 20140806103302 11
000001422014082 00000142 2014 08 07 11 1211 14:45 15:30 0070 1 404 0 _ _ 1 1 20140806103302 11
000001422014082 00000142 2014 08 14 11 1211 14:45 15:30 0070 1 404 0 _ _ 1 1 20140806103302 11
000001422014082 00000142 2014 08 21 11 1211 14:45 15:30 0070 1 404 0 _ _ 1 1 20140806103302 11
000001422014082 00000142 2014 08 28 11 1211 14:45 15:30 0070 1 404 0 _ _ 1 1 20140806103302 11
000001422014083 00000142 2014 08 04 11 5111 14:45 15:50 0070 1 474 0 _ _ 1 1 20140806103302 11
000001422014083 00000142 2014 08 11 11 5111 14:45 15:50 0070 1 474 0 _ _ 1 1 20140806103302 11
000001422014083 00000142 2014 08 18 11 5111 14:45 15:50 0070 1 474 0 _ _ 1 1 20140806103302 11
000001422014083 00000142 2014 08 25 11 5111 14:45 15:50 0070 1 474 0 _ _ 1 1 20140806103302 11
000001422014084 00000142 2014 08 01 11 1112 19:20 19:49 0070 1 319 0 _ _ 1 1 20140806103302 11
000001422014084 00000142 2014 08 02 11 1112 19:20 19:49 0070 1 319 0 _ _ 1 1 20140806103302 11
000001422014084 00000142 2014 08 03 11 1112 19:20 19:49 0070 1 319 0 _ _ 1 1 20140806103302 11
000001422014084 00000142 2014 08 04 11 1112 19:20 19:49 0070 1 319 0 _ _ 1 1 20140806103302 11
000001422014084 00000142 2014 08 05 11 1112 19:20 19:49 0070 1 319 0 _ _ 1 1 20140806103302 11
000001422014084 00000142 2014 08 06 11 1112 19:20 19:49 0070 1 319 0 _ _ 1 1 20140806103302 11
000001422014084 00000142 2014 08 07 11 1112 19:20 19:49 0070 1 319 0 _ _ 1 1 20140806103302 11
000001422014084 00000142 2014 08 08 11 1112 19:20 19:49 0070 1 319 0 _ _ 1 1 20140806103302 11
000001422014084 00000142 2014 08 09 11 1112 19:20 19:49 0070 1 319 0 _ _ 1 1 20140806103302 11
000001422014084 00000142 2014 08 10 11 1112 19:20 19:49 0070 1 319 0 _ _ 1 1 20140806103302 11
000001422014084 00000142 2014 08 11 11 1112 19:20 19:49 0070 1 319 0 _ _ 1 1 20140806103302 11
000001422014084 00000142 2014 08 12 11 1112 19:20 19:49 0070 1 319 0 _ _ 1 1 20140806103302 11
000001422014084 00000142 2014 08 13 11 1112 19:20 19:49 0070 1 319 0 _ _ 1 1 20140806103302 11
000001422014084 00000142 2014 08 14 11 1112 19:20 19:49 0070 1 319 0 _ _ 1 1 20140806103302 11
000001422014084 00000142 2014 08 15 11 1112 19:20 19:49 0070 1 319 0 _ _ 1 1 20140806103302 11
000001422014084 00000142 2014 08 16 11 1112 19:20 19:49 0070 1 319 0 _ _ 1 1 20140806103302 11
000001422014084 00000142 2014 08 17 11 1112 19:20 19:49 0070 1 319 0 _ _ 1 1 20140806103302 11
000001422014084 00000142 2014 08 18 11 1112 19:20 19:49 0070 1 319 0 _ _ 1 1 20140806103302 11
000001422014084 00000142 2014 08 19 11 1112 19:20 19:49 0070 1 319 0 _ _ 1 1 20140806103302 11
000001422014084 00000142 2014 08 20 11 1112 19:20 19:49 0070 1 319 0 _ _ 1 1 20140806103302 11
000001422014084 00000142 2014 08 21 11 1112 19:20 19:49 0070 1 319 0 _ _ 1 1 20140806103302 11
000001422014084 00000142 2014 08 22 11 1112 19:20 19:49 0070 1 319 0 _ _ 1 1 20140806103302 11
000001422014084 00000142 2014 08 23 11 1112 19:20 19:49 0070 1 319 0 _ _ 1 1 20140806103302 11
000001422014084 00000142 2014 08 24 11 1112 19:20 19:49 0070 1 319 0 _ _ 1 1 20140806103302 11
000001422014084 00000142 2014 08 25 11 1112 19:20 19:49 0070 1 319 0 _ _ 1 1 20140806103302 11
000001422014084 00000142 2014 08 26 11 1112 19:20 19:49 0070 1 319 0 _ _ 1 1 20140806103302 11
000001422014084 00000142 2014 08 27 11 1112 19:20 19:49 0070 1 319 0 _ _ 1 1 20140806103302 11
000001422014084 00000142 2014 08 28 11 1112 19:20 19:49 0070 1 319 0 _ _ 1 1 20140806103302 11
000001422014084 00000142 2014 08 29 11 1112 19:20 19:49 0070 1 319 0 _ _ 1 1 20140806103302 11
000001422014084 00000142 2014 08 30 11 1112 19:20 19:49 0070 1 319 0 _ _ 1 1 20140806103302 11
000001422014084 00000142 2014 08 31 11 1112 19:20 19:49 0070 1 319 0 _ _ 1 1 20140806103302 11
000001422014085 00000142 2014 08 01 17 1001 _ _ 0065 1 700 0 _ _ 1 1 20140806103302 11
000001422014086 00000142 2014 08 01 17 1002 _ _ 0065 1 36 0 _ _ 1 1 20140806103302 11
000001422014087 00000142 2014 08 06 17 1002 _ _ 0065 1 142 0 _ _ 1 1 20140806103302 11
000001422014091 00000142 2014 09 01 11 1112 06:00 06:29 0070 1 319 0 _ _ _ 1 20140811160516 11
000001422014091 00000142 2014 09 02 11 1112 06:00 06:29 0070 1 319 0 _ _ _ 1 20140811160516 11
000001422014091 00000142 2014 09 03 11 1112 06:00 06:29 0070 1 319 0 _ _ _ 1 20140811160516 11
000001422014091 00000142 2014 09 04 11 1112 06:00 06:29 0070 1 319 0 _ _ _ 1 20140811160516 11
000001422014091 00000142 2014 09 05 11 1112 06:00 06:29 0070 1 319 0 _ _ _ 1 20140811160516 11
000001422014091 00000142 2014 09 06 11 1112 06:00 06:29 0070 1 319 0 _ _ _ 1 20140811160516 11
000001422014091 00000142 2014 09 07 11 1112 06:00 06:29 0070 1 319 0 _ _ _ 1 20140811160516 11
000001422014091 00000142 2014 09 08 11 1112 06:00 06:29 0070 1 319 0 _ _ _ 1 20140811160516 11
000001422014091 00000142 2014 09 09 11 1112 06:00 06:29 0070 1 319 0 _ _ _ 1 20140811160516 11
000001422014091 00000142 2014 09 10 11 1112 06:00 06:29 0070 1 319 0 _ _ _ 1 20140811160516 11
000001422014091 00000142 2014 09 11 11 1112 06:00 06:29 0070 1 319 0 _ _ _ 1 20140811160516 11
000001422014091 00000142 2014 09 12 11 1112 06:00 06:29 0070 1 319 0 _ _ _ 1 20140811160516 11
000001422014091 00000142 2014 09 13 11 1112 06:00 06:29 0070 1 319 0 _ _ _ 1 20140811160516 11
000001422014091 00000142 2014 09 14 11 1112 06:00 06:29 0070 1 319 0 _ _ _ 1 20140811160516 11
000001422014091 00000142 2014 09 15 11 1112 06:00 06:29 0070 1 319 0 _ _ _ 1 20140811160516 11
000001422014091 00000142 2014 09 16 11 1112 06:00 06:29 0070 1 319 0 _ _ _ 1 20140811160516 11
000001422014091 00000142 2014 09 17 11 1112 06:00 06:29 0070 1 319 0 _ _ _ 1 20140811160516 11
000001422014091 00000142 2014 09 18 11 1112 06:00 06:29 0070 1 319 0 _ _ _ 1 20140811160516 11
000001422014091 00000142 2014 09 19 11 1112 06:00 06:29 0070 1 319 0 _ _ _ 1 20140811160516 11
000001422014091 00000142 2014 09 20 11 1112 06:00 06:29 0070 1 319 0 _ _ _ 1 20140811160516 11
000001422014091 00000142 2014 09 21 11 1112 06:00 06:29 0070 1 319 0 _ _ _ 1 20140811160516 11
000001422014091 00000142 2014 09 22 11 1112 06:00 06:29 0070 1 319 0 _ _ _ 1 20140811160516 11
000001422014091 00000142 2014 09 23 11 1112 06:00 06:29 0070 1 319 0 _ _ _ 1 20140811160516 11
000001422014091 00000142 2014 09 24 11 1112 06:00 06:29 0070 1 319 0 _ _ _ 1 20140811160516 11
000001422014091 00000142 2014 09 25 11 1112 06:00 06:29 0070 1 319 0 _ _ _ 1 20140811160516 11
000001422014091 00000142 2014 09 26 11 1112 06:00 06:29 0070 1 319 0 _ _ _ 1 20140811160516 11
000001422014091 00000142 2014 09 27 11 1112 06:00 06:29 0070 1 319 0 _ _ _ 1 20140811160516 11
000001422014091 00000142 2014 09 28 11 1112 06:00 06:29 0070 1 319 0 _ _ _ 1 20140811160516 11
000001422014091 00000142 2014 09 29 11 1112 06:00 06:29 0070 1 319 0 _ _ _ 1 20140811160516 11
000001422014091 00000142 2014 09 30 11 1112 06:00 06:29 0070 1 319 0 _ _ _ 1 20140811160516 11
000001422014092 00000142 2014 09 01 11 1112 19:20 19:49 0070 1 319 0 _ _ _ 1 20140811160516 11
000001422014092 00000142 2014 09 02 11 1112 19:20 19:49 0070 1 319 0 _ _ _ 1 20140811160516 11
000001422014092 00000142 2014 09 03 11 1112 19:20 19:49 0070 1 319 0 _ _ _ 1 20140811160516 11
000001422014092 00000142 2014 09 04 11 1112 19:20 19:49 0070 1 319 0 _ _ _ 1 20140811160516 11
000001422014092 00000142 2014 09 05 11 1112 19:20 19:49 0070 1 319 0 _ _ _ 1 20140811160516 11
000001422014092 00000142 2014 09 06 11 1112 19:20 19:49 0070 1 319 0 _ _ _ 1 20140811160516 11
000001422014092 00000142 2014 09 07 11 1112 19:20 19:49 0070 1 319 0 _ _ _ 1 20140811160516 11
000001422014092 00000142 2014 09 08 11 1112 19:20 19:49 0070 1 319 0 _ _ _ 1 20140811160516 11
000001422014092 00000142 2014 09 09 11 1112 19:20 19:49 0070 1 319 0 _ _ _ 1 20140811160516 11
000001422014092 00000142 2014 09 10 11 1112 19:20 19:49 0070 1 319 0 _ _ _ 1 20140811160516 11
000001422014092 00000142 2014 09 11 11 1112 19:20 19:49 0070 1 319 0 _ _ _ 1 20140811160516 11
000001422014092 00000142 2014 09 12 11 1112 19:20 19:49 0070 1 319 0 _ _ _ 1 20140811160516 11
000001422014092 00000142 2014 09 13 11 1112 19:20 19:49 0070 1 319 0 _ _ _ 1 20140811160516 11
000001422014092 00000142 2014 09 14 11 1112 19:20 19:49 0070 1 319 0 _ _ _ 1 20140811160516 11
000001422014092 00000142 2014 09 15 11 1112 19:20 19:49 0070 1 319 0 _ _ _ 1 20140811160516 11
000001422014092 00000142 2014 09 16 11 1112 19:20 19:49 0070 1 319 0 _ _ _ 1 20140811160516 11
000001422014092 00000142 2014 09 17 11 1112 19:20 19:49 0070 1 319 0 _ _ _ 1 20140811160516 11
000001422014092 00000142 2014 09 18 11 1112 19:20 19:49 0070 1 319 0 _ _ _ 1 20140811160516 11
000001422014092 00000142 2014 09 19 11 1112 19:20 19:49 0070 1 319 0 _ _ _ 1 20140811160516 11
000001422014092 00000142 2014 09 20 11 1112 19:20 19:49 0070 1 319 0 _ _ _ 1 20140811160516 11
000001422014092 00000142 2014 09 21 11 1112 19:20 19:49 0070 1 319 0 _ _ _ 1 20140811160516 11
000001422014092 00000142 2014 09 22 11 1112 19:20 19:49 0070 1 319 0 _ _ _ 1 20140811160516 11
000001422014092 00000142 2014 09 23 11 1112 19:20 19:49 0070 1 319 0 _ _ _ 1 20140811160516 11
000001422014092 00000142 2014 09 24 11 1112 19:20 19:49 0070 1 319 0 _ _ _ 1 20140811160516 11
000001422014092 00000142 2014 09 25 11 1112 19:20 19:49 0070 1 319 0 _ _ _ 1 20140811160516 11
000001422014092 00000142 2014 09 26 11 1112 19:20 19:49 0070 1 319 0 _ _ _ 1 20140811160516 11
000001422014092 00000142 2014 09 27 11 1112 19:20 19:49 0070 1 319 0 _ _ _ 1 20140811160516 11
000001422014092 00000142 2014 09 28 11 1112 19:20 19:49 0070 1 319 0 _ _ _ 1 20140811160516 11
000001422014092 00000142 2014 09 29 11 1112 19:20 19:49 0070 1 319 0 _ _ _ 1 20140811160516 11
000001422014092 00000142 2014 09 30 11 1112 19:20 19:49 0070 1 319 0 _ _ _ 1 20140811160516 11
000001422014093 00000142 2014 09 04 11 1211 14:45 15:30 0070 1 404 0 _ _ _ 1 20140811160516 11
000001422014093 00000142 2014 09 11 11 1211 14:45 15:30 0070 1 404 0 _ _ _ 1 20140811160516 11
000001422014093 00000142 2014 09 18 11 1211 14:45 15:30 0070 1 404 0 _ _ _ 1 20140811160516 11
000001422014093 00000142 2014 09 25 11 1211 14:45 15:30 0070 1 404 0 _ _ _ 1 20140811160516 11
000001422014094 00000142 2014 09 01 11 5111 14:45 15:50 0070 1 474 0 _ _ _ 1 20140811160516 11
000001422014094 00000142 2014 09 08 11 5111 14:45 15:50 0070 1 474 0 _ _ _ 1 20140811160516 11
000001422014094 00000142 2014 09 15 11 5111 14:45 15:50 0070 1 474 0 _ _ _ 1 20140811160516 11
000001422014094 00000142 2014 09 22 11 5111 14:45 15:50 0070 1 474 0 _ _ _ 1 20140811160516 11
000001422014094 00000142 2014 09 29 11 5111 14:45 15:50 0070 1 474 0 _ _ _ 1 20140811160516 11
000001422014095 00000142 2014 09 01 17 1001 _ _ 0065 1 700 0 _ _ _ 1 20140811160516 11
000001422014096 00000142 2014 09 01 17 1002 _ _ 0065 1 142 0 _ _ _ 1 20140811160516 11
000001422014097 00000142 2014 09 01 17 1002 _ _ 0065 1 36 0 _ _ _ 1 20140811160516 11
