000001472014061 00000147 2014 06 13 11 1211 1 14:00 14:45 0070 1 404 0 _ _ 1 20140703180829 11
000001472014061 00000147 2014 06 20 11 1211 1 14:00 14:45 0070 1 404 0 _ _ 1 20140703180829 11
000001472014061 00000147 2014 06 27 11 1211 1 14:00 14:45 0070 1 404 0 _ _ 1 20140703180829 11
000001472014062 00000147 2014 06 13 11 4001 1 14:00 15:05 0070 1 200 0 _ _ 1 20140703180829 11
000001472014063 00000147 2014 06 10 11 5111 1 14:00 15:05 0070 1 474 0 _ _ 1 20140703180829 11
000001472014063 00000147 2014 06 17 11 5111 1 14:00 15:05 0070 1 474 0 _ _ 1 20140703180829 11
000001472014063 00000147 2014 06 24 11 5111 1 14:00 15:05 0070 1 474 0 _ _ 1 20140703180829 11
000001472014064 00000147 2014 06 18 15 2341 1 10:00 15:15 0076 1 606 0 _ _ 1 20140703180829 11
000001472014064 00000147 2014 06 25 15 2341 1 10:00 15:15 0076 1 606 0 _ _ 1 20140703180829 11
000001472014071 00000147 2014 07 08 11 5111 1 13:15 14:20 0070 1 474 0 _ _ 1 20140802162842 11
000001472014072 00000147 2014 07 04 11 1211 1 14:00 14:45 0070 1 404 0 _ _ 1 20140802162842 11
000001472014072 00000147 2014 07 11 11 1211 1 14:00 14:45 0070 1 404 0 _ _ 1 20140802162842 11
000001472014072 00000147 2014 07 18 11 1211 1 14:00 14:45 0070 1 404 0 _ _ 1 20140802162842 11
000001472014072 00000147 2014 07 25 11 1211 1 14:00 14:45 0070 1 404 0 _ _ 1 20140802162842 11
000001472014073 00000147 2014 07 01 11 5111 1 14:00 15:05 0070 1 474 0 _ _ 1 20140802162842 11
000001472014073 00000147 2014 07 15 11 5111 1 14:00 15:05 0070 1 474 0 _ _ 1 20140802162842 11
000001472014073 00000147 2014 07 22 11 5111 1 14:00 15:05 0070 1 474 0 _ _ 1 20140802162842 11
000001472014073 00000147 2014 07 29 11 5111 1 14:00 15:05 0070 1 474 0 _ _ 1 20140802162842 11
000001472014074 00000147 2014 07 02 15 2341 1 10:00 15:15 0076 1 606 0 _ _ 1 20140802162842 11
000001472014074 00000147 2014 07 09 15 2341 1 10:00 15:15 0076 1 606 0 _ _ 1 20140802162842 11
000001472014074 00000147 2014 07 16 15 2341 1 10:00 15:15 0076 1 606 0 _ _ 1 20140802162842 11
000001472014074 00000147 2014 07 23 15 2341 1 10:00 15:15 0076 1 606 0 _ _ 1 20140802162842 11
000001472014074 00000147 2014 07 30 15 2341 1 10:00 15:15 0076 1 606 0 _ _ 1 20140802162842 11
