000002472014031 00000247 2014 03 07 11 4001 1 13:00 13:59 0029 1 200 0 _ _ 1 20140617174501 42
000002472014032 00000247 2014 03 07 11 7311 1 13:00 13:59 0029 1 235 0 _ _ 1 20140617174501 42
000002472014032 00000247 2014 03 14 11 7311 1 13:00 13:59 0029 1 235 0 _ _ 1 20140617174501 42
000002472014032 00000247 2014 03 21 11 7311 1 13:00 13:59 0029 1 235 0 _ _ 1 20140617174501 42
000002472014032 00000247 2014 03 28 11 7311 1 13:00 13:59 0029 1 235 0 _ _ 1 20140617174501 42
000002472014033 00000247 2014 03 04 15 2441 1 09:30 17:00 0218 1 690 0 _ _ 1 20140617174501 42
000002472014033 00000247 2014 03 11 15 2441 1 09:30 17:00 0218 1 690 0 _ _ 1 20140617174501 42
000002472014033 00000247 2014 03 18 15 2441 1 09:30 17:00 0218 1 690 0 _ _ 1 20140617174501 42
000002472014033 00000247 2014 03 25 15 2441 1 09:30 17:00 0218 1 690 0 _ _ 1 20140617174501 42
000002472014034 00000247 2014 03 04 15 5301 1 09:30 17:00 0218 1 50 0 _ _ 1 20140617174501 42
000002472014034 00000247 2014 03 11 15 5301 1 09:30 17:00 0218 1 50 0 _ _ 1 20140617174501 42
000002472014034 00000247 2014 03 18 15 5301 1 09:30 17:00 0218 1 50 0 _ _ 1 20140617174501 42
000002472014034 00000247 2014 03 25 15 5301 1 09:30 17:00 0218 1 50 0 _ _ 1 20140617174501 42
000002472014035 00000247 2014 03 04 15 5052 1 09:30 17:00 0218 1 50 0 _ _ 1 20140617174501 42
000002472014035 00000247 2014 03 11 15 5052 1 09:30 17:00 0218 1 50 0 _ _ 1 20140617174501 42
000002472014035 00000247 2014 03 18 15 5052 1 09:30 17:00 0218 1 50 0 _ _ 1 20140617174501 42
000002472014035 00000247 2014 03 25 15 5052 1 09:30 17:00 0218 1 50 0 _ _ 1 20140617174501 42
000002472014036 00000247 2014 03 04 15 5606 1 09:30 17:00 0218 1 150 0 _ _ 1 20140617174501 42
000002472014036 00000247 2014 03 11 15 5606 1 09:30 17:00 0218 1 150 0 _ _ 1 20140617174501 42
000002472014037 00000247 2014 03 04 15 6102 1 09:30 17:00 0218 1 6 0 _ _ 1 20140617174501 42
000002472014037 00000247 2014 03 11 15 6102 1 09:30 17:00 0218 1 6 0 _ _ 1 20140617174501 42
000002472014037 00000247 2014 03 18 15 6102 1 09:30 17:00 0218 1 6 0 _ _ 1 20140617174501 42
000002472014037 00000247 2014 03 25 15 6102 1 09:30 17:00 0218 1 6 0 _ _ 1 20140617174501 42
000002472014041 00000247 2014 04 04 11 7311 1 13:00 13:59 0029 1 236 0 _ _ 1 20140617173907 42
000002472014041 00000247 2014 04 11 11 7311 1 13:00 13:59 0029 1 236 0 _ _ 1 20140617173907 42
000002472014041 00000247 2014 04 18 11 7311 1 13:00 13:59 0029 1 236 0 _ _ 1 20140617173907 42
000002472014041 00000247 2014 04 25 11 7311 1 13:00 13:59 0029 1 236 0 _ _ 1 20140617173907 42
000002472014043 00000247 2014 04 01 15 5301 1 09:30 17:00 0218 1 50 0 _ _ 1 20140617173907 42
000002472014043 00000247 2014 04 08 15 5301 1 09:30 17:00 0218 1 50 0 _ _ 1 20140617173907 42
000002472014043 00000247 2014 04 15 15 5301 1 09:30 17:00 0218 1 50 0 _ _ 1 20140617173907 42
000002472014043 00000247 2014 04 22 15 5301 1 09:30 17:00 0218 1 50 0 _ _ 1 20140617173907 42
000002472014043 00000247 2014 04 29 15 5301 1 09:30 17:00 0218 1 50 0 _ _ 1 20140617173907 42
000002472014044 00000247 2014 04 01 15 5052 1 09:30 17:00 0218 1 50 0 _ _ 1 20140617173907 42
000002472014044 00000247 2014 04 08 15 5052 1 09:30 17:00 0218 1 50 0 _ _ 1 20140617173907 42
000002472014044 00000247 2014 04 15 15 5052 1 09:30 17:00 0218 1 50 0 _ _ 1 20140617173907 42
000002472014044 00000247 2014 04 22 15 5052 1 09:30 17:00 0218 1 50 0 _ _ 1 20140617173907 42
000002472014044 00000247 2014 04 29 15 5052 1 09:30 17:00 0218 1 50 0 _ _ 1 20140617173907 42
000002472014045 00000247 2014 04 01 15 5606 1 09:30 17:00 0218 1 150 0 _ _ 1 20140617173907 42
000002472014045 00000247 2014 04 08 15 5606 1 09:30 17:00 0218 1 150 0 _ _ 1 20140617173907 42
000002472014046 00000247 2014 04 01 15 6102 1 09:30 17:00 0218 1 6 0 _ _ 1 20140617173907 42
000002472014046 00000247 2014 04 08 15 6102 1 09:30 17:00 0218 1 6 0 _ _ 1 20140617173907 42
000002472014046 00000247 2014 04 15 15 6102 1 09:30 17:00 0218 1 6 0 _ _ 1 20140617173907 42
000002472014046 00000247 2014 04 22 15 6102 1 09:30 17:00 0218 1 6 0 _ _ 1 20140617173907 42
000002472014046 00000247 2014 04 29 15 6102 1 09:30 17:00 0218 1 6 0 _ _ 1 20140617173907 42
000002472014051 00000247 2014 05 02 11 7311 1 13:00 13:59 0029 1 236 0 _ _ 1 20140819135801 78
000002472014051 00000247 2014 05 09 11 7311 1 13:00 13:59 0029 1 236 0 _ _ 1 20140819135801 78
000002472014051 00000247 2014 05 16 11 7311 1 13:00 13:59 0029 1 236 0 _ _ 1 20140819135801 78
000002472014051 00000247 2014 05 23 11 7311 1 13:00 13:59 0029 1 236 0 _ _ 1 20140819135801 78
000002472014051 00000247 2014 05 30 11 7311 1 13:00 13:59 0029 1 236 0 _ _ 1 20140819135801 78
000002472014052 00000247 2014 05 06 15 2441 1 09:30 17:00 0218 1 695 0 _ _ 1 20140819135801 78
000002472014052 00000247 2014 05 13 15 2441 1 09:30 17:00 0218 1 695 0 _ _ 1 20140819135801 78
000002472014052 00000247 2014 05 20 15 2441 1 09:30 17:00 0218 1 695 0 _ _ 1 20140819135801 78
000002472014053 00000247 2014 05 06 15 5052 1 09:30 17:00 0218 1 50 0 _ _ 1 20140819135801 78
000002472014053 00000247 2014 05 13 15 5052 1 09:30 17:00 0218 1 50 0 _ _ 1 20140819135801 78
000002472014053 00000247 2014 05 20 15 5052 1 09:30 17:00 0218 1 50 0 _ _ 1 20140819135801 78
000002472014054 00000247 2014 05 06 15 5301 1 09:30 17:00 0218 1 50 0 _ _ 1 20140819135801 78
000002472014054 00000247 2014 05 13 15 5301 1 09:30 17:00 0218 1 50 0 _ _ 1 20140819135801 78
000002472014054 00000247 2014 05 20 15 5301 1 09:30 17:00 0218 1 50 0 _ _ 1 20140819135801 78
000002472014055 00000247 2014 05 06 15 5606 1 09:30 17:00 0218 1 150 0 _ _ 1 20140819135801 78
000002472014055 00000247 2014 05 13 15 5606 1 09:30 17:00 0218 1 150 0 _ _ 1 20140819135801 78
000002472014056 00000247 2014 05 06 15 6102 1 09:30 17:00 0218 1 6 0 _ _ 1 20140819135801 78
000002472014056 00000247 2014 05 13 15 6102 1 09:30 17:00 0218 1 6 0 _ _ 1 20140819135801 78
000002472014056 00000247 2014 05 20 15 6102 1 09:30 17:00 0218 1 6 0 _ _ 1 20140819135801 78
000002472014061 00000247 2014 06 06 11 7311 1 13:00 13:59 0029 1 236 0 _ _ 1 20140701164100 39
000002472014061 00000247 2014 06 13 11 7311 1 13:00 13:59 0029 1 236 0 _ _ 1 20140701164100 39
000002472014061 00000247 2014 06 20 11 7311 1 13:00 13:59 0029 1 236 0 _ _ 1 20140701164100 39
000002472014061 00000247 2014 06 25 11 7311 1 13:00 13:59 0029 1 236 0 _ _ 1 20140701164100 39
000002472014062 00000247 2014 06 03 15 2441 1 09:30 17:00 0218 1 695 0 _ _ 1 20140701164100 39
000002472014063 00000247 2014 06 03 15 5052 1 09:30 17:00 0218 1 50 0 _ _ 1 20140701164100 39
000002472014064 00000247 2014 06 03 15 5301 1 09:30 17:00 0218 1 50 0 _ _ 1 20140701164100 39
000002472014065 00000247 2014 06 03 15 5606 1 09:30 17:00 0218 1 150 0 _ _ 1 20140701164100 39
000002472014066 00000247 2014 06 03 15 6102 1 09:30 17:00 0218 1 6 0 _ _ 1 20140701164100 39
000002472014071 00000247 2014 07 04 11 7311 1 13:00 13:59 0029 1 236 0 _ _ 1 20140802135132 39
000002472014071 00000247 2014 07 11 11 7311 1 13:00 13:59 0029 1 236 0 _ _ 1 20140802135132 39
000002472014071 00000247 2014 07 18 11 7311 1 13:00 13:59 0029 1 236 0 _ _ 1 20140802135132 39
000002472014071 00000247 2014 07 25 11 7311 1 13:00 13:59 0029 1 236 0 _ _ 1 20140802135132 39
000002472014081 00000247 2014 08 01 11 7311 1 13:00 13:59 0029 1 236 0 _ _ 1 20140901131707 39
000002472014081 00000247 2014 08 08 11 7311 1 13:00 13:59 0029 1 236 0 _ _ 1 20140901131707 39
000002472014081 00000247 2014 08 15 11 7311 1 13:00 13:59 0029 1 236 0 _ _ 1 20140901131707 39
000002472014081 00000247 2014 08 22 11 7311 1 13:00 13:59 0029 1 236 0 _ _ 1 20140901131707 39
000002472014081 00000247 2014 08 29 11 7311 1 13:00 13:59 0029 1 236 0 _ _ 1 20140901131707 39
000002472014091 00000247 2014 09 12 11 7311 1 13:00 13:59 0029 1 236 0 _ _ 1 20141001132918 39
000002472014091 00000247 2014 09 19 11 7311 1 13:00 13:59 0029 1 236 0 _ _ 1 20141001132918 39
000002472014091 00000247 2014 09 26 11 7311 1 13:00 13:59 0029 1 236 0 _ _ 1 20141001132918 39
000002472014092 00000247 2014 09 05 11 7311 1 13:30 14:29 0029 1 236 0 _ _ 1 20141001132918 39
000002472014101 00000247 2014 10 10 11 7311 1 13:00 13:59 0029 1 236 0 _ _ 1 20141101104227 39
000002472014101 00000247 2014 10 17 11 7311 1 13:00 13:59 0029 1 236 0 _ _ 1 20141101104227 39
000002472014101 00000247 2014 10 24 11 7311 1 13:00 13:59 0029 1 236 0 _ _ 1 20141101104227 39
000002472014101 00000247 2014 10 31 11 7311 1 13:00 13:59 0029 1 236 0 _ _ 1 20141101104227 39
000002472014102 00000247 2014 10 03 11 7311 1 13:30 14:29 0029 1 236 0 _ _ 1 20141101104227 39
000002472014111 00000247 2014 11 07 11 7311 1 13:00 13:59 0029 1 236 0 _ _ 1 20141202113216 39
000002472014111 00000247 2014 11 14 11 7311 1 13:00 13:59 0029 1 236 0 _ _ 1 20141202113216 39
000002472014112 00000247 2014 11 21 11 7311 1 13:20 14:19 0029 1 236 0 _ _ 1 20141202113216 39
000002472014113 00000247 2014 11 30 11 7311 1 15:20 16:19 0029 1 236 0 _ _ 1 20141202113216 39
