000000292011091 00000029 2011 09 01 15 1441 09:00 15:59 0076 1 790 0 _ _ 1 1 20141020165425 63
000000292011091 00000029 2011 09 08 15 1441 09:00 15:59 0076 1 790 0 _ _ 1 1 20141020165425 63
000000292011091 00000029 2011 09 15 15 1441 09:00 15:59 0076 1 790 0 _ _ 1 1 20141020165425 63
000000292011091 00000029 2011 09 22 15 1441 09:00 15:59 0076 1 790 0 _ _ 1 1 20141020165425 63
000000292011091 00000029 2011 09 29 15 1441 09:00 15:59 0076 1 790 0 _ _ 1 1 20141020165425 63
000000292011092 00000029 2011 09 01 15 5050 _ _ 0076 1 27 0 _ _ 1 1 20141020165425 63
000000292011092 00000029 2011 09 08 15 5050 _ _ 0076 1 27 0 _ _ 1 1 20141020165425 63
000000292011092 00000029 2011 09 15 15 5050 _ _ 0076 1 27 0 _ _ 1 1 20141020165425 63
000000292011092 00000029 2011 09 22 15 5050 _ _ 0076 1 27 0 _ _ 1 1 20141020165425 63
000000292011092 00000029 2011 09 29 15 5050 _ _ 0076 1 27 0 _ _ 1 1 20141020165425 63
000000292011101 00000029 2011 10 06 15 1441 09:00 15:59 0076 1 790 0 _ _ 1 1 20141020165334 63
000000292011101 00000029 2011 10 13 15 1441 09:00 15:59 0076 1 790 0 _ _ 1 1 20141020165334 63
000000292011101 00000029 2011 10 20 15 1441 09:00 15:59 0076 1 790 0 _ _ 1 1 20141020165334 63
000000292011101 00000029 2011 10 27 15 1441 09:00 15:59 0076 1 790 0 _ _ 1 1 20141020165334 63
000000292011102 00000029 2011 10 06 15 5050 _ _ 0076 1 27 0 _ _ 1 1 20141020165334 63
000000292011102 00000029 2011 10 13 15 5050 _ _ 0076 1 27 0 _ _ 1 1 20141020165334 63
000000292011102 00000029 2011 10 20 15 5050 _ _ 0076 1 27 0 _ _ 1 1 20141020165334 63
000000292011102 00000029 2011 10 27 15 5050 _ _ 0076 1 27 0 _ _ 1 1 20141020165334 63
000000292011111 00000029 2011 11 03 15 1441 09:00 15:59 0076 1 790 0 _ _ 1 1 20141020165246 63
000000292011111 00000029 2011 11 10 15 1441 09:00 15:59 0076 1 790 0 _ _ 1 1 20141020165246 63
000000292011111 00000029 2011 11 17 15 1441 09:00 15:59 0076 1 790 0 _ _ 1 1 20141020165246 63
000000292011111 00000029 2011 11 24 15 1441 09:00 15:59 0076 1 790 0 _ _ 1 1 20141020165246 63
000000292011112 00000029 2011 11 03 15 5050 _ _ 0076 1 27 0 _ _ 1 1 20141020165246 63
000000292011112 00000029 2011 11 10 15 5050 _ _ 0076 1 27 0 _ _ 1 1 20141020165246 63
000000292011112 00000029 2011 11 17 15 5050 _ _ 0076 1 27 0 _ _ 1 1 20141020165246 63
000000292011112 00000029 2011 11 24 15 5050 _ _ 0076 1 27 0 _ _ 1 1 20141020165246 63
000000292011121 00000029 2011 12 01 15 1441 09:00 15:59 0076 1 790 0 _ _ 1 1 20141020164133 63
000000292011121 00000029 2011 12 08 15 1441 09:00 15:59 0076 1 790 0 _ _ 1 1 20141020164133 63
000000292011121 00000029 2011 12 22 15 1441 09:00 15:59 0076 1 790 0 _ _ 1 1 20141020164133 63
000000292011121 00000029 2011 12 29 15 1441 09:00 15:59 0076 1 790 0 _ _ 1 1 20141020164133 63
000000292011122 00000029 2011 12 01 15 5050 _ _ 0076 1 27 0 _ _ 1 1 20141020164133 63
000000292011122 00000029 2011 12 08 15 5050 _ _ 0076 1 27 0 _ _ 1 1 20141020164133 63
000000292011122 00000029 2011 12 22 15 5050 _ _ 0076 1 27 0 _ _ 1 1 20141020164133 63
000000292011122 00000029 2011 12 29 15 5050 _ _ 0076 1 27 0 _ _ 1 1 20141020164133 63
000000292012011 00000029 2012 01 05 15 1441 09:00 15:59 0076 1 790 0 _ _ 1 1 20141021104128 63
000000292012011 00000029 2012 01 12 15 1441 09:00 15:59 0076 1 790 0 _ _ 1 1 20141021104128 63
000000292012011 00000029 2012 01 19 15 1441 09:00 15:59 0076 1 790 0 _ _ 1 1 20141021104128 63
000000292012011 00000029 2012 01 26 15 1441 09:00 15:59 0076 1 790 0 _ _ 1 1 20141021104128 63
000000292012012 00000029 2012 01 05 15 5050 _ _ 0076 1 27 0 _ _ 1 1 20141021104128 63
000000292012012 00000029 2012 01 12 15 5050 _ _ 0076 1 27 0 _ _ 1 1 20141021104128 63
000000292012012 00000029 2012 01 19 15 5050 _ _ 0076 1 27 0 _ _ 1 1 20141021104128 63
000000292012012 00000029 2012 01 26 15 5050 _ _ 0076 1 27 0 _ _ 1 1 20141021104128 63
000000292012021 00000029 2012 02 02 15 1441 09:00 15:59 0076 1 790 0 _ _ 1 1 20141021104159 63
000000292012021 00000029 2012 02 07 15 1441 09:00 15:59 0076 1 790 0 _ _ 1 1 20141021104159 63
000000292012021 00000029 2012 02 09 15 1441 09:00 15:59 0076 1 790 0 _ _ 1 1 20141021104159 63
000000292012021 00000029 2012 02 14 15 1441 09:00 15:59 0076 1 790 0 _ _ 1 1 20141021104159 63
000000292012021 00000029 2012 02 16 15 1441 09:00 15:59 0076 1 790 0 _ _ 1 1 20141021104159 63
000000292012021 00000029 2012 02 21 15 1441 09:00 15:59 0076 1 790 0 _ _ 1 1 20141021104159 63
000000292012021 00000029 2012 02 23 15 1441 09:00 15:59 0076 1 790 0 _ _ 1 1 20141021104159 63
000000292012021 00000029 2012 02 28 15 1441 09:00 15:59 0076 1 790 0 _ _ 1 1 20141021104159 63
000000292012022 00000029 2012 02 02 15 5050 _ _ 0076 1 27 0 _ _ 1 1 20141021104159 63
000000292012022 00000029 2012 02 07 15 5050 _ _ 0076 1 27 0 _ _ 1 1 20141021104159 63
000000292012022 00000029 2012 02 09 15 5050 _ _ 0076 1 27 0 _ _ 1 1 20141021104159 63
000000292012022 00000029 2012 02 14 15 5050 _ _ 0076 1 27 0 _ _ 1 1 20141021104159 63
000000292012022 00000029 2012 02 16 15 5050 _ _ 0076 1 27 0 _ _ 1 1 20141021104159 63
000000292012022 00000029 2012 02 21 15 5050 _ _ 0076 1 27 0 _ _ 1 1 20141021104159 63
000000292012022 00000029 2012 02 23 15 5050 _ _ 0076 1 27 0 _ _ 1 1 20141021104159 63
000000292012022 00000029 2012 02 28 15 5050 _ _ 0076 1 27 0 _ _ 1 1 20141021104159 63
000000292012031 00000029 2012 03 01 15 1441 09:00 15:59 0076 1 790 0 _ _ 1 1 20141021104251 63
000000292012031 00000029 2012 03 15 15 1441 09:00 15:59 0076 1 790 0 _ _ 1 1 20141021104251 63
000000292012031 00000029 2012 03 22 15 1441 09:00 15:59 0076 1 790 0 _ _ 1 1 20141021104251 63
000000292012031 00000029 2012 03 29 15 1441 09:00 15:59 0076 1 790 0 _ _ 1 1 20141021104251 63
000000292012032 00000029 2012 03 01 15 5050 _ _ 0076 1 27 0 _ _ 1 1 20141021104251 63
000000292012032 00000029 2012 03 15 15 5050 _ _ 0076 1 27 0 _ _ 1 1 20141021104251 63
000000292012032 00000029 2012 03 22 15 5050 _ _ 0076 1 27 0 _ _ 1 1 20141021104251 63
000000292012032 00000029 2012 03 29 15 5050 _ _ 0076 1 27 0 _ _ 1 1 20141021104251 63
000000292012041 00000029 2012 04 05 15 1341 10:00 15:15 0076 1 700 0 _ _ 1 1 20140801150627 24
000000292012041 00000029 2012 04 19 15 1341 10:00 15:15 0076 1 700 0 _ _ 1 1 20140801150627 24
000000292012041 00000029 2012 04 26 15 1341 10:00 15:15 0076 1 700 0 _ _ 1 1 20140801150627 24
000000292012051 00000029 2012 05 03 15 1341 10:00 15:15 0076 1 700 0 _ _ 1 1 20140801150831 24
000000292012051 00000029 2012 05 10 15 1341 10:00 15:15 0076 1 700 0 _ _ 1 1 20140801150831 24
000000292012051 00000029 2012 05 17 15 1341 10:00 15:15 0076 1 700 0 _ _ 1 1 20140801150831 24
000000292012061 00000029 2012 06 07 15 1341 10:00 15:15 0076 1 700 0 _ _ 1 1 20140801150924 24
000000292012061 00000029 2012 06 14 15 1341 10:00 15:15 0076 1 700 0 _ _ 1 1 20140801150924 24
000000292012061 00000029 2012 06 28 15 1341 10:00 15:15 0076 1 700 0 _ _ 1 1 20140801150924 24
000000292012071 00000029 2012 07 05 15 1341 10:00 15:15 0076 1 700 0 _ _ 1 1 20140801150600 24
000000292012071 00000029 2012 07 11 15 1341 10:00 15:15 0076 1 700 0 _ _ 1 1 20140801150600 24
000000292012071 00000029 2012 07 12 15 1341 10:00 15:15 0076 1 700 0 _ _ 1 1 20140801150600 24
000000292012071 00000029 2012 07 18 15 1341 10:00 15:15 0076 1 700 0 _ _ 1 1 20140801150600 24
000000292012071 00000029 2012 07 19 15 1341 10:00 15:15 0076 1 700 0 _ _ 1 1 20140801150600 24
000000292012071 00000029 2012 07 26 15 1341 10:00 15:15 0076 1 700 0 _ _ 1 1 20140801150600 24
000000292012081 00000029 2012 08 02 15 1341 10:00 15:15 0076 1 700 0 _ _ 1 1 20140819183722 24
000000292012081 00000029 2012 08 09 15 1341 10:00 15:15 0076 1 700 0 _ _ 1 1 20140819183722 24
000000292012081 00000029 2012 08 23 15 1341 10:00 15:15 0076 1 700 0 _ _ 1 1 20140819183722 24
000000292012081 00000029 2012 08 30 15 1341 10:00 15:15 0076 1 700 0 _ _ 1 1 20140819183722 24
000000292012091 00000029 2012 09 06 15 1341 10:00 15:15 0076 1 700 0 _ _ 1 1 20140801151719 24
000000292012091 00000029 2012 09 13 15 1341 10:00 15:15 0076 1 700 0 _ _ 1 1 20140801151719 24
000000292012091 00000029 2012 09 20 15 1341 10:00 15:15 0076 1 700 0 _ _ 1 1 20140801151719 24
000000292012091 00000029 2012 09 27 15 1341 10:00 15:15 0076 1 700 0 _ _ 1 1 20140801151719 24
000000292012101 00000029 2012 10 11 15 1341 10:00 15:15 0076 1 700 0 _ _ 1 1 20140801151830 24
000000292012101 00000029 2012 10 18 15 1341 10:00 15:15 0076 1 700 0 _ _ 1 1 20140801151830 24
000000292012101 00000029 2012 10 25 15 1341 10:00 15:15 0076 1 700 0 _ _ 1 1 20140801151830 24
000000292012111 00000029 2012 11 01 15 1341 10:00 15:15 0076 1 700 0 _ _ 1 1 20140801152100 24
000000292012111 00000029 2012 11 08 15 1341 10:00 15:15 0076 1 700 0 _ _ 1 1 20140801152100 24
000000292012111 00000029 2012 11 15 15 1341 10:00 15:15 0076 1 700 0 _ _ 1 1 20140801152100 24
000000292012111 00000029 2012 11 22 15 1341 10:00 15:15 0076 1 700 0 _ _ 1 1 20140801152100 24
000000292012111 00000029 2012 11 29 15 1341 10:00 15:15 0076 1 700 0 _ _ 1 1 20140801152100 24
000000292012121 00000029 2012 12 06 15 1341 10:00 15:15 0076 1 700 0 _ _ 1 1 20140801152352 24
000000292012121 00000029 2012 12 13 15 1341 10:00 15:15 0076 1 700 0 _ _ 1 1 20140801152352 24
000000292012121 00000029 2012 12 20 15 1341 10:00 15:15 0076 1 700 0 _ _ 1 1 20140801152352 24
000000292013011 00000029 2013 01 10 15 1341 10:00 15:14 0076 1 700 0 _ _ 1 1 20140722134156 24
000000292013011 00000029 2013 01 17 15 1341 10:00 15:14 0076 1 700 0 _ _ 1 1 20140722134156 24
000000292013011 00000029 2013 01 24 15 1341 10:00 15:14 0076 1 700 0 _ _ 1 1 20140722134156 24
000000292013011 00000029 2013 01 31 15 1341 10:00 15:14 0076 1 700 0 _ _ 1 1 20140722134156 24
000000292013021 00000029 2013 02 07 15 1341 10:00 15:15 0076 1 700 0 _ _ 1 1 20140722134305 24
000000292013021 00000029 2013 02 14 15 1341 10:00 15:15 0076 1 700 0 _ _ 1 1 20140722134305 24
000000292013021 00000029 2013 02 21 15 1341 10:00 15:15 0076 1 700 0 _ _ 1 1 20140722134305 24
000000292013021 00000029 2013 02 28 15 1341 10:00 15:15 0076 1 700 0 _ _ 1 1 20140722134305 24
000000292013031 00000029 2013 03 07 15 1341 10:00 15:15 0076 1 700 0 _ _ 1 1 20140722134514 24
000000292013031 00000029 2013 03 14 15 1341 10:00 15:15 0076 1 700 0 _ _ 1 1 20140722134514 24
000000292013031 00000029 2013 03 21 15 1341 10:00 15:15 0076 1 700 0 _ _ 1 1 20140722134514 24
000000292013031 00000029 2013 03 28 15 1341 10:00 15:15 0076 1 700 0 _ _ 1 1 20140722134514 24
000000292013041 00000029 2013 04 11 15 2341 10:00 15:15 0076 1 602 0 _ _ 1 1 20140722134743 24
000000292013041 00000029 2013 04 18 15 2341 10:00 15:15 0076 1 602 0 _ _ 1 1 20140722134743 24
000000292013041 00000029 2013 04 25 15 2341 10:00 15:15 0076 1 602 0 _ _ 1 1 20140722134743 24
000000292013051 00000029 2013 05 02 15 2341 10:00 15:15 0076 1 602 0 _ _ 1 1 20140722135108 24
000000292013051 00000029 2013 05 09 15 2341 10:00 15:15 0076 1 602 0 _ _ 1 1 20140722135108 24
000000292013051 00000029 2013 05 16 15 2341 10:00 15:15 0076 1 602 0 _ _ 1 1 20140722135108 24
000000292013051 00000029 2013 05 23 15 2341 10:00 15:15 0076 1 602 0 _ _ 1 1 20140722135108 24
000000292013051 00000029 2013 05 30 15 2341 10:00 15:15 0076 1 602 0 _ _ 1 1 20140722135108 24
000000292013061 00000029 2013 06 06 15 2341 10:00 15:15 0076 1 602 0 _ _ 1 1 20140819183416 24
000000292013061 00000029 2013 06 13 15 2341 10:00 15:15 0076 1 602 0 _ _ 1 1 20140819183416 24
000000292013061 00000029 2013 06 20 15 2341 10:00 15:15 0076 1 602 0 _ _ 1 1 20140819183416 24
000000292013061 00000029 2013 06 27 15 2341 10:00 15:15 0076 1 602 0 _ _ 1 1 20140819183416 24
000000292014031 00000029 2014 03 02 11 4869 10:00 10:29 0009 1 229 _ _ _ 1 1 20140301160412 39
000000292014031 00000029 2014 03 09 11 4869 10:00 10:29 0009 1 229 _ _ _ 1 1 20140301160412 39
000000292014031 00000029 2014 03 16 11 4869 10:00 10:29 0009 1 229 _ _ _ 1 1 20140301160412 39
000000292014031 00000029 2014 03 23 11 4869 10:00 10:29 0009 1 229 _ _ _ 1 1 20140301160412 39
000000292014031 00000029 2014 03 30 11 4869 10:00 10:29 0009 1 229 _ _ _ 1 1 20140301160412 39
000000292014032 00000029 2014 03 04 13 1211 10:00 10:59 0004 1 830 _ _ _ 1 1 20140301160412 39
000000292014032 00000029 2014 03 11 13 1211 10:00 10:59 0004 1 830 _ _ _ 1 1 20140301160412 39
000000292014032 00000029 2014 03 18 13 1211 10:00 10:59 0004 1 830 _ _ _ 1 1 20140301160412 39
000000292014032 00000029 2014 03 25 13 1211 10:00 10:59 0004 1 830 _ _ _ 1 1 20140301160412 39
000000292014033 00000029 2014 03 01 15 2441 09:30 17:00 0001 1 690 _ _ _ 1 1 20140301160412 39
000000292014033 00000029 2014 03 08 15 2441 09:30 17:00 0001 1 690 _ _ _ 1 1 20140301160412 39
000000292014033 00000029 2014 03 15 15 2441 09:30 17:00 0001 1 690 _ _ _ 1 1 20140301160412 39
000000292014033 00000029 2014 03 22 15 2441 09:30 17:00 0001 1 690 _ _ _ 1 1 20140301160412 39
000000292014033 00000029 2014 03 29 15 2441 09:30 17:00 0001 1 690 _ _ _ 1 1 20140301160412 39
000000292014034 00000029 2014 03 01 15 5051 09:30 17:00 0001 1 42 _ _ _ 1 1 20140301160412 39
000000292014034 00000029 2014 03 08 15 5051 09:30 17:00 0001 1 42 _ _ _ 1 1 20140301160412 39
000000292014034 00000029 2014 03 15 15 5051 09:30 17:00 0001 1 42 _ _ _ 1 1 20140301160412 39
000000292014034 00000029 2014 03 22 15 5051 09:30 17:00 0001 1 42 _ _ _ 1 1 20140301160412 39
000000292014034 00000029 2014 03 29 15 5051 09:30 17:00 0001 1 42 _ _ _ 1 1 20140301160412 39
000000292014035 00000029 2014 03 01 15 5605 09:30 17:00 0001 1 150 _ _ _ 1 1 20140301160412 39
000000292014035 00000029 2014 03 08 15 5605 09:30 17:00 0001 1 150 _ _ _ 1 1 20140301160412 39
000000292014035 00000029 2014 03 15 15 5605 09:30 17:00 0001 1 150 _ _ _ 1 1 20140301160412 39
000000292014035 00000029 2014 03 22 15 5605 09:30 17:00 0001 1 150 _ _ _ 1 1 20140301160412 39
000000292014035 00000029 2014 03 29 15 5605 09:30 17:00 0001 1 150 _ _ _ 1 1 20140301160412 39
000000292014036 00000029 2014 03 01 15 5606 09:30 17:00 0001 1 150 _ _ _ 1 1 20140301160412 39
000000292014036 00000029 2014 03 08 15 5606 09:30 17:00 0001 1 150 _ _ _ 1 1 20140301160412 39
000000292014036 00000029 2014 03 15 15 5606 09:30 17:00 0001 1 150 _ _ _ 1 1 20140301160412 39
000000292014036 00000029 2014 03 22 15 5606 09:30 17:00 0001 1 150 _ _ _ 1 1 20140301160412 39
000000292014036 00000029 2014 03 29 15 5606 09:30 17:00 0001 1 150 _ _ _ 1 1 20140301160412 39
