000001392014061 00000139 2014 06 03 11 1211 15:45 16:30 0070 1 404 0 _ _ _ 1 20140703210513 11
000001392014061 00000139 2014 06 06 11 1211 15:45 16:30 0070 1 404 0 _ _ _ 1 20140703210513 11
000001392014061 00000139 2014 06 10 11 1211 15:45 16:30 0070 1 404 0 _ _ _ 1 20140703210513 11
000001392014061 00000139 2014 06 13 11 1211 15:45 16:30 0070 1 404 0 _ _ _ 1 20140703210513 11
000001392014061 00000139 2014 06 17 11 1211 15:45 16:30 0070 1 404 0 _ _ _ 1 20140703210513 11
000001392014061 00000139 2014 06 20 11 1211 15:45 16:30 0070 1 404 0 _ _ _ 1 20140703210513 11
000001392014061 00000139 2014 06 24 11 1211 15:45 16:30 0070 1 404 0 _ _ _ 1 20140703210513 11
000001392014061 00000139 2014 06 27 11 1211 15:45 16:30 0070 1 404 0 _ _ _ 1 20140703210513 11
000001392014062 00000139 2014 06 02 13 1501 11:00 11:39 0259 1 318 0 _ _ _ 1 20140703210513 11
000001392014062 00000139 2014 06 04 13 1501 11:00 11:39 0259 1 318 0 _ _ _ 1 20140703210513 11
000001392014062 00000139 2014 06 09 13 1501 11:00 11:39 0259 1 318 0 _ _ _ 1 20140703210513 11
000001392014062 00000139 2014 06 11 13 1501 11:00 11:39 0259 1 318 0 _ _ _ 1 20140703210513 11
000001392014062 00000139 2014 06 16 13 1501 11:00 11:39 0259 1 318 0 _ _ _ 1 20140703210513 11
000001392014062 00000139 2014 06 18 13 1501 11:00 11:39 0259 1 318 0 _ _ _ 1 20140703210513 11
000001392014062 00000139 2014 06 23 13 1501 11:00 11:39 0259 1 318 0 _ _ _ 1 20140703210513 11
000001392014062 00000139 2014 06 25 13 1501 11:00 11:39 0259 1 318 0 _ _ _ 1 20140703210513 11
000001392014063 00000139 2014 06 01 17 1001 _ _ 0001 1 700 0 _ _ _ 1 20140703210513 11
000001392014064 00000139 2014 06 01 17 1002 _ _ 0001 1 200 0 _ _ _ 1 20140703210513 11
000001392014065 00000139 2014 06 01 17 1009 _ _ 0001 1 200 0 _ _ _ 1 20140703210513 11
000001392014071 00000139 2014 07 04 11 1211 15:45 16:30 0070 1 404 0 _ _ 1 1 20140803180532 11
000001392014071 00000139 2014 07 25 11 1211 15:45 16:30 0070 1 404 0 _ _ 1 1 20140803180532 11
000001392014072 00000139 2014 07 01 11 5111 15:45 16:50 0070 1 474 0 _ _ 1 1 20140803180532 11
000001392014072 00000139 2014 07 08 11 5111 15:45 16:50 0070 1 474 0 _ _ 1 1 20140803180532 11
000001392014072 00000139 2014 07 15 11 5111 15:45 16:50 0070 1 474 0 _ _ 1 1 20140803180532 11
000001392014072 00000139 2014 07 22 11 5111 15:45 16:50 0070 1 474 0 _ _ 1 1 20140803180532 11
000001392014072 00000139 2014 07 29 11 5111 15:45 16:50 0070 1 474 0 _ _ 1 1 20140803180532 11
000001392014073 00000139 2014 07 02 13 1501 11:00 11:39 0259 1 318 0 _ _ 1 1 20140803180532 11
000001392014073 00000139 2014 07 07 13 1501 11:00 11:39 0259 1 318 0 _ _ 1 1 20140803180532 11
000001392014073 00000139 2014 07 09 13 1501 11:00 11:39 0259 1 318 0 _ _ 1 1 20140803180532 11
000001392014073 00000139 2014 07 14 13 1501 11:00 11:39 0259 1 318 0 _ _ 1 1 20140803180532 11
000001392014073 00000139 2014 07 16 13 1501 11:00 11:39 0259 1 318 0 _ _ 1 1 20140803180532 11
000001392014073 00000139 2014 07 23 13 1501 11:00 11:39 0259 1 318 0 _ _ 1 1 20140803180532 11
000001392014073 00000139 2014 07 30 13 1501 11:00 11:39 0259 1 318 0 _ _ 1 1 20140803180532 11
000001392014074 00000139 2014 07 01 17 1001 _ _ 0001 1 700 0 _ _ 1 1 20140803180532 11
000001392014075 00000139 2014 07 01 17 1002 _ _ 0001 1 200 0 _ _ 1 1 20140803180532 11
000001392014076 00000139 2014 07 01 17 1009 _ _ 0001 1 200 0 _ _ 1 1 20140803180532 11
000001392014081 00000139 2014 08 01 11 1211 15:45 16:30 0070 1 404 0 _ _ 1 1 20140802161814 11
000001392014081 00000139 2014 08 08 11 1211 15:45 16:30 0070 1 404 0 _ _ 1 1 20140802161814 11
000001392014081 00000139 2014 08 15 11 1211 15:45 16:30 0070 1 404 0 _ _ 1 1 20140802161814 11
000001392014081 00000139 2014 08 22 11 1211 15:45 16:30 0070 1 404 0 _ _ 1 1 20140802161814 11
000001392014081 00000139 2014 08 29 11 1211 15:45 16:30 0070 1 404 0 _ _ 1 1 20140802161814 11
000001392014082 00000139 2014 08 05 11 5111 15:45 16:50 0070 1 474 0 _ _ 1 1 20140802161814 11
000001392014082 00000139 2014 08 12 11 5111 15:45 16:50 0070 1 474 0 _ _ 1 1 20140802161814 11
000001392014082 00000139 2014 08 19 11 5111 15:45 16:50 0070 1 474 0 _ _ 1 1 20140802161814 11
000001392014082 00000139 2014 08 26 11 5111 15:45 16:50 0070 1 474 0 _ _ 1 1 20140802161814 11
000001392014083 00000139 2014 08 04 13 1501 11:00 11:39 0259 1 318 0 _ _ 1 1 20140802161814 11
000001392014083 00000139 2014 08 06 13 1501 11:00 11:39 0259 1 318 0 _ _ 1 1 20140802161814 11
000001392014083 00000139 2014 08 11 13 1501 11:00 11:39 0259 1 318 0 _ _ 1 1 20140802161814 11
000001392014083 00000139 2014 08 13 13 1501 11:00 11:39 0259 1 318 0 _ _ 1 1 20140802161814 11
000001392014083 00000139 2014 08 18 13 1501 11:00 11:39 0259 1 318 0 _ _ 1 1 20140802161814 11
000001392014083 00000139 2014 08 20 13 1501 11:00 11:39 0259 1 318 0 _ _ 1 1 20140802161814 11
000001392014083 00000139 2014 08 25 13 1501 11:00 11:39 0259 1 318 0 _ _ 1 1 20140802161814 11
000001392014083 00000139 2014 08 27 13 1501 11:00 11:39 0259 1 318 0 _ _ 1 1 20140802161814 11
000001392014084 00000139 2014 08 01 17 1001 _ _ 0001 1 700 0 _ _ 1 1 20140802161814 11
000001392014085 00000139 2014 08 01 17 1002 _ _ 0001 1 200 0 _ _ 1 1 20140802161814 11
000001392014086 00000139 2014 08 01 17 1009 _ _ 0001 1 200 0 _ _ 1 1 20140802161814 11
000001392014091 00000139 2014 09 05 11 1211 15:45 16:30 0070 1 404 0 _ _ _ 1 20140811161400 11
000001392014091 00000139 2014 09 12 11 1211 15:45 16:30 0070 1 404 0 _ _ _ 1 20140811161400 11
000001392014091 00000139 2014 09 19 11 1211 15:45 16:30 0070 1 404 0 _ _ _ 1 20140811161400 11
000001392014091 00000139 2014 09 26 11 1211 15:45 16:30 0070 1 404 0 _ _ _ 1 20140811161400 11
000001392014092 00000139 2014 09 02 11 5111 15:45 16:50 0070 1 474 0 _ _ _ 1 20140811161400 11
000001392014092 00000139 2014 09 09 11 5111 15:45 16:50 0070 1 474 0 _ _ _ 1 20140811161400 11
000001392014092 00000139 2014 09 16 11 5111 15:45 16:50 0070 1 474 0 _ _ _ 1 20140811161400 11
000001392014092 00000139 2014 09 23 11 5111 15:45 16:50 0070 1 474 0 _ _ _ 1 20140811161400 11
000001392014092 00000139 2014 09 30 11 5111 15:45 16:50 0070 1 474 0 _ _ _ 1 20140811161400 11
000001392014093 00000139 2014 09 01 13 1501 11:00 11:39 0259 1 318 0 _ _ _ 1 20140811161400 11
000001392014093 00000139 2014 09 03 13 1501 11:00 11:39 0259 1 318 0 _ _ _ 1 20140811161400 11
000001392014093 00000139 2014 09 08 13 1501 11:00 11:39 0259 1 318 0 _ _ _ 1 20140811161400 11
000001392014093 00000139 2014 09 10 13 1501 11:00 11:39 0259 1 318 0 _ _ _ 1 20140811161400 11
000001392014093 00000139 2014 09 15 13 1501 11:00 11:39 0259 1 318 0 _ _ _ 1 20140811161400 11
000001392014093 00000139 2014 09 17 13 1501 11:00 11:39 0259 1 318 0 _ _ _ 1 20140811161400 11
000001392014093 00000139 2014 09 22 13 1501 11:00 11:39 0259 1 318 0 _ _ _ 1 20140811161400 11
000001392014093 00000139 2014 09 24 13 1501 11:00 11:39 0259 1 318 0 _ _ _ 1 20140811161400 11
000001392014093 00000139 2014 09 29 13 1501 11:00 11:39 0259 1 318 0 _ _ _ 1 20140811161400 11
000001392014094 00000139 2014 09 01 17 1001 _ _ 0001 1 700 0 _ _ _ 1 20140811161400 11
000001392014095 00000139 2014 09 01 17 1002 _ _ 0001 1 200 0 _ _ _ 1 20140811161400 11
000001392014096 00000139 2014 09 01 17 1009 _ _ 0001 1 200 0 _ _ _ 1 20140811161400 11
