00000073 0070 2012 10 1 1 20140808150407 00034
00000073 0070 2012 11 _ 1 20140808150755 00034
00000073 0070 2012 12 _ 1 20140808151734 00034
00000073 0070 2013 01 _ 1 20140725102222 00034
00000073 0070 2013 02 _ 1 20140725102708 00034
00000073 0070 2013 03 _ 1 20140725103140 00034
00000073 0070 2013 04 _ 1 20140725104050 00034
00000073 0070 2013 05 _ 1 20140725104754 00034
00000073 0070 2013 06 _ 1 20140725105119 00034
00000073 0070 2013 07 _ 1 20140725105555 00034
00000073 0073 2013 08 1 1 20140725110320 00034
00000073 0073 2013 09 _ 1 20140627115857 00034
00000073 0073 2013 10 _ 1 20140627120212 00034
00000073 0073 2013 11 _ 1 20140627120445 00034
00000073 0073 2013 12 _ 1 20140627120724 00034
00000073 0073 2014 01 _ 1 20140613135415 00034
00000073 0073 2014 02 _ 1 20140613135833 00034
00000073 0073 2014 03 _ 1 20140613140310 00034
00000073 0073 2014 04 _ 1 20140613142019 00034
00000073 0073 2014 05 _ 1 20140815185212 00034
00000073 0073 2014 06 _ 1 20140701161749 00034
00000073 0073 2014 07 _ 1 20140731130315 00038
00000073 0073 2014 08 _ 1 20140812184610 00038
