00000114 2013 11 1 1 00031 1 20140701134813 00030
00000114 2013 12 1 1 00031 1 20140701140833 00030
00000114 2014 01 1 1 00031 1 20140616194621 00030
00000114 2014 02 1 1 00031 1 20140616195358 00030
00000114 2014 03 1 1 00031 1 20140616195846 00030
00000114 2014 04 1 1 00031 1 20140616200641 00030
00000114 2014 05 1 1 00031 1 20140818152450 00030
00000114 2014 06 1 1 00031 1 20140702174255 00031
00000114 2014 07 1 1 00031 1 20140804175741 00031
00000114 2014 08 1 1 00031 1 20140901121150 00031
00000114 2014 09 1 1 00031 1 20141003175412 00031
00000114 2014 10 1 1 00031 1 20141103094838 00031
00000114 2014 11 1 1 00031 1 20141202190516 00031
00000114 2014 12 1 _ 00031 1 20141208171436 00031
