000001142013111 00000114 2013 11 01 13 1211 1 11:00 11:59 0031 1 830 0 _ _ 1 20140701134813 24
000001142013111 00000114 2013 11 05 13 1211 1 11:00 11:59 0031 1 830 0 _ _ 1 20140701134813 24
000001142013111 00000114 2013 11 08 13 1211 1 11:00 11:59 0031 1 830 0 _ _ 1 20140701134813 24
000001142013111 00000114 2013 11 12 13 1211 1 11:00 11:59 0031 1 830 0 _ _ 1 20140701134813 24
000001142013111 00000114 2013 11 15 13 1211 1 11:00 11:59 0031 1 830 0 _ _ 1 20140701134813 24
000001142013111 00000114 2013 11 22 13 1211 1 11:00 11:59 0031 1 830 0 _ _ 1 20140701134813 24
000001142013111 00000114 2013 11 26 13 1211 1 11:00 11:59 0031 1 830 0 _ _ 1 20140701134813 24
000001142013111 00000114 2013 11 29 13 1211 1 11:00 11:59 0031 1 830 0 _ _ 1 20140701134813 24
000001142013112 00000114 2013 11 19 13 1211 1 11:40 12:39 0031 1 830 0 _ _ 1 20140701134813 24
000001142013113 00000114 2013 11 01 13 3100 1 _ _ 0031 1 540 0 _ _ 1 20140701134813 24
000001142013114 00000114 2013 11 01 13 4002 1 _ _ 0031 1 300 0 _ _ 1 20140701134813 24
000001142013115 00000114 2013 11 04 11 4001 1 16:00 16:40 0070 1 200 0 _ _ 1 20140701134813 24
000001142013116 00000114 2013 11 04 11 7211 1 16:00 16:40 0070 1 190 0 _ _ 1 20140701134813 24
000001142013116 00000114 2013 11 11 11 7211 1 16:00 16:40 0070 1 190 0 _ _ 1 20140701134813 24
000001142013116 00000114 2013 11 18 11 7211 1 16:00 16:40 0070 1 190 0 _ _ 1 20140701134813 24
000001142013116 00000114 2013 11 25 11 7211 1 16:00 16:40 0070 1 190 0 _ _ 1 20140701134813 24
000001142013121 00000114 2013 12 03 13 1211 1 11:00 11:59 0031 1 830 0 _ _ 1 20140701140833 24
000001142013121 00000114 2013 12 10 13 1211 1 11:00 11:59 0031 1 830 0 _ _ 1 20140701140833 24
000001142013121 00000114 2013 12 17 13 1211 1 11:00 11:59 0031 1 830 0 _ _ 1 20140701140833 24
000001142013121 00000114 2013 12 24 13 1211 1 11:00 11:59 0031 1 830 0 _ _ 1 20140701140833 24
000001142013122 00000114 2013 12 06 13 1221 1 11:00 11:59 0031 1 747 0 _ _ 1 20140701140833 24
000001142013122 00000114 2013 12 13 13 1221 1 11:00 11:59 0031 1 747 0 _ _ 1 20140701140833 24
000001142013122 00000114 2013 12 20 13 1221 1 11:00 11:59 0031 1 747 0 _ _ 1 20140701140833 24
000001142013122 00000114 2013 12 27 13 1221 1 11:00 11:59 0031 1 747 0 _ _ 1 20140701140833 24
000001142013124 00000114 2013 12 02 11 7211 1 16:00 16:40 0070 1 190 0 _ _ 1 20140701140833 24
000001142013124 00000114 2013 12 09 11 7211 1 16:00 16:40 0070 1 190 0 _ _ 1 20140701140833 24
000001142013124 00000114 2013 12 16 11 7211 1 16:00 16:40 0070 1 190 0 _ _ 1 20140701140833 24
000001142013124 00000114 2013 12 30 11 7211 1 16:00 16:40 0070 1 190 0 _ _ 1 20140701140833 24
000001142013125 00000114 2013 12 23 11 7211 1 16:20 16:40 0070 1 190 0 _ _ 1 20140701140833 24
000001142014011 00000114 2014 01 06 11 7211 1 16:00 16:40 0070 1 190 0 _ _ 1 20140616194621 24
000001142014011 00000114 2014 01 13 11 7211 1 16:00 16:40 0070 1 190 0 _ _ 1 20140616194621 24
000001142014011 00000114 2014 01 20 11 7211 1 16:00 16:40 0070 1 190 0 _ _ 1 20140616194621 24
000001142014011 00000114 2014 01 27 11 7211 1 16:00 16:40 0070 1 190 0 _ _ 1 20140616194621 24
000001142014012 00000114 2014 01 07 13 1211 1 11:00 11:59 0031 1 830 0 _ _ 1 20140616194621 24
000001142014012 00000114 2014 01 14 13 1211 1 11:00 11:59 0031 1 830 0 _ _ 1 20140616194621 24
000001142014012 00000114 2014 01 21 13 1211 1 11:00 11:59 0031 1 830 0 _ _ 1 20140616194621 24
000001142014012 00000114 2014 01 28 13 1211 1 11:00 11:59 0031 1 830 0 _ _ 1 20140616194621 24
000001142014012 00000114 2014 01 31 13 1211 1 11:00 11:59 0031 1 830 0 _ _ 1 20140616194621 24
000001142014013 00000114 2014 01 01 13 3100 1 _ _ 0031 1 540 0 _ _ 1 20140616194621 24
000001142014014 00000114 2014 01 10 13 1221 1 11:00 11:59 0031 1 747 0 _ _ 1 20140616194621 24
000001142014014 00000114 2014 01 17 13 1221 1 11:00 11:59 0031 1 747 0 _ _ 1 20140616194621 24
000001142014014 00000114 2014 01 24 13 1221 1 11:00 11:59 0031 1 747 0 _ _ 1 20140616194621 24
000001142014021 00000114 2014 02 03 11 7211 1 16:00 16:40 0070 1 190 0 _ _ 1 20140616195358 24
000001142014021 00000114 2014 02 10 11 7211 1 16:00 16:40 0070 1 190 0 _ _ 1 20140616195358 24
000001142014021 00000114 2014 02 17 11 7211 1 16:00 16:40 0070 1 190 0 _ _ 1 20140616195358 24
000001142014021 00000114 2014 02 24 11 7211 1 16:00 16:40 0070 1 190 0 _ _ 1 20140616195358 24
000001142014022 00000114 2014 02 04 13 1211 1 11:00 11:59 0031 1 830 0 _ _ 1 20140616195358 24
000001142014022 00000114 2014 02 18 13 1211 1 11:00 11:59 0031 1 830 0 _ _ 1 20140616195358 24
000001142014022 00000114 2014 02 21 13 1211 1 11:00 11:59 0031 1 830 0 _ _ 1 20140616195358 24
000001142014022 00000114 2014 02 25 13 1211 1 11:00 11:59 0031 1 830 0 _ _ 1 20140616195358 24
000001142014023 00000114 2014 02 01 13 3100 1 _ _ 0031 1 540 0 _ _ 1 20140616195358 24
000001142014024 00000114 2014 02 14 13 1221 1 10:20 11:00 0031 1 747 0 _ _ 1 20140616195358 24
000001142014025 00000114 2014 02 07 13 1221 1 11:00 11:59 0031 1 747 0 _ _ 1 20140616195358 24
000001142014025 00000114 2014 02 28 13 1221 1 11:00 11:59 0031 1 747 0 _ _ 1 20140616195358 24
000001142014026 00000114 2014 02 12 13 1211 1 13:00 13:59 0031 1 830 0 _ _ 1 20140616195358 24
000001142014031 00000114 2014 03 03 11 7211 1 16:00 16:40 0070 1 190 0 _ _ 1 20140616195846 24
000001142014031 00000114 2014 03 10 11 7211 1 16:00 16:40 0070 1 190 0 _ _ 1 20140616195846 24
000001142014031 00000114 2014 03 17 11 7211 1 16:00 16:40 0070 1 190 0 _ _ 1 20140616195846 24
000001142014031 00000114 2014 03 24 11 7211 1 16:00 16:40 0070 1 190 0 _ _ 1 20140616195846 24
000001142014031 00000114 2014 03 31 11 7211 1 16:00 16:40 0070 1 190 0 _ _ 1 20140616195846 24
000001142014032 00000114 2014 03 04 13 1211 1 11:00 11:59 0031 1 830 0 _ _ 1 20140616195846 24
000001142014032 00000114 2014 03 07 13 1211 1 11:00 11:59 0031 1 830 0 _ _ 1 20140616195846 24
000001142014032 00000114 2014 03 11 13 1211 1 11:00 11:59 0031 1 830 0 _ _ 1 20140616195846 24
000001142014032 00000114 2014 03 14 13 1211 1 11:00 11:59 0031 1 830 0 _ _ 1 20140616195846 24
000001142014032 00000114 2014 03 18 13 1211 1 11:00 11:59 0031 1 830 0 _ _ 1 20140616195846 24
000001142014032 00000114 2014 03 20 13 1211 1 11:00 11:59 0031 1 830 0 _ _ 1 20140616195846 24
000001142014032 00000114 2014 03 25 13 1211 1 11:00 11:59 0031 1 830 0 _ _ 1 20140616195846 24
000001142014032 00000114 2014 03 28 13 1211 1 11:00 11:59 0031 1 830 0 _ _ 1 20140616195846 24
000001142014041 00000114 2014 04 07 11 7311 1 16:30 17:29 0070 1 236 0 _ _ 1 20140616200641 24
000001142014041 00000114 2014 04 14 11 7311 1 16:30 17:29 0070 1 236 0 _ _ 1 20140616200641 24
000001142014041 00000114 2014 04 21 11 7311 1 16:30 17:29 0070 1 236 0 _ _ 1 20140616200641 24
000001142014041 00000114 2014 04 28 11 7311 1 16:30 17:29 0070 1 236 0 _ _ 1 20140616200641 24
000001142014042 00000114 2014 04 10 11 7311 1 13:45 14:44 0070 1 236 0 _ _ 1 20140616200641 24
000001142014043 00000114 2014 04 17 11 7311 1 14:00 14:45 0070 1 236 0 _ _ 1 20140616200641 24
000001142014044 00000114 2014 04 24 11 7311 1 13:55 14:45 0070 1 236 0 _ _ 1 20140616200641 24
000001142014045 00000114 2014 04 08 13 1211 1 11:00 11:59 0031 1 834 0 _ _ 1 20140616200641 24
000001142014045 00000114 2014 04 11 13 1211 1 11:00 11:59 0031 1 834 0 _ _ 1 20140616200641 24
000001142014045 00000114 2014 04 15 13 1211 1 11:00 11:59 0031 1 834 0 _ _ 1 20140616200641 24
000001142014045 00000114 2014 04 18 13 1211 1 11:00 11:59 0031 1 834 0 _ _ 1 20140616200641 24
000001142014045 00000114 2014 04 22 13 1211 1 11:00 11:59 0031 1 834 0 _ _ 1 20140616200641 24
000001142014045 00000114 2014 04 25 13 1211 1 11:00 11:59 0031 1 834 0 _ _ 1 20140616200641 24
000001142014045 00000114 2014 04 30 13 1211 1 11:00 11:59 0031 1 834 0 _ _ 1 20140616200641 24
000001142014047 00000114 2014 04 01 13 1221 1 11:00 11:59 0031 1 751 0 _ _ 1 20140616200641 24
000001142014047 00000114 2014 04 04 13 1221 1 11:00 11:59 0031 1 751 0 _ _ 1 20140616200641 24
000001142014051 00000114 2014 05 07 13 1211 1 11:00 11:59 0031 1 834 0 _ _ 1 20140818152450 24
000001142014051 00000114 2014 05 09 13 1211 1 11:00 11:59 0031 1 834 0 _ _ 1 20140818152450 24
000001142014051 00000114 2014 05 16 13 1211 1 11:00 11:59 0031 1 834 0 _ _ 1 20140818152450 24
000001142014051 00000114 2014 05 20 13 1211 1 11:00 11:59 0031 1 834 0 _ _ 1 20140818152450 24
000001142014051 00000114 2014 05 23 13 1211 1 11:00 11:59 0031 1 834 0 _ _ 1 20140818152450 24
000001142014051 00000114 2014 05 27 13 1211 1 11:00 11:59 0031 1 834 0 _ _ 1 20140818152450 24
000001142014051 00000114 2014 05 30 13 1211 1 11:00 11:59 0031 1 834 0 _ _ 1 20140818152450 24
000001142014052 00000114 2014 05 02 13 1221 1 11:00 11:59 0031 1 751 0 _ _ 1 20140818152450 24
000001142014052 00000114 2014 05 13 13 1221 1 11:00 11:59 0031 1 751 0 _ _ 1 20140818152450 24
000001142014053 00000114 2014 05 01 13 3100 1 _ _ 0031 1 540 0 _ _ 1 20140818152450 24
000001142014054 00000114 2014 05 01 11 7311 1 13:45 14:44 0070 1 236 0 _ _ 1 20140818152450 24
000001142014054 00000114 2014 05 08 11 7311 1 13:45 14:44 0070 1 236 0 _ _ 1 20140818152450 24
000001142014054 00000114 2014 05 15 11 7311 1 13:45 14:44 0070 1 236 0 _ _ 1 20140818152450 24
000001142014054 00000114 2014 05 22 11 7311 1 13:45 14:44 0070 1 236 0 _ _ 1 20140818152450 24
000001142014054 00000114 2014 05 29 11 7311 1 13:45 14:44 0070 1 236 0 _ _ 1 20140818152450 24
000001142014055 00000114 2014 05 29 11 7311 1 13:55 14:44 0070 1 236 0 _ _ 1 20140818152450 24
000001142014056 00000114 2014 05 05 11 7311 1 16:30 17:29 0070 1 236 0 _ _ 1 20140818152450 24
000001142014056 00000114 2014 05 12 11 7311 1 16:30 17:29 0070 1 236 0 _ _ 1 20140818152450 24
000001142014056 00000114 2014 05 19 11 7311 1 16:30 17:29 0070 1 236 0 _ _ 1 20140818152450 24
000001142014056 00000114 2014 05 26 11 7311 1 16:30 17:29 0070 1 236 0 _ _ 1 20140818152450 24
000001142014061 00000114 2014 06 05 11 7311 1 13:45 14:44 0070 1 236 0 _ _ 1 20140702174255 25
000001142014061 00000114 2014 06 12 11 7311 1 13:45 14:44 0070 1 236 0 _ _ 1 20140702174255 25
000001142014061 00000114 2014 06 26 11 7311 1 13:45 14:44 0070 1 236 0 _ _ 1 20140702174255 25
000001142014062 00000114 2014 06 19 11 7211 1 14:05 14:44 0070 1 191 0 _ _ 1 20140702174255 25
000001142014063 00000114 2014 06 02 11 7311 1 16:30 17:29 0070 1 236 0 _ _ 1 20140702174255 25
000001142014063 00000114 2014 06 09 11 7311 1 16:30 17:29 0070 1 236 0 _ _ 1 20140702174255 25
000001142014063 00000114 2014 06 16 11 7311 1 16:30 17:29 0070 1 236 0 _ _ 1 20140702174255 25
000001142014063 00000114 2014 06 23 11 7311 1 16:30 17:29 0070 1 236 0 _ _ 1 20140702174255 25
000001142014063 00000114 2014 06 30 11 7311 1 16:30 17:29 0070 1 236 0 _ _ 1 20140702174255 25
000001142014064 00000114 2014 06 03 13 1211 1 11:00 11:59 0031 1 834 0 _ _ 1 20140702174255 25
000001142014064 00000114 2014 06 06 13 1211 1 11:00 11:59 0031 1 834 0 _ _ 1 20140702174255 25
000001142014064 00000114 2014 06 10 13 1211 1 11:00 11:59 0031 1 834 0 _ _ 1 20140702174255 25
000001142014064 00000114 2014 06 13 13 1211 1 11:00 11:59 0031 1 834 0 _ _ 1 20140702174255 25
000001142014064 00000114 2014 06 17 13 1211 1 11:00 11:59 0031 1 834 0 _ _ 1 20140702174255 25
000001142014064 00000114 2014 06 20 13 1211 1 11:00 11:59 0031 1 834 0 _ _ 1 20140702174255 25
000001142014064 00000114 2014 06 24 13 1211 1 11:00 11:59 0031 1 834 0 _ _ 1 20140702174255 25
000001142014064 00000114 2014 06 27 13 1211 1 11:00 11:59 0031 1 834 0 _ _ 1 20140702174255 25
000001142014065 00000114 2014 06 01 13 3100 1 _ _ 0031 1 540 0 _ _ 1 20140702174255 25
000001142014071 00000114 2014 07 08 13 1211 1 11:00 11:59 0031 1 834 0 _ _ 1 20140804175741 25
000001142014071 00000114 2014 07 15 13 1211 1 11:00 11:59 0031 1 834 0 _ _ 1 20140804175741 25
000001142014071 00000114 2014 07 24 13 1211 1 11:00 11:59 0031 1 834 0 _ _ 1 20140804175741 25
000001142014071 00000114 2014 07 29 13 1211 1 11:00 11:59 0031 1 834 0 _ _ 1 20140804175741 25
000001142014072 00000114 2014 07 01 13 1221 1 11:00 11:59 0031 1 751 0 _ _ 1 20140804175741 25
000001142014072 00000114 2014 07 03 13 1221 1 11:00 11:59 0031 1 751 0 _ _ 1 20140804175741 25
000001142014072 00000114 2014 07 10 13 1221 1 11:00 11:59 0031 1 751 0 _ _ 1 20140804175741 25
000001142014072 00000114 2014 07 22 13 1221 1 11:00 11:59 0031 1 751 0 _ _ 1 20140804175741 25
000001142014072 00000114 2014 07 31 13 1221 1 11:00 11:59 0031 1 751 0 _ _ 1 20140804175741 25
000001142014073 00000114 2014 07 18 13 1221 1 13:30 14:29 0031 1 751 0 _ _ 1 20140804175741 25
000001142014075 00000114 2014 07 04 11 7311 1 11:00 11:59 0070 1 236 0 _ _ 1 20140804175741 25
000001142014075 00000114 2014 07 11 11 7311 1 11:00 11:59 0070 1 236 0 _ _ 1 20140804175741 25
000001142014075 00000114 2014 07 18 11 7311 1 11:00 11:59 0070 1 236 0 _ _ 1 20140804175741 25
000001142014075 00000114 2014 07 25 11 7311 1 11:00 11:59 0070 1 236 0 _ _ 1 20140804175741 25
000001142014076 00000114 2014 07 07 11 7311 1 16:30 17:29 0070 1 236 0 _ _ 1 20140804175741 25
000001142014076 00000114 2014 07 14 11 7311 1 16:30 17:29 0070 1 236 0 _ _ 1 20140804175741 25
000001142014076 00000114 2014 07 21 11 7311 1 16:30 17:29 0070 1 236 0 _ _ 1 20140804175741 25
000001142014076 00000114 2014 07 28 11 7311 1 16:30 17:29 0070 1 236 0 _ _ 1 20140804175741 25
000001142014081 00000114 2014 08 05 13 1211 1 11:00 11:59 0031 1 834 0 _ _ 1 20140901121150 25
000001142014081 00000114 2014 08 19 13 1211 1 11:00 11:59 0031 1 834 0 _ _ 1 20140901121150 25
000001142014081 00000114 2014 08 26 13 1211 1 11:00 11:59 0031 1 834 0 _ _ 1 20140901121150 25
000001142014082 00000114 2014 08 07 13 1221 1 11:00 11:59 0031 1 751 0 _ _ 1 20140901121150 25
000001142014082 00000114 2014 08 12 13 1221 1 11:00 11:59 0031 1 751 0 _ _ 1 20140901121150 25
000001142014082 00000114 2014 08 14 13 1221 1 11:00 11:59 0031 1 751 0 _ _ 1 20140901121150 25
000001142014082 00000114 2014 08 21 13 1221 1 11:00 11:59 0031 1 751 0 _ _ 1 20140901121150 25
000001142014082 00000114 2014 08 28 13 1221 1 11:00 11:59 0031 1 751 0 _ _ 1 20140901121150 25
000001142014083 00000114 2014 08 01 11 7311 1 11:00 11:59 0070 1 236 0 _ _ 1 20140901121150 25
000001142014083 00000114 2014 08 08 11 7311 1 11:00 11:59 0070 1 236 0 _ _ 1 20140901121150 25
000001142014083 00000114 2014 08 15 11 7311 1 11:00 11:59 0070 1 236 0 _ _ 1 20140901121150 25
000001142014083 00000114 2014 08 22 11 7311 1 11:00 11:59 0070 1 236 0 _ _ 1 20140901121150 25
000001142014083 00000114 2014 08 29 11 7311 1 11:00 11:59 0070 1 236 0 _ _ 1 20140901121150 25
000001142014084 00000114 2014 08 04 11 7311 1 16:30 17:29 0070 1 236 0 _ _ 1 20140901121150 25
000001142014084 00000114 2014 08 11 11 7311 1 16:30 17:29 0070 1 236 0 _ _ 1 20140901121150 25
000001142014084 00000114 2014 08 18 11 7311 1 16:30 17:29 0070 1 236 0 _ _ 1 20140901121150 25
000001142014084 00000114 2014 08 25 11 7311 1 16:30 17:29 0070 1 236 0 _ _ 1 20140901121150 25
000001142014085 00000114 2014 08 01 13 3100 1 _ _ 0325 1 540 0 _ _ 1 20140901121150 25
000001142014091 00000114 2014 09 02 13 1211 1 11:00 11:59 0031 1 834 0 _ _ 1 20141003175412 25
000001142014091 00000114 2014 09 04 13 1211 1 11:00 11:59 0031 1 834 0 _ _ 1 20141003175412 25
000001142014091 00000114 2014 09 16 13 1211 1 11:00 11:59 0031 1 834 0 _ _ 1 20141003175412 25
000001142014091 00000114 2014 09 24 13 1211 1 11:00 11:59 0031 1 834 0 _ _ 1 20141003175412 25
000001142014091 00000114 2014 09 30 13 1211 1 11:00 11:59 0031 1 834 0 _ _ 1 20141003175412 25
000001142014092 00000114 2014 09 01 13 3100 1 _ _ 0031 1 540 0 _ _ 1 20141003175412 25
000001142014093 00000114 2014 09 30 11 7311 1 09:45 10:44 0070 1 236 0 _ _ 1 20141003175412 25
000001142014094 00000114 2014 09 05 11 7311 1 11:00 11:59 0070 1 236 0 _ _ 1 20141003175412 25
000001142014094 00000114 2014 09 12 11 7311 1 11:00 11:59 0070 1 236 0 _ _ 1 20141003175412 25
000001142014094 00000114 2014 09 19 11 7311 1 11:00 11:59 0070 1 236 0 _ _ 1 20141003175412 25
000001142014094 00000114 2014 09 26 11 7311 1 11:00 11:59 0070 1 236 0 _ _ 1 20141003175412 25
000001142014095 00000114 2014 09 08 11 7311 1 16:30 17:29 0070 1 236 0 _ _ 1 20141003175412 25
000001142014096 00000114 2014 09 01 11 7311 1 17:00 17:59 0070 1 236 0 _ _ 1 20141003175412 25
000001142014097 00000114 2014 09 10 13 1211 1 10:00 10:59 0031 1 834 0 _ _ 1 20141003175412 25
000001142014098 00000114 2014 09 11 13 1221 1 11:00 11:59 0031 1 751 0 _ _ 1 20141003175412 25
000001142014098 00000114 2014 09 18 13 1221 1 11:00 11:59 0031 1 751 0 _ _ 1 20141003175412 25
000001142014099 00000114 2014 09 26 13 1221 1 14:00 14:59 0031 1 751 0 _ _ 1 20141003175412 25
000001142014101 00000114 2014 10 07 13 1211 1 11:00 11:59 0031 1 834 0 _ _ 1 20141103094838 25
000001142014101 00000114 2014 10 14 13 1211 1 11:00 11:59 0031 1 834 0 _ _ 1 20141103094838 25
000001142014101 00000114 2014 10 21 13 1211 1 11:00 11:59 0031 1 834 0 _ _ 1 20141103094838 25
000001142014101 00000114 2014 10 23 13 1211 1 11:00 11:59 0031 1 834 0 _ _ 1 20141103094838 25
000001142014101 00000114 2014 10 28 13 1211 1 11:00 11:59 0031 1 834 0 _ _ 1 20141103094838 25
000001142014102 00000114 2014 10 01 13 3100 1 _ _ 0031 1 540 0 _ _ 1 20141103094838 25
000001142014103 00000114 2014 10 07 11 7311 1 09:45 10:44 0070 1 236 0 _ _ 1 20141103094838 25
000001142014103 00000114 2014 10 14 11 7311 1 09:45 10:44 0070 1 236 0 _ _ 1 20141103094838 25
000001142014103 00000114 2014 10 21 11 7311 1 09:45 10:44 0070 1 236 0 _ _ 1 20141103094838 25
000001142014103 00000114 2014 10 28 11 7311 1 09:45 10:44 0070 1 236 0 _ _ 1 20141103094838 25
000001142014104 00000114 2014 10 02 13 1221 1 11:00 11:59 0031 1 751 0 _ _ 1 20141103094838 25
000001142014104 00000114 2014 10 09 13 1221 1 11:00 11:59 0031 1 751 0 _ _ 1 20141103094838 25
000001142014104 00000114 2014 10 16 13 1221 1 11:00 11:59 0031 1 751 0 _ _ 1 20141103094838 25
000001142014104 00000114 2014 10 30 13 1221 1 11:00 11:59 0031 1 751 0 _ _ 1 20141103094838 25
000001142014111 00000114 2014 11 12 13 1211 1 11:00 11:59 0031 1 834 0 _ _ 1 20141202190516 25
000001142014111 00000114 2014 11 18 13 1211 1 11:00 11:59 0031 1 834 0 _ _ 1 20141202190516 25
000001142014111 00000114 2014 11 20 13 1211 1 11:00 11:59 0031 1 834 0 _ _ 1 20141202190516 25
000001142014111 00000114 2014 11 26 13 1211 1 11:00 11:59 0031 1 834 0 _ _ 1 20141202190516 25
000001142014111 00000114 2014 11 27 13 1211 1 11:00 11:59 0031 1 834 0 _ _ 1 20141202190516 25
000001142014113 00000114 2014 11 04 11 7311 1 09:45 10:44 0070 1 236 0 _ _ 1 20141202190516 25
000001142014113 00000114 2014 11 11 11 7311 1 09:45 10:44 0070 1 236 0 _ _ 1 20141202190516 25
000001142014113 00000114 2014 11 18 11 7311 1 09:45 10:44 0070 1 236 0 _ _ 1 20141202190516 25
000001142014113 00000114 2014 11 25 11 7311 1 09:45 10:44 0070 1 236 0 _ _ 1 20141202190516 25
000001142014114 00000114 2014 11 06 13 1221 1 11:00 11:59 0031 1 751 0 _ _ 1 20141202190516 25
000001142014114 00000114 2014 11 13 13 1221 1 11:00 11:59 0031 1 751 0 _ _ 1 20141202190516 25
000001142014115 00000114 2014 11 04 13 1211 1 11:20 12:19 0031 1 834 0 _ _ 1 20141202190516 25
