000001342014051 00000134 2014 05 12 11 1211 1 13:15 14:00 0070 1 404 0 _ _ 1 20140818190439 24
000001342014051 00000134 2014 05 15 11 1211 1 13:15 14:00 0070 1 404 0 _ _ 1 20140818190439 24
000001342014051 00000134 2014 05 19 11 1211 1 13:15 14:00 0070 1 404 0 _ _ 1 20140818190439 24
000001342014051 00000134 2014 05 22 11 1211 1 13:15 14:00 0070 1 404 0 _ _ 1 20140818190439 24
000001342014051 00000134 2014 05 26 11 1211 1 13:15 14:00 0070 1 404 0 _ _ 1 20140818190439 24
000001342014051 00000134 2014 05 29 11 1211 1 13:15 14:00 0070 1 404 0 _ _ 1 20140818190439 24
000001342014052 00000134 2014 05 05 11 1111 1 13:20 13:49 0070 1 255 0 _ _ 1 20140818190439 24
000001342014053 00000134 2014 05 09 11 1211 1 14:45 15:30 0070 1 404 0 _ _ 1 20140818190439 24
000001342014054 00000134 2014 05 10 15 1243 1 08:55 13:00 0257 1 600 0 _ _ 1 20140818190439 24
000001342014054 00000134 2014 05 17 15 1243 1 08:55 13:00 0257 1 600 0 _ _ 1 20140818190439 24
000001342014054 00000134 2014 05 31 15 1243 1 08:55 13:00 0257 1 600 0 _ _ 1 20140818190439 24
000001342014055 00000134 2014 05 01 17 1001 1 _ _ 0093 1 550 0 _ _ 1 20140818190439 24
000001342014056 00000134 2014 05 01 17 1009 1 _ _ 0093 1 200 0 _ _ 1 20140818190439 24
000001342014057 00000134 2014 05 09 11 4001 1 _ _ 0070 1 200 0 _ _ 1 20140818190439 24
000001342014061 00000134 2014 06 02 11 1211 1 13:15 14:00 0070 1 404 0 _ _ 1 20140703205651 11
000001342014061 00000134 2014 06 05 11 1211 1 13:15 14:00 0070 1 404 0 _ _ 1 20140703205651 11
000001342014061 00000134 2014 06 09 11 1211 1 13:15 14:00 0070 1 404 0 _ _ 1 20140703205651 11
000001342014061 00000134 2014 06 12 11 1211 1 13:15 14:00 0070 1 404 0 _ _ 1 20140703205651 11
000001342014061 00000134 2014 06 19 11 1211 1 13:15 14:00 0070 1 404 0 _ _ 1 20140703205651 11
000001342014061 00000134 2014 06 23 11 1211 1 13:15 14:00 0070 1 404 0 _ _ 1 20140703205651 11
000001342014062 00000134 2014 06 07 15 1243 1 08:55 13:00 0257 1 600 0 _ _ 1 20140703205651 11
000001342014062 00000134 2014 06 28 15 1243 1 08:55 13:00 0257 1 600 0 _ _ 1 20140703205651 11
000001342014063 00000134 2014 06 01 17 1001 1 _ _ 0093 1 550 0 _ _ 1 20140703205651 11
000001342014064 00000134 2014 06 01 17 1009 1 _ _ 0093 1 200 0 _ _ 1 20140703205651 11
000001342014071 00000134 2014 07 03 11 1211 1 13:15 14:00 0070 1 404 0 _ _ 1 20140802155102 11
000001342014071 00000134 2014 07 07 11 1211 1 13:15 14:00 0070 1 404 0 _ _ 1 20140802155102 11
000001342014071 00000134 2014 07 17 11 1211 1 13:15 14:00 0070 1 404 0 _ _ 1 20140802155102 11
000001342014071 00000134 2014 07 21 11 1211 1 13:15 14:00 0070 1 404 0 _ _ 1 20140802155102 11
000001342014072 00000134 2014 07 14 11 1211 1 14:00 14:45 0070 1 404 0 _ _ 1 20140802155102 11
000001342014073 00000134 2014 07 19 15 1243 1 08:55 13:00 0257 1 600 0 _ _ 1 20140802155102 11
000001342014074 00000134 2014 07 01 17 1001 1 _ _ 0093 1 550 0 _ _ 1 20140802155102 11
000001342014075 00000134 2014 07 01 17 1009 1 _ _ 0093 1 200 0 _ _ 1 20140802155102 11
