00000096 0073 2013 08 1 1 20140728112706 00034
00000096 0073 2013 09 1 1 20140630144534 00034
00000096 0073 2013 10 1 1 20140630145020 00034
00000096 0073 2013 11 1 1 20140630145759 00034
00000096 0073 2013 12 1 1 20140630150537 00034
00000096 0073 2014 01 1 1 20140616145404 00034
00000096 0073 2014 02 1 1 20140616150049 00034
00000096 0073 2014 03 1 1 20140616150625 00034
00000096 0073 2014 04 1 1 20140616151125 00034
00000096 0073 2014 05 1 1 20140818144238 00034
00000096 0073 2014 06 1 1 20140701101346 00078
00000096 0073 2014 07 1 1 20140731104723 00035
00000096 0073 2014 08 1 1 20140829202119 00038
00000096 0073 2014 09 1 1 20140930211329 00035
00000096 0073 2014 10 1 1 20141028195351 00035
00000096 0073 2014 11 1 1 20141127190157 00038
00000096 0073 2014 12 _ 1 20141203103038 00037
