1 00000159 2014 02 61 0073 グランクレール・ケアサービス横浜 1321 予防訪問介護Ⅲ 3870 0 3870 11 3870 0 3870 3870 0 10.84 41950 90 37755 4195 0 n n 0 1 20140620105721 00078
1 00000159 2014 03 61 0073 グランクレール・ケアサービス横浜 1211 予防訪問介護Ⅱ 2440 0 2440 8 2440 0 2440 2440 0 10.84 26449 90 23804 2645 0 n n 0 1 20140620110006 00078
1 00000159 2014 04 61 0073 グランクレール・ケアサービス横浜 1211 予防訪問介護Ⅱ 2452 0 2452 9 2452 0 2452 2452 0 10.84 26579 90 23921 2658 0 n n 0 1 20140620110305 00078
1 00000159 2014 05 61 0073 グランクレール・ケアサービス横浜 1211 予防訪問介護Ⅱ 2452 0 2452 9 2452 0 2452 2452 0 10.84 26579 90 23921 2658 0 n n 0 1 20140818174530 00034
1 00000159 2014 06 61 0073 グランクレール・ケアサービス横浜 1211 予防訪問介護Ⅱ 2452 0 2452 6 2452 0 2452 2452 0 10.84 26579 90 23921 2658 0 n n 0 1 20140628182226 00035
2 00000159 2014 02 61 0073 グランクレール・ケアサービス横浜 6271 予防訪問介護処遇改善加算Ⅰ 155 0 155 1 155 0 155 155 0 10.84 1680 90 1512 168 0 a g 0 1 20140620105721 00078
2 00000159 2014 03 61 0073 グランクレール・ケアサービス横浜 6271 予防訪問介護処遇改善加算Ⅰ 98 0 98 1 98 0 98 98 0 10.84 1062 90 955 107 0 a g 0 1 20140620110006 00078
2 00000159 2014 04 61 0073 グランクレール・ケアサービス横浜 6271 予防訪問介護処遇改善加算Ⅰ 98 0 98 1 98 0 98 98 0 10.84 1062 90 955 107 0 a g 0 1 20140620110305 00078
2 00000159 2014 05 61 0073 グランクレール・ケアサービス横浜 6271 予防訪問介護処遇改善加算Ⅰ 98 0 98 1 98 0 98 98 0 10.84 1062 90 955 107 0 a g 0 1 20140818174530 00034
2 00000159 2014 06 61 0073 グランクレール・ケアサービス横浜 6271 予防訪問介護処遇改善加算Ⅰ 98 0 98 1 98 0 98 98 0 10.84 1062 90 955 107 0 a g 0 1 20140628182226 00035
