0001 001 月額賃料 00000143
0001 003 管理費 00000107
0001 003 管理費 00000115
0001 003 管理費 00000134
0001 003 管理費 00000139
0001 003 管理費 00000140
0001 003 管理費 00000313
0001 003 管理費 00001126
0001 003 管理費 00001141
0001 004 サービス費 00000134
0001 004 サービス費 00000139
0001 004 サービス費 00000140
0001 004 サービス費 00000143
0001 005 介護支援サービス費 00000135
0001 005 介護支援サービス費 00000140
0001 006 トランクルーム利用料 00000107
0001 006 トランクルーム利用料 00000115
0001 006 トランクルーム利用料 00000428
0001 006 トランクルーム利用料 00001053
0001 006 トランクルーム利用料 00001060
0001 006 トランクルーム利用料 00001074
0001 006 トランクルーム利用料 00001084
0001 006 トランクルーム利用料 00001089
0001 006 トランクルーム利用料 00001092
0001 006 トランクルーム利用料 00001093
0001 006 トランクルーム利用料 00001094
0001 006 トランクルーム利用料 00001097
0001 006 トランクルーム利用料 00001099
0001 006 トランクルーム利用料 00001101
0001 006 トランクルーム利用料 00001111
0001 006 トランクルーム利用料 00001126
0001 006 トランクルーム利用料 00001128
0001 006 トランクルーム利用料 00001135
0001 006 トランクルーム利用料 00001141
0001 006 トランクルーム利用料 00001142
0001 006 トランクルーム利用料 00001145
0001 006 トランクルーム利用料 00001146
0001 006 トランクルーム利用料 00001154
0001 007 駐車場利用料 00001064
0001 007 駐車場利用料 00001169
0001 052 サービス費１ 00000099
0001 052 サービス費１ 00000102
0001 052 サービス費１ 00000103
0001 052 サービス費１ 00000105
0001 052 サービス費１ 00000107
0001 052 サービス費１ 00000111
0001 052 サービス費１ 00000115
0001 052 サービス費１ 00000118
0001 052 サービス費１ 00000120
0001 052 サービス費１ 00000121
0001 052 サービス費１ 00000150
0001 052 サービス費１ 00000153
0001 052 サービス費１ 00000161
0001 052 サービス費１ 00000162
0001 052 サービス費１ 00000165
0001 052 サービス費１ 00000305
0001 052 サービス費１ 00000313
0001 052 サービス費１ 00000385
0001 052 サービス費１ 00000428
0001 052 サービス費１ 00000429
0001 052 サービス費１ 00000711
0001 052 サービス費１ 00001050
0001 052 サービス費１ 00001053
0001 052 サービス費１ 00001054
0001 052 サービス費１ 00001056
0001 052 サービス費１ 00001058
0001 052 サービス費１ 00001060
0001 052 サービス費１ 00001063
0001 052 サービス費１ 00001064
0001 052 サービス費１ 00001065
0001 052 サービス費１ 00001068
0001 052 サービス費１ 00001069
0001 052 サービス費１ 00001071
0001 052 サービス費１ 00001074
0001 052 サービス費１ 00001075
0001 052 サービス費１ 00001076
0001 052 サービス費１ 00001079
0001 052 サービス費１ 00001083
0001 052 サービス費１ 00001084
0001 052 サービス費１ 00001086
0001 052 サービス費１ 00001089
0001 052 サービス費１ 00001090
0001 052 サービス費１ 00001092
0001 052 サービス費１ 00001093
0001 052 サービス費１ 00001094
0001 052 サービス費１ 00001095
0001 052 サービス費１ 00001096
0001 052 サービス費１ 00001097
0001 052 サービス費１ 00001098
0001 052 サービス費１ 00001099
0001 052 サービス費１ 00001101
0001 052 サービス費１ 00001102
0001 052 サービス費１ 00001107
0001 052 サービス費１ 00001111
0001 052 サービス費１ 00001112
0001 052 サービス費１ 00001114
0001 052 サービス費１ 00001118
0001 052 サービス費１ 00001122
0001 052 サービス費１ 00001125
0001 052 サービス費１ 00001126
0001 052 サービス費１ 00001127
0001 052 サービス費１ 00001128
0001 052 サービス費１ 00001129
0001 052 サービス費１ 00001140
0001 052 サービス費１ 00001141
0001 052 サービス費１ 00001142
0001 052 サービス費１ 00001145
0001 052 サービス費１ 00001146
0001 052 サービス費１ 00001147
0001 052 サービス費１ 00001148
0001 052 サービス費１ 00001149
0001 052 サービス費１ 00001151
0001 052 サービス費１ 00001152
0001 052 サービス費１ 00001153
0001 052 サービス費１ 00001154
0001 052 サービス費１ 00001155
0001 052 サービス費１ 00001156
0001 052 サービス費１ 00001160
0001 052 サービス費１ 00001161
0001 052 サービス費１ 00001164
0001 053 サービス費２ 00000099
0001 053 サービス費２ 00000102
0001 053 サービス費２ 00000103
0001 053 サービス費２ 00000105
0001 053 サービス費２ 00000107
0001 053 サービス費２ 00000111
0001 053 サービス費２ 00000115
0001 053 サービス費２ 00000118
0001 053 サービス費２ 00000120
0001 053 サービス費２ 00000121
0001 053 サービス費２ 00000150
0001 053 サービス費２ 00000153
0001 053 サービス費２ 00000161
0001 053 サービス費２ 00000162
0001 053 サービス費２ 00000165
0001 053 サービス費２ 00000305
0001 053 サービス費２ 00000313
0001 053 サービス費２ 00000385
0001 053 サービス費２ 00000428
0001 053 サービス費２ 00000429
0001 053 サービス費２ 00000711
0001 053 サービス費２ 00001050
0001 053 サービス費２ 00001053
0001 053 サービス費２ 00001054
0001 053 サービス費２ 00001056
0001 053 サービス費２ 00001058
0001 053 サービス費２ 00001060
0001 053 サービス費２ 00001063
0001 053 サービス費２ 00001064
0001 053 サービス費２ 00001065
0001 053 サービス費２ 00001068
0001 053 サービス費２ 00001069
0001 053 サービス費２ 00001071
0001 053 サービス費２ 00001074
0001 053 サービス費２ 00001075
0001 053 サービス費２ 00001076
0001 053 サービス費２ 00001079
0001 053 サービス費２ 00001083
0001 053 サービス費２ 00001084
0001 053 サービス費２ 00001086
0001 053 サービス費２ 00001089
0001 053 サービス費２ 00001090
0001 053 サービス費２ 00001092
0001 053 サービス費２ 00001093
0001 053 サービス費２ 00001094
0001 053 サービス費２ 00001095
0001 053 サービス費２ 00001096
0001 053 サービス費２ 00001097
0001 053 サービス費２ 00001098
0001 053 サービス費２ 00001099
0001 053 サービス費２ 00001101
0001 053 サービス費２ 00001102
0001 053 サービス費２ 00001107
0001 053 サービス費２ 00001111
0001 053 サービス費２ 00001112
0001 053 サービス費２ 00001114
0001 053 サービス費２ 00001118
0001 053 サービス費２ 00001122
0001 053 サービス費２ 00001125
0001 053 サービス費２ 00001126
0001 053 サービス費２ 00001127
0001 053 サービス費２ 00001128
0001 053 サービス費２ 00001129
0001 053 サービス費２ 00001140
0001 053 サービス費２ 00001141
0001 053 サービス費２ 00001142
0001 053 サービス費２ 00001145
0001 053 サービス費２ 00001146
0001 053 サービス費２ 00001147
0001 053 サービス費２ 00001148
0001 053 サービス費２ 00001149
0001 053 サービス費２ 00001151
0001 053 サービス費２ 00001152
0001 053 サービス費２ 00001153
0001 053 サービス費２ 00001154
0001 053 サービス費２ 00001155
0001 053 サービス費２ 00001156
0001 053 サービス費２ 00001160
0001 053 サービス費２ 00001161
0001 053 サービス費２ 00001164
0001 054 自転車置場利用料 00001093
0001 054 自転車置場利用料 00001094
0001 055 電動カート置場利用料 00000105
0002 003 管理費 00000062
0002 003 管理費 00000742
0002 003 管理費 00000743
0002 004 サービス費 00000015
0002 004 サービス費 00000056
0002 004 サービス費 00000084
0002 004 サービス費 00000742
0002 004 サービス費 00000743
0002 004 サービス費 00000746
0002 004 サービス費 00000755
0002 006 トランクルーム利用料 00000743
0002 007 駐車場利用料 00000743
0002 007 駐車場利用料 00000764
0002 007 駐車場利用料 00000782
0002 032 賃料(プレオオーナー) 00000770
0002 033 家賃 00000742
0002 033 家賃 00000743
0002 033 家賃 00000754
0003 001 月額賃料 00000355
0003 003 管理費 00000360
0003 004 サービス費 00000306
0003 004 サービス費 00000342
0003 004 サービス費 00000360
0003 006 トランクルーム利用料 00000019
0003 006 トランクルーム利用料 00000360
0003 006 トランクルーム利用料 00000395
0003 006 トランクルーム利用料 00000418
0003 006 トランクルーム利用料 00000450
0003 006 トランクルーム利用料 00000477
0003 006 トランクルーム利用料 00000494
0003 006 トランクルーム利用料 00000507
0003 006 トランクルーム利用料 00000515
0003 006 トランクルーム利用料 00000517
0003 006 トランクルーム利用料 00000520
0003 006 トランクルーム利用料 00000540
0003 008 駐輪場利用料 00000329
0004 003 管理費 00000012
0004 003 管理費 00000032
0004 003 管理費 00000593
0004 003 管理費 00000609
0004 003 管理費 00000611
0004 003 管理費 00000620
0004 003 管理費 00000631
0004 003 管理費 00000633
0004 003 管理費 00000662
0004 003 管理費 00000687
0004 003 管理費 00000689
0004 003 管理費 00000696
0004 006 トランクルーム利用料 00000012
0004 006 トランクルーム利用料 00000032
0004 006 トランクルーム利用料 00000609
0004 006 トランクルーム利用料 00000610
0004 006 トランクルーム利用料 00000613
0004 006 トランクルーム利用料 00000618
0004 006 トランクルーム利用料 00000638
0004 006 トランクルーム利用料 00000639
0004 006 トランクルーム利用料 00000651
0004 006 トランクルーム利用料 00000656
0004 006 トランクルーム利用料 00000660
0004 006 トランクルーム利用料 00000672
0004 006 トランクルーム利用料 00000674
0004 006 トランクルーム利用料 00000682
0004 006 トランクルーム利用料 00000684
0004 006 トランクルーム利用料 00000699
0004 007 駐車場利用料 00000110
0004 023 管理費* 00000110
0004 023 管理費* 00000309
0004 024 月額家賃* 00000309
0004 025 サービス費* 00000110
0004 025 サービス費* 00000309
0004 025 サービス費* 00000727
0004 027 食事基本料 00000012
0004 027 食事基本料 00000032
0004 027 食事基本料 00000593
0004 027 食事基本料 00000609
0004 027 食事基本料 00000611
0004 027 食事基本料 00000620
0004 027 食事基本料 00000631
0004 027 食事基本料 00000633
0004 027 食事基本料 00000662
0004 027 食事基本料 00000687
0004 027 食事基本料 00000689
0004 027 食事基本料 00000696
0004 029 トランクルーム料 00000110
0005 003 管理費 00000852
0005 003 管理費 00000854
0005 003 管理費 00000859
0005 003 管理費 00000860
0005 003 管理費 00000868
0005 003 管理費 00000872
0005 003 管理費 00000880
0005 004 サービス費 00000037
0005 004 サービス費 00000216
0005 004 サービス費 00000820
0005 004 サービス費 00000821
0005 004 サービス費 00000828
0005 004 サービス費 00000830
0005 004 サービス費 00000832
0005 006 トランクルーム利用料 00000836
0005 007 駐車場利用料 00000830
0005 042 家賃 00000852
0006 003 管理費 00000113
0006 003 管理費 00000910
0006 003 管理費 00000911
0006 003 管理費 00000912
0006 003 管理費 00000914
0006 003 管理費 00000915
0006 003 管理費 00000916
0006 003 管理費 00000917
0006 003 管理費 00000920
0006 003 管理費 00000921
0006 003 管理費 00000924
0006 003 管理費 00000925
0006 003 管理費 00000931
0006 003 管理費 00000933
0006 003 管理費 00000978
0006 004 サービス費 00000113
0006 004 サービス費 00000910
0006 004 サービス費 00000911
0006 004 サービス費 00000912
0006 004 サービス費 00000914
0006 004 サービス費 00000915
0006 004 サービス費 00000916
0006 004 サービス費 00000917
0006 004 サービス費 00000918
0006 004 サービス費 00000919
0006 004 サービス費 00000920
0006 004 サービス費 00000921
0006 004 サービス費 00000923
0006 004 サービス費 00000924
0006 004 サービス費 00000925
0006 004 サービス費 00000931
0006 004 サービス費 00000933
0006 045 賃料(月払) 00000917
0006 045 賃料(月払) 00000931
0006 045 賃料(月払) 00000978
0006 050 レンタル商品(家具等) 00000941
