00000572 0029 2014 06 0000002 01 00049 _ 10:00 10:59 _ _ 0 7311 1 11 1 20140630114205 00078
00000572 0029 2014 06 0000003 01 00049 _ 15:00 19:00 _ _ 0 5311 1 11 1 20140630114205 00078
00000572 0029 2014 06 0000004 02 00049 _ 10:00 10:59 _ _ 0 7311 1 11 1 20140630114205 00078
00000572 0029 2014 06 0000005 02 00049 _ 15:00 19:00 _ _ 0 5311 1 11 1 20140630114205 00078
00000572 0029 2014 06 0000006 03 00049 _ 10:00 10:59 _ _ 0 7311 1 11 1 20140630114205 00078
00000572 0029 2014 06 0000007 03 00049 _ 15:00 19:00 _ _ 0 5311 1 11 1 20140630114205 00078
00000572 0029 2014 06 0000008 04 00049 _ 10:00 10:59 _ _ 0 7311 1 11 1 20140630114205 00078
00000572 0029 2014 06 0000009 04 00049 _ 15:00 19:00 _ _ 0 5311 1 11 1 20140630114205 00078
00000572 0029 2014 06 0000010 05 00049 _ 10:00 10:59 _ _ 0 7311 1 11 1 20140630114205 00078
00000572 0029 2014 06 0000011 05 00049 _ 15:00 19:00 _ _ 0 5311 1 11 1 20140630114205 00078
00000572 0029 2014 06 0000012 06 00049 _ 10:00 10:59 _ _ 0 7311 1 11 1 20140630114205 00078
00000572 0029 2014 06 0000013 06 00049 _ 15:00 19:00 _ _ 0 5311 1 11 1 20140630114205 00078
00000572 0029 2014 06 0000014 07 00049 _ 10:00 10:59 _ _ 0 7311 1 11 1 20140630114205 00078
00000572 0029 2014 06 0000015 07 00049 _ 15:00 19:00 _ _ 0 5311 1 11 1 20140630114205 00078
00000572 0029 2014 06 0000016 08 00049 _ 10:00 10:59 _ _ 0 7311 1 11 1 20140630114205 00078
00000572 0029 2014 06 0000017 08 00049 _ 15:00 19:00 _ _ 0 5311 1 11 1 20140630114205 00078
00000572 0029 2014 06 0000018 09 00049 _ 10:00 10:59 _ _ 0 7311 1 11 1 20140630114205 00078
00000572 0029 2014 06 0000019 09 00049 _ 15:00 19:00 _ _ 0 5311 1 11 1 20140630114205 00078
00000572 0029 2014 06 0000020 10 00049 _ 10:00 10:59 _ _ 0 7311 1 11 1 20140630114205 00078
00000572 0029 2014 06 0000021 10 00049 _ 15:00 19:00 _ _ 0 5311 1 11 1 20140630114205 00078
00000572 0029 2014 06 0000022 11 00049 _ 10:00 10:59 _ _ 0 7311 1 11 1 20140630114205 00078
00000572 0029 2014 06 0000023 11 00049 _ 15:00 19:00 _ _ 0 5311 1 11 1 20140630114205 00078
00000572 0029 2014 06 0000024 12 00049 _ 10:00 10:59 _ _ 0 7311 1 11 1 20140630114205 00078
00000572 0029 2014 06 0000025 12 00049 _ 15:00 19:00 _ _ 0 5311 1 11 1 20140630114205 00078
00000572 0029 2014 06 0000026 13 00049 _ 10:00 10:59 _ _ 0 7311 1 11 1 20140630114205 00078
00000572 0029 2014 06 0000027 13 00049 _ 15:00 19:00 _ _ 0 5311 1 11 1 20140630114205 00078
00000572 0029 2014 06 0000028 14 00049 _ 10:00 10:59 _ _ 0 7311 1 11 1 20140630114205 00078
00000572 0029 2014 06 0000029 14 00049 _ 15:00 19:00 _ _ 0 5311 1 11 1 20140630114205 00078
00000572 0029 2014 06 0000030 15 00049 _ 10:00 10:59 _ _ 0 7311 1 11 1 20140630114205 00078
00000572 0029 2014 06 0000031 15 00049 _ 15:00 19:00 _ _ 0 5311 1 11 1 20140630114205 00078
00000572 0029 2014 06 0000032 16 00049 _ 10:00 10:59 _ _ 0 7311 1 11 1 20140630114205 00078
00000572 0029 2014 06 0000033 16 00049 _ 15:00 19:00 _ _ 0 5311 1 11 1 20140630114205 00078
00000572 0029 2014 06 0000034 17 00049 _ 10:00 10:59 _ _ 0 7311 1 11 1 20140630114205 00078
00000572 0029 2014 06 0000035 17 00049 _ 15:00 19:00 _ _ 0 5311 1 11 1 20140630114205 00078
00000572 0029 2014 06 0000036 18 00049 _ 10:00 10:59 _ _ 0 7311 1 11 1 20140630114205 00078
00000572 0029 2014 06 0000037 18 00049 _ 15:00 19:00 _ _ 0 5311 1 11 1 20140630114205 00078
00000572 0029 2014 06 0000038 19 00049 _ 10:00 10:59 _ _ 0 7311 1 11 1 20140630114205 00078
00000572 0029 2014 06 0000039 19 00049 _ 15:00 19:00 _ _ 0 5311 1 11 1 20140630114205 00078
00000572 0029 2014 06 0000040 20 00049 _ 10:00 10:59 _ _ 0 7311 1 11 1 20140630114205 00078
00000572 0029 2014 06 0000041 20 00049 _ 15:00 19:00 _ _ 0 5311 1 11 1 20140630114205 00078
00000572 0029 2014 06 0000042 21 00049 _ 10:00 10:59 _ _ 0 7311 1 11 1 20140630114205 00078
00000572 0029 2014 06 0000043 21 00049 _ 15:00 19:00 _ _ 0 5311 1 11 1 20140630114205 00078
00000572 0029 2014 06 0000044 22 00049 _ 10:00 10:59 _ _ 0 7311 1 11 1 20140630114205 00078
00000572 0029 2014 06 0000045 22 00049 _ 15:00 19:00 _ _ 0 5311 1 11 1 20140630114205 00078
00000572 0029 2014 06 0000046 23 00049 _ 10:00 10:59 _ _ 0 7311 1 11 1 20140630114205 00078
00000572 0029 2014 06 0000047 23 00049 _ 15:00 19:00 _ _ 0 5311 1 11 1 20140630114205 00078
00000572 0029 2014 06 0000048 24 00049 _ 10:00 10:59 _ _ 0 7311 1 11 1 20140630114205 00078
00000572 0029 2014 06 0000049 24 00049 _ 15:00 19:00 _ _ 0 5311 1 11 1 20140630114205 00078
00000572 0029 2014 06 0000050 25 00049 _ 10:00 10:59 _ _ 0 7311 1 11 1 20140630114205 00078
00000572 0029 2014 06 0000051 25 00049 _ 15:00 19:00 _ _ 0 5311 1 11 1 20140630114205 00078
00000572 0029 2014 06 0000052 26 00049 _ 10:00 10:59 _ _ 0 7311 1 11 1 20140630114205 00078
00000572 0029 2014 06 0000053 26 00049 _ 15:00 19:00 _ _ 0 5311 1 11 1 20140630114205 00078
00000572 0029 2014 06 0000054 27 00049 _ 10:00 10:59 _ _ 0 7311 1 11 1 20140630114205 00078
00000572 0029 2014 06 0000055 27 00049 _ 15:00 19:00 _ _ 0 5311 1 11 1 20140630114205 00078
00000572 0029 2014 06 0000056 28 00049 _ 10:00 10:59 _ _ 0 7311 1 11 1 20140630114205 00078
00000572 0029 2014 06 0000057 28 00049 _ 15:00 19:00 _ _ 0 5311 1 11 1 20140630114205 00078
00000572 0029 2014 06 0000058 29 00049 _ 10:00 10:59 _ _ 0 7311 1 11 1 20140630114205 00078
00000572 0029 2014 06 0000059 29 00049 _ 15:00 19:00 _ _ 0 5311 1 11 1 20140630114205 00078
00000572 0029 2014 06 0000060 30 00049 _ 10:00 10:59 _ _ 0 7311 1 11 1 20140630114205 00078
00000572 0029 2014 06 0000061 30 00049 _ 15:00 19:00 _ _ 0 5311 1 11 1 20140630114205 00078
