000012432015041 00001243 2015 04 04 13 1331 1 10:00 12:30 0023 1 1417 0 _ _ 1 20150409185650 78
000012432015041 00001243 2015 04 08 13 1331 1 10:00 12:30 0023 1 1417 0 _ _ 1 20150409185650 78
000012432015041 00001243 2015 04 11 13 1331 1 10:00 12:30 0023 1 1417 0 _ _ 1 20150409185650 78
000012432015041 00001243 2015 04 14 13 1331 1 10:00 12:30 0023 1 1417 0 _ _ 1 20150409185650 78
000012432015041 00001243 2015 04 16 13 1331 1 10:00 12:30 0023 1 1417 0 _ _ 1 20150409185650 78
000012432015041 00001243 2015 04 18 13 1331 1 10:00 12:30 0023 1 1417 0 _ _ 1 20150409185650 78
000012432015041 00001243 2015 04 21 13 1331 1 10:00 12:30 0023 1 1417 0 _ _ 1 20150409185650 78
000012432015041 00001243 2015 04 25 13 1331 1 10:00 12:30 0023 1 1417 0 _ _ 1 20150409185650 78
000012432015041 00001243 2015 04 30 13 1331 1 10:00 12:30 0023 1 1417 0 _ _ 1 20150409185650 78
000012432015042 00001243 2015 04 01 11 4199 1 14:00 15:30 0070 1 329 0 _ _ 1 20150409185650 78
000012432015042 00001243 2015 04 04 11 4199 1 14:00 15:30 0070 1 329 0 _ _ 1 20150409185650 78
000012432015042 00001243 2015 04 12 11 4199 1 14:00 15:30 0070 1 329 0 _ _ 1 20150409185650 78
000012432015042 00001243 2015 04 14 11 4199 1 14:00 15:30 0070 1 329 0 _ _ 1 20150409185650 78
000012432015042 00001243 2015 04 18 11 4199 1 14:00 15:30 0070 1 329 0 _ _ 1 20150409185650 78
000012432015042 00001243 2015 04 26 11 4199 1 14:00 15:30 0070 1 329 0 _ _ 1 20150409185650 78
000012432015042 00001243 2015 04 28 11 4199 1 14:00 15:30 0070 1 329 0 _ _ 1 20150409185650 78
000012432015043 00001243 2015 04 03 11 4845 1 15:40 15:55 0070 1 165 0 _ _ 1 20150409185650 78
000012432015043 00001243 2015 04 10 11 4845 1 15:40 15:55 0070 1 165 0 _ _ 1 20150409185650 78
000012432015043 00001243 2015 04 17 11 4845 1 15:40 15:55 0070 1 165 0 _ _ 1 20150409185650 78
000012432015043 00001243 2015 04 24 11 4845 1 15:40 15:55 0070 1 165 0 _ _ 1 20150409185650 78
000012432015044 00001243 2015 04 01 11 4212 1 18:00 19:30 0089 1 474 0 _ _ 1 20150409185650 78
000012432015044 00001243 2015 04 02 11 4212 1 18:00 19:30 0089 1 474 0 _ _ 1 20150409185650 78
000012432015044 00001243 2015 04 10 11 4212 1 18:00 19:30 0089 1 474 0 _ _ 1 20150409185650 78
000012432015044 00001243 2015 04 17 11 4212 1 18:00 19:30 0089 1 474 0 _ _ 1 20150409185650 78
000012432015044 00001243 2015 04 23 11 4212 1 18:00 19:30 0089 1 474 0 _ _ 1 20150409185650 78
000012432015044 00001243 2015 04 29 11 4212 1 18:00 19:30 0089 1 474 0 _ _ 1 20150409185650 78
000012432015045 00001243 2015 04 04 15 5306 1 22:00 23:30 0258 1 45 0 _ _ 1 20150409185650 78
000012432015045 00001243 2015 04 11 15 5306 1 22:00 23:30 0258 1 45 0 _ _ 1 20150409185650 78
000012432015045 00001243 2015 04 22 15 5306 1 22:00 23:30 0258 1 45 0 _ _ 1 20150409185650 78
000012432015045 00001243 2015 04 30 15 5306 1 22:00 23:30 0258 1 45 0 _ _ 1 20150409185650 78
000012432015046 00001243 2015 04 04 15 5301 1 12:00 13:00 0260 1 50 0 _ _ 1 20150409185650 78
000012432015046 00001243 2015 04 06 15 5301 1 12:00 13:00 0260 1 50 0 _ _ 1 20150409185650 78
000012432015046 00001243 2015 04 07 15 5301 1 12:00 13:00 0260 1 50 0 _ _ 1 20150409185650 78
000012432015046 00001243 2015 04 09 15 5301 1 12:00 13:00 0260 1 50 0 _ _ 1 20150409185650 78
000012432015046 00001243 2015 04 14 15 5301 1 12:00 13:00 0260 1 50 0 _ _ 1 20150409185650 78
000012432015046 00001243 2015 04 18 15 5301 1 12:00 13:00 0260 1 50 0 _ _ 1 20150409185650 78
000012432015046 00001243 2015 04 19 15 5301 1 12:00 13:00 0260 1 50 0 _ _ 1 20150409185650 78
000012432015046 00001243 2015 04 20 15 5301 1 12:00 13:00 0260 1 50 0 _ _ 1 20150409185650 78
000012432015046 00001243 2015 04 28 15 5301 1 12:00 13:00 0260 1 50 0 _ _ 1 20150409185650 78
