00000085 00002 00002 05 26 7 平成26年7月31日 2 0 0 0 _ ７月はめまい・耳鳴りの症状がひどいご様子でした。また、まぶしさに加え右目が明けずらくいとおっしゃっています。\n今まではめまいがあっても掃除機がけは済ませてくださっていましたが、２６日は入室時にNSが在室しており、血圧を測っていました。BP=131/54と平常でしたが、めまいひどく掃除機がけはヘルパーが行いました。\n８月１日の引越しは期待する半面準備で業者の対応や、ご自分で判断し決めていかなければならないことにお疲れのようでした。\n 0 3 1 20140731203323 00038
00000085 00002 00003 05 _ _ _ 1 0 0 0 _ _ 0 0 1 20140731203323 00038
00000085 00002 00004 05 _ _ _ 1 0 0 0 _ _ 0 0 1 20140731203323 00038
00000085 00003 00002 05 26 7 平成26年7月31日 2 0 0 0 _ ７月はめまい・耳鳴りの症状がひどいご様子でした。また、まぶしさに加え右目が明けずらいとおっしゃっています。\n今まではめまいがあっても掃除機がけは済ませてくださっていましたが、２６日は入室時にNSが在室しており、血圧を測っていました。BP=131/54と平常でしたが、めまいひどく掃除機がけはヘルパーが行いました。\n８月１日の転居は期待する半面、業者の対応などすべてご自分で判断しなければならないことにお疲れのようでした。\n 0 3 1 20140731203724 00038
00000085 00003 00003 05 _ _ _ 1 0 0 0 _ _ 0 0 1 20140731203724 00038
00000085 00003 00004 05 _ _ _ 1 0 0 0 _ _ 0 0 1 20140731203724 00038
00000085 00004 00002 05 26 7 平成26年7月31日 2 0 0 0 _ ７月はめまい・耳鳴りの症状がひどいご様子でした。また、目のまぶしさに加え右目が明けずらいとおっしゃっています。\n今まではめまいがあっても掃除機がけは済ませてくださっていましたが、２６日は入室時にNSが在室しており、血圧を測っていました。BP=131/54と平常でしたが、めまいひどく掃除機がけはヘルパーが行いました。\n８月１日の転居は期待する半面、業者の対応などすべてご自分で判断しなければならないことにお疲れのようでした。\n 0 3 1 20140802163407 00034
00000085 00004 00003 05 _ _ _ 1 0 0 0 _ _ 0 0 1 20140802163407 00034
00000085 00004 00004 05 _ _ _ 1 0 0 0 _ _ 0 0 1 20140802163407 00034
00000085 00005 00002 05 26 7 平成26年7月31日 2 0 0 0 _ ７月はめまい・耳鳴りの症状がひどいご様子でした。また、目のまぶしさに加え右目が明けずらいとおっしゃっています。\n今まではめまいがあっても掃除機がけは済ませてくださっていましたが、２６日は入室時にNSが在室しており、血圧を測っていました。BP=131/54と平常でしたが、めまいひどく掃除機がけはヘルパーが行いました。\n８月１日の転居は期待する半面、業者の対応などすべてご自分で判断しなければならないことにお疲れのようでした。\n 0 3 1 20140802163916 00034
00000085 00005 00003 05 _ _ _ 1 0 0 0 _ _ 0 0 1 20140802163916 00034
00000085 00005 00004 05 _ _ _ 1 0 0 0 _ _ 0 0 1 20140802163916 00034
00000085 00006 00002 05 26 7 平成26年7月31日 2 0 0 0 _ ７月はめまい・耳鳴りの症状がひどいご様子でした。また、目のまぶしさに加え右目が明けずらいとおっしゃっています。\n今まではめまいがあっても掃除機がけは済ませてくださっていましたが、２６日は入室時にNSが在室しており、血圧を測っていました。BP=131/54と平常でしたが、めまいひどく掃除機がけはヘルパーが行いました。\n８月１日の転居は期待する半面、業者の対応などすべてご自分で判断しなければならないことにお疲れのようでした。\n 0 3 1 20140802163922 00034
00000085 00006 00003 05 _ _ _ 1 0 0 0 _ _ 0 0 1 20140802163922 00034
00000085 00006 00004 05 _ _ _ 1 0 0 0 _ _ 0 0 1 20140802163922 00034
