00000060 2013 05 2 10400 1 20140723173609 00030
00000060 2013 06 2 10400 1 20140723174416 00030
00000060 2013 07 2 10400 1 20140723175008 00030
00000060 2013 08 2 10400 1 20140723175453 00030
00000060 2013 09 2 10400 1 20140626155833 00030
00000060 2013 10 2 10400 1 20140626160553 00030
00000060 2013 11 2 10400 1 20140626161333 00030
00000060 2013 12 2 10400 1 20140626163602 00030
00000060 2014 01 2 10400 1 20140618161051 00078
00000060 2014 02 2 10400 1 20140618161012 00078
00000060 2014 03 2 10400 1 20140618160934 00078
00000060 2014 04 2 10473 1 20140618160853 00078
00000060 2014 05 2 10473 1 20140815175635 00030
00000060 2015 04 2 10473 1 20150428182536 00241
