00000235 0029 2013 03 _ 1 20140808171801 00078
00000235 0029 2013 04 _ 1 20140704120137 00077
00000235 0029 2013 05 _ 1 20140704120104 00077
00000235 0029 2013 06 _ 1 20140704120019 00077
00000235 0029 2013 07 _ 1 20140704115943 00077
00000235 0029 2013 12 1 1 20140704115831 00077
00000235 0029 2014 01 _ 1 20140617200440 00049
00000235 0029 2014 02 _ 1 20140617200047 00049
00000235 0029 2014 03 _ 1 20140617195603 00049
00000235 0029 2014 04 _ 1 20140617195130 00049
00000235 0029 2014 05 _ 1 20140819121037 00078
00000235 0029 2014 06 _ 1 20140630141142 00078
