00000235 0029 2013 03 0000053 27 00049 _ 15:50 16:20 _ _ 0 7211 1 11 1 20140808171801 00078
00000235 0029 2013 04 0000049 03 00050 _ 15:50 16:20 _ _ 0 7211 1 11 1 20140704120137 00077
00000235 0029 2013 04 0000050 10 00049 _ 15:50 16:20 _ _ 0 7211 1 11 1 20140704120137 00077
00000235 0029 2013 04 0000051 17 00050 _ 15:50 16:50 _ _ 0 7311 1 11 1 20140704120137 00077
00000235 0029 2013 04 0000052 24 00049 _ 15:50 16:20 _ _ 0 7211 1 11 1 20140704120137 00077
00000235 0029 2013 05 0000044 01 00051 _ 15:50 16:50 _ _ 0 7311 1 11 1 20140704120104 00077
00000235 0029 2013 05 0000045 08 00049 _ 15:50 16:50 _ _ 0 7311 1 11 1 20140704120104 00077
00000235 0029 2013 05 0000046 15 00051 _ 15:50 16:50 _ _ 0 7311 1 11 1 20140704120104 00077
00000235 0029 2013 05 0000047 22 00050 _ 15:50 16:50 _ _ 0 7311 1 11 1 20140704120104 00077
00000235 0029 2013 05 0000048 29 00050 _ 15:50 16:50 _ _ 0 7311 1 11 1 20140704120104 00077
00000235 0029 2013 06 0000039 01 00051 _ 11:30 12:30 _ _ 0 7311 1 11 1 20140704120019 00077
00000235 0029 2013 06 0000040 08 00049 _ 11:30 12:00 _ _ 0 7211 1 11 1 20140704120019 00077
00000235 0029 2013 06 0000041 15 00050 _ 11:30 12:30 _ _ 0 7311 1 11 1 20140704120019 00077
00000235 0029 2013 06 0000042 22 00050 _ 11:30 12:30 _ _ 0 7311 1 11 1 20140704120019 00077
00000235 0029 2013 06 0000043 29 00049 _ 11:30 12:30 _ _ 0 7311 1 11 1 20140704120019 00077
00000235 0029 2013 07 0000035 10 00052 _ 15:20 16:20 _ _ 0 7311 1 11 1 20140704115943 00077
00000235 0029 2013 07 0000036 19 00049 _ 11:00 12:00 _ _ 0 7311 1 11 1 20140704115943 00077
00000235 0029 2013 07 0000037 25 00049 _ 15:00 16:00 _ _ 0 7311 1 11 1 20140704115943 00077
00000235 0029 2013 07 0000038 31 00051 _ 15:20 16:20 _ _ 0 7311 1 11 1 20140704115943 00077
00000235 0029 2013 12 0000030 02 00049 _ 13:00 14:00 _ _ 0 7311 1 11 1 20140704115831 00077
00000235 0029 2013 12 0000031 09 00049 _ 13:00 13:40 _ _ 0 7211 1 11 1 20140704115831 00077
00000235 0029 2013 12 0000032 16 00051 _ 13:00 14:00 _ _ 0 7311 1 11 1 20140704115831 00077
00000235 0029 2013 12 0000033 23 00051 _ 13:00 14:00 _ _ 0 7311 1 11 1 20140704115831 00077
00000235 0029 2013 12 0000034 30 00051 _ 11:40 12:10 _ _ 0 7211 1 11 1 20140704115831 00077
00000235 0029 2014 01 0000018 06 00050 _ 13:00 13:59 _ _ 0 7311 1 11 1 20140617200440 00049
00000235 0029 2014 01 0000019 13 00051 _ 15:10 16:09 _ _ 0 7311 1 11 1 20140617200440 00049
00000235 0029 2014 01 0000020 20 00050 _ 13:00 13:59 _ _ 0 7311 1 11 1 20140617200440 00049
00000235 0029 2014 01 0000021 27 00050 _ 13:00 13:59 _ _ 0 7311 1 11 1 20140617200440 00049
00000235 0029 2014 02 0000014 03 00052 _ 13:00 13:59 _ _ 0 7311 1 11 1 20140617200047 00049
00000235 0029 2014 02 0000015 10 00051 _ 13:00 13:59 _ _ 0 7311 1 11 1 20140617200047 00049
00000235 0029 2014 02 0000016 17 00051 _ 13:00 13:59 _ _ 0 7311 1 11 1 20140617200047 00049
00000235 0029 2014 02 0000017 24 00051 _ 13:00 13:59 _ _ 0 7311 1 11 1 20140617200047 00049
00000235 0029 2014 03 0000010 03 00050 _ 13:00 13:59 _ _ 0 7311 1 11 1 20140617195603 00049
00000235 0029 2014 03 0000011 10 00052 _ 13:00 13:59 _ _ 0 7311 1 11 1 20140617195603 00049
00000235 0029 2014 03 0000012 24 00052 _ 13:00 13:59 _ _ 0 7311 1 11 1 20140617195603 00049
00000235 0029 2014 03 0000013 31 00052 _ 13:00 13:59 _ _ 0 7311 1 11 1 20140617195603 00049
00000235 0029 2014 04 0000007 07 00050 _ 13:00 13:59 _ _ 0 7311 1 11 1 20140617195130 00049
00000235 0029 2014 04 0000008 13 00049 _ 15:30 16:29 _ _ 0 7311 1 11 1 20140617195130 00049
00000235 0029 2014 04 0000009 21 00051 _ 13:00 13:59 _ _ 0 7311 1 11 1 20140617195130 00049
00000235 0029 2014 05 0000022 05 00050 _ 13:00 13:59 _ _ 0 _ 1 11 9 20140624164446 00078
00000235 0029 2014 05 0000023 12 00050 _ 13:00 13:59 _ _ 0 _ 1 11 9 20140624164446 00078
00000235 0029 2014 05 0000024 19 00051 _ 13:00 13:59 _ _ 0 _ 1 11 9 20140624164446 00078
00000235 0029 2014 05 0000025 26 00049 _ 13:00 13:59 _ _ 0 _ 1 11 9 20140624164446 00078
00000235 0029 2014 05 0000026 05 00050 _ 13:00 13:59 _ _ 0 7311 1 11 1 20140819121037 00078
00000235 0029 2014 05 0000027 12 00050 _ 13:00 13:59 _ _ 0 7311 1 11 1 20140819121037 00078
00000235 0029 2014 05 0000028 19 00051 _ 13:00 13:59 _ _ 0 7311 1 11 1 20140819121037 00078
00000235 0029 2014 05 0000029 26 00051 _ 13:00 13:59 _ _ 0 7311 1 11 1 20140819121037 00078
00000235 0029 2014 06 0000002 02 00051 _ 15:50 16:49 _ _ 0 7311 1 11 1 20140630141142 00078
00000235 0029 2014 06 0000003 09 00050 _ 13:00 13:59 _ _ 0 7311 1 11 1 20140630141142 00078
00000235 0029 2014 06 0000004 16 00051 _ 13:00 13:59 _ _ 0 7311 1 11 1 20140630141142 00078
00000235 0029 2014 06 0000005 23 00050 _ 13:00 13:50 _ _ 0 7311 1 11 1 20140630141142 00078
