1 00000216 2011 10 61 0107 グランクレール・ケアサービス馬事公苑 1111 予防訪問介護1 1234 0 1234 3 1234 0 1234 1234 0 11.26 13894 90 12504 1390 0 n n 0 1 20141127190257 00078
1 00000216 2011 11 61 0107 グランクレール・ケアサービス馬事公苑 1111 予防訪問介護1 1234 0 1234 3 1234 0 1234 1234 0 11.26 13894 90 12504 1390 0 n n 0 1 20141127144332 00078
1 00000216 2011 12 61 0107 グランクレール・ケアサービス馬事公苑 1111 予防訪問介護1 1234 0 1234 4 1234 0 1234 1234 0 11.26 13894 90 12504 1390 0 n n 0 1 20141125143415 00078
1 00000216 2012 01 61 0107 グランクレール・ケアサービス馬事公苑 1111 予防訪問介護1 1234 0 1234 3 1234 0 1234 1234 0 11.26 13894 90 12504 1390 0 n n 0 1 20141124130642 00078
1 00000216 2012 02 61 0107 グランクレール・ケアサービス馬事公苑 1111 予防訪問介護1 1234 0 1234 2 1234 0 1234 1234 0 11.26 13894 90 12504 1390 0 n n 0 1 20141119182328 00078
1 00000216 2012 03 61 0107 グランクレール・ケアサービス馬事公苑 1111 予防訪問介護1 1234 0 1234 3 1234 0 1234 1234 0 11.26 13894 90 12504 1390 0 n n 0 1 20141119133548 00078
1 00000216 2012 04 61 0107 グランクレール・ケアサービス馬事公苑 1111 予防訪問介護Ⅰ 1220 0 1220 4 1220 0 1220 1220 0 11.26 13737 90 12363 1374 0 n n 0 1 20140716182832 00078
1 00000216 2012 05 61 0107 グランクレール・ケアサービス馬事公苑 1111 予防訪問介護Ⅰ 1220 0 1220 3 1220 0 1220 1220 0 11.26 13737 90 12363 1374 0 n n 0 1 20140716183321 00078
1 00000216 2012 06 61 0107 グランクレール・ケアサービス馬事公苑 1111 予防訪問介護Ⅰ 1220 0 1220 3 1220 0 1220 1220 0 11.26 13737 90 12363 1374 0 n n 0 1 20140716183620 00078
1 00000216 2012 07 61 0107 グランクレール・ケアサービス馬事公苑 1111 予防訪問介護Ⅰ 1220 0 1220 3 1220 0 1220 1220 0 11.26 13737 90 12363 1374 0 n n 0 1 20140716183840 00078
1 00000216 2012 08 61 0107 グランクレール・ケアサービス馬事公苑 1111 予防訪問介護Ⅰ 1220 0 1220 3 1220 0 1220 1220 0 11.26 13737 90 12363 1374 0 n n 0 1 20140716184240 00078
1 00000216 2012 09 61 0107 グランクレール・ケアサービス馬事公苑 1111 予防訪問介護Ⅰ 1220 0 1220 2 1220 0 1220 1220 0 11.26 13737 90 12363 1374 0 n n 0 1 20140716184523 00078
1 00000216 2012 10 61 0107 グランクレール・ケアサービス馬事公苑 1111 予防訪問介護Ⅰ 1220 0 1220 4 1220 0 1220 1220 0 11.26 13737 90 12363 1374 0 n n 0 1 20140716184814 00078
1 00000216 2012 11 61 0107 グランクレール・ケアサービス馬事公苑 1111 予防訪問介護Ⅰ 1220 0 1220 1 1220 0 1220 1220 0 11.26 13737 90 12363 1374 0 n n 0 1 20140729152739 00078
1 00000216 2012 12 61 0107 グランクレール・ケアサービス馬事公苑 1111 予防訪問介護Ⅰ 1220 0 1220 1 1220 0 1220 1220 0 11.26 13737 90 12363 1374 0 n n 0 1 20140729153330 00078
2 00000216 2012 04 61 0107 グランクレール・ケアサービス馬事公苑 6271 予防訪問介護処遇改善加算Ⅰ 49 0 49 1 49 0 49 49 0 11.26 551 90 495 56 0 a g 0 1 20140716182832 00078
2 00000216 2012 05 61 0107 グランクレール・ケアサービス馬事公苑 6271 予防訪問介護処遇改善加算Ⅰ 49 0 49 1 49 0 49 49 0 11.26 551 90 495 56 0 a g 0 1 20140716183321 00078
2 00000216 2012 06 61 0107 グランクレール・ケアサービス馬事公苑 6271 予防訪問介護処遇改善加算Ⅰ 49 0 49 1 49 0 49 49 0 11.26 551 90 495 56 0 a g 0 1 20140716183620 00078
2 00000216 2012 07 61 0107 グランクレール・ケアサービス馬事公苑 6271 予防訪問介護処遇改善加算Ⅰ 49 0 49 1 49 0 49 49 0 11.26 551 90 495 56 0 a g 0 1 20140716183840 00078
2 00000216 2012 08 61 0107 グランクレール・ケアサービス馬事公苑 6271 予防訪問介護処遇改善加算Ⅰ 49 0 49 1 49 0 49 49 0 11.26 551 90 495 56 0 a g 0 1 20140716184240 00078
2 00000216 2012 09 61 0107 グランクレール・ケアサービス馬事公苑 6271 予防訪問介護処遇改善加算Ⅰ 49 0 49 1 49 0 49 49 0 11.26 551 90 495 56 0 a g 0 1 20140716184523 00078
2 00000216 2012 10 61 0107 グランクレール・ケアサービス馬事公苑 6271 予防訪問介護処遇改善加算Ⅰ 49 0 49 1 49 0 49 49 0 11.26 551 90 495 56 0 a g 0 1 20140716184814 00078
2 00000216 2012 11 61 0107 グランクレール・ケアサービス馬事公苑 6271 予防訪問介護処遇改善加算Ⅰ 49 0 49 1 49 0 49 49 0 11.26 551 90 495 56 0 a g 0 1 20140729152739 00078
2 00000216 2012 12 61 0107 グランクレール・ケアサービス馬事公苑 6271 予防訪問介護処遇改善加算Ⅰ 49 0 49 1 49 0 49 49 0 11.26 551 90 495 56 0 a g 0 1 20140729153330 00078
