000000832014061 00000083 2014 06 06 11 2049 1 13:30 14:29 0063 1 485 0 _ _ 1 20140703203251 24
000000832014061 00000083 2014 06 13 11 2049 1 13:30 14:29 0063 1 485 0 _ _ 1 20140703203251 24
000000832014061 00000083 2014 06 20 11 2049 1 13:30 14:29 0063 1 485 0 _ _ 1 20140703203251 24
000000832014061 00000083 2014 06 27 11 2049 1 13:30 14:29 0063 1 485 0 _ _ 1 20140703203251 24
000000832014062 00000083 2014 06 05 11 8013 1 13:30 14:29 0063 1 283 0 _ _ 1 20140703203251 24
000000832014062 00000083 2014 06 12 11 8013 1 13:30 14:29 0063 1 283 0 _ _ 1 20140703203251 24
000000832014062 00000083 2014 06 19 11 8013 1 13:30 14:29 0063 1 283 0 _ _ 1 20140703203251 24
000000832014062 00000083 2014 06 26 11 8013 1 13:30 14:29 0063 1 283 0 _ _ 1 20140703203251 24
000000832014063 00000083 2014 06 03 11 2061 1 13:45 15:14 0063 1 569 0 _ _ 1 20140703203251 24
000000832014063 00000083 2014 06 10 11 2061 1 13:45 15:14 0063 1 569 0 _ _ 1 20140703203251 24
000000832014063 00000083 2014 06 17 11 2061 1 13:45 15:14 0063 1 569 0 _ _ 1 20140703203251 24
000000832014063 00000083 2014 06 24 11 2061 1 13:45 15:14 0063 1 569 0 _ _ 1 20140703203251 24
000000832014071 00000083 2014 07 04 11 2049 1 13:30 14:29 0063 1 485 0 _ _ 1 20140804094933 24
000000832014071 00000083 2014 07 11 11 2049 1 13:30 14:29 0063 1 485 0 _ _ 1 20140804094933 24
000000832014071 00000083 2014 07 18 11 2049 1 13:30 14:29 0063 1 485 0 _ _ 1 20140804094933 24
000000832014071 00000083 2014 07 25 11 2049 1 13:30 14:29 0063 1 485 0 _ _ 1 20140804094933 24
000000832014072 00000083 2014 07 03 11 8013 1 13:30 14:29 0063 1 283 0 _ _ 1 20140804094933 24
000000832014072 00000083 2014 07 10 11 8013 1 13:30 14:29 0063 1 283 0 _ _ 1 20140804094933 24
000000832014072 00000083 2014 07 17 11 8013 1 13:30 14:29 0063 1 283 0 _ _ 1 20140804094933 24
000000832014072 00000083 2014 07 24 11 8013 1 13:30 14:29 0063 1 283 0 _ _ 1 20140804094933 24
000000832014072 00000083 2014 07 31 11 8013 1 13:30 14:29 0063 1 283 0 _ _ 1 20140804094933 24
000000832014073 00000083 2014 07 01 11 2061 1 13:45 15:14 0063 1 569 0 _ _ 1 20140804094933 24
000000832014073 00000083 2014 07 08 11 2061 1 13:45 15:14 0063 1 569 0 _ _ 1 20140804094933 24
000000832014073 00000083 2014 07 15 11 2061 1 13:45 15:14 0063 1 569 0 _ _ 1 20140804094933 24
000000832014073 00000083 2014 07 22 11 2061 1 13:45 15:14 0063 1 569 0 _ _ 1 20140804094933 24
000000832014073 00000083 2014 07 29 11 2061 1 13:45 15:14 0063 1 569 0 _ _ 1 20140804094933 24
