00000026 20130601 20130614 吉野生活相談員 グランクレール藤が丘 1 2014052800000000 00078
00000026 20130601 20130614 吉野生活相談員 グランクレール藤が丘 1 2014052800000000 00078
00000026 20130601 20130614 渡邉　泰男 本人 1 2014052800000000 00078
00000026 20130601 20130614 磯田　麻由美 次女 1 2014052800000000 00078
00000026 20130601 20130614 磯田　麻由美 次女 1 2014052800000000 00078
00000026 20130601 20130614 臼井ｻｰﾋﾞｽ提供責任者 グランクレールケアｻｰﾋﾞｽ横浜 1 2014052800000000 00078
00000026 20130601 20130614 臼井ｻｰﾋﾞｽ提供責任者 グランクレールケアｻｰﾋﾞｽ横浜 1 2014052800000000 00078
00000026 20130601 20130614 赤井嘉孝生活相談員 リハビリデイサービスチャレンジ 1 2014052800000000 00078
00000026 20130601 20130614 赤井嘉孝生活相談員 リハビリデイサービスチャレンジ 1 2014052800000000 00078
00000026 20130601 20140218 渡辺明子生活相談員 楓の風ﾘﾊﾋﾞﾃｰｼｮﾝ颯横浜あおば 1 2014052800000000 00078
00000026 20130601 20140218 渡邉泰男 本人 1 2014052800000000 00078
00000026 20130601 20140218 磯田麻由美 次女 1 2014052800000000 00078
00000026 20130601 20140218 臼井俊之ｻｰﾋﾞｽ担当責任者 ｸﾞﾗﾝｸﾚｰﾙ・ｹｱｻｰﾋﾞｽ横浜 1 2014052800000000 00078
00000026 20130601 20140218 萩原葉子　ケアマネ ｸﾞﾗﾝｸﾚｰﾙ・ｹｱｻｰﾋﾞｽ横浜 1 2014052800000000 00078
00000026 20140214 20140218 渡辺明子生活相談員 楓の風ﾘﾊﾋﾞﾃｰｼｮﾝ颯横浜青葉 1 2014052800000000 00078
00000026 20140214 20140218 渡邉泰男 本人 1 2014052800000000 00078
00000026 20140214 20140218 磯田麻由美 次女 1 2014052800000000 00078
00000026 20140214 20140218 萩原葉子　ケアマネ ｸﾞﾗﾝｸﾚｰﾙ・ｹｱｻｰﾋﾞｽ横浜 1 2014052800000000 00078
00000026 20140407 20140407 渡邉泰男 本人 1 2014052800000000 00078
00000026 20140407 20140407 萩原葉子　ケアマネ ｸﾞﾗﾝｸﾚｰﾙ・ｹｱｻｰﾋﾞｽ横浜 1 2014052800000000 00078
00000026 20140407 20140407 雪澤正樹 メディケアｾﾝﾀｰ新横浜 1 2014052800000000 00078
