00000084 20130928 KihonCheckCheckList01 1 1 201405230000 IKOU
00000084 20130928 KihonCheckCheckList02 0 1 201405230000 IKOU
00000084 20130928 KihonCheckCheckList03 0 1 201405230000 IKOU
00000084 20130928 KihonCheckCheckList04 1 1 201405230000 IKOU
00000084 20130928 KihonCheckCheckList05 0 1 201405230000 IKOU
00000084 20130928 KihonCheckCheckList06 2 1 201405230000 IKOU
00000084 20130928 KihonCheckCheckList07 2 1 201405230000 IKOU
00000084 20130928 KihonCheckCheckList08 2 1 201405230000 IKOU
00000084 20130928 KihonCheckCheckList09 0 1 201405230000 IKOU
00000084 20130928 KihonCheckCheckList10 2 1 201405230000 IKOU
00000084 20130928 KihonCheckCheckList11 0 1 201405230000 IKOU
00000084 20130928 KihonCheckCheckList12 4 1 201405230000 IKOU
00000084 20130928 KihonCheckCheckList13 4 1 201405230000 IKOU
00000084 20130928 KihonCheckCheckList14 4 1 201405230000 IKOU
00000084 20130928 KihonCheckCheckList15 0 1 201405230000 IKOU
00000084 20130928 KihonCheckCheckList16 5 1 201405230000 IKOU
00000084 20130928 KihonCheckCheckList17 0 1 201405230000 IKOU
00000084 20130928 KihonCheckCheckList18 0 1 201405230000 IKOU
00000084 20130928 KihonCheckCheckList19 0 1 201405230000 IKOU
00000084 20130928 KihonCheckCheckList20 0 1 201405230000 IKOU
00000084 20130928 KihonCheckCheckList21 0 1 201405230000 IKOU
00000084 20130928 KihonCheckCheckList22 0 1 201405230000 IKOU
00000084 20130928 KihonCheckCheckList23 0 1 201405230000 IKOU
00000084 20130928 KihonCheckCheckList24 0 1 201405230000 IKOU
00000084 20140131 KihonCheckCheckList01 0 1 201405230000 IKOU
00000084 20140131 KihonCheckCheckList02 1 1 201405230000 IKOU
00000084 20140131 KihonCheckCheckList03 0 1 201405230000 IKOU
00000084 20140131 KihonCheckCheckList04 1 1 201405230000 IKOU
00000084 20140131 KihonCheckCheckList05 0 1 201405230000 IKOU
00000084 20140131 KihonCheckCheckList06 2 1 201405230000 IKOU
00000084 20140131 KihonCheckCheckList07 2 1 201405230000 IKOU
00000084 20140131 KihonCheckCheckList08 2 1 201405230000 IKOU
00000084 20140131 KihonCheckCheckList09 0 1 201405230000 IKOU
00000084 20140131 KihonCheckCheckList10 2 1 201405230000 IKOU
00000084 20140131 KihonCheckCheckList11 0 1 201405230000 IKOU
00000084 20140131 KihonCheckCheckList12 4 1 201405230000 IKOU
00000084 20140131 KihonCheckCheckList13 4 1 201405230000 IKOU
00000084 20140131 KihonCheckCheckList14 4 1 201405230000 IKOU
00000084 20140131 KihonCheckCheckList15 0 1 201405230000 IKOU
00000084 20140131 KihonCheckCheckList16 5 1 201405230000 IKOU
00000084 20140131 KihonCheckCheckList17 0 1 201405230000 IKOU
00000084 20140131 KihonCheckCheckList18 0 1 201405230000 IKOU
00000084 20140131 KihonCheckCheckList19 0 1 201405230000 IKOU
00000084 20140131 KihonCheckCheckList20 0 1 201405230000 IKOU
00000084 20140131 KihonCheckCheckList21 0 1 201405230000 IKOU
00000084 20140131 KihonCheckCheckList22 0 1 201405230000 IKOU
00000084 20140131 KihonCheckCheckList23 0 1 201405230000 IKOU
00000084 20140131 KihonCheckCheckList24 0 1 201405230000 IKOU
