000001092014081 00000109 2014 08 05 61 1211 1 16:20 17:19 0055 1 2452 0 _ _ 1 20140904113449 88
000001092014081 00000109 2014 08 08 61 1211 1 16:20 17:19 0055 1 2452 0 _ _ 1 20140904113449 88
000001092014081 00000109 2014 08 12 61 1211 1 16:20 17:19 0055 1 2452 0 _ _ 1 20140904113449 88
000001092014081 00000109 2014 08 15 61 1211 1 16:20 17:19 0055 1 2452 0 _ _ 1 20140904113449 88
000001092014081 00000109 2014 08 19 61 1211 1 16:20 17:19 0055 1 2452 0 _ _ 1 20140904113449 88
000001092014081 00000109 2014 08 22 61 1211 1 16:20 17:19 0055 1 2452 0 _ _ 1 20140904113449 88
000001092014081 00000109 2014 08 26 61 1211 1 16:20 17:19 0055 1 2452 0 _ _ 1 20140904113449 88
000001092014081 00000109 2014 08 29 61 1211 1 16:20 17:19 0055 1 2452 0 _ _ 1 20140904113449 88
000001092014082 00000109 2014 08 01 61 1211 1 16:20 17:50 0055 1 2452 0 _ _ 1 20140904113449 88
000001092014083 00000109 2014 08 01 67 1007 1 _ _ 0066 1 204 0 _ _ 1 20140904113449 88
000001092014084 00000109 2014 08 01 67 1009 1 _ _ 0066 1 200 0 _ _ 1 20140904113449 88
000001092014091 00000109 2014 09 02 61 1211 1 16:20 17:19 0055 1 2452 0 _ _ 1 20141009111104 88
000001092014091 00000109 2014 09 05 61 1211 1 16:20 17:19 0055 1 2452 0 _ _ 1 20141009111104 88
000001092014091 00000109 2014 09 09 61 1211 1 16:20 17:19 0055 1 2452 0 _ _ 1 20141009111104 88
000001092014091 00000109 2014 09 12 61 1211 1 16:20 17:19 0055 1 2452 0 _ _ 1 20141009111104 88
000001092014091 00000109 2014 09 16 61 1211 1 16:20 17:19 0055 1 2452 0 _ _ 1 20141009111104 88
000001092014091 00000109 2014 09 19 61 1211 1 16:20 17:19 0055 1 2452 0 _ _ 1 20141009111104 88
000001092014091 00000109 2014 09 23 61 1211 1 16:20 17:19 0055 1 2452 0 _ _ 1 20141009111104 88
000001092014091 00000109 2014 09 26 61 1211 1 16:20 17:19 0055 1 2452 0 _ _ 1 20141009111104 88
000001092014091 00000109 2014 09 30 61 1211 1 16:20 17:19 0055 1 2452 0 _ _ 1 20141009111104 88
000001092014092 00000109 2014 09 01 67 1007 1 _ _ 0066 1 204 0 _ _ 1 20141009111104 88
000001092014093 00000109 2014 09 01 67 1009 1 _ _ 0066 1 200 0 _ _ 1 20141009111104 88
000001092014101 00000109 2014 10 03 61 1211 1 16:20 17:19 0055 1 2452 0 _ _ 1 20141104101941 88
000001092014101 00000109 2014 10 07 61 1211 1 16:20 17:19 0055 1 2452 0 _ _ 1 20141104101941 88
000001092014101 00000109 2014 10 10 61 1211 1 16:20 17:19 0055 1 2452 0 _ _ 1 20141104101941 88
000001092014101 00000109 2014 10 14 61 1211 1 16:20 17:19 0055 1 2452 0 _ _ 1 20141104101941 88
000001092014101 00000109 2014 10 17 61 1211 1 16:20 17:19 0055 1 2452 0 _ _ 1 20141104101941 88
000001092014101 00000109 2014 10 21 61 1211 1 16:20 17:19 0055 1 2452 0 _ _ 1 20141104101941 88
000001092014101 00000109 2014 10 24 61 1211 1 16:20 17:19 0055 1 2452 0 _ _ 1 20141104101941 88
000001092014101 00000109 2014 10 28 61 1211 1 16:20 17:19 0055 1 2452 0 _ _ 1 20141104101941 88
000001092014101 00000109 2014 10 31 61 1211 1 16:20 17:19 0055 1 2452 0 _ _ 1 20141104101941 88
000001092014102 00000109 2014 10 01 67 1007 1 _ _ 0066 1 204 0 _ _ 1 20141104101941 88
000001092014103 00000109 2014 10 01 67 1009 1 _ _ 0066 1 200 0 _ _ 1 20141104101941 88
000001092014111 00000109 2014 11 04 61 1211 1 16:20 17:19 0055 1 2452 0 _ _ 1 20141202173852 88
000001092014111 00000109 2014 11 07 61 1211 1 16:20 17:19 0055 1 2452 0 _ _ 1 20141202173852 88
000001092014111 00000109 2014 11 11 61 1211 1 16:20 17:19 0055 1 2452 0 _ _ 1 20141202173852 88
000001092014111 00000109 2014 11 14 61 1211 1 16:20 17:19 0055 1 2452 0 _ _ 1 20141202173852 88
000001092014111 00000109 2014 11 18 61 1211 1 16:20 17:19 0055 1 2452 0 _ _ 1 20141202173852 88
000001092014111 00000109 2014 11 21 61 1211 1 16:20 17:19 0055 1 2452 0 _ _ 1 20141202173852 88
000001092014111 00000109 2014 11 25 61 1211 1 16:20 17:19 0055 1 2452 0 _ _ 1 20141202173852 88
000001092014111 00000109 2014 11 28 61 1211 1 16:20 17:19 0055 1 2452 0 _ _ 1 20141202173852 88
000001092014112 00000109 2014 11 01 67 1007 1 _ _ 0066 1 204 0 _ _ 1 20141202173852 88
000001092014113 00000109 2014 11 01 67 1009 1 _ _ 0066 1 200 0 _ _ 1 20141202173852 88
