000008012014091 00000801 2014 09 17 13 1211 1 13:30 14:29 0031 1 834 0 _ _ 1 20141003184518 25
000008012014091 00000801 2014 09 24 13 1211 1 13:30 14:29 0031 1 834 0 _ _ 1 20141003184518 25
000008012014092 00000801 2014 09 17 13 4002 1 _ _ 0031 1 300 0 _ _ 1 20141003184518 25
000008012014093 00000801 2014 09 22 11 7311 1 14:30 15:29 0070 1 236 0 _ _ 1 20141003184518 25
000008012014093 00000801 2014 09 29 11 7311 1 14:30 15:29 0070 1 236 0 _ _ 1 20141003184518 25
000008012014094 00000801 2014 09 15 11 4001 1 15:15 16:14 0070 1 200 0 _ _ 1 20141003184518 25
000008012014095 00000801 2014 09 15 11 7311 1 15:15 16:14 0070 1 236 0 _ _ 1 20141003184518 25
000008012014101 00000801 2014 10 01 13 1211 1 13:30 14:29 0031 1 834 0 _ _ 1 20141103105809 25
000008012014101 00000801 2014 10 08 13 1211 1 13:30 14:29 0031 1 834 0 _ _ 1 20141103105809 25
000008012014101 00000801 2014 10 15 13 1211 1 13:30 14:29 0031 1 834 0 _ _ 1 20141103105809 25
000008012014101 00000801 2014 10 22 13 1211 1 13:30 14:29 0031 1 834 0 _ _ 1 20141103105809 25
000008012014101 00000801 2014 10 29 13 1211 1 13:30 14:29 0031 1 834 0 _ _ 1 20141103105809 25
000008012014102 00000801 2014 10 06 11 7311 1 14:30 15:29 0070 1 236 0 _ _ 1 20141103105809 25
000008012014102 00000801 2014 10 13 11 7311 1 14:30 15:29 0070 1 236 0 _ _ 1 20141103105809 25
000008012014102 00000801 2014 10 20 11 7311 1 14:30 15:29 0070 1 236 0 _ _ 1 20141103105809 25
000008012014102 00000801 2014 10 27 11 7311 1 14:30 15:29 0070 1 236 0 _ _ 1 20141103105809 25
000008012014103 00000801 2014 10 01 13 3100 1 _ _ 0031 1 540 0 _ _ 1 20141103105809 25
000008012014111 00000801 2014 11 05 13 1211 1 13:30 14:29 0031 1 834 0 _ _ 1 20141202190058 25
000008012014111 00000801 2014 11 19 13 1211 1 13:30 14:29 0031 1 834 0 _ _ 1 20141202190058 25
000008012014111 00000801 2014 11 26 13 1211 1 13:30 14:29 0031 1 834 0 _ _ 1 20141202190058 25
000008012014112 00000801 2014 11 03 11 7311 1 14:30 15:29 0070 1 236 0 _ _ 1 20141202190058 25
000008012014112 00000801 2014 11 10 11 7311 1 14:30 15:29 0070 1 236 0 _ _ 1 20141202190058 25
000008012014112 00000801 2014 11 17 11 7311 1 14:30 15:29 0070 1 236 0 _ _ 1 20141202190058 25
000008012014112 00000801 2014 11 24 11 7311 1 14:30 15:29 0070 1 236 0 _ _ 1 20141202190058 25
000008012014113 00000801 2014 11 14 13 1211 1 14:40 15:39 0031 1 834 0 _ _ 1 20141202190058 25
000008012014114 00000801 2014 11 01 13 3100 1 _ _ 0031 1 540 0 _ _ 1 20141202190058 25
