1 00000110 2013 09 11 0070 グランクレール・ケアサービス横浜 7311 生活援助３ 235 0 235 6 1410 0 1410 1410 0 10.84 15284 90 13755 1529 0 n n 0 1 20140701110627 00034
1 00000110 2013 10 11 0070 グランクレール・ケアサービス横浜 7311 生活援助３ 235 0 235 9 2115 0 2115 2115 0 10.84 22926 90 20633 2293 0 n n 0 1 20140701110905 00034
1 00000110 2013 11 11 0070 グランクレール・ケアサービス横浜 4211 身体１生活２ 394 0 394 4 1576 0 1576 1576 0 10.84 17083 90 15374 1709 0 n n 0 1 20140701111154 00034
1 00000110 2013 12 11 0070 グランクレール・ケアサービス横浜 4211 身体１生活２ 394 0 394 7 2758 0 2758 2758 0 10.84 29896 90 26906 2990 0 n n 0 1 20140701111528 00034
1 00000110 2014 01 11 0070 グランクレール・ケアサービス横浜 4211 身体１生活２ 394 0 394 9 3546 0 3546 3546 0 10.84 38438 90 34594 3844 0 n n 0 1 20140620103854 00078
1 00000110 2014 02 11 0070 グランクレール・ケアサービス横浜 4211 身体１生活２ 394 0 394 8 3152 0 3152 3152 0 10.84 34167 90 30750 3417 0 n n 0 1 20140620104305 00078
1 00000110 2014 03 11 0070 グランクレール・ケアサービス横浜 4211 身体１生活２ 394 0 394 9 3546 0 3546 3546 0 10.84 38438 90 34594 3844 0 n n 0 1 20140620104544 00078
1 00000110 2014 04 11 0070 グランクレール・ケアサービス横浜 4111 身体１生活１ 325 0 325 2 650 0 650 650 0 10.84 7046 90 6341 705 0 n n 0 1 20140620104800 00078
1 00000110 2014 05 11 0070 グランクレール・ケアサービス横浜 4211 身体１生活２ 395 0 395 9 3555 0 3555 3555 0 10.84 38536 90 34682 3854 0 n n 0 1 20140818150240 00034
1 00000110 2014 06 11 0070 グランクレール・ケアサービス横浜 4211 身体１生活２ 395 0 395 9 3555 0 3555 3555 0 10.84 38536 90 34682 3854 0 n n 0 1 20140701092537 00034
1 00000110 2014 07 11 0070 グランクレール・ケアサービス横浜 4211 身体１生活２ 395 0 395 9 3555 0 3555 3555 0 10.84 38536 90 34682 3854 0 n n 0 1 20140731123331 00035
1 00000110 2014 08 11 0070 グランクレール・ケアサービス横浜 4211 身体１生活２ 395 0 395 7 2765 0 2765 2765 0 10.84 29972 90 26974 2998 0 n n 0 1 20140829201655 00038
1 00000110 2014 09 11 0070 グランクレール・ケアサービス横浜 4211 身体１生活２ 395 0 395 9 3555 0 3555 3555 0 10.84 38536 90 34682 3854 0 n n 0 1 20140929210324 00035
1 00000110 2014 10 11 0070 グランクレール・ケアサービス横浜 4211 身体１生活２ 395 0 395 8 3160 0 3160 3160 0 10.84 34254 90 30828 3426 0 n n 0 1 20141101133538 00035
1 00000110 2014 11 11 0070 グランクレール・ケアサービス横浜 4211 身体１生活２ 395 0 395 7 2765 0 2765 2765 0 10.84 29972 90 26974 2998 0 n n 0 1 20141127185904 00035
1 00000110 2014 12 11 0070 グランクレール・ケアサービス横浜 4211 身体１生活２ 395 0 395 2 790 0 790 790 0 10.84 8563 90 7706 857 0 n n 0 1 20141205173642 00037
2 00000110 2013 09 11 0070 グランクレール・ケアサービス横浜 6271 訪問介護処遇改善加算Ⅰ 56 0 56 1 56 56 0.04 56 0 10.84 607 90 546 61 0 a g 0 1 20140701110627 00034
2 00000110 2013 10 11 0070 グランクレール・ケアサービス横浜 6271 訪問介護処遇改善加算Ⅰ 85 0 85 1 85 85 0.04 85 0 10.84 921 90 828 93 0 a g 0 1 20140701110905 00034
2 00000110 2013 11 11 0070 グランクレール・ケアサービス横浜 7311 生活援助３ 235 0 235 4 940 0 940 940 0 10.84 10189 90 9170 1019 0 n n 0 1 20140701111154 00034
2 00000110 2013 12 11 0070 グランクレール・ケアサービス横浜 7311 生活援助３ 235 0 235 2 470 0 470 470 0 10.84 5094 90 4584 510 0 n n 0 1 20140701111528 00034
2 00000110 2014 01 11 0070 グランクレール・ケアサービス横浜 6271 訪問介護処遇改善加算Ⅰ 142 0 142 1 142 142 0.04 142 0 10.84 1539 90 1385 154 0 a g 0 1 20140620103854 00078
2 00000110 2014 02 11 0070 グランクレール・ケアサービス横浜 6271 訪問介護処遇改善加算Ⅰ 126 0 126 1 126 126 0.04 126 0 10.84 1365 90 1228 137 0 a g 0 1 20140620104305 00078
2 00000110 2014 03 11 0070 グランクレール・ケアサービス横浜 6271 訪問介護処遇改善加算Ⅰ 142 0 142 1 142 142 0.04 142 0 10.84 1539 90 1385 154 0 a g 0 1 20140620104544 00078
2 00000110 2014 04 11 0070 グランクレール・ケアサービス横浜 4211 身体１生活２ 395 0 395 6 2370 0 2370 2370 0 10.84 25690 90 23121 2569 0 n n 0 1 20140620104800 00078
2 00000110 2014 05 11 0070 グランクレール・ケアサービス横浜 6271 訪問介護処遇改善加算Ⅰ 142 0 142 1 142 142 0.04 142 0 10.84 1539 90 1385 154 0 a g 0 1 20140818150240 00034
2 00000110 2014 06 11 0070 グランクレール・ケアサービス横浜 6271 訪問介護処遇改善加算Ⅰ 142 0 142 1 142 142 0.04 142 0 10.84 1539 90 1385 154 0 a g 0 1 20140701092537 00034
2 00000110 2014 07 11 0070 グランクレール・ケアサービス横浜 6271 訪問介護処遇改善加算Ⅰ 142 0 142 1 142 142 0.04 142 0 10.84 1539 90 1385 154 0 a g 0 1 20140731123331 00035
2 00000110 2014 08 11 0070 グランクレール・ケアサービス横浜 6271 訪問介護処遇改善加算Ⅰ 111 0 111 1 111 111 0.04 111 0 10.84 1203 90 1082 121 0 a g 0 1 20140829201655 00038
2 00000110 2014 09 11 0070 グランクレール・ケアサービス横浜 6271 訪問介護処遇改善加算Ⅰ 142 0 142 1 142 142 0.04 142 0 10.84 1539 90 1385 154 0 a g 0 1 20140929210324 00035
2 00000110 2014 10 11 0070 グランクレール・ケアサービス横浜 6271 訪問介護処遇改善加算Ⅰ 126 0 126 1 126 126 0.04 126 0 10.84 1365 90 1228 137 0 a g 0 1 20141101133538 00035
2 00000110 2014 11 11 0070 グランクレール・ケアサービス横浜 6271 訪問介護処遇改善加算Ⅰ 111 0 111 1 111 111 0.04 111 0 10.84 1203 90 1082 121 0 a g 0 1 20141127185904 00035
2 00000110 2014 12 11 0070 グランクレール・ケアサービス横浜 6271 訪問介護処遇改善加算Ⅰ 32 0 32 1 32 32 0.04 32 0 10.84 346 90 311 35 0 a g 0 1 20141205173642 00037
3 00000110 2013 11 11 0070 グランクレール・ケアサービス横浜 6271 訪問介護処遇改善加算Ⅰ 101 0 101 1 101 101 0.04 101 0 10.84 1094 90 984 110 0 a g 0 1 20140701111154 00034
3 00000110 2013 12 11 0070 グランクレール・ケアサービス横浜 6271 訪問介護処遇改善加算Ⅰ 129 0 129 1 129 129 0.04 129 0 10.84 1398 90 1258 140 0 a g 0 1 20140701111528 00034
3 00000110 2014 04 11 0070 グランクレール・ケアサービス横浜 6271 訪問介護処遇改善加算Ⅰ 121 0 121 1 121 121 0.04 121 0 10.84 1311 90 1179 132 0 a g 0 1 20140620104800 00078
