00000110 0070 2013 07 _ 1 20140728192337 00034
00000110 0070 2013 09 1 1 20140701110627 00034
00000110 0070 2013 10 1 1 20140701110905 00034
00000110 0070 2013 11 1 1 20140701111154 00034
00000110 0070 2013 12 1 1 20140701111528 00034
00000110 0070 2014 01 1 1 20140620103854 00078
00000110 0070 2014 02 1 1 20140620104305 00078
00000110 0070 2014 03 1 1 20140620104544 00078
00000110 0070 2014 04 1 1 20140620104800 00078
00000110 0070 2014 05 1 1 20140818150240 00034
00000110 0070 2014 06 1 1 20140701092537 00034
00000110 0070 2014 07 1 1 20140731123331 00035
00000110 0070 2014 08 1 1 20140829201655 00038
00000110 0070 2014 09 1 1 20140929210324 00035
00000110 0070 2014 10 1 1 20141101133538 00035
00000110 0070 2014 11 1 1 20141127185904 00035
00000110 0070 2014 12 _ 1 20141205173642 00037
