00000203 2013 11 01 08:30 09:29 11 4111 0029 11.26 1 324 1 20140702143401 00078
00000203 2013 11 01 13:00 13:59 11 4111 0029 11.26 1 324 1 20140702143401 00078
00000203 2013 11 01 19:00 19:29 11 1112 0029 11.26 1 318 1 20140702143401 00078
00000203 2013 11 02 08:30 09:29 11 4111 0029 11.26 1 324 1 20140702143401 00078
00000203 2013 11 02 13:00 13:29 11 1111 0029 11.26 1 254 1 20140702143401 00078
00000203 2013 11 02 19:00 19:29 11 1112 0029 11.26 1 318 1 20140702143401 00078
00000203 2013 11 03 08:30 09:29 11 4111 0029 11.26 1 324 1 20140702143401 00078
00000203 2013 11 03 13:00 13:59 11 1211 0029 11.26 1 402 1 20140702143401 00078
00000203 2013 11 03 19:00 19:29 11 1112 0029 11.26 1 318 1 20140702143401 00078
00000203 2013 11 04 08:30 09:29 11 4111 0029 11.26 1 324 1 20140702143401 00078
00000203 2013 11 04 13:00 13:59 11 4111 0029 11.26 1 324 1 20140702143401 00078
00000203 2013 11 04 19:00 19:29 11 1112 0029 11.26 1 318 1 20140702143401 00078
00000203 2013 11 05 08:30 09:29 11 4111 0029 11.26 1 324 1 20140702143401 00078
00000203 2013 11 05 11:30 12:29 11 1211 0029 11.26 1 402 1 20140702143401 00078
00000203 2013 11 05 19:00 19:29 11 1112 0029 11.26 1 318 1 20140702143401 00078
00000203 2013 11 06 08:30 09:29 11 4111 0029 11.26 1 324 1 20140702143401 00078
00000203 2013 11 06 13:00 13:59 11 1211 0029 11.26 1 402 1 20140702143401 00078
00000203 2013 11 06 19:00 19:29 11 1112 0029 11.26 1 318 1 20140702143401 00078
00000203 2013 11 07 08:30 09:29 11 4111 0029 11.26 1 324 1 20140702143401 00078
00000203 2013 11 07 13:00 13:29 11 1111 0029 11.26 1 254 1 20140702143401 00078
00000203 2013 11 07 19:00 19:29 11 1112 0029 11.26 1 318 1 20140702143401 00078
00000203 2013 11 08 08:30 09:29 11 4111 0029 11.26 1 324 1 20140702143401 00078
00000203 2013 11 08 13:00 13:59 11 4111 0029 11.26 1 324 1 20140702143401 00078
00000203 2013 11 08 19:00 19:29 11 1112 0029 11.26 1 318 1 20140702143401 00078
00000203 2013 11 09 08:30 09:29 11 4111 0029 11.26 1 324 1 20140702143401 00078
00000203 2013 11 09 13:00 13:29 11 1111 0029 11.26 1 254 1 20140702143401 00078
00000203 2013 11 09 19:00 19:29 11 1112 0029 11.26 1 318 1 20140702143401 00078
00000203 2013 11 10 08:30 09:29 11 4111 0029 11.26 1 324 1 20140702143401 00078
00000203 2013 11 10 13:00 13:59 11 1211 0029 11.26 1 402 1 20140702143401 00078
00000203 2013 11 11 08:30 09:29 11 4111 0029 11.26 1 324 1 20140702143401 00078
00000203 2013 11 11 13:00 13:59 11 4111 0029 11.26 1 324 1 20140702143401 00078
00000203 2013 11 11 19:00 19:29 11 1112 0029 11.26 1 318 1 20140702143401 00078
00000203 2013 11 12 08:30 09:29 11 4111 0029 11.26 1 324 1 20140702143401 00078
00000203 2013 11 12 13:00 13:59 11 4111 0029 11.26 1 324 1 20140702143401 00078
00000203 2013 11 12 19:00 19:29 11 1112 0029 11.26 1 318 1 20140702143401 00078
00000203 2013 11 13 08:30 09:29 11 4111 0029 11.26 1 324 1 20140702143401 00078
00000203 2013 11 13 13:00 13:59 11 1211 0029 11.26 1 402 1 20140702143401 00078
00000203 2013 11 13 19:00 19:29 11 1112 0029 11.26 1 318 1 20140702143401 00078
00000203 2013 11 14 08:30 09:29 11 4111 0029 11.26 1 324 1 20140702143401 00078
00000203 2013 11 14 13:00 13:29 11 1111 0029 11.26 1 254 1 20140702143401 00078
00000203 2013 11 14 19:00 19:29 11 1112 0029 11.26 1 318 1 20140702143401 00078
00000203 2013 11 15 08:30 09:29 11 4111 0029 11.26 1 324 1 20140702143401 00078
00000203 2013 11 15 13:00 13:59 11 4111 0029 11.26 1 324 1 20140702143401 00078
00000203 2013 11 15 19:00 19:29 11 1112 0029 11.26 1 318 1 20140702143401 00078
00000203 2013 11 16 08:30 09:29 11 4111 0029 11.26 1 324 1 20140702143401 00078
00000203 2013 11 16 13:00 13:29 11 1111 0029 11.26 1 254 1 20140702143401 00078
00000203 2013 11 16 19:00 19:29 11 1112 0029 11.26 1 318 1 20140702143401 00078
00000203 2013 11 17 08:30 09:29 11 4111 0029 11.26 1 324 1 20140702143401 00078
00000203 2013 11 17 14:00 14:59 11 1211 0029 11.26 1 402 1 20140702143401 00078
00000203 2013 11 17 19:00 19:29 11 1112 0029 11.26 1 318 1 20140702143401 00078
00000203 2013 11 18 08:30 09:29 11 4111 0029 11.26 1 324 1 20140702143401 00078
00000203 2013 11 18 13:00 13:59 11 4111 0029 11.26 1 324 1 20140702143401 00078
00000203 2013 11 18 19:00 19:29 11 1112 0029 11.26 1 318 1 20140702143401 00078
00000203 2013 11 19 08:30 09:29 11 4111 0029 11.26 1 324 1 20140702143401 00078
00000203 2013 11 19 13:00 13:59 11 4111 0029 11.26 1 324 1 20140702143401 00078
00000203 2013 11 19 19:00 19:29 11 1112 0029 11.26 1 318 1 20140702143401 00078
00000203 2013 11 20 08:30 09:29 11 4111 0029 11.26 1 324 1 20140702143401 00078
00000203 2013 11 20 13:00 13:59 11 1211 0029 11.26 1 402 1 20140702143401 00078
00000203 2013 11 21 08:30 09:29 11 4111 0029 11.26 1 324 1 20140702143401 00078
00000203 2013 11 21 19:00 19:29 11 1112 0029 11.26 1 318 1 20140702143401 00078
00000203 2013 11 22 08:30 09:29 11 4111 0029 11.26 1 324 1 20140702143401 00078
00000203 2013 11 22 13:00 13:59 11 4111 0029 11.26 1 324 1 20140702143401 00078
00000203 2013 11 22 19:00 19:29 11 1112 0029 11.26 1 318 1 20140702143401 00078
00000203 2013 11 23 08:30 09:29 11 4111 0029 11.26 1 324 1 20140702143401 00078
00000203 2013 11 23 13:00 13:29 11 1111 0029 11.26 1 254 1 20140702143401 00078
00000203 2013 11 23 19:00 19:29 11 1112 0029 11.26 1 318 1 20140702143401 00078
00000203 2013 11 24 08:30 09:29 11 4111 0029 11.26 1 324 1 20140702143401 00078
00000203 2013 11 24 13:00 13:29 11 1111 0029 11.26 1 254 1 20140702143401 00078
00000203 2013 11 24 19:00 19:29 11 1112 0029 11.26 1 318 1 20140702143401 00078
00000203 2013 11 25 08:30 09:29 11 4111 0029 11.26 1 324 1 20140702143401 00078
00000203 2013 11 25 13:00 13:59 11 4111 0029 11.26 1 324 1 20140702143401 00078
00000203 2013 11 25 19:00 19:29 11 1112 0029 11.26 1 318 1 20140702143401 00078
00000203 2013 11 26 08:30 09:29 11 4111 0029 11.26 1 324 1 20140702143401 00078
00000203 2013 11 26 13:00 13:59 11 4111 0029 11.26 1 324 1 20140702143401 00078
00000203 2013 11 27 08:30 09:29 11 4111 0029 11.26 1 324 1 20140702143401 00078
00000203 2013 11 27 14:00 14:59 11 1211 0029 11.26 1 402 1 20140702143401 00078
00000203 2013 11 27 19:00 19:29 11 1112 0029 11.26 1 318 1 20140702143401 00078
00000203 2013 11 28 08:30 09:29 11 4111 0029 11.26 1 324 1 20140702143401 00078
00000203 2013 11 28 19:00 19:29 11 1112 0029 11.26 1 318 1 20140702143401 00078
00000203 2013 11 29 08:30 09:29 11 4111 0029 11.26 1 324 1 20140702143401 00078
00000203 2013 11 29 13:00 13:59 11 4111 0029 11.26 1 324 1 20140702143401 00078
00000203 2013 11 30 08:30 09:29 11 4111 0029 11.26 1 324 1 20140702143401 00078
00000203 2013 11 30 13:00 13:29 11 1111 0029 11.26 1 254 1 20140702143401 00078
00000203 2013 11 30 19:00 19:29 11 1112 0029 11.26 1 318 1 20140702143401 00078
00000204 2013 11 01 09:50 10:19 11 1111 0029 11.26 1 254 1 20140702181756 00078
00000204 2013 11 01 13:30 13:59 11 1111 0029 11.26 1 254 1 20140702181756 00078
00000204 2013 11 01 19:40 20:09 11 1112 0029 11.26 1 318 1 20140702181756 00078
00000204 2013 11 02 09:50 10:19 11 1111 0029 11.26 1 254 1 20140702181756 00078
00000204 2013 11 02 13:40 14:39 11 4111 0029 11.26 1 324 1 20140702181756 00078
00000204 2013 11 02 19:40 20:09 11 1112 0029 11.26 1 318 1 20140702181756 00078
00000204 2013 11 03 09:50 10:19 11 1111 0029 11.26 1 254 1 20140702181756 00078
00000204 2013 11 03 13:40 14:09 11 1111 0029 11.26 1 254 1 20140702181756 00078
00000204 2013 11 03 19:40 20:09 11 1112 0029 11.26 1 318 1 20140702181756 00078
00000204 2013 11 04 09:50 10:19 11 1111 0029 11.26 1 254 1 20140702181756 00078
00000204 2013 11 04 19:40 20:09 11 1112 0029 11.26 1 318 1 20140702181756 00078
00000204 2013 11 05 09:50 10:19 11 1111 0029 11.26 1 254 1 20140702181756 00078
00000204 2013 11 05 13:40 14:09 11 1111 0029 11.26 1 254 1 20140702181756 00078
00000204 2013 11 05 19:40 20:09 11 1112 0029 11.26 1 318 1 20140702181756 00078
00000204 2013 11 06 19:40 20:09 11 1112 0029 11.26 1 318 1 20140702181756 00078
00000204 2013 11 07 09:50 10:19 11 1111 0029 11.26 1 254 1 20140702181756 00078
00000204 2013 11 07 13:40 14:09 11 1111 0029 11.26 1 254 1 20140702181756 00078
00000204 2013 11 07 19:40 20:09 11 1112 0029 11.26 1 318 1 20140702181756 00078
00000204 2013 11 08 09:50 10:19 11 1111 0029 11.26 1 254 1 20140702181756 00078
00000204 2013 11 08 19:40 20:09 11 1112 0029 11.26 1 318 1 20140702181756 00078
00000204 2013 11 09 09:50 10:19 11 1111 0029 11.26 1 254 1 20140702181756 00078
00000204 2013 11 09 13:40 14:39 11 4111 0029 11.26 1 324 1 20140702181756 00078
00000204 2013 11 09 19:40 20:09 11 1112 0029 11.26 1 318 1 20140702181756 00078
00000204 2013 11 10 09:50 10:19 11 1111 0029 11.26 1 254 1 20140702181756 00078
00000204 2013 11 10 13:40 14:09 11 1111 0029 11.26 1 254 1 20140702181756 00078
00000204 2013 11 10 19:40 20:09 11 1112 0029 11.26 1 318 1 20140702181756 00078
00000204 2013 11 11 09:50 10:19 11 1111 0029 11.26 1 254 1 20140702181756 00078
00000204 2013 11 11 19:40 20:09 11 1112 0029 11.26 1 318 1 20140702181756 00078
00000204 2013 11 12 19:40 20:09 11 1112 0029 11.26 1 318 1 20140702181756 00078
00000204 2013 11 13 09:50 10:19 11 1111 0029 11.26 1 254 1 20140702181756 00078
00000204 2013 11 13 15:30 15:59 11 1111 0029 11.26 1 254 1 20140702181756 00078
00000204 2013 11 13 19:40 20:09 11 1112 0029 11.26 1 318 1 20140702181756 00078
00000204 2013 11 14 09:50 10:19 11 1111 0029 11.26 1 254 1 20140702181756 00078
00000204 2013 11 14 13:40 14:09 11 1111 0029 11.26 1 254 1 20140702181756 00078
00000204 2013 11 14 19:40 20:09 11 1112 0029 11.26 1 318 1 20140702181756 00078
00000204 2013 11 15 09:50 10:19 11 1111 0029 11.26 1 254 1 20140702181756 00078
00000204 2013 11 15 19:40 20:09 11 1112 0029 11.26 1 318 1 20140702181756 00078
00000204 2013 11 16 09:50 10:19 11 1111 0029 11.26 1 254 1 20140702181756 00078
00000204 2013 11 16 13:40 14:39 11 4111 0029 11.26 1 324 1 20140702181756 00078
00000204 2013 11 16 19:40 20:09 11 1112 0029 11.26 1 318 1 20140702181756 00078
00000204 2013 11 17 09:50 10:19 11 1111 0029 11.26 1 254 1 20140702181756 00078
00000204 2013 11 17 13:40 14:09 11 1111 0029 11.26 1 254 1 20140702181756 00078
00000204 2013 11 17 19:40 20:09 11 1112 0029 11.26 1 318 1 20140702181756 00078
00000204 2013 11 18 19:40 20:09 11 1112 0029 11.26 1 318 1 20140702181756 00078
00000204 2013 11 19 09:50 10:19 11 1111 0029 11.26 1 254 1 20140702181756 00078
00000204 2013 11 19 13:40 14:09 11 1111 0029 11.26 1 254 1 20140702181756 00078
00000204 2013 11 19 19:40 20:09 11 1112 0029 11.26 1 318 1 20140702181756 00078
00000204 2013 11 20 08:20 08:49 11 1111 0029 11.26 1 254 1 20140702181756 00078
00000204 2013 11 20 19:40 20:09 11 1112 0029 11.26 1 318 1 20140702181756 00078
00000204 2013 11 21 09:50 10:19 11 1111 0029 11.26 1 254 1 20140702181756 00078
00000204 2013 11 21 13:40 14:09 11 1111 0029 11.26 1 254 1 20140702181756 00078
00000204 2013 11 21 19:40 20:09 11 1112 0029 11.26 1 318 1 20140702181756 00078
00000204 2013 11 22 09:50 10:19 11 1111 0029 11.26 1 254 1 20140702181756 00078
00000204 2013 11 22 19:40 20:09 11 1112 0029 11.26 1 318 1 20140702181756 00078
00000204 2013 11 23 09:50 10:19 11 1111 0029 11.26 1 254 1 20140702181756 00078
00000204 2013 11 23 13:40 14:39 11 4111 0029 11.26 1 324 1 20140702181756 00078
00000204 2013 11 23 19:40 20:09 11 1112 0029 11.26 1 318 1 20140702181756 00078
00000204 2013 11 24 09:50 10:19 11 1111 0029 11.26 1 254 1 20140702181756 00078
00000204 2013 11 24 13:40 14:09 11 1111 0029 11.26 1 254 1 20140702181756 00078
00000204 2013 11 24 19:40 20:09 11 1112 0029 11.26 1 318 1 20140702181756 00078
00000204 2013 11 25 09:50 10:19 11 1111 0029 11.26 1 254 1 20140702181756 00078
00000204 2013 11 25 19:40 20:09 11 1112 0029 11.26 1 318 1 20140702181756 00078
00000204 2013 11 26 19:40 20:09 11 1112 0029 11.26 1 318 1 20140702181756 00078
00000204 2013 11 27 09:50 10:19 11 1111 0029 11.26 1 254 1 20140702181756 00078
00000204 2013 11 27 19:40 20:09 11 1112 0029 11.26 1 318 1 20140702181756 00078
00000204 2013 11 28 09:50 10:19 11 1111 0029 11.26 1 254 1 20140702181756 00078
00000204 2013 11 28 13:40 14:09 11 1111 0029 11.26 1 254 1 20140702181756 00078
00000204 2013 11 28 19:40 20:09 11 1112 0029 11.26 1 318 1 20140702181756 00078
00000204 2013 11 29 09:50 10:19 11 1111 0029 11.26 1 254 1 20140702181756 00078
00000204 2013 11 29 19:40 20:09 11 1112 0029 11.26 1 318 1 20140702181756 00078
00000204 2013 11 30 09:50 10:19 11 1111 0029 11.26 1 254 1 20140702181756 00078
00000204 2013 11 30 13:40 14:39 11 4111 0029 11.26 1 324 1 20140702181756 00078
00000204 2013 11 30 19:40 20:09 11 1112 0029 11.26 1 318 1 20140702181756 00078
00000205 2013 11 01 14:20 15:49 11 1311 0029 11.26 1 584 1 20140702191324 00078
00000205 2013 11 05 14:20 15:49 11 1311 0029 11.26 1 584 1 20140702191324 00078
00000205 2013 11 07 14:20 15:19 11 7311 0029 11.26 1 235 1 20140702191324 00078
00000205 2013 11 08 14:20 15:49 11 1311 0029 11.26 1 584 1 20140702191324 00078
00000205 2013 11 12 14:20 15:49 11 1311 0029 11.26 1 584 1 20140702191324 00078
00000205 2013 11 14 14:20 15:19 11 7311 0029 11.26 1 235 1 20140702191324 00078
00000205 2013 11 15 14:20 15:49 11 1311 0029 11.26 1 584 1 20140702191324 00078
00000205 2013 11 19 14:20 15:49 11 1311 0029 11.26 1 584 1 20140702191324 00078
00000205 2013 11 21 16:10 17:09 11 7311 0029 11.26 1 235 1 20140702191324 00078
00000205 2013 11 22 14:20 15:49 11 1311 0029 11.26 1 584 1 20140702191324 00078
00000205 2013 11 26 14:20 15:49 11 1311 0029 11.26 1 584 1 20140702191324 00078
00000205 2013 11 28 14:20 15:19 11 7311 0029 11.26 1 235 1 20140702191324 00078
00000205 2013 11 29 14:20 15:49 11 1311 0029 11.26 1 584 1 20140702191324 00078
00000207 2013 11 05 13:30 14:30 61 1111 0107 11.26 1 1220 1 20140703103138 00078
00000207 2013 11 12 13:30 14:30 61 1111 0107 11.26 1 1220 1 20140703103138 00078
00000207 2013 11 19 13:30 14:30 61 1111 0107 11.26 1 1220 1 20140703103138 00078
00000207 2013 11 26 13:30 14:30 61 1111 0107 11.26 1 1220 1 20140703103138 00078
00000209 2013 11 01 10:30 11:30 61 1211 0107 11.26 1 2440 1 20140703105443 00078
00000209 2013 11 04 10:30 11:30 61 1211 0107 11.26 1 2440 1 20140703105443 00078
00000209 2013 11 08 10:30 11:30 61 1211 0107 11.26 1 2440 1 20140703105443 00078
00000209 2013 11 11 10:30 11:30 61 1211 0107 11.26 1 2440 1 20140703105443 00078
00000209 2013 11 15 10:30 11:30 61 1211 0107 11.26 1 2440 1 20140703105443 00078
00000209 2013 11 22 10:30 11:30 61 1211 0107 11.26 1 2440 1 20140703105443 00078
00000209 2013 11 25 10:30 11:30 61 1211 0107 11.26 1 2440 1 20140703105443 00078
00000209 2013 11 29 10:30 11:30 61 1211 0107 11.26 1 2440 1 20140703105443 00078
00000212 2013 11 13 13:00 14:00 61 1111 0107 11.26 1 1220 1 20140703110955 00078
00000212 2013 11 20 13:00 14:00 61 1111 0107 11.26 1 1220 1 20140703110955 00078
00000212 2013 11 27 13:00 14:00 61 1111 0107 11.26 1 1220 1 20140703110955 00078
00000213 2013 11 02 10:30 11:29 11 7311 0029 11.26 1 235 1 20140703135307 00078
00000213 2013 11 02 15:50 16:49 11 1211 0029 11.26 1 402 1 20140703135307 00078
00000213 2013 11 04 15:50 16:49 11 1211 0029 11.26 1 402 1 20140703135307 00078
00000213 2013 11 05 10:30 11:29 11 7311 0029 11.26 1 235 1 20140703135307 00078
00000213 2013 11 06 15:50 16:49 11 1211 0029 11.26 1 402 1 20140703135307 00078
00000213 2013 11 09 10:30 11:29 11 7311 0029 11.26 1 235 1 20140703135307 00078
00000213 2013 11 09 15:50 16:49 11 1211 0029 11.26 1 402 1 20140703135307 00078
00000213 2013 11 11 15:50 16:49 11 1211 0029 11.26 1 402 1 20140703135307 00078
00000213 2013 11 12 10:30 11:29 11 7311 0029 11.26 1 235 1 20140703135307 00078
00000213 2013 11 13 15:50 16:49 11 1211 0029 11.26 1 402 1 20140703135307 00078
00000213 2013 11 16 10:30 11:29 11 7311 0029 11.26 1 235 1 20140703135307 00078
00000213 2013 11 16 15:50 16:49 11 1211 0029 11.26 1 402 1 20140703135307 00078
00000213 2013 11 18 15:50 16:49 11 1211 0029 11.26 1 402 1 20140703135307 00078
00000213 2013 11 19 10:30 11:29 11 7311 0029 11.26 1 235 1 20140703135307 00078
00000213 2013 11 20 15:00 15:59 11 1211 0029 11.26 1 402 1 20140703135307 00078
00000213 2013 11 23 10:30 11:29 11 7311 0029 11.26 1 235 1 20140703135307 00078
00000213 2013 11 23 15:50 16:49 11 1211 0029 11.26 1 402 1 20140703135307 00078
00000213 2013 11 25 15:50 16:49 11 1211 0029 11.26 1 402 1 20140703135307 00078
00000213 2013 11 26 10:30 11:29 11 7311 0029 11.26 1 235 1 20140703135307 00078
00000213 2013 11 27 15:50 16:49 11 1211 0029 11.26 1 402 1 20140703135307 00078
00000213 2013 11 30 10:30 11:29 11 7311 0029 11.26 1 235 1 20140703135307 00078
00000213 2013 11 30 15:50 16:49 11 1211 0029 11.26 1 402 1 20140703135307 00078
00000214 2013 11 06 10:30 11:30 61 1111 0107 11.26 1 1220 1 20140703142022 00078
00000214 2013 11 20 10:30 11:30 61 1111 0107 11.26 1 1220 1 20140703142022 00078
00000214 2013 11 27 10:30 11:30 61 1111 0107 11.26 1 1220 1 20140703142022 00078
00000215 2013 11 03 15:30 16:29 11 7311 0029 11.26 1 235 1 20140703144316 00078
00000215 2013 11 10 15:30 16:29 11 7311 0029 11.26 1 235 1 20140703144316 00078
00000215 2013 11 17 15:30 16:29 11 7311 0029 11.26 1 235 1 20140703144316 00078
00000215 2013 11 24 15:30 16:29 11 7311 0029 11.26 1 235 1 20140703144316 00078
00000216 2013 11 02 14:10 15:09 11 1211 0029 11.26 1 402 1 20140703153558 00078
00000216 2013 11 04 14:10 15:09 11 1211 0029 11.26 1 402 1 20140703153558 00078
00000216 2013 11 06 14:10 15:09 11 1211 0029 11.26 1 402 1 20140703153558 00078
00000216 2013 11 07 13:00 13:59 11 7311 0029 11.26 1 235 1 20140703153558 00078
00000216 2013 11 09 14:10 15:09 11 1211 0029 11.26 1 402 1 20140703153558 00078
00000216 2013 11 11 14:10 15:09 11 1211 0029 11.26 1 402 1 20140703153558 00078
00000216 2013 11 13 14:10 15:09 11 1211 0029 11.26 1 402 1 20140703153558 00078
00000216 2013 11 14 13:00 13:59 11 7311 0029 11.26 1 235 1 20140703153558 00078
00000216 2013 11 16 14:10 15:09 11 1211 0029 11.26 1 402 1 20140703153558 00078
00000216 2013 11 18 14:10 15:09 11 1211 0029 11.26 1 402 1 20140703153558 00078
00000216 2013 11 21 13:00 13:59 11 7311 0029 11.26 1 235 1 20140703153558 00078
00000216 2013 11 23 14:10 15:09 11 1211 0029 11.26 1 402 1 20140703153558 00078
00000216 2013 11 25 14:10 15:09 11 1211 0029 11.26 1 402 1 20140703153558 00078
00000216 2013 11 27 14:10 15:09 11 1211 0029 11.26 1 402 1 20140703153558 00078
00000216 2013 11 28 13:00 13:59 11 7311 0029 11.26 1 235 1 20140703153558 00078
00000216 2013 11 30 14:10 15:09 11 1211 0029 11.26 1 402 1 20140703153558 00078
00000218 2013 11 01 17:00 17:59 61 1321 0107 11.26 1 3870 1 20140703160253 00078
00000218 2013 11 03 17:00 17:59 61 1321 0107 11.26 1 3870 1 20140703160253 00078
00000218 2013 11 05 17:00 17:59 61 1321 0107 11.26 1 3870 1 20140703160253 00078
00000218 2013 11 08 17:00 17:59 61 1321 0107 11.26 1 3870 1 20140703160253 00078
00000218 2013 11 10 17:00 17:59 61 1321 0107 11.26 1 3870 1 20140703160253 00078
00000218 2013 11 12 17:00 17:59 61 1321 0107 11.26 1 3870 1 20140703160253 00078
00000218 2013 11 15 17:00 17:59 61 1321 0107 11.26 1 3870 1 20140703160253 00078
00000218 2013 11 17 17:00 17:59 61 1321 0107 11.26 1 3870 1 20140703160253 00078
00000218 2013 11 19 17:00 17:59 61 1321 0107 11.26 1 3870 1 20140703160253 00078
00000218 2013 11 22 17:00 17:59 61 1321 0107 11.26 1 3870 1 20140703160253 00078
00000218 2013 11 24 17:00 17:59 61 1321 0107 11.26 1 3870 1 20140703160253 00078
00000218 2013 11 26 17:00 17:59 61 1321 0107 11.26 1 3870 1 20140703160253 00078
00000218 2013 11 29 17:00 17:59 61 1321 0107 11.26 1 3870 1 20140703160253 00078
00000221 2013 11 14 10:30 11:30 61 1111 0107 11.26 1 1220 1 20140703161626 00078
00000221 2013 11 21 10:30 11:30 61 1111 0107 11.26 1 1220 1 20140703161626 00078
00000221 2013 11 28 10:30 11:30 61 1111 0107 11.26 1 1220 1 20140703161626 00078
00000224 2013 11 04 10:00 10:59 11 7311 0029 11.26 1 235 1 20140703164504 00078
00000224 2013 11 04 16:00 16:59 11 1211 0029 11.26 1 402 1 20140703164504 00078
00000224 2013 11 07 16:00 16:59 11 1211 0029 11.26 1 402 1 20140703164504 00078
00000224 2013 11 11 10:00 10:59 11 7311 0029 11.26 1 235 1 20140703164504 00078
00000224 2013 11 11 16:00 16:59 11 1211 0029 11.26 1 402 1 20140703164504 00078
00000224 2013 11 14 16:00 16:59 11 1211 0029 11.26 1 402 1 20140703164504 00078
00000224 2013 11 18 10:00 10:59 11 7311 0029 11.26 1 235 1 20140703164504 00078
00000224 2013 11 21 16:00 16:59 11 1211 0029 11.26 1 402 1 20140703164504 00078
00000224 2013 11 25 10:00 10:59 11 7311 0029 11.26 1 235 1 20140703164504 00078
00000224 2013 11 25 16:00 16:59 11 1211 0029 11.26 1 402 1 20140703164504 00078
00000224 2013 11 28 16:00 16:59 11 1211 0029 11.26 1 402 1 20140703164504 00078
00000226 2013 11 01 15:50 16:49 61 1211 0107 11.26 1 2440 1 20140808175240 00078
00000226 2013 11 05 15:50 16:49 61 1211 0107 11.26 1 2440 1 20140808175240 00078
00000226 2013 11 08 15:50 16:49 61 1211 0107 11.26 1 2440 1 20140808175240 00078
00000226 2013 11 12 15:50 16:49 61 1211 0107 11.26 1 2440 1 20140808175240 00078
00000226 2013 11 15 15:50 16:49 61 1211 0107 11.26 1 2440 1 20140808175240 00078
00000226 2013 11 19 15:50 16:49 61 1211 0107 11.26 1 2440 1 20140808175240 00078
00000226 2013 11 22 15:50 16:49 61 1211 0107 11.26 1 2440 1 20140808175240 00078
00000226 2013 11 26 15:50 16:49 61 1211 0107 11.26 1 2440 1 20140808175240 00078
00000226 2013 11 29 15:50 16:49 61 1211 0107 11.26 1 2440 1 20140808175240 00078
00000228 2013 11 06 16:30 17:30 61 1111 0107 11.26 1 1220 1 20140703180354 00078
00000228 2013 11 13 16:30 17:30 61 1111 0107 11.26 1 1220 1 20140703180354 00078
00000228 2013 11 27 16:30 17:30 61 1111 0107 11.26 1 1220 1 20140703180354 00078
00000229 2013 11 07 10:00 11:00 61 1111 0107 11.26 1 1220 1 20140703181951 00078
00000229 2013 11 14 10:00 11:00 61 1111 0107 11.26 1 1220 1 20140703181951 00078
00000229 2013 11 21 10:00 11:00 61 1111 0107 11.26 1 1220 1 20140703181951 00078
00000229 2013 11 28 10:00 11:00 61 1111 0107 11.26 1 1220 1 20140703181951 00078
00000230 2013 11 01 07:30 07:59 11 1112 0029 11.26 1 318 1 20140808163835 00078
00000230 2013 11 02 07:30 07:59 11 1112 0029 11.26 1 318 1 20140808163835 00078
00000230 2013 11 03 07:30 07:59 11 1112 0029 11.26 1 318 1 20140808163835 00078
00000230 2013 11 04 07:30 07:59 11 1112 0029 11.26 1 318 1 20140808163835 00078
00000230 2013 11 05 07:30 07:59 11 1112 0029 11.26 1 318 1 20140808163835 00078
00000230 2013 11 06 07:30 07:59 11 1112 0029 11.26 1 318 1 20140808163835 00078
00000230 2013 11 07 07:30 07:59 11 1112 0029 11.26 1 318 1 20140808163835 00078
00000230 2013 11 09 07:30 07:59 11 1112 0029 11.26 1 318 1 20140808163835 00078
00000230 2013 11 10 07:30 07:59 11 1112 0029 11.26 1 318 1 20140808163835 00078
00000230 2013 11 11 07:30 07:59 11 1112 0029 11.26 1 318 1 20140808163835 00078
00000230 2013 11 19 07:30 07:59 11 1112 0029 11.26 1 318 1 20140808163835 00078
00000230 2013 11 20 07:30 07:59 11 1112 0029 11.26 1 318 1 20140808163835 00078
00000230 2013 11 21 07:30 07:59 11 1112 0029 11.26 1 318 1 20140808163835 00078
00000230 2013 11 22 07:30 07:59 11 1112 0029 11.26 1 318 1 20140808163835 00078
00000230 2013 11 23 07:30 07:59 11 1112 0029 11.26 1 318 1 20140808163835 00078
00000230 2013 11 24 07:30 07:59 11 1112 0029 11.26 1 318 1 20140808163835 00078
00000230 2013 11 25 07:30 07:59 11 1112 0029 11.26 1 318 1 20140808163835 00078
00000230 2013 11 26 07:30 07:59 11 1112 0029 11.26 1 318 1 20140808163835 00078
00000230 2013 11 27 07:30 07:59 11 1112 0029 11.26 1 318 1 20140808163835 00078
00000230 2013 11 28 07:30 07:59 11 1112 0029 11.26 1 318 1 20140808163835 00078
00000230 2013 11 29 07:30 07:59 11 1112 0029 11.26 1 318 1 20140808163835 00078
00000230 2013 11 30 07:30 07:59 11 1112 0029 11.26 1 318 1 20140808163835 00078
00000231 2013 11 02 13:00 14:00 61 1111 0107 11.26 1 1220 1 20140704111347 00078
00000231 2013 11 09 13:00 14:00 61 1111 0107 11.26 1 1220 1 20140704111347 00078
00000233 2013 11 07 14:30 15:30 61 1111 0107 11.26 1 1220 1 20140704111748 00078
00000233 2013 11 14 14:30 15:30 61 1111 0107 11.26 1 1220 1 20140704111748 00078
00000238 2013 11 04 13:30 14:15 61 1211 0107 11.26 1 2440 1 20140704144947 00077
00000238 2013 11 07 13:30 14:15 61 1211 0107 11.26 1 2440 1 20140704144947 00077
00000238 2013 11 11 13:30 14:15 61 1211 0107 11.26 1 2440 1 20140704144947 00077
00000238 2013 11 14 13:30 14:15 61 1211 0107 11.26 1 2440 1 20140704144947 00077
00000238 2013 11 21 13:30 14:15 61 1211 0107 11.26 1 2440 1 20140704144947 00077
00000238 2013 11 25 13:30 14:15 61 1211 0107 11.26 1 2440 1 20140704144947 00077
00000238 2013 11 28 13:30 14:15 61 1211 0107 11.26 1 2440 1 20140704144947 00077
00000239 2013 11 04 11:15 12:15 61 1111 0107 11.26 1 1220 1 20140704142337 00077
00000239 2013 11 11 11:15 12:15 61 1111 0107 11.26 1 1220 1 20140704142337 00077
00000239 2013 11 25 11:15 12:15 61 1111 0107 11.26 1 1220 1 20140704142337 00077
00000240 2013 11 06 14:10 15:10 11 7311 0029 11.26 1 235 1 20140704145328 00077
00000240 2013 11 13 14:10 15:10 11 7311 0029 11.26 1 235 1 20140704145328 00077
00000240 2013 11 20 14:10 15:10 11 7311 0029 11.26 1 235 1 20140704145328 00077
00000240 2013 11 27 14:10 15:10 11 7311 0029 11.26 1 235 1 20140704145328 00077
00000241 2013 11 07 11:15 11:45 61 1111 0107 11.26 1 1220 1 20140704145640 00077
00000241 2013 11 14 11:15 11:45 61 1111 0107 11.26 1 1220 1 20140704145640 00077
00000241 2013 11 21 11:15 11:45 61 1111 0107 11.26 1 1220 1 20140704145640 00077
00000241 2013 11 28 11:15 11:45 61 1111 0107 11.26 1 1220 1 20140704145640 00077
