00000153 0070 2014 06 0000002 03 00035 _ 15:30 16:29 1 _ 0 1211 1 11 1 20140701092705 00034
00000153 0070 2014 06 0000003 05 00089 _ 15:45 17:14 4 _ 0 5111 1 11 1 20140701092705 00034
00000153 0070 2014 06 0000004 07 00089 _ 16:30 17:29 1 _ 0 1211 1 11 1 20140701092705 00034
00000153 0070 2014 06 0000005 14 00089 _ 16:30 17:29 1 _ 0 1211 1 11 1 20140701092705 00034
00000153 0070 2014 06 0000006 12 00089 _ 15:45 17:14 4 _ 0 _ 1 11 9 20140617141135 00037
00000153 0070 2014 06 0000007 17 00037 _ 15:30 16:29 1 _ 0 1211 1 11 1 20140701092705 00034
00000153 0070 2014 06 0000008 21 00035 _ 16:30 17:29 1 _ 0 1211 1 11 1 20140701092705 00034
00000153 0070 2014 06 0000009 24 00035 _ 15:30 16:29 1 _ 0 1211 1 11 1 20140701092705 00034
00000153 0070 2014 06 0000010 10 00035 _ 15:30 16:29 1 _ 0 1211 1 11 1 20140701092705 00034
00000153 0070 2014 06 0000011 12 00089 _ 15:50 17:14 4 _ 0 5111 1 11 1 20140701092705 00034
00000153 0070 2014 06 0000012 19 00089 _ 15:45 17:14 4 _ 0 5111 1 11 1 20140701092705 00034
00000153 0070 2014 06 0000013 26 00037 _ 15:45 17:14 4 _ 0 5111 1 11 1 20140701092705 00034
00000153 0070 2014 06 0000014 28 00037 _ 16:30 17:29 1 _ 0 1211 1 11 1 20140701092705 00034
00000153 0070 2014 07 0000015 03 00089 _ 15:45 17:14 4 _ 0 5111 1 11 1 20140731162540 00037
00000153 0070 2014 07 0000016 03 00089 _ 15:45 17:14 4 _ 0 _ 1 11 9 20140708123908 00035
00000153 0070 2014 07 0000017 12 00035 _ 16:30 17:29 1 _ 0 1211 1 11 1 20140731162540 00037
00000153 0070 2014 07 0000018 03 _ _ 00:00 00:00 _ _ 0 _ 1 11 9 20140723154858 00037
00000153 0070 2014 07 0000019 08 00035 _ 15:30 16:29 1 _ 0 1211 1 11 1 20140731162540 00037
00000153 0070 2014 07 0000020 10 00037 _ 15:45 17:14 4 _ 0 5111 1 11 1 20140731162540 00037
00000153 0070 2014 07 0000021 17 00089 _ 15:45 17:14 4 _ 0 5111 1 11 1 20140731162540 00037
00000153 0070 2014 07 0000022 15 00098 _ 15:30 16:29 4 _ 0 1211 1 11 1 20140731162540 00037
00000153 0070 2014 07 0000023 19 00089 _ 16:30 17:29 1 _ 0 1211 1 11 1 20140731162540 00037
00000153 0070 2014 07 0000024 22 00098 _ 15:30 16:29 1 _ 0 1211 1 11 1 20140731162540 00037
00000153 0070 2014 07 0000025 05 00035 _ 16:30 17:29 1 _ 0 1211 1 11 1 20140731162540 00037
00000153 0070 2014 07 0000026 24 00089 _ 15:45 17:14 4 _ 0 5111 1 11 1 20140731162540 00037
00000153 0070 2014 07 0000027 26 00089 _ 16:30 17:29 1 _ 0 1211 1 11 1 20140731162540 00037
00000153 0070 2014 07 0000028 29 00098 _ 15:30 16:29 1 _ 0 1211 1 11 1 20140731162540 00037
00000153 0070 2014 07 0000029 31 00089 _ 15:45 17:14 4 _ 0 5111 1 11 1 20140731162540 00037
00000153 0070 2014 07 0000030 01 00035 _ 15:30 16:29 1 _ 0 1211 1 11 1 20140731162540 00037
00000153 0070 2014 08 0000031 02 00035 _ 16:30 17:29 1 _ 0 1211 1 11 1 20140817184232 00035
00000153 0070 2014 08 0000032 05 00098 _ 15:30 16:29 1 _ 0 1211 1 11 1 20140817184232 00035
00000153 0070 2014 08 0000033 09 00089 _ 16:30 17:29 1 _ 0 1211 1 11 1 20140817184232 00035
00000153 0070 2014 08 0000034 07 00089 _ 15:45 17:14 4 _ 0 5111 1 11 1 20140817184232 00035
00000153 0070 2014 08 0000035 12 00098 _ 15:30 16:29 1 _ 0 1211 1 11 1 20140817184232 00035
00000153 0070 2014 08 0000036 14 00089 _ 15:45 17:14 4 _ 0 5111 1 11 1 20140817184232 00035
00000153 0070 2014 08 0000037 16 00035 _ 16:30 17:29 1 _ 0 1211 1 11 1 20140817184232 00035
