1 00000114 2013 11 11 0070 グランクレール・ケアサービス横浜 7211 生活援助２ 190 0 190 4 760 0 760 760 0 10.84 8238 90 7414 824 0 n n 0 1 20140701134355 00034
1 00000114 2013 12 11 0070 グランクレール・ケアサービス横浜 7211 生活援助２ 190 0 190 5 950 0 950 950 0 10.84 10298 90 9268 1030 0 n n 0 1 20140701140728 00034
1 00000114 2014 01 11 0070 グランクレール・ケアサービス横浜 7211 生活援助２ 190 0 190 4 760 0 760 760 0 10.84 8238 90 7414 824 0 n n 0 1 20140616194430 00034
1 00000114 2014 02 11 0070 グランクレール・ケアサービス横浜 7211 生活援助２ 190 0 190 4 760 0 760 760 0 10.84 8238 90 7414 824 0 n n 0 1 20140616195242 00034
1 00000114 2014 03 11 0070 グランクレール・ケアサービス横浜 7211 生活援助２ 190 0 190 5 950 0 950 950 0 10.84 10298 90 9268 1030 0 n n 0 1 20140616195718 00034
1 00000114 2014 04 11 0070 グランクレール・ケアサービス横浜 7311 生活援助３ 236 0 236 7 1652 0 1652 1652 0 10.84 17907 90 16116 1791 0 n n 0 1 20140616200526 00034
1 00000114 2014 05 11 0070 グランクレール・ケアサービス横浜 7311 生活援助３ 236 0 236 9 2124 0 2124 2124 0 10.84 23024 90 20721 2303 0 n n 0 1 20140818152422 00034
1 00000114 2014 06 11 0070 グランクレール・ケアサービス横浜 7211 生活援助２ 191 0 191 1 191 0 191 191 0 10.84 2070 90 1863 207 0 n n 0 1 20140626152422 00035
2 00000114 2013 11 11 0070 グランクレール・ケアサービス横浜 6271 訪問介護処遇改善加算Ⅰ 30 0 30 1 30 30 0.04 30 0 10.84 325 90 292 33 0 a g 0 1 20140701134355 00034
2 00000114 2013 12 11 0070 グランクレール・ケアサービス横浜 6271 訪問介護処遇改善加算Ⅰ 38 0 38 1 38 38 0.04 38 0 10.84 411 90 369 42 0 a g 0 1 20140701140728 00034
2 00000114 2014 01 11 0070 グランクレール・ケアサービス横浜 6271 訪問介護処遇改善加算Ⅰ 30 0 30 1 30 30 0.04 30 0 10.84 325 90 292 33 0 a g 0 1 20140616194430 00034
2 00000114 2014 02 11 0070 グランクレール・ケアサービス横浜 6271 訪問介護処遇改善加算Ⅰ 30 0 30 1 30 30 0.04 30 0 10.84 325 90 292 33 0 a g 0 1 20140616195242 00034
2 00000114 2014 03 11 0070 グランクレール・ケアサービス横浜 6271 訪問介護処遇改善加算Ⅰ 38 0 38 1 38 38 0.04 38 0 10.84 411 90 369 42 0 a g 0 1 20140616195718 00034
2 00000114 2014 04 11 0070 グランクレール・ケアサービス横浜 6271 訪問介護処遇改善加算Ⅰ 66 0 66 1 66 66 0.04 66 0 10.84 715 90 643 72 0 a g 0 1 20140616200526 00034
2 00000114 2014 05 11 0070 グランクレール・ケアサービス横浜 6271 訪問介護処遇改善加算Ⅰ 85 0 85 1 85 85 0.04 85 0 10.84 921 90 828 93 0 a g 0 1 20140818152422 00034
2 00000114 2014 06 11 0070 グランクレール・ケアサービス横浜 7311 生活援助３ 236 0 236 7 1652 0 1652 1652 0 10.84 17907 90 16116 1791 0 n n 0 1 20140626152422 00035
3 00000114 2014 06 11 0070 グランクレール・ケアサービス横浜 6271 訪問介護処遇改善加算Ⅰ 74 0 74 1 74 74 0.04 74 0 10.84 802 90 721 81 0 a g 0 1 20140626152422 00035
