00000074 00002 00002 05 26 7 平成26年8月1日 2 0 0 0 _ 8月1日モニタリング行っています。（モニタリングシート参照）\n4日、11日、18日と体調お変わりなく過ごされていました。\nベッドメイクご一緒に行ったり、クイックルワィパーで網戸拭きされていました。\n入院のため、25日キャンセルしています。\n8月1日サービス伺いましたが、体調安定されていると伺っています。\n 0 3 1 20140801202440 00035
00000074 00002 00003 05 _ _ _ 1 0 0 0 _ _ 0 0 1 20140801202440 00035
00000074 00002 00004 05 _ _ _ 1 0 0 0 _ _ 0 0 1 20140801202440 00035
00000074 00003 00002 05 26 7 平成26年8月1日 2 0 0 0 _ 8月1日モニタリング行っています。（モニタリングシート参照）\n4日、11日、18日と体調お変わりなく過ごされていました。\nベッドメイクご一緒に行ったり、クイックルワィパーで網戸拭きされていました。\n入院のため、25日キャンセルしています。\n8月1日サービス伺いましたが、体調安定されていると伺っています。\n 0 3 1 20140901114107 00035
00000074 00003 00003 05 26 8 平成26年9月1日 1 0 0 0 _ 1日退院後初回サービス行っています。両腕に点滴針の跡の青あざが残っておりました。\n4日間絶食をされ内視鏡検査されたとのこと。結果は異常無かったと伺いました。\n普通食で普段通り生活されていると話され、笑顔を見せて頂いています。\n入院のため、歩行が不安定な時があり、夜間のトイレは杖を使用されているとのこと。\nお部屋に西日があたるので、工夫されているそうですが、エアコンが効かないそうです。\n29日、前日横浜総合病院を受診されたそうで、本日は少々調子が悪く食欲が無いと話されています。 0 3 1 20140901114107 00035
00000074 00003 00004 05 _ _ _ 1 0 0 0 _ _ 0 0 1 20140901114107 00035
00000074 00004 00002 05 26 7 平成26年8月1日 2 0 0 0 _ 8月1日モニタリング行っています。（モニタリングシート参照）\n4日、11日、18日と体調お変わりなく過ごされていました。\nベッドメイクご一緒に行ったり、クイックルワィパーで網戸拭きされていました。\n入院のため、25日キャンセルしています。\n8月1日サービス伺いましたが、体調安定されていると伺っています。\n 0 3 1 20140901114301 00035
00000074 00004 00003 05 26 8 平成26年9月1日 1 0 0 0 _ 1日退院後初回サービス行っています。両腕に点滴針の跡の青あざが残っておりました。\n4日間絶食をされ内視鏡検査されたとのこと。結果は異常無かったと伺いました。\n普通食で普段通り生活されていると話され、笑顔を見せて頂いています。\n入院のため、歩行が不安定な時があり、夜間のトイレは杖を使用されているとのこと。\nお部屋に西日があたるので、工夫されているそうですが、エアコンが効かないそうです。\n29日、前日横浜総合病院を受診されたそうで、本日は少々調子が悪く食欲が無いと話されています。\n新規ヘルパーご紹介し、問題なく受入れて頂いています。 0 3 1 20140901114301 00035
00000074 00004 00004 05 _ _ _ 1 0 0 0 _ _ 0 0 1 20140901114301 00035
00000074 00005 00002 05 26 7 平成26年8月1日 2 0 0 0 _ 8月1日モニタリング行っています。（モニタリングシート参照）4日、11日、18日と体調お変わりなく過ごされていました。ベッドメイクご一緒に行ったり、クイックルワィパーで網戸拭きされていました。入院のため、25日キャンセルしています。8月1日サービス伺いましたが、体調安定されていると伺っています。\n 0 3 1 20141004180712 00034
00000074 00005 00003 05 26 8 平成26年9月1日 1 0 0 0 _ 1日退院後初回サービス行っています。両腕に点滴針の跡の青あざが残っておりました。4日間絶食をされ内視鏡検査されたとのこと。結果は異常無かったと伺いました。\n普通食で普段通り生活されていると話され、笑顔を見せて頂いています。入院のため、歩行が不安定な時があり、夜間のトイレは杖を使用されているとのこと。お部屋に西日があたるので、工夫されているそうですが、エアコンが効かないそうです。29日、前日横浜総合病院を受診されたそうで、本日は少々調子が悪く食欲が無いと話されています。\n新しいヘルパーご紹介し、問題なく受入れて頂いています。 0 3 1 20141004180712 00034
00000074 00005 00004 05 26 9 平成26年10月2日 2 0 1 0 _ 体調はお変わりなく、サービス中ほこり取りやキッチンの掃除をされたり、一緒にシーツ交換など行えています。１２日は青葉区役所へバスと電車で出かけられ、少しお疲れのご様子でした。２６日は眼科へ行かれたようですが、混んでいたため、そのまま帰って来られたそうです。浴槽への入浴見守りのご要望については、今のところヘルパーには話されてないようです。\n 0 3 1 20141004180712 00034
00000074 00006 00005 05 26 10 平成26年11月3日 2 0 0 0 _ 10月13日モニタリング実施（モニタリングシート参照）\n11日はお孫様の運動会に行かれ、楽しく過ごされたとヘルパーにお話しくださいました。\n24日は内科を受診したとのお話で、サービス中はいつも通りほこり取りを一緒に行っていただいています。\n 0 3 1 20141103111429 00038
00000074 00006 00006 05 _ _ _ 1 0 0 0 _ _ 0 0 1 20141103111429 00038
00000074 00006 00007 05 _ _ _ 1 0 0 0 _ _ 0 0 1 20141103111429 00038
00000074 00007 00005 05 26 10 平成26年11月3日 2 0 0 0 _ 10月13日モニタリング実施（モニタリングシート参照）\n11日はお孫様の運動会に行かれ、楽しく過ごされたとヘルパーにお話しくださいました。\n24日は内科を受診したとのお話で、サービス中はいつも通りほこり取りを一緒に行っていただいています。\n 0 3 1 20141103111510 00038
00000074 00007 00006 05 _ _ _ 2 0 0 0 _ _ 0 0 1 20141103111510 00038
00000074 00007 00007 05 _ _ _ 2 0 0 0 _ _ 0 0 1 20141103111510 00038
00000074 00008 00005 05 26 10 平成26年11月3日 2 0 0 0 _ 10月13日モニタリング実施（モニタリングシート参照）\n11日はお孫様の運動会に行かれ、楽しく過ごされたとヘルパーにお話しくださいました。\n24日は内科を受診したとのお話で、サービス中はいつも通りほこり取りを一緒に行っていただいており、体調悪い様子は見受けられませんでした。\n31日は入院のためキャンセルとなりました。\n退院の報告を頂いていますが、今後のサービス 0 3 1 20141103112503 00038
00000074 00008 00006 05 _ _ _ 2 0 0 0 _ _ 0 0 1 20141103112503 00038
00000074 00008 00007 05 _ _ _ 2 0 0 0 _ _ 0 0 1 20141103112503 00038
00000074 00009 00005 05 26 10 平成26年11月3日 2 0 0 0 _ 10月13日モニタリング実施（モニタリングシート参照）\n11日はお孫様の運動会に行かれ、楽しく過ごされたとヘルパーにお話しくださいました。\n24日は内科を受診したとのお話で、サービス中はいつも通りほこり取りを一緒に行っていただいており、体調悪い様子は見受けられませんでした。\n31日は入院のためキャンセルとなりました。\n退院の報告を頂いていますが、後日認定が出ましたら入浴見守り等のサービスも含めて担当者会議で要望など伺いたいと考えています。 0 3 1 20141103112845 00038
00000074 00009 00006 05 _ _ _ 2 0 0 0 _ _ 0 0 1 20141103112845 00038
00000074 00009 00007 05 _ _ _ 2 0 0 0 _ _ 0 0 1 20141103112845 00038
00000074 00010 00005 05 26 10 平成26年11月3日 2 0 0 0 _ 10月13日モニタリング実施（モニタリングシート参照）\n11日はお孫様の運動会に行かれ、楽しく過ごされたとヘルパーにお話しくださいました。\n24日は内科を受診したとのお話で、サービス中はいつも通りほこり取りを一緒に行っていただいており、体調悪い様子は見受けられませんでした。\n31日は入院のためキャンセルとなりました。\n退院の報告を頂いていますが、後日認定が出ましたら入浴見守り等のサービスも含めて担当者会議で要望など伺いたいと考えています。 0 3 1 20141203195114 00035
00000074 00010 00006 05 26 11 平成26年12月3日 2 0 0 0 _ 7日、退院後サービス再開しております。疲れると症状が出るそうですが、体調落着いているそうです。21日、24日はお孫様の七五三のお祝いがありお出掛けとのこと。28日、一緒に埃とり行っています。クレールＮＳにケア体験を勧められ嫌な思いをしたと話されています。体調安定されています。 0 3 1 20141203195114 00035
00000074 00010 00007 05 _ _ _ 2 0 0 0 _ _ 0 0 1 20141203195114 00035
00000074 00011 00005 05 26 10 平成26年11月3日 2 0 0 0 _ 10月13日モニタリング実施（モニタリングシート参照）\n11日はお孫様の運動会に行かれ、楽しく過ごされたとヘルパーにお話しくださいました。\n24日は内科を受診したとのお話で、サービス中はいつも通りほこり取りを一緒に行っていただいており、体調悪い様子は見受けられませんでした。\n31日は入院のためキャンセルとなりました。\n退院の報告を頂いていますが、後日認定が出ましたら入浴見守り等のサービスも含めて担当者会議で要望など伺いたいと考えています。 0 3 1 20141203195135 00035
00000074 00011 00006 05 26 11 平成26年12月3日 2 0 0 0 _ 7日、退院後サービス再開しております。疲れると症状が出るそうですが、体調落着いているそうです。21日、24日はお孫様の七五三のお祝いがありお出掛けとのこと。28日、一緒に埃とり行っています。クレールＮＳにケア体験を勧められ嫌な思いをしたと話されています。体調安定されています。 0 3 1 20141203195135 00035
00000074 00011 00007 05 _ _ _ 2 0 0 0 _ _ 0 0 1 20141203195135 00035
00000074 00012 00005 05 26 10 平成26年11月3日 2 0 0 0 _ 10月13日モニタリング実施（モニタリングシート参照）\n11日はお孫様の運動会に行かれ、楽しく過ごされたとヘルパーにお話しくださいました。\n24日は内科を受診したとのお話で、サービス中はいつも通りほこり取りを一緒に行っていただいており、体調悪い様子は見受けられませんでした。\n31日は入院のためキャンセルとなりました。\n退院の報告を頂いていますが、後日認定が出ましたら入浴見守り等のサービスも含めて担当者会議で要望など伺いたいと考えています。 0 3 1 20141203215937 00034
00000074 00012 00006 05 26 11 平成26年12月3日 2 0 0 0 _ 7日、退院後サービス再開しております。疲れると症状が出るそうですが、体調落着いているそうです。21日、24日はお孫様の七五三のお祝いがありお出掛けとのこと。28日、一緒に埃とり行っています。クレールＮＳにケア体験を勧められ嫌な思いをしたと話されています。体調安定されています。 0 3 1 20141203215937 00034
00000074 00012 00007 05 _ _ _ 2 0 0 0 _ _ 0 0 1 20141203215937 00034
