00000074 2013 11 08 17:00 17:45 61 1111 0073 10.84 1 1220 1 20140627133538 00034
00000074 2013 11 15 17:00 17:45 61 1111 0073 10.84 1 1220 1 20140627133538 00034
00000074 2013 11 22 17:00 17:45 61 1111 0073 10.84 1 1220 1 20140627133538 00034
00000074 2013 11 29 17:00 17:45 61 1111 0073 10.84 1 1220 1 20140627133538 00034
00000074 2013 12 06 17:00 17:45 61 1111 0073 10.84 1 1220 1 20140627134156 00034
00000074 2013 12 20 17:00 17:45 61 1111 0073 10.84 1 1220 1 20140627134156 00034
00000074 2013 12 27 17:00 17:45 61 1111 0073 10.84 1 1220 1 20140627134156 00034
00000074 2014 01 10 17:00 17:45 61 1111 0073 10.84 1 1220 1 20140613143450 00034
00000074 2014 01 17 17:00 17:45 61 1111 0073 10.84 1 1220 1 20140613143450 00034
00000074 2014 01 24 17:00 17:45 61 1111 0073 10.84 1 1220 1 20140613143450 00034
00000074 2014 01 31 17:00 17:45 61 1111 0073 10.84 1 1220 1 20140613143450 00034
00000074 2014 02 07 17:00 17:45 61 1111 0073 10.84 1 1220 1 20140613144736 00034
00000074 2014 02 21 17:00 17:45 61 1111 0073 10.84 1 1220 1 20140613144736 00034
00000074 2014 02 28 17:00 17:45 61 1111 0073 10.84 1 1220 1 20140613144736 00034
00000074 2014 03 07 17:00 17:45 61 1111 0073 10.84 1 1220 1 20140613145315 00034
00000074 2014 03 14 17:00 17:45 61 1111 0073 10.84 1 1220 1 20140613145315 00034
00000074 2014 03 21 17:00 17:45 61 1111 0073 10.84 1 1220 1 20140613145315 00034
00000074 2014 03 28 17:00 17:45 61 1111 0073 10.84 1 1220 1 20140613145315 00034
00000074 2014 04 04 17:00 17:45 61 1111 0073 10.84 1 1226 1 20140613145856 00034
00000074 2014 04 11 17:00 17:45 61 1111 0073 10.84 1 1226 1 20140613145856 00034
00000074 2014 04 18 17:00 17:45 61 1111 0073 10.84 1 1226 1 20140613145856 00034
00000074 2014 04 25 17:00 17:45 61 1111 0073 10.84 1 1226 1 20140613145856 00034
00000074 2014 05 02 17:00 17:45 61 1111 0073 10.84 1 1226 1 20140818103115 00034
00000074 2014 05 09 17:00 17:45 61 1111 0073 10.84 1 1226 1 20140818103115 00034
00000074 2014 05 16 17:00 17:45 61 1111 0073 10.84 1 1226 1 20140818103115 00034
00000074 2014 05 23 17:00 17:45 61 1111 0073 10.84 1 1226 1 20140818103115 00034
00000074 2014 05 30 17:00 17:45 61 1111 0073 10.84 1 1226 1 20140818103115 00034
00000074 2014 06 06 17:00 17:44 61 1111 0073 10.84 1 1226 1 20140701123954 00078
00000074 2014 06 13 17:00 17:44 61 1111 0073 10.84 1 1226 1 20140701123954 00078
00000074 2014 06 20 17:00 17:44 61 1111 0073 10.84 1 1226 1 20140701123954 00078
00000074 2014 06 27 17:00 17:44 61 1111 0073 10.84 1 1226 1 20140701123954 00078
00000074 2014 07 04 17:00 17:44 61 1111 0073 10.84 1 1226 1 20140731102358 00035
00000074 2014 07 11 17:00 17:44 61 1111 0073 10.84 1 1226 1 20140731102358 00035
00000074 2014 07 18 17:00 17:44 61 1111 0073 10.84 1 1226 1 20140731102358 00035
00000074 2014 08 01 17:00 17:44 61 1111 0073 10.84 1 1226 1 20140830202023 00038
00000074 2014 08 08 17:00 17:44 61 1111 0073 10.84 1 1226 1 20140830202023 00038
00000074 2014 08 15 17:00 17:44 61 1111 0073 10.84 1 1226 1 20140830202023 00038
00000074 2014 08 22 17:00 17:44 61 1111 0073 10.84 1 1226 1 20140830202023 00038
00000074 2014 08 29 17:00 17:44 61 1111 0073 10.84 1 1226 1 20140830202023 00038
00000074 2014 09 05 17:00 17:44 61 1111 0073 10.84 1 1226 1 20140929210415 00035
00000074 2014 09 12 17:00 17:44 61 1111 0073 10.84 1 1226 1 20140929210415 00035
00000074 2014 09 19 17:00 17:44 61 1111 0073 10.84 1 1226 1 20140929210415 00035
00000074 2014 09 26 17:00 17:44 61 1111 0073 10.84 1 1226 1 20140929210415 00035
00000074 2014 10 03 17:00 17:44 61 1111 0073 10.84 1 1226 1 20141028194538 00035
00000074 2014 10 10 17:00 17:44 61 1111 0073 10.84 1 1226 1 20141028194538 00035
00000074 2014 10 17 17:00 17:44 61 1111 0073 10.84 1 1226 1 20141028194538 00035
00000074 2014 10 24 16:00 16:44 61 1111 0073 10.84 1 1226 1 20141028194538 00035
00000074 2014 11 07 17:00 17:44 61 1111 0073 10.84 1 1226 1 20141130152015 00038
00000074 2014 11 14 17:00 17:44 61 1111 0073 10.84 1 1226 1 20141130152015 00038
00000074 2014 11 21 17:00 17:44 61 1111 0073 10.84 1 1226 1 20141130152015 00038
00000074 2014 11 28 17:00 17:44 61 1111 0073 10.84 1 1226 1 20141130152015 00038
