00000153 0070 2014 02 0000010 03 00038 _ 13:15 14:15 _ _ 0 7311 1 11 1 20140617181105 00034
00000153 0070 2014 02 0000011 06 00035 _ 15:45 16:45 _ _ 0 4111 1 11 1 20140617181105 00034
00000153 0070 2014 02 0000012 10 00038 _ 13:15 14:14 _ _ 0 1211 1 11 1 20140617181105 00034
00000153 0070 2014 02 0000013 13 00038 _ 15:45 16:44 _ _ 0 1211 1 11 1 20140617181105 00034
00000153 0070 2014 02 0000014 17 00037 _ 13:15 14:15 _ _ 0 7311 1 11 1 20140617181105 00034
00000153 0070 2014 02 0000015 20 00038 _ 15:45 16:45 _ _ 0 4111 1 11 1 20140617181105 00034
00000153 0070 2014 02 0000016 22 00037 _ 16:30 17:29 _ _ 0 1211 1 11 1 20140617181105 00034
00000153 0070 2014 02 0000017 24 00035 _ 13:30 14:25 _ _ 0 4111 1 11 1 20140617181105 00034
00000153 0070 2014 02 0000018 27 00089 _ 15:45 16:44 _ _ 0 1211 1 11 1 20140617181105 00034
00000153 0070 2014 03 0000019 01 00037 _ 16:30 17:29 _ _ 0 1211 1 11 1 20140617181817 00034
00000153 0070 2014 03 0000020 03 00038 _ 13:15 14:14 _ _ 0 1211 1 11 1 20140617181817 00034
00000153 0070 2014 03 0000021 06 00089 _ 15:45 16:44 _ _ 0 1211 1 11 1 20140617181817 00034
00000153 0070 2014 03 0000022 08 00037 _ 16:30 17:29 _ _ 0 1211 1 11 1 20140617181817 00034
00000153 0070 2014 03 0000023 10 00035 _ 13:15 14:14 _ _ 0 1211 1 11 1 20140617181817 00034
00000153 0070 2014 03 0000024 13 00089 _ 15:45 16:44 _ _ 0 1211 1 11 1 20140617181817 00034
00000153 0070 2014 03 0000025 15 00037 _ 16:30 17:29 _ _ 0 1211 1 11 1 20140617181817 00034
00000153 0070 2014 03 0000026 17 00035 _ 13:15 14:15 _ _ 0 4111 1 11 1 20140617181817 00034
00000153 0070 2014 03 0000027 20 00089 _ 15:45 16:44 _ _ 0 1211 1 11 1 20140617181817 00034
00000153 0070 2014 03 0000028 22 00035 _ 16:30 17:30 _ _ 0 4111 1 11 1 20140617181817 00034
00000153 0070 2014 03 0000029 24 00035 _ 13:15 14:14 _ _ 0 1211 1 11 1 20140617181817 00034
00000153 0070 2014 03 0000030 27 00089 _ 15:45 16:44 _ _ 0 1211 1 11 1 20140617181817 00034
00000153 0070 2014 03 0000031 29 00037 _ 16:30 17:29 _ _ 0 1211 1 11 1 20140617181817 00034
00000153 0070 2014 03 0000032 31 00037 _ 13:35 14:34 _ _ 0 1211 1 11 1 20140617181817 00034
00000153 0070 2014 04 0000033 03 00089 _ 15:45 16:44 _ _ 0 1211 1 11 1 20140617182528 00034
00000153 0070 2014 04 0000034 05 00089 _ 16:30 17:29 _ _ 0 1211 1 11 1 20140617182528 00034
00000153 0070 2014 04 0000035 07 00037 _ 13:25 14:14 _ _ 0 1211 1 11 1 20140617182528 00034
00000153 0070 2014 04 0000036 10 00038 _ 15:45 16:44 _ _ 0 1211 1 11 1 20140617182528 00034
00000153 0070 2014 04 0000037 12 00037 _ 16:30 17:29 _ _ 0 1211 1 11 1 20140617182528 00034
00000153 0070 2014 04 0000038 15 00038 _ 15:30 16:29 _ _ 0 1211 1 11 1 20140617182528 00034
00000153 0070 2014 04 0000039 17 00089 _ 15:45 17:15 _ _ 0 5111 1 11 1 20140617182528 00034
00000153 0070 2014 04 0000040 19 00037 _ 16:30 17:29 _ _ 0 1211 1 11 1 20140617182528 00034
00000153 0070 2014 04 0000041 22 00037 _ 15:30 16:29 _ _ 0 1211 1 11 1 20140617182528 00034
00000153 0070 2014 04 0000042 24 00089 _ 15:45 17:15 _ _ 0 5111 1 11 1 20140617182528 00034
00000153 0070 2014 04 0000043 26 00089 _ 16:30 17:29 _ _ 0 1211 1 11 1 20140617182528 00034
00000153 0070 2014 04 0000044 29 00038 _ 15:30 16:29 _ _ 0 1211 1 11 1 20140617182528 00034
00000153 0070 2014 05 0000045 03 00089 _ 16:30 17:29 _ _ 0 1211 1 11 1 20140818173648 00034
00000153 0070 2014 05 0000046 06 00035 _ 15:30 16:29 _ _ 0 1211 1 11 1 20140818173648 00034
00000153 0070 2014 05 0000047 08 00089 _ 15:45 17:15 _ _ 0 5111 1 11 1 20140818173648 00034
00000153 0070 2014 05 0000048 10 00089 _ 16:30 17:29 _ _ 0 1211 1 11 1 20140818173648 00034
00000153 0070 2014 05 0000049 13 00038 _ 15:30 16:29 _ _ 0 1211 1 11 1 20140818173648 00034
00000153 0070 2014 05 0000050 15 00038 _ 15:45 17:15 4 _ 0 5111 1 11 1 20140818173648 00034
00000153 0070 2014 05 0000051 17 00089 _ 16:30 17:29 _ _ 0 1211 1 11 1 20140818173648 00034
00000153 0070 2014 05 0000052 20 00037 _ 15:30 16:29 _ _ 0 1211 1 11 1 20140818173648 00034
00000153 0070 2014 05 0000053 01 00089 _ 15:45 17:15 4 _ 0 5111 1 11 1 20140818173648 00034
00000153 0070 2014 05 0000054 22 00089 _ 15:45 17:15 4 _ 0 5111 1 11 1 20140818173648 00034
00000153 0070 2014 05 0000055 24 00037 _ 16:30 17:29 1 _ 0 1211 1 11 1 20140818173648 00034
00000153 0070 2014 05 0000056 27 00038 _ 15:30 16:29 1 _ 0 1211 1 11 1 20140818173648 00034
00000153 0070 2014 05 0000057 29 00089 _ 15:45 17:15 4 _ 0 5111 1 11 1 20140818173648 00034
00000153 0070 2014 05 0000058 31 00037 _ 16:30 17:29 1 _ 0 1211 1 11 1 20140818173648 00034
00000153 0070 2014 06 0000002 03 00035 _ 15:30 16:29 1 _ 0 1211 1 11 1 20140701092705 00034
00000153 0070 2014 06 0000003 05 00089 _ 15:45 17:14 4 _ 0 5111 1 11 1 20140701092705 00034
00000153 0070 2014 06 0000004 07 00089 _ 16:30 17:29 1 _ 0 1211 1 11 1 20140701092705 00034
00000153 0070 2014 06 0000005 14 00089 _ 16:30 17:29 1 _ 0 1211 1 11 1 20140701092705 00034
00000153 0070 2014 06 0000006 12 00089 _ 15:45 17:14 4 _ 0 _ 1 11 9 20140617141135 00037
00000153 0070 2014 06 0000007 17 00037 _ 15:30 16:29 1 _ 0 1211 1 11 1 20140701092705 00034
00000153 0070 2014 06 0000008 21 00035 _ 16:30 17:29 1 _ 0 1211 1 11 1 20140701092705 00034
00000153 0070 2014 06 0000009 24 00035 _ 15:30 16:29 1 _ 0 1211 1 11 1 20140701092705 00034
00000153 0070 2014 06 0000010 10 00035 _ 15:30 16:29 1 _ 0 1211 1 11 1 20140701092705 00034
00000153 0070 2014 06 0000011 12 00089 _ 15:50 17:14 4 _ 0 5111 1 11 1 20140701092705 00034
00000153 0070 2014 06 0000012 19 00089 _ 15:45 17:14 4 _ 0 5111 1 11 1 20140701092705 00034
00000153 0070 2014 06 0000013 26 00037 _ 15:45 17:14 4 _ 0 5111 1 11 1 20140701092705 00034
00000153 0070 2014 06 0000014 28 00037 _ 16:30 17:29 1 _ 0 1211 1 11 1 20140701092705 00034
00000153 0070 2014 07 0000015 03 00089 _ 15:45 17:14 4 _ 0 5111 1 11 1 20140731162540 00037
00000153 0070 2014 07 0000016 03 00089 _ 15:45 17:14 4 _ 0 _ 1 11 9 20140708123908 00035
00000153 0070 2014 07 0000017 12 00035 _ 16:30 17:29 1 _ 0 1211 1 11 1 20140731162540 00037
00000153 0070 2014 07 0000018 03 _ _ 00:00 00:00 _ _ 0 _ 1 11 9 20140723154858 00037
00000153 0070 2014 07 0000019 08 00035 _ 15:30 16:29 1 _ 0 1211 1 11 1 20140731162540 00037
00000153 0070 2014 07 0000020 10 00037 _ 15:45 17:14 4 _ 0 5111 1 11 1 20140731162540 00037
00000153 0070 2014 07 0000021 17 00089 _ 15:45 17:14 4 _ 0 5111 1 11 1 20140731162540 00037
00000153 0070 2014 07 0000022 15 00098 _ 15:30 16:29 4 _ 0 1211 1 11 1 20140731162540 00037
00000153 0070 2014 07 0000023 19 00089 _ 16:30 17:29 1 _ 0 1211 1 11 1 20140731162540 00037
00000153 0070 2014 07 0000024 22 00098 _ 15:30 16:29 1 _ 0 1211 1 11 1 20140731162540 00037
00000153 0070 2014 07 0000025 05 00035 _ 16:30 17:29 1 _ 0 1211 1 11 1 20140731162540 00037
00000153 0070 2014 07 0000026 24 00089 _ 15:45 17:14 4 _ 0 5111 1 11 1 20140731162540 00037
00000153 0070 2014 07 0000027 26 00089 _ 16:30 17:29 1 _ 0 1211 1 11 1 20140731162540 00037
00000153 0070 2014 07 0000028 29 00098 _ 15:30 16:29 1 _ 0 1211 1 11 1 20140731162540 00037
00000153 0070 2014 07 0000029 31 00089 _ 15:45 17:14 4 _ 0 5111 1 11 1 20140731162540 00037
00000153 0070 2014 07 0000030 01 00035 _ 15:30 16:29 1 _ 0 1211 1 11 1 20140731162540 00037
00000153 0070 2014 08 0000031 02 00035 _ 16:30 17:29 1 _ 0 1211 1 11 1 20140817184232 00035
00000153 0070 2014 08 0000032 05 00098 _ 15:30 16:29 1 _ 0 1211 1 11 1 20140817184232 00035
00000153 0070 2014 08 0000033 09 00089 _ 16:30 17:29 1 _ 0 1211 1 11 1 20140817184232 00035
00000153 0070 2014 08 0000034 07 00089 _ 15:45 17:14 4 _ 0 5111 1 11 1 20140817184232 00035
00000153 0070 2014 08 0000035 12 00098 _ 15:30 16:29 1 _ 0 1211 1 11 1 20140817184232 00035
00000153 0070 2014 08 0000036 14 00089 _ 15:45 17:14 4 _ 0 5111 1 11 1 20140817184232 00035
00000153 0070 2014 08 0000037 16 00035 _ 16:30 17:29 1 _ 0 1211 1 11 1 20140817184232 00035
00000153 0073 2014 01 0000002 06 00037 _ 13:15 14:15 _ _ 0 1211 1 61 1 20140617180251 00034
00000153 0073 2014 01 0000003 09 00035 _ 13:45 16:45 _ _ 0 1211 1 61 1 20140617180251 00034
00000153 0073 2014 01 0000004 13 00038 _ 13:25 14:25 _ _ 0 1211 1 61 1 20140617180251 00034
00000153 0073 2014 01 0000005 16 00038 _ 15:45 16:45 _ _ 0 1211 1 61 1 20140617180251 00034
00000153 0073 2014 01 0000006 20 00037 _ 13:15 14:15 _ _ 0 1211 1 61 1 20140617180251 00034
00000153 0073 2014 01 0000007 23 00038 _ 15:45 17:00 _ _ 0 1211 1 61 1 20140617180251 00034
00000153 0073 2014 01 0000008 27 00035 _ 14:00 15:00 _ _ 0 1211 1 61 1 20140617180251 00034
00000153 0073 2014 01 0000009 30 00038 _ 15:45 16:55 _ _ 0 1211 1 61 1 20140617180251 00034
