00000092 0070 2014 06 0000002 05 00043 _ 09:15 10:14 2 _ 0 7311 1 11 1 20140701100558 00078
00000092 0070 2014 06 0000003 05 _ _ _ _ _ _ 0 _ 1 11 9 20140625122235 00038
00000092 0070 2014 06 0000004 12 00037 _ 09:15 10:14 2 _ 0 7311 1 11 1 20140701100558 00078
00000092 0070 2014 06 0000005 19 00037 _ 09:15 10:14 2 _ 0 _ 1 11 9 20140627184818 00038
00000092 0070 2014 06 0000006 26 00043 _ 09:15 10:14 2 _ 0 7311 1 11 1 20140701100558 00078
00000092 0070 2014 06 0000007 19 00037 _ 09:15 10:14 2 _ 0 7311 1 11 1 20140701100558 00078
00000092 0070 2014 07 0000008 03 00043 _ 09:15 10:14 2 _ 0 7311 1 11 1 20140731123753 00035
00000092 0070 2014 07 0000009 10 00038 _ 09:15 10:14 2 _ 0 7311 1 11 1 20140731123753 00035
00000092 0070 2014 07 0000010 17 00043 _ 09:15 10:14 2 _ 0 7311 1 11 1 20140731123753 00035
00000092 0070 2014 07 0000011 24 00038 _ 09:15 10:14 2 _ 0 7311 1 11 1 20140731123753 00035
00000092 0070 2014 07 0000012 31 00043 _ 09:15 10:14 2 _ 0 7311 1 11 1 20140731123753 00035
00000092 0070 2014 08 0000013 07 00035 _ 09:15 10:14 2 _ 0 7311 1 11 1 20140814171454 00038
00000092 0070 2014 08 0000014 14 _ _ 09:15 10:15 _ _ 0 _ 1 11 9 20140814171454 00038
00000092 0070 2014 08 0000015 21 _ _ 09:15 10:15 2 _ 0 7311 1 11 1 20140814171454 00038
00000092 0070 2014 08 0000016 28 _ _ 09:15 10:15 2 _ 0 7311 1 11 1 20140814171454 00038
00000092 0070 2014 08 0000017 14 00038 _ 15:15 16:14 2 _ 0 7311 1 11 1 20140814171454 00038
