00001264 20150609 KihonCheckCheckList01 0 1 20150616105933 00078
00001264 20150609 KihonCheckCheckList02 0 1 20150616105933 00078
00001264 20150609 KihonCheckCheckList03 1 1 20150616105933 00078
00001264 20150609 KihonCheckCheckList04 1 1 20150616105933 00078
00001264 20150609 KihonCheckCheckList05 1 1 20150616105933 00078
00001264 20150609 KihonCheckCheckList06 2 1 20150616105933 00078
00001264 20150609 KihonCheckCheckList07 2 1 20150616105933 00078
00001264 20150609 KihonCheckCheckList08 0 1 20150616105933 00078
00001264 20150609 KihonCheckCheckList09 2 1 20150616105933 00078
00001264 20150609 KihonCheckCheckList10 2 1 20150616105933 00078
00001264 20150609 KihonCheckCheckList11 0 1 20150616105933 00078
00001264 20150609 KihonCheckCheckList12 0 1 20150616105933 00078
00001264 20150609 KihonCheckCheckList13 0 1 20150616105933 00078
00001264 20150609 KihonCheckCheckList14 0 1 20150616105933 00078
00001264 20150609 KihonCheckCheckList15 0 1 20150616105933 00078
00001264 20150609 KihonCheckCheckList16 0 1 20150616105933 00078
00001264 20150609 KihonCheckCheckList17 0 1 20150616105933 00078
00001264 20150609 KihonCheckCheckList18 6 1 20150616105933 00078
00001264 20150609 KihonCheckCheckList19 0 1 20150616105933 00078
00001264 20150609 KihonCheckCheckList20 7 1 20150616105933 00078
00001264 20150609 KihonCheckCheckList21 7 1 20150616105933 00078
00001264 20150609 KihonCheckCheckList22 0 1 20150616105933 00078
00001264 20150609 KihonCheckCheckList23 0 1 20150616105933 00078
00001264 20150609 KihonCheckCheckList24 7 1 20150616105933 00078
