00000209 20110121 KihonCheckCheckList01 0 1 20140516 IKOU
00000209 20110121 KihonCheckCheckList02 0 1 20140516 IKOU
00000209 20110121 KihonCheckCheckList03 0 1 20140516 IKOU
00000209 20110121 KihonCheckCheckList04 1 1 20140516 IKOU
00000209 20110121 KihonCheckCheckList05 0 1 20140516 IKOU
00000209 20110121 KihonCheckCheckList06 2 1 20140516 IKOU
00000209 20110121 KihonCheckCheckList07 0 1 20140516 IKOU
00000209 20110121 KihonCheckCheckList08 0 1 20140516 IKOU
00000209 20110121 KihonCheckCheckList09 2 1 20140516 IKOU
00000209 20110121 KihonCheckCheckList10 2 1 20140516 IKOU
00000209 20110121 KihonCheckCheckList11 0 1 20140516 IKOU
00000209 20110121 KihonCheckCheckList12 0 1 20140516 IKOU
00000209 20110121 KihonCheckCheckList13 4 1 20140516 IKOU
00000209 20110121 KihonCheckCheckList14 4 1 20140516 IKOU
00000209 20110121 KihonCheckCheckList15 0 1 20140516 IKOU
00000209 20110121 KihonCheckCheckList16 5 1 20140516 IKOU
00000209 20110121 KihonCheckCheckList17 6 1 20140516 IKOU
00000209 20110121 KihonCheckCheckList18 0 1 20140516 IKOU
00000209 20110121 KihonCheckCheckList19 0 1 20140516 IKOU
00000209 20110121 KihonCheckCheckList20 0 1 20140516 IKOU
00000209 20110121 KihonCheckCheckList21 0 1 20140516 IKOU
00000209 20110121 KihonCheckCheckList22 0 1 20140516 IKOU
00000209 20110121 KihonCheckCheckList23 0 1 20140516 IKOU
00000209 20110121 KihonCheckCheckList24 0 1 20140516 IKOU
00000209 20111209 KihonCheckCheckList01 0 1 20140516 IKOU
00000209 20111209 KihonCheckCheckList02 0 1 20140516 IKOU
00000209 20111209 KihonCheckCheckList03 0 1 20140516 IKOU
00000209 20111209 KihonCheckCheckList04 1 1 20140516 IKOU
00000209 20111209 KihonCheckCheckList05 0 1 20140516 IKOU
00000209 20111209 KihonCheckCheckList06 2 1 20140516 IKOU
00000209 20111209 KihonCheckCheckList07 0 1 20140516 IKOU
00000209 20111209 KihonCheckCheckList08 0 1 20140516 IKOU
00000209 20111209 KihonCheckCheckList09 2 1 20140516 IKOU
00000209 20111209 KihonCheckCheckList10 2 1 20140516 IKOU
00000209 20111209 KihonCheckCheckList11 0 1 20140516 IKOU
00000209 20111209 KihonCheckCheckList12 0 1 20140516 IKOU
00000209 20111209 KihonCheckCheckList13 4 1 20140516 IKOU
00000209 20111209 KihonCheckCheckList14 4 1 20140516 IKOU
00000209 20111209 KihonCheckCheckList15 0 1 20140516 IKOU
00000209 20111209 KihonCheckCheckList16 5 1 20140516 IKOU
00000209 20111209 KihonCheckCheckList17 6 1 20140516 IKOU
00000209 20111209 KihonCheckCheckList18 0 1 20140516 IKOU
00000209 20111209 KihonCheckCheckList19 6 1 20140516 IKOU
00000209 20111209 KihonCheckCheckList20 0 1 20140516 IKOU
00000209 20111209 KihonCheckCheckList21 0 1 20140516 IKOU
00000209 20111209 KihonCheckCheckList22 0 1 20140516 IKOU
00000209 20111209 KihonCheckCheckList23 0 1 20140516 IKOU
00000209 20111209 KihonCheckCheckList24 0 1 20140516 IKOU
00000209 20121205 KihonCheckCheckList01 0 1 20140516 IKOU
00000209 20121205 KihonCheckCheckList02 0 1 20140516 IKOU
00000209 20121205 KihonCheckCheckList03 0 1 20140516 IKOU
00000209 20121205 KihonCheckCheckList04 1 1 20140516 IKOU
00000209 20121205 KihonCheckCheckList05 0 1 20140516 IKOU
00000209 20121205 KihonCheckCheckList06 2 1 20140516 IKOU
00000209 20121205 KihonCheckCheckList07 0 1 20140516 IKOU
00000209 20121205 KihonCheckCheckList08 0 1 20140516 IKOU
00000209 20121205 KihonCheckCheckList09 2 1 20140516 IKOU
00000209 20121205 KihonCheckCheckList10 2 1 20140516 IKOU
00000209 20121205 KihonCheckCheckList11 0 1 20140516 IKOU
00000209 20121205 KihonCheckCheckList12 4 1 20140516 IKOU
00000209 20121205 KihonCheckCheckList13 4 1 20140516 IKOU
00000209 20121205 KihonCheckCheckList14 4 1 20140516 IKOU
00000209 20121205 KihonCheckCheckList15 0 1 20140516 IKOU
00000209 20121205 KihonCheckCheckList16 5 1 20140516 IKOU
00000209 20121205 KihonCheckCheckList17 6 1 20140516 IKOU
00000209 20121205 KihonCheckCheckList18 0 1 20140516 IKOU
00000209 20121205 KihonCheckCheckList19 6 1 20140516 IKOU
00000209 20121205 KihonCheckCheckList20 0 1 20140516 IKOU
00000209 20121205 KihonCheckCheckList21 0 1 20140516 IKOU
00000209 20121205 KihonCheckCheckList22 0 1 20140516 IKOU
00000209 20121205 KihonCheckCheckList23 0 1 20140516 IKOU
00000209 20121205 KihonCheckCheckList24 0 1 20140516 IKOU
00000209 20131204 KihonCheckCheckList01 1 1 20140516 IKOU
00000209 20131204 KihonCheckCheckList02 0 1 20140516 IKOU
00000209 20131204 KihonCheckCheckList03 0 1 20140516 IKOU
00000209 20131204 KihonCheckCheckList04 1 1 20140516 IKOU
00000209 20131204 KihonCheckCheckList05 0 1 20140516 IKOU
00000209 20131204 KihonCheckCheckList06 2 1 20140516 IKOU
00000209 20131204 KihonCheckCheckList07 0 1 20140516 IKOU
00000209 20131204 KihonCheckCheckList08 0 1 20140516 IKOU
00000209 20131204 KihonCheckCheckList09 0 1 20140516 IKOU
00000209 20131204 KihonCheckCheckList10 0 1 20140516 IKOU
00000209 20131204 KihonCheckCheckList11 0 1 20140516 IKOU
00000209 20131204 KihonCheckCheckList12 0 1 20140516 IKOU
00000209 20131204 KihonCheckCheckList13 0 1 20140516 IKOU
00000209 20131204 KihonCheckCheckList14 4 1 20140516 IKOU
00000209 20131204 KihonCheckCheckList15 0 1 20140516 IKOU
00000209 20131204 KihonCheckCheckList16 5 1 20140516 IKOU
00000209 20131204 KihonCheckCheckList17 6 1 20140516 IKOU
00000209 20131204 KihonCheckCheckList18 0 1 20140516 IKOU
00000209 20131204 KihonCheckCheckList19 0 1 20140516 IKOU
00000209 20131204 KihonCheckCheckList20 0 1 20140516 IKOU
00000209 20131204 KihonCheckCheckList21 0 1 20140516 IKOU
00000209 20131204 KihonCheckCheckList22 0 1 20140516 IKOU
00000209 20131204 KihonCheckCheckList23 0 1 20140516 IKOU
00000209 20131204 KihonCheckCheckList24 0 1 20140516 IKOU
