00000202 2011 03 7 35830 1 20141128134737 00078
00000202 2011 04 7 35830 1 20141128134317 00078
00000202 2011 05 7 35830 1 20141128122015 00078
00000202 2011 06 7 35830 1 20141128120533 00078
00000202 2011 07 7 35830 1 20141128152045 00078
00000202 2011 08 7 35830 1 20141128165036 00078
00000202 2011 09 7 35830 1 20141128181602 00078
00000202 2011 10 7 35830 1 20141127190751 00078
00000202 2011 11 7 35830 1 20141127144829 00078
00000202 2011 12 7 35830 1 20141125143811 00078
00000202 2012 01 7 35830 1 20141124131427 00078
00000202 2012 02 7 35830 1 20141119183536 00078
00000202 2012 03 7 35830 1 20141119135618 00078
00000202 2012 04 7 35830 1 20140711112214 00078
00000202 2012 05 7 35830 1 20140711121557 00078
00000202 2012 06 7 35830 1 20140711140547 00078
00000202 2012 07 7 35830 1 20140711145046 00078
00000202 2012 08 7 35830 1 20140711153522 00078
00000202 2012 09 7 35830 1 20140711161310 00078
00000202 2012 10 7 35830 1 20140711165743 00078
00000202 2012 11 7 35830 1 20140711174544 00078
00000202 2012 12 7 35830 1 20140711182653 00078
00000202 2013 01 7 35830 1 20140704111236 00078
00000202 2013 02 7 35830 1 20140704140430 00078
00000202 2013 03 7 35830 1 20140704143447 00078
00000202 2013 04 7 35830 1 20140704144613 00078
