00000082 20130313 20130325 内田博 実弟 1 2014052800000000 00078
00000082 20130313 20130325 内田博 実弟 1 2014052800000000 00078
00000082 20130313 20130325 吉野相談員 グランクレール藤が丘 1 2014052800000000 00078
00000082 20130313 20130325 吉野相談員 グランクレール藤が丘 1 2014052800000000 00078
00000082 20130313 20130325 山岸綾子 グランクレール・ケアサービス美しが丘 1 2014052800000000 00078
00000082 20130313 20130325 山岸綾子 グランクレール・ケアサービス美しが丘 1 2014052800000000 00078
00000082 20130313 20130325 片山キヨ 本人 1 2014052800000000 00078
00000082 20130313 20130325 片山キヨ 退院後で疲れているため欠席 1 2014052800000000 00078
00000082 20130313 20130325 細川専門相談員 ｲﾉﾍﾞｰｼｮﾝ　ｵﾌﾞﾒﾃﾞｨｶﾙｻｰﾋﾞｽ 1 2014052800000000 00078
00000082 20130313 20130325 細川専門相談員 ｲﾉﾍﾞｰｼｮﾝ　ｵﾌﾞﾒﾃﾞｨｶﾙｻｰﾋﾞｽ 1 2014052800000000 00078
00000082 20130313 20130325 臼井サービス提供責任者 グランクレールケアサービス美しが丘 1 2014052800000000 00078
00000082 20130313 20130325 臼井サービス提供責任者 グランクレールケアサービス美しが丘 1 2014052800000000 00078
00000082 20130313 20130325 萩原葉子 グランクレール・ケアサービス美しが丘 1 2014052800000000 00078
00000082 20130313 20130325 萩原葉子 グランクレール・ケアサービス美しが丘 1 2014052800000000 00078
00000082 20130313 20130522 _ ｲﾉﾍﾞｰｼｮﾝ 1 2014052800000000 00078
00000082 20130313 20130522 内田博 実弟 1 2014052800000000 00078
00000082 20130313 20130522 吉野相談員 グランクレール藤が丘　欠席 1 2014052800000000 00078
00000082 20130313 20130522 欠席 グランクレール・ケアサービス横浜 1 2014052800000000 00078
00000082 20130313 20130522 片山キヨ _ 1 2014052800000000 00078
00000082 20130313 20130522 萩原葉子 グランクレール・ケアサービス横浜 1 2014052800000000 00078
00000082 20130313 20130522 赤井嘉孝 リハビリデイサービスチャレンジ 1 2014052800000000 00078
00000082 20130521 20130522 内田博 弟様 1 2014052800000000 00078
00000082 20130521 20130522 片山キヨ 本人 1 2014052800000000 00078
00000082 20130521 20130522 萩原葉子 グランクレール・ケアサービス横浜 1 2014052800000000 00078
00000082 20130521 20130522 赤井嘉孝 リハビリデイサービスチャレンジ 1 2014052800000000 00078
