00000026 2011 08 03 11:00 11:59 61 1111 0073 10.84 1 1234 1 20141020134956 00077
00000026 2011 08 10 11:00 11:59 61 1111 0073 10.84 1 1234 1 20141020134956 00077
00000026 2011 08 17 11:00 11:59 61 1111 0073 10.84 1 1234 1 20141020134956 00077
00000026 2011 08 24 11:00 11:59 61 1111 0073 10.84 1 1234 1 20141020134956 00077
00000026 2011 08 31 11:00 11:59 61 1111 0073 10.84 1 1234 1 20141020134956 00077
00000026 2011 09 07 10:45 11:44 61 1111 0073 10.84 1 1234 1 20141020135435 00077
00000026 2011 09 14 10:45 11:44 61 1111 0073 10.84 1 1234 1 20141020135435 00077
00000026 2011 09 21 10:45 11:44 61 1111 0073 10.84 1 1234 1 20141020135435 00077
00000026 2011 09 28 10:45 11:44 61 1111 0073 10.84 1 1234 1 20141020135435 00077
00000026 2011 10 05 10:45 11:44 61 1111 0073 10.84 1 1234 1 20141020140034 00077
00000026 2011 10 12 10:45 11:44 61 1111 0073 10.84 1 1234 1 20141020140034 00077
00000026 2011 10 19 10:45 11:44 61 1111 0073 10.84 1 1234 1 20141020140034 00077
00000026 2011 10 26 10:45 11:44 61 1111 0073 10.84 1 1234 1 20141020140034 00077
00000026 2011 11 02 10:45 11:44 61 1111 0073 10.84 1 1234 1 20141020141955 00077
00000026 2011 11 09 10:45 11:44 61 1111 0073 10.84 1 1234 1 20141020141955 00077
00000026 2011 11 16 10:45 11:44 61 1111 0073 10.84 1 1234 1 20141020141955 00077
00000026 2011 11 23 10:45 11:44 61 1111 0073 10.84 1 1234 1 20141020141955 00077
00000026 2011 11 30 10:45 11:44 61 1111 0073 10.84 1 1234 1 20141020141955 00077
00000026 2011 12 07 10:45 11:44 61 1111 0073 10.84 1 1234 1 20141020142959 00077
00000026 2011 12 14 10:45 11:44 61 1111 0073 10.84 1 1234 1 20141020142959 00077
00000026 2012 01 04 10:45 11:44 61 1111 0073 10.84 1 1234 1 20141016141745 00077
00000026 2012 01 11 10:45 11:44 61 1111 0073 10.84 1 1234 1 20141016141745 00077
00000026 2012 01 18 10:45 11:44 61 1111 0073 10.84 1 1234 1 20141016141745 00077
00000026 2012 01 25 10:45 11:44 61 1111 0073 10.84 1 1234 1 20141016141745 00077
00000026 2012 02 01 10:45 11:44 61 1111 0073 10.84 1 1234 1 20141016142543 00077
00000026 2012 02 08 10:45 11:44 61 1111 0073 10.84 1 1234 1 20141016142543 00077
00000026 2012 02 15 10:45 11:44 61 1111 0073 10.84 1 1234 1 20141016142543 00077
00000026 2012 02 22 10:45 11:44 61 1111 0073 10.84 1 1234 1 20141016142543 00077
00000026 2012 02 29 10:45 11:44 61 1111 0073 10.84 1 1234 1 20141016142543 00077
00000026 2012 03 07 10:45 11:44 61 1111 0073 10.84 1 1234 1 20141016143644 00077
00000026 2012 03 14 10:45 11:44 61 1111 0073 10.84 1 1234 1 20141016143644 00077
00000026 2012 03 21 10:45 11:44 61 1111 0073 10.84 1 1234 1 20141016143644 00077
00000026 2012 03 28 10:45 11:44 61 1111 0073 10.84 1 1234 1 20141016143644 00077
00000026 2012 04 02 11:30 12:29 61 1111 0073 10.84 1 1220 1 20140731184549 00078
00000026 2012 04 09 11:30 12:29 61 1111 0073 10.84 1 1220 1 20140731184549 00078
00000026 2012 04 16 11:30 12:29 61 1111 0073 10.84 1 1220 1 20140731184549 00078
00000026 2012 04 23 11:30 12:29 61 1111 0073 10.84 1 1220 1 20140731184549 00078
00000026 2012 04 30 11:30 12:29 61 1111 0073 10.84 1 1220 1 20140731184549 00078
00000026 2012 05 07 11:30 12:29 61 1111 0073 10.84 1 1220 1 20140801101328 00034
00000026 2012 05 14 11:30 12:29 61 1111 0073 10.84 1 1220 1 20140801101328 00034
00000026 2012 05 21 11:30 12:29 61 1111 0073 10.84 1 1220 1 20140801101328 00034
00000026 2012 05 28 11:30 12:29 61 1111 0073 10.84 1 1220 1 20140801101328 00034
00000026 2012 06 04 11:30 12:29 61 1111 0073 10.84 1 1220 1 20140801102056 00034
00000026 2012 06 11 11:30 12:29 61 1111 0073 10.84 1 1220 1 20140801102056 00034
00000026 2012 06 18 11:30 12:29 61 1111 0073 10.84 1 1220 1 20140801102056 00034
00000026 2012 06 25 11:30 12:29 61 1111 0073 10.84 1 1220 1 20140801102056 00034
00000026 2012 07 02 11:30 12:29 61 1111 0073 10.84 1 1220 1 20140801102847 00034
00000026 2012 07 02 13:30 14:29 61 1111 0073 10.84 1 1220 1 20140801102654 00034
00000026 2012 07 09 11:30 12:29 61 1111 0073 10.84 1 1220 1 20140801102847 00034
00000026 2012 07 09 13:30 14:29 61 1111 0073 10.84 1 1220 1 20140801102654 00034
00000026 2012 07 16 11:30 12:29 61 1111 0073 10.84 1 1220 1 20140801102847 00034
00000026 2012 07 16 13:30 14:29 61 1111 0073 10.84 1 1220 1 20140801102654 00034
00000026 2012 08 01 10:45 11:44 61 1111 0073 10.84 1 1220 1 20140801104123 00034
00000026 2012 08 08 10:45 11:44 61 1111 0073 10.84 1 1220 1 20140801104123 00034
00000026 2012 08 15 10:45 11:44 61 1111 0073 10.84 1 1220 1 20140801104123 00034
00000026 2012 08 22 10:45 11:44 61 1111 0073 10.84 1 1220 1 20140801104123 00034
00000026 2012 08 29 10:45 11:44 61 1111 0073 10.84 1 1220 1 20140801104123 00034
00000026 2012 09 05 10:45 11:44 61 1111 0073 10.84 1 1220 1 20140801104818 00034
00000026 2012 09 12 10:45 11:44 61 1111 0073 10.84 1 1220 1 20140801104818 00034
00000026 2012 09 19 10:45 11:44 61 1111 0073 10.84 1 1220 1 20140801104818 00034
00000026 2012 09 26 10:45 11:44 61 1111 0073 10.84 1 1220 1 20140801104818 00034
00000026 2012 10 03 10:45 11:44 61 1111 0073 10.84 1 1220 1 20140801105444 00034
00000026 2012 10 10 10:45 11:29 61 1111 0073 10.84 1 1220 1 20140801105444 00034
00000026 2012 10 17 13:00 13:59 61 1111 0073 10.84 1 1220 1 20140801105444 00034
00000026 2012 10 24 10:45 11:44 61 1111 0073 10.84 1 1220 1 20140801105444 00034
00000026 2012 10 31 10:45 11:44 61 1111 0073 10.84 1 1220 1 20140801105444 00034
00000026 2012 11 07 10:45 11:44 61 1111 0073 10.84 1 1220 1 20140801110756 00034
00000026 2012 11 14 10:45 11:44 61 1111 0073 10.84 1 1220 1 20140801110756 00034
00000026 2012 11 21 10:45 11:44 61 1111 0073 10.84 1 1220 1 20140801110756 00034
00000026 2012 11 28 10:45 11:44 61 1111 0073 10.84 1 1220 1 20140801110756 00034
00000026 2012 12 05 10:45 11:44 61 1111 0073 10.84 1 1220 1 20140801112526 00034
00000026 2012 12 29 10:45 11:44 61 1111 0073 10.84 1 1220 1 20140801112526 00034
00000026 2013 01 08 13:45 14:44 61 1111 0073 10.84 1 1220 1 20140718153953 00034
00000026 2013 01 16 11:00 11:59 61 1111 0073 10.84 1 1220 1 20140718153953 00034
00000026 2013 01 23 11:00 11:59 61 1111 0073 10.84 1 1220 1 20140718153953 00034
00000026 2013 01 30 11:00 11:59 61 1111 0073 10.84 1 1220 1 20140718153953 00034
00000026 2013 02 04 13:30 14:29 61 1111 0073 10.84 1 1220 1 20140718160421 00034
00000026 2013 02 11 13:30 14:29 61 1111 0073 10.84 1 1220 1 20140718160421 00034
00000026 2013 02 18 13:30 14:29 61 1111 0073 10.84 1 1220 1 20140718160421 00034
00000026 2013 02 25 13:30 14:29 61 1111 0073 10.84 1 1220 1 20140718160421 00034
00000026 2013 03 04 13:30 14:29 61 1111 0073 10.84 1 1220 1 20140718161119 00034
00000026 2013 03 11 13:30 14:29 61 1111 0073 10.84 1 1220 1 20140718161119 00034
00000026 2013 03 18 13:30 14:29 61 1111 0073 10.84 1 1220 1 20140718161119 00034
00000026 2013 03 25 13:30 14:29 61 1111 0073 10.84 1 1220 1 20140718161119 00034
00000026 2013 05 27 13:30 14:29 11 7311 0070 10.84 1 235 1 20140718161951 00034
00000026 2013 06 02 11:15 12:14 11 7311 0070 10.84 1 235 1 20140718162545 00034
00000026 2013 06 10 13:30 14:29 11 7311 0070 10.84 1 235 1 20140718162545 00034
00000026 2013 06 17 13:30 14:29 11 7311 0070 10.84 1 235 1 20140718162545 00034
00000026 2013 06 24 13:30 14:29 11 7311 0070 10.84 1 235 1 20140718162545 00034
00000026 2013 07 01 13:30 14:30 11 7311 0070 10.84 1 235 1 20140718163011 00034
00000026 2013 07 08 13:30 14:30 11 7311 0070 10.84 1 235 1 20140718163011 00034
00000026 2013 07 15 13:30 14:30 11 7311 0070 10.84 1 235 1 20140718163011 00034
00000026 2013 07 22 13:30 14:30 11 7311 0070 10.84 1 235 1 20140718163011 00034
00000026 2013 07 29 13:30 14:30 11 7311 0070 10.84 1 235 1 20140718163011 00034
00000026 2013 08 05 13:30 14:29 11 7311 0070 10.84 1 235 1 20140718164140 00034
00000026 2013 08 12 13:30 14:29 11 7311 0070 10.84 1 235 1 20140718164140 00034
00000026 2013 08 19 13:30 14:29 11 7311 0070 10.84 1 235 1 20140718164140 00034
00000026 2013 08 26 13:30 14:29 11 7311 0070 10.84 1 235 1 20140718164140 00034
00000026 2013 09 02 13:30 14:30 11 7311 0070 10.84 1 235 1 20140625154029 00034
00000026 2013 09 09 13:30 14:30 11 7311 0070 10.84 1 235 1 20140625154029 00034
00000026 2013 09 16 13:30 14:30 11 7311 0070 10.84 1 235 1 20140625154029 00034
00000026 2013 09 23 13:30 14:30 11 7311 0070 10.84 1 235 1 20140625154029 00034
00000026 2013 09 30 13:30 14:30 11 7311 0070 10.84 1 235 1 20140625154029 00034
00000026 2013 10 07 13:30 14:30 11 7311 0070 10.84 1 235 1 20140625154615 00034
00000026 2013 10 14 13:30 14:30 11 7311 0070 10.84 1 235 1 20140625154615 00034
00000026 2013 10 21 13:30 14:30 11 7311 0070 10.84 1 235 1 20140625154615 00034
00000026 2013 10 28 13:30 14:30 11 7311 0070 10.84 1 235 1 20140625154615 00034
00000026 2013 11 04 13:30 14:30 11 7311 0070 10.84 1 235 1 20140625155030 00034
00000026 2013 11 11 13:30 14:30 11 7311 0070 10.84 1 235 1 20140625155030 00034
00000026 2013 11 18 13:30 14:30 11 7311 0070 10.84 1 235 1 20140625155030 00034
00000026 2013 11 25 13:30 14:30 11 7311 0070 10.84 1 235 1 20140625155030 00034
00000026 2013 12 02 13:30 14:30 11 7311 0070 10.84 1 235 1 20140625155507 00034
00000026 2013 12 09 13:30 14:30 11 7311 0070 10.84 1 235 1 20140625155507 00034
00000026 2013 12 16 13:30 14:30 11 7311 0070 10.84 1 235 1 20140625155507 00034
00000026 2013 12 23 13:30 14:30 11 7311 0070 10.84 1 235 1 20140625155507 00034
00000026 2013 12 30 13:30 14:30 11 7311 0070 10.84 1 235 1 20140625155507 00034
00000026 2014 01 06 13:30 14:30 11 7311 0070 10.84 1 235 1 20140611133739 00034
00000026 2014 01 13 13:30 14:30 11 7311 0070 10.84 1 235 1 20140611133739 00034
00000026 2014 01 20 13:30 14:30 11 7311 0070 10.84 1 235 1 20140611133739 00034
00000026 2014 01 28 13:30 14:30 11 7311 0070 10.84 1 235 1 20140611133739 00034
00000026 2014 02 07 14:00 15:00 11 7311 0070 10.84 1 235 1 20140611135647 00034
00000026 2014 02 10 13:30 14:30 11 7311 0070 10.84 1 235 1 20140611135647 00034
00000026 2014 02 17 13:30 14:30 11 7311 0070 10.84 1 235 1 20140611135647 00034
00000026 2014 02 24 13:30 14:30 11 7311 0070 10.84 1 235 1 20140611135647 00034
00000026 2014 03 03 13:30 14:30 11 7311 0070 10.84 1 235 1 20140611141324 00034
00000026 2014 03 10 13:30 14:30 11 7311 0070 10.84 1 235 1 20140611141324 00034
00000026 2014 03 17 13:30 14:30 11 7311 0070 10.84 1 235 1 20140611141324 00034
00000026 2014 03 24 13:30 14:30 11 7311 0070 10.84 1 235 1 20140611141324 00034
00000026 2014 03 31 13:30 14:30 11 7311 0070 10.84 1 235 1 20140611141324 00034
00000026 2014 04 07 13:30 14:30 11 7311 0070 10.84 1 236 1 20140611142032 00034
00000026 2014 04 14 13:30 14:30 11 7311 0070 10.84 1 236 1 20140611142032 00034
00000026 2014 04 21 13:30 14:30 11 7311 0070 10.84 1 236 1 20140611142032 00034
00000026 2014 04 28 13:30 14:30 11 7311 0070 10.84 1 236 1 20140611142032 00034
00000026 2014 05 05 13:30 14:30 61 1111 0073 10.84 1 1226 1 20140815162530 00034
00000026 2014 05 12 13:30 14:30 61 1111 0073 10.84 1 1226 1 20140815162530 00034
00000026 2014 05 19 13:30 14:30 61 1111 0073 10.84 1 1226 1 20140815162530 00034
00000026 2014 05 26 13:30 14:30 61 1111 0073 10.84 1 1226 1 20140815162530 00034
