00000212 0107 2014 06 0000002 04 00050 _ 13:00 14:00 _ _ 0 1111 1 61 1 20140701132200 00049
00000212 0107 2014 06 0000003 11 00051 _ 13:00 14:00 _ _ 0 1111 1 61 1 20140701132200 00049
00000212 0107 2014 06 0000004 18 00052 _ 13:00 14:00 _ _ 0 1111 1 61 1 20140701132200 00049
00000212 0107 2014 06 0000005 25 00051 _ 13:00 14:00 _ _ 0 1111 1 61 1 20140701132200 00049
00000212 0107 2014 07 0000006 02 00051 _ 13:00 13:59 _ _ 0 1111 1 61 1 20140802130549 00047
00000212 0107 2014 07 0000007 09 00050 _ 13:00 13:59 _ _ 0 1111 1 61 1 20140802130549 00047
00000212 0107 2014 07 0000008 16 00050 _ 13:00 13:59 _ _ 0 1111 1 61 1 20140802130549 00047
00000212 0107 2014 07 0000009 23 _ _ _ _ _ _ 0 _ 1 61 9 20140724164359 00049
00000212 0107 2014 07 0000010 30 00050 _ 13:00 13:59 _ _ 0 1111 1 61 1 20140802130549 00047
00000212 0107 2014 08 0000011 06 00048 _ 13:00 13:59 _ _ 0 1111 1 61 1 20140808084510 00049
00000212 0107 2014 08 0000012 13 _ _ 13:00 13:59 _ _ 0 1111 1 61 1 20140808084510 00049
00000212 0107 2014 08 0000013 20 _ _ 13:00 13:59 _ _ 0 1111 1 61 1 20140808084510 00049
00000212 0107 2014 08 0000014 27 _ _ 13:00 13:59 _ _ 0 1111 1 61 1 20140808084510 00049
