000000672012111 00000067 2012 11 02 13 1521 1 10:30 11:29 0017 1 284 0 _ _ 1 20140808101717 24
000000672012111 00000067 2012 11 05 13 1521 1 10:30 11:29 0017 1 284 0 _ _ 1 20140808101717 24
000000672012111 00000067 2012 11 09 13 1521 1 10:30 11:29 0017 1 284 0 _ _ 1 20140808101717 24
000000672012111 00000067 2012 11 13 13 1521 1 10:30 11:29 0017 1 284 0 _ _ 1 20140808101717 24
000000672012111 00000067 2012 11 16 13 1521 1 10:30 11:29 0017 1 284 0 _ _ 1 20140808101717 24
000000672012111 00000067 2012 11 20 13 1521 1 10:30 11:29 0017 1 284 0 _ _ 1 20140808101717 24
000000672012111 00000067 2012 11 23 13 1521 1 10:30 11:29 0017 1 284 0 _ _ 1 20140808101717 24
000000672012111 00000067 2012 11 28 13 1521 1 10:30 11:29 0017 1 284 0 _ _ 1 20140808101717 24
000000672012111 00000067 2012 11 30 13 1521 1 10:30 11:29 0017 1 284 0 _ _ 1 20140808101717 24
000000672012112 00000067 2012 11 02 13 6101 1 _ _ 0017 1 6 0 _ _ 1 20140808101717 24
000000672012112 00000067 2012 11 05 13 6101 1 _ _ 0017 1 6 0 _ _ 1 20140808101717 24
000000672012112 00000067 2012 11 09 13 6101 1 _ _ 0017 1 6 0 _ _ 1 20140808101717 24
000000672012112 00000067 2012 11 13 13 6101 1 _ _ 0017 1 6 0 _ _ 1 20140808101717 24
000000672012112 00000067 2012 11 16 13 6101 1 _ _ 0017 1 6 0 _ _ 1 20140808101717 24
000000672012112 00000067 2012 11 20 13 6101 1 _ _ 0017 1 6 0 _ _ 1 20140808101717 24
000000672012112 00000067 2012 11 23 13 6101 1 _ _ 0017 1 6 0 _ _ 1 20140808101717 24
000000672012112 00000067 2012 11 28 13 6101 1 _ _ 0017 1 6 0 _ _ 1 20140808101717 24
000000672012112 00000067 2012 11 30 13 6101 1 _ _ 0017 1 6 0 _ _ 1 20140808101717 24
000000672012113 00000067 2012 11 01 17 1007 1 _ _ 0065 1 400 0 _ _ 1 20140808101717 24
000000672012114 00000067 2012 11 01 17 1009 1 _ _ 0065 1 300 0 _ _ 1 20140808101717 24
000000672012121 00000067 2012 12 04 13 1521 1 10:30 11:29 0017 1 284 0 _ _ 1 20140808102625 24
000000672012121 00000067 2012 12 07 13 1521 1 10:30 11:29 0017 1 284 0 _ _ 1 20140808102625 24
000000672012121 00000067 2012 12 11 13 1521 1 10:30 11:29 0017 1 284 0 _ _ 1 20140808102625 24
000000672012121 00000067 2012 12 14 13 1521 1 10:30 11:29 0017 1 284 0 _ _ 1 20140808102625 24
000000672012121 00000067 2012 12 18 13 1521 1 10:30 11:29 0017 1 284 0 _ _ 1 20140808102625 24
000000672012121 00000067 2012 12 21 13 1521 1 10:30 11:29 0017 1 284 0 _ _ 1 20140808102625 24
000000672012121 00000067 2012 12 25 13 1521 1 10:30 11:29 0017 1 284 0 _ _ 1 20140808102625 24
000000672012121 00000067 2012 12 28 13 1521 1 10:30 11:29 0017 1 284 0 _ _ 1 20140808102625 24
000000672012122 00000067 2012 12 04 13 6101 1 _ _ 0017 1 6 0 _ _ 1 20140808102625 24
000000672012122 00000067 2012 12 07 13 6101 1 _ _ 0017 1 6 0 _ _ 1 20140808102625 24
000000672012122 00000067 2012 12 11 13 6101 1 _ _ 0017 1 6 0 _ _ 1 20140808102625 24
000000672012122 00000067 2012 12 14 13 6101 1 _ _ 0017 1 6 0 _ _ 1 20140808102625 24
000000672012122 00000067 2012 12 18 13 6101 1 _ _ 0017 1 6 0 _ _ 1 20140808102625 24
000000672012122 00000067 2012 12 21 13 6101 1 _ _ 0017 1 6 0 _ _ 1 20140808102625 24
000000672012122 00000067 2012 12 25 13 6101 1 _ _ 0017 1 6 0 _ _ 1 20140808102625 24
000000672012122 00000067 2012 12 28 13 6101 1 _ _ 0017 1 6 0 _ _ 1 20140808102625 24
000000672012123 00000067 2012 12 01 17 1001 1 _ _ 0065 1 700 0 _ _ 1 20140808102625 24
000000672012124 00000067 2012 12 01 17 1002 1 _ _ 0065 1 50 0 _ _ 1 20140808102625 24
000000672012125 00000067 2012 12 01 17 1007 1 _ _ 0065 1 400 0 _ _ 1 20140808102625 24
000000672012126 00000067 2012 12 01 17 1009 1 _ _ 0065 1 150 0 _ _ 1 20140808102625 24
000000672013011 00000067 2013 01 08 13 1521 1 10:30 11:29 0017 1 284 0 _ _ 1 20140724144730 24
000000672013011 00000067 2013 01 11 13 1521 1 10:30 11:29 0017 1 284 0 _ _ 1 20140724144730 24
000000672013011 00000067 2013 01 15 13 1521 1 10:30 11:29 0017 1 284 0 _ _ 1 20140724144730 24
000000672013011 00000067 2013 01 18 13 1521 1 10:30 11:29 0017 1 284 0 _ _ 1 20140724144730 24
000000672013011 00000067 2013 01 22 13 1521 1 10:30 11:29 0017 1 284 0 _ _ 1 20140724144730 24
000000672013011 00000067 2013 01 25 13 1521 1 10:30 11:29 0017 1 284 0 _ _ 1 20140724144730 24
000000672013011 00000067 2013 01 29 13 1521 1 10:30 11:29 0017 1 284 0 _ _ 1 20140724144730 24
000000672013012 00000067 2013 01 08 13 6101 1 _ _ 0017 1 6 0 _ _ 1 20140724144730 24
000000672013012 00000067 2013 01 11 13 6101 1 _ _ 0017 1 6 0 _ _ 1 20140724144730 24
000000672013012 00000067 2013 01 15 13 6101 1 _ _ 0017 1 6 0 _ _ 1 20140724144730 24
000000672013012 00000067 2013 01 18 13 6101 1 _ _ 0017 1 6 0 _ _ 1 20140724144730 24
000000672013012 00000067 2013 01 22 13 6101 1 _ _ 0017 1 6 0 _ _ 1 20140724144730 24
000000672013012 00000067 2013 01 25 13 6101 1 _ _ 0017 1 6 0 _ _ 1 20140724144730 24
000000672013012 00000067 2013 01 29 13 6101 1 _ _ 0017 1 6 0 _ _ 1 20140724144730 24
000000672013013 00000067 2013 01 15 11 4001 1 09:50 10:29 0070 1 200 0 _ _ 1 20140724144730 24
000000672013014 00000067 2013 01 15 11 7211 1 09:50 10:29 0070 1 190 0 _ _ 1 20140724144730 24
000000672013014 00000067 2013 01 22 11 7211 1 09:50 10:29 0070 1 190 0 _ _ 1 20140724144730 24
000000672013014 00000067 2013 01 29 11 7211 1 09:50 10:29 0070 1 190 0 _ _ 1 20140724144730 24
000000672013015 00000067 2013 01 01 17 1001 1 _ _ 0065 1 700 0 _ _ 1 20140724144730 24
000000672013016 00000067 2013 01 01 17 1003 1 _ _ 0065 1 1000 0 _ _ 1 20140724144730 24
000000672013017 00000067 2013 01 01 17 1004 1 _ _ 0065 1 100 0 _ _ 1 20140724144730 24
000000672013018 00000067 2013 01 01 17 1004 1 _ _ 0065 1 30 0 _ _ 1 20140724144730 24
000000672013019 00000067 2013 01 01 17 1004 1 _ _ 0065 1 300 0 _ _ 1 20140724144730 24
000000672013021 00000067 2013 02 01 13 1521 1 10:30 11:29 0017 1 284 0 _ _ 1 20140724145745 24
000000672013021 00000067 2013 02 05 13 1521 1 10:30 11:29 0017 1 284 0 _ _ 1 20140724145745 24
000000672013021 00000067 2013 02 08 13 1521 1 10:30 11:29 0017 1 284 0 _ _ 1 20140724145745 24
000000672013021 00000067 2013 02 12 13 1521 1 10:30 11:29 0017 1 284 0 _ _ 1 20140724145745 24
000000672013021 00000067 2013 02 15 13 1521 1 10:30 11:29 0017 1 284 0 _ _ 1 20140724145745 24
000000672013021 00000067 2013 02 19 13 1521 1 10:30 11:29 0017 1 284 0 _ _ 1 20140724145745 24
000000672013021 00000067 2013 02 22 13 1521 1 10:30 11:29 0017 1 284 0 _ _ 1 20140724145745 24
000000672013021 00000067 2013 02 26 13 1521 1 10:30 11:29 0017 1 284 0 _ _ 1 20140724145745 24
000000672013022 00000067 2013 02 01 13 6101 1 _ _ 0017 1 6 0 _ _ 1 20140724145745 24
000000672013022 00000067 2013 02 05 13 6101 1 _ _ 0017 1 6 0 _ _ 1 20140724145745 24
000000672013022 00000067 2013 02 08 13 6101 1 _ _ 0017 1 6 0 _ _ 1 20140724145745 24
000000672013022 00000067 2013 02 12 13 6101 1 _ _ 0017 1 6 0 _ _ 1 20140724145745 24
000000672013022 00000067 2013 02 15 13 6101 1 _ _ 0017 1 6 0 _ _ 1 20140724145745 24
000000672013022 00000067 2013 02 19 13 6101 1 _ _ 0017 1 6 0 _ _ 1 20140724145745 24
000000672013022 00000067 2013 02 22 13 6101 1 _ _ 0017 1 6 0 _ _ 1 20140724145745 24
000000672013022 00000067 2013 02 26 13 6101 1 _ _ 0017 1 6 0 _ _ 1 20140724145745 24
000000672013023 00000067 2013 02 05 11 7211 1 09:50 10:29 0070 1 190 0 _ _ 1 20140724145745 24
000000672013023 00000067 2013 02 12 11 7211 1 09:50 10:29 0070 1 190 0 _ _ 1 20140724145745 24
000000672013023 00000067 2013 02 19 11 7211 1 09:50 10:29 0070 1 190 0 _ _ 1 20140724145745 24
000000672013023 00000067 2013 02 26 11 7211 1 09:50 10:29 0070 1 190 0 _ _ 1 20140724145745 24
000000672013024 00000067 2013 02 01 17 1001 1 _ _ 0065 1 700 0 _ _ 1 20140724145745 24
000000672013025 00000067 2013 02 01 17 1003 1 _ _ 0065 1 1000 0 _ _ 1 20140724145745 24
000000672013026 00000067 2013 02 01 17 1004 1 _ _ 0065 1 100 0 _ _ 1 20140724145745 24
000000672013027 00000067 2013 02 01 17 1004 1 _ _ 0065 1 30 0 _ _ 1 20140724145745 24
000000672013028 00000067 2013 02 01 17 1004 1 _ _ 0065 1 300 0 _ _ 1 20140724145745 24
000000672013029 00000067 2013 02 01 17 1007 1 _ _ 0065 1 400 0 _ _ 1 20140724145745 24
000000672013031 00000067 2013 03 01 13 1521 1 10:30 11:29 0017 1 284 0 _ _ 1 20140724151752 24
000000672013031 00000067 2013 03 05 13 1521 1 10:30 11:29 0017 1 284 0 _ _ 1 20140724151752 24
000000672013031 00000067 2013 03 08 13 1521 1 10:30 11:29 0017 1 284 0 _ _ 1 20140724151752 24
000000672013031 00000067 2013 03 13 13 1521 1 10:30 11:29 0017 1 284 0 _ _ 1 20140724151752 24
000000672013031 00000067 2013 03 15 13 1521 1 10:30 11:29 0017 1 284 0 _ _ 1 20140724151752 24
000000672013031 00000067 2013 03 19 13 1521 1 10:30 11:29 0017 1 284 0 _ _ 1 20140724151752 24
000000672013031 00000067 2013 03 22 13 1521 1 10:30 11:29 0017 1 284 0 _ _ 1 20140724151752 24
000000672013031 00000067 2013 03 26 13 1521 1 10:30 11:29 0017 1 284 0 _ _ 1 20140724151752 24
000000672013031 00000067 2013 03 29 13 1521 1 10:30 11:29 0017 1 284 0 _ _ 1 20140724151752 24
000000672013032 00000067 2013 03 01 13 6101 1 _ _ 0017 1 6 0 _ _ 1 20140724151752 24
000000672013032 00000067 2013 03 05 13 6101 1 _ _ 0017 1 6 0 _ _ 1 20140724151752 24
000000672013032 00000067 2013 03 08 13 6101 1 _ _ 0017 1 6 0 _ _ 1 20140724151752 24
000000672013032 00000067 2013 03 13 13 6101 1 _ _ 0017 1 6 0 _ _ 1 20140724151752 24
000000672013032 00000067 2013 03 15 13 6101 1 _ _ 0017 1 6 0 _ _ 1 20140724151752 24
000000672013032 00000067 2013 03 19 13 6101 1 _ _ 0017 1 6 0 _ _ 1 20140724151752 24
000000672013032 00000067 2013 03 22 13 6101 1 _ _ 0017 1 6 0 _ _ 1 20140724151752 24
000000672013032 00000067 2013 03 26 13 6101 1 _ _ 0017 1 6 0 _ _ 1 20140724151752 24
000000672013032 00000067 2013 03 29 13 6101 1 _ _ 0017 1 6 0 _ _ 1 20140724151752 24
000000672013033 00000067 2013 03 01 11 7211 1 09:35 10:15 0070 1 190 0 _ _ 1 20140724151752 24
000000672013034 00000067 2013 03 04 11 7211 1 09:50 10:29 0070 1 190 0 _ _ 1 20140724151752 24
000000672013034 00000067 2013 03 05 11 7211 1 09:50 10:29 0070 1 190 0 _ _ 1 20140724151752 24
000000672013034 00000067 2013 03 08 11 7211 1 09:50 10:29 0070 1 190 0 _ _ 1 20140724151752 24
000000672013034 00000067 2013 03 12 11 7211 1 09:50 10:29 0070 1 190 0 _ _ 1 20140724151752 24
000000672013034 00000067 2013 03 19 11 7211 1 09:50 10:29 0070 1 190 0 _ _ 1 20140724151752 24
000000672013034 00000067 2013 03 26 11 7211 1 09:50 10:29 0070 1 190 0 _ _ 1 20140724151752 24
000000672013035 00000067 2013 03 01 17 1001 1 _ _ 0065 1 350 0 _ _ 1 20140724151752 24
000000672013036 00000067 2013 03 01 17 1001 1 _ _ 0065 1 400 0 _ _ 1 20140724151752 24
000000672013037 00000067 2013 03 01 17 1002 1 _ _ 0065 1 50 0 _ _ 1 20140724151752 24
000000672013038 00000067 2013 03 01 17 1003 1 _ _ 0065 1 1000 0 _ _ 1 20140724151752 24
000000672013039 00000067 2013 03 01 17 1004 1 _ _ 0065 1 100 0 _ _ 1 20140724151752 24
000000672013041 00000067 2013 04 02 13 1521 _ 10:30 11:29 0017 1 284 0 _ _ 1 20140724153343 24
000000672013041 00000067 2013 04 05 13 1521 _ 10:30 11:29 0017 1 284 0 _ _ 1 20140724153343 24
000000672013041 00000067 2013 04 09 13 1521 _ 10:30 11:29 0017 1 284 0 _ _ 1 20140724153343 24
000000672013041 00000067 2013 04 12 13 1521 _ 10:30 11:29 0017 1 284 0 _ _ 1 20140724153343 24
000000672013041 00000067 2013 04 16 13 1521 _ 10:30 11:29 0017 1 284 0 _ _ 1 20140724153343 24
000000672013041 00000067 2013 04 19 13 1521 _ 10:30 11:29 0017 1 284 0 _ _ 1 20140724153343 24
000000672013041 00000067 2013 04 24 13 1521 _ 10:30 11:29 0017 1 284 0 _ _ 1 20140724153343 24
000000672013041 00000067 2013 04 26 13 1521 _ 10:30 11:29 0017 1 284 0 _ _ 1 20140724153343 24
000000672013041 00000067 2013 04 30 13 1521 _ 10:30 11:29 0017 1 284 0 _ _ 1 20140724153343 24
000000672013042 00000067 2013 04 02 13 6101 _ _ _ 0017 1 6 0 _ _ 1 20140724153343 24
000000672013042 00000067 2013 04 05 13 6101 _ _ _ 0017 1 6 0 _ _ 1 20140724153343 24
000000672013042 00000067 2013 04 09 13 6101 _ _ _ 0017 1 6 0 _ _ 1 20140724153343 24
000000672013042 00000067 2013 04 12 13 6101 _ _ _ 0017 1 6 0 _ _ 1 20140724153343 24
000000672013042 00000067 2013 04 16 13 6101 _ _ _ 0017 1 6 0 _ _ 1 20140724153343 24
000000672013042 00000067 2013 04 19 13 6101 _ _ _ 0017 1 6 0 _ _ 1 20140724153343 24
000000672013042 00000067 2013 04 24 13 6101 _ _ _ 0017 1 6 0 _ _ 1 20140724153343 24
000000672013042 00000067 2013 04 26 13 6101 _ _ _ 0017 1 6 0 _ _ 1 20140724153343 24
000000672013042 00000067 2013 04 30 13 6101 _ _ _ 0017 1 6 0 _ _ 1 20140724153343 24
000000672013043 00000067 2013 04 02 11 7211 _ 09:50 10:29 0070 1 190 0 _ _ 1 20140724153343 24
000000672013043 00000067 2013 04 09 11 7211 _ 09:50 10:29 0070 1 190 0 _ _ 1 20140724153343 24
000000672013043 00000067 2013 04 16 11 7211 _ 09:50 10:29 0070 1 190 0 _ _ 1 20140724153343 24
000000672013043 00000067 2013 04 23 11 7211 _ 09:50 10:29 0070 1 190 0 _ _ 1 20140724153343 24
000000672013043 00000067 2013 04 30 11 7211 _ 09:50 10:29 0070 1 190 0 _ _ 1 20140724153343 24
000000672013044 00000067 2013 04 01 17 1001 _ _ _ 0065 1 800 0 _ _ 1 20140724153343 24
000000672013045 00000067 2013 04 01 17 1002 _ _ _ 0065 1 100 0 _ _ 1 20140724153343 24
000000672013046 00000067 2013 04 01 17 1003 _ _ _ 0065 1 1000 0 _ _ 1 20140724153343 24
000000672013047 00000067 2013 04 01 17 1004 _ _ _ 0065 1 100 0 _ _ 1 20140724153343 24
000000672013048 00000067 2013 04 01 17 1004 _ _ _ 0065 1 30 0 _ _ 1 20140724153343 24
000000672013049 00000067 2013 04 01 17 1004 _ _ _ 0065 1 300 0 _ _ 1 20140724153343 24
000000672013051 00000067 2013 05 03 13 1521 1 10:30 11:29 0017 1 284 0 _ _ 1 20140724154218 24
000000672013051 00000067 2013 05 07 13 1521 1 10:30 11:29 0017 1 284 0 _ _ 1 20140724154218 24
000000672013051 00000067 2013 05 10 13 1521 1 10:30 11:29 0017 1 284 0 _ _ 1 20140724154218 24
000000672013051 00000067 2013 05 14 13 1521 1 10:30 11:29 0017 1 284 0 _ _ 1 20140724154218 24
000000672013051 00000067 2013 05 17 13 1521 1 10:30 11:29 0017 1 284 0 _ _ 1 20140724154218 24
000000672013051 00000067 2013 05 21 13 1521 1 10:30 11:29 0017 1 284 0 _ _ 1 20140724154218 24
000000672013051 00000067 2013 05 23 13 1521 1 10:30 11:29 0017 1 284 0 _ _ 1 20140724154218 24
000000672013051 00000067 2013 05 28 13 1521 1 10:30 11:29 0017 1 284 0 _ _ 1 20140724154218 24
000000672013051 00000067 2013 05 31 13 1521 1 10:30 11:29 0017 1 284 0 _ _ 1 20140724154218 24
000000672013052 00000067 2013 05 03 13 6101 1 _ _ 0017 1 6 0 _ _ 1 20140724154218 24
000000672013052 00000067 2013 05 07 13 6101 1 _ _ 0017 1 6 0 _ _ 1 20140724154218 24
000000672013052 00000067 2013 05 10 13 6101 1 _ _ 0017 1 6 0 _ _ 1 20140724154218 24
000000672013052 00000067 2013 05 14 13 6101 1 _ _ 0017 1 6 0 _ _ 1 20140724154218 24
000000672013052 00000067 2013 05 17 13 6101 1 _ _ 0017 1 6 0 _ _ 1 20140724154218 24
000000672013052 00000067 2013 05 21 13 6101 1 _ _ 0017 1 6 0 _ _ 1 20140724154218 24
000000672013052 00000067 2013 05 23 13 6101 1 _ _ 0017 1 6 0 _ _ 1 20140724154218 24
000000672013052 00000067 2013 05 28 13 6101 1 _ _ 0017 1 6 0 _ _ 1 20140724154218 24
000000672013052 00000067 2013 05 31 13 6101 1 _ _ 0017 1 6 0 _ _ 1 20140724154218 24
000000672013053 00000067 2013 05 07 11 7211 1 09:50 10:29 0070 1 190 0 _ _ 1 20140724154218 24
000000672013053 00000067 2013 05 14 11 7211 1 09:50 10:29 0070 1 190 0 _ _ 1 20140724154218 24
000000672013053 00000067 2013 05 21 11 7211 1 09:50 10:29 0070 1 190 0 _ _ 1 20140724154218 24
000000672013053 00000067 2013 05 28 11 7211 1 09:50 10:29 0070 1 190 0 _ _ 1 20140724154218 24
000000672013054 00000067 2013 05 23 11 7211 1 14:00 14:40 0070 1 190 0 _ _ 1 20140724154218 24
000000672013055 00000067 2013 05 01 17 1001 1 _ _ 0065 1 800 0 _ _ 1 20140724154218 24
000000672013056 00000067 2013 05 01 17 1002 1 _ _ 0065 1 100 0 _ _ 1 20140724154218 24
000000672013057 00000067 2013 05 01 17 1003 1 _ _ 0065 1 1000 0 _ _ 1 20140724154218 24
000000672013061 00000067 2013 06 04 13 1521 1 10:30 11:29 0017 1 284 0 _ _ 1 20140724155214 24
000000672013061 00000067 2013 06 07 13 1521 1 10:30 11:29 0017 1 284 0 _ _ 1 20140724155214 24
000000672013061 00000067 2013 06 11 13 1521 1 10:30 11:29 0017 1 284 0 _ _ 1 20140724155214 24
000000672013061 00000067 2013 06 14 13 1521 1 10:30 11:29 0017 1 284 0 _ _ 1 20140724155214 24
000000672013061 00000067 2013 06 18 13 1521 1 10:30 11:29 0017 1 284 0 _ _ 1 20140724155214 24
000000672013061 00000067 2013 06 21 13 1521 1 10:30 11:29 0017 1 284 0 _ _ 1 20140724155214 24
000000672013061 00000067 2013 06 25 13 1521 1 10:30 11:29 0017 1 284 0 _ _ 1 20140724155214 24
000000672013061 00000067 2013 06 28 13 1521 1 10:30 11:29 0017 1 284 0 _ _ 1 20140724155214 24
000000672013062 00000067 2013 06 04 13 6101 1 _ _ 0017 1 6 0 _ _ 1 20140724155214 24
000000672013062 00000067 2013 06 07 13 6101 1 _ _ 0017 1 6 0 _ _ 1 20140724155214 24
000000672013062 00000067 2013 06 11 13 6101 1 _ _ 0017 1 6 0 _ _ 1 20140724155214 24
000000672013062 00000067 2013 06 14 13 6101 1 _ _ 0017 1 6 0 _ _ 1 20140724155214 24
000000672013062 00000067 2013 06 18 13 6101 1 _ _ 0017 1 6 0 _ _ 1 20140724155214 24
000000672013062 00000067 2013 06 21 13 6101 1 _ _ 0017 1 6 0 _ _ 1 20140724155214 24
000000672013062 00000067 2013 06 25 13 6101 1 _ _ 0017 1 6 0 _ _ 1 20140724155214 24
000000672013062 00000067 2013 06 28 13 6101 1 _ _ 0017 1 6 0 _ _ 1 20140724155214 24
000000672013063 00000067 2013 06 04 11 7211 1 09:50 10:29 0070 1 190 0 _ _ 1 20140724155214 24
000000672013063 00000067 2013 06 11 11 7211 1 09:50 10:29 0070 1 190 0 _ _ 1 20140724155214 24
000000672013063 00000067 2013 06 18 11 7211 1 09:50 10:29 0070 1 190 0 _ _ 1 20140724155214 24
000000672013063 00000067 2013 06 25 11 7211 1 09:50 10:29 0070 1 190 0 _ _ 1 20140724155214 24
000000672013064 00000067 2013 06 01 17 1001 1 _ _ 0065 1 800 0 _ _ 1 20140724155214 24
000000672013065 00000067 2013 06 01 17 1002 1 _ _ 0065 1 100 0 _ _ 1 20140724155214 24
000000672013066 00000067 2013 06 01 17 1003 1 _ _ 0065 1 1000 0 _ _ 1 20140724155214 24
000000672013067 00000067 2013 06 01 17 1004 1 _ _ 0065 1 100 0 _ _ 1 20140724155214 24
000000672013068 00000067 2013 06 01 17 1004 1 _ _ 0065 1 30 0 _ _ 1 20140724155214 24
000000672013069 00000067 2013 06 01 17 1004 1 _ _ 0065 1 300 0 _ _ 1 20140724155214 24
000000672013071 00000067 2013 07 02 13 1521 1 10:30 11:29 0017 1 284 0 _ _ 1 20140724160245 24
000000672013071 00000067 2013 07 05 13 1521 1 10:30 11:29 0017 1 284 0 _ _ 1 20140724160245 24
000000672013071 00000067 2013 07 09 13 1521 1 10:30 11:29 0017 1 284 0 _ _ 1 20140724160245 24
000000672013071 00000067 2013 07 12 13 1521 1 10:30 11:29 0017 1 284 0 _ _ 1 20140724160245 24
000000672013071 00000067 2013 07 16 13 1521 1 10:30 11:29 0017 1 284 0 _ _ 1 20140724160245 24
000000672013071 00000067 2013 07 19 13 1521 1 10:30 11:29 0017 1 284 0 _ _ 1 20140724160245 24
000000672013071 00000067 2013 07 23 13 1521 1 10:30 11:29 0017 1 284 0 _ _ 1 20140724160245 24
000000672013071 00000067 2013 07 26 13 1521 1 10:30 11:29 0017 1 284 0 _ _ 1 20140724160245 24
000000672013071 00000067 2013 07 30 13 1521 1 10:30 11:29 0017 1 284 0 _ _ 1 20140724160245 24
000000672013072 00000067 2013 07 02 13 6101 1 _ _ 0017 1 6 0 _ _ 1 20140724160245 24
000000672013072 00000067 2013 07 05 13 6101 1 _ _ 0017 1 6 0 _ _ 1 20140724160245 24
000000672013072 00000067 2013 07 09 13 6101 1 _ _ 0017 1 6 0 _ _ 1 20140724160245 24
000000672013072 00000067 2013 07 12 13 6101 1 _ _ 0017 1 6 0 _ _ 1 20140724160245 24
000000672013072 00000067 2013 07 16 13 6101 1 _ _ 0017 1 6 0 _ _ 1 20140724160245 24
000000672013072 00000067 2013 07 19 13 6101 1 _ _ 0017 1 6 0 _ _ 1 20140724160245 24
000000672013072 00000067 2013 07 23 13 6101 1 _ _ 0017 1 6 0 _ _ 1 20140724160245 24
000000672013072 00000067 2013 07 26 13 6101 1 _ _ 0017 1 6 0 _ _ 1 20140724160245 24
000000672013072 00000067 2013 07 30 13 6101 1 _ _ 0017 1 6 0 _ _ 1 20140724160245 24
000000672013073 00000067 2013 07 02 11 7211 1 09:50 10:29 0070 1 190 0 _ _ 1 20140724160245 24
000000672013073 00000067 2013 07 09 11 7211 1 09:50 10:29 0070 1 190 0 _ _ 1 20140724160245 24
000000672013073 00000067 2013 07 16 11 7211 1 09:50 10:29 0070 1 190 0 _ _ 1 20140724160245 24
000000672013073 00000067 2013 07 23 11 7211 1 09:50 10:29 0070 1 190 0 _ _ 1 20140724160245 24
000000672013073 00000067 2013 07 30 11 7211 1 09:50 10:29 0070 1 190 0 _ _ 1 20140724160245 24
000000672013074 00000067 2013 07 01 17 1001 1 _ _ 0065 1 800 0 _ _ 1 20140724160245 24
000000672013075 00000067 2013 07 01 17 1002 1 _ _ 0065 1 100 0 _ _ 1 20140724160245 24
000000672013076 00000067 2013 07 01 17 1003 1 _ _ 0065 1 1000 0 _ _ 1 20140724160245 24
000000672013077 00000067 2013 07 01 17 1004 1 _ _ 0065 1 100 0 _ _ 1 20140724160245 24
000000672013078 00000067 2013 07 01 17 1004 1 _ _ 0065 1 30 0 _ _ 1 20140724160245 24
000000672013079 00000067 2013 07 01 17 1004 1 _ _ 0065 1 300 0 _ _ 1 20140724160245 24
000000672013081 00000067 2013 08 02 13 1521 1 10:30 11:29 0017 1 284 0 _ _ 1 20140724161944 24
000000672013081 00000067 2013 08 06 13 1521 1 10:30 11:29 0017 1 284 0 _ _ 1 20140724161944 24
000000672013081 00000067 2013 08 09 13 1521 1 10:30 11:29 0017 1 284 0 _ _ 1 20140724161944 24
000000672013081 00000067 2013 08 13 13 1521 1 10:30 11:29 0017 1 284 0 _ _ 1 20140724161944 24
000000672013081 00000067 2013 08 16 13 1521 1 10:30 11:29 0017 1 284 0 _ _ 1 20140724161944 24
000000672013081 00000067 2013 08 20 13 1521 1 10:30 11:29 0017 1 284 0 _ _ 1 20140724161944 24
000000672013081 00000067 2013 08 23 13 1521 1 10:30 11:29 0017 1 284 0 _ _ 1 20140724161944 24
000000672013081 00000067 2013 08 27 13 1521 1 10:30 11:29 0017 1 284 0 _ _ 1 20140724161944 24
000000672013081 00000067 2013 08 30 13 1521 1 10:30 11:29 0017 1 284 0 _ _ 1 20140724161944 24
000000672013082 00000067 2013 08 02 13 6101 1 _ _ 0017 1 6 0 _ _ 1 20140724161944 24
000000672013082 00000067 2013 08 06 13 6101 1 _ _ 0017 1 6 0 _ _ 1 20140724161944 24
000000672013082 00000067 2013 08 09 13 6101 1 _ _ 0017 1 6 0 _ _ 1 20140724161944 24
000000672013082 00000067 2013 08 13 13 6101 1 _ _ 0017 1 6 0 _ _ 1 20140724161944 24
000000672013082 00000067 2013 08 16 13 6101 1 _ _ 0017 1 6 0 _ _ 1 20140724161944 24
000000672013082 00000067 2013 08 20 13 6101 1 _ _ 0017 1 6 0 _ _ 1 20140724161944 24
000000672013082 00000067 2013 08 23 13 6101 1 _ _ 0017 1 6 0 _ _ 1 20140724161944 24
000000672013082 00000067 2013 08 27 13 6101 1 _ _ 0017 1 6 0 _ _ 1 20140724161944 24
000000672013083 00000067 2013 08 06 11 7211 1 09:50 10:29 0070 1 190 0 _ _ 1 20140724161944 24
000000672013083 00000067 2013 08 13 11 7211 1 09:50 10:29 0070 1 190 0 _ _ 1 20140724161944 24
000000672013083 00000067 2013 08 20 11 7211 1 09:50 10:29 0070 1 190 0 _ _ 1 20140724161944 24
000000672013083 00000067 2013 08 27 11 7211 1 09:50 10:29 0070 1 190 0 _ _ 1 20140724161944 24
000000672013084 00000067 2013 08 01 17 1001 1 _ _ 0065 1 800 0 _ _ 1 20140724161944 24
000000672013085 00000067 2013 08 01 17 1002 1 _ _ 0065 1 100 0 _ _ 1 20140724161944 24
000000672013086 00000067 2013 08 01 17 1003 1 _ _ 0065 1 1000 0 _ _ 1 20140724161944 24
000000672013087 00000067 2013 08 01 17 1004 1 _ _ 0065 1 100 0 _ _ 1 20140724161944 24
000000672013088 00000067 2013 08 01 17 1004 1 _ _ 0065 1 30 0 _ _ 1 20140724161944 24
000000672013089 00000067 2013 08 01 17 1004 1 _ _ 0065 1 300 0 _ _ 1 20140724161944 24
000000672013091 00000067 2013 09 03 13 1521 1 10:30 11:29 0017 1 284 0 _ _ 1 20140626182928 24
000000672013091 00000067 2013 09 06 13 1521 1 10:30 11:29 0017 1 284 0 _ _ 1 20140626182928 24
000000672013091 00000067 2013 09 10 13 1521 1 10:30 11:29 0017 1 284 0 _ _ 1 20140626182928 24
000000672013091 00000067 2013 09 13 13 1521 1 10:30 11:29 0017 1 284 0 _ _ 1 20140626182928 24
000000672013091 00000067 2013 09 17 13 1521 1 10:30 11:29 0017 1 284 0 _ _ 1 20140626182928 24
000000672013091 00000067 2013 09 20 13 1521 1 10:30 11:29 0017 1 284 0 _ _ 1 20140626182928 24
000000672013091 00000067 2013 09 24 13 1521 1 10:30 11:29 0017 1 284 0 _ _ 1 20140626182928 24
000000672013091 00000067 2013 09 27 13 1521 1 10:30 11:29 0017 1 284 0 _ _ 1 20140626182928 24
000000672013092 00000067 2013 09 03 13 6101 1 _ _ 0017 1 6 0 _ _ 1 20140626182928 24
000000672013092 00000067 2013 09 06 13 6101 1 _ _ 0017 1 6 0 _ _ 1 20140626182928 24
000000672013092 00000067 2013 09 10 13 6101 1 _ _ 0017 1 6 0 _ _ 1 20140626182928 24
000000672013092 00000067 2013 09 13 13 6101 1 _ _ 0017 1 6 0 _ _ 1 20140626182928 24
000000672013092 00000067 2013 09 17 13 6101 1 _ _ 0017 1 6 0 _ _ 1 20140626182928 24
000000672013092 00000067 2013 09 20 13 6101 1 _ _ 0017 1 6 0 _ _ 1 20140626182928 24
000000672013092 00000067 2013 09 24 13 6101 1 _ _ 0017 1 6 0 _ _ 1 20140626182928 24
000000672013092 00000067 2013 09 27 13 6101 1 _ _ 0017 1 6 0 _ _ 1 20140626182928 24
000000672013093 00000067 2013 09 03 11 7211 1 09:50 10:29 0070 1 190 0 _ _ 1 20140626182928 24
000000672013093 00000067 2013 09 10 11 7211 1 09:50 10:29 0070 1 190 0 _ _ 1 20140626182928 24
000000672013093 00000067 2013 09 17 11 7211 1 09:50 10:29 0070 1 190 0 _ _ 1 20140626182928 24
000000672013093 00000067 2013 09 24 11 7211 1 09:50 10:29 0070 1 190 0 _ _ 1 20140626182928 24
000000672013094 00000067 2013 09 01 17 1001 1 _ _ 0065 1 800 0 _ _ 1 20140626182928 24
000000672013095 00000067 2013 09 01 17 1002 1 _ _ 0065 1 100 0 _ _ 1 20140626182928 24
000000672013096 00000067 2013 09 01 17 1003 1 _ _ 0065 1 1000 0 _ _ 1 20140626182928 24
000000672013097 00000067 2013 09 01 17 1004 1 _ _ 0065 1 100 0 _ _ 1 20140626182928 24
000000672013098 00000067 2013 09 01 17 1004 1 _ _ 0065 1 30 0 _ _ 1 20140626182928 24
000000672013099 00000067 2013 09 01 17 1004 1 _ _ 0065 1 300 0 _ _ 1 20140626182928 24
000000672013101 00000067 2013 10 01 13 1521 1 10:30 11:29 0017 1 284 0 _ _ 1 20140626183810 24
000000672013101 00000067 2013 10 04 13 1521 1 10:30 11:29 0017 1 284 0 _ _ 1 20140626183810 24
000000672013101 00000067 2013 10 08 13 1521 1 10:30 11:29 0017 1 284 0 _ _ 1 20140626183810 24
000000672013101 00000067 2013 10 11 13 1521 1 10:30 11:29 0017 1 284 0 _ _ 1 20140626183810 24
000000672013101 00000067 2013 10 22 13 1521 1 10:30 11:29 0017 1 284 0 _ _ 1 20140626183810 24
000000672013101 00000067 2013 10 25 13 1521 1 10:30 11:29 0017 1 284 0 _ _ 1 20140626183810 24
000000672013101 00000067 2013 10 29 13 1521 1 10:30 11:29 0017 1 284 0 _ _ 1 20140626183810 24
000000672013102 00000067 2013 10 01 13 6101 1 _ _ 0017 1 6 0 _ _ 1 20140626183810 24
000000672013102 00000067 2013 10 04 13 6101 1 _ _ 0017 1 6 0 _ _ 1 20140626183810 24
000000672013102 00000067 2013 10 08 13 6101 1 _ _ 0017 1 6 0 _ _ 1 20140626183810 24
000000672013102 00000067 2013 10 11 13 6101 1 _ _ 0017 1 6 0 _ _ 1 20140626183810 24
000000672013102 00000067 2013 10 22 13 6101 1 _ _ 0017 1 6 0 _ _ 1 20140626183810 24
000000672013102 00000067 2013 10 25 13 6101 1 _ _ 0017 1 6 0 _ _ 1 20140626183810 24
000000672013102 00000067 2013 10 29 13 6101 1 _ _ 0017 1 6 0 _ _ 1 20140626183810 24
000000672013103 00000067 2013 10 01 11 7211 1 09:50 10:29 0070 1 190 0 _ _ 1 20140626183810 24
000000672013103 00000067 2013 10 08 11 7211 1 09:50 10:29 0070 1 190 0 _ _ 1 20140626183810 24
000000672013103 00000067 2013 10 15 11 7211 1 09:50 10:29 0070 1 190 0 _ _ 1 20140626183810 24
000000672013103 00000067 2013 10 22 11 7211 1 09:50 10:29 0070 1 190 0 _ _ 1 20140626183810 24
000000672013103 00000067 2013 10 29 11 7211 1 09:50 10:29 0070 1 190 0 _ _ 1 20140626183810 24
000000672013104 00000067 2013 10 01 17 1001 1 _ _ 0065 1 800 0 _ _ 1 20140626183810 24
000000672013105 00000067 2013 10 01 17 1002 1 _ _ 0065 1 100 0 _ _ 1 20140626183810 24
000000672013106 00000067 2013 10 01 17 1003 1 _ _ 0065 1 1000 0 _ _ 1 20140626183810 24
000000672013107 00000067 2013 10 01 17 1004 1 _ _ 0065 1 100 0 _ _ 1 20140626183810 24
000000672013108 00000067 2013 10 01 17 1004 1 _ _ 0065 1 30 0 _ _ 1 20140626183810 24
000000672013109 00000067 2013 10 01 17 1004 1 _ _ 0065 1 300 0 _ _ 1 20140626183810 24
000000672013111 00000067 2013 11 01 13 1521 1 10:30 11:29 0017 1 284 0 _ _ 1 20140626185348 24
000000672013111 00000067 2013 11 05 13 1521 1 10:30 11:29 0017 1 284 0 _ _ 1 20140626185348 24
000000672013111 00000067 2013 11 08 13 1521 1 10:30 11:29 0017 1 284 0 _ _ 1 20140626185348 24
000000672013111 00000067 2013 11 12 13 1521 1 10:30 11:29 0017 1 284 0 _ _ 1 20140626185348 24
000000672013111 00000067 2013 11 15 13 1521 1 10:30 11:29 0017 1 284 0 _ _ 1 20140626185348 24
000000672013111 00000067 2013 11 19 13 1521 1 10:30 11:29 0017 1 284 0 _ _ 1 20140626185348 24
000000672013111 00000067 2013 11 22 13 1521 1 10:30 11:29 0017 1 284 0 _ _ 1 20140626185348 24
000000672013111 00000067 2013 11 29 13 1521 1 10:30 11:29 0017 1 284 0 _ _ 1 20140626185348 24
000000672013112 00000067 2013 11 01 13 6101 1 _ _ 0017 1 6 0 _ _ 1 20140626185348 24
000000672013112 00000067 2013 11 05 13 6101 1 _ _ 0017 1 6 0 _ _ 1 20140626185348 24
000000672013112 00000067 2013 11 08 13 6101 1 _ _ 0017 1 6 0 _ _ 1 20140626185348 24
000000672013112 00000067 2013 11 12 13 6101 1 _ _ 0017 1 6 0 _ _ 1 20140626185348 24
000000672013112 00000067 2013 11 15 13 6101 1 _ _ 0017 1 6 0 _ _ 1 20140626185348 24
000000672013112 00000067 2013 11 19 13 6101 1 _ _ 0017 1 6 0 _ _ 1 20140626185348 24
000000672013112 00000067 2013 11 22 13 6101 1 _ _ 0017 1 6 0 _ _ 1 20140626185348 24
000000672013112 00000067 2013 11 29 13 6101 1 _ _ 0017 1 6 0 _ _ 1 20140626185348 24
000000672013113 00000067 2013 11 05 11 7211 1 09:50 10:29 0070 1 190 0 _ _ 1 20140626185348 24
000000672013113 00000067 2013 11 12 11 7211 1 09:50 10:29 0070 1 190 0 _ _ 1 20140626185348 24
000000672013113 00000067 2013 11 19 11 7211 1 09:50 10:29 0070 1 190 0 _ _ 1 20140626185348 24
000000672013114 00000067 2013 11 08 11 7211 1 11:30 12:10 0070 1 190 0 _ _ 1 20140626185348 24
000000672013115 00000067 2013 11 10 11 7211 1 12:30 13:10 0070 1 190 0 _ _ 1 20140626185348 24
000000672013115 00000067 2013 11 17 11 7211 1 12:30 13:10 0070 1 190 0 _ _ 1 20140626185348 24
000000672013115 00000067 2013 11 24 11 7211 1 12:30 13:10 0070 1 190 0 _ _ 1 20140626185348 24
000000672013116 00000067 2013 11 01 17 1001 1 _ _ 0065 1 800 0 _ _ 1 20140626185348 24
000000672013117 00000067 2013 11 01 17 1002 1 _ _ 0065 1 100 0 _ _ 1 20140626185348 24
000000672013118 00000067 2013 11 01 17 1002 1 _ _ 0065 1 75 0 _ _ 1 20140626185348 24
000000672013119 00000067 2013 11 01 17 1003 1 _ _ 0065 1 1000 0 _ _ 1 20140626185348 24
000000672013121 00000067 2013 12 03 13 1521 1 10:30 11:29 0017 1 284 0 _ _ 1 20140626190508 24
000000672013121 00000067 2013 12 06 13 1521 1 10:30 11:29 0017 1 284 0 _ _ 1 20140626190508 24
000000672013121 00000067 2013 12 10 13 1521 1 10:30 11:29 0017 1 284 0 _ _ 1 20140626190508 24
000000672013121 00000067 2013 12 13 13 1521 1 10:30 11:29 0017 1 284 0 _ _ 1 20140626190508 24
000000672013121 00000067 2013 12 17 13 1521 1 10:30 11:29 0017 1 284 0 _ _ 1 20140626190508 24
000000672013121 00000067 2013 12 20 13 1521 1 10:30 11:29 0017 1 284 0 _ _ 1 20140626190508 24
000000672013121 00000067 2013 12 24 13 1521 1 10:30 11:29 0017 1 284 0 _ _ 1 20140626190508 24
000000672013121 00000067 2013 12 27 13 1521 1 10:30 11:29 0017 1 284 0 _ _ 1 20140626190508 24
000000672013122 00000067 2013 12 03 13 6101 1 _ _ 0017 1 6 0 _ _ 1 20140626190508 24
000000672013122 00000067 2013 12 06 13 6101 1 _ _ 0017 1 6 0 _ _ 1 20140626190508 24
000000672013122 00000067 2013 12 10 13 6101 1 _ _ 0017 1 6 0 _ _ 1 20140626190508 24
000000672013122 00000067 2013 12 13 13 6101 1 _ _ 0017 1 6 0 _ _ 1 20140626190508 24
000000672013122 00000067 2013 12 17 13 6101 1 _ _ 0017 1 6 0 _ _ 1 20140626190508 24
000000672013122 00000067 2013 12 20 13 6101 1 _ _ 0017 1 6 0 _ _ 1 20140626190508 24
000000672013122 00000067 2013 12 24 13 6101 1 _ _ 0017 1 6 0 _ _ 1 20140626190508 24
000000672013122 00000067 2013 12 27 13 6101 1 _ _ 0017 1 6 0 _ _ 1 20140626190508 24
000000672013123 00000067 2013 12 03 11 7211 1 09:50 10:29 0070 1 190 0 _ _ 1 20140626190508 24
000000672013123 00000067 2013 12 10 11 7211 1 09:50 10:29 0070 1 190 0 _ _ 1 20140626190508 24
000000672013123 00000067 2013 12 17 11 7211 1 09:50 10:29 0070 1 190 0 _ _ 1 20140626190508 24
000000672013123 00000067 2013 12 24 11 7211 1 09:50 10:29 0070 1 190 0 _ _ 1 20140626190508 24
000000672013124 00000067 2013 12 01 11 7211 1 12:30 13:10 0070 1 190 0 _ _ 1 20140626190508 24
000000672013124 00000067 2013 12 15 11 7211 1 12:30 13:10 0070 1 190 0 _ _ 1 20140626190508 24
000000672013124 00000067 2013 12 29 11 7211 1 12:30 13:10 0070 1 190 0 _ _ 1 20140626190508 24
000000672013125 00000067 2013 12 01 17 1001 1 _ _ 0065 1 800 0 _ _ 1 20140626190508 24
000000672013126 00000067 2013 12 01 17 1002 1 _ _ 0065 1 150 0 _ _ 1 20140626190508 24
000000672013127 00000067 2013 12 01 17 1003 1 _ _ 0065 1 1000 0 _ _ 1 20140626190508 24
000000672013128 00000067 2013 12 01 17 1004 1 _ _ 0065 1 100 0 _ _ 1 20140626190508 24
000000672013129 00000067 2013 12 01 17 1004 1 _ _ 0065 1 30 0 _ _ 1 20140626190508 24
000000672014011 00000067 2014 01 07 11 7211 1 09:50 10:29 0070 1 190 0 _ _ 1 20140616205010 78
000000672014011 00000067 2014 01 14 11 7211 1 09:50 10:29 0070 1 190 0 _ _ 1 20140616205010 78
000000672014011 00000067 2014 01 21 11 7211 1 09:50 10:29 0070 1 190 0 _ _ 1 20140616205010 78
000000672014011 00000067 2014 01 28 11 7211 1 09:50 10:29 0070 1 190 0 _ _ 1 20140616205010 78
000000672014012 00000067 2014 01 26 11 7211 1 12:30 13:10 0070 1 190 0 _ _ 1 20140616205010 78
000000672014013 00000067 2014 01 18 11 7211 1 12:45 13:25 0070 1 190 0 _ _ 1 20140616205010 78
000000672014014 00000067 2014 01 12 11 7211 1 12:30 13:14 0070 1 190 0 _ _ 1 20140616205010 78
000000672014015 00000067 2014 01 01 17 1003 1 _ _ 0065 1 1000 0 _ _ 1 20140616205010 78
000000672014016 00000067 2014 01 01 17 1007 1 _ _ 0065 1 400 0 _ _ 1 20140616205010 78
000000672014017 00000067 2014 01 01 17 1001 1 _ _ 0065 1 800 0 _ _ 1 20140616205010 78
000000672014018 00000067 2014 01 01 17 1004 1 _ _ 0065 1 300 0 _ _ 1 20140616205010 78
000000672014019 00000067 2014 01 01 17 1004 1 _ _ 0065 1 100 0 _ _ 1 20140616205010 78
000000672014021 00000067 2014 02 04 11 7211 1 09:50 10:29 0070 1 190 0 _ _ 1 20140616204955 78
000000672014021 00000067 2014 02 11 11 7211 1 09:50 10:29 0070 1 190 0 _ _ 1 20140616204955 78
000000672014021 00000067 2014 02 18 11 7211 1 09:50 10:29 0070 1 190 0 _ _ 1 20140616204955 78
000000672014021 00000067 2014 02 25 11 7211 1 09:50 10:29 0070 1 190 0 _ _ 1 20140616204955 78
000000672014022 00000067 2014 02 02 11 7211 1 12:30 13:10 0070 1 190 0 _ _ 1 20140616204955 78
000000672014022 00000067 2014 02 09 11 7211 1 12:30 13:10 0070 1 190 0 _ _ 1 20140616204955 78
000000672014022 00000067 2014 02 16 11 7211 1 12:30 13:10 0070 1 190 0 _ _ 1 20140616204955 78
000000672014022 00000067 2014 02 23 11 7211 1 12:30 13:10 0070 1 190 0 _ _ 1 20140616204955 78
000000672014023 00000067 2014 02 01 17 1003 1 _ _ 0065 1 1000 0 _ _ 1 20140616204955 78
000000672014024 00000067 2014 02 01 17 1007 1 _ _ 0065 1 400 0 _ _ 1 20140616204955 78
000000672014025 00000067 2014 02 01 17 1001 1 _ _ 0065 1 800 0 _ _ 1 20140616204955 78
000000672014026 00000067 2014 02 01 17 1004 1 _ _ 0065 1 300 0 _ _ 1 20140616204955 78
000000672014027 00000067 2014 02 01 17 1004 1 _ _ 0065 1 100 0 _ _ 1 20140616204955 78
000000672014028 00000067 2014 02 01 17 1004 1 _ _ 0065 1 30 0 _ _ 1 20140616204955 78
000000672014029 00000067 2014 02 01 17 1002 1 _ _ 0065 1 150 0 _ _ 1 20140616204955 78
000000672014031 00000067 2014 03 04 11 7211 1 09:50 10:29 0070 1 190 0 _ _ 1 20140616204940 78
000000672014031 00000067 2014 03 11 11 7211 1 09:50 10:29 0070 1 190 0 _ _ 1 20140616204940 78
000000672014032 00000067 2014 03 02 11 7211 1 12:30 13:10 0070 1 190 0 _ _ 1 20140616204940 78
000000672014032 00000067 2014 03 09 11 7211 1 12:30 13:10 0070 1 190 0 _ _ 1 20140616204940 78
000000672014033 00000067 2014 03 01 17 1003 1 _ _ 0065 1 500 0 _ _ 1 20140616204940 78
000000672014034 00000067 2014 03 01 17 1007 1 _ _ 0065 1 200 0 _ _ 1 20140616204940 78
000000672014035 00000067 2014 03 01 17 1001 1 _ _ 0065 1 400 0 _ _ 1 20140616204940 78
000000672014036 00000067 2014 03 01 17 1004 1 _ _ 0065 1 150 0 _ _ 1 20140616204940 78
000000672014037 00000067 2014 03 01 17 1004 1 _ _ 0065 1 50 0 _ _ 1 20140616204940 78
000000672014038 00000067 2014 03 01 17 1004 1 _ _ 0065 1 15 0 _ _ 1 20140616204940 78
000000672014039 00000067 2014 03 01 17 1002 1 _ _ 0065 1 75 0 _ _ 1 20140616204940 78
000000672014051 00000067 2014 05 21 13 1521 1 10:30 11:29 0017 1 286 0 _ _ 1 20140815182116 24
000000672014051 00000067 2014 05 23 13 1521 1 10:30 11:29 0017 1 286 0 _ _ 1 20140815182116 24
000000672014052 00000067 2014 05 27 13 1521 1 13:00 13:59 0017 1 286 0 _ _ 1 20140815182116 24
000000672014052 00000067 2014 05 29 13 1521 1 13:00 13:59 0017 1 286 0 _ _ 1 20140815182116 24
000000672014053 00000067 2014 05 21 13 6101 1 _ _ 0017 1 6 0 _ _ 1 20140815182116 24
000000672014053 00000067 2014 05 23 13 6101 1 _ _ 0017 1 6 0 _ _ 1 20140815182116 24
000000672014053 00000067 2014 05 27 13 6101 1 _ _ 0017 1 6 0 _ _ 1 20140815182116 24
000000672014053 00000067 2014 05 29 13 6101 1 _ _ 0017 1 6 0 _ _ 1 20140815182116 24
000000672014054 00000067 2014 05 29 11 4211 1 10:30 12:00 0070 1 395 0 _ _ 1 20140815182116 24
000000672014055 00000067 2014 05 20 17 1001 1 _ _ 0065 1 400 0 _ _ 1 20140815182116 24
000000672014056 00000067 2014 05 20 17 1002 1 _ _ 0065 1 71 0 _ _ 1 20140815182116 24
000000672014057 00000067 2014 05 20 17 1003 1 _ _ 0065 1 500 0 _ _ 1 20140815182116 24
000000672014058 00000067 2014 05 20 17 1004 1 _ _ 0065 1 14 0 _ _ 1 20140815182116 24
000000672014059 00000067 2014 05 20 17 1004 1 _ _ 0065 1 142 0 _ _ 1 20140815182116 24
