00000065 0073 2012 06 0000069 03 00104 _ 08:50 09:49 _ _ 0 1111 1 61 1 20140807151257 00034
00000065 0073 2012 06 0000070 10 00037 _ 08:50 09:49 _ _ 0 1111 1 61 1 20140807151257 00034
00000065 0073 2012 06 0000071 17 00102 _ 08:50 09:49 _ _ 0 1111 1 61 1 20140807151257 00034
00000065 0073 2012 06 0000072 24 00037 _ 14:45 15:44 _ _ 0 1111 1 61 1 20140807151257 00034
00000065 0073 2012 07 0000073 01 00037 _ 08:50 09:49 _ _ 0 1111 1 61 1 20140807151930 00034
00000065 0073 2012 07 0000074 09 00102 _ 13:00 13:39 _ _ 0 1111 1 61 1 20140807151930 00034
00000065 0073 2012 07 0000075 13 00102 _ 15:00 15:59 _ _ 0 1111 1 61 1 20140807151930 00034
00000065 0073 2012 07 0000076 20 00037 _ 15:15 16:14 _ _ 0 1111 1 61 1 20140807151930 00034
00000065 0073 2012 08 0000077 03 00037 _ 15:15 16:14 _ _ 0 1111 1 61 1 20140807152658 00034
00000065 0073 2012 08 0000078 11 00102 _ 14:45 15:44 _ _ 0 1111 1 61 1 20140807152658 00034
00000065 0073 2012 08 0000079 17 00037 _ 15:15 16:14 _ _ 0 1111 1 61 1 20140807152658 00034
00000065 0073 2012 08 0000080 24 00037 _ 15:00 15:59 _ _ 0 1111 1 61 1 20140807152658 00034
00000065 0073 2012 08 0000081 31 00037 _ 15:15 16:14 _ _ 0 1111 1 61 1 20140807152658 00034
00000065 0073 2012 09 0000082 07 00037 _ 15:15 16:14 _ _ 0 1111 1 61 1 20140807153202 00034
00000065 0073 2012 09 0000083 14 00037 _ 15:15 16:14 _ _ 0 1111 1 61 1 20140807153202 00034
00000065 0073 2012 09 0000084 21 00102 _ 15:15 16:14 _ _ 0 1111 1 61 1 20140807153202 00034
00000065 0073 2012 09 0000085 28 00037 _ 15:15 16:14 _ _ 0 1111 1 61 1 20140807153202 00034
00000065 0073 2012 10 0000086 05 00034 _ 15:15 16:14 _ _ 0 1111 1 61 1 20140807154000 00034
00000065 0073 2012 10 0000087 12 00037 _ 14:50 15:49 _ _ 0 1111 1 61 1 20140807154000 00034
00000065 0073 2012 10 0000088 19 00037 _ 15:15 16:14 _ _ 0 1111 1 61 1 20140807154000 00034
00000065 0073 2012 10 0000089 26 00102 _ 14:00 14:59 _ _ 0 1111 1 61 1 20140807154000 00034
00000065 0073 2012 11 0000090 02 00037 _ 15:15 16:14 _ _ 0 1111 1 61 1 20140807155017 00034
00000065 0073 2012 11 0000091 09 00037 _ 15:15 16:14 _ _ 0 1111 1 61 1 20140807155017 00034
00000065 0073 2012 11 0000092 16 00037 _ 15:15 16:14 _ _ 0 1111 1 61 1 20140807155017 00034
00000065 0073 2012 11 0000093 23 00037 _ 15:15 16:14 _ _ 0 1111 1 61 1 20140807155017 00034
00000065 0073 2012 11 0000094 28 00102 _ 13:00 13:49 _ _ 0 1111 1 61 1 20140807155017 00034
00000065 0073 2012 12 0000095 07 00102 _ 15:10 16:09 _ _ 0 1111 1 61 1 20140807155411 00034
00000065 0073 2012 12 0000096 14 00037 _ 15:15 16:14 _ _ 0 1111 1 61 1 20140807155411 00034
00000065 0073 2012 12 0000097 21 00102 _ 15:15 16:14 _ _ 0 1111 1 61 1 20140807155411 00034
00000065 0073 2012 12 0000098 28 00037 _ 15:15 16:14 _ _ 0 1111 1 61 1 20140807155411 00034
00000065 0073 2013 01 0000034 04 00102 _ 14:45 15:45 _ _ 0 1111 1 61 1 20140724121956 00034
00000065 0073 2013 01 0000035 11 00037 _ 15:15 16:15 _ _ 0 1111 1 61 1 20140724121956 00034
00000065 0073 2013 01 0000036 18 00102 _ 15:15 16:15 _ _ 0 1111 1 61 1 20140724121956 00034
00000065 0073 2013 01 0000037 25 00037 _ 15:10 16:10 _ _ 0 1111 1 61 1 20140724121956 00034
00000065 0073 2013 02 0000038 01 00037 _ 15:15 16:15 _ _ 0 1111 1 61 1 20140724122348 00034
00000065 0073 2013 02 0000039 08 00037 _ 15:15 16:15 _ _ 0 1111 1 61 1 20140724122348 00034
00000065 0073 2013 02 0000040 14 00037 _ 15:15 16:15 _ _ 0 1111 1 61 1 20140724122348 00034
00000065 0073 2013 02 0000041 22 00037 _ 15:45 16:45 _ _ 0 1111 1 61 1 20140724122348 00034
00000065 0073 2013 03 0000042 01 00038 _ 15:15 16:15 _ _ 0 1111 1 61 1 20140724122946 00034
00000065 0073 2013 03 0000043 08 00102 _ 15:15 15:55 _ _ 0 1111 1 61 1 20140724122946 00034
00000065 0073 2013 03 0000044 15 00037 _ 15:15 16:10 _ _ 0 1111 1 61 1 20140724122946 00034
00000065 0073 2013 03 0000045 22 00037 _ 15:15 16:15 _ _ 0 1111 1 61 1 20140724122946 00034
00000065 0073 2013 03 0000046 29 00037 _ 15:15 16:15 _ _ 0 1111 1 61 1 20140724122946 00034
00000065 0073 2013 04 0000047 05 00038 _ 15:15 16:15 _ _ 0 1111 1 61 1 20140724133617 00034
00000065 0073 2013 04 0000048 12 00038 _ 15:15 16:15 _ _ 0 1111 1 61 1 20140724133617 00034
00000065 0073 2013 04 0000049 19 00037 _ 15:20 16:20 _ _ 0 1111 1 61 1 20140724133617 00034
00000065 0073 2013 04 0000050 26 00102 _ 15:15 16:15 _ _ 0 1111 1 61 1 20140724133617 00034
00000065 0073 2013 05 0000051 03 00037 _ 15:15 16:15 _ _ 0 1111 1 61 1 20140724134254 00034
00000065 0073 2013 05 0000052 10 00038 _ 15:15 16:15 _ _ 0 1111 1 61 1 20140724134254 00034
00000065 0073 2013 05 0000053 17 00038 _ 15:20 16:15 _ _ 0 1111 1 61 1 20140724134254 00034
00000065 0073 2013 05 0000054 24 00037 _ 15:15 16:15 _ _ 0 1111 1 61 1 20140724134254 00034
00000065 0073 2013 05 0000055 31 00038 _ 15:15 16:05 _ _ 0 1111 1 61 1 20140724134254 00034
00000065 0073 2013 06 0000056 07 00037 _ 15:15 16:15 _ _ 0 1111 1 61 1 20140724134605 00034
00000065 0073 2013 06 0000057 14 00037 _ 15:15 16:15 _ _ 0 1111 1 61 1 20140724134605 00034
00000065 0073 2013 06 0000058 21 00037 _ 15:15 16:15 _ _ 0 1111 1 61 1 20140724134605 00034
00000065 0073 2013 06 0000059 28 00038 _ 15:15 16:15 _ _ 0 1111 1 61 1 20140724134605 00034
00000065 0073 2013 07 0000060 05 00037 _ 15:15 16:15 _ _ 0 1111 1 61 1 20140724134904 00034
00000065 0073 2013 07 0000061 12 00037 _ 15:15 16:15 _ _ 0 1111 1 61 1 20140724134904 00034
00000065 0073 2013 07 0000062 19 00038 _ 15:15 16:15 _ _ 0 1111 1 61 1 20140724134904 00034
00000065 0073 2013 07 0000063 26 00037 _ 15:15 16:15 _ _ 0 1111 1 61 1 20140724134904 00034
00000065 0073 2013 08 0000064 02 00037 _ 15:15 16:15 _ _ 0 1111 1 61 1 20140724135252 00034
00000065 0073 2013 08 0000065 09 00037 _ 15:15 16:15 _ _ 0 1111 1 61 1 20140724135252 00034
00000065 0073 2013 08 0000066 16 00038 _ 15:15 16:15 _ _ 0 1111 1 61 1 20140724135252 00034
00000065 0073 2013 08 0000067 23 00037 _ 15:15 16:15 _ _ 0 1111 1 61 1 20140724135252 00034
00000065 0073 2013 08 0000068 30 00037 _ 15:15 16:15 _ _ 0 1111 1 61 1 20140724135252 00034
00000065 0073 2013 09 0000021 06 00037 _ 15:15 16:15 _ _ 0 1111 1 61 1 20140626174844 00034
00000065 0073 2013 09 0000022 13 00037 _ 15:15 16:15 _ _ 0 1111 1 61 1 20140626174844 00034
00000065 0073 2013 09 0000023 20 00035 _ 15:15 16:15 _ _ 0 1111 1 61 1 20140626174844 00034
00000065 0073 2013 09 0000024 27 00037 _ 15:15 16:15 _ _ 0 1111 1 61 1 20140626174844 00034
00000065 0073 2013 11 0000025 01 00042 _ 15:15 16:15 _ _ 0 1111 1 61 1 20140626175532 00034
00000065 0073 2013 11 0000026 08 00037 _ 16:30 17:30 _ _ 0 1111 1 61 1 20140626175532 00034
00000065 0073 2013 11 0000027 15 00042 _ 15:15 16:15 _ _ 0 1111 1 61 1 20140626175532 00034
00000065 0073 2013 11 0000028 22 00042 _ 15:15 16:15 _ _ 0 1111 1 61 1 20140626175532 00034
00000065 0073 2013 11 0000029 29 00042 _ 15:15 16:15 _ _ 0 1111 1 61 1 20140626175532 00034
00000065 0073 2013 12 0000030 06 00042 _ 15:15 16:15 _ _ 0 1111 1 61 1 20140626175847 00034
00000065 0073 2013 12 0000031 13 00042 _ 15:15 16:15 _ _ 0 1111 1 61 1 20140626175847 00034
00000065 0073 2013 12 0000032 20 00042 _ 15:15 16:15 _ _ 0 1111 1 61 1 20140626175847 00034
00000065 0073 2013 12 0000033 27 00042 _ 15:15 16:15 _ _ 0 1111 1 61 1 20140626175847 00034
00000065 0073 2014 01 0000002 10 00042 _ 15:15 16:15 _ _ 0 1111 1 61 1 20140612181643 00034
00000065 0073 2014 01 0000003 17 00042 _ 15:15 16:15 _ _ 0 1111 1 61 1 20140612181643 00034
00000065 0073 2014 01 0000004 24 00042 _ 15:15 16:15 _ _ 0 1111 1 61 1 20140612181643 00034
00000065 0073 2014 01 0000005 31 00042 _ 15:15 16:15 _ _ 0 1111 1 61 1 20140612181643 00034
00000065 0073 2014 02 0000006 07 00042 _ 15:25 16:15 _ _ 0 1111 1 61 1 20140612182259 00034
00000065 0073 2014 02 0000007 14 00042 _ 14:00 15:00 _ _ 0 1111 1 61 1 20140612182259 00034
00000065 0073 2014 02 0000008 21 00042 _ 15:15 16:15 _ _ 0 1111 1 61 1 20140612182259 00034
00000065 0073 2014 02 0000009 28 00035 _ 15:15 16:15 _ _ 0 1111 1 61 1 20140612182259 00034
00000065 0073 2014 03 0000010 07 00042 _ 15:15 16:15 _ _ 0 1111 1 61 1 20140612182538 00034
00000065 0073 2014 03 0000011 14 00042 _ 15:15 16:15 _ _ 0 1111 1 61 1 20140612182538 00034
00000065 0073 2014 03 0000012 21 00042 _ 15:15 16:15 _ _ 0 1111 1 61 1 20140612182538 00034
00000065 0073 2014 03 0000013 28 00042 _ 15:15 16:15 _ _ 0 1111 1 61 1 20140612182538 00034
00000065 0073 2014 04 0000014 04 00042 _ 15:15 16:15 _ _ 0 1111 1 61 1 20140612182909 00034
00000065 0073 2014 04 0000015 11 00042 _ 15:15 16:15 _ _ 0 1111 1 61 1 20140612182909 00034
00000065 0073 2014 04 0000016 18 00042 _ 15:15 16:15 _ _ 0 1111 1 61 1 20140612182909 00034
00000065 0073 2014 04 0000017 25 00042 _ 15:15 16:15 _ _ 0 1111 1 61 1 20140612182909 00034
00000065 0073 2014 05 0000018 02 00042 _ 15:15 16:15 _ _ 0 1111 1 61 1 20140815181429 00034
00000065 0073 2014 05 0000019 09 00042 _ 15:15 16:15 _ _ 0 1111 1 61 1 20140815181429 00034
00000065 0073 2014 05 0000020 16 00042 _ 15:15 16:15 _ _ 0 1111 1 61 1 20140815181429 00034
00000065 0073 2014 05 0000099 23 00042 _ 15:15 16:15 _ _ 0 1111 1 61 1 20140815181429 00034
00000065 0073 2014 05 0000100 30 00042 _ 15:15 16:15 _ _ 0 1111 1 61 1 20140815181429 00034
00000065 0073 2014 06 0000002 06 00042 _ 15:15 16:14 2 _ 0 1111 1 61 1 20140701101430 00034
00000065 0073 2014 06 0000003 13 00042 _ 15:15 16:14 2 _ 0 1111 1 61 1 20140701101430 00034
00000065 0073 2014 06 0000004 20 00042 _ 15:15 16:14 2 _ 0 1111 1 61 1 20140701101430 00034
00000065 0073 2014 06 0000005 27 00042 _ 15:15 16:14 2 _ 0 1111 1 61 1 20140701101430 00034
00000065 0073 2014 07 0000006 03 00038 _ 14:00 14:59 2 _ 0 1111 1 61 1 20140801185239 00077
00000065 0073 2014 07 0000007 11 00042 _ 15:15 16:14 2 _ 0 1111 1 61 1 20140801185239 00077
00000065 0073 2014 07 0000008 18 00042 _ 15:15 16:14 2 _ 0 1111 1 61 1 20140801185239 00077
00000065 0073 2014 07 0000009 25 00042 _ 15:15 16:14 2 _ 0 1111 1 61 1 20140801185239 00077
00000065 0073 2014 08 0000010 01 00038 _ 15:15 16:14 2 _ 0 1111 1 61 1 20140811105412 00037
00000065 0073 2014 08 0000011 08 00100 _ 15:15 16:14 2 _ 0 1111 1 61 1 20140811112325 00037
00000065 0073 2014 08 0000012 15 00035 _ 15:15 16:14 2 _ 0 1111 1 61 1 20140816173823 00038
