000000542013091 00000054 2013 09 02 61 1111 1 14:00 14:59 0097 1 1220 0 _ _ 1 20140626122350 24
000000542013091 00000054 2013 09 09 61 1111 1 14:00 14:59 0097 1 1220 0 _ _ 1 20140626122350 24
000000542013091 00000054 2013 09 16 61 1111 1 14:00 14:59 0097 1 1220 0 _ _ 1 20140626122350 24
000000542013091 00000054 2013 09 23 61 1111 1 14:00 14:59 0097 1 1220 0 _ _ 1 20140626122350 24
000000542013091 00000054 2013 09 30 61 1111 1 14:00 14:59 0097 1 1220 0 _ _ 1 20140626122350 24
000000542013092 00000054 2013 09 01 67 1007 1 _ _ 0041 1 1100 0 _ _ 1 20140626122350 24
000000542013101 00000054 2013 10 07 61 1111 1 14:00 14:59 0097 1 1220 0 _ _ 1 20140626122610 24
000000542013101 00000054 2013 10 14 61 1111 1 14:00 14:59 0097 1 1220 0 _ _ 1 20140626122610 24
000000542013101 00000054 2013 10 21 61 1111 1 14:00 14:59 0097 1 1220 0 _ _ 1 20140626122610 24
000000542013101 00000054 2013 10 28 61 1111 1 14:00 14:59 0097 1 1220 0 _ _ 1 20140626122610 24
000000542013102 00000054 2013 10 01 67 1007 1 _ _ 0041 1 1100 0 _ _ 1 20140626122610 24
000000542013111 00000054 2013 11 04 61 1111 1 14:00 14:59 0097 1 1220 0 _ _ 1 20140626122812 24
000000542013111 00000054 2013 11 11 61 1111 1 14:00 14:59 0097 1 1220 0 _ _ 1 20140626122812 24
000000542013111 00000054 2013 11 18 61 1111 1 14:00 14:59 0097 1 1220 0 _ _ 1 20140626122812 24
000000542013111 00000054 2013 11 25 61 1111 1 14:00 14:59 0097 1 1220 0 _ _ 1 20140626122812 24
000000542013112 00000054 2013 11 01 67 1007 1 _ _ 0041 1 1100 0 _ _ 1 20140626122812 24
000000542013121 00000054 2013 12 02 61 1111 1 14:00 14:59 0097 1 1220 0 _ _ 1 20140626123021 24
000000542013121 00000054 2013 12 09 61 1111 1 14:00 14:59 0097 1 1220 0 _ _ 1 20140626123021 24
000000542013121 00000054 2013 12 16 61 1111 1 14:00 14:59 0097 1 1220 0 _ _ 1 20140626123021 24
000000542013121 00000054 2013 12 23 61 1111 1 14:00 14:59 0097 1 1220 0 _ _ 1 20140626123021 24
000000542013122 00000054 2013 12 01 67 1007 1 _ _ 0041 1 1100 0 _ _ 1 20140626123021 24
000000542014011 00000054 2014 01 01 67 1007 1 _ _ 0041 1 1100 0 _ _ 1 20140618160524 78
000000542014012 00000054 2014 01 06 61 1111 1 14:00 14:59 0097 1 1220 0 _ _ 1 20140618160524 78
000000542014012 00000054 2014 01 13 61 1111 1 14:00 14:59 0097 1 1220 0 _ _ 1 20140618160524 78
000000542014012 00000054 2014 01 20 61 1111 1 14:00 14:59 0097 1 1220 0 _ _ 1 20140618160524 78
000000542014012 00000054 2014 01 27 61 1111 1 14:00 14:59 0097 1 1220 0 _ _ 1 20140618160524 78
000000542014021 00000054 2014 02 01 67 1007 1 _ _ 0041 1 1100 0 _ _ 1 20140618160638 78
000000542014022 00000054 2014 02 03 61 1111 1 14:00 14:59 0097 1 1220 0 _ _ 1 20140618160638 78
000000542014022 00000054 2014 02 10 61 1111 1 14:00 14:59 0097 1 1220 0 _ _ 1 20140618160638 78
000000542014022 00000054 2014 02 17 61 1111 1 14:00 14:59 0097 1 1220 0 _ _ 1 20140618160638 78
000000542014022 00000054 2014 02 24 61 1111 1 14:00 14:59 0097 1 1220 0 _ _ 1 20140618160638 78
000000542014031 00000054 2014 03 01 67 1007 1 _ _ 0041 1 1100 0 _ _ 1 20140618160700 78
000000542014032 00000054 2014 03 03 61 1111 1 14:00 14:59 0097 1 1220 0 _ _ 1 20140618160700 78
000000542014032 00000054 2014 03 10 61 1111 1 14:00 14:59 0097 1 1220 0 _ _ 1 20140618160700 78
000000542014032 00000054 2014 03 24 61 1111 1 14:00 14:59 0097 1 1220 0 _ _ 1 20140618160700 78
000000542014032 00000054 2014 03 31 61 1111 1 14:00 14:59 0097 1 1220 0 _ _ 1 20140618160700 78
000000542014041 00000054 2014 04 01 67 1007 1 _ _ 0041 1 1100 0 _ _ 1 20140618160731 78
000000542014042 00000054 2014 04 07 61 1111 1 14:00 14:59 0097 1 1226 0 _ _ 1 20140618160731 78
000000542014042 00000054 2014 04 14 61 1111 1 14:00 14:59 0097 1 1226 0 _ _ 1 20140618160731 78
000000542014042 00000054 2014 04 21 61 1111 1 14:00 14:59 0097 1 1226 0 _ _ 1 20140618160731 78
000000542014042 00000054 2014 04 28 61 1111 1 14:00 14:59 0097 1 1226 0 _ _ 1 20140618160731 78
000000542014051 00000054 2014 05 05 61 1111 1 14:00 14:59 0097 1 1226 0 _ _ 1 20140626200521 78
000000542014051 00000054 2014 05 12 61 1111 1 14:00 14:59 0097 1 1226 0 _ _ 1 20140626200521 78
000000542014051 00000054 2014 05 19 61 1111 1 14:00 14:59 0097 1 1226 0 _ _ 1 20140626200521 78
000000542014051 00000054 2014 05 26 61 1111 1 14:00 14:59 0097 1 1226 0 _ _ 1 20140626200521 78
000000542014052 00000054 2014 05 01 67 1007 1 _ _ 0041 1 1100 0 _ _ 1 20140626200521 78
