00000062 00002 00002 05 26 7 平成26年8月4日 3 0 0 0 _ _ 0 3 1 20140804161716 00038
00000062 00002 00003 05 _ _ _ 1 0 0 0 _ _ 0 0 1 20140804161716 00038
00000062 00002 00004 05 _ _ _ 1 0 0 0 _ _ 0 0 1 20140804161716 00038
00000062 00003 00002 05 26 7 平成26年8月4日 3 0 0 0 _ 訪問時間帯はリクライニングにて眠っていることが多いようです。\n13日もチャイム・フロントよりのコールにも反応なく、しばらくしてトイレの水音し入室となりました。眠っていたようだとおっしゃていました。また「昼食食べてな気がする。お腹が空いた」と言われまた眠ってしましそうになったので、お茶・お菓子を食べていただきました。\n 0 3 1 20140804162433 00038
00000062 00003 00003 05 _ _ _ 1 0 0 0 _ _ 0 0 1 20140804162433 00038
00000062 00003 00004 05 _ _ _ 1 0 0 0 _ _ 0 0 1 20140804162433 00038
00000062 00004 00002 05 26 7 平成26年8月4日 3 0 0 0 _ 訪問時間帯はリクライニングにて眠っていることが多いようです。\n13日もチャイム・フロントよりのコールにも反応なく、しばらくしてトイレの水音し入室となりました。眠っていたようだとおっしゃていました。また「昼食食べてな気がする。お腹が空いた」と言われまた眠ってしましそうになったので、お茶・お菓子を食べていただきました。\n部屋 0 3 1 20140804162509 00038
00000062 00004 00003 05 _ _ _ 1 0 0 0 _ _ 0 0 1 20140804162509 00038
00000062 00004 00004 05 _ _ _ 1 0 0 0 _ _ 0 0 1 20140804162509 00038
00000062 00005 00002 05 26 7 平成26年8月4日 3 0 0 0 _ 訪問時間帯は昼食後のためか、リクライニングにて眠っていることが多いです。\n13日はチャイム、フロントよりのコールにも反応なく、しばらくしてトイレの水音し開けていただき入室となりました。眠っていたようだとおっしゃていました。また「昼食を食べていない気がする。お腹が空いた」と言われたので、お茶・お菓子を食べていただきました。\n部屋は窓を閉切り、室温が高いのでご相談しエアコン点けています。27日は汗もかかれていましたので、水分摂っていただきました。パット使用し（7枚）新聞紙に包んでゴミ箱に入れています。また、パット残量も十分にありました。 0 3 1 20140804183255 00034
00000062 00005 00003 05 _ _ _ 1 0 0 0 _ _ 0 0 1 20140804183255 00034
00000062 00005 00004 05 _ _ _ 1 0 0 0 _ _ 0 0 1 20140804183255 00034
00000062 00006 00002 05 26 7 平成26年8月4日 3 0 0 0 _ 訪問時間帯は昼食後のためか、リクライニングにて眠っていることが多いです。\n13日はチャイム、フロントよりのコールにも反応なく、しばらくしてトイレの水音し開けていただき入室となりました。眠っていたようだとおっしゃていました。また「昼食を食べていない気がする。お腹が空いた」と言われたので、お茶・お菓子を食べていただきました。\n部屋は窓を閉切り、室温が高いのでご相談しエアコン点けています。27日は汗もかかれていましたので、水分摂っていただきました。パット使用し（7枚）新聞紙に包んでゴミ箱に入れています。また、パット残量も十分にありました。 0 3 1 20140905103818 00035
00000062 00006 00003 05 26 8 平成26年9月5日 3 0 0 0 _ 体調はお変わりなく、食欲もあり、良く眠れるそうです。\n入室時、窓閉め切り暗く、暑いことが多く、ご相談し照明・エアコン等つけています。(28℃）\n17日一度洗ったのか湿った衣類の中に便染みの下着あり、ご本人にお話し、下洗いされ洗濯機廻されました。その後洗濯干しされています。24日百日紅が袋に入ったまま置いて有りましたが、ご本人記憶ないとのことでした。ご一緒にベランダに出しお水を楽しそうにあげ楽しまれておりました。冷蔵庫内ジュースも沢山入っており、ご家族様がお持ちになったようです。31日トイレ内にあるパットの捨て方お話しし、ご一緒にゴミステーションまで行っています。パット残数（23枚）井田NSに報告しています。 0 3 1 20140905103818 00035
00000062 00006 00004 05 _ _ _ 1 0 0 0 _ _ 0 0 1 20140905103818 00035
00000062 00007 00002 05 26 7 平成26年8月4日 3 0 0 0 _ 訪問時間帯は昼食後のためか、リクライニングにて眠っていることが多いです。13日はチャイム、フロントよりのコールにも反応なく、しばらくしてトイレの水音し開けていただき入室となりました。眠っていたようだとおっしゃていました。また「昼食を食べていない気がする。お腹が空いた」と言われたので、お茶・お菓子を食べていただきました。部屋は窓を閉切り、室温が高いのでご相談しエアコン点けています。27日は汗もかかれていましたので、水分摂っていただきました。パット使用し（7枚）新聞紙に包んでゴミ箱に入れています。また、パット残量も十分にありました。 0 3 1 20141004180444 00034
00000062 00007 00003 05 26 8 平成26年9月5日 3 0 0 0 _ 体調はお変わりなく、食欲もあり、良く眠れるそうです。入室時、窓閉め切り暗く、暑いことが多く、ご相談し照明・エアコン等つけています。(28℃）17日一度洗ったのか湿った衣類の中に便染みの下着あり、ご本人にお話し、下洗いされ洗濯機廻されました。その後洗濯干しされています。24日百日紅が袋に入ったまま置いて有りましたが、ご本人記憶ないとのことでした。ご一緒にベランダに出しお水を楽しそうにあげ楽しまれておりました。冷蔵庫内ジュースも沢山入っており、ご家族様がお持ちになったようです。31日トイレ内にあるパットの捨て方お話しし、ご一緒にゴミステーションまで行っています。パット残数（23枚）井田NSに報告しています。 0 3 1 20141004180444 00034
00000062 00007 00004 05 26 9 平成26年10月2日 3 0 0 1 _ 7日モニタリングおこなっています。（モニタリングシート参照）5日に軽い熱中症にかかって以来、体調は安定されています。訪問時は毎回窓を閉めており、換気後クーラーを点けています。14日訪問時は「ケアあざみ野」パンフレットをご覧になり、「ここがいいのかなー」と何回もつぶやかれ、家具も処分したいなど話されています。パットの処理は新聞に包んでゴミ箱に捨ててあり、退室時ご一緒にゴミ出しするときもあります。 0 3 1 20141004180444 00034
