00000062 0070 2013 08 1 1 20140724115110 00078
00000062 0070 2013 09 _ 1 20140626164916 00034
00000062 0070 2013 10 _ 1 20140626165612 00034
00000062 0070 2013 11 _ 1 20140626170240 00034
00000062 0070 2013 12 _ 1 20140626170934 00034
00000062 0070 2014 01 _ 1 20140612165935 00034
00000062 0070 2014 02 _ 1 20140612171009 00034
00000062 0070 2014 03 _ 1 20140612172017 00034
00000062 0070 2014 04 _ 1 20140612172736 00034
00000062 0070 2014 05 _ 1 20140626182426 00078
00000062 0070 2014 06 _ 1 20140701100853 00078
00000062 0070 2014 07 _ 1 20140731093610 00035
00000062 0070 2014 08 _ 1 20140831161956 00034
00000062 0070 2014 09 _ 1 20140928165202 00038
00000062 0070 2014 10 _ 1 20141028195225 00035
