00000069 20120905 KihonCheckCheckList01 0 1 201405230000 IKOU
00000069 20120905 KihonCheckCheckList02 0 1 201405230000 IKOU
00000069 20120905 KihonCheckCheckList03 0 1 201405230000 IKOU
00000069 20120905 KihonCheckCheckList04 1 1 201405230000 IKOU
00000069 20120905 KihonCheckCheckList05 0 1 201405230000 IKOU
00000069 20120905 KihonCheckCheckList06 0 1 201405230000 IKOU
00000069 20120905 KihonCheckCheckList07 0 1 201405230000 IKOU
00000069 20120905 KihonCheckCheckList08 0 1 201405230000 IKOU
00000069 20120905 KihonCheckCheckList09 2 1 201405230000 IKOU
00000069 20120905 KihonCheckCheckList10 2 1 201405230000 IKOU
00000069 20120905 KihonCheckCheckList11 0 1 201405230000 IKOU
00000069 20120905 KihonCheckCheckList12 0 1 201405230000 IKOU
00000069 20120905 KihonCheckCheckList13 4 1 201405230000 IKOU
00000069 20120905 KihonCheckCheckList14 4 1 201405230000 IKOU
00000069 20120905 KihonCheckCheckList15 0 1 201405230000 IKOU
00000069 20120905 KihonCheckCheckList16 5 1 201405230000 IKOU
00000069 20120905 KihonCheckCheckList17 0 1 201405230000 IKOU
00000069 20120905 KihonCheckCheckList18 0 1 201405230000 IKOU
00000069 20120905 KihonCheckCheckList19 6 1 201405230000 IKOU
00000069 20120905 KihonCheckCheckList20 0 1 201405230000 IKOU
00000069 20120905 KihonCheckCheckList21 0 1 201405230000 IKOU
00000069 20120905 KihonCheckCheckList22 0 1 201405230000 IKOU
00000069 20120905 KihonCheckCheckList23 0 1 201405230000 IKOU
00000069 20120905 KihonCheckCheckList24 0 1 201405230000 IKOU
00000069 20130121 KihonCheckCheckList01 1 1 201405230000 IKOU
00000069 20130121 KihonCheckCheckList02 0 1 201405230000 IKOU
00000069 20130121 KihonCheckCheckList03 0 1 201405230000 IKOU
00000069 20130121 KihonCheckCheckList04 1 1 201405230000 IKOU
00000069 20130121 KihonCheckCheckList05 0 1 201405230000 IKOU
00000069 20130121 KihonCheckCheckList06 2 1 201405230000 IKOU
00000069 20130121 KihonCheckCheckList07 2 1 201405230000 IKOU
00000069 20130121 KihonCheckCheckList08 0 1 201405230000 IKOU
00000069 20130121 KihonCheckCheckList09 2 1 201405230000 IKOU
00000069 20130121 KihonCheckCheckList10 2 1 201405230000 IKOU
00000069 20130121 KihonCheckCheckList11 0 1 201405230000 IKOU
00000069 20130121 KihonCheckCheckList12 0 1 201405230000 IKOU
00000069 20130121 KihonCheckCheckList13 4 1 201405230000 IKOU
00000069 20130121 KihonCheckCheckList14 4 1 201405230000 IKOU
00000069 20130121 KihonCheckCheckList15 0 1 201405230000 IKOU
00000069 20130121 KihonCheckCheckList16 5 1 201405230000 IKOU
00000069 20130121 KihonCheckCheckList17 0 1 201405230000 IKOU
00000069 20130121 KihonCheckCheckList18 0 1 201405230000 IKOU
00000069 20130121 KihonCheckCheckList19 6 1 201405230000 IKOU
00000069 20130121 KihonCheckCheckList20 7 1 201405230000 IKOU
00000069 20130121 KihonCheckCheckList21 0 1 201405230000 IKOU
00000069 20130121 KihonCheckCheckList22 0 1 201405230000 IKOU
00000069 20130121 KihonCheckCheckList23 0 1 201405230000 IKOU
00000069 20130121 KihonCheckCheckList24 0 1 201405230000 IKOU
