00000069 20120906 20120917 齋藤惠子 本人 1 2014052900000000 00078
00000069 20120906 20120917 西村相談員 デイサービスセンター　遊・センター南 1 2014052900000000 00078
00000069 20120906 20120917 菊地ヘルパー グランクレール・ケアサービス美しが丘 1 2014052900000000 00078
00000069 20120906 20120917 山岸綾子 グランクレール・ケアサービス美しが丘 1 2014052900000000 00078
00000069 20130127 20130128 齋藤惠子 本人 1 2014052900000000 00078
00000069 20130127 20130128 渡邉社会福祉士 横浜市新栄地域ケアプラザ 1 2014052900000000 00078
00000069 20130127 20130128 臼井ｻｰﾋﾞｽ提供責任者 グランクレール・ケアサービス美しが丘 1 2014052900000000 00078
00000069 20130127 20130128 山岸綾子 グランクレール・ケアサービス美しが丘 1 2014052900000000 00078
00000069 20130127 20130128 西村センター長（コメント） デイサービスセンター遊・センター南 1 2014052900000000 00078
00000069 20130127 20130128 多田主治医（コメント） ただ内科 1 2014052900000000 00078
