00000238 2013 05 1 1 00032 1 20140702170925 00078
00000238 2013 06 1 1 00032 1 20140702165810 00078
00000238 2013 07 1 1 00032 1 20140702165334 00078
00000238 2013 08 1 1 00032 1 20140702164836 00078
00000238 2013 09 1 1 00032 1 20140702161755 00078
00000238 2013 10 1 1 00032 1 20140702161128 00078
00000238 2013 11 1 1 00032 1 20140702160433 00078
00000238 2013 12 1 1 00032 1 20140702155829 00078
00000238 2014 01 1 1 00032 1 20140617194152 00052
00000238 2014 02 1 1 00047 1 20140617193529 00052
00000238 2014 03 1 1 00032 1 20140617193136 00052
00000238 2014 04 1 1 00047 1 20140617192806 00052
00000238 2014 05 1 1 00032 1 20140819122452 00078
00000238 2014 06 1 1 00032 1 20140701171935 00047
00000238 2014 07 1 1 00032 1 20140802122647 00047
00000238 2014 08 1 1 00032 1 20140901142753 00047
00000238 2014 09 1 1 00032 1 20141001141409 00047
00000238 2014 10 1 1 00032 1 20141101121553 00047
00000238 2014 11 _ _ 00032 1 20141018113615 00032
