00000002 0070 2012 12 1 1 20140730171436 00034
00000002 0070 2013 01 1 1 20140717104953 00034
00000002 0070 2013 02 1 1 20140717110123 00034
00000002 0070 2013 03 1 1 20140717111610 00034
00000002 0070 2013 04 1 1 20140814140013 00034
00000002 0070 2013 05 1 1 20140717113856 00034
00000002 0070 2013 06 1 1 20140717115006 00034
00000002 0070 2013 07 1 1 20140717120150 00034
00000002 0070 2013 08 1 1 20140717121347 00034
00000002 0070 2013 09 1 1 20140814144013 00034
00000002 0070 2013 10 1 1 20140625102949 00034
00000002 0070 2013 11 1 1 20140625103648 00034
00000002 0070 2013 12 1 1 20140814121026 00034
00000002 0073 2012 04 1 1 20140730170331 00034
00000002 0073 2012 05 1 1 20140730170455 00034
00000002 0073 2012 06 1 1 20140730163029 00034
00000002 0073 2012 07 1 1 20140730163554 00034
00000002 0073 2012 08 1 1 20140730164035 00034
00000002 0073 2012 09 1 1 20140730164620 00034
00000002 0073 2012 10 1 1 20140730170209 00034
00000002 0073 2012 11 1 1 20140730170847 00034
00000002 0073 2013 01 _ 1 20140717095513 00034
00000002 0073 2014 01 1 1 20140610174931 00034
00000002 0073 2014 02 1 1 20140610180233 00034
00000002 0073 2014 03 1 1 20140610181441 00034
00000002 0073 2014 04 1 1 20140610182023 00034
00000002 0073 2014 05 1 1 20140815150246 00034
00000002 0073 2014 06 1 1 20140701100735 00078
00000002 0073 2014 07 _ 1 20140803160818 25
00000002 0073 2014 08 1 1 20140901125644 00034
00000002 0073 2014 09 1 1 20140928181957 00035
00000002 0073 2014 10 1 1 20141028194931 00035
00000002 0073 2014 11 1 1 20141130150520 00038
00000002 0073 2014 12 _ 1 20141206181602 00037
