00000144 0070 2014 05 0000024 20 00016 _ 18:45 19:00 1 _ 0 4846 1 11 1 20140701110349 00034
00000144 0070 2014 05 0000025 21 00016 _ 07:50 08:05 1 _ 0 4846 1 11 1 20140701110349 00034
00000144 0070 2014 05 0000026 21 00017 _ 18:45 19:00 1 _ 0 4846 1 11 1 20140701110349 00034
00000144 0070 2014 05 0000027 22 00017 _ 07:50 08:05 1 _ 0 4846 1 11 1 20140701110349 00034
00000144 0070 2014 05 0000028 22 00015 _ 15:30 16:15 1 _ 0 1211 1 11 1 20140701110349 00034
00000144 0070 2014 05 0000029 22 00083 _ 18:45 19:00 1 _ 0 4846 1 11 1 20140701110349 00034
00000144 0070 2014 05 0000030 23 00083 _ 07:50 08:05 1 _ 0 4846 1 11 1 20140701110349 00034
00000144 0070 2014 05 0000031 23 00015 _ 18:45 19:00 1 _ 0 4846 1 11 1 20140701110349 00034
00000144 0070 2014 05 0000032 24 00015 _ 07:50 08:05 1 _ 0 4846 1 11 1 20140701110349 00034
00000144 0070 2014 05 0000033 24 00011 _ 18:45 19:00 1 _ 0 4846 1 11 1 20140701110349 00034
00000144 0070 2014 05 0000034 25 00011 _ 07:50 08:05 1 _ 0 4846 1 11 1 20140701110349 00034
00000144 0070 2014 05 0000035 25 00016 _ 18:45 19:00 1 _ 0 4846 1 11 1 20140701110349 00034
00000144 0070 2014 05 0000036 26 00016 _ 07:50 08:05 1 _ 0 4846 1 11 1 20140701110349 00034
00000144 0070 2014 05 0000037 26 00015 00017 15:30 16:35 4 _ 0 5111 1 11 1 20140701110349 00034
00000144 0070 2014 05 0000038 26 00019 _ 18:20 18:35 1 _ 0 4846 1 11 1 20140701110349 00034
00000144 0070 2014 05 0000039 27 00019 _ 07:50 08:05 1 _ 0 4846 1 11 1 20140701110349 00034
00000144 0070 2014 05 0000040 27 00017 _ 18:30 18:45 1 _ 0 4846 1 11 1 20140701110349 00034
00000144 0070 2014 05 0000041 28 00017 _ 07:50 08:05 1 _ 0 4846 1 11 1 20140701110349 00034
00000144 0070 2014 05 0000042 28 00083 _ 18:45 19:00 1 _ 0 4846 1 11 1 20140701110349 00034
00000144 0070 2014 05 0000043 29 00083 _ 07:50 08:05 1 _ 0 4846 1 11 1 20140701110349 00034
00000144 0070 2014 05 0000044 29 00019 _ 15:45 16:30 1 _ 0 1211 1 11 1 20140701110349 00034
00000144 0070 2014 05 0000045 29 00082 _ 18:45 19:00 1 _ 0 4846 1 11 1 20140701110349 00034
00000144 0070 2014 05 0000046 30 00082 _ 07:50 08:05 1 _ 0 4846 1 11 1 20140701110349 00034
00000144 0070 2014 05 0000047 30 00015 _ 18:45 19:00 2 _ 0 4846 1 11 1 20140701110349 00034
00000144 0070 2014 05 0000048 31 00015 _ 07:50 08:05 1 _ 0 4846 1 11 1 20140701110349 00034
00000144 0070 2014 05 0000049 31 00017 _ 18:45 19:00 1 _ 0 4846 1 11 1 20140701110349 00034
00000144 0070 2014 06 0000002 01 00017 _ 07:50 08:05 1 _ 0 4846 1 11 1 20140701102320 00078
00000144 0070 2014 06 0000003 01 00019 _ 18:45 19:00 1 _ 0 4846 1 11 1 20140701102320 00078
00000144 0070 2014 06 0000004 02 00019 _ 07:50 08:05 1 _ 0 4846 1 11 1 20140701102320 00078
00000144 0070 2014 06 0000005 02 00016 00014 15:30 16:35 1 _ 0 5111 1 11 1 20140701102320 00078
00000144 0070 2014 06 0000006 02 00083 _ 18:45 19:00 1 _ 0 4846 1 11 1 20140701102320 00078
00000144 0070 2014 06 0000007 03 00083 _ 07:50 08:05 1 _ 0 4846 1 11 1 20140701102320 00078
00000144 0070 2014 06 0000008 03 00016 _ 18:45 19:00 1 _ 0 4846 1 11 1 20140701102320 00078
00000144 0070 2014 06 0000009 04 00016 _ 07:50 08:05 1 _ 0 4846 1 11 1 20140701102320 00078
00000144 0070 2014 06 0000010 04 00015 _ 18:45 19:00 1 _ 0 4846 1 11 1 20140701102320 00078
00000144 0070 2014 06 0000011 05 00015 _ 07:50 08:05 1 _ 0 4846 1 11 1 20140701102320 00078
00000144 0070 2014 06 0000012 05 00083 _ 15:30 16:15 1 _ 0 1211 1 11 1 20140701102320 00078
00000144 0070 2014 06 0000013 06 00082 _ 07:50 08:05 1 _ 0 4846 1 11 1 20140701102320 00078
00000144 0070 2014 06 0000014 06 00017 _ 18:45 19:00 1 _ 0 4846 1 11 1 20140701102320 00078
00000144 0070 2014 06 0000015 07 00017 _ 07:50 08:05 1 _ 0 4846 1 11 1 20140701102320 00078
00000144 0070 2014 06 0000016 07 00019 _ 18:45 19:00 1 _ 0 4846 1 11 1 20140701102320 00078
00000144 0070 2014 06 0000017 08 00019 _ 07:50 08:05 1 _ 0 4846 1 11 1 20140701102320 00078
00000144 0070 2014 06 0000018 09 00016 _ 07:50 08:05 1 _ 0 4846 1 11 1 20140701102320 00078
00000144 0070 2014 06 0000019 09 00017 00011 15:30 16:35 1 _ 0 5111 1 11 1 20140701102320 00078
00000144 0070 2014 06 0000020 09 00082 _ 18:45 19:00 1 _ 0 4846 1 11 1 20140701102320 00078
00000144 0070 2014 06 0000021 10 00082 _ 07:50 08:05 1 _ 0 4846 1 11 1 20140701102320 00078
00000144 0070 2014 06 0000022 10 00015 _ 18:45 19:00 1 _ 0 4846 1 11 1 20140701102320 00078
00000144 0070 2014 06 0000023 11 00015 _ 07:50 08:05 1 _ 0 4846 1 11 1 20140701102320 00078
00000144 0070 2014 06 0000050 11 00017 _ 18:45 19:00 1 _ 0 4846 1 11 1 20140701102320 00078
00000144 0070 2014 06 0000051 12 00017 _ 07:50 08:05 1 _ 0 4846 1 11 1 20140701102320 00078
00000144 0070 2014 06 0000052 08 00016 _ 18:45 19:00 1 _ 0 4846 1 11 1 20140701102320 00078
00000144 0070 2014 06 0000053 12 00083 _ 18:25 18:40 1 _ 0 4846 1 11 1 20140701102320 00078
00000144 0070 2014 06 0000054 13 00083 _ 07:50 08:05 1 _ 0 4846 1 11 1 20140701102320 00078
00000144 0070 2014 06 0000055 13 00019 _ 18:45 19:00 1 _ 0 4846 1 11 1 20140701102320 00078
00000144 0070 2014 06 0000056 14 00019 _ 07:50 08:05 1 _ 0 4846 1 11 1 20140701102320 00078
00000144 0070 2014 06 0000057 14 00016 _ 18:45 19:00 1 _ 0 4846 1 11 1 20140701102320 00078
00000144 0070 2014 06 0000058 15 00016 _ 07:50 08:05 1 _ 0 4846 1 11 1 20140701102320 00078
00000144 0070 2014 06 0000059 16 00082 _ 07:50 08:05 1 _ 0 4846 1 11 1 20140701102320 00078
00000144 0070 2014 06 0000060 16 00083 00019 15:30 16:35 4 _ 0 5111 1 11 1 20140701102320 00078
00000144 0070 2014 06 0000061 16 00017 _ 18:45 19:00 1 _ 0 4846 1 11 1 20140701102320 00078
00000144 0070 2014 06 0000062 17 00017 _ 07:50 08:05 1 _ 0 4846 1 11 1 20140701102320 00078
00000144 0070 2014 06 0000063 17 00015 _ 18:45 19:00 1 _ 0 4846 1 11 1 20140701102320 00078
00000144 0070 2014 06 0000064 18 00015 _ 07:50 08:05 1 _ 0 4846 1 11 1 20140701102320 00078
00000144 0070 2014 06 0000065 18 00083 _ 18:45 19:00 1 _ 0 4846 1 11 1 20140701102320 00078
00000144 0070 2014 06 0000066 19 00083 _ 07:50 08:05 1 _ 0 4846 1 11 1 20140701102320 00078
00000144 0070 2014 06 0000067 19 00092 _ 15:30 16:15 1 _ 0 1211 1 11 1 20140701102320 00078
00000144 0070 2014 06 0000068 19 00016 _ 18:45 19:00 1 _ 0 4846 1 11 1 20140701102320 00078
00000144 0070 2014 06 0000069 20 00016 _ 07:50 08:05 1 _ 0 4846 1 11 1 20140701102320 00078
00000144 0070 2014 06 0000070 20 00082 _ 18:45 19:00 1 _ 0 4846 1 11 1 20140701102320 00078
00000144 0070 2014 06 0000071 21 00082 _ 07:50 08:05 1 _ 0 4846 1 11 1 20140701102320 00078
00000144 0070 2014 06 0000072 21 00011 _ 18:45 19:00 1 _ 0 4846 1 11 1 20140701102320 00078
00000144 0070 2014 06 0000073 22 00011 _ 07:50 08:05 1 _ 0 4846 1 11 1 20140701102320 00078
00000144 0070 2014 06 0000074 22 00083 _ 18:45 19:00 1 _ 0 4846 1 11 1 20140701102320 00078
00000144 0070 2014 06 0000075 23 00017 00082 15:30 16:35 4 _ 0 5111 1 11 1 20140701102320 00078
00000144 0070 2014 06 0000076 23 00015 _ 18:45 19:00 1 _ 0 4846 1 11 1 20140701102320 00078
00000144 0070 2014 06 0000077 24 00015 _ 07:50 08:05 1 _ 0 4846 1 11 1 20140701102320 00078
00000144 0070 2014 06 0000078 25 00019 _ 07:50 08:05 1 _ 0 4846 1 11 1 20140701102320 00078
00000144 0070 2014 06 0000079 24 00019 _ 18:45 19:00 1 _ 0 4846 1 11 1 20140701102320 00078
00000144 0070 2014 06 0000080 25 00017 _ 18:45 19:00 1 _ 0 4846 1 11 1 20140701102320 00078
00000144 0070 2014 06 0000081 26 00017 _ 07:50 08:05 1 _ 0 4846 1 11 1 20140701102320 00078
00000144 0070 2014 06 0000082 26 00092 _ 15:30 16:15 1 _ 0 1211 1 11 1 20140701102320 00078
00000144 0070 2014 06 0000083 26 00016 _ 18:45 19:00 1 _ 0 4846 1 11 1 20140701102320 00078
00000144 0070 2014 06 0000084 27 00016 _ 07:50 08:05 1 _ 0 4846 1 11 1 20140701102320 00078
00000144 0070 2014 06 0000085 27 00092 _ 18:45 19:00 1 _ 0 4846 1 11 1 20140701102320 00078
00000144 0070 2014 06 0000086 28 00092 _ 07:50 08:05 1 _ 0 4846 1 11 1 20140701102320 00078
00000144 0070 2014 06 0000087 28 00019 _ 18:45 19:00 1 _ 0 4846 1 11 1 20140701102320 00078
00000144 0070 2014 06 0000088 29 00019 _ 07:50 08:05 1 _ 0 4846 1 11 1 20140701102320 00078
00000144 0070 2014 06 0000089 30 00015 _ 07:50 08:05 1 _ 0 4846 1 11 1 20140701102320 00078
00000144 0070 2014 06 0000090 23 00017 _ 07:40 07:55 1 _ 0 4846 1 11 1 20140701102320 00078
00000144 0070 2014 06 0000091 29 00015 _ 18:45 19:00 1 _ 0 4846 1 11 1 20140701102320 00078
00000144 0070 2014 06 0000092 30 00082 00083 15:30 16:35 1 _ 0 5111 1 11 1 20140701102320 00078
00000144 0070 2014 06 0000093 30 00017 _ 18:45 19:00 1 _ 0 4846 1 11 1 20140701102320 00078
00000144 0070 2014 07 0000094 01 00017 _ 07:50 08:05 1 _ 0 4846 1 11 1 20140801115745 00034
00000144 0070 2014 07 0000095 02 00083 _ 07:50 08:05 1 _ 0 4846 1 11 1 20140801115745 00034
00000144 0070 2014 07 0000096 01 00083 _ 18:45 19:00 1 _ 0 4846 1 11 1 20140801115745 00034
00000144 0070 2014 07 0000097 02 00016 _ 18:45 19:00 1 _ 0 4846 1 11 1 20140801115745 00034
00000144 0070 2014 07 0000098 03 00016 _ 07:50 08:05 1 _ 0 4846 1 11 1 20140801115745 00034
00000144 0070 2014 07 0000099 03 00017 _ 15:30 16:15 1 _ 0 1211 1 11 1 20140801115745 00034
00000144 0070 2014 07 0000100 03 00019 _ 18:45 19:00 1 _ 0 4846 1 11 1 20140801115745 00034
00000144 0070 2014 07 0000101 04 00019 _ 07:50 08:05 1 _ 0 4846 1 11 1 20140801115745 00034
00000144 0070 2014 07 0000102 04 00015 _ 18:45 19:00 1 _ 0 4846 1 11 1 20140801115745 00034
00000144 0070 2014 07 0000103 05 00015 _ 07:50 08:05 1 _ 0 4846 1 11 1 20140801115745 00034
00000144 0070 2014 07 0000104 05 00092 _ 18:45 19:00 1 _ 0 4846 1 11 1 20140801115745 00034
00000144 0070 2014 07 0000105 06 00092 _ 07:50 08:05 1 _ 0 4846 1 11 1 20140801115745 00034
00000144 0070 2014 07 0000106 06 00082 _ 18:45 19:00 1 _ 0 4846 1 11 1 20140801115745 00034
00000144 0070 2014 07 0000107 07 00082 _ 07:50 08:05 1 _ 0 4846 1 11 1 20140801115745 00034
00000144 0070 2014 07 0000108 07 00015 00019 15:30 16:35 4 _ 0 5111 1 11 1 20140801115745 00034
00000144 0070 2014 07 0000109 08 00083 _ 07:50 08:05 1 _ 0 4846 1 11 1 20140801115745 00034
00000144 0070 2014 07 0000110 08 00019 _ 18:45 19:00 1 _ 0 4846 1 11 1 20140801115745 00034
00000144 0070 2014 07 0000111 09 00019 _ 07:50 08:05 1 _ 0 4846 1 11 1 20140801115745 00034
00000144 0070 2014 07 0000112 09 00015 _ 18:45 19:00 1 _ 0 4846 1 11 1 20140801115745 00034
00000144 0070 2014 07 0000113 10 00015 _ 07:50 08:05 1 _ 0 4846 1 11 1 20140801115745 00034
00000144 0070 2014 07 0000114 10 00093 _ 15:30 16:15 1 _ 0 1211 1 11 1 20140801115745 00034
00000144 0070 2014 07 0000115 10 00016 _ 18:45 19:00 1 _ 0 4846 1 11 1 20140801115745 00034
00000144 0070 2014 07 0000116 11 00016 _ 07:50 08:05 1 _ 0 4846 1 11 1 20140801115745 00034
00000144 0070 2014 07 0000117 11 00017 _ 18:45 19:00 1 _ 0 4846 1 11 1 20140801115745 00034
00000144 0070 2014 07 0000118 12 00017 _ 07:50 08:05 1 _ 0 4846 1 11 1 20140801115745 00034
00000144 0070 2014 07 0000119 12 00092 _ 18:45 19:00 1 _ 0 4846 1 11 1 20140801115745 00034
00000144 0070 2014 07 0000120 13 00092 _ 07:50 08:05 1 _ 0 4846 1 11 1 20140801115745 00034
00000144 0070 2014 07 0000121 13 00082 _ 18:45 19:00 1 _ 0 4846 1 11 1 20140801115745 00034
00000144 0070 2014 07 0000122 14 00082 _ 07:50 08:05 1 _ 0 4846 1 11 1 20140801115745 00034
00000144 0070 2014 07 0000123 14 00095 00093 15:30 16:35 4 _ 0 5111 1 11 1 20140801115745 00034
00000144 0070 2014 07 0000124 14 00016 _ 18:45 19:00 1 _ 0 4846 1 11 1 20140801115745 00034
00000144 0070 2014 07 0000125 15 00016 _ 07:50 08:05 1 _ 0 4846 1 11 1 20140801115745 00034
00000144 0070 2014 07 0000126 15 00015 _ 18:45 19:00 1 _ 0 4846 1 11 1 20140801115745 00034
00000144 0070 2014 07 0000127 16 00015 _ 07:50 08:05 1 _ 0 4846 1 11 1 20140801115745 00034
00000144 0070 2014 07 0000128 16 00017 _ 18:45 19:00 1 _ 0 4846 1 11 1 20140801115745 00034
00000144 0070 2014 07 0000129 17 00017 _ 07:50 08:05 1 _ 0 4846 1 11 1 20140801115745 00034
00000144 0070 2014 07 0000130 17 00092 _ 18:45 19:00 1 _ 0 4846 1 11 1 20140801115745 00034
00000144 0070 2014 07 0000131 18 00092 _ 07:50 08:05 1 _ 0 4846 1 11 1 20140801115745 00034
00000144 0070 2014 07 0000132 17 00019 _ 15:30 16:15 1 _ 0 1211 1 11 1 20140801115745 00034
00000144 0070 2014 07 0000133 19 00015 _ 18:45 19:00 1 _ 0 4846 1 11 1 20140801115745 00034
00000144 0070 2014 07 0000134 20 00015 _ 07:50 08:05 1 _ 0 4846 1 11 1 20140801115745 00034
00000144 0070 2014 07 0000135 18 00082 _ 18:45 19:00 1 _ 0 4846 1 11 1 20140801115745 00034
00000144 0070 2014 07 0000136 19 00082 _ 07:50 08:05 1 _ 0 4846 1 11 1 20140801115745 00034
00000144 0070 2014 07 0000137 20 00016 _ 18:45 19:00 1 _ 0 4846 1 11 1 20140801115745 00034
00000144 0070 2014 07 0000138 21 00016 _ 07:50 08:05 1 _ 0 4846 1 11 1 20140801115745 00034
00000144 0070 2014 07 0000139 21 00017 00092 15:30 16:35 4 _ 0 5111 1 11 1 20140801115745 00034
00000144 0070 2014 07 0000140 21 00019 _ 18:45 19:00 1 _ 0 4846 1 11 1 20140801115745 00034
00000144 0070 2014 07 0000141 22 00019 _ 07:50 08:05 1 _ 0 4846 1 11 1 20140801115745 00034
00000144 0070 2014 07 0000142 22 00092 _ 18:45 19:00 1 _ 0 4846 1 11 1 20140801115745 00034
00000144 0070 2014 07 0000143 23 00092 _ 07:50 08:05 1 _ 0 4846 1 11 1 20140801115745 00034
00000144 0070 2014 07 0000144 23 00017 _ 18:45 19:00 1 _ 0 4846 1 11 1 20140801115745 00034
00000144 0070 2014 07 0000145 24 00017 _ 07:50 08:05 1 _ 0 4846 1 11 1 20140801115745 00034
00000144 0070 2014 07 0000146 24 00019 _ 15:30 16:15 1 _ 0 1211 1 11 1 20140801115745 00034
00000144 0070 2014 07 0000147 24 00082 _ 18:45 19:00 1 _ 0 4846 1 11 1 20140801115745 00034
00000144 0070 2014 07 0000148 25 00082 _ 07:50 08:05 1 _ 0 4846 1 11 1 20140801115745 00034
00000144 0070 2014 07 0000149 25 00083 _ 18:45 19:00 1 _ 0 4846 1 11 1 20140801115745 00034
00000144 0070 2014 07 0000150 26 00083 _ 07:50 08:05 1 _ 0 4846 1 11 1 20140801115745 00034
00000144 0070 2014 07 0000151 26 00019 _ 18:45 19:00 1 _ 0 4846 1 11 1 20140801115745 00034
00000144 0070 2014 07 0000152 27 00019 _ 07:50 08:05 1 _ 0 4846 1 11 1 20140801115745 00034
00000144 0070 2014 07 0000153 27 00015 _ 18:45 19:00 1 _ 0 4846 1 11 1 20140801115745 00034
00000144 0070 2014 07 0000154 28 00095 00096 15:30 16:35 4 _ 0 5111 1 11 1 20140801115745 00034
00000144 0070 2014 07 0000155 28 00017 _ 18:55 19:10 1 _ 0 4846 1 11 1 20140801115745 00034
00000144 0070 2014 07 0000156 29 00017 _ 07:50 08:05 1 _ 0 4846 1 11 1 20140801115745 00034
00000144 0070 2014 07 0000157 29 00092 _ 18:15 18:30 1 _ 0 4846 1 11 1 20140801115745 00034
00000144 0070 2014 07 0000158 30 00092 _ 07:50 08:05 1 _ 0 4846 1 11 1 20140801115745 00034
00000144 0070 2014 07 0000159 30 00016 _ 18:45 19:00 1 _ 0 4846 1 11 1 20140801115745 00034
00000144 0070 2014 07 0000160 31 00016 _ 07:50 08:05 1 _ 0 4846 1 11 1 20140801115745 00034
00000144 0070 2014 07 0000161 31 00083 _ 15:30 16:15 1 _ 0 1211 1 11 1 20140801115745 00034
00000144 0070 2014 07 0000162 31 00019 _ 18:45 19:00 1 _ 0 4846 1 11 1 20140801115745 00034
00000144 0070 2014 08 0000163 01 00019 _ 07:50 08:05 1 _ 0 4846 1 11 1 20140831213526 00014
00000144 0070 2014 08 0000164 01 00082 _ 18:45 19:00 1 _ 0 4846 1 11 1 20140831213526 00014
00000144 0070 2014 08 0000165 02 00082 _ 07:50 08:05 1 _ 0 4846 1 11 1 20140831213526 00014
00000144 0070 2014 08 0000166 02 00083 _ 18:45 19:00 1 _ 0 4846 1 11 1 20140831213526 00014
00000144 0070 2014 08 0000167 03 00083 _ 07:50 08:05 1 _ 0 4846 1 11 1 20140831213526 00014
00000144 0070 2014 08 0000168 03 00092 _ 18:45 19:00 1 _ 0 4846 1 11 1 20140831213526 00014
00000144 0070 2014 08 0000169 04 00092 _ 07:50 08:05 1 _ 0 4846 1 11 1 20140831213526 00014
00000144 0070 2014 08 0000170 04 00093 00019 15:30 16:35 4 _ 0 5111 1 11 1 20140831213526 00014
00000144 0070 2014 08 0000171 04 00017 _ 18:45 19:00 1 _ 0 4846 1 11 1 20140831213526 00014
00000144 0070 2014 08 0000172 05 00017 _ 07:50 08:05 1 _ 0 4846 1 11 1 20140831213526 00014
00000144 0070 2014 08 0000173 05 00016 _ 18:45 19:00 1 _ 0 4846 1 11 1 20140831213526 00014
00000144 0070 2014 08 0000174 06 00016 _ 07:50 08:05 1 _ 0 4846 1 11 1 20140831213526 00014
00000144 0070 2014 08 0000175 06 00015 _ 18:45 19:00 1 _ 0 4846 1 11 1 20140831213526 00014
00000144 0070 2014 08 0000176 07 00015 _ 07:50 08:05 1 _ 0 4846 1 11 1 20140831213526 00014
00000144 0070 2014 08 0000177 07 00083 _ 15:30 16:15 1 _ 0 1211 1 11 1 20140831213526 00014
00000144 0070 2014 08 0000178 07 00082 _ 18:45 19:00 1 _ 0 4846 1 11 1 20140831213526 00014
00000144 0070 2014 08 0000179 08 00082 _ 07:50 08:05 1 _ 0 4846 1 11 1 20140831213526 00014
00000144 0070 2014 08 0000180 08 00019 _ 18:45 19:00 1 _ 0 4846 1 11 1 20140831213526 00014
00000144 0070 2014 08 0000181 09 00019 _ 07:50 08:05 1 _ 0 4846 1 11 1 20140831213526 00014
00000144 0070 2014 08 0000182 09 00092 _ 18:45 19:00 1 _ 0 4846 1 11 1 20140831213526 00014
00000144 0070 2014 08 0000183 10 00092 _ 07:50 08:05 1 _ 0 4846 1 11 1 20140831213526 00014
00000144 0070 2014 08 0000184 10 00016 _ 18:45 19:00 1 _ 0 4846 1 11 1 20140831213526 00014
00000144 0070 2014 08 0000185 11 00016 _ 07:50 08:05 1 _ 0 4846 1 11 1 20140831213526 00014
00000144 0070 2014 08 0000186 11 00093 00095 15:30 16:35 4 _ 0 5111 1 11 1 20140831213526 00014
00000144 0070 2014 08 0000187 11 00083 _ 18:45 19:00 1 _ 0 4846 1 11 1 20140831213526 00014
00000144 0070 2014 08 0000188 12 00083 _ 07:50 08:05 1 _ 0 4846 1 11 1 20140831213526 00014
00000144 0070 2014 08 0000189 12 00017 _ 18:45 19:00 1 _ 0 4846 1 11 1 20140831213526 00014
00000144 0070 2014 08 0000190 13 00017 _ 07:50 08:05 1 _ 0 4846 1 11 1 20140831213526 00014
00000144 0070 2014 08 0000191 13 00019 _ 18:45 19:00 1 _ 0 4846 1 11 1 20140831213526 00014
00000144 0070 2014 08 0000192 14 00019 _ 07:50 08:05 1 _ 0 4846 1 11 1 20140831213526 00014
00000144 0070 2014 08 0000193 14 00096 _ 15:30 16:15 1 _ 0 1211 1 11 1 20140831213526 00014
00000144 0070 2014 08 0000194 14 00016 _ 18:45 19:00 1 _ 0 4846 1 11 1 20140831213526 00014
00000144 0070 2014 08 0000195 15 00016 _ 07:50 08:05 1 _ 0 4846 1 11 1 20140831213526 00014
00000144 0070 2014 08 0000196 15 00092 _ 18:45 19:00 1 _ 0 4846 1 11 1 20140831213526 00014
00000144 0070 2014 08 0000197 16 00092 _ 07:50 08:05 1 _ 0 4846 1 11 1 20140831213526 00014
00000144 0070 2014 08 0000198 16 00017 _ 18:45 19:00 1 _ 0 4846 1 11 1 20140831213526 00014
00000144 0070 2014 08 0000199 17 00017 _ 07:50 08:05 1 _ 0 4846 1 11 1 20140831213526 00014
00000144 0070 2014 08 0000200 17 00082 _ 18:00 18:15 1 _ 0 4846 1 11 1 20140831213526 00014
00000144 0070 2014 08 0000201 18 00082 _ 07:50 08:05 1 _ 0 4846 1 11 1 20140831213526 00014
00000144 0070 2014 08 0000202 18 00016 00096 15:30 16:35 4 _ 0 5111 1 11 1 20140831213526 00014
00000144 0070 2014 08 0000203 18 00083 _ 18:45 19:00 1 _ 0 4846 1 11 1 20140831213526 00014
00000144 0070 2014 08 0000204 19 00083 _ 07:50 08:05 1 _ 0 4846 1 11 1 20140831213526 00014
00000144 0070 2014 08 0000205 19 00019 _ 18:45 19:00 1 _ 0 4846 1 11 1 20140831213526 00014
00000144 0070 2014 08 0000206 20 00019 _ 07:50 08:05 1 _ 0 4846 1 11 1 20140831213526 00014
00000144 0070 2014 08 0000207 20 00092 _ 18:45 19:00 1 _ 0 4846 1 11 1 20140831213526 00014
00000144 0070 2014 08 0000208 21 00092 _ 07:50 08:05 1 _ 0 4846 1 11 1 20140831213526 00014
00000144 0070 2014 08 0000209 21 00096 _ 15:30 16:15 1 _ 0 1211 1 11 1 20140831213526 00014
00000144 0070 2014 08 0000210 21 00016 _ 18:45 19:00 1 _ 0 4846 1 11 1 20140831213526 00014
00000144 0070 2014 08 0000211 22 00016 _ 07:50 08:05 1 _ 0 4846 1 11 1 20140831213526 00014
00000144 0070 2014 08 0000212 22 00015 _ 18:45 19:00 1 _ 0 4846 1 11 1 20140831213526 00014
00000144 0070 2014 08 0000213 23 00015 _ 07:50 08:05 1 _ 0 4846 1 11 1 20140831213526 00014
00000144 0070 2014 08 0000214 23 00083 _ 18:45 19:00 1 _ 0 4846 1 11 1 20140831213526 00014
00000144 0070 2014 08 0000215 24 00083 _ 07:50 08:05 1 _ 0 4846 1 11 1 20140831213526 00014
00000144 0070 2014 08 0000216 24 00017 _ 18:45 19:00 1 _ 0 4846 1 11 1 20140831213526 00014
00000144 0070 2014 08 0000217 25 00017 _ 07:50 08:05 1 _ 0 4846 1 11 1 20140831213526 00014
00000144 0070 2014 08 0000218 25 00082 00096 15:30 16:35 4 _ 0 5111 1 11 1 20140831213526 00014
00000144 0070 2014 08 0000219 25 00092 _ 18:45 19:00 1 _ 0 4846 1 11 1 20140831213526 00014
00000144 0070 2014 08 0000220 26 00092 _ 07:50 08:05 1 _ 0 4846 1 11 1 20140831213526 00014
00000144 0070 2014 08 0000221 26 00019 _ 18:45 19:00 1 _ 0 4846 1 11 1 20140831213526 00014
00000144 0070 2014 08 0000222 27 00019 _ 07:50 08:05 1 _ 0 4846 1 11 1 20140831213526 00014
00000144 0070 2014 08 0000223 27 00015 _ 18:45 19:00 1 _ 0 4846 1 11 1 20140831213526 00014
00000144 0070 2014 08 0000224 28 00015 _ 07:50 08:05 1 _ 0 4846 1 11 1 20140831213526 00014
00000144 0070 2014 08 0000225 28 00017 _ 15:30 16:15 1 _ 0 1211 1 11 1 20140831213526 00014
00000144 0070 2014 08 0000226 28 00083 _ 18:45 19:00 1 _ 0 4846 1 11 1 20140831213526 00014
00000144 0070 2014 08 0000227 29 00083 _ 07:50 08:05 1 _ 0 4846 1 11 1 20140831213526 00014
00000144 0070 2014 08 0000228 29 00017 _ 18:45 19:00 1 _ 0 4846 1 11 1 20140831213526 00014
00000144 0070 2014 08 0000229 30 00017 _ 07:50 08:05 1 _ 0 4846 1 11 1 20140831213526 00014
00000144 0070 2014 08 0000230 30 00016 _ 18:45 19:00 1 _ 0 4846 1 11 1 20140831213526 00014
00000144 0070 2014 08 0000231 31 00016 _ 07:50 08:05 1 _ 0 4846 1 11 1 20140831213526 00014
00000144 0070 2014 08 0000232 31 00015 _ 18:45 19:00 1 _ 0 4846 1 11 1 20140831213526 00014
00000144 0070 2014 09 0000233 01 00015 _ 07:50 08:05 1 _ 0 4846 1 11 1 20141001112450 00014
00000144 0070 2014 09 0000234 01 00019 00092 15:30 16:29 4 _ 0 5111 1 11 1 20141001112450 00014
00000144 0070 2014 09 0000235 01 00082 _ 18:45 19:00 1 _ 0 4846 1 11 1 20141001112450 00014
00000144 0070 2014 09 0000236 02 00082 _ 07:50 08:05 1 _ 0 4846 1 11 1 20141001112450 00014
00000144 0070 2014 09 0000237 02 00092 _ 18:55 19:10 1 _ 0 4846 1 11 1 20141001112450 00014
00000144 0070 2014 09 0000238 03 00092 _ 07:50 08:05 1 _ 0 4846 1 11 1 20141001112450 00014
00000144 0070 2014 09 0000239 03 00019 _ 18:45 19:00 1 _ 0 4846 1 11 1 20141001112450 00014
00000144 0070 2014 09 0000240 04 00019 _ 07:50 08:05 1 _ 0 4846 1 11 1 20141001112450 00014
00000144 0070 2014 09 0000241 04 00016 _ 15:30 16:15 1 _ 0 1211 1 11 1 20141001112450 00014
00000144 0070 2014 09 0000242 04 00015 _ 18:45 19:00 1 _ 0 4846 1 11 1 20141001112450 00014
00000144 0070 2014 09 0000243 05 00015 _ 07:50 08:05 1 _ 0 4846 1 11 1 20141001112450 00014
00000144 0070 2014 09 0000244 05 00017 _ 18:45 19:00 1 _ 0 4846 1 11 1 20141001112450 00014
00000144 0070 2014 09 0000245 06 00017 _ 07:50 08:05 1 _ 0 4846 1 11 1 20141001112450 00014
00000144 0070 2014 09 0000246 06 00096 _ 18:45 19:00 1 _ 0 4846 1 11 1 20141001112450 00014
00000144 0070 2014 09 0000247 07 00096 _ 07:50 08:05 1 _ 0 4846 1 11 1 20141001112450 00014
00000144 0070 2014 09 0000248 07 00016 _ 18:45 19:00 1 _ 0 4846 1 11 1 20141001112450 00014
00000144 0070 2014 09 0000249 08 00016 _ 07:50 08:05 1 _ 0 4846 1 11 1 20141001112450 00014
00000144 0070 2014 09 0000250 08 00093 00019 13:15 14:14 4 _ 0 5111 1 11 1 20141001112450 00014
00000144 0070 2014 09 0000251 08 00092 _ 18:45 19:00 1 _ 0 4846 1 11 1 20141001112450 00014
00000144 0070 2014 09 0000252 09 00092 _ 07:50 08:05 1 _ 0 4846 1 11 1 20141001112450 00014
00000144 0070 2014 09 0000253 09 00082 _ 18:45 19:00 1 _ 0 4846 1 11 1 20141001112450 00014
00000144 0070 2014 09 0000254 10 00082 _ 07:50 08:05 1 _ 0 4846 1 11 1 20141001112450 00014
00000144 0070 2014 09 0000255 10 00015 _ 18:45 19:00 1 _ 0 4846 1 11 1 20141001112450 00014
00000144 0070 2014 09 0000256 11 00015 _ 07:50 08:05 1 _ 0 4846 1 11 1 20141001112450 00014
00000144 0070 2014 09 0000257 11 00016 _ 15:30 16:15 1 _ 0 1211 1 11 1 20141001112450 00014
00000144 0070 2014 09 0000258 11 00019 _ 18:45 19:00 1 _ 0 4846 1 11 1 20141001112450 00014
00000144 0070 2014 09 0000259 12 00019 _ 07:50 08:05 1 _ 0 4846 1 11 1 20141001112450 00014
00000144 0070 2014 09 0000260 12 00017 _ 18:45 19:00 1 _ 0 4846 1 11 1 20141001112450 00014
00000144 0070 2014 09 0000261 13 00017 _ 07:50 08:05 1 _ 0 4846 1 11 1 20141001112450 00014
00000144 0070 2014 09 0000262 13 00096 _ 18:45 19:00 1 _ 0 4846 1 11 1 20141001112450 00014
00000144 0070 2014 09 0000263 14 00096 _ 07:50 08:05 1 _ 0 4846 1 11 1 20141001112450 00014
00000144 0070 2014 09 0000264 14 00082 _ 18:45 19:00 1 _ 0 4846 1 11 1 20141001112450 00014
00000144 0070 2014 09 0000265 15 00082 _ 07:50 08:05 1 _ 0 4846 1 11 1 20141001112450 00014
00000144 0070 2014 09 0000266 15 00093 00095 13:15 14:20 4 _ 0 5111 1 11 1 20141001112450 00014
00000144 0070 2014 09 0000267 15 00092 _ 18:45 19:00 1 _ 0 4846 1 11 1 20141001112450 00014
00000144 0070 2014 09 0000268 16 00092 _ 07:50 08:05 1 _ 0 4846 1 11 1 20141001112450 00014
00000144 0070 2014 09 0000269 16 00017 _ 18:45 19:00 1 _ 0 4846 1 11 1 20141001112450 00014
00000144 0070 2014 09 0000270 17 00017 _ 07:50 08:05 1 _ 0 4846 1 11 1 20141001112450 00014
00000144 0070 2014 09 0000271 17 00019 _ 18:45 19:00 1 _ 0 4846 1 11 1 20141001112450 00014
00000144 0070 2014 09 0000272 18 00019 _ 07:50 08:05 1 _ 0 4846 1 11 1 20141001112450 00014
00000144 0070 2014 09 0000273 18 00011 _ 15:30 16:15 1 _ 0 1211 1 11 1 20141001112450 00014
00000144 0070 2014 09 0000274 18 00015 _ 18:45 19:00 1 _ 0 4846 1 11 1 20141001112450 00014
00000144 0070 2014 09 0000275 19 00015 _ 07:50 08:05 1 _ 0 4846 1 11 1 20141001112450 00014
00000144 0070 2014 09 0000276 19 00083 _ 18:45 19:00 1 _ 0 4846 1 11 1 20141001112450 00014
00000144 0070 2014 09 0000277 20 00083 _ 07:50 08:05 1 _ 0 4846 1 11 1 20141001112450 00014
00000144 0070 2014 09 0000278 20 00092 _ 18:45 19:00 1 _ 0 4846 1 11 1 20141001112450 00014
00000144 0070 2014 09 0000279 21 00092 _ 07:50 08:05 1 _ 0 4846 1 11 1 20141001112450 00014
00000144 0070 2014 09 0000280 21 00016 _ 18:45 19:00 1 _ 0 4846 1 11 1 20141001112450 00014
00000144 0070 2014 09 0000281 22 00016 _ 07:50 08:05 1 _ 0 4846 1 11 1 20141001112450 00014
00000144 0070 2014 09 0000282 22 00082 00096 13:15 14:20 4 _ 0 5111 1 11 1 20141001112450 00014
00000144 0070 2014 09 0000283 22 00093 _ 18:45 19:00 1 _ 0 4846 1 11 1 20141001112450 00014
00000144 0070 2014 09 0000284 23 00093 _ 07:50 08:05 1 _ 0 4846 1 11 1 20141001112450 00014
00000144 0070 2014 09 0000285 23 00019 _ 18:45 19:00 1 _ 0 4846 1 11 1 20141001112450 00014
00000144 0070 2014 09 0000286 24 00019 _ 07:50 08:05 1 _ 0 4846 1 11 1 20141001112450 00014
00000144 0070 2014 09 0000287 24 00015 _ 18:45 19:00 1 _ 0 4846 1 11 1 20141001112450 00014
00000144 0070 2014 09 0000288 25 00015 _ 07:50 08:05 1 _ 0 4846 1 11 1 20141001112450 00014
00000144 0070 2014 09 0000289 25 00095 _ 15:30 16:15 1 _ 0 1211 1 11 1 20141001112450 00014
00000144 0070 2014 09 0000290 25 00083 _ 18:45 19:00 1 _ 0 4846 1 11 1 20141001112450 00014
00000144 0070 2014 09 0000291 26 00083 _ 07:50 08:05 1 _ 0 4846 1 11 1 20141001112450 00014
00000144 0070 2014 09 0000292 26 00017 _ 18:45 19:00 1 _ 0 4846 1 11 1 20141001112450 00014
00000144 0070 2014 09 0000293 27 00017 _ 07:50 08:05 1 _ 0 4846 1 11 1 20141001112450 00014
00000144 0070 2014 09 0000294 27 00016 _ 18:45 19:00 1 _ 0 4846 1 11 1 20141001112450 00014
00000144 0070 2014 09 0000295 28 00016 _ 07:50 08:05 1 _ 0 4846 1 11 1 20141001112450 00014
00000144 0070 2014 09 0000296 28 00096 _ 18:45 19:00 1 _ 0 4846 1 11 1 20141001112450 00014
00000144 0070 2014 09 0000297 29 00096 _ 07:50 08:05 1 _ 0 4846 1 11 1 20141001112450 00014
00000144 0070 2014 09 0000298 29 00083 00011 13:15 14:20 4 _ 0 5111 1 11 1 20141001112450 00014
00000144 0070 2014 09 0000299 29 00092 _ 18:45 19:00 1 _ 0 4846 1 11 1 20141001112450 00014
00000144 0070 2014 09 0000300 30 00092 _ 07:50 08:05 1 _ 0 4846 1 11 1 20141001112450 00014
00000144 0070 2014 09 0000301 30 00083 _ 18:45 19:00 1 _ 0 4846 1 11 1 20141001112450 00014
00000144 0070 2014 10 0000302 01 00083 _ 07:50 08:05 1 _ 0 4846 1 11 1 20141101121229 00034
00000144 0070 2014 10 0000303 01 00093 _ 18:45 19:00 1 _ 0 4846 1 11 1 20141101121229 00034
00000144 0070 2014 10 0000304 02 00093 _ 07:50 08:05 1 _ 0 4846 1 11 1 20141101121229 00034
00000144 0070 2014 10 0000305 02 00082 _ 15:30 16:15 1 _ 0 1211 1 11 1 20141101121229 00034
00000144 0070 2014 10 0000306 02 00017 _ 18:45 19:00 1 _ 0 4846 1 11 1 20141101121229 00034
00000144 0070 2014 10 0000307 03 00017 _ 07:50 08:05 1 _ 0 4846 1 11 1 20141101121229 00034
00000144 0070 2014 10 0000308 03 00016 _ 18:45 19:00 1 _ 0 4846 1 11 1 20141101121229 00034
00000144 0070 2014 10 0000309 04 00016 _ 07:50 08:05 1 _ 0 4846 1 11 1 20141101121229 00034
00000144 0070 2014 10 0000310 04 00083 _ 18:45 19:00 1 _ 0 4846 1 11 1 20141101121229 00034
00000144 0070 2014 10 0000311 05 00083 _ 07:50 08:05 1 _ 0 4846 1 11 1 20141101121229 00034
00000144 0070 2014 10 0000312 05 00092 _ 18:45 19:00 1 _ 0 4846 1 11 1 20141101121229 00034
00000144 0070 2014 10 0000313 06 00092 _ 07:50 08:05 1 _ 0 4846 1 11 1 20141101121229 00034
00000144 0070 2014 10 0000314 06 00095 00014 13:15 14:20 4 _ 0 5111 1 11 1 20141101121229 00034
00000144 0070 2014 10 0000315 06 00019 _ 18:45 19:00 1 _ 0 4846 1 11 1 20141101121229 00034
00000144 0070 2014 10 0000316 07 00019 _ 07:50 08:05 1 _ 0 4846 1 11 1 20141101121229 00034
00000144 0070 2014 10 0000317 07 00096 _ 18:45 19:00 1 _ 0 4846 1 11 1 20141101121229 00034
00000144 0070 2014 10 0000318 08 00096 _ 07:50 08:05 1 _ 0 4846 1 11 1 20141101121229 00034
00000144 0070 2014 10 0000319 08 00082 _ 18:45 19:00 1 _ 0 4846 1 11 1 20141101121229 00034
00000144 0070 2014 10 0000320 09 00082 _ 07:50 08:05 1 _ 0 4846 1 11 1 20141101121229 00034
00000144 0070 2014 10 0000321 09 00083 _ 15:30 16:15 1 _ 0 1211 1 11 1 20141101121229 00034
00000144 0070 2014 10 0000322 09 00093 _ 18:45 19:00 1 _ 0 4846 1 11 1 20141101121229 00034
00000144 0070 2014 10 0000323 10 00093 _ 07:50 08:05 1 _ 0 4846 1 11 1 20141101121229 00034
00000144 0070 2014 10 0000324 10 00092 _ 18:45 19:00 1 _ 0 4846 1 11 1 20141101121229 00034
00000144 0070 2014 10 0000325 11 00092 _ 07:50 08:05 1 _ 0 4846 1 11 1 20141101121229 00034
00000144 0070 2014 10 0000326 11 00017 _ 18:45 19:00 1 _ 0 4846 1 11 1 20141101121229 00034
00000144 0070 2014 10 0000327 12 00017 _ 07:50 08:05 1 _ 0 4846 1 11 1 20141101121229 00034
00000144 0070 2014 10 0000328 12 00096 _ 18:45 19:00 1 _ 0 4846 1 11 1 20141101121229 00034
00000144 0070 2014 10 0000329 13 00096 _ 07:50 08:05 1 _ 0 4846 1 11 1 20141101121229 00034
00000144 0070 2014 10 0000330 13 00092 00015 13:15 14:20 4 _ 0 5111 1 11 1 20141101121229 00034
00000144 0070 2014 10 0000331 13 00083 _ 18:45 19:00 1 _ 0 4846 1 11 1 20141101121229 00034
00000144 0070 2014 10 0000332 14 00083 _ 07:50 08:05 1 _ 0 4846 1 11 1 20141101121229 00034
00000144 0070 2014 10 0000333 14 00093 _ 18:45 19:00 1 _ 0 4846 1 11 1 20141101121229 00034
00000144 0070 2014 10 0000334 15 00093 _ 07:50 08:05 1 _ 0 4846 1 11 1 20141101121229 00034
00000144 0070 2014 10 0000335 15 00016 _ 18:45 19:00 1 _ 0 4846 1 11 1 20141101121229 00034
00000144 0070 2014 10 0000336 16 00016 _ 07:50 08:05 1 _ 0 _ 1 11 9 20141031144314 00014
00000144 0070 2014 10 0000337 16 00017 _ 15:30 16:15 1 _ 0 1211 1 11 1 20141101121229 00034
00000144 0070 2014 10 0000338 16 00019 _ 18:45 19:00 1 _ 0 4846 1 11 1 20141101121229 00034
00000144 0070 2014 10 0000339 17 00019 _ 07:50 08:05 1 _ 0 4846 1 11 1 20141101121229 00034
00000144 0070 2014 10 0000340 17 00017 _ 18:45 19:00 1 _ 0 4846 1 11 1 20141101121229 00034
00000144 0070 2014 10 0000341 18 00017 _ 07:50 08:05 1 _ 0 4846 1 11 1 20141101121229 00034
00000144 0070 2014 10 0000342 18 00092 _ 18:45 19:00 1 _ 0 4846 1 11 1 20141101121229 00034
00000144 0070 2014 10 0000343 19 00092 _ 07:50 08:05 1 _ 0 4846 1 11 1 20141101121229 00034
00000144 0070 2014 10 0000344 19 00082 _ 18:45 19:00 1 _ 0 4846 1 11 1 20141101121229 00034
00000144 0070 2014 10 0000345 20 00216 _ 07:50 08:05 1 _ 0 4846 1 11 1 20141101121229 00034
00000144 0070 2014 10 0000346 20 00015 00093 13:15 14:20 4 _ 0 5111 1 11 1 20141101121229 00034
00000144 0070 2014 10 0000347 20 00096 _ 18:45 19:00 1 _ 0 4846 1 11 1 20141101121229 00034
00000144 0070 2014 10 0000348 21 00096 _ 07:50 08:05 1 _ 0 4846 1 11 1 20141101121229 00034
00000144 0070 2014 10 0000349 21 00016 _ 18:45 19:00 1 _ 0 4846 1 11 1 20141101121229 00034
00000144 0070 2014 10 0000350 22 00016 _ 07:50 08:05 1 _ 0 4846 1 11 1 20141101121229 00034
00000144 0070 2014 10 0000351 22 00093 _ 18:45 19:00 1 _ 0 4846 1 11 1 20141101121229 00034
00000144 0070 2014 10 0000352 23 00093 _ 07:50 08:05 1 _ 0 4846 1 11 1 20141101121229 00034
00000144 0070 2014 10 0000353 23 00017 _ 15:30 16:15 1 _ 0 1211 1 11 1 20141101121229 00034
00000144 0070 2014 10 0000354 23 00015 _ 18:45 19:00 1 _ 0 4846 1 11 1 20141101121229 00034
00000144 0070 2014 10 0000355 24 00015 _ 07:50 08:05 1 _ 0 4846 1 11 1 20141101121229 00034
00000144 0070 2014 10 0000356 24 00216 _ 18:45 19:00 1 _ 0 4846 1 11 1 20141101121229 00034
00000144 0070 2014 10 0000357 25 00216 _ 07:50 08:05 1 _ 0 4846 1 11 1 20141101121229 00034
00000144 0070 2014 10 0000358 25 00019 _ 18:45 19:00 1 _ 0 4846 1 11 1 20141101121229 00034
00000144 0070 2014 10 0000359 26 00019 _ 07:50 08:05 1 _ 0 4846 1 11 1 20141101121229 00034
00000144 0070 2014 10 0000360 26 00015 _ 18:45 19:00 1 _ 0 4846 1 11 1 20141101121229 00034
00000144 0070 2014 10 0000361 27 00015 _ 07:50 08:05 1 _ 0 4846 1 11 1 20141101121229 00034
00000144 0070 2014 10 0000362 27 00092 00083 13:15 14:20 4 _ 0 5111 1 11 1 20141101121229 00034
00000144 0070 2014 10 0000363 27 00096 _ 18:45 19:00 1 _ 0 4846 1 11 1 20141101121229 00034
00000144 0070 2014 10 0000364 28 00096 _ 07:50 08:05 1 _ 0 4846 1 11 1 20141101121229 00034
00000144 0070 2014 10 0000365 28 00017 _ 18:45 19:00 1 _ 0 4846 1 11 1 20141101121229 00034
00000144 0070 2014 10 0000366 29 00017 _ 07:50 08:05 1 _ 0 4846 1 11 1 20141101121229 00034
00000144 0070 2014 10 0000367 29 00216 _ 18:45 19:00 1 _ 0 4846 1 11 1 20141101121229 00034
00000144 0070 2014 10 0000368 30 00216 _ 07:50 08:05 1 _ 0 4846 1 11 1 20141101121229 00034
00000144 0070 2014 10 0000369 30 00095 _ 15:45 16:30 1 _ 0 1211 1 11 1 20141101121229 00034
00000144 0070 2014 10 0000370 30 00083 _ 18:45 19:00 1 _ 0 4846 1 11 1 20141101121229 00034
00000144 0070 2014 10 0000371 31 00083 _ 07:50 08:05 1 _ 0 4846 1 11 1 20141101121229 00034
00000144 0070 2014 10 0000372 31 00015 _ 18:45 19:00 1 _ 0 4846 1 11 1 20141101121229 00034
00000144 0070 2014 10 0000373 16 00016 _ 07:50 08:05 1 _ 0 4846 1 11 1 20141101121229 00034
00000144 0070 2014 11 0000374 01 00015 _ 07:50 08:05 1 _ 0 4846 1 11 1 20141130213140 00034
00000144 0070 2014 11 0000375 01 00216 _ 18:45 19:00 1 _ 0 4846 1 11 1 20141130213140 00034
00000144 0070 2014 11 0000376 02 00216 _ 07:50 08:05 1 _ 0 4846 1 11 1 20141130213140 00034
00000144 0070 2014 11 0000377 02 00017 _ 18:45 19:00 1 _ 0 4846 1 11 1 20141130213140 00034
00000144 0070 2014 11 0000378 03 00015 00095 13:15 14:20 4 _ 0 5111 1 11 1 20141130213140 00034
00000144 0070 2014 11 0000379 03 00083 _ 18:45 19:00 1 _ 0 4846 1 11 1 20141130213140 00034
00000144 0070 2014 11 0000380 04 00083 _ 07:50 08:05 1 _ 0 4846 1 11 1 20141130213140 00034
00000144 0070 2014 11 0000381 04 00216 _ 18:45 19:00 1 _ 0 4846 1 11 1 20141130213140 00034
00000144 0070 2014 11 0000382 05 00216 _ 07:50 08:05 1 _ 0 4846 1 11 1 20141130213140 00034
00000144 0070 2014 11 0000383 05 00092 _ 18:45 19:00 1 _ 0 4846 1 11 1 20141130213140 00034
00000144 0070 2014 11 0000384 06 00092 _ 07:50 08:05 1 _ 0 4846 1 11 1 20141130213140 00034
00000144 0070 2014 11 0000385 06 00093 _ 15:30 16:15 1 _ 0 1211 1 11 1 20141130213140 00034
00000144 0070 2014 11 0000386 06 00082 _ 18:45 19:00 1 _ 0 4846 1 11 1 20141130213140 00034
00000144 0070 2014 11 0000387 07 00082 _ 07:50 08:05 1 _ 0 4846 1 11 1 20141130213140 00034
00000144 0070 2014 11 0000388 07 00216 _ 18:45 19:00 1 _ 0 4846 1 11 1 20141130213140 00034
00000144 0070 2014 11 0000389 08 00216 _ 07:50 08:05 1 _ 0 4846 1 11 1 20141130213140 00034
00000144 0070 2014 11 0000390 08 00093 _ 18:45 19:00 1 _ 0 4846 1 11 1 20141130213140 00034
00000144 0070 2014 11 0000391 09 00093 _ 07:50 08:05 1 _ 0 4846 1 11 1 20141130213140 00034
00000144 0070 2014 11 0000392 09 00083 _ 18:45 19:00 1 _ 0 4846 1 11 1 20141130213140 00034
00000144 0070 2014 11 0000393 10 00083 _ 07:50 08:05 1 _ 0 4846 1 11 1 20141130213140 00034
00000144 0070 2014 11 0000394 10 00016 00096 13:15 14:20 4 _ 0 5111 1 11 1 20141130213140 00034
00000144 0070 2014 11 0000395 10 00216 _ 18:45 19:00 1 _ 0 4846 1 11 1 20141130213140 00034
00000144 0070 2014 11 0000396 11 00216 _ 07:50 08:05 1 _ 0 4846 1 11 1 20141130213140 00034
00000144 0070 2014 11 0000397 11 00016 _ 18:45 19:00 1 _ 0 4846 1 11 1 20141130213140 00034
00000144 0070 2014 11 0000398 12 00016 _ 07:50 08:05 1 _ 0 4846 1 11 1 20141130213140 00034
00000144 0070 2014 11 0000399 12 00092 _ 18:45 19:00 1 _ 0 4846 1 11 1 20141130213140 00034
00000144 0070 2014 11 0000400 13 00092 _ 07:50 08:00 1 _ 0 4846 1 11 1 20141130213140 00034
00000144 0070 2014 11 0000401 13 00019 _ 15:30 16:15 1 _ 0 1211 1 11 1 20141130213140 00034
00000144 0070 2014 11 0000402 13 00216 _ 18:45 19:00 1 _ 0 4846 1 11 1 20141130213140 00034
00000144 0070 2014 11 0000403 14 00216 _ 07:50 08:05 1 _ 0 4846 1 11 1 20141130213140 00034
00000144 0070 2014 11 0000404 14 00017 _ 18:45 19:00 1 _ 0 4846 1 11 1 20141130213140 00034
00000144 0070 2014 11 0000405 15 00017 _ 07:50 08:05 1 _ 0 4846 1 11 1 20141130213140 00034
00000144 0070 2014 11 0000406 15 00216 _ 18:45 19:00 1 _ 0 4846 1 11 1 20141130213140 00034
00000144 0070 2014 11 0000407 16 00216 _ 07:50 08:05 1 _ 0 4846 1 11 1 20141130213140 00034
00000144 0070 2014 11 0000408 16 00096 _ 18:45 19:00 1 _ 0 4846 1 11 1 20141130213140 00034
00000144 0070 2014 11 0000409 17 00096 _ 07:50 08:05 1 _ 0 4846 1 11 1 20141130213140 00034
00000144 0070 2014 11 0000410 17 00017 00011 13:15 14:20 4 _ 0 5111 1 11 1 20141130213140 00034
00000144 0070 2014 11 0000411 17 00082 _ 18:45 19:00 1 _ 0 4846 1 11 1 20141130213140 00034
00000144 0070 2014 11 0000412 18 00082 _ 07:50 08:05 1 _ 0 4846 1 11 1 20141130213140 00034
00000144 0070 2014 11 0000413 18 00216 _ 18:45 19:00 1 _ 0 4846 1 11 1 20141130213140 00034
00000144 0070 2014 11 0000414 19 00216 _ 07:50 08:05 1 _ 0 4846 1 11 1 20141130213140 00034
00000144 0070 2014 11 0000415 19 00083 _ 18:45 19:00 1 _ 0 4846 1 11 1 20141130213140 00034
00000144 0070 2014 11 0000416 20 00083 _ 07:50 08:05 1 _ 0 4846 1 11 1 20141130213140 00034
00000144 0070 2014 11 0000417 20 00015 _ 13:15 14:00 1 _ 0 1211 1 11 1 20141130213140 00034
00000144 0070 2014 11 0000418 20 00019 _ 18:45 19:00 1 _ 0 4846 1 11 1 20141130213140 00034
00000144 0070 2014 11 0000419 21 00019 _ 07:50 08:05 1 _ 0 4846 1 11 1 20141130213140 00034
00000144 0070 2014 11 0000420 21 00096 _ 18:45 19:00 1 _ 0 4846 1 11 1 20141130213140 00034
00000144 0070 2014 11 0000421 22 00096 _ 07:50 08:05 1 _ 0 4846 1 11 1 20141130213140 00034
00000144 0070 2014 11 0000422 22 00093 _ 18:45 19:00 1 _ 0 4846 1 11 1 20141130213140 00034
00000144 0070 2014 11 0000423 23 00093 _ 07:50 08:05 1 _ 0 4846 1 11 1 20141130213140 00034
00000144 0070 2014 11 0000424 23 00092 _ 18:45 19:00 1 _ 0 4846 1 11 1 20141130213140 00034
00000144 0070 2014 11 0000425 24 00092 _ 07:50 08:05 1 _ 0 4846 1 11 1 20141130213140 00034
00000144 0070 2014 11 0000426 24 00082 00011 13:15 14:20 4 _ 0 5111 1 11 1 20141130213140 00034
00000144 0070 2014 11 0000427 24 00216 _ 18:45 19:00 1 _ 0 4846 1 11 1 20141130213140 00034
00000144 0070 2014 11 0000428 25 00216 _ 07:50 08:05 1 _ 0 4846 1 11 1 20141130213140 00034
00000144 0070 2014 11 0000429 25 00019 _ 18:45 19:00 1 _ 0 4846 1 11 1 20141130213140 00034
00000144 0070 2014 11 0000430 26 00019 _ 07:50 08:05 1 _ 0 4846 1 11 1 20141130213140 00034
00000144 0070 2014 11 0000431 26 00015 _ 18:45 19:00 1 _ 0 4846 1 11 1 20141130213140 00034
00000144 0070 2014 11 0000432 27 00015 _ 07:50 08:05 1 _ 0 4846 1 11 1 20141130213140 00034
00000144 0070 2014 11 0000433 27 00092 _ 15:30 16:15 1 _ 0 1211 1 11 1 20141130213140 00034
00000144 0070 2014 11 0000434 27 00017 _ 18:45 19:00 1 _ 0 4846 1 11 1 20141130213140 00034
00000144 0070 2014 11 0000435 28 00017 _ 07:50 08:05 1 _ 0 4846 1 11 1 20141130213140 00034
00000144 0070 2014 11 0000436 28 00216 _ 18:45 19:00 1 _ 0 4846 1 11 1 20141130213140 00034
00000144 0070 2014 11 0000437 29 00216 _ 07:50 08:05 1 _ 0 4846 1 11 1 20141130213140 00034
00000144 0070 2014 11 0000438 29 00092 _ 18:45 19:00 1 _ 0 4846 1 11 1 20141130213140 00034
00000144 0070 2014 11 0000439 30 00092 _ 07:50 08:05 1 _ 0 4846 1 11 1 20141130213140 00034
00000144 0070 2014 11 0000440 30 00216 _ 18:45 19:00 1 _ 0 4846 1 11 1 20141130213140 00034
00000144 0070 2014 12 0000441 01 00216 _ 07:50 08:05 1 _ 0 4846 1 11 1 20141210171125 00014
00000144 0070 2014 12 0000442 01 00083 00011 13:15 14:20 4 _ 0 5111 1 11 1 20141210171125 00014
00000144 0070 2014 12 0000443 01 00019 _ 18:45 19:00 1 _ 0 4846 1 11 1 20141210171125 00014
00000144 0070 2014 12 0000444 02 00019 _ 07:50 08:05 1 _ 0 4846 1 11 1 20141210171125 00014
00000144 0070 2014 12 0000445 02 00216 _ 18:45 19:00 1 _ 0 4846 1 11 1 20141210171125 00014
00000144 0070 2014 12 0000446 03 00216 _ 07:50 08:05 1 _ 0 4846 1 11 1 20141210171125 00014
00000144 0070 2014 12 0000447 03 00017 _ 18:45 19:00 1 _ 0 4846 1 11 1 20141210171125 00014
00000144 0070 2014 12 0000448 04 00017 _ 07:50 08:05 1 _ 0 4846 1 11 1 20141210171125 00014
00000144 0070 2014 12 0000449 05 00019 _ 13:15 14:00 1 _ 0 1211 1 11 1 20141210171125 00014
00000144 0070 2014 12 0000450 04 00096 _ 18:45 19:00 1 _ 0 4846 1 11 1 20141210171125 00014
00000144 0070 2014 12 0000451 05 00096 _ 07:50 08:05 1 _ 0 4846 1 11 1 20141210171125 00014
00000144 0070 2014 12 0000452 05 00216 _ 18:45 19:00 1 _ 0 4846 1 11 1 20141210171125 00014
00000144 0070 2014 12 0000453 06 00216 _ 07:50 08:05 1 _ 0 4846 1 11 1 20141210171125 00014
00000144 0070 2014 12 0000454 06 00017 _ 18:45 19:00 1 _ 0 4846 1 11 1 20141210171125 00014
00000144 0070 2014 12 0000455 07 00017 _ 07:50 08:05 1 _ 0 4846 1 11 1 20141210171125 00014
00000144 0070 2014 12 0000456 07 00083 _ 18:45 19:00 1 _ 0 4846 1 11 1 20141210171125 00014
00000144 0070 2014 12 0000457 08 00083 _ 07:50 08:05 1 _ 0 4846 1 11 1 20141210171125 00014
00000144 0070 2014 12 0000458 08 00095 00092 13:15 14:20 4 _ 0 5111 1 11 1 20141210171125 00014
00000144 0070 2014 12 0000459 08 00216 _ 18:45 19:00 1 _ 0 4846 1 11 1 20141210171125 00014
00000144 0070 2014 12 0000460 09 00216 _ 07:50 08:05 1 _ 0 4846 1 11 1 20141210171125 00014
00000144 0070 2014 12 0000461 09 00016 _ 18:45 19:00 1 _ 0 4846 1 11 1 20141210171125 00014
00000144 0070 2014 12 0000462 10 00016 _ 07:50 08:05 1 _ 0 4846 1 11 1 20141210171125 00014
00000144 0070 2014 12 0000463 10 _ _ 18:45 19:00 1 _ 0 4846 1 11 1 20141210171125 00014
00000144 0070 2014 12 0000464 11 _ _ 07:50 08:05 1 _ 0 4846 1 11 1 20141210171125 00014
00000144 0070 2014 12 0000465 11 _ _ 15:30 16:15 1 _ 0 1211 1 11 1 20141210171125 00014
00000144 0070 2014 12 0000466 11 _ _ 18:45 19:00 1 _ 0 4846 1 11 1 20141210171125 00014
00000144 0070 2014 12 0000467 12 _ _ 07:50 08:05 1 _ 0 4846 1 11 1 20141210171125 00014
00000144 0070 2014 12 0000468 12 _ _ 18:45 19:00 1 _ 0 4846 1 11 1 20141210171125 00014
00000144 0070 2014 12 0000469 13 _ _ 07:50 08:05 1 _ 0 4846 1 11 1 20141210171125 00014
00000144 0070 2014 12 0000470 13 _ _ 18:45 19:00 1 _ 0 4846 1 11 1 20141210171125 00014
00000144 0070 2014 12 0000471 14 _ _ 07:50 08:05 1 _ 0 4846 1 11 1 20141210171125 00014
00000144 0070 2014 12 0000472 14 _ _ 18:45 19:00 1 _ 0 4846 1 11 1 20141210171125 00014
00000144 0070 2014 12 0000473 15 _ _ 07:50 08:05 1 _ 0 4846 1 11 1 20141210171125 00014
00000144 0070 2014 12 0000474 15 _ _ 13:15 14:20 4 _ 0 5111 1 11 1 20141210171125 00014
00000144 0070 2014 12 0000475 15 _ _ 18:45 19:00 1 _ 0 4846 1 11 1 20141210171125 00014
00000144 0070 2014 12 0000476 16 _ _ 07:50 08:05 1 _ 0 4846 1 11 1 20141210171125 00014
00000144 0070 2014 12 0000477 16 _ _ 18:45 19:00 1 _ 0 4846 1 11 1 20141210171125 00014
00000144 0070 2014 12 0000478 17 _ _ 07:50 08:05 1 _ 0 4846 1 11 1 20141210171125 00014
00000144 0070 2014 12 0000479 17 _ _ 18:45 19:00 1 _ 0 4846 1 11 1 20141210171125 00014
00000144 0070 2014 12 0000480 18 _ _ 07:50 08:05 1 _ 0 4846 1 11 1 20141210171125 00014
00000144 0070 2014 12 0000481 18 _ _ 15:30 16:15 1 _ 0 1211 1 11 1 20141210171125 00014
00000144 0070 2014 12 0000482 18 _ _ 18:45 19:00 1 _ 0 4846 1 11 1 20141210171125 00014
00000144 0070 2014 12 0000483 19 _ _ 07:50 08:05 1 _ 0 4846 1 11 1 20141210171125 00014
00000144 0070 2014 12 0000484 19 _ _ 18:45 19:00 1 _ 0 4846 1 11 1 20141210171125 00014
00000144 0070 2014 12 0000485 20 _ _ 07:50 08:05 1 _ 0 4846 1 11 1 20141210171125 00014
00000144 0070 2014 12 0000486 20 _ _ 18:45 19:00 1 _ 0 4846 1 11 1 20141210171125 00014
00000144 0070 2014 12 0000487 21 _ _ 07:50 08:05 1 _ 0 4846 1 11 1 20141210171125 00014
00000144 0070 2014 12 0000488 21 _ _ 18:45 19:00 1 _ 0 4846 1 11 1 20141210171125 00014
00000144 0070 2014 12 0000489 22 _ _ 07:50 08:05 1 _ 0 4846 1 11 1 20141210171125 00014
00000144 0070 2014 12 0000490 22 _ _ 13:15 14:20 4 _ 0 5111 1 11 1 20141210171125 00014
00000144 0070 2014 12 0000491 22 _ _ 18:45 19:00 1 _ 0 4846 1 11 1 20141210171125 00014
00000144 0070 2014 12 0000492 23 _ _ 07:50 08:05 1 _ 0 4846 1 11 1 20141210171125 00014
00000144 0070 2014 12 0000493 23 _ _ 18:45 19:00 1 _ 0 4846 1 11 1 20141210171125 00014
00000144 0070 2014 12 0000494 24 _ _ 07:50 08:05 1 _ 0 4846 1 11 1 20141210171125 00014
00000144 0070 2014 12 0000495 24 _ _ 18:45 19:00 1 _ 0 4846 1 11 1 20141210171125 00014
00000144 0070 2014 12 0000496 25 _ _ 07:50 08:05 1 _ 0 4846 1 11 1 20141210171125 00014
00000144 0070 2014 12 0000497 25 _ _ 15:30 16:15 1 _ 0 1211 1 11 1 20141210171125 00014
00000144 0070 2014 12 0000498 25 _ _ 18:45 19:00 1 _ 0 4846 1 11 1 20141210171125 00014
00000144 0070 2014 12 0000499 26 _ _ 07:50 08:05 1 _ 0 4846 1 11 1 20141210171125 00014
00000144 0070 2014 12 0000500 26 _ _ 18:45 19:00 1 _ 0 4846 1 11 1 20141210171125 00014
00000144 0070 2014 12 0000501 27 _ _ 07:50 08:05 1 _ 0 4846 1 11 1 20141210171125 00014
00000144 0070 2014 12 0000502 27 _ _ 18:45 19:00 1 _ 0 4846 1 11 1 20141210171125 00014
00000144 0070 2014 12 0000503 28 _ _ 07:50 08:05 1 _ 0 4846 1 11 1 20141210171125 00014
00000144 0070 2014 12 0000504 28 _ _ 18:45 19:00 1 _ 0 4846 1 11 1 20141210171125 00014
00000144 0070 2014 12 0000505 29 _ _ 07:50 08:05 1 _ 0 4846 1 11 1 20141210171125 00014
00000144 0070 2014 12 0000506 29 _ _ 13:15 14:20 4 _ 0 5111 1 11 1 20141210171125 00014
00000144 0070 2014 12 0000507 29 _ _ 18:45 19:00 1 _ 0 4846 1 11 1 20141210171125 00014
00000144 0070 2014 12 0000508 30 _ _ 07:50 08:05 1 _ 0 4846 1 11 1 20141210171125 00014
00000144 0070 2014 12 0000509 30 _ _ 18:45 19:00 1 _ 0 4846 1 11 1 20141210171125 00014
00000144 0070 2014 12 0000510 31 _ _ 07:50 08:05 1 _ 0 4846 1 11 1 20141210171125 00014
00000144 0070 2014 12 0000511 31 _ _ 18:45 19:00 1 _ 0 4846 1 11 1 20141210171125 00014
