00000204 20110317 20110324 吉井　照子 本人 1 2014052800000000 00078
00000204 20110317 20110324 田中　もと子 次女 1 2014052800000000 00078
00000204 20110317 20110324 西山　 訪問介護 1 2014052800000000 00078
00000204 20110317 20110324 山本 福祉用具 1 2014052800000000 00078
00000204 20110317 20110324 松山 施設ＮＳ 1 2014052800000000 00078
00000204 20110317 20110324 山本　浩希 ケアマネ 1 2014052800000000 00078
00000204 20110714 20110719 吉井照子 本人 1 2014052800000000 00078
00000204 20110714 20110719 田中もと子 次女 1 2014052800000000 00078
00000204 20110714 20110719 大蔵 主治医 1 2014052800000000 00078
00000204 20110714 20110719 松山 施設ＮＳ 1 2014052800000000 00078
00000204 20110714 20110719 西山 訪問介護ＧＣケアサービス馬事公苑 1 2014052800000000 00078
00000204 20110714 20110719 木村 訪問介護ＧＣケアサービス馬事公苑 1 2014052800000000 00078
00000204 20110714 20110719 森中 デイサービス彩の里 1 2014052800000000 00078
00000204 20110714 20110719 山本 ケアマネ 1 2014052800000000 00078
00000204 20110714 20110912 田中　もと子 次女（キーパーソン） 1 2014052800000000 00078
00000204 20110714 20110912 金田 施設支配人 1 2014052800000000 00078
00000204 20110714 20110912 村尾 施設副支配人 1 2014052800000000 00078
00000204 20110714 20110912 山本　 ケアマネ 1 2014052800000000 00078
00000204 20110714 20120307 田中　もと子 次女（キーパーソン） 1 2014052800000000 00078
00000204 20110714 20120307 金田 施設支配人 1 2014052800000000 00078
00000204 20110714 20120307 村尾 施設副支配人 1 2014052800000000 00078
00000204 20110714 20120307 高徳 訪問介護 1 2014052800000000 00078
00000204 20110714 20120307 一村 施設ＮＳ 1 2014052800000000 00078
00000204 20110714 20120307 吉田 施設フロントチーフ 1 2014052800000000 00078
00000204 20110714 20120307 宮内 施設生活支援 1 2014052800000000 00078
00000204 20110714 20120307 山本 ケアマネ 1 2014052800000000 00078
00000204 20120401 20120502 吉井　照子 本人様 1 2014052800000000 00078
00000204 20120401 20120502 田中　もと子 次女（キーパーソン） 1 2014052800000000 00078
00000204 20120401 20120502 森中 デイサービス彩の里 1 2014052800000000 00078
00000204 20120401 20120502 高徳 訪問介護 1 2014052800000000 00078
00000204 20120401 20120502 山本 ケアマネ 1 2014052800000000 00078
00000204 20120923 20120925 吉井　照子 本人様 1 2014052800000000 00078
00000204 20120923 20120925 田中　もと子 次女（キーパーソン） 1 2014052800000000 00078
00000204 20120923 20120925 森中 デイサービス彩の里 1 2014052800000000 00078
00000204 20120923 20120925 高徳 訪問介護 1 2014052800000000 00078
00000204 20120923 20120925 春日 施設ＮＳ 1 2014052800000000 00078
00000204 20120923 20120925 山本 ケアマネ 1 2014052800000000 00078
00000204 20120923 20120925 （三浦） （主治医） 1 2014052800000000 00078
00000204 20130914 20130917 吉井　照子 本人様 1 2014052800000000 00078
00000204 20130914 20130917 田中　もと子 次女（キーパーソン） 1 2014052800000000 00078
00000204 20130914 20130917 吉岡 ＧＣケアサービスＢＪ（訪問介護） 1 2014052800000000 00078
00000204 20130914 20130917 春日 施設ＮＳ 1 2014052800000000 00078
00000204 20130914 20130917 山本 ＧＣケアサービスＢＪ（ケアマネ） 1 2014052800000000 00078
00000204 20130914 20130917 （三浦） （主治医） 1 2014052800000000 00078
00000204 20130914 20130917 （森中） （デイサービス彩の里） 1 2014052800000000 00078
00000204 20130914 20130917 （谷島） 施設フィットネストレーナー 1 2014052800000000 00078
