00000304 2014 06 17 16:00 16:59 11 7311 0070 10.84 1 236 1 20140731165859 00037
00000304 2014 06 20 16:15 17:14 11 7311 0070 10.84 1 236 1 20140731165859 00037
00000304 2014 06 24 16:00 16:59 11 7311 0070 10.84 1 236 1 20140731165859 00037
00000304 2014 06 27 16:15 17:14 11 7311 0070 10.84 1 236 1 20140731165859 00037
00000304 2014 07 01 16:00 16:59 11 7311 0070 10.84 1 236 1 20140731104139 00035
00000304 2014 07 04 16:15 17:14 11 7311 0070 10.84 1 236 1 20140731104139 00035
00000304 2014 07 08 16:00 16:59 11 7311 0070 10.84 1 236 1 20140731104139 00035
00000304 2014 07 11 16:15 17:14 11 7311 0070 10.84 1 236 1 20140731104139 00035
00000304 2014 07 15 16:00 16:59 11 7311 0070 10.84 1 236 1 20140731104139 00035
00000304 2014 07 18 16:15 17:14 11 7311 0070 10.84 1 236 1 20140731104139 00035
00000304 2014 07 22 16:00 16:59 11 7311 0070 10.84 1 236 1 20140731104139 00035
00000304 2014 07 25 16:15 17:14 11 7311 0070 10.84 1 236 1 20140731104139 00035
00000304 2014 07 29 16:00 16:59 11 7311 0070 10.84 1 236 1 20140731104139 00035
