1 00000140 2014 05 11 0070 グランクレール・ケアサービス横浜 1112 身体介護１・夜 319 0 319 15 4785 0 4785 4785 0 10.84 51869 90 46682 5187 0 n n 0 1 20140612105444 00014
1 00000140 2014 05 11 0070 グランクレール・ケアサービス横浜 1112 身体介護１・夜 319 0 319 15 4785 0 4785 4785 0 10.84 51869 90 46682 5187 0 n n 0 1 20140626184249 00078
1 00000140 2014 06 11 0070 グランクレール・ケアサービス横浜 1112 身体介護１・夜 319 0 319 55 17545 0 17545 17545 0 10.84 190187 90 171168 19019 0 n n 0 1 20140630144852 00077
2 00000140 2014 05 11 0070 グランクレール・ケアサービス横浜 1211 身体介護２ 404 0 404 2 808 0 808 808 0 10.84 8758 90 7882 876 0 n n 0 1 20140612105444 00014
2 00000140 2014 05 11 0070 グランクレール・ケアサービス横浜 1211 身体介護２ 404 0 404 5 2020 0 2020 2020 0 10.84 21896 90 19706 2190 0 n n 0 1 20140626184249 00078
2 00000140 2014 06 11 0070 グランクレール・ケアサービス横浜 1211 身体介護２ 404 0 404 3 1212 0 1212 1212 0 10.84 13138 90 11824 1314 0 n n 0 1 20140630144852 00077
3 00000140 2014 05 11 0070 グランクレール・ケアサービス横浜 5111 身体２生活１ 474 0 474 1 474 0 474 474 0 10.84 5138 90 4624 514 0 n n 0 1 20140612105444 00014
3 00000140 2014 05 11 0070 グランクレール・ケアサービス横浜 5111 身体２生活１ 474 0 474 4 1896 0 1896 1896 0 10.84 20552 90 18496 2056 0 n n 0 1 20140626184249 00078
3 00000140 2014 06 11 0070 グランクレール・ケアサービス横浜 5111 身体２生活１ 474 0 474 4 1896 0 1896 1896 0 10.84 20552 90 18496 2056 0 n n 0 1 20140630144852 00077
4 00000140 2014 05 11 0070 グランクレール・ケアサービス横浜 6271 訪問介護処遇改善加算Ⅰ 243 0 243 1 243 243 0.04 243 0 10.84 2634 90 2370 264 0 a g 0 1 20140612105444 00014
4 00000140 2014 05 11 0070 グランクレール・ケアサービス横浜 6271 訪問介護処遇改善加算Ⅰ 348 0 348 1 348 348 0.04 348 0 10.84 3772 90 3394 378 0 a g 0 1 20140626184249 00078
4 00000140 2014 06 11 0070 グランクレール・ケアサービス横浜 6271 訪問介護処遇改善加算Ⅰ 826 0 826 1 826 826 0.04 826 0 10.84 8953 90 8057 896 0 a g 0 1 20140630144852 00077
