000001002013091 00000100 2013 09 05 61 1111 16:00 17:00 0073 1 1220 0 _ _ 1 1 20140630171421 24
000001002013091 00000100 2013 09 12 61 1111 16:00 17:00 0073 1 1220 0 _ _ 1 1 20140630171421 24
000001002013091 00000100 2013 09 19 61 1111 16:00 17:00 0073 1 1220 0 _ _ 1 1 20140630171421 24
000001002013092 00000100 2013 09 05 61 4001 _ _ 0073 1 200 0 _ _ 1 1 20140630171421 24
000001002013101 00000100 2013 10 03 61 1111 16:00 17:00 0073 1 1220 0 _ _ 1 1 20140630171806 24
000001002013101 00000100 2013 10 24 61 1111 16:00 17:00 0073 1 1220 0 _ _ 1 1 20140630171806 24
000001002013111 00000100 2013 11 07 61 1111 16:00 17:00 0073 1 1220 0 _ _ 1 1 20140630172017 24
000001002013111 00000100 2013 11 14 61 1111 16:00 17:00 0073 1 1220 0 _ _ 1 1 20140630172017 24
000001002013111 00000100 2013 11 21 61 1111 16:00 17:00 0073 1 1220 0 _ _ 1 1 20140630172017 24
000001002013111 00000100 2013 11 28 61 1111 16:00 17:00 0073 1 1220 0 _ _ 1 1 20140630172017 24
000001002013121 00000100 2013 12 05 61 1111 16:00 17:00 0073 1 1220 0 _ _ 1 1 20140630172448 24
000001002013121 00000100 2013 12 26 61 1111 16:00 17:00 0073 1 1220 0 _ _ 1 1 20140630172448 24
000001002014011 00000100 2014 01 09 61 1111 16:00 17:00 0073 1 1220 0 _ _ 1 1 20140616161723 24
000001002014011 00000100 2014 01 16 61 1111 16:00 17:00 0073 1 1220 0 _ _ 1 1 20140616161723 24
000001002014011 00000100 2014 01 23 61 1111 16:00 17:00 0073 1 1220 0 _ _ 1 1 20140616161723 24
000001002014011 00000100 2014 01 30 61 1111 16:00 17:00 0073 1 1220 0 _ _ 1 1 20140616161723 24
000001002014021 00000100 2014 02 06 61 1111 16:00 17:00 0073 1 1220 0 _ _ 1 1 20140616162405 24
000001002014021 00000100 2014 02 13 61 1111 16:00 17:00 0073 1 1220 0 _ _ 1 1 20140616162405 24
000001002014021 00000100 2014 02 20 61 1111 16:00 17:00 0073 1 1220 0 _ _ 1 1 20140616162405 24
000001002014021 00000100 2014 02 27 61 1111 16:00 17:00 0073 1 1220 0 _ _ 1 1 20140616162405 24
000001002014031 00000100 2014 03 06 61 1111 16:00 17:00 0073 1 1220 0 _ _ 1 1 20140616162838 24
000001002014031 00000100 2014 03 13 61 1111 16:00 17:00 0073 1 1220 0 _ _ 1 1 20140616162838 24
000001002014031 00000100 2014 03 27 61 1111 16:00 17:00 0073 1 1220 0 _ _ 1 1 20140616162838 24
000001002014041 00000100 2014 04 03 61 1111 16:00 17:00 0073 1 1226 0 _ _ 1 1 20140616163257 24
000001002014041 00000100 2014 04 10 61 1111 16:00 17:00 0073 1 1226 0 _ _ 1 1 20140616163257 24
000001002014041 00000100 2014 04 17 61 1111 16:00 17:00 0073 1 1226 0 _ _ 1 1 20140616163257 24
000001002014041 00000100 2014 04 24 61 1111 16:00 17:00 0073 1 1226 0 _ _ 1 1 20140616163257 24
000001002014051 00000100 2014 05 08 61 1111 16:00 17:00 0073 1 1226 0 _ _ 1 1 20140818144902 24
000001002014051 00000100 2014 05 15 61 1111 16:00 17:00 0073 1 1226 0 _ _ 1 1 20140818144902 24
000001002014051 00000100 2014 05 22 61 1111 16:00 17:00 0073 1 1226 0 _ _ 1 1 20140818144902 24
000001002014051 00000100 2014 05 29 61 1111 16:00 17:00 0073 1 1226 0 _ _ 1 1 20140818144902 24
000001002014061 00000100 2014 06 05 61 1111 16:00 16:59 0073 1 1226 0 _ _ 1 1 20140702141824 25
000001002014061 00000100 2014 06 12 61 1111 16:00 16:59 0073 1 1226 0 _ _ 1 1 20140702141824 25
000001002014061 00000100 2014 06 19 61 1111 16:00 16:59 0073 1 1226 0 _ _ 1 1 20140702141824 25
000001002014061 00000100 2014 06 26 61 1111 16:00 16:59 0073 1 1226 0 _ _ 1 1 20140702141824 25
000001002014071 00000100 2014 07 04 61 1111 15:15 16:14 0073 1 1226 0 _ _ 1 1 20140801210913 25
000001002014071 00000100 2014 07 11 61 1111 15:15 16:14 0073 1 1226 0 _ _ 1 1 20140801210913 25
000001002014071 00000100 2014 07 18 61 1111 15:15 16:14 0073 1 1226 0 _ _ 1 1 20140801210913 25
000001002014071 00000100 2014 07 25 61 1111 15:15 16:14 0073 1 1226 0 _ _ 1 1 20140801210913 25
000001002014081 00000100 2014 08 01 61 1111 15:15 16:15 0073 1 1226 0 _ _ 1 1 20140730185620 25
000001002014081 00000100 2014 08 08 61 1111 15:15 16:15 0073 1 1226 0 _ _ 1 1 20140730185620 25
000001002014081 00000100 2014 08 15 61 1111 15:15 16:15 0073 1 1226 0 _ _ 1 1 20140730185620 25
000001002014081 00000100 2014 08 22 61 1111 15:15 16:15 0073 1 1226 0 _ _ 1 1 20140730185620 25
000001002014081 00000100 2014 08 29 61 1111 15:15 16:15 0073 1 1226 0 _ _ 1 1 20140730185620 25
000001002014091 00000100 2014 09 05 61 1111 15:15 16:15 0073 1 1226 0 _ _ 1 1 20140815153915 25
000001002014091 00000100 2014 09 12 61 1111 15:15 16:15 0073 1 1226 0 _ _ 1 1 20140815153915 25
000001002014091 00000100 2014 09 19 61 1111 15:15 16:15 0073 1 1226 0 _ _ 1 1 20140815153915 25
000001002014091 00000100 2014 09 26 61 1111 15:15 16:15 0073 1 1226 0 _ _ 1 1 20140815153915 25
