00000311 2014 07 07 10:45 11:44 61 1111 0107 11.26 1 1226 1 20140802122310 00047
00000311 2014 07 14 10:45 11:44 61 1111 0107 11.26 1 1226 1 20140802122310 00047
00000311 2014 07 21 10:45 11:44 61 1111 0107 11.26 1 1226 1 20140802122310 00047
00000311 2014 07 28 10:45 11:44 61 1111 0107 11.26 1 1226 1 20140802122310 00047
00000311 2014 08 04 10:45 11:44 61 1111 0107 11.26 1 1226 1 20140831140109 00049
00000311 2014 08 11 10:45 11:44 61 1111 0107 11.26 1 1226 1 20140831140109 00049
00000311 2014 08 18 10:45 11:44 61 1111 0107 11.26 1 1226 1 20140831140109 00049
00000311 2014 08 25 10:45 11:44 61 1111 0107 11.26 1 1226 1 20140831140109 00049
00000311 2014 09 01 10:45 11:44 61 1111 0107 11.26 1 1226 1 20140930204729 00049
00000311 2014 09 08 10:45 11:44 61 1111 0107 11.26 1 1226 1 20140930204729 00049
00000311 2014 09 15 10:45 11:44 61 1111 0107 11.26 1 1226 1 20140930204729 00049
00000311 2014 09 22 10:45 11:44 61 1111 0107 11.26 1 1226 1 20140930204729 00049
00000311 2014 09 29 10:45 11:44 61 1111 0107 11.26 1 1226 1 20140930204729 00049
00000311 2014 10 02 08:45 09:44 61 1111 0107 11.26 1 1226 1 20141031202443 00049
00000311 2014 10 09 08:45 09:44 61 1111 0107 11.26 1 1226 1 20141031202443 00049
00000311 2014 10 16 08:45 09:44 61 1111 0107 11.26 1 1226 1 20141031202443 00049
00000311 2014 10 23 08:45 09:44 61 1111 0107 11.26 1 1226 1 20141031202443 00049
00000311 2014 10 30 08:45 09:44 61 1111 0107 11.26 1 1226 1 20141031202443 00049
00000311 2014 11 06 08:45 09:44 61 1111 0107 11.26 1 1226 1 20141201121848 00049
00000311 2014 11 13 08:45 09:44 61 1111 0107 11.26 1 1226 1 20141201121848 00049
00000311 2014 11 20 08:45 09:44 61 1111 0107 11.26 1 1226 1 20141201121848 00049
00000311 2014 11 27 08:45 09:44 61 1111 0107 11.26 1 1226 1 20141201121848 00049
