00000002 2011 08 06 09:30 10:29 11 7211 0070 10.84 1 229 1 20141017134902 00077
00000002 2011 08 13 09:30 10:29 11 7211 0070 10.84 1 229 1 20141017134902 00077
00000002 2011 08 20 09:30 10:29 11 7211 0070 10.84 1 229 1 20141017134902 00077
00000002 2011 08 27 09:30 10:29 11 7211 0070 10.84 1 229 1 20141017134902 00077
00000007 2011 08 01 15:00 15:59 11 1211 0070 10.84 1 402 1 20141017142513 00077
00000007 2011 08 08 15:00 15:59 11 1211 0070 10.84 1 402 1 20141017142513 00077
00000007 2011 08 22 15:00 15:59 11 1211 0070 10.84 1 402 1 20141017142513 00077
00000007 2011 08 29 15:00 15:59 11 1211 0070 10.84 1 402 1 20141017142513 00077
00000010 2011 08 01 09:30 10:29 61 1211 0073 10.84 1 2468 1 20141017151549 00077
00000010 2011 08 05 13:00 13:59 61 1211 0073 10.84 1 2468 1 20141017151549 00077
00000010 2011 08 08 09:30 10:29 61 1211 0073 10.84 1 2468 1 20141017151549 00077
00000010 2011 08 12 13:00 13:59 61 1211 0073 10.84 1 2468 1 20141017151549 00077
00000010 2011 08 15 09:30 10:29 61 1211 0073 10.84 1 2468 1 20141017151549 00077
00000010 2011 08 19 13:00 13:59 61 1211 0073 10.84 1 2468 1 20141017151549 00077
00000010 2011 08 22 09:30 12:29 61 1211 0073 10.84 1 2468 1 20141017151549 00077
00000010 2011 08 26 13:00 13:59 61 1211 0073 10.84 1 2468 1 20141017151549 00077
00000010 2011 08 29 09:30 10:29 61 1211 0073 10.84 1 2468 1 20141017151549 00077
00000011 2011 08 01 10:45 11:44 11 1211 0070 10.84 1 402 1 20141017154201 00077
00000011 2011 08 08 10:45 11:44 11 1211 0070 10.84 1 402 1 20141017154201 00077
00000011 2011 08 15 10:45 11:44 11 7211 0070 10.84 1 229 1 20141017154201 00077
00000011 2011 08 22 10:45 11:44 11 7211 0070 10.84 1 229 1 20141017154201 00077
00000011 2011 08 29 10:45 11:44 11 7211 0070 10.84 1 229 1 20141017154201 00077
00000012 2011 08 02 08:00 08:29 11 1111 0070 10.84 1 254 1 20141017161535 00077
00000012 2011 08 05 08:30 08:59 11 1111 0070 10.84 1 254 1 20141017161535 00077
00000012 2011 08 09 08:30 08:59 11 1111 0070 10.84 1 254 1 20141017161535 00077
00000012 2011 08 16 08:30 08:59 11 1111 0070 10.84 1 254 1 20141017161535 00077
00000012 2011 08 19 08:30 08:59 11 1111 0070 10.84 1 254 1 20141017161535 00077
00000012 2011 08 23 08:30 08:59 11 1111 0070 10.84 1 254 1 20141017161535 00077
00000012 2011 08 26 08:30 08:59 11 1111 0070 10.84 1 254 1 20141017161535 00077
00000012 2011 08 30 08:30 08:59 11 1111 0070 10.84 1 254 1 20141017161535 00077
00000013 2011 08 02 13:30 14:29 11 7211 0070 10.84 1 229 1 20141017170931 00077
00000013 2011 08 09 13:30 14:29 11 7211 0070 10.84 1 229 1 20141017170931 00077
00000013 2011 08 16 13:30 14:29 11 7211 0070 10.84 1 229 1 20141017170931 00077
00000013 2011 08 23 13:30 14:29 11 7211 0070 10.84 1 229 1 20141017170931 00077
00000013 2011 08 30 13:30 14:29 11 7211 0070 10.84 1 229 1 20141017170931 00077
00000015 2011 08 06 15:30 16:59 11 1311 0070 10.84 1 584 1 20141017181532 00077
00000015 2011 08 13 15:30 16:29 11 7211 0070 10.84 1 229 1 20141017181532 00077
00000015 2011 08 20 15:30 16:59 11 1311 0070 10.84 1 584 1 20141017181532 00077
00000015 2011 08 27 15:30 16:29 11 7211 0070 10.84 1 229 1 20141017181532 00077
00000016 2011 08 06 10:45 11:44 61 1111 0073 10.84 1 1234 1 20141020101641 00077
00000016 2011 08 20 10:45 11:44 61 1111 0073 10.84 1 1234 1 20141020101641 00077
00000016 2011 08 27 10:45 11:44 61 1111 0073 10.84 1 1234 1 20141020101641 00077
00000020 2011 08 01 16:15 17:14 11 7211 0070 10.84 1 229 1 20141020110411 00077
00000020 2011 08 04 10:15 11:14 11 7211 0070 10.84 1 229 1 20141020110411 00077
00000020 2011 08 08 16:15 17:14 11 7211 0070 10.84 1 229 1 20141020110411 00077
00000020 2011 08 11 10:15 11:14 11 7211 0070 10.84 1 229 1 20141020110411 00077
00000020 2011 08 15 16:15 17:14 11 7211 0070 10.84 1 229 1 20141020110411 00077
00000020 2011 08 18 10:15 11:14 11 7211 0070 10.84 1 229 1 20141020110411 00077
00000020 2011 08 22 16:15 17:14 11 7211 0070 10.84 1 229 1 20141020110411 00077
00000020 2011 08 25 10:15 10:44 11 1111 0070 10.84 1 254 1 20141020110411 00077
00000020 2011 08 29 16:15 17:14 11 7211 0070 10.84 1 229 1 20141020110411 00077
00000022 2011 08 02 15:00 15:59 11 1211 0070 10.84 1 402 1 20141020121211 00077
00000022 2011 08 09 15:00 15:59 11 1211 0070 10.84 1 402 1 20141020121211 00077
00000022 2011 08 16 15:00 15:59 11 1211 0070 10.84 1 402 1 20141020121211 00077
00000022 2011 08 23 15:00 15:59 11 1211 0070 10.84 1 402 1 20141020121211 00077
00000022 2011 08 30 15:00 15:59 11 1211 0070 10.84 1 402 1 20141020121211 00077
00000024 2011 08 03 16:30 17:29 61 1111 0073 10.84 1 1234 1 20141020143757 00077
00000024 2011 08 10 16:30 17:29 61 1111 0073 10.84 1 1234 1 20141020143757 00077
00000024 2011 08 31 16:30 17:29 61 1111 0073 10.84 1 1234 1 20141020143757 00077
00000025 2011 08 04 09:00 09:59 61 1111 0073 10.84 1 1234 1 20141020144917 00077
00000025 2011 08 11 09:00 09:59 61 1111 0073 10.84 1 1234 1 20141020144917 00077
00000025 2011 08 18 09:00 09:59 61 1111 0073 10.84 1 1234 1 20141020144917 00077
00000025 2011 08 25 09:00 09:59 61 1111 0073 10.84 1 1234 1 20141020144917 00077
00000026 2011 08 03 11:00 11:59 61 1111 0073 10.84 1 1234 1 20141020134956 00077
00000026 2011 08 10 11:00 11:59 61 1111 0073 10.84 1 1234 1 20141020134956 00077
00000026 2011 08 17 11:00 11:59 61 1111 0073 10.84 1 1234 1 20141020134956 00077
00000026 2011 08 24 11:00 11:59 61 1111 0073 10.84 1 1234 1 20141020134956 00077
00000026 2011 08 31 11:00 11:59 61 1111 0073 10.84 1 1234 1 20141020134956 00077
00000027 2011 08 03 09:30 10:29 61 1211 0073 10.84 1 2468 1 20141020150832 00077
00000027 2011 08 10 09:30 10:29 61 1211 0073 10.84 1 2468 1 20141020150832 00077
00000027 2011 08 14 09:30 10:29 61 1211 0073 10.84 1 2468 1 20141020150832 00077
00000027 2011 08 17 09:30 10:29 61 1211 0073 10.84 1 2468 1 20141020150832 00077
00000027 2011 08 21 09:30 10:29 61 1211 0073 10.84 1 2468 1 20141020150832 00077
00000027 2011 08 24 09:30 10:29 61 1211 0073 10.84 1 2468 1 20141020150832 00077
00000027 2011 08 28 09:30 10:29 61 1211 0073 10.84 1 2468 1 20141020150832 00077
00000027 2011 08 31 09:30 10:29 61 1211 0073 10.84 1 2468 1 20141020150832 00077
