1 00000002 2011 07 11 0070 グランクレール・ケアサービス横浜 7211 生活援助２ 229 0 229 5 1145 0 1145 1145 0 10.84 12411 90 11169 1242 0 n n 0 1 20141017134504 00077
1 00000007 2011 07 11 0070 グランクレール・ケアサービス横浜 1211 身体介護２ 402 0 402 4 1608 0 1608 1608 0 10.84 17430 90 15687 1743 0 n n 0 1 20141017142350 00077
1 00000011 2011 07 11 0070 グランクレール・ケアサービス横浜 7211 生活援助２ 229 0 229 2 458 0 458 458 0 10.84 4964 90 4467 497 0 n n 0 1 20141017153627 00077
1 00000012 2011 07 11 0070 グランクレール・ケアサービス横浜 1111 身体介護１ 254 0 254 3 762 0 762 762 0 10.84 8260 90 7434 826 0 n n 0 1 20141017161317 00077
1 00000013 2011 07 11 0070 グランクレール・ケアサービス横浜 7211 生活援助２ 229 0 229 4 916 0 916 916 0 10.84 9929 90 8936 993 0 n n 0 1 20141017170730 00077
1 00000015 2011 07 11 0070 グランクレール・ケアサービス横浜 1311 身体介護３ 584 0 584 2 1168 0 1168 1168 0 10.84 12661 90 11394 1267 0 n n 0 1 20141017181010 00077
1 00000020 2011 07 11 0070 グランクレール・ケアサービス横浜 7211 生活援助２ 229 0 229 4 916 0 916 916 0 10.84 9929 90 8936 993 0 n n 0 1 20141020105724 00077
1 00000022 2011 07 11 0070 グランクレール・ケアサービス横浜 1211 身体介護２ 402 0 402 6 2412 0 2412 2412 0 10.84 26146 90 23531 2615 0 n n 0 1 20141020114928 00077
2 00000002 2011 07 11 0070 グランクレール・ケアサービス横浜 6271 訪問介護処遇改善加算Ⅰ 46 0 46 1 46 46 0.04 46 0 10.84 498 90 448 50 0 a g 0 1 20141017134504 00077
2 00000007 2011 07 11 0070 グランクレール・ケアサービス横浜 6271 訪問介護処遇改善加算Ⅰ 64 0 64 1 64 64 0.04 64 0 10.84 693 90 623 70 0 a g 0 1 20141017142350 00077
2 00000011 2011 07 11 0070 グランクレール・ケアサービス横浜 6271 訪問介護処遇改善加算Ⅰ 18 0 18 1 18 18 0.04 18 0 10.84 195 90 175 20 0 a g 0 1 20141017153627 00077
2 00000012 2011 07 11 0070 グランクレール・ケアサービス横浜 6271 訪問介護処遇改善加算Ⅰ 30 0 30 1 30 30 0.04 30 0 10.84 325 90 292 33 0 a g 0 1 20141017161317 00077
2 00000013 2011 07 11 0070 グランクレール・ケアサービス横浜 6271 訪問介護処遇改善加算Ⅰ 37 0 37 1 37 37 0.04 37 0 10.84 401 90 360 41 0 a g 0 1 20141017170730 00077
2 00000015 2011 07 11 0070 グランクレール・ケアサービス横浜 7211 生活援助２ 229 0 229 3 687 0 687 687 0 10.84 7447 90 6702 745 0 n n 0 1 20141017181010 00077
2 00000020 2011 07 11 0070 グランクレール・ケアサービス横浜 6271 訪問介護処遇改善加算Ⅰ 37 0 37 1 37 37 0.04 37 0 10.84 401 90 360 41 0 a g 0 1 20141020105724 00077
2 00000022 2011 07 11 0070 グランクレール・ケアサービス横浜 6271 訪問介護処遇改善加算Ⅰ 96 0 96 1 96 96 0.04 96 0 10.84 1040 90 936 104 0 a g 0 1 20141020114928 00077
3 00000015 2011 07 11 0070 グランクレール・ケアサービス横浜 6271 訪問介護処遇改善加算Ⅰ 74 0 74 1 74 74 0.04 74 0 10.84 802 90 721 81 0 a g 0 1 20141017181010 00077
