000002212014061 00000221 2014 06 12 11 7311 1 13:00 13:59 0029 1 236 0 _ _ 1 20140701163715 39
000002212014061 00000221 2014 06 19 11 7311 1 13:00 13:59 0029 1 236 0 _ _ 1 20140701163715 39
000002212014062 00000221 2014 06 05 11 7311 1 13:20 14:19 0029 1 236 0 _ _ 1 20140701163715 39
000002212014063 00000221 2014 06 28 11 7311 1 13:45 14:44 0029 1 236 0 _ _ 1 20140701163715 39
000002212014071 00000221 2014 07 17 11 7311 1 13:00 13:59 0029 1 236 0 _ _ 1 20140802135014 39
000002212014072 00000221 2014 07 04 11 7311 1 13:30 14:29 0029 1 236 0 _ _ 1 20140802135014 39
000002212014073 00000221 2014 07 10 11 7311 1 15:40 16:29 0029 1 236 0 _ _ 1 20140802135014 39
000002212014074 00000221 2014 07 24 11 7311 1 17:00 17:59 0029 1 236 0 _ _ 1 20140802135014 39
000002212014081 00000221 2014 08 07 11 7311 1 13:00 13:59 0029 1 236 0 _ _ 1 20140901134827 39
000002212014082 00000221 2014 08 01 11 7311 1 16:15 17:00 0029 1 236 0 _ _ 1 20140901134827 39
000002212014083 00000221 2014 08 12 11 7311 1 17:00 17:59 0029 1 236 0 _ _ 1 20140901134827 39
000002212014083 00000221 2014 08 19 11 7311 1 17:00 17:59 0029 1 236 0 _ _ 1 20140901134827 39
000002212014084 00000221 2014 08 26 11 7311 1 17:20 18:19 0029 1 236 0 _ _ 1 20140901134827 39
000002212014091 00000221 2014 09 10 11 7311 1 15:30 16:29 0029 1 236 0 _ _ 1 20141001133045 39
000002212014092 00000221 2014 09 16 11 7311 1 17:00 17:59 0029 1 236 0 _ _ 1 20141001133045 39
000002212014101 00000221 2014 10 01 11 7311 1 14:10 15:09 0029 1 236 0 _ _ 1 20141101104343 39
000002212014101 00000221 2014 10 22 11 7311 1 14:10 15:09 0029 1 236 0 _ _ 1 20141101104343 39
000002212014101 00000221 2014 10 29 11 7311 1 14:10 15:09 0029 1 236 0 _ _ 1 20141101104343 39
000002212014111 00000221 2014 11 05 11 7311 1 14:10 15:09 0029 1 236 0 _ _ 1 20141202113314 39
000002212014111 00000221 2014 11 19 11 7311 1 14:10 15:09 0029 1 236 0 _ _ 1 20141202113314 39
000002212014112 00000221 2014 11 26 11 7311 1 15:40 16:39 0029 1 236 0 _ _ 1 20141202113314 39
