000002512014041 00000251 2014 04 03 61 1111 10:30 11:30 0274 1 1226 0 _ _ 1 1 20140617155126 49
000002512014041 00000251 2014 04 10 61 1111 10:30 11:30 0274 1 1226 0 _ _ 1 1 20140617155126 49
000002512014041 00000251 2014 04 17 61 1111 10:30 11:30 0274 1 1226 0 _ _ 1 1 20140617155126 49
000002512014041 00000251 2014 04 24 61 1111 10:30 11:30 0274 1 1226 0 _ _ 1 1 20140617155126 49
000002512014051 00000251 2014 05 01 61 1111 10:45 11:45 0274 1 1226 0 _ _ 1 1 20140813102614 78
000002512014051 00000251 2014 05 08 61 1111 10:45 11:45 0274 1 1226 0 _ _ 1 1 20140813102614 78
000002512014051 00000251 2014 05 15 61 1111 10:45 11:45 0274 1 1226 0 _ _ 1 1 20140813102614 78
000002512014051 00000251 2014 05 22 61 1111 10:45 11:45 0274 1 1226 0 _ _ 1 1 20140813102614 78
000002512014051 00000251 2014 05 29 61 1111 10:45 11:45 0274 1 1226 0 _ _ 1 1 20140813102614 78
000002512014062 00000251 2014 06 05 61 1111 10:45 11:45 0274 1 1226 0 _ _ 1 1 20140701194417 39
000002512014062 00000251 2014 06 19 61 1111 10:45 11:45 0274 1 1226 0 _ _ 1 1 20140701194417 39
000002512014062 00000251 2014 06 26 61 1111 10:45 11:45 0274 1 1226 0 _ _ 1 1 20140701194417 39
000002512014063 00000251 2014 06 12 61 1111 11:00 12:00 0274 1 1226 0 _ _ 1 1 20140701194417 39
000002512014071 00000251 2014 07 03 61 1111 10:45 11:44 0274 1 1226 0 _ _ 1 1 20140802141745 39
000002512014071 00000251 2014 07 10 61 1111 10:45 11:44 0274 1 1226 0 _ _ 1 1 20140802141745 39
000002512014071 00000251 2014 07 17 61 1111 10:45 11:44 0274 1 1226 0 _ _ 1 1 20140802141745 39
000002512014071 00000251 2014 07 24 61 1111 10:45 11:44 0274 1 1226 0 _ _ 1 1 20140802141745 39
000002512014071 00000251 2014 07 31 61 1111 10:45 11:44 0274 1 1226 0 _ _ 1 1 20140802141745 39
000002512014081 00000251 2014 08 07 61 1111 10:45 11:44 0274 1 1226 0 _ _ 1 1 20140725110529 42
000002512014081 00000251 2014 08 14 61 1111 10:45 11:44 0274 1 1226 0 _ _ 1 1 20140725110529 42
000002512014081 00000251 2014 08 21 61 1111 10:45 11:44 0274 1 1226 0 _ _ 1 1 20140725110529 42
000002512014081 00000251 2014 08 28 61 1111 10:45 11:44 0274 1 1226 0 _ _ 1 1 20140725110529 42
000002512014091 00000251 2014 09 04 61 1111 10:45 11:44 0274 1 1226 0 _ _ 1 1 20140816173336 42
000002512014091 00000251 2014 09 11 61 1111 10:45 11:44 0274 1 1226 0 _ _ 1 1 20140816173336 42
000002512014091 00000251 2014 09 18 61 1111 10:45 11:44 0274 1 1226 0 _ _ 1 1 20140816173336 42
000002512014091 00000251 2014 09 25 61 1111 10:45 11:44 0274 1 1226 0 _ _ 1 1 20140816173336 42
