000002512014041 00000251 2014 04 03 61 1111 1 10:30 11:30 0274 1 1226 0 _ _ 1 20140617155126 49
000002512014041 00000251 2014 04 10 61 1111 1 10:30 11:30 0274 1 1226 0 _ _ 1 20140617155126 49
000002512014041 00000251 2014 04 17 61 1111 1 10:30 11:30 0274 1 1226 0 _ _ 1 20140617155126 49
000002512014041 00000251 2014 04 24 61 1111 1 10:30 11:30 0274 1 1226 0 _ _ 1 20140617155126 49
000002512014051 00000251 2014 05 01 61 1111 1 10:45 11:45 0274 1 1226 0 _ _ 1 20140813102614 78
000002512014051 00000251 2014 05 08 61 1111 1 10:45 11:45 0274 1 1226 0 _ _ 1 20140813102614 78
000002512014051 00000251 2014 05 15 61 1111 1 10:45 11:45 0274 1 1226 0 _ _ 1 20140813102614 78
000002512014051 00000251 2014 05 22 61 1111 1 10:45 11:45 0274 1 1226 0 _ _ 1 20140813102614 78
000002512014061 00000251 2014 06 05 61 1111 1 10:40 11:40 0274 1 1226 0 _ _ 1 20140701194417 39
000002512014061 00000251 2014 06 19 61 1111 1 10:40 11:40 0274 1 1226 0 _ _ 1 20140701194417 39
000002512014061 00000251 2014 06 26 61 1111 1 10:40 11:40 0274 1 1226 0 _ _ 1 20140701194417 39
000002512014063 00000251 2014 06 12 61 1111 1 11:00 12:00 0274 1 1226 0 _ _ 1 20140701194417 39
000002512014072 00000251 2014 07 03 61 1111 1 10:40 11:39 0274 1 1226 0 _ _ 1 20140802141745 39
000002512014072 00000251 2014 07 17 61 1111 1 10:40 11:39 0274 1 1226 0 _ _ 1 20140802141745 39
000002512014072 00000251 2014 07 24 61 1111 1 10:40 11:39 0274 1 1226 0 _ _ 1 20140802141745 39
000002512014072 00000251 2014 07 31 61 1111 1 10:40 11:39 0274 1 1226 0 _ _ 1 20140802141745 39
000002512014073 00000251 2014 07 09 61 1111 1 15:00 15:59 0274 1 1226 0 _ _ 1 20140802141745 39
