00000139 2013 11 00013 1 20140701152201 00030
00000139 2013 12 00013 1 20140701152116 00030
00000139 2014 04 00013 1 20140616202749 00030
00000139 2014 05 00013 1 20140818154226 00030
00000139 2014 06 00013 1 20140703210435 00013
00000139 2014 07 00013 1 20140803180549 00013
00000139 2014 08 00013 1 20140903155950 00013
00000139 2014 09 00013 1 20141003131854 00013
00000139 2014 10 00013 1 20141101184112 00013
00000139 2014 11 00013 1 20141203205256 00013
00000139 2014 12 00013 1 20141122153531 00013
00000139 2015 01 00013 1 20141206182513 00013
