00000201 2011 09 02 10:00 10:59 11 7211 0029 11.26 1 229 1 20141128140418 00078
00000201 2011 09 02 16:00 16:59 11 1211 0029 11.26 1 402 1 20141128140418 00078
00000201 2011 09 04 16:00 16:59 11 1211 0029 11.26 1 402 1 20141128140418 00078
00000201 2011 09 06 16:00 16:59 11 1211 0029 11.26 1 402 1 20141128140418 00078
00000201 2011 09 09 10:00 10:59 11 7211 0029 11.26 1 229 1 20141128140418 00078
00000201 2011 09 09 16:00 16:59 11 1211 0029 11.26 1 402 1 20141128140418 00078
00000201 2011 09 11 16:00 16:59 11 1211 0029 11.26 1 402 1 20141128140418 00078
00000201 2011 09 13 10:00 10:59 11 7211 0029 11.26 1 229 1 20141128140418 00078
00000201 2011 09 13 16:00 16:59 11 1211 0029 11.26 1 402 1 20141128140418 00078
00000201 2011 09 16 10:00 10:59 11 7211 0029 11.26 1 229 1 20141128140418 00078
00000201 2011 09 16 16:00 16:59 11 1211 0029 11.26 1 402 1 20141128140418 00078
00000201 2011 09 18 16:00 16:59 11 1211 0029 11.26 1 402 1 20141128140418 00078
00000201 2011 09 20 16:00 16:59 11 1211 0029 11.26 1 402 1 20141128140418 00078
00000201 2011 09 23 10:00 10:59 11 7211 0029 11.26 1 229 1 20141128140418 00078
00000201 2011 09 23 16:00 16:59 11 1211 0029 11.26 1 402 1 20141128140418 00078
00000201 2011 09 25 16:00 16:59 11 1211 0029 11.26 1 402 1 20141128140418 00078
00000201 2011 09 27 10:00 10:59 11 7211 0029 11.26 1 229 1 20141128140418 00078
00000201 2011 09 27 16:00 16:59 11 1211 0029 11.26 1 402 1 20141128140418 00078
00000202 2011 09 01 08:00 08:29 11 1111 0029 11.26 1 254 1 20141128181429 00078
00000202 2011 09 01 13:00 13:29 11 1111 0029 11.26 1 254 1 20141128181429 00078
00000202 2011 09 01 15:30 15:59 11 1111 0029 11.26 1 254 1 20141128181429 00078
00000202 2011 09 01 19:30 19:59 11 1112 0029 11.26 1 318 1 20141128181429 00078
00000202 2011 09 02 08:00 08:29 11 1111 0029 11.26 1 254 1 20141128181429 00078
00000202 2011 09 02 13:00 13:29 11 1111 0029 11.26 1 254 1 20141128181429 00078
00000202 2011 09 02 19:30 19:59 11 1112 0029 11.26 1 318 1 20141128181429 00078
00000202 2011 09 03 08:00 08:29 11 1111 0029 11.26 1 254 1 20141128181429 00078
00000202 2011 09 03 13:00 13:29 11 1111 0029 11.26 1 254 1 20141128181429 00078
00000202 2011 09 03 15:30 15:59 11 1111 0029 11.26 1 254 1 20141128181429 00078
00000202 2011 09 03 19:30 19:59 11 1112 0029 11.26 1 318 1 20141128181429 00078
00000202 2011 09 04 08:00 08:29 11 1111 0029 11.26 1 254 1 20141128181429 00078
00000202 2011 09 04 13:00 13:29 11 1111 0029 11.26 1 254 1 20141128181429 00078
00000202 2011 09 04 15:30 15:59 11 1111 0029 11.26 1 254 1 20141128181429 00078
00000202 2011 09 04 19:30 19:59 11 1112 0029 11.26 1 318 1 20141128181429 00078
00000202 2011 09 05 08:00 08:29 11 1111 0029 11.26 1 254 1 20141128181429 00078
00000202 2011 09 05 13:00 13:29 11 1111 0029 11.26 1 254 1 20141128181429 00078
00000202 2011 09 05 15:30 16:29 11 1221 0029 11.26 1 804 1 20141128181429 00078
00000202 2011 09 05 19:30 19:59 11 1112 0029 11.26 1 318 1 20141128181429 00078
00000202 2011 09 06 08:00 08:29 11 1111 0029 11.26 1 254 1 20141128181429 00078
00000202 2011 09 06 13:00 13:29 11 1111 0029 11.26 1 254 1 20141128181429 00078
00000202 2011 09 06 15:30 15:59 11 1111 0029 11.26 1 254 1 20141128181429 00078
00000202 2011 09 06 19:30 19:59 11 1112 0029 11.26 1 318 1 20141128181429 00078
00000202 2011 09 07 08:00 08:29 11 1111 0029 11.26 1 254 1 20141128181429 00078
00000202 2011 09 07 13:00 13:29 11 1111 0029 11.26 1 254 1 20141128181429 00078
00000202 2011 09 07 15:30 16:29 11 1221 0029 11.26 1 804 1 20141128181429 00078
00000202 2011 09 07 19:30 19:59 11 1112 0029 11.26 1 318 1 20141128181429 00078
00000202 2011 09 08 08:00 08:29 11 1111 0029 11.26 1 254 1 20141128181429 00078
00000202 2011 09 08 13:00 13:29 11 1111 0029 11.26 1 254 1 20141128181429 00078
00000202 2011 09 08 15:30 15:59 11 1111 0029 11.26 1 254 1 20141128181429 00078
00000202 2011 09 08 19:30 19:59 11 1112 0029 11.26 1 318 1 20141128181429 00078
00000202 2011 09 09 08:00 08:29 11 1111 0029 11.26 1 254 1 20141128181429 00078
00000202 2011 09 09 13:00 13:29 11 1111 0029 11.26 1 254 1 20141128181429 00078
00000202 2011 09 09 19:30 19:59 11 1112 0029 11.26 1 318 1 20141128181429 00078
00000202 2011 09 10 08:00 08:29 11 1111 0029 11.26 1 254 1 20141128181429 00078
00000202 2011 09 10 13:00 13:29 11 1111 0029 11.26 1 254 1 20141128181429 00078
00000202 2011 09 10 15:30 15:59 11 1111 0029 11.26 1 254 1 20141128181429 00078
00000202 2011 09 10 19:30 19:59 11 1112 0029 11.26 1 318 1 20141128181429 00078
00000202 2011 09 11 08:00 08:29 11 1111 0029 11.26 1 254 1 20141128181429 00078
00000202 2011 09 11 13:00 13:29 11 1111 0029 11.26 1 254 1 20141128181429 00078
00000202 2011 09 11 15:30 15:59 11 1111 0029 11.26 1 254 1 20141128181429 00078
00000202 2011 09 11 19:30 19:59 11 1112 0029 11.26 1 318 1 20141128181429 00078
00000202 2011 09 12 08:00 08:29 11 1111 0029 11.26 1 254 1 20141128181429 00078
00000202 2011 09 12 13:00 13:29 11 1111 0029 11.26 1 254 1 20141128181429 00078
00000202 2011 09 12 15:30 16:29 11 1221 0029 11.26 1 804 1 20141128181429 00078
00000202 2011 09 12 19:30 19:59 11 1112 0029 11.26 1 318 1 20141128181429 00078
00000202 2011 09 13 08:00 08:29 11 1111 0029 11.26 1 254 1 20141128181429 00078
00000202 2011 09 13 13:00 13:29 11 1111 0029 11.26 1 254 1 20141128181429 00078
00000202 2011 09 13 15:30 15:59 11 1111 0029 11.26 1 254 1 20141128181429 00078
00000202 2011 09 13 19:30 19:59 11 1112 0029 11.26 1 318 1 20141128181429 00078
00000202 2011 09 14 08:00 08:29 11 1111 0029 11.26 1 254 1 20141128181429 00078
00000202 2011 09 14 13:00 13:29 11 1111 0029 11.26 1 254 1 20141128181429 00078
00000202 2011 09 14 15:30 16:29 11 1221 0029 11.26 1 804 1 20141128181429 00078
00000202 2011 09 14 19:30 19:59 11 1112 0029 11.26 1 318 1 20141128181429 00078
00000202 2011 09 15 08:00 08:29 11 1111 0029 11.26 1 254 1 20141128181429 00078
00000202 2011 09 15 13:00 13:29 11 1111 0029 11.26 1 254 1 20141128181429 00078
00000202 2011 09 15 15:30 15:59 11 1111 0029 11.26 1 254 1 20141128181429 00078
00000202 2011 09 15 19:15 19:44 11 1112 0029 11.26 1 318 1 20141128181429 00078
00000202 2011 09 16 08:00 08:29 11 1111 0029 11.26 1 254 1 20141128181429 00078
00000202 2011 09 16 13:00 13:29 11 1111 0029 11.26 1 254 1 20141128181429 00078
00000202 2011 09 16 19:30 19:59 11 1112 0029 11.26 1 318 1 20141128181429 00078
00000202 2011 09 17 08:00 08:29 11 1111 0029 11.26 1 254 1 20141128181429 00078
00000202 2011 09 17 13:00 13:29 11 1111 0029 11.26 1 254 1 20141128181429 00078
00000202 2011 09 17 15:30 15:59 11 1111 0029 11.26 1 254 1 20141128181429 00078
00000202 2011 09 17 19:30 19:59 11 1112 0029 11.26 1 318 1 20141128181429 00078
00000202 2011 09 18 08:00 08:29 11 1111 0029 11.26 1 254 1 20141128181429 00078
00000202 2011 09 18 13:00 13:29 11 1111 0029 11.26 1 254 1 20141128181429 00078
00000202 2011 09 18 15:30 15:59 11 1111 0029 11.26 1 254 1 20141128181429 00078
00000202 2011 09 18 19:30 19:59 11 1112 0029 11.26 1 318 1 20141128181429 00078
00000202 2011 09 19 08:00 08:29 11 1111 0029 11.26 1 254 1 20141128181429 00078
00000202 2011 09 19 13:00 13:29 11 1111 0029 11.26 1 254 1 20141128181429 00078
00000202 2011 09 19 15:30 16:29 11 1221 0029 11.26 1 804 1 20141128181429 00078
00000202 2011 09 19 19:30 19:59 11 1112 0029 11.26 1 318 1 20141128181429 00078
00000202 2011 09 20 08:00 08:29 11 1111 0029 11.26 1 254 1 20141128181429 00078
00000202 2011 09 20 13:00 13:29 11 1111 0029 11.26 1 254 1 20141128181429 00078
00000202 2011 09 20 15:30 15:59 11 1111 0029 11.26 1 254 1 20141128181429 00078
00000202 2011 09 20 19:15 19:44 11 1112 0029 11.26 1 318 1 20141128181429 00078
00000202 2011 09 21 08:00 08:29 11 1111 0029 11.26 1 254 1 20141128181429 00078
00000202 2011 09 21 13:00 13:29 11 1111 0029 11.26 1 254 1 20141128181429 00078
00000202 2011 09 21 15:30 16:29 11 1221 0029 11.26 1 804 1 20141128181429 00078
00000202 2011 09 21 19:30 19:59 11 1112 0029 11.26 1 318 1 20141128181429 00078
00000202 2011 09 22 08:00 08:29 11 1111 0029 11.26 1 254 1 20141128181429 00078
00000202 2011 09 22 13:00 13:29 11 1111 0029 11.26 1 254 1 20141128181429 00078
00000202 2011 09 22 15:30 15:59 11 1111 0029 11.26 1 254 1 20141128181429 00078
00000202 2011 09 22 19:30 19:59 11 1112 0029 11.26 1 318 1 20141128181429 00078
00000202 2011 09 23 08:00 08:29 11 1111 0029 11.26 1 254 1 20141128181429 00078
00000202 2011 09 23 13:00 13:29 11 1111 0029 11.26 1 254 1 20141128181429 00078
00000202 2011 09 23 19:30 19:59 11 1112 0029 11.26 1 318 1 20141128181429 00078
00000202 2011 09 24 08:00 08:29 11 1111 0029 11.26 1 254 1 20141128181429 00078
00000202 2011 09 24 11:30 11:59 11 1111 0029 11.26 1 254 1 20141128181429 00078
00000202 2011 09 24 14:30 14:59 11 1111 0029 11.26 1 254 1 20141128181429 00078
00000202 2011 09 24 19:30 19:59 11 1112 0029 11.26 1 318 1 20141128181429 00078
00000202 2011 09 25 08:00 08:29 11 1111 0029 11.26 1 254 1 20141128181429 00078
00000202 2011 09 25 13:00 13:29 11 1111 0029 11.26 1 254 1 20141128181429 00078
00000202 2011 09 25 15:30 15:59 11 1111 0029 11.26 1 254 1 20141128181429 00078
00000202 2011 09 25 19:30 19:59 11 1112 0029 11.26 1 318 1 20141128181429 00078
00000202 2011 09 26 08:00 08:29 11 1111 0029 11.26 1 254 1 20141128181429 00078
00000202 2011 09 26 13:00 13:29 11 1111 0029 11.26 1 254 1 20141128181429 00078
00000202 2011 09 26 15:30 16:29 11 1221 0029 11.26 1 804 1 20141128181429 00078
00000202 2011 09 26 19:30 19:59 11 1112 0029 11.26 1 318 1 20141128181429 00078
00000202 2011 09 27 08:00 08:29 11 1111 0029 11.26 1 254 1 20141128181429 00078
00000202 2011 09 27 13:00 13:29 11 1111 0029 11.26 1 254 1 20141128181429 00078
00000202 2011 09 27 15:30 15:59 11 1111 0029 11.26 1 254 1 20141128181429 00078
00000202 2011 09 27 19:30 19:59 11 1112 0029 11.26 1 318 1 20141128181429 00078
00000202 2011 09 28 08:00 08:29 11 1111 0029 11.26 1 254 1 20141128181429 00078
00000202 2011 09 28 13:00 13:29 11 1111 0029 11.26 1 254 1 20141128181429 00078
00000202 2011 09 28 15:30 16:29 11 1221 0029 11.26 1 804 1 20141128181429 00078
00000202 2011 09 28 19:30 19:59 11 1112 0029 11.26 1 318 1 20141128181429 00078
00000202 2011 09 29 08:00 08:29 11 1111 0029 11.26 1 254 1 20141128181429 00078
00000202 2011 09 29 13:00 13:29 11 1111 0029 11.26 1 254 1 20141128181429 00078
00000202 2011 09 29 15:30 15:59 11 1111 0029 11.26 1 254 1 20141128181429 00078
00000202 2011 09 29 19:30 19:59 11 1112 0029 11.26 1 318 1 20141128181429 00078
00000202 2011 09 30 08:00 08:29 11 1111 0029 11.26 1 254 1 20141128181429 00078
00000202 2011 09 30 13:00 13:29 11 1111 0029 11.26 1 254 1 20141128181429 00078
00000202 2011 09 30 19:30 19:59 11 1112 0029 11.26 1 318 1 20141128181429 00078
00000203 2011 09 01 08:30 09:29 11 4111 0029 11.26 1 337 1 20141128174418 00078
00000203 2011 09 01 14:00 14:29 11 1111 0029 11.26 1 254 1 20141128174418 00078
00000203 2011 09 01 19:00 19:29 11 1112 0029 11.26 1 318 1 20141128174418 00078
00000203 2011 09 02 08:30 09:29 11 4111 0029 11.26 1 337 1 20141128174418 00078
00000203 2011 09 02 14:00 14:59 11 4111 0029 11.26 1 337 1 20141128174418 00078
00000203 2011 09 02 19:00 19:29 11 1112 0029 11.26 1 318 1 20141128174418 00078
00000203 2011 09 03 08:30 09:29 11 4111 0029 11.26 1 337 1 20141128174418 00078
00000203 2011 09 03 19:00 19:29 11 1112 0029 11.26 1 318 1 20141128174418 00078
00000203 2011 09 04 08:30 09:29 11 4111 0029 11.26 1 337 1 20141128174418 00078
00000203 2011 09 04 12:30 13:29 11 1211 0029 11.26 1 402 1 20141128174418 00078
00000203 2011 09 04 19:00 19:29 11 1112 0029 11.26 1 318 1 20141128174418 00078
00000203 2011 09 05 08:30 09:29 11 4111 0029 11.26 1 337 1 20141128174418 00078
00000203 2011 09 05 14:00 14:59 11 4111 0029 11.26 1 337 1 20141128174418 00078
00000203 2011 09 05 19:00 19:29 11 1112 0029 11.26 1 318 1 20141128174418 00078
00000203 2011 09 06 08:30 09:29 11 4111 0029 11.26 1 337 1 20141128174418 00078
00000203 2011 09 06 19:00 19:29 11 1112 0029 11.26 1 318 1 20141128174418 00078
00000203 2011 09 07 08:30 09:29 11 4111 0029 11.26 1 337 1 20141128174418 00078
00000203 2011 09 07 14:00 14:59 11 1211 0029 11.26 1 402 1 20141128174418 00078
00000203 2011 09 07 19:00 19:29 11 1112 0029 11.26 1 318 1 20141128174418 00078
00000203 2011 09 08 08:30 09:29 11 4111 0029 11.26 1 337 1 20141128174418 00078
00000203 2011 09 08 14:00 14:29 11 1111 0029 11.26 1 254 1 20141128174418 00078
00000203 2011 09 08 19:00 19:29 11 1112 0029 11.26 1 318 1 20141128174418 00078
00000203 2011 09 09 08:30 09:29 11 4111 0029 11.26 1 337 1 20141128174418 00078
00000203 2011 09 09 14:00 14:59 11 4111 0029 11.26 1 337 1 20141128174418 00078
00000203 2011 09 09 19:00 19:29 11 1112 0029 11.26 1 318 1 20141128174418 00078
00000203 2011 09 10 08:30 09:29 11 4111 0029 11.26 1 337 1 20141128174418 00078
00000203 2011 09 10 14:00 14:29 11 1111 0029 11.26 1 254 1 20141128174418 00078
00000203 2011 09 10 19:00 19:29 11 1112 0029 11.26 1 318 1 20141128174418 00078
00000203 2011 09 11 08:30 09:29 11 4111 0029 11.26 1 337 1 20141128174418 00078
00000203 2011 09 11 14:00 14:29 11 1111 0029 11.26 1 254 1 20141128174418 00078
00000203 2011 09 11 19:00 19:29 11 1112 0029 11.26 1 318 1 20141128174418 00078
00000203 2011 09 12 08:30 09:29 11 4111 0029 11.26 1 337 1 20141128174418 00078
00000203 2011 09 12 14:00 14:59 11 4111 0029 11.26 1 337 1 20141128174418 00078
00000203 2011 09 12 19:00 19:29 11 1112 0029 11.26 1 318 1 20141128174418 00078
00000203 2011 09 13 08:30 09:29 11 4111 0029 11.26 1 337 1 20141128174418 00078
00000203 2011 09 13 14:00 14:29 11 1111 0029 11.26 1 254 1 20141128174418 00078
00000203 2011 09 13 19:00 19:29 11 1112 0029 11.26 1 318 1 20141128174418 00078
00000203 2011 09 14 08:30 09:29 11 4111 0029 11.26 1 337 1 20141128174418 00078
00000203 2011 09 14 14:00 14:59 11 1211 0029 11.26 1 402 1 20141128174418 00078
00000203 2011 09 14 19:00 19:29 11 1112 0029 11.26 1 318 1 20141128174418 00078
00000203 2011 09 15 08:30 09:29 11 4111 0029 11.26 1 337 1 20141128174418 00078
00000203 2011 09 15 14:00 14:29 11 1111 0029 11.26 1 254 1 20141128174418 00078
00000203 2011 09 15 19:45 20:10 11 1112 0029 11.26 1 318 1 20141128174418 00078
00000203 2011 09 16 08:30 09:29 11 4111 0029 11.26 1 337 1 20141128174418 00078
00000203 2011 09 16 14:00 14:59 11 4111 0029 11.26 1 337 1 20141128174418 00078
00000203 2011 09 17 08:30 09:29 11 4111 0029 11.26 1 337 1 20141128174418 00078
00000203 2011 09 17 14:00 14:29 11 1111 0029 11.26 1 254 1 20141128174418 00078
00000203 2011 09 17 19:00 19:29 11 1112 0029 11.26 1 318 1 20141128174418 00078
00000203 2011 09 18 08:30 09:29 11 4111 0029 11.26 1 337 1 20141128174418 00078
00000203 2011 09 18 14:00 14:29 11 1111 0029 11.26 1 254 1 20141128174418 00078
00000203 2011 09 18 19:00 19:29 11 1112 0029 11.26 1 318 1 20141128174418 00078
00000203 2011 09 19 08:30 09:29 11 4111 0029 11.26 1 337 1 20141128174418 00078
00000203 2011 09 19 14:00 14:59 11 4111 0029 11.26 1 337 1 20141128174418 00078
00000203 2011 09 19 19:00 19:29 11 1112 0029 11.26 1 318 1 20141128174418 00078
00000203 2011 09 20 09:00 09:59 11 4111 0029 11.26 1 337 1 20141128174418 00078
00000203 2011 09 20 14:00 14:29 11 1111 0029 11.26 1 254 1 20141128174418 00078
00000203 2011 09 20 19:45 20:05 11 1112 0029 11.26 1 318 1 20141128174418 00078
00000203 2011 09 21 08:30 09:29 11 4111 0029 11.26 1 337 1 20141128174418 00078
00000203 2011 09 21 14:00 14:59 11 1211 0029 11.26 1 402 1 20141128174418 00078
00000203 2011 09 21 19:00 19:29 11 1112 0029 11.26 1 318 1 20141128174418 00078
00000203 2011 09 22 08:30 09:29 11 4111 0029 11.26 1 337 1 20141128174418 00078
00000203 2011 09 22 14:00 14:29 11 1111 0029 11.26 1 254 1 20141128174418 00078
00000203 2011 09 22 19:00 19:29 11 1112 0029 11.26 1 318 1 20141128174418 00078
00000203 2011 09 23 08:30 09:29 11 4111 0029 11.26 1 337 1 20141128174418 00078
00000203 2011 09 23 14:00 14:59 11 4111 0029 11.26 1 337 1 20141128174418 00078
00000203 2011 09 23 19:00 19:29 11 1112 0029 11.26 1 318 1 20141128174418 00078
00000203 2011 09 24 08:30 09:29 11 4111 0029 11.26 1 337 1 20141128174418 00078
00000203 2011 09 24 14:00 14:29 11 1111 0029 11.26 1 254 1 20141128174418 00078
00000203 2011 09 24 19:00 19:29 11 1112 0029 11.26 1 318 1 20141128174418 00078
00000203 2011 09 25 08:30 09:29 11 4111 0029 11.26 1 337 1 20141128174418 00078
00000203 2011 09 25 14:00 14:59 11 1211 0029 11.26 1 402 1 20141128174418 00078
00000203 2011 09 26 08:30 09:29 11 4111 0029 11.26 1 337 1 20141128174418 00078
00000203 2011 09 26 14:00 14:59 11 4111 0029 11.26 1 337 1 20141128174418 00078
00000203 2011 09 26 19:00 19:29 11 1112 0029 11.26 1 318 1 20141128174418 00078
00000203 2011 09 27 08:30 09:29 11 4111 0029 11.26 1 337 1 20141128174418 00078
00000203 2011 09 27 14:00 14:29 11 1111 0029 11.26 1 254 1 20141128174418 00078
00000203 2011 09 27 19:00 19:29 11 1112 0029 11.26 1 318 1 20141128174418 00078
00000203 2011 09 28 08:30 09:29 11 4111 0029 11.26 1 337 1 20141128174418 00078
00000203 2011 09 28 14:00 14:29 11 1111 0029 11.26 1 254 1 20141128174418 00078
00000203 2011 09 28 19:00 19:29 11 1112 0029 11.26 1 318 1 20141128174418 00078
00000203 2011 09 29 08:30 09:29 11 4111 0029 11.26 1 337 1 20141128174418 00078
00000203 2011 09 29 14:00 14:29 11 1111 0029 11.26 1 254 1 20141128174418 00078
00000203 2011 09 29 19:00 19:29 11 1112 0029 11.26 1 318 1 20141128174418 00078
00000203 2011 09 30 08:30 09:29 11 4111 0029 11.26 1 337 1 20141128174418 00078
00000203 2011 09 30 19:00 19:29 11 1112 0029 11.26 1 318 1 20141128174418 00078
00000204 2011 09 01 10:00 10:29 11 1111 0029 11.26 1 254 1 20141128175830 00078
00000204 2011 09 01 14:30 14:59 11 1111 0029 11.26 1 254 1 20141128175830 00078
00000204 2011 09 01 20:00 20:29 11 1112 0029 11.26 1 318 1 20141128175830 00078
00000204 2011 09 02 09:30 09:59 11 1111 0029 11.26 1 254 1 20141128175830 00078
00000204 2011 09 02 20:00 20:29 11 1112 0029 11.26 1 318 1 20141128175830 00078
00000204 2011 09 03 10:00 10:29 11 1111 0029 11.26 1 254 1 20141128175830 00078
00000204 2011 09 03 14:30 15:29 11 4111 0029 11.26 1 337 1 20141128175830 00078
00000204 2011 09 03 20:00 20:29 11 1112 0029 11.26 1 318 1 20141128175830 00078
00000204 2011 09 04 10:00 10:29 11 1111 0029 11.26 1 254 1 20141128175830 00078
00000204 2011 09 04 14:30 14:59 11 1111 0029 11.26 1 254 1 20141128175830 00078
00000204 2011 09 04 20:00 20:29 11 1112 0029 11.26 1 318 1 20141128175830 00078
00000204 2011 09 05 20:00 20:29 11 1112 0029 11.26 1 318 1 20141128175830 00078
00000204 2011 09 06 09:40 10:09 11 1111 0029 11.26 1 254 1 20141128175830 00078
00000204 2011 09 06 20:00 20:29 11 1112 0029 11.26 1 318 1 20141128175830 00078
00000204 2011 09 07 10:00 10:29 11 1111 0029 11.26 1 254 1 20141128175830 00078
00000204 2011 09 07 14:30 15:29 11 4111 0029 11.26 1 337 1 20141128175830 00078
00000204 2011 09 07 20:00 20:29 11 1112 0029 11.26 1 318 1 20141128175830 00078
00000204 2011 09 08 10:00 10:29 11 1111 0029 11.26 1 254 1 20141128175830 00078
00000204 2011 09 08 14:30 14:59 11 1111 0029 11.26 1 254 1 20141128175830 00078
00000204 2011 09 08 20:00 20:29 11 1112 0029 11.26 1 318 1 20141128175830 00078
00000204 2011 09 09 09:30 09:59 11 1111 0029 11.26 1 254 1 20141128175830 00078
00000204 2011 09 09 20:00 20:29 11 1112 0029 11.26 1 318 1 20141128175830 00078
00000204 2011 09 10 10:00 10:29 11 1111 0029 11.26 1 254 1 20141128175830 00078
00000204 2011 09 10 14:30 15:29 11 4111 0029 11.26 1 337 1 20141128175830 00078
00000204 2011 09 10 20:00 20:29 11 1112 0029 11.26 1 318 1 20141128175830 00078
00000204 2011 09 11 10:00 10:29 11 1111 0029 11.26 1 254 1 20141128175830 00078
00000204 2011 09 11 14:30 14:59 11 1111 0029 11.26 1 254 1 20141128175830 00078
00000204 2011 09 11 20:00 20:29 11 1112 0029 11.26 1 318 1 20141128175830 00078
00000204 2011 09 12 20:00 20:29 11 1112 0029 11.26 1 318 1 20141128175830 00078
00000204 2011 09 13 10:00 10:29 11 1111 0029 11.26 1 254 1 20141128175830 00078
00000204 2011 09 13 20:00 20:29 11 1112 0029 11.26 1 318 1 20141128175830 00078
00000204 2011 09 14 10:00 10:29 11 1111 0029 11.26 1 254 1 20141128175830 00078
00000204 2011 09 14 14:30 15:29 11 4111 0029 11.26 1 337 1 20141128175830 00078
00000204 2011 09 14 20:00 20:29 11 1112 0029 11.26 1 318 1 20141128175830 00078
00000204 2011 09 15 10:00 10:29 11 1111 0029 11.26 1 254 1 20141128175830 00078
00000204 2011 09 15 14:30 14:59 11 1111 0029 11.26 1 254 1 20141128175830 00078
00000204 2011 09 15 20:10 20:39 11 1112 0029 11.26 1 318 1 20141128175830 00078
00000204 2011 09 16 09:30 09:59 11 1111 0029 11.26 1 254 1 20141128175830 00078
00000204 2011 09 16 20:00 20:29 11 1112 0029 11.26 1 318 1 20141128175830 00078
00000204 2011 09 17 14:30 15:29 11 4111 0029 11.26 1 337 1 20141128175830 00078
00000204 2011 09 17 20:00 20:29 11 1112 0029 11.26 1 318 1 20141128175830 00078
00000204 2011 09 18 10:00 10:29 11 1111 0029 11.26 1 254 1 20141128175830 00078
00000204 2011 09 18 14:30 14:59 11 1111 0029 11.26 1 254 1 20141128175830 00078
00000204 2011 09 18 20:00 20:29 11 1112 0029 11.26 1 318 1 20141128175830 00078
00000204 2011 09 19 10:00 10:29 11 1111 0029 11.26 1 254 1 20141128175830 00078
00000204 2011 09 19 14:30 14:59 11 1111 0029 11.26 1 254 1 20141128175830 00078
00000204 2011 09 19 20:00 20:29 11 1112 0029 11.26 1 318 1 20141128175830 00078
00000204 2011 09 20 09:30 09:59 11 1111 0029 11.26 1 254 1 20141128175830 00078
00000204 2011 09 20 20:10 20:39 11 1112 0029 11.26 1 318 1 20141128175830 00078
00000204 2011 09 21 20:00 20:29 11 1112 0029 11.26 1 318 1 20141128175830 00078
00000204 2011 09 22 10:00 10:29 11 1111 0029 11.26 1 254 1 20141128175830 00078
00000204 2011 09 22 13:30 13:59 11 1111 0029 11.26 1 254 1 20141128175830 00078
00000204 2011 09 22 20:00 20:29 11 1112 0029 11.26 1 318 1 20141128175830 00078
00000204 2011 09 23 09:30 09:59 11 1111 0029 11.26 1 254 1 20141128175830 00078
00000204 2011 09 23 20:00 20:29 11 1112 0029 11.26 1 318 1 20141128175830 00078
00000204 2011 09 24 10:00 10:29 11 1111 0029 11.26 1 254 1 20141128175830 00078
00000204 2011 09 24 14:30 15:29 11 4111 0029 11.26 1 337 1 20141128175830 00078
00000204 2011 09 24 20:00 20:29 11 1112 0029 11.26 1 318 1 20141128175830 00078
00000204 2011 09 25 10:00 10:29 11 1111 0029 11.26 1 254 1 20141128175830 00078
00000204 2011 09 25 14:30 14:59 11 1111 0029 11.26 1 254 1 20141128175830 00078
00000204 2011 09 25 20:00 20:29 11 1112 0029 11.26 1 318 1 20141128175830 00078
00000204 2011 09 26 10:00 10:29 11 1111 0029 11.26 1 254 1 20141128175830 00078
00000204 2011 09 26 14:30 14:59 11 1111 0029 11.26 1 254 1 20141128175830 00078
00000204 2011 09 26 20:00 20:29 11 1112 0029 11.26 1 318 1 20141128175830 00078
00000204 2011 09 27 09:30 09:59 11 1111 0029 11.26 1 254 1 20141128175830 00078
00000204 2011 09 27 20:00 20:29 11 1112 0029 11.26 1 318 1 20141128175830 00078
00000204 2011 09 28 20:00 20:29 11 1112 0029 11.26 1 318 1 20141128175830 00078
00000204 2011 09 29 10:00 10:29 11 1111 0029 11.26 1 254 1 20141128175830 00078
00000204 2011 09 29 14:30 14:59 11 1111 0029 11.26 1 254 1 20141128175830 00078
00000204 2011 09 29 20:00 20:29 11 1112 0029 11.26 1 318 1 20141128175830 00078
00000204 2011 09 30 09:30 09:59 11 1111 0029 11.26 1 254 1 20141128175830 00078
00000204 2011 09 30 20:00 20:29 11 1112 0029 11.26 1 318 1 20141128175830 00078
00000205 2011 09 01 14:30 15:29 11 7211 0029 11.26 1 229 1 20141128180949 00078
00000205 2011 09 02 14:30 15:59 11 1311 0029 11.26 1 584 1 20141128180949 00078
00000205 2011 09 06 14:30 15:59 11 1311 0029 11.26 1 584 1 20141128180949 00078
00000205 2011 09 08 14:30 15:29 11 7211 0029 11.26 1 229 1 20141128180949 00078
00000205 2011 09 09 14:30 15:59 11 1311 0029 11.26 1 584 1 20141128180949 00078
00000205 2011 09 13 14:30 15:59 11 1311 0029 11.26 1 584 1 20141128180949 00078
00000205 2011 09 15 14:30 15:59 11 7311 0029 11.26 1 291 1 20141128180949 00078
00000205 2011 09 16 14:30 15:59 11 1311 0029 11.26 1 584 1 20141128180949 00078
00000205 2011 09 20 14:30 15:59 11 1311 0029 11.26 1 584 1 20141128180949 00078
00000205 2011 09 22 14:30 15:29 11 7211 0029 11.26 1 229 1 20141128180949 00078
00000205 2011 09 23 14:10 15:09 11 1211 0029 11.26 1 402 1 20141128180949 00078
00000205 2011 09 27 14:30 15:59 11 1311 0029 11.26 1 584 1 20141128180949 00078
00000205 2011 09 29 14:30 15:29 11 7211 0029 11.26 1 229 1 20141128180949 00078
00000205 2011 09 30 14:30 15:59 11 1311 0029 11.26 1 584 1 20141128180949 00078
00000206 2011 09 01 16:30 17:59 11 7311 0029 11.26 1 291 1 20141128181549 00078
00000206 2011 09 03 16:30 17:29 11 1211 0029 11.26 1 402 1 20141128181549 00078
00000206 2011 09 04 16:30 17:59 11 7311 0029 11.26 1 291 1 20141128181549 00078
00000206 2011 09 07 17:00 17:59 11 1211 0029 11.26 1 402 1 20141128181549 00078
00000206 2011 09 08 16:30 17:59 11 7311 0029 11.26 1 291 1 20141128181549 00078
00000206 2011 09 10 16:30 17:29 11 1211 0029 11.26 1 402 1 20141128181549 00078
00000206 2011 09 11 16:30 17:59 11 7311 0029 11.26 1 291 1 20141128181549 00078
00000206 2011 09 12 17:00 17:59 11 1211 0029 11.26 1 402 1 20141128181549 00078
00000206 2011 09 14 17:00 17:59 11 1211 0029 11.26 1 402 1 20141128181549 00078
00000206 2011 09 15 16:30 17:59 11 7311 0029 11.26 1 291 1 20141128181549 00078
00000206 2011 09 17 16:30 17:29 11 1211 0029 11.26 1 402 1 20141128181549 00078
00000206 2011 09 18 16:30 17:59 11 7311 0029 11.26 1 291 1 20141128181549 00078
00000206 2011 09 19 17:00 17:59 11 1211 0029 11.26 1 402 1 20141128181549 00078
00000206 2011 09 21 17:00 17:59 11 1211 0029 11.26 1 402 1 20141128181549 00078
00000206 2011 09 22 16:30 17:59 11 7311 0029 11.26 1 291 1 20141128181549 00078
00000206 2011 09 24 16:30 17:29 11 1211 0029 11.26 1 402 1 20141128181549 00078
00000206 2011 09 25 16:30 17:59 11 7311 0029 11.26 1 291 1 20141128181549 00078
00000206 2011 09 27 17:00 17:59 11 1211 0029 11.26 1 402 1 20141128181549 00078
00000206 2011 09 28 17:00 17:59 11 1211 0029 11.26 1 402 1 20141128181549 00078
00000206 2011 09 29 16:30 17:59 11 7311 0029 11.26 1 291 1 20141128181549 00078
00000207 2011 09 06 14:00 14:59 61 1111 0107 11.26 1 1234 1 20141128181653 00078
00000207 2011 09 20 14:00 14:59 61 1111 0107 11.26 1 1234 1 20141128181653 00078
00000207 2011 09 27 14:00 14:59 61 1111 0107 11.26 1 1234 1 20141128181653 00078
00000209 2011 09 02 10:45 11:44 61 1211 0107 11.26 1 2468 1 20141128181834 00078
00000209 2011 09 05 10:45 11:44 61 1211 0107 11.26 1 2468 1 20141128181834 00078
00000209 2011 09 09 10:45 11:44 61 1211 0107 11.26 1 2468 1 20141128181834 00078
00000209 2011 09 12 10:45 11:44 61 1211 0107 11.26 1 2468 1 20141128181834 00078
00000209 2011 09 19 10:45 11:44 61 1211 0107 11.26 1 2468 1 20141128181834 00078
00000209 2011 09 23 10:45 11:44 61 1211 0107 11.26 1 2468 1 20141128181834 00078
00000209 2011 09 26 10:45 11:44 61 1211 0107 11.26 1 2468 1 20141128181834 00078
00000209 2011 09 30 10:45 11:44 61 1211 0107 11.26 1 2468 1 20141128181834 00078
00000210 2011 09 02 13:00 13:59 11 7211 0029 11.26 1 229 1 20141130122825 00078
00000210 2011 09 06 13:00 13:59 11 7211 0029 11.26 1 229 1 20141130122825 00078
00000210 2011 09 09 13:00 13:59 11 7211 0029 11.26 1 229 1 20141130122825 00078
00000210 2011 09 13 13:00 13:59 11 7211 0029 11.26 1 229 1 20141130122825 00078
00000210 2011 09 16 13:00 13:59 11 7211 0029 11.26 1 229 1 20141130122825 00078
00000210 2011 09 20 13:00 13:59 11 7211 0029 11.26 1 229 1 20141130122825 00078
00000212 2011 09 07 13:00 13:59 61 1111 0107 11.26 1 1234 1 20141128182145 00078
00000212 2011 09 14 13:00 13:59 61 1111 0107 11.26 1 1234 1 20141128182145 00078
00000212 2011 09 21 13:00 13:59 61 1111 0107 11.26 1 1234 1 20141128182145 00078
00000212 2011 09 28 13:00 13:59 61 1111 0107 11.26 1 1234 1 20141128182145 00078
00000213 2011 09 03 10:45 11:44 11 7211 0029 11.26 1 229 1 20141128182427 00078
00000213 2011 09 03 16:00 16:59 11 1211 0029 11.26 1 402 1 20141128182427 00078
00000213 2011 09 06 10:45 11:44 11 7211 0029 11.26 1 229 1 20141128182427 00078
00000213 2011 09 06 16:00 16:59 11 1211 0029 11.26 1 402 1 20141128182427 00078
00000213 2011 09 10 10:45 11:44 11 7211 0029 11.26 1 229 1 20141128182427 00078
00000213 2011 09 13 10:45 11:44 11 7211 0029 11.26 1 229 1 20141128182427 00078
00000213 2011 09 13 16:00 16:59 11 1211 0029 11.26 1 402 1 20141128182427 00078
00000213 2011 09 17 10:45 11:44 11 7211 0029 11.26 1 229 1 20141128182427 00078
00000213 2011 09 17 16:00 16:59 11 1211 0029 11.26 1 402 1 20141128182427 00078
00000213 2011 09 20 10:45 11:44 11 7211 0029 11.26 1 229 1 20141128182427 00078
00000213 2011 09 20 16:00 16:59 11 1211 0029 11.26 1 402 1 20141128182427 00078
00000213 2011 09 24 10:45 11:44 11 7211 0029 11.26 1 229 1 20141128182427 00078
00000213 2011 09 24 16:00 16:59 11 1211 0029 11.26 1 402 1 20141128182427 00078
00000213 2011 09 27 10:45 11:44 11 7211 0029 11.26 1 229 1 20141128182427 00078
00000213 2011 09 27 16:00 16:59 11 1211 0029 11.26 1 402 1 20141128182427 00078
00000214 2011 09 07 10:45 11:44 61 1111 0107 11.26 1 1234 1 20141128182523 00078
00000214 2011 09 14 10:45 11:44 61 1111 0107 11.26 1 1234 1 20141128182523 00078
00000214 2011 09 21 10:45 11:44 61 1111 0107 11.26 1 1234 1 20141128182523 00078
00000214 2011 09 28 10:45 11:44 61 1111 0107 11.26 1 1234 1 20141128182523 00078
