00000109 2013 08 00031 1 20140728114821 00030
00000109 2013 09 00031 1 20140630192504 00030
00000109 2013 10 00031 1 20140701102021 00030
00000109 2013 11 00031 1 20140701104722 00030
00000109 2013 12 00031 1 20140701105626 00030
00000109 2014 01 00031 1 20140616183423 00030
00000109 2014 02 00031 1 20140616184130 00030
00000109 2014 03 00031 1 20140616184403 00030
00000109 2014 04 00031 1 20140616184635 00030
00000109 2014 05 00031 1 20140812141314 00030
00000109 2014 06 00031 1 20140904135233 00031
00000109 2014 07 00088 1 20140804100122 00031
