00000065 2012 06 1 4970 1 20140807151419 00030
00000065 2012 07 1 4970 1 20140807152038 00030
00000065 2012 08 1 4970 1 20140807152818 00030
00000065 2012 09 1 4970 1 20140807153255 00030
00000065 2012 10 1 4970 1 20140807154115 00030
00000065 2012 11 1 4970 1 20140807155114 00030
00000065 2012 12 1 4970 1 20140807155526 00030
00000065 2013 01 1 4970 1 20140724122037 00030
00000065 2013 02 1 4970 1 20140724122408 00030
00000065 2013 03 1 4970 1 20140724123021 00030
00000065 2013 04 1 4970 1 20140724133735 00030
00000065 2013 05 1 4970 1 20140724134326 00030
00000065 2013 06 1 4970 1 20140724134641 00030
00000065 2013 07 1 4970 1 20140724135031 00030
00000065 2013 08 1 4970 1 20140724135317 00030
00000065 2013 09 1 4970 1 20140626174921 00030
00000065 2013 10 1 4970 1 20140626175302 00030
00000065 2013 11 1 4970 1 20140626175700 00030
00000065 2013 12 1 4970 1 20140626175917 00030
00000065 2014 01 1 4970 1 20140618161646 00078
00000065 2014 02 1 4970 1 20140618161709 00078
00000065 2014 03 1 4970 1 20140618161747 00078
00000065 2014 04 1 5003 1 20140612183045 00030
00000065 2014 05 1 5003 1 20140815181457 00030
00000065 2014 06 1 5003 1 20140701170259 00030
00000065 2014 07 1 5003 1 20140801154934 00030
00000065 2014 08 1 5003 1 20140809143721 00030
00000065 2014 09 1 5003 1 20140817150903 00030
