000000822014061 00000082 2014 06 03 61 1211 1 15:15 16:14 0073 1 2452 0 _ _ 1 20140702153408 88
000000822014061 00000082 2014 06 07 61 1211 1 15:15 16:14 0073 1 2452 0 _ _ 1 20140702153408 88
000000822014061 00000082 2014 06 10 61 1211 1 15:15 16:14 0073 1 2452 0 _ _ 1 20140702153408 88
000000822014061 00000082 2014 06 14 61 1211 1 15:15 16:14 0073 1 2452 0 _ _ 1 20140702153408 88
000000822014061 00000082 2014 06 17 61 1211 1 15:15 16:14 0073 1 2452 0 _ _ 1 20140702153408 88
000000822014061 00000082 2014 06 21 61 1211 1 15:15 16:14 0073 1 2452 0 _ _ 1 20140702153408 88
000000822014061 00000082 2014 06 24 61 1211 1 15:15 16:14 0073 1 2452 0 _ _ 1 20140702153408 88
000000822014061 00000082 2014 06 28 61 1211 1 15:15 16:14 0073 1 2452 0 _ _ 1 20140702153408 88
000000822014062 00000082 2014 06 02 65 1121 1 09:30 12:30 0082 1 4236 0 _ _ 1 20140702153408 88
000000822014062 00000082 2014 06 09 65 1121 1 09:30 12:30 0082 1 4236 0 _ _ 1 20140702153408 88
000000822014062 00000082 2014 06 16 65 1121 1 09:30 12:30 0082 1 4236 0 _ _ 1 20140702153408 88
000000822014062 00000082 2014 06 30 65 1121 1 09:30 12:30 0082 1 4236 0 _ _ 1 20140702153408 88
000000822014063 00000082 2014 06 02 65 5002 1 _ _ 0082 1 225 0 _ _ 1 20140702153408 88
000000822014063 00000082 2014 06 09 65 5002 1 _ _ 0082 1 225 0 _ _ 1 20140702153408 88
000000822014063 00000082 2014 06 16 65 5002 1 _ _ 0082 1 225 0 _ _ 1 20140702153408 88
000000822014063 00000082 2014 06 30 65 5002 1 _ _ 0082 1 225 0 _ _ 1 20140702153408 88
000000822014064 00000082 2014 06 01 67 1007 1 _ _ 0103 1 200 0 _ _ 1 20140702153408 88
000000822014065 00000082 2014 06 01 67 1009 1 _ _ 0103 1 200 0 _ _ 1 20140702153408 88
000000822014071 00000082 2014 07 01 61 1211 1 15:15 16:14 0073 1 2452 0 _ _ 1 20140804101207 88
000000822014071 00000082 2014 07 05 61 1211 1 15:15 16:14 0073 1 2452 0 _ _ 1 20140804101207 88
000000822014071 00000082 2014 07 08 61 1211 1 15:15 16:14 0073 1 2452 0 _ _ 1 20140804101207 88
000000822014071 00000082 2014 07 12 61 1211 1 15:15 16:14 0073 1 2452 0 _ _ 1 20140804101207 88
000000822014071 00000082 2014 07 15 61 1211 1 15:15 16:14 0073 1 2452 0 _ _ 1 20140804101207 88
000000822014071 00000082 2014 07 19 61 1211 1 15:15 16:14 0073 1 2452 0 _ _ 1 20140804101207 88
000000822014071 00000082 2014 07 22 61 1211 1 15:15 16:14 0073 1 2452 0 _ _ 1 20140804101207 88
000000822014071 00000082 2014 07 26 61 1211 1 15:15 16:14 0073 1 2452 0 _ _ 1 20140804101207 88
000000822014071 00000082 2014 07 29 61 1211 1 15:15 16:14 0073 1 2452 0 _ _ 1 20140804101207 88
000000822014072 00000082 2014 07 07 65 1121 1 09:30 12:30 0082 1 4236 0 _ _ 1 20140804101207 88
000000822014072 00000082 2014 07 14 65 1121 1 09:30 12:30 0082 1 4236 0 _ _ 1 20140804101207 88
000000822014072 00000082 2014 07 28 65 1121 1 09:30 12:30 0082 1 4236 0 _ _ 1 20140804101207 88
000000822014073 00000082 2014 07 07 65 5002 1 _ _ 0082 1 225 0 _ _ 1 20140804101207 88
000000822014073 00000082 2014 07 15 65 5002 1 _ _ 0082 1 225 0 _ _ 1 20140804101207 88
000000822014073 00000082 2014 07 28 65 5002 1 _ _ 0082 1 225 0 _ _ 1 20140804101207 88
000000822014074 00000082 2014 07 01 67 1007 1 _ _ 0103 1 200 0 _ _ 1 20140804101207 88
000000822014075 00000082 2014 07 01 67 1009 1 _ _ 0103 1 200 0 _ _ 1 20140804101207 88
