000000722014061 00000072 2014 06 05 64 2111 10:20 11:00 0014 1 307 0 _ _ 1 1 20140702221538 24
000000722014061 00000072 2014 06 12 64 2111 10:20 11:00 0014 1 307 0 _ _ 1 1 20140702221538 24
000000722014061 00000072 2014 06 19 64 2111 10:20 11:00 0014 1 307 0 _ _ 1 1 20140702221538 24
000000722014061 00000072 2014 06 26 64 2111 10:20 11:00 0014 1 307 0 _ _ 1 1 20140702221538 24
000000722014062 00000072 2014 06 05 64 6101 _ _ 0014 1 6 0 _ _ 1 1 20140702221538 24
000000722014062 00000072 2014 06 12 64 6101 _ _ 0014 1 6 0 _ _ 1 1 20140702221538 24
000000722014062 00000072 2014 06 19 64 6101 _ _ 0014 1 6 0 _ _ 1 1 20140702221538 24
000000722014062 00000072 2014 06 26 64 6101 _ _ 0014 1 6 0 _ _ 1 1 20140702221538 24
000000722014063 00000072 2014 06 06 61 1211 15:45 16:44 0073 1 2452 0 _ _ 1 1 20140702221538 24
000000722014063 00000072 2014 06 13 61 1211 15:45 16:44 0073 1 2452 0 _ _ 1 1 20140702221538 24
000000722014063 00000072 2014 06 20 61 1211 15:45 16:44 0073 1 2452 0 _ _ 1 1 20140702221538 24
000000722014063 00000072 2014 06 27 61 1211 15:45 16:44 0073 1 2452 0 _ _ 1 1 20140702221538 24
000000722014064 00000072 2014 06 02 61 1211 16:30 17:29 0073 1 2452 0 _ _ 1 1 20140702221538 24
000000722014064 00000072 2014 06 09 61 1211 16:30 17:29 0073 1 2452 0 _ _ 1 1 20140702221538 24
000000722014064 00000072 2014 06 16 61 1211 16:30 17:29 0073 1 2452 0 _ _ 1 1 20140702221538 24
000000722014064 00000072 2014 06 23 61 1211 16:30 17:29 0073 1 2452 0 _ _ 1 1 20140702221538 24
000000722014064 00000072 2014 06 30 61 1211 16:30 17:29 0073 1 2452 0 _ _ 1 1 20140702221538 24
000000722014065 00000072 2014 06 01 67 1007 _ _ 0035 1 300 0 _ _ 1 1 20140702221538 24
000000722014066 00000072 2014 06 01 67 1009 _ _ 0035 1 400 0 _ _ 1 1 20140702221538 24
000000722014071 00000072 2014 07 03 64 2111 10:20 11:00 0014 1 307 0 _ _ 1 1 20140802094014 27
000000722014071 00000072 2014 07 10 64 2111 10:20 11:00 0014 1 307 0 _ _ 1 1 20140802094014 27
000000722014071 00000072 2014 07 17 64 2111 10:20 11:00 0014 1 307 0 _ _ 1 1 20140802094014 27
000000722014071 00000072 2014 07 24 64 2111 10:20 11:00 0014 1 307 0 _ _ 1 1 20140802094014 27
000000722014072 00000072 2014 07 03 64 6101 _ _ 0014 1 6 0 _ _ 1 1 20140802094014 27
000000722014072 00000072 2014 07 10 64 6101 _ _ 0014 1 6 0 _ _ 1 1 20140802094014 27
000000722014072 00000072 2014 07 17 64 6101 _ _ 0014 1 6 0 _ _ 1 1 20140802094014 27
000000722014072 00000072 2014 07 24 64 6101 _ _ 0014 1 6 0 _ _ 1 1 20140802094014 27
000000722014073 00000072 2014 07 04 61 1211 15:45 16:44 0073 1 2452 0 _ _ 1 1 20140802094014 27
000000722014073 00000072 2014 07 11 61 1211 15:45 16:44 0073 1 2452 0 _ _ 1 1 20140802094014 27
000000722014073 00000072 2014 07 18 61 1211 15:45 16:44 0073 1 2452 0 _ _ 1 1 20140802094014 27
000000722014073 00000072 2014 07 25 61 1211 15:45 16:44 0073 1 2452 0 _ _ 1 1 20140802094014 27
000000722014074 00000072 2014 07 07 61 1211 16:30 17:29 0073 1 2452 0 _ _ 1 1 20140802094014 27
000000722014074 00000072 2014 07 14 61 1211 16:30 17:29 0073 1 2452 0 _ _ 1 1 20140802094014 27
000000722014074 00000072 2014 07 21 61 1211 16:30 17:29 0073 1 2452 0 _ _ 1 1 20140802094014 27
000000722014074 00000072 2014 07 28 61 1211 16:30 17:29 0073 1 2452 0 _ _ 1 1 20140802094014 27
000000722014075 00000072 2014 07 01 67 1007 _ _ 0035 1 300 0 _ _ 1 1 20140802094014 27
000000722014076 00000072 2014 07 01 67 1009 _ _ 0035 1 400 0 _ _ 1 1 20140802094014 27
000000722014081 00000072 2014 08 07 64 2111 10:20 11:00 0014 1 307 0 _ _ 1 1 20140721192611 27
000000722014081 00000072 2014 08 14 64 2111 10:20 11:00 0014 1 307 0 _ _ 1 1 20140721192611 27
000000722014081 00000072 2014 08 21 64 2111 10:20 11:00 0014 1 307 0 _ _ 1 1 20140721192611 27
000000722014081 00000072 2014 08 28 64 2111 10:20 11:00 0014 1 307 0 _ _ 1 1 20140721192611 27
000000722014082 00000072 2014 08 01 61 1211 15:45 16:44 0073 1 2452 0 _ _ 1 1 20140721192611 27
000000722014082 00000072 2014 08 08 61 1211 15:45 16:44 0073 1 2452 0 _ _ 1 1 20140721192611 27
000000722014082 00000072 2014 08 15 61 1211 15:45 16:44 0073 1 2452 0 _ _ 1 1 20140721192611 27
000000722014082 00000072 2014 08 22 61 1211 15:45 16:44 0073 1 2452 0 _ _ 1 1 20140721192611 27
000000722014082 00000072 2014 08 29 61 1211 15:45 16:44 0073 1 2452 0 _ _ 1 1 20140721192611 27
000000722014083 00000072 2014 08 04 61 1211 16:30 17:29 0073 1 2452 0 _ _ 1 1 20140721192611 27
000000722014083 00000072 2014 08 11 61 1211 16:30 17:29 0073 1 2452 0 _ _ 1 1 20140721192611 27
000000722014083 00000072 2014 08 18 61 1211 16:30 17:29 0073 1 2452 0 _ _ 1 1 20140721192611 27
000000722014083 00000072 2014 08 25 61 1211 16:30 17:29 0073 1 2452 0 _ _ 1 1 20140721192611 27
000000722014084 00000072 2014 08 01 67 1007 _ _ 0035 1 300 0 _ _ 1 1 20140721192611 27
000000722014085 00000072 2014 08 01 67 1009 _ _ 0035 1 400 0 _ _ 1 1 20140721192611 27
000000722014086 00000072 2014 08 07 64 6101 _ _ 0014 1 6 0 _ _ 1 1 20140721192611 27
000000722014086 00000072 2014 08 14 64 6101 _ _ 0014 1 6 0 _ _ 1 1 20140721192611 27
000000722014086 00000072 2014 08 21 64 6101 _ _ 0014 1 6 0 _ _ 1 1 20140721192611 27
000000722014086 00000072 2014 08 27 64 6101 _ _ 0014 1 6 0 _ _ 1 1 20140721192611 27
