000002182014061 00000218 2014 06 01 61 1321 10:30 11:30 0107 1 3889 0 _ _ 1 1 20140701174722 39
000002182014061 00000218 2014 06 08 61 1321 10:30 11:30 0107 1 3889 0 _ _ 1 1 20140701174722 39
000002182014061 00000218 2014 06 15 61 1321 10:30 11:30 0107 1 3889 0 _ _ 1 1 20140701174722 39
000002182014061 00000218 2014 06 22 61 1321 10:30 11:30 0107 1 3889 0 _ _ 1 1 20140701174722 39
000002182014061 00000218 2014 06 29 61 1321 10:30 11:30 0107 1 3889 0 _ _ 1 1 20140701174722 39
000002182014063 00000218 2014 06 04 61 1321 15:20 16:20 0107 1 3889 0 _ _ 1 1 20140701174722 39
000002182014063 00000218 2014 06 07 61 1321 15:20 16:20 0107 1 3889 0 _ _ 1 1 20140701174722 39
000002182014063 00000218 2014 06 11 61 1321 15:20 16:20 0107 1 3889 0 _ _ 1 1 20140701174722 39
000002182014063 00000218 2014 06 14 61 1321 15:20 16:20 0107 1 3889 0 _ _ 1 1 20140701174722 39
000002182014063 00000218 2014 06 18 61 1321 15:20 16:20 0107 1 3889 0 _ _ 1 1 20140701174722 39
000002182014063 00000218 2014 06 21 61 1321 15:20 16:20 0107 1 3889 0 _ _ 1 1 20140701174722 39
000002182014063 00000218 2014 06 25 61 1321 15:20 16:20 0107 1 3889 0 _ _ 1 1 20140701174722 39
000002182014063 00000218 2014 06 28 61 1321 15:20 16:20 0107 1 3889 0 _ _ 1 1 20140701174722 39
000002182014066 00000218 2014 06 01 67 1007 _ _ 0221 1 300 0 _ _ 1 1 20140701174722 39
000002182014067 00000218 2014 06 01 67 1009 _ _ 0221 1 500 0 _ _ 1 1 20140701174722 39
000002182014072 00000218 2014 07 06 61 1321 10:30 11:29 0107 1 3889 0 _ _ 1 1 20140802130243 39
000002182014072 00000218 2014 07 13 61 1321 10:30 11:29 0107 1 3889 0 _ _ 1 1 20140802130243 39
000002182014072 00000218 2014 07 20 61 1321 10:30 11:29 0107 1 3889 0 _ _ 1 1 20140802130243 39
000002182014072 00000218 2014 07 27 61 1321 10:30 11:29 0107 1 3889 0 _ _ 1 1 20140802130243 39
000002182014073 00000218 2014 07 02 61 1321 15:20 16:19 0107 1 3889 0 _ _ 1 1 20140802130243 39
000002182014073 00000218 2014 07 05 61 1321 15:20 16:19 0107 1 3889 0 _ _ 1 1 20140802130243 39
000002182014073 00000218 2014 07 09 61 1321 15:20 16:19 0107 1 3889 0 _ _ 1 1 20140802130243 39
000002182014073 00000218 2014 07 12 61 1321 15:20 16:19 0107 1 3889 0 _ _ 1 1 20140802130243 39
000002182014073 00000218 2014 07 16 61 1321 15:20 16:19 0107 1 3889 0 _ _ 1 1 20140802130243 39
000002182014073 00000218 2014 07 19 61 1321 15:20 16:19 0107 1 3889 0 _ _ 1 1 20140802130243 39
000002182014073 00000218 2014 07 23 61 1321 15:20 16:19 0107 1 3889 0 _ _ 1 1 20140802130243 39
000002182014073 00000218 2014 07 26 61 1321 15:20 16:19 0107 1 3889 0 _ _ 1 1 20140802130243 39
000002182014073 00000218 2014 07 30 61 1321 15:20 16:19 0107 1 3889 0 _ _ 1 1 20140802130243 39
000002182014074 00000218 2014 07 01 67 1007 _ _ 0221 1 300 0 _ _ 1 1 20140802130243 39
000002182014075 00000218 2014 07 01 67 1009 _ _ 0221 1 500 0 _ _ 1 1 20140802130243 39
000002182014081 00000218 2014 08 03 61 1321 10:30 11:29 0107 _ 3889 0 _ _ 1 1 20140714132545 39
000002182014081 00000218 2014 08 10 61 1321 10:30 11:29 0107 _ 3889 0 _ _ 1 1 20140714132545 39
000002182014081 00000218 2014 08 17 61 1321 10:30 11:29 0107 _ 3889 0 _ _ 1 1 20140714132545 39
000002182014081 00000218 2014 08 24 61 1321 10:30 11:29 0107 _ 3889 0 _ _ 1 1 20140714132545 39
000002182014081 00000218 2014 08 31 61 1321 10:30 11:29 0107 _ 3889 0 _ _ 1 1 20140714132545 39
000002182014082 00000218 2014 08 02 61 1321 15:20 16:19 0107 1 3889 0 _ _ 1 1 20140714132545 39
000002182014082 00000218 2014 08 06 61 1321 15:20 16:19 0107 1 3889 0 _ _ 1 1 20140714132545 39
000002182014082 00000218 2014 08 09 61 1321 15:20 16:19 0107 1 3889 0 _ _ 1 1 20140714132545 39
000002182014082 00000218 2014 08 13 61 1321 15:20 16:19 0107 1 3889 0 _ _ 1 1 20140714132545 39
000002182014082 00000218 2014 08 16 61 1321 15:20 16:19 0107 1 3889 0 _ _ 1 1 20140714132545 39
000002182014082 00000218 2014 08 20 61 1321 15:20 16:19 0107 1 3889 0 _ _ 1 1 20140714132545 39
000002182014082 00000218 2014 08 23 61 1321 15:20 16:19 0107 1 3889 0 _ _ 1 1 20140714132545 39
000002182014082 00000218 2014 08 27 61 1321 15:20 16:19 0107 1 3889 0 _ _ 1 1 20140714132545 39
000002182014082 00000218 2014 08 30 61 1321 15:20 16:19 0107 1 3889 0 _ _ 1 1 20140714132545 39
000002182014083 00000218 2014 08 01 67 1007 _ _ 0221 1 300 0 _ _ 1 1 20140714132545 39
000002182014084 00000218 2014 08 01 67 1009 _ _ 0221 1 500 0 _ _ 1 1 20140714132545 39
