00000215 2011 10 06 10:45 11:44 61 1111 0107 11.26 1 1234 1 20141127190139 00078
00000215 2011 10 13 10:45 11:44 61 1111 0107 11.26 1 1234 1 20141127190139 00078
00000215 2011 10 20 10:45 11:44 61 1111 0107 11.26 1 1234 1 20141127190139 00078
00000215 2011 10 27 10:45 11:44 61 1111 0107 11.26 1 1234 1 20141127190139 00078
00000215 2011 11 04 13:30 14:29 61 1111 0107 11.26 1 1234 1 20141127144228 00078
00000215 2011 11 11 13:30 14:29 61 1111 0107 11.26 1 1234 1 20141127144228 00078
00000215 2011 11 18 13:30 14:29 61 1111 0107 11.26 1 1234 1 20141127144228 00078
00000215 2011 11 25 13:30 14:29 61 1111 0107 11.26 1 1234 1 20141127144228 00078
00000215 2011 12 02 13:30 14:29 61 1111 0107 11.26 1 1234 1 20141125143255 00078
00000215 2011 12 09 13:30 14:29 61 1111 0107 11.26 1 1234 1 20141125143255 00078
00000215 2011 12 16 13:30 14:29 61 1111 0107 11.26 1 1234 1 20141125143255 00078
00000215 2011 12 23 13:30 14:29 61 1111 0107 11.26 1 1234 1 20141125143255 00078
00000215 2011 12 30 13:30 14:29 61 1111 0107 11.26 1 1234 1 20141125143255 00078
00000215 2012 01 06 13:30 14:29 61 1111 0107 11.26 1 1234 1 20141124130526 00078
00000215 2012 01 13 13:30 14:29 61 1111 0107 11.26 1 1234 1 20141124130526 00078
00000215 2012 01 20 13:30 14:29 61 1111 0107 11.26 1 1234 1 20141124130526 00078
00000215 2012 01 27 13:30 14:29 61 1111 0107 11.26 1 1234 1 20141124130526 00078
00000215 2012 02 03 13:00 14:29 61 1111 0107 11.26 1 1234 1 20141119182136 00078
00000215 2012 02 10 13:00 14:29 61 1111 0107 11.26 1 1234 1 20141119182136 00078
00000215 2012 02 17 13:00 14:29 61 1111 0107 11.26 1 1234 1 20141119182136 00078
00000215 2012 02 24 13:00 14:29 61 1111 0107 11.26 1 1234 1 20141119182136 00078
00000215 2012 03 02 13:00 14:29 61 1111 0107 11.26 1 1234 1 20141119133412 00078
00000215 2012 03 09 13:00 14:29 61 1111 0107 11.26 1 1234 1 20141119133412 00078
00000215 2012 03 16 13:00 14:29 61 1111 0107 11.26 1 1234 1 20141119133412 00078
00000215 2012 03 23 13:00 14:29 61 1111 0107 11.26 1 1234 1 20141119133412 00078
00000215 2012 03 30 13:00 14:29 61 1111 0107 11.26 1 1234 1 20141119133412 00078
00000215 2012 04 06 13:00 14:29 61 1111 0107 11.26 1 1220 1 20140716161733 00078
00000215 2012 04 13 13:00 14:29 61 1111 0107 11.26 1 1220 1 20140716161733 00078
00000215 2012 04 20 13:00 14:29 61 1111 0107 11.26 1 1220 1 20140716161733 00078
00000215 2012 04 27 13:00 14:29 61 1111 0107 11.26 1 1220 1 20140716161733 00078
00000215 2012 05 04 13:00 14:29 61 1111 0107 11.26 1 1220 1 20140716162235 00078
00000215 2012 05 11 13:00 14:29 61 1111 0107 11.26 1 1220 1 20140716162235 00078
00000215 2012 05 18 13:00 14:29 61 1111 0107 11.26 1 1220 1 20140716162235 00078
00000215 2012 05 25 13:00 14:29 61 1111 0107 11.26 1 1220 1 20140716162235 00078
00000215 2012 06 01 13:00 14:29 61 1111 0107 11.26 1 1220 1 20140716162932 00078
00000215 2012 06 08 13:00 14:29 61 1111 0107 11.26 1 1220 1 20140716162932 00078
00000215 2012 06 15 13:00 14:29 61 1111 0107 11.26 1 1220 1 20140716162932 00078
00000215 2012 06 22 13:00 14:29 61 1111 0107 11.26 1 1220 1 20140716162932 00078
00000215 2012 06 29 13:00 14:29 61 1111 0107 11.26 1 1220 1 20140716162932 00078
00000215 2012 07 06 13:00 14:29 61 1111 0107 11.26 1 1220 1 20140716163519 00078
00000215 2012 07 13 13:00 14:29 61 1111 0107 11.26 1 1220 1 20140716163519 00078
00000215 2012 07 20 13:00 14:29 61 1111 0107 11.26 1 1220 1 20140716163519 00078
00000215 2012 07 27 13:00 14:29 61 1111 0107 11.26 1 1220 1 20140716163519 00078
00000215 2012 08 03 13:00 14:29 61 1111 0107 11.26 1 1220 1 20140716164134 00078
00000215 2012 08 10 13:00 14:29 61 1111 0107 11.26 1 1220 1 20140716164134 00078
00000215 2012 08 17 13:00 14:29 61 1111 0107 11.26 1 1220 1 20140716164134 00078
00000215 2012 08 24 13:00 14:29 61 1111 0107 11.26 1 1220 1 20140716164134 00078
00000215 2012 08 31 13:00 14:29 61 1111 0107 11.26 1 1220 1 20140716164134 00078
00000215 2012 09 07 13:00 14:29 61 1111 0107 11.26 1 1220 1 20140716164918 00078
00000215 2012 09 14 13:00 14:29 61 1111 0107 11.26 1 1220 1 20140716164918 00078
00000215 2012 09 21 13:00 14:29 61 1111 0107 11.26 1 1220 1 20140716164918 00078
00000215 2012 09 28 13:00 14:29 61 1111 0107 11.26 1 1220 1 20140716164918 00078
00000215 2012 10 05 13:00 14:29 61 1111 0107 11.26 1 1220 1 20140716170105 00078
00000215 2012 10 12 13:00 14:29 61 1111 0107 11.26 1 1220 1 20140716170105 00078
00000215 2012 10 19 13:00 14:29 61 1111 0107 11.26 1 1220 1 20140716170105 00078
00000215 2012 10 26 13:00 14:29 61 1111 0107 11.26 1 1220 1 20140716170105 00078
00000215 2012 11 02 13:00 14:29 61 1111 0107 11.26 1 1220 1 20140716170457 00078
00000215 2012 11 09 13:00 14:29 61 1111 0107 11.26 1 1220 1 20140716170457 00078
00000215 2012 11 16 13:00 14:29 61 1111 0107 11.26 1 1220 1 20140716170457 00078
00000215 2012 11 23 13:00 14:29 61 1111 0107 11.26 1 1220 1 20140716170457 00078
00000215 2012 12 01 13:30 14:29 61 1111 0107 11.26 1 1220 1 20140716171000 00078
00000215 2012 12 07 13:00 14:29 61 1111 0107 11.26 1 1220 1 20140716171000 00078
00000215 2012 12 14 13:00 14:29 61 1111 0107 11.26 1 1220 1 20140716171000 00078
00000215 2012 12 21 13:00 14:29 61 1111 0107 11.26 1 1220 1 20140716171000 00078
00000215 2012 12 28 13:00 14:29 61 1111 0107 11.26 1 1220 1 20140716171000 00078
00000215 2013 01 04 13:30 14:30 61 1111 0107 11.26 1 1220 1 20140708182903 00078
00000215 2013 01 13 13:30 14:30 61 1111 0107 11.26 1 1220 1 20140708182903 00078
00000215 2013 01 18 13:30 14:30 61 1111 0107 11.26 1 1220 1 20140708182903 00078
00000215 2013 01 25 13:30 14:30 61 1111 0107 11.26 1 1220 1 20140708182903 00078
00000215 2013 02 01 13:30 14:30 61 1111 0107 11.26 1 1220 1 20140708183349 00078
00000215 2013 02 08 13:30 14:30 61 1111 0107 11.26 1 1220 1 20140708183349 00078
00000215 2013 02 15 13:30 14:30 61 1111 0107 11.26 1 1220 1 20140708183349 00078
00000215 2013 02 22 13:30 14:30 61 1111 0107 11.26 1 1220 1 20140708183349 00078
00000215 2013 03 01 13:30 14:30 61 1111 0107 11.26 1 1220 1 20140708183729 00078
00000215 2013 03 08 13:30 14:30 61 1111 0107 11.26 1 1220 1 20140708183729 00078
00000215 2013 03 22 13:30 14:30 61 1111 0107 11.26 1 1220 1 20140708183729 00078
00000215 2013 03 29 13:30 14:30 61 1111 0107 11.26 1 1220 1 20140708183729 00078
00000215 2013 04 05 13:00 14:00 61 1111 0107 11.26 1 1220 1 20140708184027 00078
00000215 2013 04 12 13:00 14:00 61 1111 0107 11.26 1 1220 1 20140708184027 00078
00000215 2013 04 19 13:00 14:00 61 1111 0107 11.26 1 1220 1 20140708184027 00078
00000215 2013 04 26 13:00 14:00 61 1111 0107 11.26 1 1220 1 20140708184027 00078
00000215 2013 05 03 13:00 14:00 61 1111 0107 11.26 1 1220 1 20140708184358 00078
00000215 2013 05 10 13:00 14:00 61 1111 0107 11.26 1 1220 1 20140708184358 00078
00000215 2013 05 17 13:00 14:00 61 1111 0107 11.26 1 1220 1 20140708184358 00078
00000215 2013 05 24 13:00 14:00 61 1111 0107 11.26 1 1220 1 20140708184358 00078
00000215 2013 05 31 13:00 14:00 61 1111 0107 11.26 1 1220 1 20140708184358 00078
00000215 2013 06 07 13:00 14:00 61 1111 0107 11.26 1 1220 1 20140708184726 00078
00000215 2013 06 14 13:00 14:00 61 1111 0107 11.26 1 1220 1 20140708184726 00078
00000215 2013 06 21 13:00 14:00 61 1111 0107 11.26 1 1220 1 20140708184726 00078
00000215 2013 06 28 13:00 14:00 61 1111 0107 11.26 1 1220 1 20140708184726 00078
00000215 2013 07 12 13:00 13:59 11 7311 0029 11.26 1 235 1 20140709102855 00078
00000215 2013 07 14 15:30 16:29 11 7311 0029 11.26 1 235 1 20140709102855 00078
00000215 2013 07 21 15:30 16:29 11 7311 0029 11.26 1 235 1 20140709102855 00078
00000215 2013 07 28 15:30 16:29 11 7311 0029 11.26 1 235 1 20140709102855 00078
00000215 2013 08 04 15:30 16:29 11 7311 0029 11.26 1 235 1 20140709104411 00078
00000215 2013 08 11 15:30 16:29 11 7311 0029 11.26 1 235 1 20140709104411 00078
00000215 2013 08 18 15:30 16:29 11 7311 0029 11.26 1 235 1 20140709104411 00078
00000215 2013 08 25 15:30 16:29 11 7311 0029 11.26 1 235 1 20140709104411 00078
00000215 2013 09 01 15:30 16:29 11 7311 0029 11.26 1 235 1 20140703142955 00078
00000215 2013 09 08 15:30 16:29 11 7311 0029 11.26 1 235 1 20140703142955 00078
00000215 2013 09 15 15:30 16:29 11 7311 0029 11.26 1 235 1 20140703142955 00078
00000215 2013 09 22 15:30 16:29 11 7311 0029 11.26 1 235 1 20140703142955 00078
00000215 2013 09 29 15:30 16:29 11 7311 0029 11.26 1 235 1 20140703142955 00078
00000215 2013 10 06 15:30 16:29 11 7311 0029 11.26 1 235 1 20140703143910 00078
00000215 2013 10 13 15:30 16:29 11 7311 0029 11.26 1 235 1 20140703143910 00078
00000215 2013 10 20 15:30 16:29 11 7311 0029 11.26 1 235 1 20140703143910 00078
00000215 2013 10 27 15:30 16:29 11 7311 0029 11.26 1 235 1 20140703143910 00078
00000215 2013 11 03 15:30 16:29 11 7311 0029 11.26 1 235 1 20140703144316 00078
00000215 2013 11 10 15:30 16:29 11 7311 0029 11.26 1 235 1 20140703144316 00078
00000215 2013 11 17 15:30 16:29 11 7311 0029 11.26 1 235 1 20140703144316 00078
00000215 2013 11 24 15:30 16:29 11 7311 0029 11.26 1 235 1 20140703144316 00078
00000215 2013 12 01 15:30 16:29 11 7311 0029 11.26 1 235 1 20140703144702 00078
00000215 2013 12 08 15:30 16:29 11 7311 0029 11.26 1 235 1 20140703144702 00078
00000215 2013 12 15 15:30 16:29 11 7311 0029 11.26 1 235 1 20140703144702 00078
00000215 2013 12 22 15:30 16:29 11 7311 0029 11.26 1 235 1 20140703144702 00078
00000215 2013 12 29 15:30 16:29 11 7311 0029 11.26 1 235 1 20140703144702 00078
00000215 2014 01 05 15:30 16:29 11 7311 0029 11.26 1 235 1 20140619122503 00078
00000215 2014 01 12 15:30 16:29 11 7311 0029 11.26 1 235 1 20140619122503 00078
00000215 2014 01 19 15:30 16:29 11 7311 0029 11.26 1 235 1 20140619122503 00078
00000215 2014 01 26 15:30 16:29 11 7311 0029 11.26 1 235 1 20140619122503 00078
00000215 2014 02 02 15:30 16:29 11 7311 0029 11.26 1 235 1 20140619122945 00078
00000215 2014 02 09 15:30 16:29 11 7311 0029 11.26 1 235 1 20140619122945 00078
00000215 2014 02 16 15:30 16:29 11 7311 0029 11.26 1 235 1 20140619122945 00078
00000215 2014 02 23 15:30 16:29 11 7311 0029 11.26 1 235 1 20140619122945 00078
00000215 2014 03 02 15:30 16:29 11 7311 0029 11.26 1 235 1 20140619133456 00078
00000215 2014 03 09 15:30 16:29 11 7311 0029 11.26 1 235 1 20140619133456 00078
00000215 2014 03 16 15:30 16:29 11 7311 0029 11.26 1 235 1 20140619133456 00078
00000215 2014 03 23 15:30 16:29 11 7311 0029 11.26 1 235 1 20140619133456 00078
00000215 2014 03 30 15:30 16:29 11 7311 0029 11.26 1 235 1 20140619133456 00078
00000215 2014 04 06 15:30 16:29 11 7311 0029 11.26 1 236 1 20140619134828 00078
00000215 2014 04 13 15:30 16:29 11 7311 0029 11.26 1 236 1 20140619134828 00078
00000215 2014 04 20 15:30 16:29 11 7311 0029 11.26 1 236 1 20140619134828 00078
00000215 2014 04 27 15:30 16:29 11 7311 0029 11.26 1 236 1 20140619134828 00078
00000215 2014 05 04 15:30 16:29 11 7311 0029 11.26 1 236 1 20140819105802 00078
00000215 2014 05 11 15:30 16:29 11 7311 0029 11.26 1 236 1 20140819105802 00078
00000215 2014 05 18 15:30 16:29 11 7311 0029 11.26 1 236 1 20140819105802 00078
00000215 2014 05 25 15:30 16:29 11 7311 0029 11.26 1 236 1 20140819105802 00078
00000215 2014 05 25 15:30 16:30 11 7311 0029 11.26 1 236 1 20140624153340 00078
00000215 2014 06 01 15:30 16:29 11 7311 0029 11.26 1 236 1 20140701132331 00049
00000215 2014 06 08 15:30 16:29 11 7311 0029 11.26 1 236 1 20140701132331 00049
00000215 2014 06 15 15:30 16:29 11 7311 0029 11.26 1 236 1 20140701132331 00049
00000215 2014 06 22 15:30 16:29 11 7311 0029 11.26 1 236 1 20140701132331 00049
00000215 2014 06 29 15:30 16:29 11 7311 0029 11.26 1 236 1 20140701132331 00049
00000215 2014 07 06 15:30 16:29 11 7311 0029 11.26 1 236 1 20140802135424 00047
00000215 2014 07 13 15:30 16:29 11 7311 0029 11.26 1 236 1 20140802135424 00047
00000215 2014 07 20 15:30 16:29 11 7311 0029 11.26 1 236 1 20140802135424 00047
00000215 2014 07 27 15:30 16:29 11 7311 0029 11.26 1 236 1 20140802135424 00047
00000215 2014 08 03 15:30 16:29 11 7311 0029 11.26 1 236 1 20140831151458 00049
00000215 2014 08 10 15:30 16:29 11 7311 0029 11.26 1 236 1 20140831151458 00049
00000215 2014 08 17 15:30 16:29 11 7311 0029 11.26 1 236 1 20140831151458 00049
00000215 2014 08 24 15:30 16:29 11 7311 0029 11.26 1 236 1 20140831151458 00049
00000215 2014 08 31 15:30 16:29 11 7311 0029 11.26 1 236 1 20140831151458 00049
00000215 2014 09 07 15:30 16:29 11 7311 0029 11.26 1 236 1 20140930203826 00049
00000215 2014 09 14 15:30 16:29 11 7311 0029 11.26 1 236 1 20140930203826 00049
00000215 2014 09 21 15:30 16:29 11 7311 0029 11.26 1 236 1 20140930203826 00049
00000215 2014 09 28 15:30 16:29 11 7311 0029 11.26 1 236 1 20140930203826 00049
00000215 2014 10 05 15:30 16:29 11 7311 0029 11.26 1 236 1 20141031201742 00049
00000215 2014 10 12 15:30 16:29 11 7311 0029 11.26 1 236 1 20141031201742 00049
00000215 2014 10 19 15:30 16:29 11 7311 0029 11.26 1 236 1 20141031201742 00049
00000215 2014 10 26 15:30 16:29 11 7311 0029 11.26 1 236 1 20141031201742 00049
00000215 2014 11 02 15:30 16:29 11 7311 0029 11.26 1 236 1 20141201121228 00049
00000215 2014 11 09 15:30 16:29 11 7311 0029 11.26 1 236 1 20141201121228 00049
00000215 2014 11 16 15:30 16:29 11 7311 0029 11.26 1 236 1 20141201121228 00049
00000215 2014 11 23 15:30 16:29 11 7311 0029 11.26 1 236 1 20141201121228 00049
00000215 2014 11 30 15:30 16:29 11 7311 0029 11.26 1 236 1 20141201121228 00049
