00000161 00002 00002 05 26 7 平成26年8月1日 2 0 0 0 _ 最近血圧が若干上昇し（140台）気にされ、Ｎｓにご相談されています。　　　 0 3 1 20140801141452 00035
00000161 00002 00003 05 _ _ _ 1 0 0 0 _ _ 0 0 1 20140801141452 00035
00000161 00002 00004 05 _ _ _ 1 0 0 0 _ _ 0 0 1 20140801141452 00035
00000161 00003 00002 05 26 7 平成26年8月1日 2 0 0 0 _ 7月１２日モニタリング行っています。（モニタリングシート参照）\n最近血圧が若干上昇し（140台）気にされ、Ｎｓにご相談されています。　　\n入浴は問題なく行われ、大変喜ばれています。\nヘルパーよりお部屋の汚れの報告があり、ご本人よりも掃除サービスのご要望もあると伺っております。ご検討お願い致します。\nサービス時は笑顔と共に、孤独感、喪失感の訴えがあります。\n\n　 0 3 1 20140801142248 00035
00000161 00003 00003 05 _ _ _ 1 0 0 0 _ _ 0 0 1 20140801142248 00035
00000161 00003 00004 05 _ _ _ 1 0 0 0 _ _ 0 0 1 20140801142248 00035
00000161 00004 00002 05 26 7 平成26年8月1日 2 0 0 0 _ 7月１２日モニタリング行っています。（モニタリングシート参照）\n最近血圧が若干上昇し（140台）気にされ、Ｎｓにご相談されています。　　\n入浴は問題なく行われ、大変喜ばれています。\nヘルパーよりお部屋の汚れの報告があり、ご本人よりも掃除サービスのご要望もあると伺っております。ご検討お願い致します。\nサービス時は笑顔と共に、孤独感、喪失感の訴えがあります。\n\n　 0 3 1 20140801142325 00035
00000161 00004 00003 05 _ _ _ 1 0 0 0 _ _ 0 0 1 20140801142325 00035
00000161 00004 00004 05 _ _ _ 1 0 0 0 _ _ 0 0 1 20140801142325 00035
00000161 00005 00002 05 26 7 平成26年8月1日 2 0 0 0 _ 7月１２日モニタリング行っています。（モニタリングシート参照）\n最近血圧が若干上昇し（140台）気にされ、Ｎｓにご相談されています。　　\n入浴は問題なく行われ、大変喜ばれています。\nヘルパーよりお部屋の汚れの報告があり、ご本人よりも掃除サービスのご要望もあると伺っております。ご検討お願い致します。\nサービス時は笑顔と共に、孤独感、喪失感の訴えがあります。\n\n　 0 3 1 20140801143438 00035
00000161 00005 00003 05 _ _ _ 1 0 0 0 _ _ 0 0 1 20140801143438 00035
00000161 00005 00004 05 _ _ _ 1 0 0 0 _ _ 0 0 1 20140801143438 00035
00000161 00006 00002 05 26 7 平成26年8月1日 2 0 0 0 _ 7月１２日モニタリング行っています。（モニタリングシート参照）\n最近血圧が若干上昇し（140台）気にされ、Ｎｓにご相談されています。　　\n入浴は問題なく行われ、大変喜ばれています。\nヘルパーよりお部屋の汚れの報告があり、ご本人よりも掃除サービスのご要望もあると伺っております。ご検討お願い致します。\nサービス時は笑顔と共に、孤独感、喪失感の訴えがあります。\n\n　 0 3 1 20140801150115 00035
00000161 00006 00003 05 _ _ _ 1 0 0 0 _ _ 0 0 1 20140801150115 00035
00000161 00006 00004 05 _ _ _ 1 0 0 0 _ _ 0 0 1 20140801150115 00035
