00000321 00002 00002 05 26 9 平成26年10月6日 2 0 1 0 _ ３日よりサービス開始しました。\n初回より受け入れはスムーズで、掃除道具の場所や使い方を丁寧に教えてくださいました。サービス中はキッチンの掃除や荷物の片づけなど一緒に動いています。\n体調はこの頃便秘気味で、マグラックスも飲んでいるが、さつまいもがご本人にとって良いとのことで、買ってきて食べているそうです。\n腰の痛みはあるものの、「天気が良い時は歩行しなくては」と思っているとの事でした。\n話題豊富に色々なお話してくださいます。 0 3 1 20141006200343 00038
00000321 00002 00003 05 _ _ _ 1 0 0 0 _ _ 0 0 1 20141006200343 00038
00000321 00002 00004 05 _ _ _ 1 0 0 0 _ _ 0 0 1 20141006200343 00038
00000321 00003 00005 05 26 10 平成26年11月1日 2 0 0 0 _ 体調変化なく、腰痛続いているそうです。訪問サービスにも慣れていただき問題なくお掃除おこなっています。\n21日に便の様子が気になるため、大腸の内視鏡検査受けるそうです。何10年振りに受けるので心配と話されています。翌日の22日サービスは検査後のため、大事をとりキャンセルされています。29日は館内バス旅行参加のためキャンセルとなっています。 0 2 1 20141101190025 00035
00000321 00003 00006 05 _ _ _ 1 0 0 0 _ _ 0 0 1 20141101190025 00035
00000321 00003 00007 05 _ _ _ 1 0 0 0 _ _ 0 0 1 20141101190025 00035
00000321 00004 00005 05 26 10 平成26年11月1日 2 0 0 0 _ 体調変化なく、腰痛続いているそうです。訪問サービスにも慣れていただき問題なくお掃除行っています。\n21日に便の様子が気になるため、大腸の内視鏡検査受けるそうです。何10年振りに受けるので心配と話されています。翌日の22日サービスは検査後のため、大事をとりキャンセルされています。29日は館内バス旅行参加のためキャンセルとなっています。 0 2 1 20141104124143 00034
00000321 00004 00006 05 _ _ _ 1 0 0 0 _ _ 0 0 1 20141104124143 00034
00000321 00004 00007 05 _ _ _ 1 0 0 0 _ _ 0 0 1 20141104124143 00034
00000321 00005 00005 05 26 10 平成26年11月1日 2 0 0 0 _ 体調変化なく、腰痛続いているそうです。訪問サービスにも慣れていただき問題なくお掃除行っています。\n21日に便の様子が気になるため、大腸の内視鏡検査受けるそうです。何10年振りに受けるので心配と話されています。翌日の22日サービスは検査後のため、大事をとりキャンセルされています。29日は館内バス旅行参加のためキャンセルとなっています。 0 2 1 20141203192113 00035
00000321 00005 00006 05 26 11 平成26年12月3日 2 0 0 0 _ _ 0 3 1 20141203192113 00035
00000321 00005 00007 05 _ _ _ 1 0 0 0 _ _ 0 0 1 20141203192113 00035
00000321 00006 00005 05 26 10 平成26年11月1日 2 0 0 0 _ 体調変化なく、腰痛続いているそうです。訪問サービスにも慣れていただき問題なくお掃除行っています。\n21日に便の様子が気になるため、大腸の内視鏡検査受けるそうです。何10年振りに受けるので心配と話されています。翌日の22日サービスは検査後のため、大事をとりキャンセルされています。29日は館内バス旅行参加のためキャンセルとなっています。 0 2 1 20141207144448 00034
00000321 00006 00006 05 26 11 平成26年12月3日 2 0 0 0 _ 20日モニタリング行っています（別紙モニタリングシート参照）。雨の日は湿度のせいか腰痛が出てくるそうです。腰の調子がよい時にベッドの下の整理をされていましたが、終了時は腰が気になってくるとのこと。お部屋のﾀﾞﾝﾎﾞｰﾙ（アルバム入れ）移動のお手伝いしています。26日、点眼薬の処分についてヘルパーにお尋ね有りましたが、薬局でご相談されるようお話しています。 0 3 1 20141207144448 00034
00000321 00006 00007 05 _ _ _ 1 0 0 0 _ _ 0 0 1 20141207144448 00034
