00000321 0073 2014 09 0000002 03 00035 _ 11:00 11:59 2 _ 0 1111 1 61 1 20140927192017 00038
00000321 0073 2014 09 0000003 10 00037 _ 11:00 11:59 2 _ 0 1111 1 61 1 20140927192017 00038
00000321 0073 2014 09 0000004 17 00038 _ 11:00 11:59 2 _ 0 1111 1 61 1 20140927192017 00038
00000321 0073 2014 09 0000005 24 00037 _ 11:00 11:59 2 _ 0 1111 1 61 1 20140927192017 00038
00000321 0073 2014 10 0000006 01 00038 _ 11:00 11:59 2 _ 0 1111 1 61 1 20141028194628 00035
00000321 0073 2014 10 0000007 08 00037 _ 11:00 11:59 2 _ 0 1111 1 61 1 20141028194628 00035
00000321 0073 2014 10 0000008 15 00035 _ 11:00 11:59 2 _ 0 1111 1 61 1 20141028194628 00035
00000321 0073 2014 11 0000009 05 00035 _ 11:00 11:59 2 _ 0 1111 1 61 1 20141127185657 00035
00000321 0073 2014 11 0000010 12 00215 _ 11:00 11:59 2 _ 0 1111 1 61 1 20141127185657 00035
00000321 0073 2014 11 0000011 19 00215 _ 11:00 11:59 2 _ 0 1111 1 61 1 20141127185657 00035
00000321 0073 2014 11 0000012 18 00043 _ 15:15 16:14 4 _ 0 _ 1 61 9 20141126163829 00035
00000321 0073 2014 11 0000013 26 00215 _ 11:00 11:59 2 _ 0 1111 1 61 1 20141127185657 00035
00000321 0073 2014 12 0000014 03 00215 _ 11:00 11:59 2 _ 0 1111 1 61 1 20141208152609 00171
00000321 0073 2014 12 0000015 10 _ _ 11:00 11:59 _ _ 0 1111 1 61 1 20141208152609 00171
00000321 0073 2014 12 0000016 17 _ _ 11:00 11:59 _ _ 0 1111 1 61 1 20141208152609 00171
00000321 0073 2014 12 0000017 24 _ _ 11:00 11:59 _ _ 0 1111 1 61 1 20141208152609 00171
