00000018 2012 04 04 10:45 11:44 11 7311 0070 10.84 1 235 1 20140731160342 00078
00000018 2012 04 04 13:30 15:29 11 7311 0070 10.84 1 235 1 20140731160031 00078
00000018 2012 06 04 13:30 14:29 11 7311 0070 10.84 1 235 1 20140731162033 00078
00000018 2012 06 06 10:45 12:15 11 4311 0070 10.84 1 464 1 20140731162033 00078
00000018 2012 06 08 16:00 17:44 11 5211 0070 10.84 1 542 1 20140731162033 00078
00000018 2012 06 11 13:30 15:29 11 5311 0070 10.84 1 612 1 20140731162033 00078
00000018 2012 06 13 10:45 12:15 11 4311 0070 10.84 1 464 1 20140731162033 00078
00000018 2012 06 15 14:00 14:59 11 7311 0070 10.84 1 235 1 20140731162033 00078
00000018 2012 06 18 13:30 14:29 11 7311 0070 10.84 1 235 1 20140731162033 00078
00000018 2012 06 20 10:45 11:44 11 7311 0070 10.84 1 235 1 20140731162033 00078
00000018 2012 06 22 14:00 14:59 11 7311 0070 10.84 1 235 1 20140731162033 00078
00000018 2012 06 25 13:30 14:29 11 7311 0070 10.84 1 235 1 20140731162033 00078
00000018 2012 06 27 10:45 11:44 11 7311 0070 10.84 1 235 1 20140731162033 00078
00000018 2012 06 29 14:00 14:59 11 7311 0070 10.84 1 235 1 20140731162033 00078
00000018 2012 07 02 13:30 14:29 11 7311 0070 10.84 1 235 1 20140731163310 00078
00000018 2012 07 06 14:00 14:59 11 7311 0070 10.84 1 235 1 20140731163310 00078
00000018 2012 07 09 13:30 14:29 11 7311 0070 10.84 1 235 1 20140731163310 00078
00000018 2012 07 13 14:00 14:20 11 7211 0070 10.84 1 190 1 20140731163310 00078
00000018 2012 07 16 13:30 14:29 11 7311 0070 10.84 1 235 1 20140731163310 00078
00000018 2012 07 20 14:00 14:59 11 7311 0070 10.84 1 235 1 20140731163310 00078
00000018 2012 07 23 13:30 14:29 11 7311 0070 10.84 1 235 1 20140731163310 00078
00000018 2012 07 27 14:00 14:59 11 7311 0070 10.84 1 235 1 20140731163310 00078
00000018 2012 07 30 13:00 13:59 11 7311 0070 10.84 1 235 1 20140731163310 00078
00000018 2012 08 06 13:30 14:29 11 7311 0070 10.84 1 235 1 20140731164341 00078
00000018 2012 08 13 13:30 14:29 11 7311 0070 10.84 1 235 1 20140731164341 00078
00000018 2012 08 20 13:30 14:29 11 7311 0070 10.84 1 235 1 20140731164341 00078
00000018 2012 08 28 10:30 11:29 11 7311 0070 10.84 1 235 1 20140731164341 00078
00000018 2012 09 03 13:30 14:29 11 7311 0070 10.84 1 235 1 20140731165423 00078
00000018 2012 09 10 13:30 14:29 11 7311 0070 10.84 1 235 1 20140731165423 00078
00000018 2012 09 17 13:30 14:29 11 7311 0070 10.84 1 235 1 20140731165423 00078
00000018 2012 10 01 13:30 14:29 11 7311 0070 10.84 1 235 1 20140731165652 00078
00000018 2012 10 08 13:30 14:29 11 7311 0070 10.84 1 235 1 20140731165652 00078
00000018 2012 10 15 13:30 14:29 11 7311 0070 10.84 1 235 1 20140731165652 00078
00000018 2012 10 22 13:30 14:29 11 7311 0070 10.84 1 235 1 20140731165652 00078
00000018 2012 10 29 13:30 14:29 11 7311 0070 10.84 1 235 1 20140731165652 00078
00000018 2012 11 05 13:30 14:29 11 7311 0070 10.84 1 235 1 20140731170138 00078
00000018 2012 11 12 13:30 14:29 11 7311 0070 10.84 1 235 1 20140731170138 00078
00000018 2012 11 19 13:30 14:29 11 7311 0070 10.84 1 235 1 20140731170138 00078
00000018 2012 11 26 13:30 14:29 11 7311 0070 10.84 1 235 1 20140731170138 00078
00000018 2012 12 03 13:30 14:29 11 7311 0070 10.84 1 235 1 20140731170349 00078
00000018 2012 12 10 13:30 14:29 11 7311 0070 10.84 1 235 1 20140731170349 00078
00000018 2012 12 17 13:30 14:29 11 7311 0070 10.84 1 235 1 20140731170349 00078
00000018 2012 12 24 13:30 14:29 11 7311 0070 10.84 1 235 1 20140731170349 00078
00000018 2013 01 07 13:30 14:29 11 7311 0070 10.84 1 235 1 20140717174206 00034
00000018 2013 01 14 13:30 14:29 11 7311 0070 10.84 1 235 1 20140717174206 00034
00000018 2013 01 21 13:30 14:29 11 7311 0070 10.84 1 235 1 20140717174206 00034
00000018 2013 01 28 13:30 14:29 11 7311 0070 10.84 1 235 1 20140717174206 00034
00000018 2013 02 13 14:00 14:59 11 7311 0070 10.84 1 235 1 20140717174457 00034
00000018 2013 02 20 14:00 14:59 11 7311 0070 10.84 1 235 1 20140717174457 00034
00000018 2013 02 27 14:00 14:59 11 7311 0070 10.84 1 235 1 20140717174457 00034
00000018 2013 03 06 14:00 14:59 11 7311 0070 10.84 1 235 1 20140717175428 00034
00000018 2013 03 13 14:00 14:59 11 7311 0070 10.84 1 235 1 20140717175428 00034
00000018 2013 03 20 14:00 14:59 11 7311 0070 10.84 1 235 1 20140717175428 00034
00000018 2013 03 27 14:00 14:59 11 7311 0070 10.84 1 235 1 20140717175428 00034
00000018 2013 04 03 14:00 14:59 11 7311 0070 10.84 1 235 1 20140717175708 00034
00000018 2013 04 10 14:00 14:59 11 7311 0070 10.84 1 235 1 20140717175708 00034
00000018 2013 04 17 14:00 14:59 11 7311 0070 10.84 1 235 1 20140717175708 00034
00000018 2013 04 24 14:00 14:59 11 7311 0070 10.84 1 235 1 20140717175708 00034
00000018 2013 05 01 14:00 14:59 11 7311 0070 10.84 1 235 1 20140717180020 00034
00000018 2013 05 08 14:00 14:59 11 7311 0070 10.84 1 235 1 20140717180020 00034
00000018 2013 05 15 14:00 14:59 11 7311 0070 10.84 1 235 1 20140717180020 00034
00000018 2013 05 22 14:00 14:59 11 7311 0070 10.84 1 235 1 20140717180020 00034
00000018 2013 06 05 14:00 14:59 11 7311 0070 10.84 1 235 1 20140717180317 00034
00000018 2013 06 12 14:00 14:55 11 7311 0070 10.84 1 235 1 20140717180317 00034
00000018 2013 06 19 14:00 14:59 11 7311 0070 10.84 1 235 1 20140717180317 00034
00000018 2013 06 26 14:00 14:59 11 7311 0070 10.84 1 235 1 20140717180317 00034
00000018 2013 07 03 14:00 14:59 11 7311 0070 10.84 1 235 1 20140717180638 00034
00000018 2013 07 10 14:00 14:59 11 7311 0070 10.84 1 235 1 20140717180638 00034
00000018 2013 07 17 14:00 14:59 11 7311 0070 10.84 1 235 1 20140717180638 00034
00000018 2013 07 24 14:00 14:59 11 7311 0070 10.84 1 235 1 20140717180638 00034
00000018 2013 07 31 14:00 14:59 11 7311 0070 10.84 1 235 1 20140717180638 00034
00000018 2013 08 07 14:00 14:59 11 7311 0070 10.84 1 235 1 20140717180823 00034
00000018 2013 08 14 14:00 14:59 11 7311 0070 10.84 1 235 1 20140717180823 00034
00000018 2013 08 21 14:00 14:59 11 7311 0070 10.84 1 235 1 20140717180823 00034
00000018 2013 08 28 14:00 14:59 11 7311 0070 10.84 1 235 1 20140717180823 00034
00000018 2013 09 04 14:00 15:00 11 7311 0070 10.84 1 235 1 20140625142919 00034
00000018 2013 09 11 14:00 15:00 11 7311 0070 10.84 1 235 1 20140625142919 00034
00000018 2013 09 18 14:00 15:00 11 7311 0070 10.84 1 235 1 20140625142919 00034
00000018 2013 09 25 14:00 15:00 11 7311 0070 10.84 1 235 1 20140625142919 00034
00000018 2013 10 02 14:00 15:00 11 7311 0070 10.84 1 235 1 20140625143318 00034
00000018 2013 10 09 14:00 15:00 11 7311 0070 10.84 1 235 1 20140625143318 00034
00000018 2013 10 16 14:00 15:00 11 7311 0070 10.84 1 235 1 20140625143318 00034
00000018 2013 10 23 14:00 15:00 11 7311 0070 10.84 1 235 1 20140625143318 00034
00000018 2013 10 30 14:00 15:00 11 7311 0070 10.84 1 235 1 20140625143318 00034
00000018 2013 11 06 14:00 15:00 11 7311 0070 10.84 1 235 1 20140625143821 00034
00000018 2013 11 13 14:00 15:00 11 7311 0070 10.84 1 235 1 20140625143821 00034
00000018 2013 11 20 14:00 15:00 11 7311 0070 10.84 1 235 1 20140625143821 00034
00000018 2013 11 27 14:00 15:00 11 7311 0070 10.84 1 235 1 20140625143821 00034
00000018 2013 12 11 14:00 15:00 11 7311 0070 10.84 1 235 1 20140625144159 00034
00000018 2013 12 18 14:00 15:00 11 7311 0070 10.84 1 235 1 20140625144159 00034
00000018 2013 12 25 14:00 15:00 11 7311 0070 10.84 1 235 1 20140625144159 00034
00000018 2014 01 08 14:00 15:00 11 7311 0070 10.84 1 235 1 20140611121714 00034
00000018 2014 01 15 14:00 15:00 11 7311 0070 10.84 1 235 1 20140611121714 00034
00000018 2014 01 22 14:00 15:00 11 7311 0070 10.84 1 235 1 20140611121714 00034
00000018 2014 01 29 13:00 14:00 11 7311 0070 10.84 1 235 1 20140611121714 00034
00000018 2014 02 05 14:00 15:00 11 7311 0070 10.84 1 235 1 20140815110920 00034
00000018 2014 02 12 14:00 15:00 11 7311 0070 10.84 1 235 1 20140815110920 00034
00000018 2014 02 19 14:00 15:00 11 7311 0070 10.84 1 235 1 20140815110920 00034
00000018 2014 02 26 14:00 15:00 11 7311 0070 10.84 1 235 1 20140815110920 00034
00000018 2014 03 05 14:00 15:00 11 7311 0070 10.84 1 235 1 20140611122617 00034
00000018 2014 03 12 14:00 15:00 11 7311 0070 10.84 1 235 1 20140611122617 00034
00000018 2014 03 19 14:00 15:00 11 7311 0070 10.84 1 235 1 20140611122617 00034
00000018 2014 03 26 14:00 15:00 11 7311 0070 10.84 1 235 1 20140611122617 00034
00000018 2014 04 02 14:00 15:00 11 7311 0070 10.84 1 236 1 20140611122958 00034
00000018 2014 04 09 14:00 15:00 11 7311 0070 10.84 1 236 1 20140611122958 00034
00000018 2014 04 16 14:00 15:00 11 7311 0070 10.84 1 236 1 20140611122958 00034
00000018 2014 04 23 14:00 15:00 11 7311 0070 10.84 1 236 1 20140611122958 00034
00000018 2014 04 30 14:00 15:00 11 7311 0070 10.84 1 236 1 20140611122958 00034
00000018 2014 05 14 14:00 15:00 11 7311 0070 10.84 1 236 1 20140815161230 00034
00000018 2014 05 21 14:00 15:00 11 7311 0070 10.84 1 236 1 20140815161230 00034
00000018 2014 05 28 15:15 16:15 11 7311 0070 10.84 1 236 1 20140815161230 00034
00000018 2014 06 03 15:15 16:14 11 7311 0070 10.84 1 236 1 20140701101000 00034
00000018 2014 06 06 14:45 15:44 11 4111 0070 10.84 1 325 1 20140701101000 00034
00000018 2014 06 10 15:15 16:14 11 7311 0070 10.84 1 236 1 20140701101000 00034
00000018 2014 06 17 15:15 16:14 11 7311 0070 10.84 1 236 1 20140701101000 00034
00000018 2014 06 20 14:45 15:44 11 7311 0070 10.84 1 236 1 20140701101000 00034
00000018 2014 06 25 14:00 14:59 11 7311 0070 10.84 1 236 1 20140701101000 00034
00000018 2014 06 27 14:45 15:44 11 7311 0070 10.84 1 236 1 20140701101000 00034
00000018 2014 07 02 14:00 14:59 11 7311 0070 10.84 1 236 1 20140731103732 00035
00000018 2014 07 09 15:00 15:59 11 7311 0070 10.84 1 236 1 20140731103732 00035
00000018 2014 07 16 14:00 14:59 11 7311 0070 10.84 1 236 1 20140731103732 00035
00000018 2014 07 23 14:00 14:59 11 7311 0070 10.84 1 236 1 20140731103732 00035
00000018 2014 07 30 14:00 14:59 11 7311 0070 10.84 1 236 1 20140731103732 00035
00000018 2014 08 06 14:00 14:59 11 7311 0070 10.84 1 236 1 20140829203458 00038
00000018 2014 08 13 14:00 14:59 11 7311 0070 10.84 1 236 1 20140829203458 00038
00000018 2014 08 20 14:00 14:59 11 7311 0070 10.84 1 236 1 20140829203458 00038
00000018 2014 08 27 14:00 14:59 11 7311 0070 10.84 1 236 1 20140829203458 00038
00000018 2014 09 03 14:00 14:59 11 7311 0070 10.84 1 236 1 20140927191036 00038
00000018 2014 09 10 14:00 14:59 11 7311 0070 10.84 1 236 1 20140927191036 00038
