00000018 0070 2012 04 1 1 20140731160342 00078
00000018 0070 2012 06 1 1 20140731162033 00078
00000018 0070 2012 07 1 1 20140731163310 00078
00000018 0070 2012 08 1 1 20140731164341 00078
00000018 0070 2012 09 1 1 20140731165423 00078
00000018 0070 2012 10 1 1 20140731165652 00078
00000018 0070 2012 11 1 1 20140731170138 00078
00000018 0070 2012 12 1 1 20140731170349 00078
00000018 0070 2013 01 1 1 20140717174206 00034
00000018 0070 2013 02 1 1 20140717174457 00034
00000018 0070 2013 03 1 1 20140717175428 00034
00000018 0070 2013 04 1 1 20140717175708 00034
00000018 0070 2013 05 1 1 20140717180020 00034
00000018 0070 2013 06 1 1 20140717180317 00034
00000018 0070 2013 07 1 1 20140717180638 00034
00000018 0070 2013 08 1 1 20140717180823 00034
00000018 0070 2013 09 1 1 20140625142919 00034
00000018 0070 2013 10 1 1 20140625143318 00034
00000018 0070 2013 11 1 1 20140625143821 00034
00000018 0070 2013 12 1 1 20140625144159 00034
00000018 0070 2014 01 1 1 20140611121714 00034
00000018 0070 2014 02 1 1 20140815110920 00034
00000018 0070 2014 03 1 1 20140611122617 00034
00000018 0070 2014 04 1 1 20140611122958 00034
00000018 0070 2014 05 1 1 20140815161230 00034
00000018 0070 2014 06 1 1 20140701101000 00034
00000018 0070 2014 07 1 1 20140731103732 00035
00000018 0070 2014 08 1 1 20140829203458 00038
00000018 0070 2014 09 1 1 20140927191036 00038
