00000239 2013 06 03 11:15 12:15 61 1111 0107 11.26 1 1220 1 20140704142440 00077
00000239 2013 06 10 11:15 12:15 61 1111 0107 11.26 1 1220 1 20140704142440 00077
00000239 2013 06 17 11:15 12:15 61 1111 0107 11.26 1 1220 1 20140704142440 00077
00000239 2013 07 01 11:15 12:15 61 1111 0107 11.26 1 1220 1 20140704142428 00077
00000239 2013 07 08 11:15 12:15 61 1111 0107 11.26 1 1220 1 20140704142428 00077
00000239 2013 07 15 11:15 12:15 61 1111 0107 11.26 1 1220 1 20140704142428 00077
00000239 2013 07 22 11:15 12:15 61 1111 0107 11.26 1 1220 1 20140704142428 00077
00000239 2013 07 29 11:15 12:15 61 1111 0107 11.26 1 1220 1 20140704142428 00077
00000239 2013 08 05 11:15 12:15 61 1111 0107 11.26 1 1220 1 20140704142412 00077
00000239 2013 08 12 11:15 12:15 61 1111 0107 11.26 1 1220 1 20140704142412 00077
00000239 2013 08 19 11:15 12:15 61 1111 0107 11.26 1 1220 1 20140704142412 00077
00000239 2013 08 26 11:15 12:15 61 1111 0107 11.26 1 1220 1 20140704142412 00077
00000239 2013 09 09 11:15 12:15 61 1111 0107 11.26 1 1220 1 20140704142356 00077
00000239 2013 09 16 11:15 12:15 61 1111 0107 11.26 1 1220 1 20140704142356 00077
00000239 2013 09 23 11:15 12:15 61 1111 0107 11.26 1 1220 1 20140704142356 00077
00000239 2013 09 30 11:15 12:15 61 1111 0107 11.26 1 1220 1 20140704142356 00077
00000239 2013 10 07 11:15 12:15 61 1111 0107 11.26 1 1220 1 20140704142346 00077
00000239 2013 10 14 11:15 12:15 61 1111 0107 11.26 1 1220 1 20140704142346 00077
00000239 2013 10 21 11:15 12:15 61 1111 0107 11.26 1 1220 1 20140704142346 00077
00000239 2013 10 28 11:15 12:15 61 1111 0107 11.26 1 1220 1 20140704142346 00077
00000239 2013 11 04 11:15 12:15 61 1111 0107 11.26 1 1220 1 20140704142337 00077
00000239 2013 11 11 11:15 12:15 61 1111 0107 11.26 1 1220 1 20140704142337 00077
00000239 2013 11 25 11:15 12:15 61 1111 0107 11.26 1 1220 1 20140704142337 00077
00000239 2013 12 02 11:15 12:15 61 1111 0107 11.26 1 1220 1 20140704142328 00077
00000239 2013 12 09 11:15 12:15 61 1111 0107 11.26 1 1220 1 20140704142328 00077
00000239 2013 12 16 11:15 12:15 61 1111 0107 11.26 1 1220 1 20140704142328 00077
00000239 2013 12 23 11:15 12:15 61 1111 0107 11.26 1 1220 1 20140704142328 00077
00000239 2013 12 30 11:15 12:15 61 1111 0107 11.26 1 1220 1 20140704142328 00077
00000239 2014 01 06 11:15 12:15 61 1111 0107 11.26 1 1220 1 20140617192313 00049
00000239 2014 01 13 11:15 12:15 61 1111 0107 11.26 1 1220 1 20140617192313 00049
00000239 2014 01 20 11:15 12:15 61 1111 0107 11.26 1 1220 1 20140617192313 00049
00000239 2014 01 27 11:15 12:15 61 1111 0107 11.26 1 1220 1 20140617192313 00049
00000239 2014 02 03 11:15 12:15 61 1111 0107 11.26 1 1220 1 20140617192145 00049
00000239 2014 02 10 11:15 12:15 61 1111 0107 11.26 1 1220 1 20140617192145 00049
00000239 2014 02 17 11:15 12:15 61 1111 0107 11.26 1 1220 1 20140617192145 00049
00000239 2014 02 24 11:15 12:15 61 1111 0107 11.26 1 1220 1 20140617192145 00049
00000239 2014 03 03 09:30 10:30 61 1111 0107 11.26 1 1220 1 20140617191948 00049
00000239 2014 03 03 11:15 12:15 61 1111 0107 11.26 1 1220 1 20140617191540 00049
00000239 2014 03 10 09:30 10:30 61 1111 0107 11.26 1 1220 1 20140617191948 00049
00000239 2014 03 10 11:15 12:15 61 1111 0107 11.26 1 1220 1 20140617191540 00049
00000239 2014 03 17 09:30 10:30 61 1111 0107 11.26 1 1220 1 20140617191948 00049
00000239 2014 03 17 11:15 12:15 61 1111 0107 11.26 1 1220 1 20140617191540 00049
00000239 2014 03 24 09:30 10:30 61 1111 0107 11.26 1 1220 1 20140617191948 00049
00000239 2014 03 24 11:15 12:15 61 1111 0107 11.26 1 1220 1 20140617191540 00049
00000239 2014 03 31 09:30 10:30 61 1111 0107 11.26 1 1220 1 20140617191948 00049
00000239 2014 03 31 11:15 12:15 61 1111 0107 11.26 1 1220 1 20140617191540 00049
00000239 2014 04 07 09:30 10:30 61 1111 0107 11.26 1 1226 1 20140617191226 00049
00000239 2014 04 14 09:30 10:30 61 1111 0107 11.26 1 1226 1 20140617191226 00049
00000239 2014 04 21 09:30 10:30 61 1111 0107 11.26 1 1226 1 20140617191226 00049
00000239 2014 04 28 09:30 10:30 61 1111 0107 11.26 1 1226 1 20140617191226 00049
00000239 2014 05 05 11:15 12:15 61 1111 0107 11.26 1 1226 1 20140819122950 00078
00000239 2014 05 12 11:15 12:15 61 1111 0107 11.26 1 1226 1 20140819122950 00078
00000239 2014 05 19 11:15 12:15 61 1111 0107 11.26 1 1226 1 20140819122950 00078
00000239 2014 05 26 11:15 12:15 61 1111 0107 11.26 1 1226 1 20140819122950 00078
