00000239 0107 2013 06 0000105 03 00048 _ 11:15 12:15 _ _ 0 1111 1 61 1 20140704142440 00077
00000239 0107 2013 06 0000106 10 00048 _ 11:15 12:15 _ _ 0 1111 1 61 1 20140704142440 00077
00000239 0107 2013 06 0000107 17 00048 _ 11:15 12:15 _ _ 0 1111 1 61 1 20140704142440 00077
00000239 0107 2013 07 0000100 01 00048 _ 11:15 12:15 _ _ 0 1111 1 61 1 20140704142428 00077
00000239 0107 2013 07 0000101 08 00048 _ 11:15 12:15 _ _ 0 1111 1 61 1 20140704142428 00077
00000239 0107 2013 07 0000102 15 00048 _ 11:15 12:15 _ _ 0 1111 1 61 1 20140704142428 00077
00000239 0107 2013 07 0000103 22 00048 _ 11:15 12:15 _ _ 0 1111 1 61 1 20140704142428 00077
00000239 0107 2013 07 0000104 29 00048 _ 11:15 12:15 _ _ 0 1111 1 61 1 20140704142428 00077
00000239 0107 2013 08 0000096 05 00048 _ 11:15 12:15 _ _ 0 1111 1 61 1 20140704142412 00077
00000239 0107 2013 08 0000097 12 00049 _ 11:15 12:15 _ _ 0 1111 1 61 1 20140704142412 00077
00000239 0107 2013 08 0000098 19 00048 _ 11:15 12:15 _ _ 0 1111 1 61 1 20140704142412 00077
00000239 0107 2013 08 0000099 26 00048 _ 11:15 12:15 _ _ 0 1111 1 61 1 20140704142412 00077
00000239 0107 2013 09 0000080 09 00048 _ 11:15 12:15 _ _ 0 1111 1 61 1 20140704142356 00077
00000239 0107 2013 09 0000081 16 00048 _ 11:15 12:15 _ _ 0 1111 1 61 1 20140704142356 00077
00000239 0107 2013 09 0000082 23 00048 _ 11:15 12:15 _ _ 0 1111 1 61 1 20140704142356 00077
00000239 0107 2013 09 0000083 30 00048 _ 11:15 12:15 _ _ 0 1111 1 61 1 20140704142356 00077
00000239 0107 2013 10 0000084 07 00048 _ 11:15 12:15 _ _ 0 1111 1 61 1 20140704142346 00077
00000239 0107 2013 10 0000085 14 00048 _ 11:15 12:15 _ _ 0 1111 1 61 1 20140704142346 00077
00000239 0107 2013 10 0000086 21 00049 _ 11:15 12:15 _ _ 0 1111 1 61 1 20140704142346 00077
00000239 0107 2013 10 0000087 28 00048 _ 11:15 12:15 _ _ 0 1111 1 61 1 20140704142346 00077
00000239 0107 2013 11 0000088 04 00048 _ 11:15 12:15 _ _ 0 1111 1 61 1 20140704142337 00077
00000239 0107 2013 11 0000089 11 00048 _ 11:15 12:15 _ _ 0 1111 1 61 1 20140704142337 00077
00000239 0107 2013 11 0000090 25 00048 _ 11:15 12:15 _ _ 0 1111 1 61 1 20140704142337 00077
00000239 0107 2013 12 0000091 02 00048 _ 11:15 12:15 _ _ 0 1111 1 61 1 20140704142328 00077
00000239 0107 2013 12 0000092 09 00048 _ 11:15 12:15 _ _ 0 1111 1 61 1 20140704142328 00077
00000239 0107 2013 12 0000093 16 00048 _ 11:15 12:15 _ _ 0 1111 1 61 1 20140704142328 00077
00000239 0107 2013 12 0000094 23 00048 _ 11:15 12:15 _ _ 0 1111 1 61 1 20140704142328 00077
00000239 0107 2013 12 0000095 30 00048 _ 11:15 12:15 _ _ 0 1111 1 61 1 20140704142328 00077
00000239 0107 2014 01 0000072 06 00048 _ 11:15 12:15 _ _ 0 1111 1 61 1 20140617192313 00049
00000239 0107 2014 01 0000073 13 00048 _ 11:15 12:15 _ _ 0 1111 1 61 1 20140617192313 00049
00000239 0107 2014 01 0000074 20 00048 _ 11:15 12:15 _ _ 0 1111 1 61 1 20140617192313 00049
00000239 0107 2014 01 0000075 27 00048 _ 11:15 12:15 _ _ 0 1111 1 61 1 20140617192313 00049
00000239 0107 2014 02 0000068 03 00048 _ 11:15 12:15 _ _ 0 1111 1 61 1 20140617192145 00049
00000239 0107 2014 02 0000069 10 00049 _ 11:15 12:15 _ _ 0 1111 1 61 1 20140617192145 00049
00000239 0107 2014 02 0000070 17 00048 _ 11:15 12:15 _ _ 0 1111 1 61 1 20140617192145 00049
00000239 0107 2014 02 0000071 24 00048 _ 11:15 12:15 _ _ 0 1111 1 61 1 20140617192145 00049
00000239 0107 2014 03 0000053 03 00048 _ 09:30 10:30 _ _ 0 _ 1 61 9 20140617191644 00049
00000239 0107 2014 03 0000054 10 00048 _ 09:30 10:30 _ _ 0 _ 1 61 9 20140617191644 00049
00000239 0107 2014 03 0000055 17 00048 _ 09:30 10:30 _ _ 0 _ 1 61 9 20140617191644 00049
00000239 0107 2014 03 0000056 24 00048 _ 09:30 10:30 _ _ 0 _ 1 61 9 20140617191644 00049
00000239 0107 2014 03 0000057 31 00048 _ 09:30 10:30 _ _ 0 _ 1 61 9 20140617191644 00049
00000239 0107 2014 03 0000058 03 00048 _ 09:30 10:30 _ _ 0 _ 1 61 9 20140617191905 00049
00000239 0107 2014 03 0000059 10 00048 _ 09:30 10:30 _ _ 0 _ 1 61 9 20140617191905 00049
00000239 0107 2014 03 0000060 17 00048 _ 09:30 10:30 _ _ 0 _ 1 61 9 20140617191905 00049
00000239 0107 2014 03 0000061 24 00048 _ 09:30 10:30 _ _ 0 _ 1 61 9 20140617191905 00049
00000239 0107 2014 03 0000062 31 00048 _ 09:30 10:30 _ _ 0 _ 1 61 9 20140617191905 00049
00000239 0107 2014 03 0000063 03 00048 _ 09:30 10:30 _ _ 0 1111 1 61 1 20140617191948 00049
00000239 0107 2014 03 0000064 10 00048 _ 09:30 10:30 _ _ 0 1111 1 61 1 20140617191948 00049
00000239 0107 2014 03 0000065 17 00048 _ 09:30 10:30 _ _ 0 1111 1 61 1 20140617191948 00049
00000239 0107 2014 03 0000066 24 00048 _ 09:30 10:30 _ _ 0 1111 1 61 1 20140617191948 00049
00000239 0107 2014 03 0000067 31 00048 _ 09:30 10:30 _ _ 0 1111 1 61 1 20140617191948 00049
00000239 0107 2014 04 0000049 07 00048 _ 09:30 10:30 _ _ 0 1111 1 61 1 20140617191226 00049
00000239 0107 2014 04 0000050 14 00048 _ 09:30 10:30 _ _ 0 1111 1 61 1 20140617191226 00049
00000239 0107 2014 04 0000051 21 00048 _ 09:30 10:30 _ _ 0 1111 1 61 1 20140617191226 00049
00000239 0107 2014 04 0000052 28 00048 _ 09:30 10:30 _ _ 0 1111 1 61 1 20140617191226 00049
00000239 0107 2014 05 0000076 05 00049 _ 11:15 12:15 _ _ 0 1111 1 61 1 20140819122950 00078
00000239 0107 2014 05 0000077 12 00048 _ 11:15 12:15 _ _ 0 1111 1 61 1 20140819122950 00078
00000239 0107 2014 05 0000078 19 00049 _ 11:15 12:15 _ _ 0 1111 1 61 1 20140819122950 00078
00000239 0107 2014 05 0000079 26 00048 _ 11:15 12:15 _ _ 0 1111 1 61 1 20140819122950 00078
00000239 0107 2014 06 0000002 02 00048 _ 09:30 10:30 _ _ 0 1111 1 61 1 20140627171445 00049
00000239 0107 2014 06 0000003 09 00048 _ 09:30 10:30 _ _ 0 1111 1 61 1 20140627171445 00049
00000239 0107 2014 06 0000004 16 00048 _ 09:30 10:30 _ _ 0 1111 1 61 1 20140627171445 00049
00000239 0107 2014 06 0000005 23 00048 _ 09:30 10:30 _ _ 0 1111 1 61 1 20140627171445 00049
