00000155 2014 01 4 19480 1 20140617185331 00030
00000155 2014 02 4 19480 1 20140617185512 00030
00000155 2014 03 4 19480 1 20140617185649 00030
00000155 2014 04 4 19616 1 20140617185929 00030
00000155 2014 05 4 19616 1 20140812115050 00030
00000155 2014 06 4 19616 1 20140702162459 00031
00000155 2014 07 4 19616 1 20140803162155 00031
00000155 2014 08 4 19616 1 20140901124935 00031
00000155 2014 09 4 19616 1 20141003172211 00031
00000155 2014 10 4 19616 1 20141105095053 00031
00000155 2014 11 4 19616 1 20141202183921 00031
00000155 2014 12 4 19616 1 20141129090524 00031
