000000572012051 00000057 2012 05 08 63 1111 1 15:00 15:29 0022 1 472 0 _ _ 1 20140806144954 24
000000572012051 00000057 2012 05 14 63 1111 1 15:00 15:29 0022 1 472 0 _ _ 1 20140806144954 24
000000572012051 00000057 2012 05 22 63 1111 1 15:00 15:29 0022 1 472 0 _ _ 1 20140806144954 24
000000572012051 00000057 2012 05 29 63 1111 1 15:00 15:29 0022 1 472 0 _ _ 1 20140806144954 24
000000572012052 00000057 2012 05 08 63 3100 1 _ _ 0022 1 540 0 _ _ 1 20140806144954 24
000000572012053 00000057 2012 05 08 63 4002 1 _ _ 0022 1 300 0 _ _ 1 20140806144954 24
000000572012054 00000057 2012 05 08 63 6101 1 _ _ 0022 1 6 0 _ _ 1 20140806144954 24
000000572012054 00000057 2012 05 15 63 6101 1 _ _ 0022 1 6 0 _ _ 1 20140806144954 24
000000572012054 00000057 2012 05 22 63 6101 1 _ _ 0022 1 6 0 _ _ 1 20140806144954 24
000000572012054 00000057 2012 05 29 63 6101 1 _ _ 0022 1 6 0 _ _ 1 20140806144954 24
000000572012061 00000057 2012 06 05 63 1111 1 15:00 15:29 0022 1 472 0 _ _ 1 20140806145315 24
000000572012061 00000057 2012 06 11 63 1111 1 15:00 15:29 0022 1 472 0 _ _ 1 20140806145315 24
000000572012061 00000057 2012 06 19 63 1111 1 15:00 15:29 0022 1 472 0 _ _ 1 20140806145315 24
000000572012061 00000057 2012 06 27 63 1111 1 15:00 15:29 0022 1 472 0 _ _ 1 20140806145315 24
000000572012062 00000057 2012 06 05 63 3100 1 _ _ 0022 1 540 0 _ _ 1 20140806145315 24
000000572012063 00000057 2012 06 05 63 6101 1 _ _ 0022 1 6 0 _ _ 1 20140806145315 24
000000572012063 00000057 2012 06 11 63 6101 1 _ _ 0022 1 6 0 _ _ 1 20140806145315 24
000000572012063 00000057 2012 06 19 63 6101 1 _ _ 0022 1 6 0 _ _ 1 20140806145315 24
000000572012063 00000057 2012 06 27 63 6101 1 _ _ 0022 1 6 0 _ _ 1 20140806145315 24
000000572012071 00000057 2012 07 03 63 1111 1 15:00 15:29 0022 1 472 0 _ _ 1 20140806150001 24
000000572012071 00000057 2012 07 17 63 1111 1 15:00 15:29 0022 1 472 0 _ _ 1 20140806150001 24
000000572012071 00000057 2012 07 24 63 1111 1 15:00 15:29 0022 1 472 0 _ _ 1 20140806150001 24
000000572012071 00000057 2012 07 31 63 1111 1 15:00 15:29 0022 1 472 0 _ _ 1 20140806150001 24
000000572012072 00000057 2012 07 10 63 1211 1 15:30 16:29 0022 1 830 0 _ _ 1 20140806150001 24
000000572012073 00000057 2012 07 03 63 3100 1 _ _ 0022 1 540 0 _ _ 1 20140806150001 24
000000572012074 00000057 2012 07 03 63 6101 1 _ _ 0022 1 6 0 _ _ 1 20140806150001 24
000000572012074 00000057 2012 07 10 63 6101 1 _ _ 0022 1 6 0 _ _ 1 20140806150001 24
000000572012074 00000057 2012 07 17 63 6101 1 _ _ 0022 1 6 0 _ _ 1 20140806150001 24
000000572012074 00000057 2012 07 24 63 6101 1 _ _ 0022 1 6 0 _ _ 1 20140806150001 24
000000572012074 00000057 2012 07 31 63 6101 1 _ _ 0022 1 6 0 _ _ 1 20140806150001 24
