00000235 2013 03 1 1 00052 1 20140808171815 00078
00000235 2013 06 1 1 00052 1 20140702180933 00078
00000235 2013 07 1 1 00052 1 20140702180017 00078
00000235 2013 12 1 1 00052 1 20140702174441 00078
00000235 2014 01 1 1 00052 1 20140617200538 00052
00000235 2014 02 1 1 00052 1 20140617200102 00052
00000235 2014 03 1 1 00052 1 20140617195659 00052
00000235 2014 04 1 1 00052 1 20140617195202 00052
00000235 2014 05 1 1 00052 1 20140819121102 00078
00000235 2014 06 1 1 00052 1 20140701164330 00047
00000235 2014 07 1 1 00052 1 20140802135620 00047
00000235 2014 08 1 _ 00052 1 20140725095151 00052
00000235 2014 09 1 _ 00052 1 20140816153556 00052
