1005 001 08 18 001 10 10 500
1005 002 18 08 001 10 10 625
1004 001 08 18 002 30 30 1500
1004 002 18 08 002 30 30 1875
1004 001 08 18 003 30 30 1200
1004 002 18 08 003 30 30 1500
1004 001 08 18 004 30 30 1350
1004 002 18 08 004 30 30 1687
1005 001 00 24 005 240 240 12000
1005 002 00 24 005 240 240 12000
1005 001 00 24 006 240 240 16000
1005 002 00 24 006 240 240 16000
1005 001 00 24 007 240 240 20000
1005 002 00 24 007 240 240 20000
1005 001 00 24 008 240 240 0
1005 002 00 24 008 240 240 0
1005 001 00 24 009 240 240 0
1005 002 00 24 009 240 240 0
1005 001 00 24 010 240 240 0
1005 002 00 24 010 240 240 0
1005 001 00 24 011 30 30 1500
1005 002 00 24 011 30 30 1500
1005 001 00 24 012 30 30 2000
1005 002 00 24 012 30 30 2000
1005 001 00 24 013 60 60 5000
1005 002 00 24 013 60 60 5000
1005 001 00 24 014 30 60 2000
1005 002 00 24 014 30 60 2000
1004 001 00 24 015 240 240 12000
1004 002 00 24 015 240 240 12000
1004 001 00 24 016 240 240 16000
1004 002 00 24 016 240 240 16000
1004 001 00 24 017 240 240 20000
1004 002 00 24 017 240 240 20000
1004 001 00 24 018 240 240 0
1004 002 00 24 018 240 240 0
1004 001 00 24 019 240 240 0
1004 002 00 24 019 240 240 0
1004 001 00 24 020 240 240 0
1004 002 00 24 020 240 240 0
1004 001 00 24 021 30 30 1500
1004 002 00 24 021 30 30 1500
1004 001 00 24 022 30 30 2000
1004 002 00 24 022 30 30 2000
1004 001 00 24 023 60 60 5000
1004 002 00 24 023 60 60 5000
1004 001 00 24 024 30 60 2000
1004 002 00 24 024 30 60 2000
