11 1 11.26
11 2 11.05
11 3 10.84
11 4 10.7
11 5 10.63
11 6 10.42
11 7 10.35
11 8 10.21
11 9 10
61 1 11.26
61 2 11.05
61 3 10.84
61 4 10.7
61 5 10.63
61 6 10.42
61 7 10.35
61 8 10.21
61 9 10
12 1 11.26
12 2 11.05
12 3 10.84
12 4 10.7
12 5 10.63
12 6 10.42
12 7 10.35
12 8 10.21
12 9 10
62 1 11.26
62 2 11.05
62 3 10.84
62 4 10.7
62 5 10.63
62 6 10.42
62 7 10.35
62 8 10.21
62 9 10
13 1 11.26
13 2 11.05
13 3 10.84
13 4 10.7
13 5 10.63
13 6 10.42
13 7 10.35
13 8 10.21
13 9 10
63 1 11.26
63 2 11.05
63 3 10.84
63 4 10.7
63 5 10.63
63 6 10.42
63 7 10.35
63 8 10.21
63 9 10
14 1 10.99
14 2 10.83
14 3 10.66
14 4 10.55
14 5 10.5
14 6 10.33
14 7 10.28
14 8 10.17
14 9 10
64 1 10.99
64 2 10.83
64 3 10.66
64 4 10.55
64 5 10.5
64 6 10.33
64 7 10.28
64 8 10.17
64 9 10
31 1 10
31 2 10
31 3 10
31 4 10
31 5 10
31 6 10
31 7 10
31 8 10
31 9 10
15 1 10.81
15 2 10.68
15 3 10.54
15 4 10.45
15 5 10.41
15 6 10.27
15 7 10.23
15 8 10.14
15 9 10
65 1 10.81
65 2 10.68
65 3 10.54
65 4 10.45
65 5 10.41
65 6 10.27
65 7 10.23
65 8 10.14
65 9 10
16 1 10.99
16 2 10.83
16 3 10.66
16 4 10.55
16 5 10.5
16 6 10.33
16 7 10.28
16 8 10.17
16 9 10
66 1 10.99
66 2 10.83
66 3 10.66
66 4 10.55
66 5 10.5
66 6 10.33
66 7 10.28
66 8 10.17
66 9 10
21 1 10.81
21 2 10.68
21 3 10.54
21 4 10.45
21 5 10.41
21 6 10.27
21 7 10.23
21 8 10.14
21 9 10
41 1 10
41 2 10
41 3 10
41 4 10
41 5 10
41 6 10
41 7 10
41 8 10
41 9 10
17 1 10
17 2 10
17 3 10
17 4 10
17 5 10
17 6 10
17 7 10
17 8 10
17 9 10
67 1 10
67 2 10
67 3 10
67 4 10
67 5 10
67 6 10
67 7 10
67 8 10
67 9 10
43 1 11.26
43 2 11.05
43 3 10.84
43 4 10.7
43 5 10.63
43 6 10.42
43 7 10.35
43 8 10.21
43 9 10
46 1 11.26
46 2 11.05
46 3 10.84
46 4 10.7
46 5 10.63
46 6 10.42
46 7 10.35
46 8 10.21
46 9 10
71 1 11.26
71 2 11.05
71 3 10.84
71 4 10.7
71 5 10.63
71 6 10.42
71 7 10.35
71 8 10.21
71 9 10
72 1 10.99
72 2 10.83
72 3 10.66
72 4 10.55
72 5 10.5
72 6 10.33
72 7 10.28
72 8 10.17
72 9 10
