11 1 11.26 20110101 20140331
11 2 11.05 20110101 20140331
11 3 10.84 20110101 20140331
11 4 10.7 20110101 20140331
11 5 10.63 20110101 20140331
11 6 10.42 20110101 20140331
11 7 10.35 20110101 20140331
11 8 10.21 20110101 20140331
11 9 10 20110101 20140331
61 1 11.26 20110101 20140331
61 2 11.05 20110101 20140331
61 3 10.84 20110101 20140331
61 4 10.7 20110101 20140331
61 5 10.63 20110101 20140331
61 6 10.42 20110101 20140331
61 7 10.35 20110101 20140331
61 8 10.21 20110101 20140331
61 9 10 20110101 20140331
12 1 11.26 20110101 20140331
12 2 11.05 20110101 20140331
12 3 10.84 20110101 20140331
12 4 10.7 20110101 20140331
12 5 10.63 20110101 20140331
12 6 10.42 20110101 20140331
12 7 10.35 20110101 20140331
12 8 10.21 20110101 20140331
12 9 10 20110101 20140331
62 1 11.26 20110101 20140331
62 2 11.05 20110101 20140331
62 3 10.84 20110101 20140331
62 4 10.7 20110101 20140331
62 5 10.63 20110101 20140331
62 6 10.42 20110101 20140331
62 7 10.35 20110101 20140331
62 8 10.21 20110101 20140331
62 9 10 20110101 20140331
13 1 11.26 20110101 20140331
13 2 11.05 20110101 20140331
13 3 10.84 20110101 20140331
13 4 10.7 20110101 20140331
13 5 10.63 20110101 20140331
13 6 10.42 20110101 20140331
13 7 10.35 20110101 20140331
13 8 10.21 20110101 20140331
13 9 10 20110101 20140331
63 1 11.26 20110101 20140331
63 2 11.05 20110101 20140331
63 3 10.84 20110101 20140331
63 4 10.7 20110101 20140331
63 5 10.63 20110101 20140331
63 6 10.42 20110101 20140331
63 7 10.35 20110101 20140331
63 8 10.21 20110101 20140331
63 9 10 20110101 20140331
14 1 10.99 20110101 20140331
14 2 10.83 20110101 20140331
14 3 10.66 20110101 20140331
14 4 10.55 20110101 20140331
14 5 10.5 20110101 20140331
14 6 10.33 20110101 20140331
14 7 10.28 20110101 20140331
14 8 10.17 20110101 20140331
14 9 10 20110101 20140331
64 1 10.99 20110101 20140331
64 2 10.83 20110101 20140331
64 3 10.66 20110101 20140331
64 4 10.55 20110101 20140331
64 5 10.5 20110101 20140331
64 6 10.33 20110101 20140331
64 7 10.28 20110101 20140331
64 8 10.17 20110101 20140331
64 9 10 20110101 20140331
31 1 10 20110101 20140331
31 2 10 20110101 20140331
31 3 10 20110101 20140331
31 4 10 20110101 20140331
31 5 10 20110101 20140331
31 6 10 20110101 20140331
31 7 10 20110101 20140331
31 8 10 20110101 20140331
31 9 10 20110101 20140331
34 1 10 20110101 20140331
34 2 10 20110101 20140331
34 3 10 20110101 20140331
34 4 10 20110101 20140331
34 5 10 20110101 20140331
34 6 10 20110101 20140331
34 7 10 20110101 20140331
34 8 10 20110101 20140331
34 9 10 20110101 20140331
15 1 10.81 20110101 20140331
15 2 10.68 20110101 20140331
15 3 10.54 20110101 20140331
15 4 10.45 20110101 20140331
15 5 10.41 20110101 20140331
15 6 10.27 20110101 20140331
15 7 10.23 20110101 20140331
15 8 10.14 20110101 20140331
15 9 10 20110101 20140331
65 1 10.81 20110101 20140331
65 2 10.68 20110101 20140331
65 3 10.54 20110101 20140331
65 4 10.45 20110101 20140331
65 5 10.41 20110101 20140331
65 6 10.27 20110101 20140331
65 7 10.23 20110101 20140331
65 8 10.14 20110101 20140331
65 9 10 20110101 20140331
16 1 10.99 20110101 20140331
16 2 10.83 20110101 20140331
16 3 10.66 20110101 20140331
16 4 10.55 20110101 20140331
16 5 10.5 20110101 20140331
16 6 10.33 20110101 20140331
16 7 10.28 20110101 20140331
16 8 10.17 20110101 20140331
16 9 10 20110101 20140331
66 1 10.99 20110101 20140331
66 2 10.83 20110101 20140331
66 3 10.66 20110101 20140331
66 4 10.55 20110101 20140331
66 5 10.5 20110101 20140331
66 6 10.33 20110101 20140331
66 7 10.28 20110101 20140331
66 8 10.17 20110101 20140331
66 9 10 20110101 20140331
21 1 10.81 20110101 20140331
21 2 10.68 20110101 20140331
21 3 10.54 20110101 20140331
21 4 10.45 20110101 20140331
21 5 10.41 20110101 20140331
21 6 10.27 20110101 20140331
21 7 10.23 20110101 20140331
21 8 10.14 20110101 20140331
21 9 10 20110101 20140331
22 1 10.81 20110101 20140331
22 2 10.68 20110101 20140331
22 3 10.54 20110101 20140331
22 4 10.45 20110101 20140331
22 5 10.41 20110101 20140331
22 6 10.27 20110101 20140331
22 7 10.23 20110101 20140331
22 8 10.14 20110101 20140331
22 9 10 20110101 20140331
23 1 10.81 20110101 20140331
23 2 10.68 20110101 20140331
23 3 10.54 20110101 20140331
23 4 10.45 20110101 20140331
23 5 10.41 20110101 20140331
23 6 10.27 20110101 20140331
23 7 10.23 20110101 20140331
23 8 10.14 20110101 20140331
23 9 10 20110101 20140331
41 1 10 20110101 20140331
41 2 10 20110101 20140331
41 3 10 20110101 20140331
41 4 10 20110101 20140331
41 5 10 20110101 20140331
41 6 10 20110101 20140331
41 7 10 20110101 20140331
41 8 10 20110101 20140331
41 9 10 20110101 20140331
17 1 10 20110101 20140331
17 2 10 20110101 20140331
17 3 10 20110101 20140331
17 4 10 20110101 20140331
17 5 10 20110101 20140331
17 6 10 20110101 20140331
17 7 10 20110101 20140331
17 8 10 20110101 20140331
17 9 10 20110101 20140331
67 1 10 20110101 20140331
67 2 10 20110101 20140331
67 3 10 20110101 20140331
67 4 10 20110101 20140331
67 5 10 20110101 20140331
67 6 10 20110101 20140331
67 7 10 20110101 20140331
67 8 10 20110101 20140331
67 9 10 20110101 20140331
43 1 11.26 20110101 20140331
43 2 11.05 20110101 20140331
43 3 10.84 20110101 20140331
43 4 10.7 20110101 20140331
43 5 10.63 20110101 20140331
43 6 10.42 20110101 20140331
43 7 10.35 20110101 20140331
43 8 10.21 20110101 20140331
43 9 10 20110101 20140331
46 1 11.26 20110101 20140331
46 2 11.05 20110101 20140331
46 3 10.84 20110101 20140331
46 4 10.7 20110101 20140331
46 5 10.63 20110101 20140331
46 6 10.42 20110101 20140331
46 7 10.35 20110101 20140331
46 8 10.21 20110101 20140331
46 9 10 20110101 20140331
71 1 11.26 20110101 20140331
71 2 11.05 20110101 20140331
71 3 10.84 20110101 20140331
71 4 10.7 20110101 20140331
71 5 10.63 20110101 20140331
71 6 10.42 20110101 20140331
71 7 10.35 20110101 20140331
71 8 10.21 20110101 20140331
71 9 10 20110101 20140331
72 1 10.99 20110101 20140331
72 2 10.83 20110101 20140331
72 3 10.66 20110101 20140331
72 4 10.55 20110101 20140331
72 5 10.5 20110101 20140331
72 6 10.33 20110101 20140331
72 7 10.28 20110101 20140331
72 8 10.17 20110101 20140331
72 9 10 20110101 20140331
24 1 10.81 20110101 20140331
24 2 10.68 20110101 20140331
24 3 10.54 20110101 20140331
24 4 10.45 20110101 20140331
24 5 10.41 20110101 20140331
24 6 10.27 20110101 20140331
24 7 10.23 20110101 20140331
24 8 10.14 20110101 20140331
24 9 10 20110101 20140331
25 1 10.81 20110101 20140331
25 2 10.68 20110101 20140331
25 3 10.54 20110101 20140331
25 4 10.45 20110101 20140331
25 5 10.41 20110101 20140331
25 6 10.27 20110101 20140331
25 7 10.23 20110101 20140331
25 8 10.14 20110101 20140331
25 9 10 20110101 20140331
26 1 10.81 20110101 20140331
26 2 10.68 20110101 20140331
26 3 10.54 20110101 20140331
26 4 10.45 20110101 20140331
26 5 10.41 20110101 20140331
26 6 10.27 20110101 20140331
26 7 10.23 20110101 20140331
26 8 10.14 20110101 20140331
11 1 11.26 20140401 20150331
11 2 11.05 20140401 20150331
11 3 10.84 20140401 20150331
11 4 10.7 20140401 20150331
11 5 10.63 20140401 20150331
11 6 10.42 20140401 20150331
11 7 10.35 20140401 20150331
11 8 10.21 20140401 20150331
11 9 10 20140401 20150331
61 1 11.26 20140401 20150331
61 2 11.05 20140401 20150331
61 3 10.84 20140401 20150331
61 4 10.7 20140401 20150331
61 5 10.63 20140401 20150331
61 6 10.42 20140401 20150331
61 7 10.35 20140401 20150331
61 8 10.21 20140401 20150331
61 9 10 20140401 20150331
12 1 11.26 20140401 20150331
12 2 11.05 20140401 20150331
12 3 10.84 20140401 20150331
12 4 10.7 20140401 20150331
12 5 10.63 20140401 20150331
12 6 10.42 20140401 20150331
12 7 10.35 20140401 20150331
12 8 10.21 20140401 20150331
12 9 10 20140401 20150331
62 1 11.26 20140401 20150331
62 2 11.05 20140401 20150331
62 3 10.84 20140401 20150331
62 4 10.7 20140401 20150331
62 5 10.63 20140401 20150331
62 6 10.42 20140401 20150331
62 7 10.35 20140401 20150331
62 8 10.21 20140401 20150331
62 9 10 20140401 20150331
13 1 11.26 20140401 20150331
13 2 11.05 20140401 20150331
13 3 10.84 20140401 20150331
13 4 10.7 20140401 20150331
13 5 10.63 20140401 20150331
13 6 10.42 20140401 20150331
13 7 10.35 20140401 20150331
13 8 10.21 20140401 20150331
13 9 10 20140401 20150331
63 1 11.26 20140401 20150331
63 2 11.05 20140401 20150331
63 3 10.84 20140401 20150331
63 4 10.7 20140401 20150331
63 5 10.63 20140401 20150331
63 6 10.42 20140401 20150331
63 7 10.35 20140401 20150331
63 8 10.21 20140401 20150331
63 9 10 20140401 20150331
14 1 10.99 20140401 20150331
14 2 10.83 20140401 20150331
14 3 10.66 20140401 20150331
14 4 10.55 20140401 20150331
14 5 10.5 20140401 20150331
14 6 10.33 20140401 20150331
14 7 10.28 20140401 20150331
14 8 10.17 20140401 20150331
14 9 10 20140401 20150331
64 1 10.99 20140401 20150331
64 2 10.83 20140401 20150331
64 3 10.66 20140401 20150331
64 4 10.55 20140401 20150331
64 5 10.5 20140401 20150331
64 6 10.33 20140401 20150331
64 7 10.28 20140401 20150331
64 8 10.17 20140401 20150331
64 9 10 20140401 20150331
31 1 10 20140401 20150331
31 2 10 20140401 20150331
31 3 10 20140401 20150331
31 4 10 20140401 20150331
31 5 10 20140401 20150331
31 6 10 20140401 20150331
31 7 10 20140401 20150331
31 8 10 20140401 20150331
31 9 10 20140401 20150331
34 1 10 20140401 20150331
34 2 10 20140401 20150331
34 3 10 20140401 20150331
34 4 10 20140401 20150331
34 5 10 20140401 20150331
34 6 10 20140401 20150331
34 7 10 20140401 20150331
34 8 10 20140401 20150331
34 9 10 20140401 20150331
15 1 10.81 20140401 20150331
15 2 10.68 20140401 20150331
15 3 10.54 20140401 20150331
15 4 10.45 20140401 20150331
15 5 10.41 20140401 20150331
15 6 10.27 20140401 20150331
15 7 10.23 20140401 20150331
15 8 10.14 20140401 20150331
15 9 10 20140401 20150331
65 1 10.81 20140401 20150331
65 2 10.68 20140401 20150331
65 3 10.54 20140401 20150331
65 4 10.45 20140401 20150331
65 5 10.41 20140401 20150331
65 6 10.27 20140401 20150331
65 7 10.23 20140401 20150331
65 8 10.14 20140401 20150331
65 9 10 20140401 20150331
16 1 10.99 20140401 20150331
16 2 10.83 20140401 20150331
16 3 10.66 20140401 20150331
16 4 10.55 20140401 20150331
16 5 10.5 20140401 20150331
16 6 10.33 20140401 20150331
16 7 10.28 20140401 20150331
16 8 10.17 20140401 20150331
16 9 10 20140401 20150331
66 1 10.99 20140401 20150331
66 2 10.83 20140401 20150331
66 3 10.66 20140401 20150331
66 4 10.55 20140401 20150331
66 5 10.5 20140401 20150331
66 6 10.33 20140401 20150331
66 7 10.28 20140401 20150331
66 8 10.17 20140401 20150331
66 9 10 20140401 20150331
21 1 10.81 20140401 20150331
21 2 10.68 20140401 20150331
21 3 10.54 20140401 20150331
21 4 10.45 20140401 20150331
21 5 10.41 20140401 20150331
21 6 10.27 20140401 20150331
21 7 10.23 20140401 20150331
21 8 10.14 20140401 20150331
21 9 10 20140401 20150331
22 1 10.81 20140401 20150331
22 2 10.68 20140401 20150331
22 3 10.54 20140401 20150331
22 4 10.45 20140401 20150331
22 5 10.41 20140401 20150331
22 6 10.27 20140401 20150331
22 7 10.23 20140401 20150331
22 8 10.14 20140401 20150331
22 9 10 20140401 20150331
23 1 10.81 20140401 20150331
23 2 10.68 20140401 20150331
23 3 10.54 20140401 20150331
23 4 10.45 20140401 20150331
23 5 10.41 20140401 20150331
23 6 10.27 20140401 20150331
23 7 10.23 20140401 20150331
23 8 10.14 20140401 20150331
23 9 10 20140401 20150331
41 1 10 20140401 20150331
41 2 10 20140401 20150331
41 3 10 20140401 20150331
41 4 10 20140401 20150331
41 5 10 20140401 20150331
41 6 10 20140401 20150331
41 7 10 20140401 20150331
41 8 10 20140401 20150331
41 9 10 20140401 20150331
17 1 10 20140401 20150331
17 2 10 20140401 20150331
17 3 10 20140401 20150331
17 4 10 20140401 20150331
17 5 10 20140401 20150331
17 6 10 20140401 20150331
17 7 10 20140401 20150331
17 8 10 20140401 20150331
17 9 10 20140401 20150331
67 1 10 20140401 20150331
67 2 10 20140401 20150331
67 3 10 20140401 20150331
67 4 10 20140401 20150331
67 5 10 20140401 20150331
67 6 10 20140401 20150331
67 7 10 20140401 20150331
67 8 10 20140401 20150331
67 9 10 20140401 20150331
43 1 11.26 20140401 20150331
43 2 11.05 20140401 20150331
43 3 10.84 20140401 20150331
43 4 10.7 20140401 20150331
43 5 10.63 20140401 20150331
43 6 10.42 20140401 20150331
43 7 10.35 20140401 20150331
43 8 10.21 20140401 20150331
43 9 10 20140401 20150331
46 1 11.26 20140401 20150331
46 2 11.05 20140401 20150331
46 3 10.84 20140401 20150331
46 4 10.7 20140401 20150331
46 5 10.63 20140401 20150331
46 6 10.42 20140401 20150331
46 7 10.35 20140401 20150331
46 8 10.21 20140401 20150331
46 9 10 20140401 20150331
71 1 11.26 20140401 20150331
71 2 11.05 20140401 20150331
71 3 10.84 20140401 20150331
71 4 10.7 20140401 20150331
71 5 10.63 20140401 20150331
71 6 10.42 20140401 20150331
71 7 10.35 20140401 20150331
71 8 10.21 20140401 20150331
71 9 10 20140401 20150331
72 1 10.99 20140401 20150331
72 2 10.83 20140401 20150331
72 3 10.66 20140401 20150331
72 4 10.55 20140401 20150331
72 5 10.5 20140401 20150331
72 6 10.33 20140401 20150331
72 7 10.28 20140401 20150331
72 8 10.17 20140401 20150331
72 9 10 20140401 20150331
24 1 10.81 20140401 20150331
24 2 10.68 20140401 20150331
24 3 10.54 20140401 20150331
24 4 10.45 20140401 20150331
24 5 10.41 20140401 20150331
24 6 10.27 20140401 20150331
24 7 10.23 20140401 20150331
24 8 10.14 20140401 20150331
24 9 10 20140401 20150331
25 1 10.81 20140401 20150331
25 2 10.68 20140401 20150331
25 3 10.54 20140401 20150331
25 4 10.45 20140401 20150331
25 5 10.41 20140401 20150331
25 6 10.27 20140401 20150331
25 7 10.23 20140401 20150331
25 8 10.14 20140401 20150331
25 9 10 20140401 20150331
26 1 10.81 20140401 20150331
26 2 10.68 20140401 20150331
26 3 10.54 20140401 20150331
26 4 10.45 20140401 20150331
26 5 10.41 20140401 20150331
26 6 10.27 20140401 20150331
26 7 10.23 20140401 20150331
26 8 10.14 20140401 20150331
11 1 11.4 20150401 99999999
11 2 11.12 20150401 99999999
11 3 11.05 20150401 99999999
11 4 10.84 20150401 99999999
11 6 10.7 20150401 99999999
11 8 10.42 20150401 99999999
11 9 10 20150401 99999999
11 10 10.21 20150401 99999999
61 1 11.4 20150401 99999999
61 2 11.12 20150401 99999999
61 3 11.05 20150401 99999999
61 4 10.84 20150401 99999999
61 6 10.7 20150401 99999999
61 8 10.42 20150401 99999999
61 9 10 20150401 99999999
61 10 10.21 20150401 99999999
12 1 11.4 20150401 99999999
12 2 11.12 20150401 99999999
12 3 11.05 20150401 99999999
12 4 10.84 20150401 99999999
12 6 10.7 20150401 99999999
12 8 10.42 20150401 99999999
12 9 10 20150401 99999999
12 10 10.21 20150401 99999999
62 1 11.4 20150401 99999999
62 2 11.12 20150401 99999999
62 3 11.05 20150401 99999999
62 4 10.84 20150401 99999999
62 6 10.7 20150401 99999999
62 8 10.42 20150401 99999999
62 9 10 20150401 99999999
62 10 10.21 20150401 99999999
13 1 11.4 20150401 99999999
13 2 11.12 20150401 99999999
13 3 11.05 20150401 99999999
13 4 10.84 20150401 99999999
13 6 10.7 20150401 99999999
13 8 10.42 20150401 99999999
13 9 10 20150401 99999999
13 10 10.21 20150401 99999999
63 1 11.4 20150401 99999999
63 2 11.12 20150401 99999999
63 3 11.05 20150401 99999999
63 4 10.84 20150401 99999999
63 6 10.7 20150401 99999999
63 8 10.42 20150401 99999999
63 9 10 20150401 99999999
63 10 10.21 20150401 99999999
14 1 11.1 20150401 99999999
14 2 10.88 20150401 99999999
14 3 10.83 20150401 99999999
14 4 10.66 20150401 99999999
14 6 10.55 20150401 99999999
14 8 10.33 20150401 99999999
14 9 10 20150401 99999999
14 10 10.17 20150401 99999999
64 1 11.1 20150401 99999999
64 2 10.88 20150401 99999999
64 3 10.83 20150401 99999999
64 4 10.66 20150401 99999999
64 6 10.55 20150401 99999999
64 8 10.33 20150401 99999999
64 9 10 20150401 99999999
64 10 10.17 20150401 99999999
31 1 10 20150401 99999999
31 2 10 20150401 99999999
31 3 10 20150401 99999999
31 4 10 20150401 99999999
31 6 10 20150401 99999999
31 8 10 20150401 99999999
31 9 10 20150401 99999999
31 10 10 20150401 99999999
34 1 10 20150401 99999999
34 2 10 20150401 99999999
34 3 10 20150401 99999999
34 4 10 20150401 99999999
34 6 10 20150401 99999999
34 8 10 20150401 99999999
34 9 10 20150401 99999999
34 10 10 20150401 99999999
15 1 10.9 20150401 99999999
15 2 10.72 20150401 99999999
15 3 10.68 20150401 99999999
15 4 10.54 20150401 99999999
15 6 10.45 20150401 99999999
15 8 10.27 20150401 99999999
15 9 10 20150401 99999999
15 10 10.14 20150401 99999999
65 1 10.9 20150401 99999999
65 2 10.72 20150401 99999999
65 3 10.68 20150401 99999999
65 4 10.54 20150401 99999999
65 6 10.45 20150401 99999999
65 8 10.27 20150401 99999999
65 9 10 20150401 99999999
65 10 10.14 20150401 99999999
16 1 11.1 20150401 99999999
16 2 10.88 20150401 99999999
16 3 10.83 20150401 99999999
16 4 10.66 20150401 99999999
16 6 10.55 20150401 99999999
16 8 10.33 20150401 99999999
16 9 10 20150401 99999999
16 10 10.17 20150401 99999999
66 1 11.1 20150401 99999999
66 2 10.88 20150401 99999999
66 3 10.83 20150401 99999999
66 4 10.66 20150401 99999999
66 6 10.55 20150401 99999999
66 8 10.33 20150401 99999999
66 9 10 20150401 99999999
66 10 10.17 20150401 99999999
21 1 11.1 20150401 99999999
21 2 10.88 20150401 99999999
21 3 10.83 20150401 99999999
21 4 10.66 20150401 99999999
21 6 10.55 20150401 99999999
21 8 10.33 20150401 99999999
21 9 10 20150401 99999999
21 10 10.17 20150401 99999999
22 1 10.9 20150401 99999999
22 2 10.72 20150401 99999999
22 3 10.68 20150401 99999999
22 4 10.54 20150401 99999999
22 6 10.45 20150401 99999999
22 8 10.27 20150401 99999999
22 9 10 20150401 99999999
22 10 10.14 20150401 99999999
23 1 10.9 20150401 99999999
23 2 10.72 20150401 99999999
23 3 10.68 20150401 99999999
23 4 10.54 20150401 99999999
23 6 10.45 20150401 99999999
23 8 10.27 20150401 99999999
23 9 10 20150401 99999999
23 10 10.14 20150401 99999999
41 1 10 20150401 99999999
41 2 10 20150401 99999999
41 3 10 20150401 99999999
41 4 10 20150401 99999999
41 6 10 20150401 99999999
41 8 10 20150401 99999999
41 9 10 20150401 99999999
41 10 10 20150401 99999999
17 1 10 20150401 99999999
17 2 10 20150401 99999999
17 3 10 20150401 99999999
17 4 10 20150401 99999999
17 6 10 20150401 99999999
17 8 10 20150401 99999999
17 9 10 20150401 99999999
17 10 10 20150401 99999999
67 1 10 20150401 99999999
67 2 10 20150401 99999999
67 3 10 20150401 99999999
67 4 10 20150401 99999999
67 6 10 20150401 99999999
67 8 10 20150401 99999999
67 9 10 20150401 99999999
67 10 10 20150401 99999999
43 1 11.4 20150401 99999999
43 2 11.12 20150401 99999999
43 3 11.05 20150401 99999999
43 4 10.84 20150401 99999999
43 6 10.7 20150401 99999999
43 8 10.42 20150401 99999999
43 9 10 20150401 99999999
43 10 10.21 20150401 99999999
46 1 11.4 20150401 99999999
46 2 11.12 20150401 99999999
46 3 11.05 20150401 99999999
46 4 10.84 20150401 99999999
46 6 10.7 20150401 99999999
46 8 10.42 20150401 99999999
46 9 10 20150401 99999999
46 10 10.21 20150401 99999999
71 1 11.4 20150401 99999999
71 2 11.12 20150401 99999999
71 3 11.05 20150401 99999999
71 4 10.84 20150401 99999999
71 6 10.7 20150401 99999999
71 8 10.42 20150401 99999999
71 9 10 20150401 99999999
71 10 10.21 20150401 99999999
72 1 11.1 20150401 99999999
72 2 10.88 20150401 99999999
72 3 10.83 20150401 99999999
72 4 10.66 20150401 99999999
72 6 10.55 20150401 99999999
72 8 10.33 20150401 99999999
72 9 10 20150401 99999999
72 10 10.17 20150401 99999999
24 1 11.1 20150401 99999999
24 2 10.88 20150401 99999999
24 3 10.83 20150401 99999999
24 4 10.66 20150401 99999999
24 6 10.55 20150401 99999999
24 8 10.33 20150401 99999999
24 9 10 20150401 99999999
24 10 10.17 20150401 99999999
25 1 10.9 20150401 99999999
25 2 10.72 20150401 99999999
25 3 10.68 20150401 99999999
25 4 10.54 20150401 99999999
25 6 10.45 20150401 99999999
25 8 10.27 20150401 99999999
25 9 10 20150401 99999999
25 10 10.14 20150401 99999999
26 1 10.9 20150401 99999999
26 2 10.72 20150401 99999999
26 3 10.68 20150401 99999999
26 4 10.54 20150401 99999999
26 6 10.45 20150401 99999999
26 8 10.27 20150401 99999999
26 9 10 20150401 99999999
26 10 10.14 20150401 99999999
