000001662014031 00000166 2014 03 21 61 1111 1 13:00 13:45 0073 1 1220 0 _ _ 1 20140618103749 24
000001662014031 00000166 2014 03 28 61 1111 1 13:00 13:45 0073 1 1220 0 _ _ 1 20140618103749 24
000001662014032 00000166 2014 03 21 61 4001 1 _ _ 0073 1 200 0 _ _ 1 20140618103749 24
000001662014041 00000166 2014 04 04 61 1111 1 13:00 13:45 0073 1 1226 0 _ _ 1 20140618104606 24
000001662014041 00000166 2014 04 18 61 1111 1 13:00 13:45 0073 1 1226 0 _ _ 1 20140618104606 24
000001662014041 00000166 2014 04 25 61 1111 1 13:00 13:45 0073 1 1226 0 _ _ 1 20140618104606 24
000001662014051 00000166 2014 05 02 61 1111 1 13:00 13:45 0073 1 1226 0 _ _ 1 20140818180617 24
000001662014051 00000166 2014 05 09 61 1111 1 13:00 13:45 0073 1 1226 0 _ _ 1 20140818180617 24
000001662014051 00000166 2014 05 16 61 1111 1 13:00 13:45 0073 1 1226 0 _ _ 1 20140818180617 24
000001662014051 00000166 2014 05 23 61 1111 1 13:00 13:45 0073 1 1226 0 _ _ 1 20140818180617 24
000001662014051 00000166 2014 05 30 61 1111 1 13:00 13:45 0073 1 1226 0 _ _ 1 20140818180617 24
000001662014071 00000166 2014 07 10 65 1111 1 13:30 16:30 0095 1 2115 0 _ _ 1 20140804174724 25
000001662014071 00000166 2014 07 24 65 1111 1 13:30 16:30 0095 1 2115 0 _ _ 1 20140804174724 25
000001662014071 00000166 2014 07 31 65 1111 1 13:30 16:30 0095 1 2115 0 _ _ 1 20140804174724 25
000001662014072 00000166 2014 07 10 65 5002 1 13:30 16:30 0095 1 225 0 _ _ 1 20140804174724 25
000001662014072 00000166 2014 07 24 65 5002 1 13:30 16:30 0095 1 225 0 _ _ 1 20140804174724 25
000001662014072 00000166 2014 07 31 65 5002 1 13:30 16:30 0095 1 225 0 _ _ 1 20140804174724 25
000001662014073 00000166 2014 07 10 65 5004 1 13:30 16:30 0095 1 150 0 _ _ 1 20140804174724 25
000001662014073 00000166 2014 07 24 65 5004 1 13:30 16:30 0095 1 150 0 _ _ 1 20140804174724 25
000001662014073 00000166 2014 07 31 65 5004 1 13:30 16:30 0095 1 150 0 _ _ 1 20140804174724 25
