00000048 20121009 20121010 久保田孝夫 本人 1 2014052800000000 00078
00000048 20121009 20121010 小沼智子 グランクレール・ケアサービス美しが丘（ケアプラン） 1 2014052800000000 00078
00000048 20121009 20121010 山岸綾子 グランクレール・ケアサービス美しが丘 1 2014052800000000 00078
00000048 20121009 20121010 臼井管理者 グランクレール・ケアサービス美しが丘 1 2014052800000000 00078
00000048 20130419 20121010 久保田孝夫 本人 1 2014052800000000 00078
00000048 20130419 20121010 小沼智子 グランクレール・ケアサービス美しが丘（ケアプラン） 1 2014052800000000 00078
00000048 20130419 20121010 山岸綾子 グランクレール・ケアサービス美しが丘 1 2014052800000000 00078
00000048 20130419 20121010 臼井管理者 グランクレール・ケアサービス美しが丘 1 2014052800000000 00078
00000048 20130419 20130424 久保田孝夫 本人 1 2014052800000000 00078
00000048 20130419 20130424 久保田相談員 グランクレール美しが丘 1 2014052800000000 00078
00000048 20130419 20130424 山岸綾子 グランクレール・ケアサービス横浜 1 2014052800000000 00078
00000048 20130419 20130424 根藤福祉用具専門相談員 メディケアセンター新横浜 1 2014052800000000 00078
00000048 20130419 20130424 臼井管理者 グランクレール・ケアサービス横浜 1 2014052800000000 00078
00000048 20130419 20130424 金武管理者 デイサービス慶 1 2014052800000000 00078
