00000110 0070 2013 07 0000042 14 00035 _ _ _ _ _ 0 _ 1 11 9 20140728192337 00034
00000110 0070 2013 07 0000043 16 00041 _ _ _ _ _ 0 _ 1 11 9 20140728192337 00034
00000110 0070 2013 07 0000044 19 00035 _ _ _ _ _ 0 _ 1 11 9 20140728192337 00034
00000110 0070 2013 07 0000045 23 00041 _ _ _ _ _ 0 _ 1 11 9 20140728192337 00034
00000110 0070 2013 07 0000046 26 00035 _ _ _ _ _ 0 _ 1 11 9 20140728192337 00034
00000110 0070 2013 07 0000047 30 00041 _ _ _ _ _ 0 _ 1 11 9 20140728192337 00034
00000110 0070 2013 09 0000048 14 00035 _ 16:15 17:15 _ _ 0 7311 1 11 1 20140701110627 00034
00000110 0070 2013 09 0000049 16 00041 _ 09:00 10:00 _ _ 0 7311 1 11 1 20140701110627 00034
00000110 0070 2013 09 0000050 19 00035 _ 09:00 10:00 _ _ 0 7311 1 11 1 20140701110627 00034
00000110 0070 2013 09 0000051 23 00041 _ 09:00 10:00 _ _ 0 7311 1 11 1 20140701110627 00034
00000110 0070 2013 09 0000052 26 00035 _ 09:00 10:00 _ _ 0 7311 1 11 1 20140701110627 00034
00000110 0070 2013 09 0000053 30 00041 _ 09:00 10:00 _ _ 0 7311 1 11 1 20140701110627 00034
00000110 0070 2013 10 0000054 03 00035 _ 09:00 10:00 _ _ 0 7311 1 11 1 20140701110905 00034
00000110 0070 2013 10 0000055 07 00041 _ 09:00 10:00 _ _ 0 7311 1 11 1 20140701110905 00034
00000110 0070 2013 10 0000056 10 00035 _ 09:00 10:00 _ _ 0 7311 1 11 1 20140701110905 00034
00000110 0070 2013 10 0000057 14 00041 _ 09:00 10:00 _ _ 0 7311 1 11 1 20140701110905 00034
00000110 0070 2013 10 0000058 17 00035 _ 09:00 10:00 _ _ 0 7311 1 11 1 20140701110905 00034
00000110 0070 2013 10 0000059 21 00041 _ 09:00 10:00 _ _ 0 7311 1 11 1 20140701110905 00034
00000110 0070 2013 10 0000060 24 00035 _ 09:00 10:00 _ _ 0 7311 1 11 1 20140701110905 00034
00000110 0070 2013 10 0000061 28 00041 _ 09:00 10:00 _ _ 0 7311 1 11 1 20140701110905 00034
00000110 0070 2013 10 0000062 31 00035 _ 09:00 10:30 _ _ 0 7311 1 11 1 20140701110905 00034
00000110 0070 2013 11 0000063 04 00041 _ 09:00 10:00 _ _ 0 7311 1 11 1 20140701111154 00034
00000110 0070 2013 11 0000064 07 00035 _ 09:00 10:30 _ _ 0 4211 1 11 1 20140701111154 00034
00000110 0070 2013 11 0000065 11 00041 _ 09:00 10:00 _ _ 0 7311 1 11 1 20140701111154 00034
00000110 0070 2013 11 0000066 14 00037 _ 09:00 10:30 _ _ 0 4211 1 11 1 20140701111154 00034
00000110 0070 2013 11 0000067 18 00041 _ 09:00 10:00 _ _ 0 7311 1 11 1 20140701111154 00034
00000110 0070 2013 11 0000068 21 00037 _ 09:00 10:30 _ _ 0 4211 1 11 1 20140701111154 00034
00000110 0070 2013 11 0000069 25 00041 _ 09:00 10:00 _ _ 0 7311 1 11 1 20140701111154 00034
00000110 0070 2013 11 0000070 28 00037 _ 09:00 10:30 _ _ 0 4211 1 11 1 20140701111154 00034
00000110 0070 2013 12 0000071 02 00041 _ 08:20 09:10 _ _ 0 7311 1 11 1 20140701111528 00034
00000110 0070 2013 12 0000072 05 00037 _ 09:00 10:30 _ _ 0 4211 1 11 1 20140701111528 00034
00000110 0070 2013 12 0000073 09 00041 _ 08:50 09:50 _ _ 0 7311 1 11 1 20140701111528 00034
00000110 0070 2013 12 0000074 12 00037 _ 09:00 10:30 _ _ 0 4211 1 11 1 20140701111528 00034
00000110 0070 2013 12 0000075 16 00041 _ 08:30 10:00 _ _ 0 4211 1 11 1 20140701111528 00034
00000110 0070 2013 12 0000076 19 00037 _ 09:00 10:30 _ _ 0 4211 1 11 1 20140701111528 00034
00000110 0070 2013 12 0000077 23 00041 _ 08:30 10:00 _ _ 0 4211 1 11 1 20140701111528 00034
00000110 0070 2013 12 0000078 26 00035 _ 09:00 10:30 _ _ 0 4211 1 11 1 20140701111528 00034
00000110 0070 2013 12 0000079 30 00041 _ 08:30 10:00 _ _ 0 4211 1 11 1 20140701111528 00034
00000110 0070 2014 01 0000002 02 00037 _ 09:00 10:30 _ _ 0 4211 1 11 1 20140620103854 00078
00000110 0070 2014 01 0000003 06 00041 _ 08:30 10:00 _ _ 0 4211 1 11 1 20140620103854 00078
00000110 0070 2014 01 0000004 09 00035 _ 09:00 10:30 _ _ 0 4211 1 11 1 20140620103854 00078
00000110 0070 2014 01 0000005 13 00041 _ 08:30 10:00 _ _ 0 4211 1 11 1 20140620103854 00078
00000110 0070 2014 01 0000006 16 00045 _ 09:00 10:30 _ _ 0 4211 1 11 1 20140620103854 00078
00000110 0070 2014 01 0000007 20 00041 _ 08:30 10:00 _ _ 0 4211 1 11 1 20140620103854 00078
00000110 0070 2014 01 0000008 23 00045 _ 09:00 10:30 _ _ 0 4211 1 11 1 20140620103854 00078
00000110 0070 2014 01 0000009 27 00041 _ 08:30 10:00 _ _ 0 4211 1 11 1 20140620103854 00078
00000110 0070 2014 01 0000010 30 00045 _ 09:00 10:30 _ _ 0 4211 1 11 1 20140620103854 00078
00000110 0070 2014 02 0000011 03 00041 _ 08:40 10:00 _ _ 0 4211 1 11 1 20140620104305 00078
00000110 0070 2014 02 0000012 06 00037 _ 08:30 10:00 _ _ 0 4211 1 11 1 20140620104305 00078
00000110 0070 2014 02 0000013 10 00041 _ 08:30 10:00 _ _ 0 4211 1 11 1 20140620104305 00078
00000110 0070 2014 02 0000014 13 00045 _ 09:00 10:30 _ _ 0 4211 1 11 1 20140620104305 00078
00000110 0070 2014 02 0000015 17 00041 _ 08:30 10:00 _ _ 0 4211 1 11 1 20140620104305 00078
00000110 0070 2014 02 0000016 20 00045 _ 09:00 10:30 _ _ 0 4211 1 11 1 20140620104305 00078
00000110 0070 2014 02 0000017 24 00041 _ 08:30 10:00 _ _ 0 4211 1 11 1 20140620104305 00078
00000110 0070 2014 02 0000018 27 00045 _ 09:00 10:30 _ _ 0 4211 1 11 1 20140620104305 00078
00000110 0070 2014 03 0000019 03 00041 _ 08:30 10:00 _ _ 0 4211 1 11 1 20140620104544 00078
00000110 0070 2014 03 0000020 06 00045 _ 09:00 10:30 _ _ 0 4211 1 11 1 20140620104544 00078
00000110 0070 2014 03 0000021 10 00041 _ 08:30 10:00 _ _ 0 4211 1 11 1 20140620104544 00078
00000110 0070 2014 03 0000022 13 00045 _ 09:00 10:30 _ _ 0 4211 1 11 1 20140620104544 00078
00000110 0070 2014 03 0000023 17 00041 _ 08:30 10:00 _ _ 0 4211 1 11 1 20140620104544 00078
00000110 0070 2014 03 0000024 20 00045 _ 09:00 10:30 _ _ 0 4211 1 11 1 20140620104544 00078
00000110 0070 2014 03 0000025 24 00041 _ 08:30 10:00 _ _ 0 4211 1 11 1 20140620104544 00078
00000110 0070 2014 03 0000026 27 00045 _ 09:00 10:30 _ _ 0 4211 1 11 1 20140620104544 00078
00000110 0070 2014 03 0000027 31 00041 _ 08:30 10:00 _ _ 0 4211 1 11 1 20140620104544 00078
00000110 0070 2014 04 0000028 03 00045 _ 08:30 09:30 _ _ 0 4111 1 11 1 20140620104800 00078
00000110 0070 2014 04 0000029 07 00041 _ 08:30 09:50 _ _ 0 4211 1 11 1 20140620104800 00078
00000110 0070 2014 04 0000030 10 00045 _ 09:00 10:30 _ _ 0 4211 1 11 1 20140620104800 00078
00000110 0070 2014 04 0000031 14 00041 _ 08:30 10:00 _ _ 0 4211 1 11 1 20140620104800 00078
00000110 0070 2014 04 0000032 17 00045 _ 09:00 10:30 _ _ 0 4211 1 11 1 20140620104800 00078
00000110 0070 2014 04 0000033 21 00041 _ 08:30 10:00 _ _ 0 4211 1 11 1 20140620104800 00078
00000110 0070 2014 04 0000034 24 00045 _ 09:00 10:00 _ _ 0 4111 1 11 1 20140620104800 00078
00000110 0070 2014 04 0000035 28 00041 _ 08:30 10:00 _ _ 0 4211 1 11 1 20140620104800 00078
00000110 0070 2014 05 0000036 01 00045 _ 09:00 10:30 _ _ 0 4211 1 11 1 20140818150240 00034
00000110 0070 2014 05 0000037 05 00041 _ 08:30 10:00 _ _ 0 4211 1 11 1 20140818150240 00034
00000110 0070 2014 05 0000038 08 00045 _ 09:00 10:30 _ _ 0 4211 1 11 1 20140818150240 00034
00000110 0070 2014 05 0000039 11 00041 _ 08:30 10:00 _ _ 0 4211 1 11 1 20140818150240 00034
00000110 0070 2014 05 0000040 15 00045 _ 09:00 10:30 _ _ 0 4211 1 11 1 20140818150240 00034
00000110 0070 2014 05 0000041 19 00041 _ 08:30 10:00 _ _ 0 4211 1 11 1 20140818150240 00034
00000110 0070 2014 05 0000081 22 00045 _ 08:45 10:10 4 _ 0 4211 1 11 1 20140818150240 00034
00000110 0070 2014 05 0000082 26 00041 _ 08:30 10:00 4 _ 0 4211 1 11 1 20140818150240 00034
00000110 0070 2014 05 0000083 29 00045 _ 09:00 10:30 4 _ 0 4211 1 11 1 20140818150240 00034
00000110 0070 2014 06 0000002 02 00041 _ 08:30 10:00 4 _ 0 4211 1 11 1 20140628123331 00035
00000110 0070 2014 06 0000003 05 00045 _ 09:00 10:29 4 _ 0 4211 1 11 1 20140628123331 00035
00000110 0070 2014 06 0000004 09 00041 _ 08:30 09:59 4 _ 0 4211 1 11 1 20140628123331 00035
00000110 0070 2014 06 0000005 12 00045 _ 09:00 10:29 4 _ 0 4211 1 11 1 20140628123331 00035
00000110 0070 2014 06 0000006 16 00041 _ 08:30 09:59 4 _ 0 4211 1 11 1 20140628123331 00035
00000110 0070 2014 06 0000007 19 00045 _ 09:00 10:29 4 _ 0 4211 1 11 1 20140628123331 00035
00000110 0070 2014 06 0000008 23 00041 _ 08:30 09:59 4 _ 0 4211 1 11 1 20140628123331 00035
00000110 0070 2014 06 0000009 26 00045 _ 09:00 10:29 4 _ 0 4211 1 11 1 20140628122928 00035
00000110 0070 2014 08 0000080 01 00011 00031 10:00 13:00 1 _ 0 1711 1 11 1 20140811165009 00078
