00000304 0070 2014 06 0000002 17 00038 _ 16:00 16:59 2 _ 0 7311 1 11 1 20140830201312 00038
00000304 0070 2014 06 0000003 20 00038 _ 16:15 17:14 2 _ 0 7311 1 11 1 20140830201312 00038
00000304 0070 2014 06 0000004 24 00037 _ 16:00 16:59 2 _ 0 7311 1 11 1 20140830201312 00038
00000304 0070 2014 06 0000005 27 00037 _ 16:15 17:14 2 _ 0 7311 1 11 1 20140830201312 00038
00000304 0070 2014 07 0000006 01 00038 _ 16:00 16:59 2 _ 0 7311 1 11 1 20140830201224 00038
00000304 0070 2014 07 0000007 04 00035 _ 16:15 17:14 2 _ 0 7311 1 11 1 20140830201224 00038
00000304 0070 2014 07 0000008 08 00037 _ 16:00 16:59 2 _ 0 7311 1 11 1 20140830201224 00038
00000304 0070 2014 07 0000009 15 00038 _ 16:00 16:59 2 _ 0 7311 1 11 1 20140830201224 00038
00000304 0070 2014 07 0000010 11 00037 _ 16:15 17:14 2 _ 0 7311 1 11 1 20140830201224 00038
00000304 0070 2014 07 0000011 18 00037 _ 16:15 17:14 2 _ 0 7311 1 11 1 20140830201224 00038
00000304 0070 2014 07 0000012 22 00035 _ 16:00 16:59 2 _ 0 7311 1 11 1 20140830201224 00038
00000304 0070 2014 07 0000013 25 00038 _ 16:15 17:14 2 _ 0 7311 1 11 1 20140830201224 00038
00000304 0070 2014 07 0000014 29 00100 _ 16:00 16:59 2 _ 0 7311 1 11 1 20140830201224 00038
