000003172014071 00000317 2014 07 11 15 1242 1 09:30 12:35 0326 1 533 0 _ _ 1 20140802195138 39
000003172014071 00000317 2014 07 15 15 1242 1 09:30 12:35 0326 1 533 0 _ _ 1 20140802195138 39
000003172014071 00000317 2014 07 18 15 1242 1 09:30 12:35 0326 1 533 0 _ _ 1 20140802195138 39
000003172014071 00000317 2014 07 22 15 1242 1 09:30 12:35 0326 1 533 0 _ _ 1 20140802195138 39
000003172014071 00000317 2014 07 25 15 1242 1 09:30 12:35 0326 1 533 0 _ _ 1 20140802195138 39
000003172014081 00000317 2014 08 01 15 1242 1 09:30 12:35 0326 1 533 0 _ _ 1 20140902084823 39
000003172014081 00000317 2014 08 19 15 1242 1 09:30 12:35 0326 1 533 0 _ _ 1 20140902084823 39
000003172014081 00000317 2014 08 29 15 1242 1 09:30 12:35 0326 1 533 0 _ _ 1 20140902084823 39
000003172014091 00000317 2014 09 30 15 1242 1 09:30 12:35 0326 1 533 0 _ _ 1 20141002171653 39
000003172014101 00000317 2014 10 07 15 1242 1 09:30 12:35 0326 1 533 0 _ _ 1 20141104120117 39
000003172014101 00000317 2014 10 14 15 1242 1 09:30 12:35 0326 1 533 0 _ _ 1 20141104120117 39
