00000046 0070 2014 06 0000002 04 00041 _ 09:15 10:14 2 _ 0 7311 1 11 1 20140701101255 00034
00000046 0070 2014 06 0000003 11 00041 _ 09:15 10:14 2 _ 0 7311 1 11 1 20140701101255 00034
00000046 0070 2014 06 0000004 13 00034 _ 13:30 14:45 1 _ 0 1311 1 11 1 20140701101255 00034
00000046 0070 2014 06 0000005 18 00041 _ 09:15 10:14 2 _ 0 7311 1 11 1 20140701101255 00034
00000046 0070 2014 06 0000006 25 00041 _ 09:15 10:14 2 _ 0 7311 1 11 1 20140701101255 00034
00000046 0070 2014 07 0000007 02 00041 _ 09:15 10:14 2 _ 0 7311 1 11 1 20140731102608 00035
00000046 0070 2014 07 0000008 04 00035 _ 13:30 14:59 1 _ 0 1311 1 11 1 20140731102608 00035
00000046 0070 2014 07 0000009 09 00041 _ 09:15 10:14 2 _ 0 7311 1 11 1 20140731102608 00035
00000046 0070 2014 07 0000010 16 00041 _ 09:15 10:14 2 _ 0 7311 1 11 1 20140731102608 00035
00000046 0070 2014 07 0000011 18 00037 _ 13:30 14:59 1 _ 0 1311 1 11 1 20140731102608 00035
00000046 0070 2014 07 0000012 23 00041 _ 09:15 10:14 2 _ 0 7311 1 11 1 20140731102608 00035
00000046 0070 2014 07 0000013 30 00041 _ 09:15 10:14 2 _ 0 7311 1 11 1 20140731102608 00035
00000046 0070 2014 08 0000014 06 00041 _ 09:15 10:14 2 _ 0 7311 1 11 1 20140808100107 00035
