1 00000201 2011 11 11 0029 グランクレール・ケアサービス馬事公苑 1211 身体介護２ 402 0 402 12 4824 0 4824 4824 0 11.26 54318 90 48886 5432 0 n n 0 1 20141126120332 00078
1 00000202 2011 11 11 0029 グランクレール・ケアサービス馬事公苑 1111 身体介護１ 254 0 254 77 19558 0 19558 19558 0 11.26 220223 90 198200 22023 0 n n 0 1 20141127134725 00078
1 00000203 2011 11 11 0029 グランクレール・ケアサービス馬事公苑 1111 身体介護１ 254 0 254 16 4064 0 4064 4064 0 11.26 45760 90 41184 4576 0 n n 0 1 20141127140750 00078
1 00000204 2011 11 11 0029 グランクレール・ケアサービス馬事公苑 1111 身体介護１ 254 0 254 36 9144 0 9144 9144 0 11.26 102961 90 92664 10297 0 n n 0 1 20141127142327 00078
1 00000205 2011 11 11 0029 グランクレール・ケアサービス馬事公苑 1311 身体介護３ 584 0 584 8 4672 0 4672 4672 0 11.26 52606 90 47345 5261 0 n n 0 1 20141127142555 00078
1 00000206 2011 11 11 0029 グランクレール・ケアサービス馬事公苑 1211 身体介護２ 402 0 402 12 4824 0 4824 4824 0 11.26 54318 90 48886 5432 0 n n 0 1 20141127143144 00078
1 00000213 2011 11 11 0029 グランクレール・ケアサービス馬事公苑 1211 身体介護２ 402 0 402 9 3618 0 3618 3618 0 11.26 40738 90 36664 4074 0 n n 0 1 20141127143956 00078
2 00000201 2011 11 11 0029 グランクレール・ケアサービス馬事公苑 7211 生活援助２ 229 0 229 6 1374 0 1374 1374 0 11.26 15471 90 13923 1548 0 n n 0 1 20141126120332 00078
2 00000202 2011 11 11 0029 グランクレール・ケアサービス馬事公苑 1112 身体介護１・夜 318 0 318 21 6678 0 6678 6678 0 11.26 75194 90 67674 7520 0 n n 0 1 20141127134725 00078
2 00000203 2011 11 11 0029 グランクレール・ケアサービス馬事公苑 1112 身体介護１・夜 318 0 318 19 6042 0 6042 6042 0 11.26 68032 90 61228 6804 0 n n 0 1 20141127140750 00078
2 00000204 2011 11 11 0029 グランクレール・ケアサービス馬事公苑 1112 身体介護１・夜 318 0 318 21 6678 0 6678 6678 0 11.26 75194 90 67674 7520 0 n n 0 1 20141127142327 00078
2 00000205 2011 11 11 0029 グランクレール・ケアサービス馬事公苑 7211 生活援助２ 229 0 229 2 458 0 458 458 0 11.26 5157 90 4641 516 0 n n 0 1 20141127142555 00078
2 00000206 2011 11 11 0029 グランクレール・ケアサービス馬事公苑 7311 生活援助３ 291 0 291 5 1455 0 1455 1455 0 11.26 16383 90 14744 1639 0 n n 0 1 20141127143144 00078
2 00000213 2011 11 11 0029 グランクレール・ケアサービス馬事公苑 4111 身体１生活１ 337 0 337 9 3033 0 3033 3033 0 11.26 34151 90 30735 3416 0 n n 0 1 20141127143956 00078
3 00000202 2011 11 11 0029 グランクレール・ケアサービス馬事公苑 1221 身体介護２・２人 804 0 804 9 7236 0 7236 7236 0 11.26 81477 90 73329 8148 0 n n 0 1 20141127134725 00078
3 00000203 2011 11 11 0029 グランクレール・ケアサービス馬事公苑 1211 身体介護２ 402 0 402 6 2412 0 2412 2412 0 11.26 27159 90 24443 2716 0 n n 0 1 20141127140750 00078
3 00000204 2011 11 11 0029 グランクレール・ケアサービス馬事公苑 4111 身体１生活１ 337 0 337 5 1685 0 1685 1685 0 11.26 18973 90 17075 1898 0 n n 0 1 20141127142327 00078
3 00000205 2011 11 11 0029 グランクレール・ケアサービス馬事公苑 7311 生活援助３ 291 0 291 1 291 0 291 291 0 11.26 3276 90 2948 328 0 n n 0 1 20141127142555 00078
4 00000203 2011 11 11 0029 グランクレール・ケアサービス馬事公苑 4111 身体１生活１ 337 0 337 34 11458 0 11458 11458 0 11.26 129017 90 116115 12902 0 n n 0 1 20141127140750 00078
5 00000203 2011 11 11 0029 グランクレール・ケアサービス馬事公苑 6111 身体３生活１ 667 0 667 4 2668 0 2668 2668 0 11.26 30041 90 27036 3005 0 n g 0 1 20141127140750 00078
