00000002 2014 01 04 09:30 10:29 61 1111 0073 10.84 1 1220 1 20140610174931 00034
00000002 2014 01 11 09:30 10:29 61 1111 0073 10.84 1 1220 1 20140610174931 00034
00000002 2014 01 18 09:30 10:29 61 1111 0073 10.84 1 1220 1 20140610174931 00034
00000002 2014 01 25 14:00 15:00 61 1111 0073 10.84 1 1220 1 20140610174931 00034
00000002 2014 01 25 14:00 15:59 61 1111 0073 10.84 1 1220 1 20140610174333 00078
00000007 2014 01 06 14:00 15:00 61 1111 0073 10.84 1 1220 1 20140619182608 00034
00000007 2014 01 17 14:00 15:00 61 1111 0073 10.84 1 1220 1 20140619182608 00034
00000007 2014 01 24 14:00 15:00 61 1111 0073 10.84 1 1220 1 20140619182608 00034
00000007 2014 01 31 14:00 15:00 61 1111 0073 10.84 1 1220 1 20140619182608 00034
00000013 2014 01 04 14:00 15:00 11 7311 0070 10.84 1 235 1 20140619183525 00034
00000013 2014 01 07 14:00 15:00 11 7311 0070 10.84 1 235 1 20140619183525 00034
00000013 2014 01 11 14:00 15:00 11 7311 0070 10.84 1 235 1 20140619183525 00034
00000013 2014 01 14 14:00 15:00 11 7311 0070 10.84 1 235 1 20140619183525 00034
00000013 2014 01 18 14:00 15:00 11 7311 0070 10.84 1 235 1 20140619183525 00034
00000013 2014 01 21 14:00 15:00 11 7311 0070 10.84 1 235 1 20140619183525 00034
00000013 2014 01 25 14:00 15:00 11 7311 0070 10.84 1 235 1 20140619183525 00034
00000013 2014 01 28 14:00 15:00 11 7311 0070 10.84 1 235 1 20140619183525 00034
00000015 2014 01 07 13:15 15:05 11 6111 0070 10.84 1 654 1 20140611110118 00034
00000015 2014 01 08 13:00 13:59 11 7311 0070 10.84 1 235 1 20140611110118 00034
00000015 2014 01 14 13:15 15:05 11 6111 0070 10.84 1 654 1 20140611110118 00034
00000015 2014 01 15 13:00 13:59 11 7311 0070 10.84 1 235 1 20140611110118 00034
00000015 2014 01 21 13:15 15:05 11 6111 0070 10.84 1 654 1 20140611110118 00034
00000015 2014 01 22 13:00 13:59 11 7311 0070 10.84 1 235 1 20140611110118 00034
00000015 2014 01 28 13:15 15:05 11 6111 0070 10.84 1 654 1 20140611110118 00034
00000015 2014 01 29 11:00 12:00 11 7311 0070 10.84 1 235 1 20140611110118 00034
00000016 2014 01 04 10:45 11:44 61 1111 0073 10.84 1 1220 1 20140611115903 00034
00000016 2014 01 11 10:45 11:44 61 1111 0073 10.84 1 1220 1 20140611115903 00034
00000016 2014 01 18 10:45 11:44 61 1111 0073 10.84 1 1220 1 20140611115903 00034
00000016 2014 01 25 10:45 11:44 61 1111 0073 10.84 1 1220 1 20140611115903 00034
00000018 2014 01 08 14:00 15:00 11 7311 0070 10.84 1 235 1 20140611121714 00034
00000018 2014 01 15 14:00 15:00 11 7311 0070 10.84 1 235 1 20140611121714 00034
00000018 2014 01 22 14:00 15:00 11 7311 0070 10.84 1 235 1 20140611121714 00034
00000018 2014 01 29 13:00 14:00 11 7311 0070 10.84 1 235 1 20140611121714 00034
00000025 2014 01 06 13:30 15:20 11 5211 0070 10.84 1 542 1 20140619184826 00034
00000025 2014 01 09 13:30 15:20 11 5211 0070 10.84 1 542 1 20140619184826 00034
00000025 2014 01 13 13:30 15:20 11 5211 0070 10.84 1 542 1 20140619184826 00034
00000025 2014 01 16 13:30 15:20 11 5211 0070 10.84 1 542 1 20140619184826 00034
00000025 2014 01 20 13:30 15:20 11 5211 0070 10.84 1 542 1 20140619184826 00034
00000025 2014 01 23 13:30 15:20 11 5211 0070 10.84 1 542 1 20140619184826 00034
00000025 2014 01 27 13:30 15:20 11 5211 0070 10.84 1 542 1 20140619184826 00034
00000025 2014 01 30 13:30 15:20 11 5211 0070 10.84 1 542 1 20140619184826 00034
00000026 2014 01 06 13:30 14:30 11 7311 0070 10.84 1 235 1 20140611133739 00034
00000026 2014 01 13 13:30 14:30 11 7311 0070 10.84 1 235 1 20140611133739 00034
00000026 2014 01 20 13:30 14:30 11 7311 0070 10.84 1 235 1 20140611133739 00034
00000026 2014 01 28 13:30 14:30 11 7311 0070 10.84 1 235 1 20140611133739 00034
00000027 2014 01 05 10:00 11:00 11 7311 0070 10.84 1 235 1 20140611143726 00034
00000027 2014 01 08 09:30 10:30 11 7311 0070 10.84 1 235 1 20140611143726 00034
00000027 2014 01 12 10:05 11:05 11 7311 0070 10.84 1 235 1 20140611143726 00034
00000027 2014 01 15 09:30 10:30 11 7311 0070 10.84 1 235 1 20140611143726 00034
00000027 2014 01 19 10:00 11:00 11 7311 0070 10.84 1 235 1 20140611143726 00034
00000027 2014 01 22 09:30 10:30 11 7311 0070 10.84 1 235 1 20140611143726 00034
00000027 2014 01 26 10:00 11:00 11 7311 0070 10.84 1 235 1 20140611143726 00034
00000027 2014 01 30 10:45 11:45 11 7311 0070 10.84 1 235 1 20140611143726 00034
00000035 2014 01 09 11:30 12:30 61 1111 0073 10.84 1 1220 1 20140611174205 00034
00000035 2014 01 16 11:30 12:30 61 1111 0073 10.84 1 1220 1 20140611174205 00034
00000035 2014 01 23 11:30 12:30 61 1111 0073 10.84 1 1220 1 20140611174205 00034
00000035 2014 01 30 11:30 12:30 61 1111 0073 10.84 1 1220 1 20140611174205 00034
00000042 2014 01 04 09:00 09:59 11 7311 0070 10.84 1 235 1 20140619190802 00034
00000042 2014 01 04 09:00 10:00 61 1111 0073 10.84 1 1220 1 20140820135910 00034
00000042 2014 01 11 09:00 09:59 11 7311 0070 10.84 1 235 1 20140619190802 00034
00000042 2014 01 11 09:00 10:00 61 1111 0073 10.84 1 1220 1 20140820135910 00034
00000042 2014 01 18 09:00 09:59 11 7311 0070 10.84 1 235 1 20140619190802 00034
00000042 2014 01 18 09:00 10:00 61 1111 0073 10.84 1 1220 1 20140820135910 00034
00000042 2014 01 25 09:00 09:59 11 7311 0070 10.84 1 235 1 20140619190802 00034
00000042 2014 01 25 09:00 10:00 61 1111 0073 10.84 1 1220 1 20140820135910 00034
00000046 2014 01 08 09:15 10:15 11 7311 0070 10.84 1 235 1 20140611180253 00034
00000046 2014 01 10 13:30 14:59 11 1311 0070 10.84 1 584 1 20140611180253 00034
00000046 2014 01 15 09:15 10:15 11 7311 0070 10.84 1 235 1 20140611180253 00034
00000046 2014 01 22 09:15 10:15 11 7311 0070 10.84 1 235 1 20140611180253 00034
00000046 2014 01 24 13:30 14:59 11 1311 0070 10.84 1 584 1 20140611180253 00034
00000046 2014 01 29 09:15 10:15 11 7311 0070 10.84 1 235 1 20140611180253 00034
00000047 2014 01 06 15:15 16:14 11 1211 0070 10.84 1 402 1 20140612104633 00034
00000047 2014 01 13 15:15 16:14 11 1211 0070 10.84 1 402 1 20140612104633 00034
00000047 2014 01 20 15:15 16:14 11 1211 0070 10.84 1 402 1 20140612104633 00034
00000047 2014 01 27 15:15 16:14 11 1211 0070 10.84 1 402 1 20140612104633 00034
00000048 2014 01 04 09:00 10:00 61 1211 0073 10.84 1 2440 1 20140612112042 00034
00000048 2014 01 11 09:00 10:00 61 1211 0073 10.84 1 2440 1 20140612112042 00034
00000048 2014 01 14 09:00 09:50 61 1211 0073 10.84 1 2440 1 20140612112042 00034
00000048 2014 01 18 09:00 10:00 61 1211 0073 10.84 1 2440 1 20140612112042 00034
00000048 2014 01 21 09:00 10:00 61 1211 0073 10.84 1 2440 1 20140612112042 00034
00000048 2014 01 25 09:00 10:00 61 1211 0073 10.84 1 2440 1 20140612112042 00034
00000051 2014 01 09 09:00 10:00 61 1111 0073 10.84 1 1220 1 20140612115526 00034
00000051 2014 01 16 09:00 10:00 61 1111 0073 10.84 1 1220 1 20140612115526 00034
00000051 2014 01 23 09:00 10:00 61 1111 0073 10.84 1 1220 1 20140612115526 00034
00000051 2014 01 30 09:00 10:00 61 1111 0073 10.84 1 1220 1 20140612115526 00034
00000060 2014 01 02 16:00 17:00 61 1321 0073 10.84 1 3870 1 20140612154342 00034
00000060 2014 01 04 16:00 17:00 61 1321 0073 10.84 1 3870 1 20140612154342 00034
00000060 2014 01 07 16:30 17:20 61 1321 0073 10.84 1 3870 1 20140612154342 00034
00000060 2014 01 09 16:00 17:00 61 1321 0073 10.84 1 3870 1 20140612154342 00034
00000060 2014 01 11 16:00 17:00 61 1321 0073 10.84 1 3870 1 20140612154342 00034
00000060 2014 01 14 16:30 17:30 61 1321 0073 10.84 1 3870 1 20140612154342 00034
00000060 2014 01 16 16:00 17:00 61 1321 0073 10.84 1 3870 1 20140612154342 00034
00000060 2014 01 18 16:00 17:00 61 1321 0073 10.84 1 3870 1 20140612154342 00034
00000060 2014 01 21 16:30 17:30 61 1321 0073 10.84 1 3870 1 20140612154342 00034
00000060 2014 01 23 16:00 17:00 61 1321 0073 10.84 1 3870 1 20140612154342 00034
00000060 2014 01 25 16:00 17:00 61 1321 0073 10.84 1 3870 1 20140612154342 00034
00000060 2014 01 28 16:30 17:30 61 1321 0073 10.84 1 3870 1 20140612154342 00034
00000060 2014 01 30 16:00 17:00 61 1321 0073 10.84 1 3870 1 20140612154342 00034
00000062 2014 01 05 14:00 15:00 11 7311 0070 10.84 1 235 1 20140612165935 00034
00000062 2014 01 12 14:00 15:00 11 7311 0070 10.84 1 235 1 20140612165935 00034
00000062 2014 01 19 14:00 15:00 11 7311 0070 10.84 1 235 1 20140612165935 00034
00000062 2014 01 26 14:00 15:00 11 7311 0070 10.84 1 235 1 20140612165935 00034
00000064 2014 01 08 17:00 18:00 61 1111 0073 10.84 1 1220 1 20140612180045 00034
00000064 2014 01 13 10:15 11:15 61 1111 0073 10.84 1 1220 1 20140612180045 00034
00000064 2014 01 20 10:15 11:15 61 1111 0073 10.84 1 1220 1 20140612180045 00034
00000064 2014 01 27 10:06 11:06 61 1111 0073 10.84 1 1220 1 20140612180045 00034
00000065 2014 01 10 15:15 16:15 61 1111 0073 10.84 1 1220 1 20140612181643 00034
00000065 2014 01 17 15:15 16:15 61 1111 0073 10.84 1 1220 1 20140612181643 00034
00000065 2014 01 24 15:15 16:15 61 1111 0073 10.84 1 1220 1 20140612181643 00034
00000065 2014 01 31 15:15 16:15 61 1111 0073 10.84 1 1220 1 20140612181643 00034
00000067 2014 01 07 09:50 10:29 11 7211 0070 10.84 1 190 1 20140612190702 00034
00000067 2014 01 12 12:30 13:14 11 7211 0070 10.84 1 190 1 20140612190702 00034
00000067 2014 01 14 09:50 10:29 11 7211 0070 10.84 1 190 1 20140612190702 00034
00000067 2014 01 18 12:45 13:25 11 7211 0070 10.84 1 190 1 20140612190702 00034
00000067 2014 01 21 09:50 10:29 11 7211 0070 10.84 1 190 1 20140612190702 00034
00000067 2014 01 26 12:30 13:10 11 7211 0070 10.84 1 190 1 20140612190702 00034
00000067 2014 01 28 09:50 10:29 11 7211 0070 10.84 1 190 1 20140612190702 00034
00000070 2014 01 03 13:30 14:30 61 1211 0073 10.84 1 2440 1 20140613103612 00034
00000070 2014 01 07 09:00 11:00 61 1211 0073 10.84 1 2440 1 20140613103612 00034
00000070 2014 01 10 13:30 14:30 61 1211 0073 10.84 1 2440 1 20140613103612 00034
00000070 2014 01 14 11:00 12:00 61 1211 0073 10.84 1 2440 1 20140613103612 00034
00000070 2014 01 17 13:30 14:30 61 1211 0073 10.84 1 2440 1 20140613103612 00034
00000070 2014 01 21 11:00 12:00 61 1211 0073 10.84 1 2440 1 20140613103612 00034
00000070 2014 01 24 13:30 14:30 61 1211 0073 10.84 1 2440 1 20140613103612 00034
00000070 2014 01 28 11:00 12:00 61 1211 0073 10.84 1 2440 1 20140613103612 00034
00000070 2014 01 31 13:30 14:30 61 1211 0073 10.84 1 2440 1 20140613103612 00034
00000071 2014 01 10 09:15 10:15 61 1211 0073 10.84 1 2440 1 20140613111315 00034
00000071 2014 01 11 13:00 14:00 61 1211 0073 10.84 1 2440 1 20140613111315 00034
00000071 2014 01 17 09:15 10:15 61 1211 0073 10.84 1 2440 1 20140613111315 00034
00000071 2014 01 24 09:15 10:15 61 1211 0073 10.84 1 2440 1 20140613111315 00034
00000071 2014 01 25 13:00 14:00 61 1211 0073 10.84 1 2440 1 20140613111315 00034
00000071 2014 01 31 09:15 10:15 61 1211 0073 10.84 1 2440 1 20140613111315 00034
00000072 2014 01 06 16:30 17:30 61 1211 0073 10.84 1 2440 1 20140613114736 00034
00000072 2014 01 10 15:45 16:45 61 1211 0073 10.84 1 2440 1 20140613114736 00034
00000072 2014 01 13 16:30 17:30 61 1211 0073 10.84 1 2440 1 20140613114736 00034
00000072 2014 01 17 15:45 16:45 61 1211 0073 10.84 1 2440 1 20140613114736 00034
00000072 2014 01 20 16:30 17:30 61 1211 0073 10.84 1 2440 1 20140613114736 00034
00000072 2014 01 24 15:45 16:45 61 1211 0073 10.84 1 2440 1 20140613114736 00034
00000072 2014 01 27 16:30 17:30 61 1211 0073 10.84 1 2440 1 20140613114736 00034
00000072 2014 01 31 15:45 16:45 61 1211 0073 10.84 1 2440 1 20140613114736 00034
00000073 2014 01 06 14:50 15:35 61 1111 0073 10.84 1 1220 1 20140613135415 00034
00000073 2014 01 13 14:45 15:30 61 1111 0073 10.84 1 1220 1 20140613135415 00034
00000073 2014 01 20 14:45 15:30 61 1111 0073 10.84 1 1220 1 20140613135415 00034
00000073 2014 01 28 14:45 15:30 61 1111 0073 10.84 1 1220 1 20140613135415 00034
00000074 2014 01 10 17:00 17:45 61 1111 0073 10.84 1 1220 1 20140613143450 00034
00000074 2014 01 17 17:00 17:45 61 1111 0073 10.84 1 1220 1 20140613143450 00034
00000074 2014 01 24 17:00 17:45 61 1111 0073 10.84 1 1220 1 20140613143450 00034
00000074 2014 01 31 17:00 17:45 61 1111 0073 10.84 1 1220 1 20140613143450 00034
00000079 2014 01 09 10:45 11:45 11 7311 0070 10.84 1 235 1 20140613161309 00034
00000079 2014 01 16 10:45 11:45 11 7311 0070 10.84 1 235 1 20140613161309 00034
00000079 2014 01 23 10:45 11:45 11 7311 0070 10.84 1 235 1 20140613161309 00034
00000079 2014 01 30 10:45 11:45 11 7311 0070 10.84 1 235 1 20140613161309 00034
00000080 2014 01 09 13:30 13:40 61 1111 0073 10.84 1 1220 1 20140619191506 00034
00000080 2014 01 16 13:00 13:40 61 1111 0073 10.84 1 1220 1 20140619191506 00034
00000080 2014 01 23 13:00 13:40 61 1111 0073 10.84 1 1220 1 20140619191506 00034
00000080 2014 01 30 13:00 13:40 61 1111 0073 10.84 1 1220 1 20140619191506 00034
00000081 2014 01 03 11:00 12:00 61 1111 0073 10.84 1 1220 1 20140623101257 00034
00000081 2014 01 17 11:00 12:00 61 1111 0073 10.84 1 1220 1 20140623101257 00034
00000081 2014 01 31 11:00 12:00 61 1111 0073 10.84 1 1220 1 20140623101257 00034
00000082 2014 01 04 15:15 16:14 61 1211 0073 10.84 1 2440 1 20140613165029 00034
00000082 2014 01 07 15:15 16:14 61 1211 0073 10.84 1 2440 1 20140613165029 00034
00000082 2014 01 11 15:15 16:14 61 1211 0073 10.84 1 2440 1 20140613165029 00034
00000082 2014 01 14 15:15 16:14 61 1211 0073 10.84 1 2440 1 20140613165029 00034
00000082 2014 01 18 15:15 16:14 61 1211 0073 10.84 1 2440 1 20140613165029 00034
00000082 2014 01 21 15:15 16:14 61 1211 0073 10.84 1 2440 1 20140613165029 00034
00000082 2014 01 25 15:15 16:14 61 1211 0073 10.84 1 2440 1 20140613165029 00034
00000082 2014 01 28 15:15 16:14 61 1211 0073 10.84 1 2440 1 20140613165029 00034
00000085 2014 01 04 13:30 14:30 61 1111 0073 10.84 1 1220 1 20140613182735 00034
00000085 2014 01 11 13:30 14:30 61 1111 0073 10.84 1 1220 1 20140613182735 00034
00000085 2014 01 17 11:00 12:00 61 1111 0073 10.84 1 1220 1 20140613182735 00034
00000085 2014 01 25 13:30 14:30 61 1111 0073 10.84 1 1220 1 20140613182735 00034
00000086 2014 01 10 16:30 17:30 61 1111 0073 10.84 1 1220 1 20140613184947 00034
00000086 2014 01 17 16:30 17:30 61 1111 0073 10.84 1 1220 1 20140613184947 00034
00000086 2014 01 24 16:30 17:30 61 1111 0073 10.84 1 1220 1 20140613184947 00034
00000086 2014 01 31 16:30 17:30 61 1111 0073 10.84 1 1220 1 20140613184947 00034
00000087 2014 01 07 13:30 14:30 61 1111 0073 10.84 1 1220 1 20140620102004 00078
00000087 2014 01 14 13:30 14:30 61 1111 0073 10.84 1 1220 1 20140620102004 00078
00000087 2014 01 21 13:30 14:30 61 1111 0073 10.84 1 1220 1 20140620102004 00078
00000087 2014 01 28 13:30 14:40 61 1111 0073 10.84 1 1220 1 20140620102004 00078
00000090 2014 01 06 11:00 12:29 11 1311 0070 10.84 1 584 1 20140616110053 00034
00000090 2014 01 07 15:45 16:44 11 7311 0070 10.84 1 235 1 20140616110053 00034
00000090 2014 01 08 15:00 16:00 11 7311 0070 10.84 1 235 1 20140616110053 00034
00000090 2014 01 09 11:00 12:29 11 1311 0070 10.84 1 584 1 20140616110053 00034
00000090 2014 01 13 11:00 12:29 11 1311 0070 10.84 1 584 1 20140616110053 00034
00000090 2014 01 14 15:45 16:44 11 7311 0070 10.84 1 235 1 20140616110053 00034
00000090 2014 01 15 15:00 16:00 11 7311 0070 10.84 1 235 1 20140616110053 00034
00000090 2014 01 16 11:00 12:29 11 1311 0070 10.84 1 584 1 20140616110053 00034
00000090 2014 01 20 11:00 12:29 11 1311 0070 10.84 1 584 1 20140616110053 00034
00000090 2014 01 21 15:45 16:44 11 7311 0070 10.84 1 235 1 20140616110053 00034
00000090 2014 01 22 15:00 16:00 11 7311 0070 10.84 1 235 1 20140616110053 00034
00000090 2014 01 23 11:00 12:29 11 1311 0070 10.84 1 584 1 20140616110053 00034
00000090 2014 01 27 11:00 12:29 11 1311 0070 10.84 1 584 1 20140616110053 00034
00000090 2014 01 28 15:45 16:44 11 7311 0070 10.84 1 235 1 20140616110053 00034
00000090 2014 01 29 15:00 16:00 11 7311 0070 10.84 1 235 1 20140616110053 00034
00000090 2014 01 30 11:10 12:39 11 1311 0070 10.84 1 584 1 20140616110053 00034
00000092 2014 01 09 09:15 10:14 61 1111 0073 10.84 1 1220 1 20140616133741 00034
00000092 2014 01 16 09:15 10:14 61 1111 0073 10.84 1 1220 1 20140616133741 00034
00000092 2014 01 23 09:15 10:14 61 1111 0073 10.84 1 1220 1 20140616133741 00034
00000092 2014 01 30 09:15 10:14 61 1111 0073 10.84 1 1220 1 20140616133741 00034
00000094 2014 01 06 09:00 10:00 61 1111 0073 10.84 1 1220 1 20140620102656 00078
00000094 2014 01 13 09:00 10:00 61 1111 0073 10.84 1 1220 1 20140620102656 00078
00000094 2014 01 20 09:00 10:00 61 1111 0073 10.84 1 1220 1 20140620102656 00078
00000094 2014 01 27 09:00 10:00 61 1111 0073 10.84 1 1220 1 20140620102656 00078
00000095 2014 01 09 14:00 14:59 11 7311 0070 10.84 1 235 1 20140616142309 00034
00000095 2014 01 16 14:00 14:59 11 7311 0070 10.84 1 235 1 20140616142309 00034
00000095 2014 01 23 14:00 14:59 11 7311 0070 10.84 1 235 1 20140616142309 00034
00000095 2014 01 30 14:00 14:59 11 7311 0070 10.84 1 235 1 20140616142309 00034
00000096 2014 01 07 11:00 12:00 61 1111 0073 10.84 1 1220 1 20140616145404 00034
00000096 2014 01 21 11:00 12:00 61 1111 0073 10.84 1 1220 1 20140616145404 00034
00000100 2014 01 09 16:00 17:00 61 1111 0073 10.84 1 1220 1 20140616161644 00034
00000100 2014 01 16 16:00 17:00 61 1111 0073 10.84 1 1220 1 20140616161644 00034
00000100 2014 01 23 16:00 17:00 61 1111 0073 10.84 1 1220 1 20140616161644 00034
00000100 2014 01 30 16:00 17:00 61 1111 0073 10.84 1 1220 1 20140616161644 00034
00000107 2014 01 03 16:00 17:45 11 5211 0070 10.84 1 542 1 20140616173014 00034
00000107 2014 01 11 16:00 17:45 11 5211 0070 10.84 1 542 1 20140616173014 00034
00000107 2014 01 17 16:00 17:45 11 5211 0070 10.84 1 542 1 20140616173014 00034
00000107 2014 01 24 16:00 17:45 11 5211 0070 10.84 1 542 1 20140616173014 00034
00000107 2014 01 31 16:00 17:45 11 5211 0070 10.84 1 542 1 20140616173014 00034
00000110 2014 01 02 09:00 10:30 11 4211 0070 10.84 1 394 1 20140620103854 00078
00000110 2014 01 06 08:30 10:00 11 4211 0070 10.84 1 394 1 20140620103854 00078
00000110 2014 01 09 09:00 10:30 11 4211 0070 10.84 1 394 1 20140620103854 00078
00000110 2014 01 13 08:30 10:00 11 4211 0070 10.84 1 394 1 20140620103854 00078
00000110 2014 01 16 09:00 10:30 11 4211 0070 10.84 1 394 1 20140620103854 00078
00000110 2014 01 20 08:30 10:00 11 4211 0070 10.84 1 394 1 20140620103854 00078
00000110 2014 01 23 09:00 10:30 11 4211 0070 10.84 1 394 1 20140620103854 00078
00000110 2014 01 27 08:30 10:00 11 4211 0070 10.84 1 394 1 20140620103854 00078
00000110 2014 01 30 09:00 10:30 11 4211 0070 10.84 1 394 1 20140620103854 00078
00000114 2014 01 06 16:00 16:40 11 7211 0070 10.84 1 190 1 20140616194430 00034
00000114 2014 01 13 16:00 16:40 11 7211 0070 10.84 1 190 1 20140616194430 00034
00000114 2014 01 20 16:00 16:40 11 7211 0070 10.84 1 190 1 20140616194430 00034
00000114 2014 01 27 16:00 16:40 11 7211 0070 10.84 1 190 1 20140616194430 00034
00000117 2014 01 04 14:30 15:45 11 5111 0070 10.84 1 472 1 20140616204326 00034
00000117 2014 01 07 16:30 17:45 11 5111 0070 10.84 1 472 1 20140616204326 00034
00000117 2014 01 11 14:30 15:45 11 5111 0070 10.84 1 472 1 20140616204326 00034
00000117 2014 01 14 16:30 17:45 11 5111 0070 10.84 1 472 1 20140616204326 00034
00000117 2014 01 18 14:30 15:45 11 5111 0070 10.84 1 472 1 20140616204326 00034
00000117 2014 01 21 16:30 17:45 11 5111 0070 10.84 1 472 1 20140616204326 00034
00000117 2014 01 25 14:30 15:45 11 5111 0070 10.84 1 472 1 20140616204326 00034
00000117 2014 01 28 16:30 17:45 11 5111 0070 10.84 1 472 1 20140616204326 00034
00000118 2014 01 09 14:00 15:30 11 5111 0070 10.84 1 472 1 20140617104147 00034
00000118 2014 01 16 14:00 15:30 11 5111 0070 10.84 1 472 1 20140617104147 00034
00000118 2014 01 23 14:00 15:30 11 5111 0070 10.84 1 472 1 20140617104147 00034
00000118 2014 01 30 14:00 15:30 11 5111 0070 10.84 1 472 1 20140617104147 00034
00000120 2014 01 08 10:15 11:15 61 1111 0073 10.84 1 1220 1 20140617120912 00034
00000120 2014 01 15 10:15 11:15 61 1111 0073 10.84 1 1220 1 20140617120912 00034
00000120 2014 01 22 10:15 11:15 61 1111 0073 10.84 1 1220 1 20140617120912 00034
00000120 2014 01 29 10:15 11:15 61 1111 0073 10.84 1 1220 1 20140617120912 00034
00000151 2014 01 20 11:00 12:00 61 1211 0073 10.84 1 2440 1 20140617162440 00034
00000151 2014 01 24 10:30 11:29 61 1211 0073 10.84 1 2440 1 20140617162440 00034
00000151 2014 01 27 11:00 12:00 61 1211 0073 10.84 1 2440 1 20140617162440 00034
00000151 2014 01 31 10:30 11:29 61 1211 0073 10.84 1 2440 1 20140617162440 00034
00000152 2014 01 20 10:00 10:59 61 1211 0073 10.84 1 2440 1 20140617165700 00034
00000152 2014 01 27 10:00 10:59 61 1211 0073 10.84 1 2440 1 20140617165700 00034
00000152 2014 01 31 09:30 10:30 61 1211 0073 10.84 1 2440 1 20140617165700 00034
00000153 2014 01 06 13:15 14:15 61 1211 0073 10.84 1 2440 1 20140617180251 00034
00000153 2014 01 09 13:45 16:45 61 1211 0073 10.84 1 2440 1 20140617180251 00034
00000153 2014 01 13 13:25 14:25 61 1211 0073 10.84 1 2440 1 20140617180251 00034
00000153 2014 01 16 15:45 16:45 61 1211 0073 10.84 1 2440 1 20140617180251 00034
00000153 2014 01 20 13:15 14:15 61 1211 0073 10.84 1 2440 1 20140617180251 00034
00000153 2014 01 23 15:45 17:00 61 1211 0073 10.84 1 2440 1 20140617180251 00034
00000153 2014 01 27 14:00 15:00 61 1211 0073 10.84 1 2440 1 20140617180251 00034
00000153 2014 01 30 15:45 16:55 61 1211 0073 10.84 1 2440 1 20140617180251 00034
