000001092014061 00000109 2014 06 17 11 4211 1 16:20 17:50 0054 1 395 0 _ _ 1 20140702172956 25
000001092014062 00000109 2014 06 03 11 5111 1 13:20 14:50 0054 1 474 0 _ _ 1 20140702172956 25
000001092014063 00000109 2014 06 01 17 1007 1 _ _ 0065 1 204 0 _ _ 1 20140702172956 25
000001092014064 00000109 2014 06 01 17 1009 1 _ _ 0065 1 200 0 _ _ 1 20140702172956 25
000001092014065 00000109 2014 06 11 11 5111 1 16:20 17:50 0054 1 474 0 _ _ 1 20140702172956 25
000001092014065 00000109 2014 06 13 11 5111 1 16:20 17:50 0054 1 474 0 _ _ 1 20140702172956 25
000001092014065 00000109 2014 06 20 11 5111 1 16:20 17:50 0054 1 474 0 _ _ 1 20140702172956 25
000001092014065 00000109 2014 06 24 11 5111 1 16:20 17:50 0054 1 474 0 _ _ 1 20140702172956 25
000001092014065 00000109 2014 06 27 11 5111 1 16:20 17:50 0054 1 474 0 _ _ 1 20140702172956 25
000001092014066 00000109 2014 06 06 11 5111 1 16:30 18:00 0054 1 474 0 _ _ 1 20140702172956 25
000001092014071 00000109 2014 07 01 11 5111 1 16:20 17:50 0054 1 474 0 _ _ 1 20140804095751 25
000001092014071 00000109 2014 07 04 11 5111 1 16:20 17:50 0054 1 474 0 _ _ 1 20140804095751 25
000001092014071 00000109 2014 07 08 11 5111 1 16:20 17:50 0054 1 474 0 _ _ 1 20140804095751 25
000001092014071 00000109 2014 07 11 11 5111 1 16:20 17:50 0054 1 474 0 _ _ 1 20140804095751 25
000001092014071 00000109 2014 07 15 11 5111 1 16:20 17:50 0054 1 474 0 _ _ 1 20140804095751 25
000001092014071 00000109 2014 07 18 11 5111 1 16:20 17:50 0054 1 474 0 _ _ 1 20140804095751 25
000001092014071 00000109 2014 07 22 11 5111 1 16:20 17:50 0054 1 474 0 _ _ 1 20140804095751 25
000001092014071 00000109 2014 07 25 11 5111 1 16:20 17:50 0054 1 474 0 _ _ 1 20140804095751 25
000001092014071 00000109 2014 07 29 11 5111 1 16:20 17:50 0054 1 474 0 _ _ 1 20140804095751 25
000001092014072 00000109 2014 07 01 17 1007 1 _ _ 0065 1 204 0 _ _ 1 20140804095751 25
000001092014073 00000109 2014 07 01 17 1009 1 _ _ 0065 1 200 0 _ _ 1 20140804095751 25
