000001532014061 00000153 2014 06 03 11 1211 15:30 16:29 0070 1 404 0 _ _ _ 1 20140703180352 11
000001532014061 00000153 2014 06 10 11 1211 15:30 16:29 0070 1 404 0 _ _ _ 1 20140703180352 11
000001532014061 00000153 2014 06 17 11 1211 15:30 16:29 0070 1 404 0 _ _ _ 1 20140703180352 11
000001532014061 00000153 2014 06 24 11 1211 15:30 16:29 0070 1 404 0 _ _ _ 1 20140703180352 11
000001532014062 00000153 2014 06 05 11 5111 15:45 17:14 0070 1 474 0 _ _ _ 1 20140703180352 11
000001532014062 00000153 2014 06 19 11 5111 15:45 17:14 0070 1 474 0 _ _ _ 1 20140703180352 11
000001532014062 00000153 2014 06 26 11 5111 15:45 17:14 0070 1 474 0 _ _ _ 1 20140703180352 11
000001532014063 00000153 2014 06 12 11 5111 15:50 17:14 0070 1 474 0 _ _ _ 1 20140703180352 11
000001532014064 00000153 2014 06 07 11 1211 16:30 17:29 0070 1 404 0 _ _ _ 1 20140703180352 11
000001532014064 00000153 2014 06 14 11 1211 16:30 17:29 0070 1 404 0 _ _ _ 1 20140703180352 11
000001532014064 00000153 2014 06 21 11 1211 16:30 17:29 0070 1 404 0 _ _ _ 1 20140703180352 11
000001532014064 00000153 2014 06 28 11 1211 16:30 17:29 0070 1 404 0 _ _ _ 1 20140703180352 11
000001532014065 00000153 2014 06 01 17 1001 _ _ 0256 1 450 0 _ _ _ 1 20140703180352 11
000001532014066 00000153 2014 06 01 17 1007 _ _ 0256 1 204 0 _ _ _ 1 20140703180352 11
000001532014067 00000153 2014 06 01 17 1009 _ _ 0256 1 308 0 _ _ _ 1 20140703180352 11
000001532014071 00000153 2014 07 01 11 1211 15:30 16:29 0070 1 404 0 _ _ 1 1 20140802151044 11
000001532014071 00000153 2014 07 08 11 1211 15:30 16:29 0070 1 404 0 _ _ 1 1 20140802151044 11
000001532014071 00000153 2014 07 15 11 1211 15:30 16:29 0070 1 404 0 _ _ 1 1 20140802151044 11
000001532014071 00000153 2014 07 22 11 1211 15:30 16:29 0070 1 404 0 _ _ 1 1 20140802151044 11
000001532014071 00000153 2014 07 29 11 1211 15:30 16:29 0070 1 404 0 _ _ 1 1 20140802151044 11
000001532014072 00000153 2014 07 03 11 5111 15:45 17:14 0070 1 474 0 _ _ 1 1 20140802151044 11
000001532014072 00000153 2014 07 10 11 5111 15:45 17:14 0070 1 474 0 _ _ 1 1 20140802151044 11
000001532014072 00000153 2014 07 17 11 5111 15:45 17:14 0070 1 474 0 _ _ 1 1 20140802151044 11
000001532014072 00000153 2014 07 24 11 5111 15:45 17:14 0070 1 474 0 _ _ 1 1 20140802151044 11
000001532014072 00000153 2014 07 31 11 5111 15:45 17:14 0070 1 474 0 _ _ 1 1 20140802151044 11
000001532014073 00000153 2014 07 05 11 1211 16:30 17:29 0070 1 404 0 _ _ 1 1 20140802151044 11
000001532014073 00000153 2014 07 12 11 1211 16:30 17:29 0070 1 404 0 _ _ 1 1 20140802151044 11
000001532014073 00000153 2014 07 19 11 1211 16:30 17:29 0070 1 404 0 _ _ 1 1 20140802151044 11
000001532014073 00000153 2014 07 26 11 1211 16:30 17:29 0070 1 404 0 _ _ 1 1 20140802151044 11
000001532014074 00000153 2014 07 01 17 1001 _ _ 0256 1 450 0 _ _ 1 1 20140802151044 11
000001532014075 00000153 2014 07 01 17 1007 _ _ 0256 1 204 0 _ _ 1 1 20140802151044 11
000001532014076 00000153 2014 07 01 17 1009 _ _ 0256 1 308 0 _ _ 1 1 20140802151044 11
000001532014081 00000153 2014 08 05 11 1211 15:30 16:29 0070 1 404 0 _ _ 1 1 20140727140459 11
000001532014081 00000153 2014 08 12 11 1211 15:30 16:29 0070 1 404 0 _ _ 1 1 20140727140459 11
000001532014081 00000153 2014 08 19 11 1211 15:30 16:29 0070 1 404 0 _ _ 1 1 20140727140459 11
000001532014081 00000153 2014 08 26 11 1211 15:30 16:29 0070 1 404 0 _ _ 1 1 20140727140459 11
000001532014082 00000153 2014 08 02 11 1211 16:30 17:29 0070 1 404 0 _ _ 1 1 20140727140459 11
000001532014082 00000153 2014 08 09 11 1211 16:30 17:29 0070 1 404 0 _ _ 1 1 20140727140459 11
000001532014082 00000153 2014 08 16 11 1211 16:30 17:29 0070 1 404 0 _ _ 1 1 20140727140459 11
000001532014082 00000153 2014 08 23 11 1211 16:30 17:29 0070 1 404 0 _ _ 1 1 20140727140459 11
000001532014082 00000153 2014 08 30 11 1211 16:30 17:29 0070 1 404 0 _ _ 1 1 20140727140459 11
000001532014083 00000153 2014 08 07 11 5111 15:45 17:14 0070 1 474 0 _ _ 1 1 20140727140459 11
000001532014083 00000153 2014 08 14 11 5111 15:45 17:14 0070 1 474 0 _ _ 1 1 20140727140459 11
000001532014083 00000153 2014 08 21 11 5111 15:45 17:14 0070 1 474 0 _ _ 1 1 20140727140459 11
000001532014083 00000153 2014 08 28 11 5111 15:45 17:14 0070 1 474 0 _ _ 1 1 20140727140459 11
000001532014084 00000153 2014 08 01 17 1001 _ _ 0256 1 450 0 _ _ 1 1 20140727140459 11
000001532014085 00000153 2014 08 01 17 1007 _ _ 0256 1 204 0 _ _ 1 1 20140727140459 11
000001532014086 00000153 2014 08 01 17 1009 _ _ 0256 1 308 0 _ _ 1 1 20140727140459 11
000001532014091 00000153 2014 09 02 11 1211 15:30 16:29 0070 1 404 0 _ _ _ 1 20140811162609 11
000001532014091 00000153 2014 09 09 11 1211 15:30 16:29 0070 1 404 0 _ _ _ 1 20140811162609 11
000001532014091 00000153 2014 09 16 11 1211 15:30 16:29 0070 1 404 0 _ _ _ 1 20140811162609 11
000001532014091 00000153 2014 09 23 11 1211 15:30 16:29 0070 1 404 0 _ _ _ 1 20140811162609 11
000001532014091 00000153 2014 09 30 11 1211 15:30 16:29 0070 1 404 0 _ _ _ 1 20140811162609 11
000001532014092 00000153 2014 09 06 11 1211 16:30 17:29 0070 1 404 0 _ _ _ 1 20140811162609 11
000001532014092 00000153 2014 09 13 11 1211 16:30 17:29 0070 1 404 0 _ _ _ 1 20140811162609 11
000001532014092 00000153 2014 09 20 11 1211 16:30 17:29 0070 1 404 0 _ _ _ 1 20140811162609 11
000001532014092 00000153 2014 09 27 11 1211 16:30 17:29 0070 1 404 0 _ _ _ 1 20140811162609 11
000001532014093 00000153 2014 09 04 11 5111 15:45 17:14 0070 1 474 0 _ _ _ 1 20140811162609 11
000001532014093 00000153 2014 09 11 11 5111 15:45 17:14 0070 1 474 0 _ _ _ 1 20140811162609 11
000001532014093 00000153 2014 09 18 11 5111 15:45 17:14 0070 1 474 0 _ _ _ 1 20140811162609 11
000001532014093 00000153 2014 09 25 11 5111 15:45 17:14 0070 1 474 0 _ _ _ 1 20140811162609 11
000001532014094 00000153 2014 09 01 17 1001 _ _ 0256 1 450 0 _ _ _ 1 20140811162609 11
000001532014095 00000153 2014 09 01 17 1007 _ _ 0256 1 204 0 _ _ _ 1 20140811162609 11
000001532014096 00000153 2014 09 01 17 1009 _ _ 0256 1 308 0 _ _ _ 1 20140811162609 11
