000000852014062 00000085 2014 06 07 61 1111 13:30 14:29 0073 1 1226 0 _ _ 1 1 20140702142358 25
000000852014062 00000085 2014 06 14 61 1111 13:30 14:29 0073 1 1226 0 _ _ 1 1 20140702142358 25
000000852014062 00000085 2014 06 21 61 1111 13:30 14:29 0073 1 1226 0 _ _ 1 1 20140702142358 25
000000852014062 00000085 2014 06 28 61 1111 13:30 14:29 0073 1 1226 0 _ _ 1 1 20140702142358 25
000000852014071 00000085 2014 07 05 61 1111 13:30 14:29 0073 1 1226 0 _ _ 1 1 20140801203034 25
000000852014071 00000085 2014 07 12 61 1111 13:30 14:29 0073 1 1226 0 _ _ 1 1 20140801203034 25
000000852014071 00000085 2014 07 19 61 1111 13:30 14:29 0073 1 1226 0 _ _ 1 1 20140801203034 25
000000852014071 00000085 2014 07 26 61 1111 13:30 14:29 0073 1 1226 0 _ _ 1 1 20140801203034 25
000000852014081 00000085 2014 08 02 61 1111 13:30 14:30 0073 1 1226 0 _ _ 1 1 20140721180527 25
000000852014081 00000085 2014 08 09 61 1111 13:30 14:30 0073 1 1226 0 _ _ 1 1 20140721180527 25
000000852014081 00000085 2014 08 16 61 1111 13:30 14:30 0073 1 1226 0 _ _ 1 1 20140721180527 25
000000852014081 00000085 2014 08 23 61 1111 13:30 14:30 0073 1 1226 0 _ _ 1 1 20140721180527 25
000000852014081 00000085 2014 08 30 61 1111 13:30 14:30 0073 1 1226 0 _ _ 1 1 20140721180527 25
000000852014091 00000085 2014 09 06 61 1111 13:30 14:30 0073 1 1226 0 _ _ 1 1 20140815154904 25
000000852014091 00000085 2014 09 13 61 1111 13:30 14:30 0073 1 1226 0 _ _ 1 1 20140815154904 25
000000852014091 00000085 2014 09 20 61 1111 13:30 14:30 0073 1 1226 0 _ _ 1 1 20140815154904 25
000000852014091 00000085 2014 09 27 61 1111 13:30 14:30 0073 1 1226 0 _ _ 1 1 20140815154904 25
