000001672014041 00000167 2014 04 21 65 1111 1 13:30 16:30 0082 1 2115 0 _ _ 1 20140618104957 24
000001672014041 00000167 2014 04 28 65 1111 1 13:30 16:30 0082 1 2115 0 _ _ 1 20140618104957 24
000001672014042 00000167 2014 04 21 65 5002 1 _ _ 0082 1 225 0 _ _ 1 20140618104957 24
000001672014042 00000167 2014 04 28 65 5002 1 _ _ 0082 1 225 0 _ _ 1 20140618104957 24
000001672014051 00000167 2014 05 12 65 1111 1 13:30 16:30 0082 1 2115 0 _ _ 1 20140626201146 78
000001672014051 00000167 2014 05 19 65 1111 1 13:30 16:30 0082 1 2115 0 _ _ 1 20140626201146 78
000001672014051 00000167 2014 05 26 65 1111 1 13:30 16:30 0082 1 2115 0 _ _ 1 20140626201146 78
000001672014052 00000167 2014 05 12 65 5002 1 _ _ 0082 1 225 0 _ _ 1 20140626201146 78
000001672014052 00000167 2014 05 19 65 5002 1 _ _ 0082 1 225 0 _ _ 1 20140626201146 78
000001672014052 00000167 2014 05 26 65 5002 1 _ _ 0082 1 225 0 _ _ 1 20140626201146 78
