000012222015011 00001222 2015 01 16 11 7211 1 15:00 15:29 0070 1 191 0 _ _ 1 20150104205004 78
000012222015011 00001222 2015 01 23 11 7211 1 15:00 15:29 0070 1 191 0 _ _ 1 20150104205004 78
000012222015041 00001222 2015 04 07 13 1311 1 12:00 13:00 0002 1 1117 0 _ _ 1 20150615173841 78
000012222015041 00001222 2015 04 14 13 1311 1 12:00 13:00 0002 1 1117 0 _ _ 1 20150615173841 78
000012222015041 00001222 2015 04 21 13 1311 1 12:00 13:00 0002 1 1117 0 _ _ 1 20150615173841 78
000012222015041 00001222 2015 04 28 13 1311 1 12:00 13:00 0002 1 1117 0 _ _ 1 20150615173841 78
000012222015042 00001222 2015 04 01 11 2463 1 10:00 11:00 0070 1 343 0 _ _ 1 20150615173841 78
000012222015042 00001222 2015 04 06 11 2463 1 10:00 11:00 0070 1 343 0 _ _ 1 20150615173841 78
000012222015042 00001222 2015 04 08 11 2463 1 10:00 11:00 0070 1 343 0 _ _ 1 20150615173841 78
000012222015042 00001222 2015 04 13 11 2463 1 10:00 11:00 0070 1 343 0 _ _ 1 20150615173841 78
000012222015042 00001222 2015 04 15 11 2463 1 10:00 11:00 0070 1 343 0 _ _ 1 20150615173841 78
000012222015042 00001222 2015 04 17 11 2463 1 10:00 11:00 0070 1 343 0 _ _ 1 20150615173841 78
000012222015042 00001222 2015 04 20 11 2463 1 10:00 11:00 0070 1 343 0 _ _ 1 20150615173841 78
000012222015042 00001222 2015 04 22 11 2463 1 10:00 11:00 0070 1 343 0 _ _ 1 20150615173841 78
000012222015042 00001222 2015 04 24 11 2463 1 10:00 11:00 0070 1 343 0 _ _ 1 20150615173841 78
000012222015042 00001222 2015 04 27 11 2463 1 10:00 11:00 0070 1 343 0 _ _ 1 20150615173841 78
000012222015042 00001222 2015 04 29 11 2463 1 10:00 11:00 0070 1 343 0 _ _ 1 20150615173841 78
000012222015043 00001222 2015 04 10 11 2499 1 10:33 11:11 0070 1 427 0 _ _ 1 20150615173841 78
000012222015044 00001222 2015 04 03 11 2463 1 11:30 12:30 0070 1 343 0 _ _ 1 20150615173841 78
000012222015045 00001222 2015 04 03 11 4000 1 11:30 12:30 0070 1 100 0 _ _ 1 20150615173841 78
