00000213 2011 06 1 1 00052 1 20141130172721 00078
00000213 2011 07 1 1 00052 1 20141130153612 00078
00000213 2011 08 1 1 00052 1 20141130114516 00078
00000213 2011 09 1 1 00052 1 20141128183515 00078
00000213 2011 10 1 1 00052 1 20141127191858 00078
00000213 2011 11 1 1 00052 1 20141127150121 00078
00000213 2011 12 1 1 00052 1 20141125145058 00078
00000213 2012 01 1 1 00052 1 20141124132527 00078
00000213 2012 02 1 1 00052 1 20141119190444 00078
00000213 2012 03 1 1 00052 1 20141119141346 00078
00000213 2012 04 1 1 00077 1 20140716141810 00078
00000213 2012 05 1 1 00077 1 20140716143445 00078
00000213 2012 06 1 1 00077 1 20140716144254 00078
00000213 2012 07 1 1 00077 1 20140716145813 00078
00000213 2012 08 1 1 00077 1 20140716150720 00078
00000213 2012 09 1 1 00077 1 20140716151851 00078
00000213 2012 10 1 1 00077 1 20140716153650 00078
00000213 2012 11 1 1 00077 1 20140716155411 00078
00000213 2012 12 1 1 00077 1 20140716160439 00078
00000213 2013 01 1 1 00077 1 20140708162853 00078
00000213 2013 02 1 1 00077 1 20140708164211 00078
00000213 2013 03 1 1 00077 1 20140708165808 00078
00000213 2013 04 1 1 00077 1 20140708170905 00078
00000213 2013 05 1 1 00077 1 20140708172808 00078
00000213 2013 06 1 1 00077 1 20140708173651 00078
00000213 2013 07 1 1 00077 1 20140708174626 00078
00000213 2013 08 1 1 00077 1 20140708175552 00078
00000213 2013 09 1 1 00077 1 20140703121755 00078
00000213 2013 10 1 1 00077 1 20140703134443 00078
00000213 2013 11 1 1 00077 1 20140703135529 00078
00000213 2013 12 1 1 00077 1 20140703140823 00078
00000213 2014 01 1 1 00077 1 20140619111141 00078
00000213 2014 02 1 1 00077 1 20140619112315 00078
00000213 2014 03 1 1 00077 1 20140729104013 00078
00000213 2014 04 1 1 00077 1 20140619120605 00078
00000213 2014 05 1 1 00077 1 20140819105012 00078
00000213 2014 06 1 1 00052 1 20140701130229 00047
00000213 2014 07 1 1 00052 1 20140802135345 00047
00000213 2014 08 1 1 00052 1 20140901133623 00047
00000213 2014 09 1 1 00052 1 20141001131003 00047
00000213 2014 10 1 1 00052 1 20141101102032 00047
00000213 2014 11 1 1 00052 1 20141202110729 00047
00000213 2014 12 1 _ 00052 1 20141121210043 00052
