00000070 2012 10 02 11:00 12:00 11 7311 0070 10.84 1 235 1 20140808121029 00034
00000070 2012 10 05 13:30 14:29 11 7311 0070 10.84 1 235 1 20140808121029 00034
00000070 2012 10 09 11:00 12:00 11 7311 0070 10.84 1 235 1 20140808121029 00034
00000070 2012 10 12 13:30 14:29 11 7311 0070 10.84 1 235 1 20140808121029 00034
00000070 2012 10 16 11:00 12:00 11 7311 0070 10.84 1 235 1 20140808121029 00034
00000070 2012 10 19 13:30 14:29 11 7311 0070 10.84 1 235 1 20140808121029 00034
00000070 2012 10 30 11:00 12:00 11 7311 0070 10.84 1 235 1 20140808121029 00034
00000070 2012 11 02 13:30 14:29 11 7311 0070 10.84 1 235 1 20140808121844 00034
00000070 2012 11 06 11:00 12:00 11 7311 0070 10.84 1 235 1 20140808121844 00034
00000070 2012 11 13 11:00 12:00 11 7311 0070 10.84 1 235 1 20140808121844 00034
00000070 2012 11 16 13:30 14:29 11 7311 0070 10.84 1 235 1 20140808121844 00034
00000070 2012 11 20 11:00 12:00 11 7311 0070 10.84 1 235 1 20140808121844 00034
00000070 2012 11 30 13:30 14:29 11 7311 0070 10.84 1 235 1 20140808121844 00034
00000070 2012 12 07 13:30 14:29 11 7311 0070 10.84 1 235 1 20140808122412 00034
00000070 2012 12 11 11:00 12:00 11 7311 0070 10.84 1 235 1 20140808122412 00034
00000070 2012 12 14 13:30 14:29 11 7311 0070 10.84 1 235 1 20140808122412 00034
00000070 2012 12 25 11:00 12:00 11 7311 0070 10.84 1 235 1 20140808122412 00034
00000070 2012 12 28 13:30 14:29 11 7311 0070 10.84 1 235 1 20140808122412 00034
00000070 2013 01 04 13:30 14:29 11 7311 0070 10.84 1 235 1 20140724172826 00034
00000070 2013 01 08 11:00 12:00 11 7311 0070 10.84 1 235 1 20140724172826 00034
00000070 2013 01 11 13:30 14:29 11 7311 0070 10.84 1 235 1 20140724172826 00034
00000070 2013 01 18 13:30 14:29 11 7311 0070 10.84 1 235 1 20140724172826 00034
00000070 2013 01 22 11:00 12:00 11 7311 0070 10.84 1 235 1 20140724172826 00034
00000070 2013 01 25 13:30 14:29 11 7311 0070 10.84 1 235 1 20140724172826 00034
00000070 2013 01 29 11:00 12:00 11 7311 0070 10.84 1 235 1 20140724172826 00034
00000070 2013 02 01 13:30 14:29 11 7311 0070 10.84 1 235 1 20140724173103 00034
00000070 2013 02 05 11:00 12:00 11 7311 0070 10.84 1 235 1 20140724173103 00034
00000070 2013 02 12 11:00 12:00 11 7311 0070 10.84 1 235 1 20140724173103 00034
00000070 2013 02 15 13:30 14:29 11 7311 0070 10.84 1 235 1 20140724173103 00034
00000070 2013 02 19 11:00 12:00 11 7311 0070 10.84 1 235 1 20140724173103 00034
00000070 2013 02 26 11:00 12:00 11 7311 0070 10.84 1 235 1 20140724173103 00034
00000070 2013 03 01 13:30 14:29 11 7311 0070 10.84 1 235 1 20140724173439 00034
00000070 2013 03 05 11:00 12:00 11 7311 0070 10.84 1 235 1 20140724173439 00034
00000070 2013 03 12 11:00 12:00 11 7311 0070 10.84 1 235 1 20140724173439 00034
00000070 2013 03 15 13:30 14:29 11 7311 0070 10.84 1 235 1 20140724173439 00034
00000070 2013 03 19 11:00 12:00 11 7311 0070 10.84 1 235 1 20140724173439 00034
00000070 2013 03 22 13:30 14:29 11 7311 0070 10.84 1 235 1 20140724173439 00034
00000070 2013 04 02 11:00 12:00 11 7311 0070 10.84 1 235 1 20140724173926 00034
00000070 2013 04 05 13:30 14:29 11 7311 0070 10.84 1 235 1 20140724173926 00034
00000070 2013 04 09 11:00 12:00 11 7311 0070 10.84 1 235 1 20140724173926 00034
00000070 2013 04 12 13:30 14:29 11 7311 0070 10.84 1 235 1 20140724173926 00034
00000070 2013 04 16 11:00 12:00 11 7311 0070 10.84 1 235 1 20140724173926 00034
00000070 2013 04 19 13:30 14:29 11 7311 0070 10.84 1 235 1 20140724173926 00034
00000070 2013 04 23 11:00 12:00 11 7311 0070 10.84 1 235 1 20140724173926 00034
00000070 2013 04 26 13:30 14:29 11 7311 0070 10.84 1 235 1 20140724173926 00034
00000070 2013 04 30 11:00 12:00 11 7311 0070 10.84 1 235 1 20140724173926 00034
00000070 2013 05 03 13:30 14:29 11 7311 0070 10.84 1 235 1 20140724174308 00034
00000070 2013 05 07 11:00 12:00 11 7311 0070 10.84 1 235 1 20140724174308 00034
00000070 2013 05 10 13:30 14:29 11 7311 0070 10.84 1 235 1 20140724174308 00034
00000070 2013 05 14 11:00 12:00 11 7311 0070 10.84 1 235 1 20140724174308 00034
00000070 2013 05 17 13:30 14:29 11 7311 0070 10.84 1 235 1 20140724174308 00034
00000070 2013 05 21 11:00 12:00 11 7311 0070 10.84 1 235 1 20140724174308 00034
00000070 2013 05 24 13:30 14:29 11 7311 0070 10.84 1 235 1 20140724174308 00034
00000070 2013 05 28 11:00 12:00 11 7311 0070 10.84 1 235 1 20140724174308 00034
00000070 2013 05 31 13:30 14:29 11 7311 0070 10.84 1 235 1 20140724174308 00034
00000070 2013 06 04 11:00 12:00 11 7311 0070 10.84 1 235 1 20140724174551 00034
00000070 2013 06 07 13:30 14:29 11 7311 0070 10.84 1 235 1 20140724174551 00034
00000070 2013 06 11 11:00 12:00 11 7311 0070 10.84 1 235 1 20140724174551 00034
00000070 2013 06 14 13:30 14:29 11 7311 0070 10.84 1 235 1 20140724174551 00034
00000070 2013 06 21 13:30 14:29 11 7311 0070 10.84 1 235 1 20140724174551 00034
00000070 2013 06 25 11:00 12:00 11 7311 0070 10.84 1 235 1 20140724174551 00034
00000070 2013 06 28 13:30 14:29 11 7311 0070 10.84 1 235 1 20140724174551 00034
00000070 2013 07 02 11:00 12:00 11 7311 0070 10.84 1 235 1 20140724175027 00034
00000070 2013 07 05 13:30 14:29 11 7311 0070 10.84 1 235 1 20140724175027 00034
00000070 2013 07 09 11:00 12:00 11 7311 0070 10.84 1 235 1 20140724175027 00034
00000070 2013 07 12 13:30 14:29 11 7311 0070 10.84 1 235 1 20140724175027 00034
00000070 2013 07 16 11:00 12:00 11 7311 0070 10.84 1 235 1 20140724175027 00034
00000070 2013 07 18 14:00 15:00 11 7311 0070 10.84 1 235 1 20140724175027 00034
00000070 2013 07 26 13:30 14:29 11 7311 0070 10.84 1 235 1 20140724175027 00034
00000070 2013 07 30 11:00 12:00 11 7311 0070 10.84 1 235 1 20140724175027 00034
00000070 2013 08 02 13:30 14:30 61 1211 0073 10.84 1 2440 1 20140724180224 00034
00000070 2013 08 06 11:00 12:00 61 1211 0073 10.84 1 2440 1 20140724180224 00034
00000070 2013 08 09 13:30 14:30 61 1211 0073 10.84 1 2440 1 20140724180224 00034
00000070 2013 08 13 11:00 12:00 61 1211 0073 10.84 1 2440 1 20140724180224 00034
00000070 2013 08 16 13:30 14:30 61 1211 0073 10.84 1 2440 1 20140724180224 00034
00000070 2013 08 20 11:00 12:00 61 1211 0073 10.84 1 2440 1 20140724180224 00034
00000070 2013 08 23 13:30 14:30 61 1211 0073 10.84 1 2440 1 20140724180224 00034
00000070 2013 08 27 11:00 12:00 61 1211 0073 10.84 1 2440 1 20140724180224 00034
00000070 2013 08 30 13:30 14:30 61 1211 0073 10.84 1 2440 1 20140724180224 00034
00000070 2013 09 03 11:00 12:00 61 1211 0073 10.84 1 2440 1 20140626191643 00034
00000070 2013 09 07 11:00 12:00 61 1211 0073 10.84 1 2440 1 20140626191643 00034
00000070 2013 09 10 11:00 12:00 61 1211 0073 10.84 1 2440 1 20140626191643 00034
00000070 2013 09 13 13:30 14:30 61 1211 0073 10.84 1 2440 1 20140626191643 00034
00000070 2013 09 17 11:00 12:00 61 1211 0073 10.84 1 2440 1 20140626191643 00034
00000070 2013 09 20 13:30 14:30 61 1211 0073 10.84 1 2440 1 20140626191643 00034
00000070 2013 09 24 11:00 12:00 61 1211 0073 10.84 1 2440 1 20140626191643 00034
00000070 2013 09 28 11:00 12:00 61 1211 0073 10.84 1 2440 1 20140626191643 00034
00000070 2013 10 01 11:00 12:00 61 1211 0073 10.84 1 2440 1 20140627100835 00034
00000070 2013 10 04 13:30 14:30 61 1211 0073 10.84 1 2440 1 20140627100835 00034
00000070 2013 10 08 11:00 12:00 61 1211 0073 10.84 1 2440 1 20140627100835 00034
00000070 2013 10 11 13:30 14:30 61 1211 0073 10.84 1 2440 1 20140627100835 00034
00000070 2013 10 15 11:00 12:00 61 1211 0073 10.84 1 2440 1 20140627100835 00034
00000070 2013 10 19 15:15 16:15 61 1211 0073 10.84 1 2440 1 20140627100835 00034
00000070 2013 10 25 13:30 14:30 61 1211 0073 10.84 1 2440 1 20140627100835 00034
00000070 2013 10 29 11:00 12:00 61 1211 0073 10.84 1 2440 1 20140627100835 00034
00000070 2013 11 01 13:30 14:30 61 1211 0073 10.84 1 2440 1 20140627101941 00034
00000070 2013 11 05 11:00 12:00 61 1211 0073 10.84 1 2440 1 20140627101941 00034
00000070 2013 11 08 13:30 14:30 61 1211 0073 10.84 1 2440 1 20140627101941 00034
00000070 2013 11 11 13:00 14:00 61 1211 0073 10.84 1 2440 1 20140627101941 00034
00000070 2013 11 15 13:30 14:30 61 1211 0073 10.84 1 2440 1 20140627101941 00034
00000070 2013 11 19 11:00 12:00 61 1211 0073 10.84 1 2440 1 20140627101941 00034
00000070 2013 11 22 13:30 14:30 61 1211 0073 10.84 1 2440 1 20140627101941 00034
00000070 2013 11 26 11:00 12:00 61 1211 0073 10.84 1 2440 1 20140627101941 00034
00000070 2013 11 29 13:30 14:30 61 1211 0073 10.84 1 2440 1 20140627101941 00034
00000070 2013 12 03 11:00 12:00 61 1211 0073 10.84 1 2440 1 20140627102710 00034
00000070 2013 12 06 13:30 14:30 61 1211 0073 10.84 1 2440 1 20140627102710 00034
00000070 2013 12 09 13:00 14:00 61 1211 0073 10.84 1 2440 1 20140627102710 00034
00000070 2013 12 13 13:30 14:30 61 1211 0073 10.84 1 2440 1 20140627102710 00034
00000070 2013 12 17 11:00 12:00 61 1211 0073 10.84 1 2440 1 20140627102710 00034
00000070 2013 12 20 13:30 14:30 61 1211 0073 10.84 1 2440 1 20140627102710 00034
00000070 2013 12 24 11:00 12:00 61 1211 0073 10.84 1 2440 1 20140627102710 00034
00000070 2013 12 27 13:30 14:30 61 1211 0073 10.84 1 2440 1 20140627102710 00034
00000070 2014 01 03 13:30 14:30 61 1211 0073 10.84 1 2440 1 20140613103612 00034
00000070 2014 01 07 09:00 11:00 61 1211 0073 10.84 1 2440 1 20140613103612 00034
00000070 2014 01 10 13:30 14:30 61 1211 0073 10.84 1 2440 1 20140613103612 00034
00000070 2014 01 14 11:00 12:00 61 1211 0073 10.84 1 2440 1 20140613103612 00034
00000070 2014 01 17 13:30 14:30 61 1211 0073 10.84 1 2440 1 20140613103612 00034
00000070 2014 01 21 11:00 12:00 61 1211 0073 10.84 1 2440 1 20140613103612 00034
00000070 2014 01 24 13:30 14:30 61 1211 0073 10.84 1 2440 1 20140613103612 00034
00000070 2014 01 28 11:00 12:00 61 1211 0073 10.84 1 2440 1 20140613103612 00034
00000070 2014 01 31 13:30 14:30 61 1211 0073 10.84 1 2440 1 20140613103612 00034
00000070 2014 02 03 14:00 15:00 61 1211 0073 10.84 1 2440 1 20140613104236 00034
00000070 2014 02 07 13:30 14:30 61 1211 0073 10.84 1 2440 1 20140613104236 00034
00000070 2014 02 11 11:00 12:00 61 1211 0073 10.84 1 2440 1 20140613104236 00034
00000070 2014 02 14 13:30 14:30 61 1211 0073 10.84 1 2440 1 20140613104236 00034
00000070 2014 02 18 11:00 12:00 61 1211 0073 10.84 1 2440 1 20140613104236 00034
00000070 2014 02 21 13:30 14:30 61 1211 0073 10.84 1 2440 1 20140613104236 00034
00000070 2014 02 25 11:00 12:00 61 1211 0073 10.84 1 2440 1 20140613104236 00034
00000070 2014 02 28 13:30 14:30 61 1211 0073 10.84 1 2440 1 20140613104236 00034
00000070 2014 03 07 13:30 14:30 61 1211 0073 10.84 1 2440 1 20140613104740 00034
00000070 2014 03 11 11:00 12:00 61 1211 0073 10.84 1 2440 1 20140613104740 00034
00000070 2014 03 14 13:30 14:30 61 1211 0073 10.84 1 2440 1 20140613104740 00034
00000070 2014 03 18 11:00 12:00 61 1211 0073 10.84 1 2440 1 20140613104740 00034
00000070 2014 03 21 13:30 14:30 61 1211 0073 10.84 1 2440 1 20140613104740 00034
00000070 2014 03 25 11:00 12:00 61 1211 0073 10.84 1 2440 1 20140613104740 00034
00000070 2014 03 28 13:30 14:30 61 1211 0073 10.84 1 2440 1 20140613104740 00034
00000070 2014 04 01 11:00 12:00 61 1211 0073 10.84 1 2452 1 20140613105425 00034
00000070 2014 04 04 13:30 14:30 61 1211 0073 10.84 1 2452 1 20140613105425 00034
00000070 2014 04 08 11:00 12:00 61 1211 0073 10.84 1 2452 1 20140613105425 00034
00000070 2014 04 11 13:30 14:30 61 1211 0073 10.84 1 2452 1 20140613105425 00034
00000070 2014 04 15 11:00 12:00 61 1211 0073 10.84 1 2452 1 20140613105425 00034
00000070 2014 04 18 13:30 14:30 61 1211 0073 10.84 1 2452 1 20140613105425 00034
00000070 2014 04 22 11:00 12:00 61 1211 0073 10.84 1 2452 1 20140613105425 00034
00000070 2014 04 26 16:30 17:30 61 1211 0073 10.84 1 2452 1 20140613105425 00034
00000070 2014 04 29 11:00 12:00 61 1211 0073 10.84 1 2452 1 20140613105425 00034
00000070 2014 05 02 13:30 14:30 61 1211 0073 10.84 1 2452 1 20140815182740 00034
00000070 2014 05 06 11:00 12:00 61 1211 0073 10.84 1 2452 1 20140815182740 00034
00000070 2014 05 09 13:30 14:30 61 1211 0073 10.84 1 2452 1 20140815182740 00034
00000070 2014 05 13 11:00 12:00 61 1211 0073 10.84 1 2452 1 20140815182740 00034
00000070 2014 05 16 13:30 14:30 61 1211 0073 10.84 1 2452 1 20140815182740 00034
00000070 2014 05 20 11:00 12:00 61 1211 0073 10.84 1 2452 1 20140815182740 00034
00000070 2014 05 23 13:30 14:30 61 1211 0073 10.84 1 2452 1 20140815182740 00034
00000070 2014 05 27 11:00 12:00 61 1211 0073 10.84 1 2452 1 20140815182740 00034
00000070 2014 05 30 13:30 14:30 61 1211 0073 10.84 1 2452 1 20140815182740 00034
00000070 2014 06 03 11:00 11:59 61 1211 0073 10.84 1 2452 1 20140701100743 00034
00000070 2014 06 06 13:30 14:29 61 1211 0073 10.84 1 2452 1 20140701100743 00034
00000070 2014 06 10 11:00 11:59 61 1211 0073 10.84 1 2452 1 20140701100743 00034
00000070 2014 06 13 13:30 14:29 61 1211 0073 10.84 1 2452 1 20140701100743 00034
00000070 2014 06 17 11:00 11:59 61 1211 0073 10.84 1 2452 1 20140701100743 00034
00000070 2014 06 20 13:30 14:29 61 1211 0073 10.84 1 2452 1 20140701100743 00034
00000070 2014 06 24 11:00 11:59 61 1211 0073 10.84 1 2452 1 20140701100743 00034
00000070 2014 06 27 13:30 14:29 61 1211 0073 10.84 1 2452 1 20140701100743 00034
00000070 2014 07 01 11:00 11:59 61 1211 0073 10.84 1 2452 1 20140731104028 00035
00000070 2014 07 04 13:30 14:29 61 1211 0073 10.84 1 2452 1 20140731104028 00035
00000070 2014 07 08 11:00 11:59 61 1211 0073 10.84 1 2452 1 20140731104028 00035
00000070 2014 07 11 13:30 14:29 61 1211 0073 10.84 1 2452 1 20140731104028 00035
00000070 2014 07 15 11:00 11:59 61 1211 0073 10.84 1 2452 1 20140731104028 00035
00000070 2014 07 18 13:30 14:29 61 1211 0073 10.84 1 2452 1 20140731104028 00035
00000070 2014 07 22 11:00 11:59 61 1211 0073 10.84 1 2452 1 20140731104028 00035
00000070 2014 07 25 13:30 14:29 61 1211 0073 10.84 1 2452 1 20140731104028 00035
00000070 2014 07 29 11:00 11:59 61 1211 0073 10.84 1 2452 1 20140731104028 00035
00000070 2014 08 01 13:30 14:29 61 1211 0073 10.84 1 2452 1 20140830202514 00038
00000070 2014 08 05 11:00 11:59 61 1211 0073 10.84 1 2452 1 20140830202514 00038
00000070 2014 08 08 13:30 14:29 61 1211 0073 10.84 1 2452 1 20140830202514 00038
00000070 2014 08 12 11:00 11:59 61 1211 0073 10.84 1 2452 1 20140830202514 00038
00000070 2014 08 15 13:30 14:29 61 1211 0073 10.84 1 2452 1 20140830202514 00038
00000070 2014 08 19 11:00 11:59 61 1211 0073 10.84 1 2452 1 20140830202514 00038
00000070 2014 08 22 13:30 14:29 61 1211 0073 10.84 1 2452 1 20140830202514 00038
00000070 2014 08 26 11:00 11:59 61 1211 0073 10.84 1 2452 1 20140830202514 00038
00000070 2014 08 29 13:30 14:29 61 1211 0073 10.84 1 2452 1 20140830202514 00038
00000070 2014 09 02 11:00 11:59 61 1211 0073 10.84 1 2452 1 20140927191743 00038
00000070 2014 09 05 13:30 14:29 61 1211 0073 10.84 1 2452 1 20140927191743 00038
00000070 2014 09 09 11:00 11:59 61 1211 0073 10.84 1 2452 1 20140927191743 00038
00000070 2014 09 12 13:30 14:29 61 1211 0073 10.84 1 2452 1 20140927191743 00038
00000070 2014 09 16 11:00 11:59 61 1211 0073 10.84 1 2452 1 20140927191743 00038
00000070 2014 09 19 13:30 14:29 61 1211 0073 10.84 1 2452 1 20140927191743 00038
00000070 2014 09 23 11:00 11:59 61 1211 0073 10.84 1 2452 1 20140927191743 00038
00000070 2014 09 27 11:00 11:59 61 1211 0073 10.84 1 2452 1 20140927191743 00038
00000070 2014 10 07 11:00 11:59 61 1211 0073 10.84 1 2452 1 20141031195229 00034
00000070 2014 10 10 13:30 14:29 61 1211 0073 10.84 1 2452 1 20141031195229 00034
00000070 2014 10 17 13:30 14:29 61 1211 0073 10.84 1 2452 1 20141031195229 00034
00000070 2014 10 21 11:00 11:59 61 1211 0073 10.84 1 2452 1 20141031195229 00034
00000070 2014 10 24 13:30 14:29 61 1211 0073 10.84 1 2452 1 20141031195229 00034
00000070 2014 10 28 11:00 11:59 61 1211 0073 10.84 1 2452 1 20141031195229 00034
00000070 2014 10 31 13:30 14:29 61 1211 0073 10.84 1 2452 1 20141031195229 00034
00000070 2014 11 04 11:00 11:59 61 1211 0073 10.84 1 2452 1 20141130171053 00037
00000070 2014 11 07 13:30 14:29 61 1211 0073 10.84 1 2452 1 20141130171053 00037
00000070 2014 11 11 11:00 11:59 61 1211 0073 10.84 1 2452 1 20141130171053 00037
00000070 2014 11 14 13:30 14:29 61 1211 0073 10.84 1 2452 1 20141130171053 00037
00000070 2014 11 18 11:00 11:59 61 1211 0073 10.84 1 2452 1 20141130171053 00037
00000070 2014 11 21 13:30 14:29 61 1211 0073 10.84 1 2452 1 20141130171053 00037
00000070 2014 11 25 11:00 11:59 61 1211 0073 10.84 1 2452 1 20141130171053 00037
00000070 2014 11 28 13:30 14:29 61 1211 0073 10.84 1 2452 1 20141130171053 00037
