00000070 0070 2012 10 0000141 02 00102 _ 11:00 12:00 2 _ 0 7311 1 11 1 20140808121029 00034
00000070 0070 2012 10 0000142 05 00037 _ 13:30 14:29 2 _ 0 7311 1 11 1 20140808121029 00034
00000070 0070 2012 10 0000143 09 00102 _ 11:00 12:00 2 _ 0 7311 1 11 1 20140808121029 00034
00000070 0070 2012 10 0000144 12 00037 _ 13:30 14:29 2 _ 0 7311 1 11 1 20140808121029 00034
00000070 0070 2012 10 0000145 16 00102 _ 11:00 12:00 2 _ 0 7311 1 11 1 20140808121029 00034
00000070 0070 2012 10 0000146 19 00037 _ 13:30 14:29 2 _ 0 7311 1 11 1 20140808121029 00034
00000070 0070 2012 10 0000147 30 00037 _ 11:00 12:00 2 _ 0 7311 1 11 1 20140808121029 00034
00000070 0070 2012 11 0000148 02 00037 _ 13:30 14:29 2 _ 0 7311 1 11 1 20140808121844 00034
00000070 0070 2012 11 0000149 06 00037 _ 11:00 12:00 2 _ 0 7311 1 11 1 20140808121844 00034
00000070 0070 2012 11 0000150 13 00102 _ 11:00 12:00 2 _ 0 7311 1 11 1 20140808121844 00034
00000070 0070 2012 11 0000151 16 00037 _ 13:30 14:29 2 _ 0 7311 1 11 1 20140808121844 00034
00000070 0070 2012 11 0000152 20 00037 _ 11:00 12:00 2 _ 0 7311 1 11 1 20140808121844 00034
00000070 0070 2012 11 0000153 30 00037 _ 13:30 14:29 2 _ 0 7311 1 11 1 20140808121844 00034
00000070 0070 2012 12 0000154 07 00102 _ 13:30 14:29 2 _ 0 7311 1 11 1 20140808122412 00034
00000070 0070 2012 12 0000155 11 00037 _ 11:00 12:00 2 _ 0 7311 1 11 1 20140808122412 00034
00000070 0070 2012 12 0000156 14 00037 _ 13:30 14:29 2 _ 0 7311 1 11 1 20140808122412 00034
00000070 0070 2012 12 0000157 25 00037 _ 11:00 12:00 2 _ 0 7311 1 11 1 20140808122412 00034
00000070 0070 2012 12 0000158 28 00037 _ 13:30 14:29 2 _ 0 7311 1 11 1 20140808122412 00034
00000070 0070 2013 01 0000080 04 00102 _ 13:30 14:29 2 _ 0 7311 1 11 1 20140724172826 00034
00000070 0070 2013 01 0000081 08 00037 _ 11:00 12:00 2 _ 0 7311 1 11 1 20140724172826 00034
00000070 0070 2013 01 0000082 11 00038 _ 13:30 14:29 2 _ 0 7311 1 11 1 20140724172826 00034
00000070 0070 2013 01 0000083 18 00102 _ 13:30 14:29 2 _ 0 7311 1 11 1 20140724172826 00034
00000070 0070 2013 01 0000084 22 00037 _ 11:00 12:00 2 _ 0 7311 1 11 1 20140724172826 00034
00000070 0070 2013 01 0000085 25 00037 _ 13:30 14:29 2 _ 0 7311 1 11 1 20140724172826 00034
00000070 0070 2013 01 0000086 29 00037 _ 11:00 12:00 2 _ 0 7311 1 11 1 20140724172826 00034
00000070 0070 2013 02 0000087 01 00037 _ 13:30 14:29 2 _ 0 7311 1 11 1 20140724173103 00034
00000070 0070 2013 02 0000088 05 00037 _ 11:00 12:00 2 _ 0 7311 1 11 1 20140724173103 00034
00000070 0070 2013 02 0000089 12 00038 _ 11:00 12:00 2 _ 0 7311 1 11 1 20140724173103 00034
00000070 0070 2013 02 0000090 15 00038 _ 13:30 14:29 2 _ 0 7311 1 11 1 20140724173103 00034
00000070 0070 2013 02 0000091 19 00038 _ 11:00 12:00 2 _ 0 7311 1 11 1 20140724173103 00034
00000070 0070 2013 02 0000092 26 00038 _ 11:00 12:00 2 _ 0 7311 1 11 1 20140724173103 00034
00000070 0070 2013 03 0000093 01 00038 _ 13:30 14:29 2 _ 0 7311 1 11 1 20140724173439 00034
00000070 0070 2013 03 0000094 05 00102 _ 11:00 12:00 2 _ 0 7311 1 11 1 20140724173439 00034
00000070 0070 2013 03 0000095 12 00037 _ 11:00 12:00 2 _ 0 7311 1 11 1 20140724173439 00034
00000070 0070 2013 03 0000096 15 00037 _ 13:30 14:29 2 _ 0 7311 1 11 1 20140724173439 00034
00000070 0070 2013 03 0000097 19 00037 _ 11:00 12:00 2 _ 0 7311 1 11 1 20140724173439 00034
00000070 0070 2013 03 0000098 22 00037 _ 13:30 14:29 2 _ 0 7311 1 11 1 20140724173439 00034
00000070 0070 2013 04 0000099 02 00038 _ 11:00 12:00 2 _ 0 7311 1 11 1 20140724173926 00034
00000070 0070 2013 04 0000100 05 00038 _ 13:30 14:29 2 _ 0 7311 1 11 1 20140724173926 00034
00000070 0070 2013 04 0000101 09 00037 _ 11:00 12:00 2 _ 0 7311 1 11 1 20140724173926 00034
00000070 0070 2013 04 0000102 12 00038 _ 13:30 14:29 2 _ 0 7311 1 11 1 20140724173926 00034
00000070 0070 2013 04 0000103 16 00038 _ 11:00 12:00 2 _ 0 7311 1 11 1 20140724173926 00034
00000070 0070 2013 04 0000104 19 00037 _ 13:30 14:29 2 _ 0 7311 1 11 1 20140724173926 00034
00000070 0070 2013 04 0000105 23 00037 _ 11:00 12:00 2 _ 0 7311 1 11 1 20140724173926 00034
00000070 0070 2013 04 0000106 26 00037 _ 13:30 14:29 2 _ 0 7311 1 11 1 20140724173926 00034
00000070 0070 2013 04 0000107 30 00037 _ 11:00 12:00 2 _ 0 7311 1 11 1 20140724173926 00034
00000070 0070 2013 05 0000108 03 00102 _ 13:30 14:29 2 _ 0 7311 1 11 1 20140724174308 00034
00000070 0070 2013 05 0000109 07 00038 _ 11:00 12:00 2 _ 0 7311 1 11 1 20140724174308 00034
00000070 0070 2013 05 0000110 10 00038 _ 13:30 14:29 2 _ 0 7311 1 11 1 20140724174308 00034
00000070 0070 2013 05 0000111 14 00102 _ 11:00 12:00 2 _ 0 7311 1 11 1 20140724174308 00034
00000070 0070 2013 05 0000112 17 00038 _ 13:30 14:29 2 _ 0 7311 1 11 1 20140724174308 00034
00000070 0070 2013 05 0000113 21 00037 _ 11:00 12:00 2 _ 0 7311 1 11 1 20140724174308 00034
00000070 0070 2013 05 0000114 24 00037 _ 13:30 14:29 2 _ 0 7311 1 11 1 20140724174308 00034
00000070 0070 2013 05 0000115 28 00037 _ 11:00 12:00 2 _ 0 7311 1 11 1 20140724174308 00034
00000070 0070 2013 05 0000116 31 00038 _ 13:30 14:29 2 _ 0 7311 1 11 1 20140724174308 00034
00000070 0070 2013 06 0000117 04 00038 _ 11:00 12:00 2 _ 0 7311 1 11 1 20140724174551 00034
00000070 0070 2013 06 0000118 07 00037 _ 13:30 14:29 2 _ 0 7311 1 11 1 20140724174551 00034
00000070 0070 2013 06 0000119 11 00102 _ 11:00 12:00 2 _ 0 7311 1 11 1 20140724174551 00034
00000070 0070 2013 06 0000120 14 00037 _ 13:30 14:29 2 _ 0 7311 1 11 1 20140724174551 00034
00000070 0070 2013 06 0000121 21 00037 _ 13:30 14:29 2 _ 0 7311 1 11 1 20140724174551 00034
00000070 0070 2013 06 0000122 25 00102 _ 11:00 12:00 2 _ 0 7311 1 11 1 20140724174551 00034
00000070 0070 2013 06 0000123 28 00038 _ 13:30 14:29 2 _ 0 7311 1 11 1 20140724174551 00034
00000070 0070 2013 07 0000124 02 00037 _ 11:00 12:00 2 _ 0 7311 1 11 1 20140724175027 00034
00000070 0070 2013 07 0000125 05 00037 _ 13:30 14:29 2 _ 0 7311 1 11 1 20140724175027 00034
00000070 0070 2013 07 0000126 09 00038 _ 11:00 12:00 2 _ 0 7311 1 11 1 20140724175027 00034
00000070 0070 2013 07 0000127 12 00037 _ 13:30 14:29 2 _ 0 7311 1 11 1 20140724175027 00034
00000070 0070 2013 07 0000128 16 00037 _ 11:00 12:00 2 _ 0 7311 1 11 1 20140724175027 00034
00000070 0070 2013 07 0000129 18 00037 _ 14:00 15:00 2 _ 0 7311 1 11 1 20140724175027 00034
00000070 0070 2013 07 0000130 26 00037 _ 13:30 14:29 2 _ 0 7311 1 11 1 20140724175027 00034
00000070 0070 2013 07 0000131 30 00035 _ 11:00 12:00 2 _ 0 7311 1 11 1 20140724175027 00034
00000070 0073 2013 08 0000132 02 00037 _ 13:30 14:30 _ _ 0 1211 1 61 1 20140724180224 00034
00000070 0073 2013 08 0000133 06 00035 _ 11:00 12:00 _ _ 0 1211 1 61 1 20140724180224 00034
00000070 0073 2013 08 0000134 09 00037 _ 13:30 14:30 _ _ 0 1211 1 61 1 20140724180224 00034
00000070 0073 2013 08 0000135 13 00038 _ 11:00 12:00 _ _ 0 1211 1 61 1 20140724180224 00034
00000070 0073 2013 08 0000136 16 00038 _ 13:30 14:30 _ _ 0 1211 1 61 1 20140724180224 00034
00000070 0073 2013 08 0000137 20 00039 _ 11:00 12:00 _ _ 0 1211 1 61 1 20140724180224 00034
00000070 0073 2013 08 0000138 23 00037 _ 13:30 14:30 _ _ 0 1211 1 61 1 20140724180224 00034
00000070 0073 2013 08 0000139 27 00039 _ 11:00 12:00 _ _ 0 1211 1 61 1 20140724180224 00034
00000070 0073 2013 08 0000140 30 00037 _ 13:30 14:30 _ _ 0 1211 1 61 1 20140724180224 00034
00000070 0073 2013 09 0000047 03 00039 _ 11:00 12:00 _ _ 0 1211 1 61 1 20140626191643 00034
00000070 0073 2013 09 0000048 07 00037 _ 11:00 12:00 _ _ 0 1211 1 61 1 20140626191643 00034
00000070 0073 2013 09 0000049 10 00035 _ 11:00 12:00 _ _ 0 1211 1 61 1 20140626191643 00034
00000070 0073 2013 09 0000050 13 00037 _ 13:30 14:30 _ _ 0 1211 1 61 1 20140626191643 00034
00000070 0073 2013 09 0000051 17 00039 _ 11:00 12:00 _ _ 0 1211 1 61 1 20140626191643 00034
00000070 0073 2013 09 0000052 20 00035 _ 13:30 14:30 _ _ 0 1211 1 61 1 20140626191643 00034
00000070 0073 2013 09 0000053 24 00039 _ 11:00 12:00 _ _ 0 1211 1 61 1 20140626191643 00034
00000070 0073 2013 09 0000054 28 00038 _ 11:00 12:00 _ _ 0 1211 1 61 1 20140626191643 00034
00000070 0073 2013 10 0000055 01 00039 _ 11:00 12:00 _ _ 0 1211 1 61 1 20140627100835 00034
00000070 0073 2013 10 0000056 04 00037 _ 13:30 14:30 _ _ 0 1211 1 61 1 20140627100835 00034
00000070 0073 2013 10 0000057 08 00039 _ 11:00 12:00 _ _ 0 1211 1 61 1 20140627100835 00034
00000070 0073 2013 10 0000058 11 00038 _ 13:30 14:30 _ _ 0 1211 1 61 1 20140627100835 00034
00000070 0073 2013 10 0000059 15 00039 _ 11:00 12:00 _ _ 0 1211 1 61 1 20140627100835 00034
00000070 0073 2013 10 0000060 19 00038 _ 15:15 16:15 _ _ 0 1211 1 61 1 20140627100835 00034
00000070 0073 2013 10 0000061 25 00038 _ 13:30 14:30 _ _ 0 1211 1 61 1 20140627100835 00034
00000070 0073 2013 10 0000062 29 00037 _ 11:00 12:00 _ _ 0 1211 1 61 1 20140627100835 00034
00000070 0073 2013 11 0000063 01 00038 _ 13:30 14:30 _ _ 0 1211 1 61 1 20140627101941 00034
00000070 0073 2013 11 0000064 05 00035 _ 11:00 12:00 _ _ 0 1211 1 61 1 20140627101941 00034
00000070 0073 2013 11 0000065 08 00038 _ 13:30 14:30 _ _ 0 1211 1 61 1 20140627101941 00034
00000070 0073 2013 11 0000066 11 00037 _ 13:00 14:00 _ _ 0 1211 1 61 1 20140627101941 00034
00000070 0073 2013 11 0000067 15 00037 _ 13:30 14:30 _ _ 0 1211 1 61 1 20140627101941 00034
00000070 0073 2013 11 0000068 19 00035 _ 11:00 12:00 _ _ 0 1211 1 61 1 20140627101941 00034
00000070 0073 2013 11 0000069 22 00038 _ 13:30 14:30 _ _ 0 1211 1 61 1 20140627101941 00034
00000070 0073 2013 11 0000070 26 00037 _ 11:00 12:00 _ _ 0 1211 1 61 1 20140627101941 00034
00000070 0073 2013 11 0000071 29 00038 _ 13:30 14:30 _ _ 0 1211 1 61 1 20140627101941 00034
00000070 0073 2013 12 0000072 03 00035 _ 11:00 12:00 _ _ 0 1211 1 61 1 20140627102710 00034
00000070 0073 2013 12 0000073 06 00037 _ 13:30 14:30 _ _ 0 1211 1 61 1 20140627102710 00034
00000070 0073 2013 12 0000074 09 00035 _ 13:00 14:00 _ _ 0 1211 1 61 1 20140627102710 00034
00000070 0073 2013 12 0000075 13 00038 _ 13:30 14:30 _ _ 0 1211 1 61 1 20140627102710 00034
00000070 0073 2013 12 0000076 17 00037 _ 11:00 12:00 _ _ 0 1211 1 61 1 20140627102710 00034
00000070 0073 2013 12 0000077 20 00038 _ 13:30 14:30 _ _ 0 1211 1 61 1 20140627102710 00034
00000070 0073 2013 12 0000078 24 00037 _ 11:00 12:00 _ _ 0 1211 1 61 1 20140627102710 00034
00000070 0073 2013 12 0000079 27 00038 _ 13:30 14:30 _ _ 0 1211 1 61 1 20140627102710 00034
00000070 0073 2014 01 0000008 03 00038 _ 13:30 14:30 _ _ 0 1211 1 61 1 20140613103612 00034
00000070 0073 2014 01 0000009 10 00037 _ 13:30 14:30 _ _ 0 1211 1 61 1 20140613103612 00034
00000070 0073 2014 01 0000010 14 00037 _ 11:00 12:00 _ _ 0 1211 1 61 1 20140613103612 00034
00000070 0073 2014 01 0000011 17 00038 _ 13:30 14:30 _ _ 0 1211 1 61 1 20140613103612 00034
00000070 0073 2014 01 0000012 21 00039 _ 11:00 12:00 _ _ 0 1211 1 61 1 20140613103612 00034
00000070 0073 2014 01 0000013 24 00037 _ 13:30 14:30 _ _ 0 1211 1 61 1 20140613103612 00034
00000070 0073 2014 01 0000014 28 00039 _ 11:00 12:00 _ _ 0 1211 1 61 1 20140613103612 00034
00000070 0073 2014 01 0000015 31 00035 _ 13:30 14:30 _ _ 0 1211 1 61 1 20140613103612 00034
00000070 0073 2014 01 0000016 07 00014 _ 09:00 11:00 _ _ 0 1211 1 61 1 20140613103612 00034
00000070 0073 2014 02 0000017 03 00035 _ 14:00 15:00 _ _ 0 1211 1 61 1 20140613104236 00034
00000070 0073 2014 02 0000018 07 00037 _ 13:30 14:30 _ _ 0 1211 1 61 1 20140613104236 00034
00000070 0073 2014 02 0000019 11 00039 _ 11:00 12:00 _ _ 0 1211 1 61 1 20140613104236 00034
00000070 0073 2014 02 0000020 14 00039 _ 13:30 14:30 _ _ 0 1211 1 61 1 20140613104236 00034
00000070 0073 2014 02 0000021 18 00037 _ 11:00 12:00 _ _ 0 1211 1 61 1 20140613104236 00034
00000070 0073 2014 02 0000022 21 00038 _ 13:30 14:30 _ _ 0 1211 1 61 1 20140613104236 00034
00000070 0073 2014 02 0000023 25 00039 _ 11:00 12:00 _ _ 0 1211 1 61 1 20140613104236 00034
00000070 0073 2014 02 0000024 28 00039 _ 13:30 14:30 _ _ 0 1211 1 61 1 20140613104236 00034
00000070 0073 2014 03 0000025 07 00039 _ 13:30 14:30 _ _ 0 1211 1 61 1 20140613104740 00034
00000070 0073 2014 03 0000026 11 00039 _ 11:00 12:00 _ _ 0 1211 1 61 1 20140613104740 00034
00000070 0073 2014 03 0000027 14 00039 _ 13:30 14:30 _ _ 0 1211 1 61 1 20140613104740 00034
00000070 0073 2014 03 0000028 18 00037 _ 11:00 12:00 _ _ 0 1211 1 61 1 20140613104740 00034
00000070 0073 2014 03 0000029 21 00039 _ 13:30 14:30 _ _ 0 1211 1 61 1 20140613104740 00034
00000070 0073 2014 03 0000030 25 00039 _ 11:00 12:00 _ _ 0 1211 1 61 1 20140613104740 00034
00000070 0073 2014 03 0000031 28 00039 _ 13:30 14:30 _ _ 0 1211 1 61 1 20140613104740 00034
00000070 0073 2014 04 0000032 01 00039 _ 11:00 12:00 _ _ 0 1211 1 61 1 20140613105425 00034
00000070 0073 2014 04 0000033 04 00039 _ 13:30 14:30 _ _ 0 1211 1 61 1 20140613105425 00034
00000070 0073 2014 04 0000034 08 00039 _ 11:00 12:00 _ _ 0 1211 1 61 1 20140613105425 00034
00000070 0073 2014 04 0000035 11 00039 _ 13:30 14:30 _ _ 0 1211 1 61 1 20140613105425 00034
00000070 0073 2014 04 0000036 15 00039 _ 11:00 12:00 _ _ 0 1211 1 61 1 20140613105425 00034
00000070 0073 2014 04 0000037 18 00039 _ 13:30 14:30 _ _ 0 1211 1 61 1 20140613105425 00034
00000070 0073 2014 04 0000038 22 00039 _ 11:00 12:00 _ _ 0 1211 1 61 1 20140613105425 00034
00000070 0073 2014 04 0000039 26 00037 _ 16:30 17:30 _ _ 0 1211 1 61 1 20140613105425 00034
00000070 0073 2014 04 0000040 29 00039 _ 11:00 12:00 _ _ 0 1211 1 61 1 20140613105425 00034
00000070 0073 2014 05 0000041 02 00039 _ 13:30 14:30 _ _ 0 1211 1 61 1 20140815182740 00034
00000070 0073 2014 05 0000042 06 00039 _ 11:00 12:00 _ _ 0 1211 1 61 1 20140815182740 00034
00000070 0073 2014 05 0000043 09 00039 _ 13:30 14:30 _ _ 0 1211 1 61 1 20140815182740 00034
00000070 0073 2014 05 0000044 13 00039 _ 11:00 12:00 _ _ 0 1211 1 61 1 20140815182740 00034
00000070 0073 2014 05 0000045 16 00039 _ 13:30 14:30 _ _ 0 1211 1 61 1 20140815182740 00034
00000070 0073 2014 05 0000046 20 00039 _ 11:00 12:00 _ _ 0 1211 1 61 1 20140815182740 00034
00000070 0073 2014 05 0000159 23 00039 _ 13:30 14:30 _ _ 0 1211 1 61 1 20140815182740 00034
00000070 0073 2014 05 0000160 27 00039 _ 11:00 12:00 _ _ 0 1211 1 61 1 20140815182740 00034
00000070 0073 2014 05 0000161 30 00039 _ 13:30 14:30 _ _ 0 1211 1 61 1 20140815182740 00034
00000070 0073 2014 06 0000002 03 00035 _ 11:00 11:59 2 _ 0 1211 1 61 1 20140701100743 00034
00000070 0073 2014 06 0000003 06 00035 _ 13:30 14:29 2 _ 0 1211 1 61 1 20140701100743 00034
00000070 0073 2014 06 0000004 10 00039 _ 11:00 11:59 2 _ 0 1211 1 61 1 20140701100743 00034
00000070 0073 2014 06 0000005 13 00039 _ 13:30 14:29 2 _ 0 1211 1 61 1 20140701100743 00034
00000070 0073 2014 06 0000006 17 00039 _ 11:00 11:59 2 _ 0 1211 1 61 1 20140701100743 00034
00000070 0073 2014 06 0000007 20 00039 _ 13:30 14:29 2 _ 0 1211 1 61 1 20140701100743 00034
00000070 0073 2014 06 0000008 27 00039 _ 13:30 14:29 2 _ 0 1211 1 61 1 20140701100743 00034
00000070 0073 2014 06 0000009 24 00039 _ 11:00 11:59 2 _ 0 1211 1 61 1 20140701100743 00034
00000070 0073 2014 07 0000010 01 00039 _ 11:00 11:59 2 _ 0 1211 1 61 1 20140731104028 00035
00000070 0073 2014 07 0000011 04 00039 _ 13:30 14:29 2 _ 0 1211 1 61 1 20140731104028 00035
00000070 0073 2014 07 0000012 15 00038 _ 11:00 11:59 2 _ 0 1211 1 61 1 20140731104028 00035
00000070 0073 2014 07 0000013 11 00039 _ 13:30 14:29 2 _ 0 1211 1 61 1 20140731104028 00035
00000070 0073 2014 07 0000014 22 00035 _ 11:00 11:59 2 _ 0 1211 1 61 1 20140731104028 00035
00000070 0073 2014 07 0000015 25 00038 _ 13:30 14:29 2 _ 0 1211 1 61 1 20140731104028 00035
00000070 0073 2014 07 0000016 18 00039 _ 13:30 14:29 2 _ 0 1211 1 61 1 20140731104028 00035
00000070 0073 2014 07 0000017 29 00039 _ 11:00 11:59 2 _ 0 1211 1 61 1 20140731104028 00035
00000070 0073 2014 07 0000018 08 00039 _ 11:00 11:59 2 _ 0 1211 1 61 1 20140731104028 00035
00000070 0073 2014 08 0000019 01 00039 _ 13:30 14:29 2 _ 0 1211 1 61 1 20140830202514 00038
00000070 0073 2014 08 0000020 05 00039 _ 11:00 11:59 2 _ 0 1211 1 61 1 20140830202514 00038
00000070 0073 2014 08 0000021 08 00039 _ 13:30 14:29 2 _ 0 1211 1 61 1 20140830202514 00038
00000070 0073 2014 08 0000022 12 00039 _ 11:00 11:59 2 _ 0 1211 1 61 1 20140830202514 00038
00000070 0073 2014 08 0000023 15 00039 _ 13:30 14:29 2 _ 0 1211 1 61 1 20140830202514 00038
00000070 0073 2014 08 0000024 26 00037 _ 11:00 11:59 2 _ 0 1211 1 61 1 20140830202514 00038
00000070 0073 2014 08 0000025 29 00037 _ 13:30 14:29 2 _ 0 1211 1 61 1 20140830202514 00038
00000070 0073 2014 08 0000026 19 00039 _ 11:00 11:59 2 _ 0 1211 1 61 1 20140830202514 00038
00000070 0073 2014 08 0000027 22 00039 _ 13:30 14:29 2 _ 0 1211 1 61 1 20140830202514 00038
00000070 0073 2014 09 0000028 02 00039 _ 11:00 11:59 2 _ 0 1211 1 61 1 20140927191743 00038
00000070 0073 2014 09 0000029 09 00039 _ 11:00 11:59 2 _ 0 1211 1 61 1 20140927191743 00038
00000070 0073 2014 09 0000030 05 00039 _ 13:30 14:29 2 _ 0 1211 1 61 1 20140927191743 00038
00000070 0073 2014 09 0000031 16 00037 _ 11:00 11:59 2 _ 0 1211 1 61 1 20140927191743 00038
00000070 0073 2014 09 0000032 23 00039 _ 11:00 11:59 2 _ 0 1211 1 61 1 20140927191743 00038
00000070 0073 2014 09 0000033 19 00035 _ 13:30 14:29 2 _ 0 1211 1 61 1 20140927191743 00038
00000070 0073 2014 09 0000034 12 00039 _ 13:30 14:29 2 _ 0 1211 1 61 1 20140927191743 00038
00000070 0073 2014 09 0000035 27 00037 _ 11:00 11:59 2 _ 0 1211 1 61 1 20140927191743 00038
00000070 0073 2014 10 0000036 03 _ _ 13:30 14:29 _ _ 0 _ 1 61 9 20141029132254 00038
00000070 0073 2014 10 0000037 07 00039 _ 11:00 11:59 2 _ 0 1211 1 61 1 20141031195229 00034
00000070 0073 2014 10 0000038 10 00039 _ 13:30 14:29 2 _ 0 1211 1 61 1 20141031195229 00034
00000070 0073 2014 10 0000039 14 _ _ 11:00 11:59 _ _ 0 _ 1 61 9 20141029132150 00038
00000070 0073 2014 10 0000040 17 00039 _ 13:30 14:29 2 _ 0 1211 1 61 1 20141031195229 00034
00000070 0073 2014 10 0000041 21 00035 _ 11:00 11:59 2 _ 0 1211 1 61 1 20141031195229 00034
00000070 0073 2014 10 0000042 24 00039 _ 13:30 14:29 2 _ 0 1211 1 61 1 20141031195229 00034
00000070 0073 2014 10 0000043 28 00039 _ 11:00 11:59 2 _ 0 1211 1 61 1 20141031195229 00034
00000070 0073 2014 10 0000044 31 00039 _ 13:30 14:29 2 _ 0 1211 1 61 1 20141031195229 00034
00000070 0073 2014 11 0000045 04 00039 _ 11:00 11:59 2 _ 0 1211 1 61 1 20141130171053 00037
00000070 0073 2014 11 0000046 07 00038 _ 13:30 14:29 2 _ 0 1211 1 61 1 20141130171053 00037
00000070 0073 2014 11 0000047 11 00039 _ 11:00 11:59 2 _ 0 1211 1 61 1 20141130171053 00037
00000070 0073 2014 11 0000048 14 00039 _ 13:30 14:29 2 _ 0 1211 1 61 1 20141130171053 00037
00000070 0073 2014 11 0000049 18 00037 _ 11:00 11:59 2 _ 0 1211 1 61 1 20141130171053 00037
00000070 0073 2014 11 0000050 21 00037 _ 13:30 14:29 2 _ 0 1211 1 61 1 20141130171053 00037
00000070 0073 2014 11 0000051 25 00039 _ 11:00 11:59 2 _ 0 1211 1 61 1 20141130171053 00037
00000070 0073 2014 11 0000052 28 00039 _ 13:30 14:29 2 _ 0 1211 1 61 1 20141130171053 00037
00000070 0073 2014 12 0000053 02 00039 _ 11:00 11:59 2 _ 0 1211 1 61 1 20141203095540 00037
00000070 0073 2014 12 0000054 05 _ _ 13:30 14:29 _ _ 0 1211 1 61 1 20141203095540 00037
00000070 0073 2014 12 0000055 09 _ _ 11:00 11:59 _ _ 0 1211 1 61 1 20141203095540 00037
00000070 0073 2014 12 0000056 12 _ _ 13:30 14:29 _ _ 0 1211 1 61 1 20141203095540 00037
00000070 0073 2014 12 0000057 16 _ _ 11:00 11:59 _ _ 0 1211 1 61 1 20141203095540 00037
00000070 0073 2014 12 0000058 19 _ _ 13:30 14:29 _ _ 0 1211 1 61 1 20141203095540 00037
00000070 0073 2014 12 0000059 23 _ _ 11:00 11:59 _ _ 0 1211 1 61 1 20141203095540 00037
00000070 0073 2014 12 0000060 26 _ _ 13:30 14:29 _ _ 0 1211 1 61 1 20141203095540 00037
00000070 0073 2014 12 0000061 30 _ _ 11:00 11:59 _ _ 0 1211 1 61 1 20141203095540 00037
