000002292014011 00000229 2014 01 02 61 1111 1 10:00 11:00 0107 1 1220 0 _ _ 1 20140619175954 78
000002292014011 00000229 2014 01 09 61 1111 1 10:00 11:00 0107 1 1220 0 _ _ 1 20140619175954 78
000002292014011 00000229 2014 01 16 61 1111 1 10:00 11:00 0107 1 1220 0 _ _ 1 20140619175954 78
000002292014011 00000229 2014 01 23 61 1111 1 10:00 11:00 0107 1 1220 0 _ _ 1 20140619175954 78
000002292014011 00000229 2014 01 30 61 1111 1 10:00 11:00 0107 1 1220 0 _ _ 1 20140619175954 78
000002292014012 00000229 2014 01 01 67 1007 1 _ _ 0221 1 900 0 _ _ 1 20140619175954 78
000002292014021 00000229 2014 02 13 61 1111 1 10:00 11:00 0107 1 1220 0 _ _ 1 20140619180443 78
000002292014021 00000229 2014 02 20 61 1111 1 10:00 11:00 0107 1 1220 0 _ _ 1 20140619180443 78
000002292014021 00000229 2014 02 27 61 1111 1 10:00 11:00 0107 1 1220 0 _ _ 1 20140619180443 78
000002292014022 00000229 2014 02 01 67 1007 1 _ _ 0221 1 900 0 _ _ 1 20140619180443 78
000002292014031 00000229 2014 03 06 61 1111 1 10:00 11:00 0107 1 1220 0 _ _ 1 20140619180705 78
000002292014031 00000229 2014 03 13 61 1111 1 10:00 11:00 0107 1 1220 0 _ _ 1 20140619180705 78
000002292014031 00000229 2014 03 20 61 1111 1 10:00 11:00 0107 1 1220 0 _ _ 1 20140619180705 78
000002292014031 00000229 2014 03 27 61 1111 1 10:00 11:00 0107 1 1220 0 _ _ 1 20140619180705 78
000002292014032 00000229 2014 03 01 67 1007 1 _ _ 0221 1 900 0 _ _ 1 20140619180705 78
000002292014041 00000229 2014 04 03 61 1111 1 10:00 11:00 0107 1 1226 0 _ _ 1 20140619180924 78
000002292014041 00000229 2014 04 10 61 1111 1 10:00 11:00 0107 1 1226 0 _ _ 1 20140619180924 78
000002292014041 00000229 2014 04 14 61 1111 1 10:00 11:00 0107 1 1226 0 _ _ 1 20140619180924 78
000002292014041 00000229 2014 04 24 61 1111 1 10:00 11:00 0107 1 1226 0 _ _ 1 20140619180924 78
000002292014042 00000229 2014 04 01 67 1007 1 _ _ 0221 1 900 0 _ _ 1 20140619180924 78
000002292014051 00000229 2014 05 01 61 1111 1 10:00 11:00 0107 1 1226 0 _ _ 1 20140626155750 78
000002292014051 00000229 2014 05 08 61 1111 1 10:00 11:00 0107 1 1226 0 _ _ 1 20140626155750 78
000002292014051 00000229 2014 05 15 61 1111 1 10:00 11:00 0107 1 1226 0 _ _ 1 20140626155750 78
000002292014051 00000229 2014 05 22 61 1111 1 10:00 11:00 0107 1 1226 0 _ _ 1 20140626155750 78
000002292014051 00000229 2014 05 29 61 1111 1 10:00 11:00 0107 1 1226 0 _ _ 1 20140626155750 78
000002292014052 00000229 2014 05 01 67 1007 1 _ _ 0221 1 900 0 _ _ 1 20140626155750 78
