1 00001249 2015 04 61 0073 グランクレール・ケアサービス横浜 1111 予防訪問介護Ⅰ 1168 0 1168 1 1168 _ _ _ _ _ _ _ _ _ _ n 1 20150410183939 00241
1 00001249 2015 05 61 0073 グランクレール・ケアサービス横浜 1111 予防訪問介護Ⅰ 1168 0 1168 5 1168 1168 0 0 1168 11.05 12906 90 11615 1291 0 n 1 20150501160436 00241
10 00001249 2015 04 65 0271 レッツ倶楽部　横浜青葉 1111 予防通所介護１ 1647 0 1647 1 1647 _ _ _ _ _ _ _ _ _ _ n 1 20150410183939 00241
10 0086 00001249 2015 05 65 6108 0086 10.9 1647 予防通所介護サービス提供体制加算I12 1647 a 1647 0 1647 0 1647 5 8235 90 0 0 8235 n 1 20150501160436 00241
11 00001249 2015 04 65 0271 レッツ倶楽部　横浜青葉 _ _ _ 0 _ 1 1647 0 1647 510 1137 _ _ _ _ _ _ j 1 20150410183939 00241
11 0271 00001249 2015 05 65 5002 0271 10.68 1647 予防通所介護運動器機能向上加算 1647 a 1647 0 1647 0 1647 5 8235 90 0 0 8235 n 1 20150501160436 00241
12 00001249 2015 04 65 0271 レッツ倶楽部　横浜青葉 6111 予防通所介護処遇改善加算Ⅰ 31 0 31 1 31 0 31 0 31 _ _ _ _ _ _ a 1 20150410183939 00241
12 0086 00001249 2015 05 65 5002 _ _ _ 予防通所介護運動器機能向上加算 _ 0 1647 0 1647 0 1647 5 8235 90 0 0 8235 j 1 20150501160436 00241
13 00001249 2015 04 65 0271 レッツ倶楽部　横浜青葉 _ 事業所合計 _ _ _ 2 1678 0 1678 510 1168 10.68 12474 90 11226 1248 5447 t 1 20150410183939 00241
13 0086 00001249 2015 05 65 6107 _ _ _ 予防通所介護サービス提供体制加算I11 _ 0 1647 0 1647 0 1647 5 8235 90 0 0 8235 j 1 20150501160436 00241
14 0086 00001249 2015 05 65 6108 _ _ _ 予防通所介護サービス提供体制加算I12 _ 0 1647 0 1647 0 1647 5 8235 90 0 0 8235 j 1 20150501160436 00241
15 0271 00001249 2015 05 65 5002 _ _ _ 予防通所介護運動器機能向上加算 _ 0 1647 0 1647 0 1647 5 8235 90 0 0 8235 j 1 20150501160436 00241
2 00001249 2015 04 61 0073 グランクレール・ケアサービス横浜 1114 予防訪問介護Ⅰ・同一 1051 0 1051 1 1051 _ _ _ _ _ _ _ _ _ _ n 1 20150410183939 00241
2 00001249 2015 05 61 0073 グランクレール・ケアサービス横浜 1114 予防訪問介護Ⅰ・同一 1051 0 1051 9 1051 1051 0 0 1051 11.05 11613 90 10451 1162 0 n 1 20150501160436 00241
3 00001249 2015 04 61 0073 グランクレール・ケアサービス横浜 _ _ _ 0 _ 2 2219 0 2219 0 2219 _ _ _ _ _ _ j 1 20150410183939 00241
3 00001249 2015 05 61 0073 グランクレール・ケアサービス横浜 _ _ _ 0 _ 14 2219 2219 0 0 2219 11.05 24519 90 22066 2453 0 j 1 20150501160436 00241
4 00001249 2015 04 61 0073 グランクレール・ケアサービス横浜 _ 事業所合計 _ _ _ 2 2219 0 2219 0 2219 11.05 24519 90 22067 2452 0 t 1 20150410183939 00241
4 00001249 2015 05 65 0086 デイホームAbc 1111 予防通所介護１ 1647 0 1647 5 1647 1647 0 0 1647 10.9 17952 90 16156 1796 0 n 1 20150501160436 00241
5 00001249 2015 04 65 0086 デイホームAbc 1111 予防通所介護１ 1647 0 1647 1 1647 _ _ _ _ _ _ _ _ _ _ n 1 20150410183939 00241
5 00001249 2015 05 65 0086 デイホームAbc _ _ _ 0 _ 5 1647 1647 0 0 1647 10.9 17952 90 16156 1796 0 j 1 20150501160436 00241
6 00001249 2015 04 65 0086 デイホームAbc _ _ _ 0 _ 1 1647 0 1647 0 1647 _ _ _ _ _ _ j 1 20150410183939 00241
6 00001249 2015 05 65 0271 レッツ倶楽部　横浜青葉 1111 予防通所介護１ 1647 0 1647 5 1647 1137 510 0 1647 10.68 17589 90 10928 1215 5446 n 1 20150501160436 00241
7 00001249 2015 04 65 0086 デイホームAbc 6107 予防通所介護サービス提供体制加算I11 72 0 72 1 72 0 72 0 72 _ _ _ _ _ _ a 1 20150410183939 00241
7 00001249 2015 05 65 0271 レッツ倶楽部　横浜青葉 _ _ _ 0 _ 5 1647 1137 510 0 1647 10.68 17589 90 10928 1215 5446 j 1 20150501160436 00241
8 00001249 2015 04 65 0086 デイホームAbc 6110 予防通所介護処遇改善加算I 69 0 69 1 69 0 69 0 69 _ _ _ _ _ _ a 1 20150410183939 00241
8 0086 00001249 2015 05 65 5002 0086 10.9 1647 予防通所介護運動器機能向上加算 1647 a 1647 0 1647 0 1647 5 8235 90 0 0 8235 n 1 20150501160436 00241
9 00001249 2015 04 65 0086 デイホームAbc _ 事業所合計 _ _ _ 3 1788 0 1788 0 1788 10.90 19489 90 17540 1949 0 t 1 20150410183939 00241
9 0086 00001249 2015 05 65 6107 0086 10.9 1647 予防通所介護サービス提供体制加算I11 1647 a 1647 0 1647 0 1647 5 8235 90 0 0 8235 n 1 20150501160436 00241
