000000922014041 00000092 2014 04 06 11 7311 1 10:00 11:00 0070 1 236 0 _ _ 1 20140616135556 24
000000922014042 00000092 2014 04 10 11 7311 1 09:15 10:15 0070 1 236 0 _ _ 1 20140616135556 24
000000922014042 00000092 2014 04 17 11 7311 1 09:15 10:15 0070 1 236 0 _ _ 1 20140616135556 24
000000922014042 00000092 2014 04 24 11 7311 1 09:15 10:15 0070 1 236 0 _ _ 1 20140616135556 24
000000922014051 00000092 2014 05 01 11 7311 1 09:15 10:15 0070 1 236 0 _ _ 1 20140818142825 24
000000922014051 00000092 2014 05 08 11 7311 1 09:15 10:15 0070 1 236 0 _ _ 1 20140818142825 24
000000922014051 00000092 2014 05 15 11 7311 1 09:15 10:15 0070 1 236 0 _ _ 1 20140818142825 24
000000922014051 00000092 2014 05 22 11 7311 1 09:15 10:15 0070 1 236 0 _ _ 1 20140818142825 24
000000922014052 00000092 2014 05 29 11 7311 1 09:20 10:15 0070 1 236 0 _ _ 1 20140818142825 24
000000922014061 00000092 2014 06 05 11 7311 1 09:15 10:14 0070 1 236 0 _ _ 1 20140702155923 25
000000922014061 00000092 2014 06 12 11 7311 1 09:15 10:14 0070 1 236 0 _ _ 1 20140702155923 25
000000922014061 00000092 2014 06 19 11 7311 1 09:15 10:14 0070 1 236 0 _ _ 1 20140702155923 25
000000922014061 00000092 2014 06 26 11 7311 1 09:15 10:14 0070 1 236 0 _ _ 1 20140702155923 25
000000922014071 00000092 2014 07 03 11 7311 1 09:15 10:14 0070 1 236 0 _ _ 1 20140803180809 25
000000922014071 00000092 2014 07 10 11 7311 1 09:15 10:14 0070 1 236 0 _ _ 1 20140803180809 25
000000922014071 00000092 2014 07 17 11 7311 1 09:15 10:14 0070 1 236 0 _ _ 1 20140803180809 25
000000922014071 00000092 2014 07 24 11 7311 1 09:15 10:14 0070 1 236 0 _ _ 1 20140803180809 25
000000922014071 00000092 2014 07 31 11 7311 1 09:15 10:14 0070 1 236 0 _ _ 1 20140803180809 25
