000000632014061 00000063 2014 06 06 61 1111 10:00 11:00 0055 1 1226 0 _ _ 1 1 20140702221025 24
000000632014061 00000063 2014 06 13 61 1111 10:00 11:00 0055 1 1226 0 _ _ 1 1 20140702221025 24
000000632014061 00000063 2014 06 20 61 1111 10:00 11:00 0055 1 1226 0 _ _ 1 1 20140702221025 24
000000632014061 00000063 2014 06 27 61 1111 10:00 11:00 0055 1 1226 0 _ _ 1 1 20140702221025 24
000000632014063 00000063 2014 06 01 67 1009 _ _ 0045 1 204 0 _ _ 1 1 20140702221025 24
000000632014064 00000063 2014 06 01 67 1009 _ _ 0045 1 308 0 _ _ 1 1 20140702221025 24
000000632014071 00000063 2014 07 04 61 1111 10:00 10:59 0055 1 1226 0 _ _ 1 1 20140801191330 24
000000632014071 00000063 2014 07 11 61 1111 10:00 10:59 0055 1 1226 0 _ _ 1 1 20140801191330 24
000000632014071 00000063 2014 07 18 61 1111 10:00 10:59 0055 1 1226 0 _ _ 1 1 20140801191330 24
000000632014071 00000063 2014 07 25 61 1111 10:00 10:59 0055 1 1226 0 _ _ 1 1 20140801191330 24
000000632014072 00000063 2014 07 03 65 1121 13:30 16:45 0271 1 4236 0 _ _ 1 1 20140801191330 24
000000632014072 00000063 2014 07 10 65 1121 13:30 16:45 0271 1 4236 0 _ _ 1 1 20140801191330 24
000000632014072 00000063 2014 07 17 65 1121 13:30 16:45 0271 1 4236 0 _ _ 1 1 20140801191330 24
000000632014072 00000063 2014 07 24 65 1121 13:30 16:45 0271 1 4236 0 _ _ 1 1 20140801191330 24
000000632014072 00000063 2014 07 31 65 1121 13:30 16:45 0271 1 4236 0 _ _ 1 1 20140801191330 24
000000632014073 00000063 2014 07 03 65 5002 _ _ 0271 1 225 0 _ _ 1 1 20140801191330 24
000000632014074 00000063 2014 07 01 67 1009 _ _ 0045 1 204 0 _ _ 1 1 20140801191330 24
000000632014075 00000063 2014 07 01 67 1009 _ _ 0045 1 308 0 _ _ 1 1 20140801191330 24
000000632014081 00000063 2014 08 01 61 1111 10:00 10:59 0055 1 1226 0 _ _ 1 1 20140721103342 24
000000632014081 00000063 2014 08 08 61 1111 10:00 10:59 0055 1 1226 0 _ _ 1 1 20140721103342 24
000000632014081 00000063 2014 08 15 61 1111 10:00 10:59 0055 1 1226 0 _ _ 1 1 20140721103342 24
000000632014081 00000063 2014 08 22 61 1111 10:00 10:59 0055 1 1226 0 _ _ 1 1 20140721103342 24
000000632014081 00000063 2014 08 29 61 1111 10:00 10:59 0055 1 1226 0 _ _ 1 1 20140721103342 24
000000632014082 00000063 2014 08 07 65 1121 13:30 16:45 0271 1 4236 0 _ _ 1 1 20140721103342 24
000000632014082 00000063 2014 08 14 65 1121 13:30 16:45 0271 1 4236 0 _ _ 1 1 20140721103342 24
000000632014082 00000063 2014 08 21 65 1121 13:30 16:45 0271 1 4236 0 _ _ 1 1 20140721103342 24
000000632014082 00000063 2014 08 28 65 1121 13:30 16:45 0271 1 4236 0 _ _ 1 1 20140721103342 24
000000632014083 00000063 2014 08 07 65 5002 _ _ 0271 1 225 0 _ _ 1 1 20140721103342 24
000000632014083 00000063 2014 08 14 65 5002 _ _ 0271 1 225 0 _ _ 1 1 20140721103342 24
000000632014083 00000063 2014 08 21 65 5002 _ _ 0271 1 225 0 _ _ 1 1 20140721103342 24
000000632014083 00000063 2014 08 28 65 5002 _ _ 0271 1 225 0 _ _ 1 1 20140721103342 24
000000632014084 00000063 2014 08 01 67 1009 _ _ 0045 1 204 0 _ _ 1 1 20140721103342 24
000000632014085 00000063 2014 08 01 67 1009 _ _ 0045 1 308 0 _ _ 1 1 20140721103342 24
000000632014091 00000063 2014 09 05 61 1111 10:00 10:59 0055 1 1226 0 _ _ 1 1 20140817142819 24
000000632014091 00000063 2014 09 12 61 1111 10:00 10:59 0055 1 1226 0 _ _ 1 1 20140817142819 24
000000632014091 00000063 2014 09 19 61 1111 10:00 10:59 0055 1 1226 0 _ _ 1 1 20140817142819 24
000000632014091 00000063 2014 09 26 61 1111 10:00 10:59 0055 1 1226 0 _ _ 1 1 20140817142819 24
000000632014092 00000063 2014 09 04 65 1121 13:30 16:45 0271 1 4236 0 _ _ 1 1 20140817142819 24
000000632014092 00000063 2014 09 11 65 1121 13:30 16:45 0271 1 4236 0 _ _ 1 1 20140817142819 24
000000632014092 00000063 2014 09 18 65 1121 13:30 16:45 0271 1 4236 0 _ _ 1 1 20140817142819 24
000000632014092 00000063 2014 09 25 65 1121 13:30 16:45 0271 1 4236 0 _ _ 1 1 20140817142819 24
000000632014093 00000063 2014 09 01 67 1009 _ _ 0045 1 204 0 _ _ 1 1 20140817142819 24
000000632014094 00000063 2014 09 01 67 1009 _ _ 0045 1 308 0 _ _ 1 1 20140817142819 24
000000632014095 00000063 2014 09 04 65 5002 _ _ 0271 1 225 0 _ _ 1 1 20140817142819 24
