00000209 0029 2013 01 0000133 01 00049 _ 09:00 10:00 _ _ 0 4111 1 11 1 20140708115238 00078
00000209 0029 2013 01 0000134 10 00051 _ 09:00 10:00 _ _ 0 5111 1 11 1 20140708115302 00078
00000209 0107 2012 04 0000196 02 00050 _ 10:45 11:44 _ _ 0 1211 1 61 1 20140716105104 00078
00000209 0107 2012 04 0000197 06 00049 _ 10:45 11:44 _ _ 0 1211 1 61 1 20140716105104 00078
00000209 0107 2012 04 0000198 09 00049 _ 10:45 11:44 _ _ 0 1211 1 61 1 20140716105104 00078
00000209 0107 2012 04 0000199 16 00050 _ 10:45 11:44 _ _ 0 1211 1 61 1 20140716105104 00078
00000209 0107 2012 04 0000200 23 00049 _ 10:45 11:44 _ _ 0 1211 1 61 1 20140716105104 00078
00000209 0107 2012 04 0000201 27 00049 _ 10:45 11:44 _ _ 0 1211 1 61 1 20140716105104 00078
00000209 0107 2012 04 0000202 30 00049 _ 10:45 11:44 _ _ 0 1211 1 61 1 20140716105104 00078
00000209 0107 2012 05 0000203 04 00049 _ 10:45 11:44 _ _ 0 1211 1 61 1 20140716105754 00078
00000209 0107 2012 05 0000204 11 00049 _ 10:45 11:44 _ _ 0 1211 1 61 1 20140716105754 00078
00000209 0107 2012 05 0000205 14 00050 _ 10:45 11:44 _ _ 0 1211 1 61 1 20140716105754 00078
00000209 0107 2012 05 0000206 18 00050 _ 10:45 11:44 _ _ 0 1211 1 61 1 20140716105754 00078
00000209 0107 2012 05 0000207 21 00049 _ 10:45 11:44 _ _ 0 1211 1 61 1 20140716105754 00078
00000209 0107 2012 05 0000208 25 00049 _ 10:45 11:44 _ _ 0 1211 1 61 1 20140716105754 00078
00000209 0107 2012 06 0000209 01 00049 _ 10:45 11:44 _ _ 0 1211 1 61 1 20140716110147 00078
00000209 0107 2012 06 0000210 04 00050 _ 10:45 11:44 _ _ 0 1211 1 61 1 20140716110147 00078
00000209 0107 2012 06 0000211 08 00050 _ 10:45 11:44 _ _ 0 1211 1 61 1 20140716110147 00078
00000209 0107 2012 06 0000212 11 00049 _ 10:45 11:44 _ _ 0 1211 1 61 1 20140716110147 00078
00000209 0107 2012 06 0000213 15 00050 _ 10:45 11:44 _ _ 0 1211 1 61 1 20140716110147 00078
00000209 0107 2012 06 0000214 18 00050 _ 10:45 11:44 _ _ 0 1211 1 61 1 20140716110147 00078
00000209 0107 2012 06 0000215 25 00049 _ 10:45 11:44 _ _ 0 1211 1 61 1 20140716110147 00078
00000209 0107 2012 07 0000216 02 00049 _ 10:45 11:44 _ _ 0 1211 1 61 1 20140716110956 00078
00000209 0107 2012 07 0000217 06 00050 _ 10:45 11:44 _ _ 0 1211 1 61 1 20140716110956 00078
00000209 0107 2012 07 0000218 09 _ _ _ _ _ _ 0 _ 1 61 9 20140716110931 00078
00000209 0107 2012 07 0000219 13 00049 _ 10:45 11:44 _ _ 0 1211 1 61 1 20140716110956 00078
00000209 0107 2012 07 0000220 16 00049 _ 10:45 11:44 _ _ 0 1211 1 61 1 20140716110956 00078
00000209 0107 2012 07 0000221 20 00049 _ 10:45 11:44 _ _ 0 1211 1 61 1 20140716110956 00078
00000209 0107 2012 07 0000222 23 00050 _ 10:45 11:44 _ _ 0 1211 1 61 1 20140716110956 00078
00000209 0107 2012 07 0000223 30 00050 _ 10:45 11:44 _ _ 0 1211 1 61 1 20140716110956 00078
00000209 0107 2012 08 0000224 03 00050 _ 10:45 11:44 _ _ 0 1211 1 61 1 20140716111251 00078
00000209 0107 2012 08 0000225 06 00050 _ 10:45 11:44 _ _ 0 1211 1 61 1 20140716111251 00078
00000209 0107 2012 08 0000226 10 00049 _ 10:45 11:44 _ _ 0 1211 1 61 1 20140716111251 00078
00000209 0107 2012 08 0000227 13 00050 _ 10:45 11:44 _ _ 0 1211 1 61 1 20140716111251 00078
00000209 0107 2012 08 0000228 20 00050 _ 10:45 11:44 _ _ 0 1211 1 61 1 20140716111251 00078
00000209 0107 2012 08 0000229 24 00050 _ 10:45 11:44 _ _ 0 1211 1 61 1 20140716111251 00078
00000209 0107 2012 08 0000230 31 00050 _ 10:45 11:44 _ _ 0 1211 1 61 1 20140716111251 00078
00000209 0107 2012 09 0000231 03 00050 _ 10:45 11:44 _ _ 0 1211 1 61 1 20140716111628 00078
00000209 0107 2012 09 0000232 07 00050 _ 10:45 11:44 _ _ 0 1211 1 61 1 20140716111628 00078
00000209 0107 2012 09 0000233 10 00050 _ 10:45 11:44 _ _ 0 1211 1 61 1 20140716111628 00078
00000209 0107 2012 09 0000234 14 00049 _ 10:45 11:44 _ _ 0 1211 1 61 1 20140716111628 00078
00000209 0107 2012 09 0000235 17 00049 _ 10:45 11:44 _ _ 0 1211 1 61 1 20140716111628 00078
00000209 0107 2012 09 0000236 21 00049 _ 10:45 11:44 _ _ 0 1211 1 61 1 20140716111628 00078
00000209 0107 2012 09 0000237 24 00050 _ 10:45 11:44 _ _ 0 1211 1 61 1 20140716111628 00078
00000209 0107 2012 09 0000238 28 00050 _ 10:45 11:44 _ _ 0 1211 1 61 1 20140716111628 00078
00000209 0107 2012 10 0000239 01 00050 _ 10:45 11:44 _ _ 0 1211 1 61 1 20140716112102 00078
00000209 0107 2012 10 0000240 05 00049 _ 10:45 11:44 _ _ 0 1211 1 61 1 20140716112102 00078
00000209 0107 2012 10 0000241 08 00049 _ 10:45 11:44 _ _ 0 1211 1 61 1 20140716112102 00078
00000209 0107 2012 10 0000242 15 00049 _ 10:45 11:44 _ _ 0 1211 1 61 1 20140716112102 00078
00000209 0107 2012 10 0000243 26 00049 _ 10:45 11:44 _ _ 0 1211 1 61 1 20140716112102 00078
00000209 0107 2012 10 0000244 29 00049 _ 10:45 11:44 _ _ 0 1211 1 61 1 20140716112102 00078
00000209 0107 2012 11 0000245 02 00049 _ 10:45 11:44 _ _ 0 1211 1 61 1 20140716113009 00078
00000209 0107 2012 11 0000246 05 00050 _ 10:45 11:44 _ _ 0 1211 1 61 1 20140716113009 00078
00000209 0107 2012 11 0000247 09 00050 _ 10:45 11:44 _ _ 0 1211 1 61 1 20140716113009 00078
00000209 0107 2012 11 0000248 16 00049 _ 10:45 11:44 _ _ 0 1211 1 61 1 20140716113009 00078
00000209 0107 2012 11 0000249 19 00051 _ 10:45 11:44 _ _ 0 1211 1 61 1 20140716113009 00078
00000209 0107 2012 11 0000250 23 00050 _ 10:45 11:44 _ _ 0 1211 1 61 1 20140716113009 00078
00000209 0107 2012 11 0000251 26 00051 _ 10:45 11:44 _ _ 0 1211 1 61 1 20140716113009 00078
00000209 0107 2012 12 0000252 03 00049 _ 10:45 11:44 _ _ 0 1211 1 61 1 20140716113517 00078
00000209 0107 2012 12 0000253 10 00051 _ 10:45 11:44 _ _ 0 1211 1 61 1 20140716113517 00078
00000209 0107 2012 12 0000254 14 00051 _ 10:45 11:44 _ _ 0 1211 1 61 1 20140716113517 00078
00000209 0107 2012 12 0000255 21 00050 _ 10:45 11:44 _ _ 0 1211 1 61 1 20140716113517 00078
00000209 0107 2012 12 0000256 28 00051 _ 10:45 11:44 _ _ 0 1211 1 61 1 20140716113517 00078
00000209 0107 2012 12 0000257 31 00049 _ 10:45 11:44 _ _ 0 1211 1 61 1 20140716113517 00078
00000209 0107 2013 01 0000135 04 00050 _ 10:45 11:44 _ _ 0 1211 1 61 1 20140708141354 00078
00000209 0107 2013 01 0000136 07 00050 _ 10:45 11:44 _ _ 0 1211 1 61 1 20140708141354 00078
00000209 0107 2013 01 0000137 14 00051 _ 10:45 11:44 _ _ 0 1211 1 61 1 20140708141354 00078
00000209 0107 2013 01 0000138 18 00048 _ 10:45 11:44 _ _ 0 1211 1 61 1 20140708141354 00078
00000209 0107 2013 01 0000139 21 00051 _ 10:45 11:44 _ _ 0 1211 1 61 1 20140708141354 00078
00000209 0107 2013 01 0000140 25 00051 _ 10:45 11:44 _ _ 0 1211 1 61 1 20140708141354 00078
00000209 0107 2013 01 0000141 28 00051 _ 10:45 11:44 _ _ 0 1211 1 61 1 20140708141354 00078
00000209 0107 2013 02 0000142 01 00049 _ 10:45 11:44 _ _ 0 1211 1 61 1 20140708141931 00078
00000209 0107 2013 02 0000143 08 00051 _ 10:45 11:44 _ _ 0 1211 1 61 1 20140708141931 00078
00000209 0107 2013 02 0000144 11 _ _ _ _ _ _ 0 _ 1 61 9 20140708141854 00078
00000209 0107 2013 02 0000145 15 00050 _ 10:45 11:44 _ _ 0 1211 1 61 1 20140708141931 00078
00000209 0107 2013 02 0000146 18 00049 _ 10:45 11:44 _ _ 0 1211 1 61 1 20140708141931 00078
00000209 0107 2013 02 0000147 22 00051 _ 10:45 11:44 _ _ 0 1211 1 61 1 20140708141931 00078
00000209 0107 2013 03 0000148 01 00049 _ 10:45 11:44 _ _ 0 1211 1 61 1 20140708142711 00078
00000209 0107 2013 03 0000149 04 00050 _ 10:45 11:44 _ _ 0 1211 1 61 1 20140708142711 00078
00000209 0107 2013 03 0000150 08 00050 _ 10:45 11:44 _ _ 0 1211 1 61 1 20140708142711 00078
00000209 0107 2013 03 0000151 11 00051 _ 10:45 11:44 _ _ 0 1211 1 61 1 20140708142711 00078
00000209 0107 2013 03 0000152 15 00051 _ 10:45 11:44 _ _ 0 1211 1 61 1 20140708142711 00078
00000209 0107 2013 03 0000153 22 00050 _ 10:45 11:44 _ _ 0 1211 1 61 1 20140708142711 00078
00000209 0107 2013 03 0000154 25 00049 _ 10:45 11:44 _ _ 0 1211 1 61 1 20140708142711 00078
00000209 0107 2013 03 0000155 29 00050 _ 10:45 11:44 _ _ 0 1211 1 61 1 20140708142711 00078
00000209 0107 2013 04 0000156 01 00049 _ 10:45 11:44 _ _ 0 1211 1 61 1 20140708143341 00078
00000209 0107 2013 04 0000157 05 00051 _ 10:45 11:44 _ _ 0 1211 1 61 1 20140708143341 00078
00000209 0107 2013 04 0000158 08 00051 _ 10:45 11:44 _ _ 0 1211 1 61 1 20140708143341 00078
00000209 0107 2013 04 0000159 12 00051 _ 10:45 11:44 _ _ 0 1211 1 61 1 20140708143341 00078
00000209 0107 2013 04 0000160 15 00049 _ 10:45 11:44 _ _ 0 1211 1 61 1 20140708143341 00078
00000209 0107 2013 04 0000161 22 00049 _ 10:45 11:44 _ _ 0 1211 1 61 1 20140708143341 00078
00000209 0107 2013 04 0000162 26 00049 _ 10:45 11:44 _ _ 0 1211 1 61 1 20140708143341 00078
00000209 0107 2013 04 0000163 29 00050 _ 10:45 11:44 _ _ 0 1211 1 61 1 20140708143341 00078
00000209 0107 2013 05 0000164 03 00053 _ 10:30 11:29 _ _ 0 1211 1 61 1 20140708144737 00078
00000209 0107 2013 05 0000165 06 00051 _ 10:30 11:29 _ _ 0 1211 1 61 1 20140708144737 00078
00000209 0107 2013 05 0000166 10 00048 _ 10:30 11:29 _ _ 0 1211 1 61 1 20140708144737 00078
00000209 0107 2013 05 0000167 13 00050 _ 10:30 11:29 _ _ 0 1211 1 61 1 20140708144737 00078
00000209 0107 2013 05 0000168 17 00048 _ 10:30 11:29 _ _ 0 1211 1 61 1 20140708144737 00078
00000209 0107 2013 05 0000169 24 00051 _ 10:30 11:29 _ _ 0 1211 1 61 1 20140708144737 00078
00000209 0107 2013 05 0000170 27 _ _ _ _ _ _ 0 _ 1 61 9 20140708144438 00078
00000209 0107 2013 05 0000171 31 00048 _ 10:30 11:29 _ _ 0 1211 1 61 1 20140708144737 00078
00000209 0107 2013 06 0000172 03 00051 _ 10:30 11:29 _ _ 0 1211 1 61 1 20140708145219 00078
00000209 0107 2013 06 0000173 07 00048 _ 10:30 11:29 _ _ 0 1211 1 61 1 20140708145219 00078
00000209 0107 2013 06 0000174 10 00050 _ 10:30 11:29 _ _ 0 1211 1 61 1 20140708145219 00078
00000209 0107 2013 06 0000175 14 00048 _ 10:30 11:29 _ _ 0 1211 1 61 1 20140708145219 00078
00000209 0107 2013 06 0000176 17 00050 _ 10:30 11:29 _ _ 0 1211 1 61 1 20140708145219 00078
00000209 0107 2013 06 0000177 21 00049 _ 10:30 11:29 _ _ 0 1211 1 61 1 20140708145219 00078
00000209 0107 2013 06 0000178 28 00048 _ 10:30 11:29 _ _ 0 1211 1 61 1 20140708145219 00078
00000209 0107 2013 07 0000179 01 00051 _ 10:30 11:29 _ _ 0 1211 1 61 1 20140708150053 00078
00000209 0107 2013 07 0000180 05 00048 _ 10:30 11:29 _ _ 0 1211 1 61 1 20140708150053 00078
00000209 0107 2013 07 0000181 08 00051 _ 10:30 11:29 _ _ 0 1211 1 61 1 20140708150053 00078
00000209 0107 2013 07 0000182 12 00049 _ 10:30 11:29 _ _ 0 1211 1 61 1 20140708150053 00078
00000209 0107 2013 07 0000183 15 00050 _ 10:30 11:29 _ _ 0 1211 1 61 1 20140708150053 00078
00000209 0107 2013 07 0000184 19 00051 _ 10:30 11:29 _ _ 0 1211 1 61 1 20140708150053 00078
00000209 0107 2013 07 0000185 26 00048 _ 10:30 11:29 _ _ 0 1211 1 61 1 20140708150053 00078
00000209 0107 2013 07 0000186 29 00050 _ 10:30 11:29 _ _ 0 1211 1 61 1 20140708150053 00078
00000209 0107 2013 08 0000187 02 00050 _ 10:30 11:29 _ _ 0 1211 1 61 1 20140708150527 00078
00000209 0107 2013 08 0000188 05 00049 _ 10:30 11:29 _ _ 0 1211 1 61 1 20140708150527 00078
00000209 0107 2013 08 0000189 09 00051 _ 10:30 11:29 _ _ 0 1211 1 61 1 20140708150527 00078
00000209 0107 2013 08 0000190 12 00050 _ 10:30 11:29 _ _ 0 1211 1 61 1 20140708150527 00078
00000209 0107 2013 08 0000191 16 00052 _ 10:30 11:29 _ _ 0 1211 1 61 1 20140708150527 00078
00000209 0107 2013 08 0000192 19 00052 _ 10:30 11:29 _ _ 0 1211 1 61 1 20140708150527 00078
00000209 0107 2013 08 0000193 23 00050 _ 10:30 11:29 _ _ 0 1211 1 61 1 20140708150527 00078
00000209 0107 2013 08 0000194 26 00051 _ 10:30 11:29 _ _ 0 1211 1 61 1 20140708150527 00078
00000209 0107 2013 08 0000195 30 00050 _ 10:30 11:29 _ _ 0 1211 1 61 1 20140708150527 00078
00000209 0107 2013 09 0000101 02 00052 _ 10:30 11:30 _ _ 0 1211 1 61 1 20140703104117 00078
00000209 0107 2013 09 0000102 06 00048 _ 10:30 11:30 _ _ 0 1211 1 61 1 20140703104117 00078
00000209 0107 2013 09 0000103 09 00051 _ 10:30 11:30 _ _ 0 1211 1 61 1 20140703104117 00078
00000209 0107 2013 09 0000104 13 00052 _ 10:30 11:30 _ _ 0 1211 1 61 1 20140703104117 00078
00000209 0107 2013 09 0000105 16 00050 _ 10:30 11:30 _ _ 0 1211 1 61 1 20140703104117 00078
00000209 0107 2013 09 0000106 20 00050 _ 10:30 11:30 _ _ 0 1211 1 61 1 20140703104117 00078
00000209 0107 2013 09 0000107 23 00052 _ 10:30 11:30 _ _ 0 1211 1 61 1 20140703104117 00078
00000209 0107 2013 09 0000108 27 00052 _ 10:30 11:30 _ _ 0 1211 1 61 1 20140703104117 00078
00000209 0107 2013 09 0000109 30 00049 _ 10:30 11:30 _ _ 0 1211 1 61 1 20140703104117 00078
00000209 0107 2013 10 0000110 04 00048 _ 10:30 11:30 _ _ 0 1211 1 61 1 20140703104856 00078
00000209 0107 2013 10 0000111 07 00050 _ 10:30 11:30 _ _ 0 1211 1 61 1 20140703104856 00078
00000209 0107 2013 10 0000112 14 00049 _ 10:30 11:30 _ _ 0 1211 1 61 1 20140703104856 00078
00000209 0107 2013 10 0000113 18 00049 _ 10:30 11:30 _ _ 0 1211 1 61 1 20140703104856 00078
00000209 0107 2013 10 0000114 21 00051 _ 10:30 11:30 _ _ 0 1211 1 61 1 20140703104856 00078
00000209 0107 2013 10 0000115 25 00049 _ 10:30 11:30 _ _ 0 1211 1 61 1 20140703104856 00078
00000209 0107 2013 11 0000116 01 00051 _ 10:30 11:30 _ _ 0 1211 1 61 1 20140703105443 00078
00000209 0107 2013 11 0000117 04 00051 _ 10:30 11:30 _ _ 0 1211 1 61 1 20140703105443 00078
00000209 0107 2013 11 0000118 08 00049 _ 10:30 11:30 _ _ 0 1211 1 61 1 20140703105443 00078
00000209 0107 2013 11 0000119 11 00051 _ 10:30 11:30 _ _ 0 1211 1 61 1 20140703105443 00078
00000209 0107 2013 11 0000120 15 00048 _ 10:30 11:30 _ _ 0 1211 1 61 1 20140703105443 00078
00000209 0107 2013 11 0000121 22 00049 _ 10:30 11:30 _ _ 0 1211 1 61 1 20140703105443 00078
00000209 0107 2013 11 0000122 25 00052 _ 10:30 11:30 _ _ 0 1211 1 61 1 20140703105443 00078
00000209 0107 2013 11 0000123 29 00052 _ 10:30 11:30 _ _ 0 1211 1 61 1 20140703105443 00078
00000209 0107 2013 12 0000124 02 00050 _ 10:30 11:30 _ _ 0 1211 1 61 1 20140703105759 00078
00000209 0107 2013 12 0000125 06 00048 _ 10:30 11:30 _ _ 0 1211 1 61 1 20140703105759 00078
00000209 0107 2013 12 0000126 09 00050 _ 10:30 11:30 _ _ 0 1211 1 61 1 20140703105759 00078
00000209 0107 2013 12 0000127 13 00050 _ 10:30 11:30 _ _ 0 1211 1 61 1 20140703105759 00078
00000209 0107 2013 12 0000128 16 00049 _ 10:30 11:30 _ _ 0 1211 1 61 1 20140703105759 00078
00000209 0107 2013 12 0000129 20 00050 _ 10:30 11:30 _ _ 0 1211 1 61 1 20140703105759 00078
00000209 0107 2013 12 0000130 23 00050 _ 10:30 11:30 _ _ 0 1211 1 61 1 20140703105759 00078
00000209 0107 2013 12 0000131 27 00050 _ 10:30 11:30 _ _ 0 1211 1 61 1 20140703105759 00078
00000209 0107 2013 12 0000132 30 00049 _ 10:30 11:30 _ _ 0 1211 1 61 1 20140703105759 00078
00000209 0107 2014 01 0000059 03 00051 _ 10:30 11:30 _ _ 0 1211 1 61 1 20140619101008 00078
00000209 0107 2014 01 0000060 06 00050 _ 10:30 11:30 _ _ 0 1211 1 61 1 20140619101008 00078
00000209 0107 2014 01 0000061 10 00052 _ 10:30 11:30 _ _ 0 1211 1 61 1 20140619101008 00078
00000209 0107 2014 01 0000062 13 00051 _ 10:30 11:30 _ _ 0 1211 1 61 1 20140619101008 00078
00000209 0107 2014 01 0000063 17 00051 _ 10:30 11:30 _ _ 0 1211 1 61 1 20140619101008 00078
00000209 0107 2014 01 0000064 20 00050 _ 10:30 11:30 _ _ 0 1211 1 61 1 20140619101008 00078
00000209 0107 2014 01 0000065 24 00050 _ 10:30 11:30 _ _ 0 1211 1 61 1 20140619101008 00078
00000209 0107 2014 01 0000066 27 00050 _ 10:30 11:30 _ _ 0 1211 1 61 1 20140619101008 00078
00000209 0107 2014 01 0000067 31 00050 _ 10:30 11:30 _ _ 0 1211 1 61 1 20140619101008 00078
00000209 0107 2014 02 0000068 03 00052 _ 10:30 11:30 _ _ 0 1211 1 61 1 20140619101517 00078
00000209 0107 2014 02 0000069 14 00048 _ 10:30 11:30 _ _ 0 1211 1 61 1 20140619101517 00078
00000209 0107 2014 02 0000070 17 00051 _ 10:30 11:30 _ _ 0 1211 1 61 1 20140619101517 00078
00000209 0107 2014 02 0000071 21 00048 _ 10:30 11:30 _ _ 0 1211 1 61 1 20140619101517 00078
00000209 0107 2014 02 0000072 24 00049 _ 10:30 11:30 _ _ 0 1211 1 61 1 20140619101517 00078
00000209 0107 2014 02 0000073 28 00051 _ 10:30 11:30 _ _ 0 1211 1 61 1 20140619101517 00078
00000209 0107 2014 03 0000074 03 00050 _ 10:30 11:30 _ _ 0 1211 1 61 1 20140619102059 00078
00000209 0107 2014 03 0000075 10 00052 _ 10:30 11:30 _ _ 0 1211 1 61 1 20140619102059 00078
00000209 0107 2014 03 0000076 14 00048 _ 10:30 11:30 _ _ 0 1211 1 61 1 20140619102059 00078
00000209 0107 2014 03 0000077 17 00051 _ 10:30 11:30 _ _ 0 1211 1 61 1 20140619102059 00078
00000209 0107 2014 03 0000078 21 00051 _ 10:30 11:30 _ _ 0 1211 1 61 1 20140619102059 00078
00000209 0107 2014 03 0000079 24 00052 _ 10:30 11:30 _ _ 0 1211 1 61 1 20140619102059 00078
00000209 0107 2014 03 0000080 28 00048 _ 10:30 11:30 _ _ 0 1211 1 61 1 20140619102059 00078
00000209 0107 2014 03 0000081 31 00050 _ 10:30 11:30 _ _ 0 1211 1 61 1 20140619102059 00078
00000209 0107 2014 04 0000082 04 00048 _ 10:30 11:30 _ _ 0 1211 1 61 1 20140619102431 00078
00000209 0107 2014 04 0000083 11 00050 _ 10:30 11:30 _ _ 0 1211 1 61 1 20140619102431 00078
00000209 0107 2014 04 0000084 14 00050 _ 10:30 11:30 _ _ 0 1211 1 61 1 20140619102431 00078
00000209 0107 2014 04 0000085 18 00050 _ 10:30 11:30 _ _ 0 1211 1 61 1 20140619102431 00078
00000209 0107 2014 04 0000086 21 00051 _ 10:30 11:30 _ _ 0 1211 1 61 1 20140619102431 00078
00000209 0107 2014 04 0000087 25 00052 _ 10:30 11:30 _ _ 0 1211 1 61 1 20140619102431 00078
00000209 0107 2014 04 0000088 28 _ _ _ _ _ _ 0 _ 1 61 9 20140619102349 00078
00000209 0107 2014 05 0000089 02 00050 _ 10:30 11:30 _ _ 0 1211 1 61 1 20140819103111 00078
00000209 0107 2014 05 0000090 05 00051 _ 10:30 11:30 _ _ 0 1211 1 61 1 20140819103111 00078
00000209 0107 2014 05 0000091 09 00051 _ 10:30 11:30 _ _ 0 1211 1 61 1 20140819103111 00078
00000209 0107 2014 05 0000092 12 00050 _ 10:30 11:30 _ _ 0 1211 1 61 1 20140819103111 00078
00000209 0107 2014 05 0000093 16 00052 _ 10:30 11:30 _ _ 0 1211 1 61 1 20140819103111 00078
00000209 0107 2014 05 0000094 19 00050 _ 10:30 11:30 _ _ 0 1211 1 61 1 20140819103111 00078
00000209 0107 2014 05 0000095 23 _ _ _ _ _ _ 0 _ 1 61 9 20140624112414 00078
00000209 0107 2014 05 0000096 26 _ _ _ _ _ _ 0 _ 1 61 9 20140624112414 00078
00000209 0107 2014 05 0000097 30 _ _ _ _ _ _ 0 _ 1 61 9 20140624112414 00078
00000209 0107 2014 05 0000098 23 00048 _ 10:30 11:30 _ _ 0 1211 1 61 1 20140819103111 00078
00000209 0107 2014 05 0000099 26 _ _ _ _ _ _ 0 _ 1 61 9 20140819103048 00078
00000209 0107 2014 05 0000100 30 00050 _ 10:30 11:30 _ _ 0 1211 1 61 1 20140819103111 00078
00000209 0107 2014 06 0000002 02 00050 _ 10:30 11:30 _ _ 0 1211 1 61 1 20140701132242 00049
00000209 0107 2014 06 0000003 06 00048 _ 10:30 11:30 _ _ 0 1211 1 61 1 20140701132242 00049
00000209 0107 2014 06 0000004 09 _ _ _ _ _ _ 0 _ 1 61 9 20140701130853 00049
00000209 0107 2014 06 0000005 13 00050 _ 10:30 11:30 _ _ 0 1211 1 61 1 20140701132242 00049
00000209 0107 2014 06 0000006 16 00050 _ 10:30 11:30 _ _ 0 1211 1 61 1 20140701132242 00049
00000209 0107 2014 06 0000007 20 00049 _ 10:30 11:30 _ _ 0 1211 1 61 1 20140701132242 00049
00000209 0107 2014 06 0000008 23 _ _ _ _ _ _ 0 _ 1 61 9 20140701130853 00049
00000209 0107 2014 06 0000009 27 00050 _ 10:30 11:30 _ _ 0 1211 1 61 1 20140701132242 00049
00000209 0107 2014 06 0000010 30 00051 _ 10:30 11:30 _ _ 0 1211 1 61 1 20140701132242 00049
00000209 0107 2014 07 0000011 04 00051 _ 10:30 11:29 _ _ 0 1211 1 61 1 20140802130455 00047
00000209 0107 2014 07 0000012 07 00050 _ 10:30 11:29 _ _ 0 1211 1 61 1 20140802130455 00047
00000209 0107 2014 07 0000013 11 00048 _ 10:30 11:29 _ _ 0 1211 1 61 1 20140802130455 00047
00000209 0107 2014 07 0000014 14 00051 _ 10:30 11:29 _ _ 0 1211 1 61 1 20140802130455 00047
00000209 0107 2014 07 0000015 18 00048 _ 10:30 11:29 _ _ 0 1211 1 61 1 20140802130455 00047
00000209 0107 2014 07 0000016 21 00049 _ 10:30 11:29 _ _ 0 1211 1 61 1 20140802130455 00047
00000209 0107 2014 07 0000017 25 00048 _ 10:30 11:29 _ _ 0 1211 1 61 1 20140802130455 00047
00000209 0107 2014 07 0000018 28 00051 _ 10:30 11:29 _ _ 0 1211 1 61 1 20140802130455 00047
00000209 0107 2014 08 0000019 01 00048 _ 10:30 11:29 _ _ 0 1211 1 61 1 20140812123530 00049
00000209 0107 2014 08 0000020 04 00051 _ 10:30 11:29 _ _ 0 1211 1 61 1 20140812123530 00049
00000209 0107 2014 08 0000021 08 00049 _ 10:30 11:29 _ _ 0 1211 1 61 1 20140812123530 00049
00000209 0107 2014 08 0000022 11 00049 _ 10:30 11:29 _ _ 0 1211 1 61 1 20140812123530 00049
00000209 0107 2014 08 0000023 15 _ _ 10:30 11:29 _ _ 0 1211 1 61 1 20140812123530 00049
00000209 0107 2014 08 0000024 18 _ _ 10:30 11:29 _ _ 0 1211 1 61 1 20140812123530 00049
00000209 0107 2014 08 0000025 22 _ _ 10:30 11:29 _ _ 0 1211 1 61 1 20140812123530 00049
00000209 0107 2014 08 0000026 25 _ _ 10:30 11:29 _ _ 0 1211 1 61 1 20140812123530 00049
00000209 0107 2014 08 0000027 29 _ _ 10:30 11:29 _ _ 0 1211 1 61 1 20140812123530 00049
