00000256 20140509 KihonCheckCheckList01 0 1 20140530000000 00078
00000256 20140509 KihonCheckCheckList02 0 1 20140530000000 00078
00000256 20140509 KihonCheckCheckList03 0 1 20140530000000 00078
00000256 20140509 KihonCheckCheckList04 1 1 20140530000000 00078
00000256 20140509 KihonCheckCheckList05 0 1 20140530000000 00078
00000256 20140509 KihonCheckCheckList06 2 1 20140530000000 00078
00000256 20140509 KihonCheckCheckList07 2 1 20140530000000 00078
00000256 20140509 KihonCheckCheckList08 2 1 20140530000000 00078
00000256 20140509 KihonCheckCheckList09 0 1 20140530000000 00078
00000256 20140509 KihonCheckCheckList10 2 1 20140530000000 00078
00000256 20140509 KihonCheckCheckList11 3 1 20140530000000 00078
00000256 20140509 KihonCheckCheckList12 4 1 20140530000000 00078
00000256 20140509 KihonCheckCheckList13 4 1 20140530000000 00078
00000256 20140509 KihonCheckCheckList14 4 1 20140530000000 00078
00000256 20140509 KihonCheckCheckList15 0 1 20140530000000 00078
00000256 20140509 KihonCheckCheckList16 5 1 20140530000000 00078
00000256 20140509 KihonCheckCheckList17 0 1 20140530000000 00078
00000256 20140509 KihonCheckCheckList18 0 1 20140530000000 00078
00000256 20140509 KihonCheckCheckList19 6 1 20140530000000 00078
00000256 20140509 KihonCheckCheckList20 7 1 20140530000000 00078
00000256 20140509 KihonCheckCheckList21 7 1 20140530000000 00078
00000256 20140509 KihonCheckCheckList22 7 1 20140530000000 00078
00000256 20140509 KihonCheckCheckList23 7 1 20140530000000 00078
00000256 20140509 KihonCheckCheckList24 0 1 20140530000000 00078
