00000209 2014 06 02 10:30 11:30 61 1211 0107 11.26 1 2452 1 20140701132242 00049
00000209 2014 06 06 10:30 11:30 61 1211 0107 11.26 1 2452 1 20140701132242 00049
00000209 2014 06 13 10:30 11:30 61 1211 0107 11.26 1 2452 1 20140701132242 00049
00000209 2014 06 16 10:30 11:30 61 1211 0107 11.26 1 2452 1 20140701132242 00049
00000209 2014 06 20 10:30 11:30 61 1211 0107 11.26 1 2452 1 20140701132242 00049
00000209 2014 06 27 10:30 11:30 61 1211 0107 11.26 1 2452 1 20140701132242 00049
00000209 2014 06 30 10:30 11:30 61 1211 0107 11.26 1 2452 1 20140701132242 00049
00000209 2014 07 04 10:30 11:29 61 1211 0107 11.26 1 2452 1 20140802130455 00047
00000209 2014 07 07 10:30 11:29 61 1211 0107 11.26 1 2452 1 20140802130455 00047
00000209 2014 07 11 10:30 11:29 61 1211 0107 11.26 1 2452 1 20140802130455 00047
00000209 2014 07 14 10:30 11:29 61 1211 0107 11.26 1 2452 1 20140802130455 00047
00000209 2014 07 18 10:30 11:29 61 1211 0107 11.26 1 2452 1 20140802130455 00047
00000209 2014 07 21 10:30 11:29 61 1211 0107 11.26 1 2452 1 20140802130455 00047
00000209 2014 07 25 10:30 11:29 61 1211 0107 11.26 1 2452 1 20140802130455 00047
00000209 2014 07 28 10:30 11:29 61 1211 0107 11.26 1 2452 1 20140802130455 00047
