00000209 0107 2014 06 0000002 02 00050 _ 10:30 11:30 _ _ 0 1211 1 61 1 20140701132242 00049
00000209 0107 2014 06 0000003 06 00048 _ 10:30 11:30 _ _ 0 1211 1 61 1 20140701132242 00049
00000209 0107 2014 06 0000004 09 _ _ _ _ _ _ 0 _ 1 61 9 20140701130853 00049
00000209 0107 2014 06 0000005 13 00050 _ 10:30 11:30 _ _ 0 1211 1 61 1 20140701132242 00049
00000209 0107 2014 06 0000006 16 00050 _ 10:30 11:30 _ _ 0 1211 1 61 1 20140701132242 00049
00000209 0107 2014 06 0000007 20 00049 _ 10:30 11:30 _ _ 0 1211 1 61 1 20140701132242 00049
00000209 0107 2014 06 0000008 23 _ _ _ _ _ _ 0 _ 1 61 9 20140701130853 00049
00000209 0107 2014 06 0000009 27 00050 _ 10:30 11:30 _ _ 0 1211 1 61 1 20140701132242 00049
00000209 0107 2014 06 0000010 30 00051 _ 10:30 11:30 _ _ 0 1211 1 61 1 20140701132242 00049
00000209 0107 2014 07 0000011 04 00051 _ 10:30 11:29 _ _ 0 1211 1 61 1 20140802130455 00047
00000209 0107 2014 07 0000012 07 00050 _ 10:30 11:29 _ _ 0 1211 1 61 1 20140802130455 00047
00000209 0107 2014 07 0000013 11 00048 _ 10:30 11:29 _ _ 0 1211 1 61 1 20140802130455 00047
00000209 0107 2014 07 0000014 14 00051 _ 10:30 11:29 _ _ 0 1211 1 61 1 20140802130455 00047
00000209 0107 2014 07 0000015 18 00048 _ 10:30 11:29 _ _ 0 1211 1 61 1 20140802130455 00047
00000209 0107 2014 07 0000016 21 00049 _ 10:30 11:29 _ _ 0 1211 1 61 1 20140802130455 00047
00000209 0107 2014 07 0000017 25 00048 _ 10:30 11:29 _ _ 0 1211 1 61 1 20140802130455 00047
00000209 0107 2014 07 0000018 28 00051 _ 10:30 11:29 _ _ 0 1211 1 61 1 20140802130455 00047
00000209 0107 2014 08 0000019 01 00048 _ 10:30 11:29 _ _ 0 1211 1 61 1 20140812123530 00049
00000209 0107 2014 08 0000020 04 00051 _ 10:30 11:29 _ _ 0 1211 1 61 1 20140812123530 00049
00000209 0107 2014 08 0000021 08 00049 _ 10:30 11:29 _ _ 0 1211 1 61 1 20140812123530 00049
00000209 0107 2014 08 0000022 11 00049 _ 10:30 11:29 _ _ 0 1211 1 61 1 20140812123530 00049
00000209 0107 2014 08 0000023 15 _ _ 10:30 11:29 _ _ 0 1211 1 61 1 20140812123530 00049
00000209 0107 2014 08 0000024 18 _ _ 10:30 11:29 _ _ 0 1211 1 61 1 20140812123530 00049
00000209 0107 2014 08 0000025 22 _ _ 10:30 11:29 _ _ 0 1211 1 61 1 20140812123530 00049
00000209 0107 2014 08 0000026 25 _ _ 10:30 11:29 _ _ 0 1211 1 61 1 20140812123530 00049
00000209 0107 2014 08 0000027 29 _ _ 10:30 11:29 _ _ 0 1211 1 61 1 20140812123530 00049
