000000732014061 00000073 2014 06 02 61 1111 14:45 15:29 0073 1 1226 0 _ _ 1 1 20140701161917 24
000000732014061 00000073 2014 06 09 61 1111 14:45 15:29 0073 1 1226 0 _ _ 1 1 20140701161917 24
000000732014061 00000073 2014 06 16 61 1111 14:45 15:29 0073 1 1226 0 _ _ 1 1 20140701161917 24
000000732014061 00000073 2014 06 23 61 1111 14:45 15:29 0073 1 1226 0 _ _ 1 1 20140701161917 24
000000732014061 00000073 2014 06 30 61 1111 14:45 15:29 0073 1 1226 0 _ _ 1 1 20140701161917 24
000000732014062 00000073 2014 06 01 67 1007 _ _ 0103 1 200 0 _ _ 1 1 20140701161917 24
000000732014071 00000073 2014 07 07 61 1111 14:45 15:29 0073 1 1226 0 _ _ 1 1 20140801183911 24
000000732014071 00000073 2014 07 14 61 1111 14:45 15:29 0073 1 1226 0 _ _ 1 1 20140801183911 24
000000732014071 00000073 2014 07 21 61 1111 14:45 15:29 0073 1 1226 0 _ _ 1 1 20140801183911 24
000000732014071 00000073 2014 07 28 61 1111 14:45 15:29 0073 1 1226 0 _ _ 1 1 20140801183911 24
000000732014072 00000073 2014 07 01 67 1007 _ _ 0103 1 200 0 _ _ 1 1 20140801183911 24
000000732014081 00000073 2014 08 04 61 1111 14:45 15:30 0073 1 1226 0 _ _ _ 1 20140728155656 88
000000732014081 00000073 2014 08 11 61 1111 14:45 15:30 0073 1 1226 0 _ _ _ 1 20140728155656 88
000000732014081 00000073 2014 08 18 61 1111 14:45 15:30 0073 1 1226 0 _ _ _ 1 20140728155656 88
000000732014081 00000073 2014 08 25 61 1111 14:45 15:30 0073 1 1226 0 _ _ _ 1 20140728155656 88
000000732014082 00000073 2014 08 01 67 1007 _ _ 0103 1 200 0 _ _ _ 1 20140728155656 88
000000732014091 00000073 2014 09 01 61 1111 14:45 15:30 0073 1 1226 0 _ _ _ 1 20140811140807 88
000000732014091 00000073 2014 09 08 61 1111 14:45 15:30 0073 1 1226 0 _ _ _ 1 20140811140807 88
000000732014091 00000073 2014 09 15 61 1111 14:45 15:30 0073 1 1226 0 _ _ _ 1 20140811140807 88
000000732014091 00000073 2014 09 22 61 1111 14:45 15:30 0073 1 1226 0 _ _ _ 1 20140811140807 88
000000732014091 00000073 2014 09 29 61 1111 14:45 15:30 0073 1 1226 0 _ _ _ 1 20140811140807 88
000000732014092 00000073 2014 09 01 67 1007 _ _ 0103 1 200 0 _ _ _ 1 20140811140807 88
