00000058 2012 07 00033 1 20140806155827 00030
00000058 2012 08 00033 1 20140806160304 00030
00000058 2012 09 00033 1 20140806160621 00030
00000058 2012 10 00033 1 20140806161149 00030
00000058 2012 11 00033 1 20140806161421 00030
00000058 2012 12 00033 1 20140806161715 00030
00000058 2013 01 00033 1 20140723181151 00030
00000058 2013 02 00033 1 20140723181503 00030
00000058 2013 03 00033 1 20140723181701 00030
00000058 2013 04 00033 1 20140723182014 00030
00000058 2013 05 00033 1 20140723182219 00030
00000058 2013 06 00033 1 20140723182401 00030
00000058 2013 07 00033 1 20140723182541 00030
00000058 2013 08 00033 1 20140723182911 00030
00000058 2013 09 00033 1 20140626133950 00030
00000058 2013 10 00033 1 20140626134419 00030
00000058 2015 05 00033 1 20150505185025 00241
