00000153 00002 00002 05 26 7 平成26年8月4日 4 0 0 0 _ 8日モニタリング訪問(別紙モニタリングシート参照）\nバイタル安定しており、毎回入浴できております。入浴中も後も「気持ちいいわ、おかげさまで」と何度も声を掛けてくださいます。\n19日のみ残薬あり、入室してすぐ16時30分に飲んでいただきました。\nご報告のとおり、ベッド下引き出しより使用したパット26日21枚、31日4枚出てきました。\nご本人にはお聞きしてないので、経緯はわかりませんが今後も注意して見ていきたいと思います。\n 0 3 1 20140804201656 00038
00000153 00002 00003 05 _ _ _ 1 0 0 0 _ _ 0 0 1 20140804201656 00038
00000153 00002 00004 05 _ _ _ 1 0 0 0 _ _ 0 0 1 20140804201656 00038
00000153 00003 00002 05 26 7 平成26年8月4日 4 0 0 0 _ 8日モニタリング訪問(別紙モニタリングシート参照）\nバイタル安定しており、毎回入浴できております。入浴中も後も「気持ちいいわ、おかげさまで」と何度も声を掛けてくださいます。\n19日のみ残薬あり、入室してすぐ16時30分に飲んでいただきました。\nご報告のとおり、ベッド下引き出しより使用したパット26日21枚、31日4枚出てきました。\nご本人にはお聞きしてないので、経緯はわかりませんが今後も注意して見ていきたいと思います。\n 0 3 1 20140905112715 00035
00000153 00003 00003 05 26 8 平成26年9月5日 4 0 0 0 _ _ 0 3 1 20140905112715 00035
00000153 00003 00004 05 _ _ _ 1 0 0 0 _ _ 0 0 1 20140905112715 00035
00000153 00004 00002 05 26 7 平成26年8月4日 4 0 0 0 _ 8日モニタリング訪問(別紙モニタリングシート参照）バイタル安定しており、毎回入浴できております。入浴中も後も「気持ちいいわ、おかげさまで」と何度も声を掛けてくださいます。19日のみ残薬あり、入室してすぐ16時30分に飲んでいただきました。ご報告のとおり、ベッド下引き出しより使用したパット26日21枚、31日4枚出てきました。ご本人にはお聞きしてないので、経緯はわかりませんが今後も注意して見ていきたいと思います。 0 3 1 20141004175010 00034
00000153 00004 00003 05 26 8 平成26年9月5日 4 0 0 0 _ 体調はお変わりありません。洗面台に掴まり背を伸ばす体操を続けているそうで、クレールイベントにも積極的に参加されるお気持ちが有るそうです。クレールでの生活に満足されているご様子です。お洗濯干しもご自分でされており、洗面所内物干し用ツッパリ棒、届き易い位置に下げています。バイタルも概ね安定されており（血圧120台～150）毎回入浴行っています。残薬、9日夕分（NS報告）、16日昼分（服薬声かけ）ありました。使用済みパットの処理に引き続き問題があり、ベッド下引出しに5回（1回5枚前後）洗面所タオル掛け上辺りに2回程見つかっています。 0 3 1 20141004175010 00034
00000153 00004 00004 05 26 9 平成26年10月4日 2 0 0 0 _ 9日午前抜歯されており、NS不在のためフロントとご相談しシャワー浴されています。\n11日よりお粥から普通食にもどっています。18日お誕生日とのことお祝い申しております。\n他入居者よりお花が届くと聞かれ、待っていたそうですが来ず19日に届いたそうで、忘れられないお誕生日になったと笑っておられました。\n27日午前中腰痛酷く、ロキソニンテープNSに塗布していただき、入浴後痛みひいたそうですがご希望で塗布しています。使用済みパットは継続しベッド下、洗面台上などに置いてあります。体調は腰痛の訴えありますが、その他は概ね安定されています。 0 3 1 20141004175010 00034
00000153 00005 00005 05 26 10 平成26年11月4日 4 0 0 0 _ 10月8日モニタリング訪問（別紙モニタリングシート参照）\n毎回入浴できており、温まることをとても喜ばれています。希望時は腰にロキソニンテープ貼り、また背中や足に保湿ローション、ヘアトニックなどを塗る介助を行いました。\n使用後のパット・リハパンは、洗面台にそのまま置いてある時もありますが、声かけにより新聞紙に包みゴミ箱に捨ててあることも増えてきました。（新聞紙1/4枚をトイレ横に用意）\n残薬は5日と9日にあり、11日は入室後に飲んでいただいています。\n10日プラネタリウム見学時バスの隣席の男性に発車時に腕をつかまれ痛みがあったと話されていました。 0 3 1 20141104142057 00038
00000153 00005 00006 05 _ _ _ 4 0 0 0 _ _ 0 0 1 20141104142057 00038
00000153 00005 00007 05 _ _ _ 4 0 0 0 _ _ 0 0 1 20141104142057 00038
00000153 00006 00005 05 26 10 平成26年11月4日 4 0 0 0 _ 10月8日モニタリング訪問（別紙モニタリングシート参照）\n毎回入浴できており、温まることをとても喜ばれています。希望時は腰にロキソニンテープ貼り、また背中や足に保湿ローション、ヘアトニックなどを塗る介助を行いました。\n使用後のパット・リハパンは、洗面台にそのまま置いてある時もありますが、声かけにより新聞紙に包みゴミ箱に捨ててあることも増えてきました。（新聞紙1/4枚をトイレ横に用意）残薬は5日と9日にあり、11日は入室後に飲んでいただいています。\n10日プラネタリウム見学時バスの隣席の男性に発車時に腕をつかまれ痛みがあったと話されていました。 0 3 1 20141206201017 00038
00000153 00006 00006 05 26 11 平成26年12月6日 4 0 0 0 _ 血圧安定されており毎回入浴でき、11日は爪切りも行いました。\n洗濯干しや取り込み、キッチンのゴミの片づけなどご自分で行えています。\n11日13日に昼薬の飲み忘れがありましたので、お飲み頂きました。\n使用後のパットは新聞紙に包むことは徐々に習慣ずいて来ており、包んだものが洗面台に置いてある時がありますので、ゴミ箱に捨てるよう声掛けしています。\n22日に25000円がベッド上にありましたので、ご本人に確認して財布に入れていただきました。子供の国への外出の話を「とても楽しかった」と3回に渡りお話下さいました。 0 3 1 20141206201017 00038
00000153 00006 00007 05 _ _ _ 4 0 0 0 _ _ 0 0 1 20141206201017 00038
