00000153 0070 2014 02 _ 1 20140617181105 00034
00000153 0070 2014 03 _ 1 20140617181817 00034
00000153 0070 2014 04 _ 1 20140617182528 00034
00000153 0070 2014 05 _ 1 20140818173648 00034
00000153 0070 2014 06 _ 1 20140701092705 00034
00000153 0070 2014 07 _ 1 20140731162540 00037
00000153 0070 2014 08 _ 1 20140830200213 00038
00000153 0070 2014 09 _ 1 20141001172701 00034
00000153 0070 2014 10 _ 1 20141030195813 00038
00000153 0070 2014 11 _ 1 20141130151612 00038
00000153 0070 2014 12 _ 1 20141208151116 00171
00000153 0073 2014 01 _ 1 20140617180251 00034
