000007262014111 00000726 2014 11 10 11 7311 14:00 14:59 0070 1 236 0 _ _ 1 1 20141201140733 88
000007262014111 00000726 2014 11 17 11 7311 14:00 14:59 0070 1 236 0 _ _ 1 1 20141201140733 88
000007262014111 00000726 2014 11 24 11 7311 14:00 14:59 0070 1 236 0 _ _ 1 1 20141201140733 88
000007262014112 00000726 2014 11 03 11 4001 16:50 17:49 0070 1 200 0 _ _ 1 1 20141201140733 88
000007262014113 00000726 2014 11 03 11 7311 16:50 17:49 0070 1 236 0 _ _ 1 1 20141201140733 88
000007262014121 00000726 2014 12 01 11 7311 14:00 14:59 0070 1 236 0 _ _ 1 1 20141120173850 88
000007262014121 00000726 2014 12 08 11 7311 14:00 14:59 0070 1 236 0 _ _ 1 1 20141120173850 88
000007262014121 00000726 2014 12 15 11 7311 14:00 14:59 0070 1 236 0 _ _ 1 1 20141120173850 88
000007262014121 00000726 2014 12 22 11 7311 14:00 14:59 0070 1 236 0 _ _ 1 1 20141120173850 88
000007262014121 00000726 2014 12 29 11 7311 14:00 14:59 0070 1 236 0 _ _ 1 1 20141120173850 88
