00000203 2011 03 00032 1 20141202101537 00078
00000203 2011 04 00032 1 20141201152943 00078
00000203 2011 05 00032 1 20141130185550 00078
00000203 2011 06 00032 1 20141130170600 00078
00000203 2011 07 00032 1 20141130152211 00078
00000203 2011 08 00032 1 20141130120005 00078
00000203 2011 09 00032 1 20141128183028 00078
00000203 2011 10 00032 1 20141127190917 00078
00000203 2011 11 00032 1 20141127145745 00078
00000203 2011 12 00032 1 20141125144252 00078
00000203 2012 01 00032 1 20141124131636 00078
00000203 2012 02 00032 1 20141119184011 00078
00000203 2012 03 00032 1 20141119135911 00078
00000203 2012 04 00032 1 20140714103801 00078
00000203 2012 05 00032 1 20140714113801 00078
00000203 2012 06 00032 1 20140714135945 00078
00000203 2012 07 00032 1 20140714144718 00078
00000203 2012 08 00032 1 20140714153009 00078
00000203 2012 09 00032 1 20140714160823 00078
00000203 2012 10 00032 1 20140714164838 00078
00000203 2012 11 00032 1 20140714174117 00078
00000203 2012 12 00032 1 20140714182220 00078
00000203 2013 01 00032 1 20140704153828 00078
00000203 2013 02 00032 1 20140704163701 00078
00000203 2013 03 00032 1 20140704172445 00078
00000203 2013 04 00032 1 20140704181242 00078
00000203 2013 05 00032 1 20140729135852 00077
00000203 2013 06 00032 1 20140707104824 00078
00000203 2013 07 00032 1 20140707114322 00078
00000203 2013 08 00032 1 20140707133319 00078
00000203 2013 09 00032 1 20140702115309 00078
00000203 2013 10 00032 1 20140702135501 00078
00000203 2013 11 00032 1 20140702144728 00078
00000203 2013 12 00032 1 20140702152553 00078
