000001442014061 00000144 2014 06 23 11 4846 07:40 07:55 0070 1 214 0 _ _ _ 1 20140703201441 11
0000014420140610 00000144 2014 06 01 17 1007 _ _ 0093 1 200 0 _ _ _ 1 20140703201441 11
000001442014062 00000144 2014 06 01 11 4846 07:50 08:05 0070 1 214 0 _ _ _ 1 20140703201441 11
000001442014062 00000144 2014 06 02 11 4846 07:50 08:05 0070 1 214 0 _ _ _ 1 20140703201441 11
000001442014062 00000144 2014 06 03 11 4846 07:50 08:05 0070 1 214 0 _ _ _ 1 20140703201441 11
000001442014062 00000144 2014 06 04 11 4846 07:50 08:05 0070 1 214 0 _ _ _ 1 20140703201441 11
000001442014062 00000144 2014 06 05 11 4846 07:50 08:05 0070 1 214 0 _ _ _ 1 20140703201441 11
000001442014062 00000144 2014 06 06 11 4846 07:50 08:05 0070 1 214 0 _ _ _ 1 20140703201441 11
000001442014062 00000144 2014 06 07 11 4846 07:50 08:05 0070 1 214 0 _ _ _ 1 20140703201441 11
000001442014062 00000144 2014 06 08 11 4846 07:50 08:05 0070 1 214 0 _ _ _ 1 20140703201441 11
000001442014062 00000144 2014 06 09 11 4846 07:50 08:05 0070 1 214 0 _ _ _ 1 20140703201441 11
000001442014062 00000144 2014 06 10 11 4846 07:50 08:05 0070 1 214 0 _ _ _ 1 20140703201441 11
000001442014062 00000144 2014 06 11 11 4846 07:50 08:05 0070 1 214 0 _ _ _ 1 20140703201441 11
000001442014062 00000144 2014 06 12 11 4846 07:50 08:05 0070 1 214 0 _ _ _ 1 20140703201441 11
000001442014062 00000144 2014 06 13 11 4846 07:50 08:05 0070 1 214 0 _ _ _ 1 20140703201441 11
000001442014062 00000144 2014 06 14 11 4846 07:50 08:05 0070 1 214 0 _ _ _ 1 20140703201441 11
000001442014062 00000144 2014 06 15 11 4846 07:50 08:05 0070 1 214 0 _ _ _ 1 20140703201441 11
000001442014062 00000144 2014 06 16 11 4846 07:50 08:05 0070 1 214 0 _ _ _ 1 20140703201441 11
000001442014062 00000144 2014 06 17 11 4846 07:50 08:05 0070 1 214 0 _ _ _ 1 20140703201441 11
000001442014062 00000144 2014 06 18 11 4846 07:50 08:05 0070 1 214 0 _ _ _ 1 20140703201441 11
000001442014062 00000144 2014 06 19 11 4846 07:50 08:05 0070 1 214 0 _ _ _ 1 20140703201441 11
000001442014062 00000144 2014 06 20 11 4846 07:50 08:05 0070 1 214 0 _ _ _ 1 20140703201441 11
000001442014062 00000144 2014 06 21 11 4846 07:50 08:05 0070 1 214 0 _ _ _ 1 20140703201441 11
000001442014062 00000144 2014 06 22 11 4846 07:50 08:05 0070 1 214 0 _ _ _ 1 20140703201441 11
000001442014062 00000144 2014 06 24 11 4846 07:50 08:05 0070 1 214 0 _ _ _ 1 20140703201441 11
000001442014062 00000144 2014 06 25 11 4846 07:50 08:05 0070 1 214 0 _ _ _ 1 20140703201441 11
000001442014062 00000144 2014 06 26 11 4846 07:50 08:05 0070 1 214 0 _ _ _ 1 20140703201441 11
000001442014062 00000144 2014 06 27 11 4846 07:50 08:05 0070 1 214 0 _ _ _ 1 20140703201441 11
000001442014062 00000144 2014 06 28 11 4846 07:50 08:05 0070 1 214 0 _ _ _ 1 20140703201441 11
000001442014062 00000144 2014 06 29 11 4846 07:50 08:05 0070 1 214 0 _ _ _ 1 20140703201441 11
000001442014062 00000144 2014 06 30 11 4846 07:50 08:05 0070 1 214 0 _ _ _ 1 20140703201441 11
000001442014063 00000144 2014 06 05 11 1211 15:30 16:15 0070 1 404 0 _ _ _ 1 20140703201441 11
000001442014063 00000144 2014 06 19 11 1211 15:30 16:15 0070 1 404 0 _ _ _ 1 20140703201441 11
000001442014063 00000144 2014 06 26 11 1211 15:30 16:15 0070 1 404 0 _ _ _ 1 20140703201441 11
000001442014064 00000144 2014 06 02 11 5111 15:30 16:35 0070 1 474 0 _ _ _ 1 20140703201441 11
000001442014064 00000144 2014 06 09 11 5111 15:30 16:35 0070 1 474 0 _ _ _ 1 20140703201441 11
000001442014064 00000144 2014 06 16 11 5111 15:30 16:35 0070 1 474 0 _ _ _ 1 20140703201441 11
000001442014064 00000144 2014 06 23 11 5111 15:30 16:35 0070 1 474 0 _ _ _ 1 20140703201441 11
000001442014064 00000144 2014 06 30 11 5111 15:30 16:35 0070 1 474 0 _ _ _ 1 20140703201441 11
000001442014065 00000144 2014 06 12 11 4846 18:25 18:40 0070 1 214 0 _ _ _ 1 20140703201441 11
000001442014066 00000144 2014 06 01 11 4846 18:45 19:00 0070 1 214 0 _ _ _ 1 20140703201441 11
000001442014066 00000144 2014 06 02 11 4846 18:45 19:00 0070 1 214 0 _ _ _ 1 20140703201441 11
000001442014066 00000144 2014 06 03 11 4846 18:45 19:00 0070 1 214 0 _ _ _ 1 20140703201441 11
000001442014066 00000144 2014 06 04 11 4846 18:45 19:00 0070 1 214 0 _ _ _ 1 20140703201441 11
000001442014066 00000144 2014 06 06 11 4846 18:45 19:00 0070 1 214 0 _ _ _ 1 20140703201441 11
000001442014066 00000144 2014 06 07 11 4846 18:45 19:00 0070 1 214 0 _ _ _ 1 20140703201441 11
000001442014066 00000144 2014 06 08 11 4846 18:45 19:00 0070 1 214 0 _ _ _ 1 20140703201441 11
000001442014066 00000144 2014 06 09 11 4846 18:45 19:00 0070 1 214 0 _ _ _ 1 20140703201441 11
000001442014066 00000144 2014 06 10 11 4846 18:45 19:00 0070 1 214 0 _ _ _ 1 20140703201441 11
000001442014066 00000144 2014 06 11 11 4846 18:45 19:00 0070 1 214 0 _ _ _ 1 20140703201441 11
000001442014066 00000144 2014 06 13 11 4846 18:45 19:00 0070 1 214 0 _ _ _ 1 20140703201441 11
000001442014066 00000144 2014 06 14 11 4846 18:45 19:00 0070 1 214 0 _ _ _ 1 20140703201441 11
000001442014066 00000144 2014 06 16 11 4846 18:45 19:00 0070 1 214 0 _ _ _ 1 20140703201441 11
000001442014066 00000144 2014 06 17 11 4846 18:45 19:00 0070 1 214 0 _ _ _ 1 20140703201441 11
000001442014066 00000144 2014 06 18 11 4846 18:45 19:00 0070 1 214 0 _ _ _ 1 20140703201441 11
000001442014066 00000144 2014 06 19 11 4846 18:45 19:00 0070 1 214 0 _ _ _ 1 20140703201441 11
000001442014066 00000144 2014 06 20 11 4846 18:45 19:00 0070 1 214 0 _ _ _ 1 20140703201441 11
000001442014066 00000144 2014 06 21 11 4846 18:45 19:00 0070 1 214 0 _ _ _ 1 20140703201441 11
000001442014066 00000144 2014 06 22 11 4846 18:45 19:00 0070 1 214 0 _ _ _ 1 20140703201441 11
000001442014066 00000144 2014 06 23 11 4846 18:45 19:00 0070 1 214 0 _ _ _ 1 20140703201441 11
000001442014066 00000144 2014 06 24 11 4846 18:45 19:00 0070 1 214 0 _ _ _ 1 20140703201441 11
000001442014066 00000144 2014 06 25 11 4846 18:45 19:00 0070 1 214 0 _ _ _ 1 20140703201441 11
000001442014066 00000144 2014 06 26 11 4846 18:45 19:00 0070 1 214 0 _ _ _ 1 20140703201441 11
000001442014066 00000144 2014 06 27 11 4846 18:45 19:00 0070 1 214 0 _ _ _ 1 20140703201441 11
000001442014066 00000144 2014 06 28 11 4846 18:45 19:00 0070 1 214 0 _ _ _ 1 20140703201441 11
000001442014066 00000144 2014 06 29 11 4846 18:45 19:00 0070 1 214 0 _ _ _ 1 20140703201441 11
000001442014066 00000144 2014 06 30 11 4846 18:45 19:00 0070 1 214 0 _ _ _ 1 20140703201441 11
000001442014067 00000144 2014 06 18 13 1501 14:00 14:39 0259 1 318 0 _ _ _ 1 20140703201441 11
000001442014068 00000144 2014 06 03 13 1501 14:30 15:09 0259 1 318 0 _ _ _ 1 20140703201441 11
000001442014068 00000144 2014 06 06 13 1501 14:30 15:09 0259 1 318 0 _ _ _ 1 20140703201441 11
000001442014068 00000144 2014 06 10 13 1501 14:30 15:09 0259 1 318 0 _ _ _ 1 20140703201441 11
000001442014068 00000144 2014 06 13 13 1501 14:30 15:09 0259 1 318 0 _ _ _ 1 20140703201441 11
000001442014068 00000144 2014 06 20 13 1501 14:30 15:09 0259 1 318 0 _ _ _ 1 20140703201441 11
000001442014068 00000144 2014 06 24 13 1501 14:30 15:09 0259 1 318 0 _ _ _ 1 20140703201441 11
000001442014068 00000144 2014 06 27 13 1501 14:30 15:09 0259 1 318 0 _ _ _ 1 20140703201441 11
000001442014069 00000144 2014 06 01 17 1001 _ _ 0093 1 650 0 _ _ _ 1 20140703201441 11
000001442014071 00000144 2014 07 01 11 4846 07:50 08:05 0070 1 214 0 _ _ _ 1 20140803175431 11
000001442014071 00000144 2014 07 02 11 4846 07:50 08:05 0070 1 214 0 _ _ _ 1 20140803175431 11
000001442014071 00000144 2014 07 03 11 4846 07:50 08:05 0070 1 214 0 _ _ _ 1 20140803175431 11
000001442014071 00000144 2014 07 04 11 4846 07:50 08:05 0070 1 214 0 _ _ _ 1 20140803175431 11
000001442014071 00000144 2014 07 05 11 4846 07:50 08:05 0070 1 214 0 _ _ _ 1 20140803175431 11
000001442014071 00000144 2014 07 06 11 4846 07:50 08:05 0070 1 214 0 _ _ _ 1 20140803175431 11
000001442014071 00000144 2014 07 07 11 4846 07:50 08:05 0070 1 214 0 _ _ _ 1 20140803175431 11
000001442014071 00000144 2014 07 08 11 4846 07:50 08:05 0070 1 214 0 _ _ _ 1 20140803175431 11
000001442014071 00000144 2014 07 09 11 4846 07:50 08:05 0070 1 214 0 _ _ _ 1 20140803175431 11
000001442014071 00000144 2014 07 10 11 4846 07:50 08:05 0070 1 214 0 _ _ _ 1 20140803175431 11
000001442014071 00000144 2014 07 11 11 4846 07:50 08:05 0070 1 214 0 _ _ _ 1 20140803175431 11
000001442014071 00000144 2014 07 12 11 4846 07:50 08:05 0070 1 214 0 _ _ _ 1 20140803175431 11
000001442014071 00000144 2014 07 13 11 4846 07:50 08:05 0070 1 214 0 _ _ _ 1 20140803175431 11
000001442014071 00000144 2014 07 14 11 4846 07:50 08:05 0070 1 214 0 _ _ _ 1 20140803175431 11
000001442014071 00000144 2014 07 15 11 4846 07:50 08:05 0070 1 214 0 _ _ _ 1 20140803175431 11
000001442014071 00000144 2014 07 16 11 4846 07:50 08:05 0070 1 214 0 _ _ _ 1 20140803175431 11
000001442014071 00000144 2014 07 17 11 4846 07:50 08:05 0070 1 214 0 _ _ _ 1 20140803175431 11
000001442014071 00000144 2014 07 18 11 4846 07:50 08:05 0070 1 214 0 _ _ _ 1 20140803175431 11
000001442014071 00000144 2014 07 19 11 4846 07:50 08:05 0070 1 214 0 _ _ _ 1 20140803175431 11
000001442014071 00000144 2014 07 20 11 4846 07:50 08:05 0070 1 214 0 _ _ _ 1 20140803175431 11
000001442014071 00000144 2014 07 21 11 4846 07:50 08:05 0070 1 214 0 _ _ _ 1 20140803175431 11
000001442014071 00000144 2014 07 22 11 4846 07:50 08:05 0070 1 214 0 _ _ _ 1 20140803175431 11
000001442014071 00000144 2014 07 23 11 4846 07:50 08:05 0070 1 214 0 _ _ _ 1 20140803175431 11
000001442014071 00000144 2014 07 24 11 4846 07:50 08:05 0070 1 214 0 _ _ _ 1 20140803175431 11
000001442014071 00000144 2014 07 25 11 4846 07:50 08:05 0070 1 214 0 _ _ _ 1 20140803175431 11
000001442014071 00000144 2014 07 26 11 4846 07:50 08:05 0070 1 214 0 _ _ _ 1 20140803175431 11
000001442014071 00000144 2014 07 27 11 4846 07:50 08:05 0070 1 214 0 _ _ _ 1 20140803175431 11
000001442014071 00000144 2014 07 29 11 4846 07:50 08:05 0070 1 214 0 _ _ _ 1 20140803175431 11
000001442014071 00000144 2014 07 30 11 4846 07:50 08:05 0070 1 214 0 _ _ _ 1 20140803175431 11
000001442014071 00000144 2014 07 31 11 4846 07:50 08:05 0070 1 214 0 _ _ _ 1 20140803175431 11
000001442014072 00000144 2014 07 03 11 1211 15:30 16:15 0070 1 404 0 _ _ _ 1 20140803175431 11
000001442014072 00000144 2014 07 10 11 1211 15:30 16:15 0070 1 404 0 _ _ _ 1 20140803175431 11
000001442014072 00000144 2014 07 17 11 1211 15:30 16:15 0070 1 404 0 _ _ _ 1 20140803175431 11
000001442014072 00000144 2014 07 24 11 1211 15:30 16:15 0070 1 404 0 _ _ _ 1 20140803175431 11
000001442014072 00000144 2014 07 31 11 1211 15:30 16:15 0070 1 404 0 _ _ _ 1 20140803175431 11
000001442014073 00000144 2014 07 07 11 5111 15:30 16:35 0070 1 474 0 _ _ _ 1 20140803175431 11
000001442014073 00000144 2014 07 14 11 5111 15:30 16:35 0070 1 474 0 _ _ _ 1 20140803175431 11
000001442014073 00000144 2014 07 21 11 5111 15:30 16:35 0070 1 474 0 _ _ _ 1 20140803175431 11
000001442014073 00000144 2014 07 28 11 5111 15:30 16:35 0070 1 474 0 _ _ _ 1 20140803175431 11
000001442014074 00000144 2014 07 29 11 4846 18:15 18:30 0070 1 214 0 _ _ _ 1 20140803175431 11
000001442014075 00000144 2014 07 01 11 4846 18:45 19:00 0070 1 214 0 _ _ _ 1 20140803175431 11
000001442014075 00000144 2014 07 02 11 4846 18:45 19:00 0070 1 214 0 _ _ _ 1 20140803175431 11
000001442014075 00000144 2014 07 03 11 4846 18:45 19:00 0070 1 214 0 _ _ _ 1 20140803175431 11
000001442014075 00000144 2014 07 04 11 4846 18:45 19:00 0070 1 214 0 _ _ _ 1 20140803175431 11
000001442014075 00000144 2014 07 05 11 4846 18:45 19:00 0070 1 214 0 _ _ _ 1 20140803175431 11
000001442014075 00000144 2014 07 06 11 4846 18:45 19:00 0070 1 214 0 _ _ _ 1 20140803175431 11
000001442014075 00000144 2014 07 08 11 4846 18:45 19:00 0070 1 214 0 _ _ _ 1 20140803175431 11
000001442014075 00000144 2014 07 09 11 4846 18:45 19:00 0070 1 214 0 _ _ _ 1 20140803175431 11
000001442014075 00000144 2014 07 10 11 4846 18:45 19:00 0070 1 214 0 _ _ _ 1 20140803175431 11
000001442014075 00000144 2014 07 11 11 4846 18:45 19:00 0070 1 214 0 _ _ _ 1 20140803175431 11
000001442014075 00000144 2014 07 12 11 4846 18:45 19:00 0070 1 214 0 _ _ _ 1 20140803175431 11
000001442014075 00000144 2014 07 13 11 4846 18:45 19:00 0070 1 214 0 _ _ _ 1 20140803175431 11
000001442014075 00000144 2014 07 14 11 4846 18:45 19:00 0070 1 214 0 _ _ _ 1 20140803175431 11
000001442014075 00000144 2014 07 15 11 4846 18:45 19:00 0070 1 214 0 _ _ _ 1 20140803175431 11
000001442014075 00000144 2014 07 16 11 4846 18:45 19:00 0070 1 214 0 _ _ _ 1 20140803175431 11
000001442014075 00000144 2014 07 17 11 4846 18:45 19:00 0070 1 214 0 _ _ _ 1 20140803175431 11
000001442014075 00000144 2014 07 18 11 4846 18:45 19:00 0070 1 214 0 _ _ _ 1 20140803175431 11
000001442014075 00000144 2014 07 19 11 4846 18:45 19:00 0070 1 214 0 _ _ _ 1 20140803175431 11
000001442014075 00000144 2014 07 20 11 4846 18:45 19:00 0070 1 214 0 _ _ _ 1 20140803175431 11
000001442014075 00000144 2014 07 21 11 4846 18:45 19:00 0070 1 214 0 _ _ _ 1 20140803175431 11
000001442014075 00000144 2014 07 22 11 4846 18:45 19:00 0070 1 214 0 _ _ _ 1 20140803175431 11
000001442014075 00000144 2014 07 23 11 4846 18:45 19:00 0070 1 214 0 _ _ _ 1 20140803175431 11
000001442014075 00000144 2014 07 24 11 4846 18:45 19:00 0070 1 214 0 _ _ _ 1 20140803175431 11
000001442014075 00000144 2014 07 25 11 4846 18:45 19:00 0070 1 214 0 _ _ _ 1 20140803175431 11
000001442014075 00000144 2014 07 26 11 4846 18:45 19:00 0070 1 214 0 _ _ _ 1 20140803175431 11
000001442014075 00000144 2014 07 27 11 4846 18:45 19:00 0070 1 214 0 _ _ _ 1 20140803175431 11
000001442014075 00000144 2014 07 30 11 4846 18:45 19:00 0070 1 214 0 _ _ _ 1 20140803175431 11
000001442014075 00000144 2014 07 31 11 4846 18:45 19:00 0070 1 214 0 _ _ _ 1 20140803175431 11
000001442014076 00000144 2014 07 28 11 4846 18:55 19:10 0070 1 214 0 _ _ _ 1 20140803175431 11
000001442014077 00000144 2014 07 01 13 1501 14:30 15:10 0259 1 318 0 _ _ _ 1 20140803175431 11
000001442014077 00000144 2014 07 04 13 1501 14:30 15:10 0259 1 318 0 _ _ _ 1 20140803175431 11
000001442014077 00000144 2014 07 08 13 1501 14:30 15:10 0259 1 318 0 _ _ _ 1 20140803175431 11
000001442014077 00000144 2014 07 11 13 1501 14:30 15:10 0259 1 318 0 _ _ _ 1 20140803175431 11
000001442014077 00000144 2014 07 15 13 1501 14:30 15:10 0259 1 318 0 _ _ _ 1 20140803175431 11
000001442014077 00000144 2014 07 18 13 1501 14:30 15:10 0259 1 318 0 _ _ _ 1 20140803175431 11
000001442014077 00000144 2014 07 22 13 1501 14:30 15:10 0259 1 318 0 _ _ _ 1 20140803175431 11
000001442014077 00000144 2014 07 25 13 1501 14:30 15:10 0259 1 318 0 _ _ _ 1 20140803175431 11
000001442014077 00000144 2014 07 29 13 1501 14:30 15:10 0259 1 318 0 _ _ _ 1 20140803175431 11
000001442014078 00000144 2014 07 01 17 1001 _ _ 0093 1 650 0 _ _ _ 1 20140803175431 11
000001442014079 00000144 2014 07 01 17 1007 _ _ 0093 1 200 0 _ _ _ 1 20140803175431 11
000001442014081 00000144 2014 08 01 11 4846 07:50 08:05 0070 1 214 0 _ _ 1 1 20140722224442 11
000001442014081 00000144 2014 08 02 11 4846 07:50 08:05 0070 1 214 0 _ _ 1 1 20140722224442 11
000001442014081 00000144 2014 08 03 11 4846 07:50 08:05 0070 1 214 0 _ _ 1 1 20140722224442 11
000001442014081 00000144 2014 08 04 11 4846 07:50 08:05 0070 1 214 0 _ _ 1 1 20140722224442 11
000001442014081 00000144 2014 08 05 11 4846 07:50 08:05 0070 1 214 0 _ _ 1 1 20140722224442 11
000001442014081 00000144 2014 08 06 11 4846 07:50 08:05 0070 1 214 0 _ _ 1 1 20140722224442 11
000001442014081 00000144 2014 08 07 11 4846 07:50 08:05 0070 1 214 0 _ _ 1 1 20140722224442 11
000001442014081 00000144 2014 08 08 11 4846 07:50 08:05 0070 1 214 0 _ _ 1 1 20140722224442 11
000001442014081 00000144 2014 08 09 11 4846 07:50 08:05 0070 1 214 0 _ _ 1 1 20140722224442 11
000001442014081 00000144 2014 08 10 11 4846 07:50 08:05 0070 1 214 0 _ _ 1 1 20140722224442 11
000001442014081 00000144 2014 08 11 11 4846 07:50 08:05 0070 1 214 0 _ _ 1 1 20140722224442 11
000001442014081 00000144 2014 08 12 11 4846 07:50 08:05 0070 1 214 0 _ _ 1 1 20140722224442 11
000001442014081 00000144 2014 08 13 11 4846 07:50 08:05 0070 1 214 0 _ _ 1 1 20140722224442 11
000001442014081 00000144 2014 08 14 11 4846 07:50 08:05 0070 1 214 0 _ _ 1 1 20140722224442 11
000001442014081 00000144 2014 08 15 11 4846 07:50 08:05 0070 1 214 0 _ _ 1 1 20140722224442 11
000001442014081 00000144 2014 08 16 11 4846 07:50 08:05 0070 1 214 0 _ _ 1 1 20140722224442 11
000001442014081 00000144 2014 08 17 11 4846 07:50 08:05 0070 1 214 0 _ _ 1 1 20140722224442 11
000001442014081 00000144 2014 08 18 11 4846 07:50 08:05 0070 1 214 0 _ _ 1 1 20140722224442 11
000001442014081 00000144 2014 08 19 11 4846 07:50 08:05 0070 1 214 0 _ _ 1 1 20140722224442 11
000001442014081 00000144 2014 08 20 11 4846 07:50 08:05 0070 1 214 0 _ _ 1 1 20140722224442 11
000001442014081 00000144 2014 08 21 11 4846 07:50 08:05 0070 1 214 0 _ _ 1 1 20140722224442 11
000001442014081 00000144 2014 08 22 11 4846 07:50 08:05 0070 1 214 0 _ _ 1 1 20140722224442 11
000001442014081 00000144 2014 08 23 11 4846 07:50 08:05 0070 1 214 0 _ _ 1 1 20140722224442 11
000001442014081 00000144 2014 08 24 11 4846 07:50 08:05 0070 1 214 0 _ _ 1 1 20140722224442 11
000001442014081 00000144 2014 08 25 11 4846 07:50 08:05 0070 1 214 0 _ _ 1 1 20140722224442 11
000001442014081 00000144 2014 08 26 11 4846 07:50 08:05 0070 1 214 0 _ _ 1 1 20140722224442 11
000001442014081 00000144 2014 08 27 11 4846 07:50 08:05 0070 1 214 0 _ _ 1 1 20140722224442 11
000001442014081 00000144 2014 08 28 11 4846 07:50 08:05 0070 1 214 0 _ _ 1 1 20140722224442 11
000001442014081 00000144 2014 08 29 11 4846 07:50 08:05 0070 1 214 0 _ _ 1 1 20140722224442 11
000001442014081 00000144 2014 08 30 11 4846 07:50 08:05 0070 1 214 0 _ _ 1 1 20140722224442 11
000001442014081 00000144 2014 08 31 11 4846 07:50 08:05 0070 1 214 0 _ _ 1 1 20140722224442 11
000001442014082 00000144 2014 08 07 11 1211 15:30 16:15 0070 1 404 0 _ _ 1 1 20140722224442 11
000001442014082 00000144 2014 08 14 11 1211 15:30 16:15 0070 1 404 0 _ _ 1 1 20140722224442 11
000001442014082 00000144 2014 08 21 11 1211 15:30 16:15 0070 1 404 0 _ _ 1 1 20140722224442 11
000001442014082 00000144 2014 08 28 11 1211 15:30 16:15 0070 1 404 0 _ _ 1 1 20140722224442 11
000001442014083 00000144 2014 08 04 11 5111 15:30 16:35 0070 1 474 0 _ _ 1 1 20140722224442 11
000001442014083 00000144 2014 08 11 11 5111 15:30 16:35 0070 1 474 0 _ _ 1 1 20140722224442 11
000001442014083 00000144 2014 08 18 11 5111 15:30 16:35 0070 1 474 0 _ _ 1 1 20140722224442 11
000001442014083 00000144 2014 08 25 11 5111 15:30 16:35 0070 1 474 0 _ _ 1 1 20140722224442 11
000001442014084 00000144 2014 08 01 11 4846 18:45 19:00 0070 1 214 0 _ _ 1 1 20140722224442 11
000001442014084 00000144 2014 08 02 11 4846 18:45 19:00 0070 1 214 0 _ _ 1 1 20140722224442 11
000001442014084 00000144 2014 08 03 11 4846 18:45 19:00 0070 1 214 0 _ _ 1 1 20140722224442 11
000001442014084 00000144 2014 08 04 11 4846 18:45 19:00 0070 1 214 0 _ _ 1 1 20140722224442 11
000001442014084 00000144 2014 08 05 11 4846 18:45 19:00 0070 1 214 0 _ _ 1 1 20140722224442 11
000001442014084 00000144 2014 08 06 11 4846 18:45 19:00 0070 1 214 0 _ _ 1 1 20140722224442 11
000001442014084 00000144 2014 08 07 11 4846 18:45 19:00 0070 1 214 0 _ _ 1 1 20140722224442 11
000001442014084 00000144 2014 08 08 11 4846 18:45 19:00 0070 1 214 0 _ _ 1 1 20140722224442 11
000001442014084 00000144 2014 08 09 11 4846 18:45 19:00 0070 1 214 0 _ _ 1 1 20140722224442 11
000001442014084 00000144 2014 08 10 11 4846 18:45 19:00 0070 1 214 0 _ _ 1 1 20140722224442 11
000001442014084 00000144 2014 08 11 11 4846 18:45 19:00 0070 1 214 0 _ _ 1 1 20140722224442 11
000001442014084 00000144 2014 08 12 11 4846 18:45 19:00 0070 1 214 0 _ _ 1 1 20140722224442 11
000001442014084 00000144 2014 08 13 11 4846 18:45 19:00 0070 1 214 0 _ _ 1 1 20140722224442 11
000001442014084 00000144 2014 08 14 11 4846 18:45 19:00 0070 1 214 0 _ _ 1 1 20140722224442 11
000001442014084 00000144 2014 08 15 11 4846 18:45 19:00 0070 1 214 0 _ _ 1 1 20140722224442 11
000001442014084 00000144 2014 08 16 11 4846 18:45 19:00 0070 1 214 0 _ _ 1 1 20140722224442 11
000001442014084 00000144 2014 08 17 11 4846 18:45 19:00 0070 1 214 0 _ _ 1 1 20140722224442 11
000001442014084 00000144 2014 08 18 11 4846 18:45 19:00 0070 1 214 0 _ _ 1 1 20140722224442 11
000001442014084 00000144 2014 08 19 11 4846 18:45 19:00 0070 1 214 0 _ _ 1 1 20140722224442 11
000001442014084 00000144 2014 08 20 11 4846 18:45 19:00 0070 1 214 0 _ _ 1 1 20140722224442 11
000001442014084 00000144 2014 08 21 11 4846 18:45 19:00 0070 1 214 0 _ _ 1 1 20140722224442 11
000001442014084 00000144 2014 08 22 11 4846 18:45 19:00 0070 1 214 0 _ _ 1 1 20140722224442 11
000001442014084 00000144 2014 08 23 11 4846 18:45 19:00 0070 1 214 0 _ _ 1 1 20140722224442 11
000001442014084 00000144 2014 08 24 11 4846 18:45 19:00 0070 1 214 0 _ _ 1 1 20140722224442 11
000001442014084 00000144 2014 08 25 11 4846 18:45 19:00 0070 1 214 0 _ _ 1 1 20140722224442 11
000001442014084 00000144 2014 08 26 11 4846 18:45 19:00 0070 1 214 0 _ _ 1 1 20140722224442 11
000001442014084 00000144 2014 08 27 11 4846 18:45 19:00 0070 1 214 0 _ _ 1 1 20140722224442 11
000001442014084 00000144 2014 08 28 11 4846 18:45 19:00 0070 1 214 0 _ _ 1 1 20140722224442 11
000001442014084 00000144 2014 08 29 11 4846 18:45 19:00 0070 1 214 0 _ _ 1 1 20140722224442 11
000001442014084 00000144 2014 08 30 11 4846 18:45 19:00 0070 1 214 0 _ _ 1 1 20140722224442 11
000001442014084 00000144 2014 08 31 11 4846 18:45 19:00 0070 1 214 0 _ _ 1 1 20140722224442 11
000001442014085 00000144 2014 08 01 13 1501 14:30 15:10 0259 1 318 0 _ _ 1 1 20140722224442 11
000001442014085 00000144 2014 08 05 13 1501 14:30 15:10 0259 1 318 0 _ _ 1 1 20140722224442 11
000001442014085 00000144 2014 08 08 13 1501 14:30 15:10 0259 1 318 0 _ _ 1 1 20140722224442 11
000001442014085 00000144 2014 08 12 13 1501 14:30 15:10 0259 1 318 0 _ _ 1 1 20140722224442 11
000001442014085 00000144 2014 08 15 13 1501 14:30 15:10 0259 1 318 0 _ _ 1 1 20140722224442 11
000001442014085 00000144 2014 08 19 13 1501 14:30 15:10 0259 1 318 0 _ _ 1 1 20140722224442 11
000001442014085 00000144 2014 08 22 13 1501 14:30 15:10 0259 1 318 0 _ _ 1 1 20140722224442 11
000001442014085 00000144 2014 08 26 13 1501 14:30 15:10 0259 1 318 0 _ _ 1 1 20140722224442 11
000001442014085 00000144 2014 08 29 13 1501 14:30 15:10 0259 1 318 0 _ _ 1 1 20140722224442 11
000001442014086 00000144 2014 08 01 17 1001 _ _ 0093 1 650 0 _ _ 1 1 20140722224442 11
000001442014087 00000144 2014 08 01 17 1007 _ _ 0093 1 200 0 _ _ 1 1 20140722224442 11
000001442014091 00000144 2014 09 04 11 1211 15:30 16:15 0070 1 404 0 _ _ _ 1 20140811150035 11
000001442014091 00000144 2014 09 11 11 1211 15:30 16:15 0070 1 404 0 _ _ _ 1 20140811150035 11
000001442014091 00000144 2014 09 18 11 1211 15:30 16:15 0070 1 404 0 _ _ _ 1 20140811150035 11
000001442014091 00000144 2014 09 25 11 1211 15:30 16:15 0070 1 404 0 _ _ _ 1 20140811150035 11
000001442014092 00000144 2014 09 01 11 4846 07:50 08:05 0070 1 214 0 _ _ _ 1 20140811150035 11
000001442014092 00000144 2014 09 02 11 4846 07:50 08:05 0070 1 214 0 _ _ _ 1 20140811150035 11
000001442014092 00000144 2014 09 03 11 4846 07:50 08:05 0070 1 214 0 _ _ _ 1 20140811150035 11
000001442014092 00000144 2014 09 04 11 4846 07:50 08:05 0070 1 214 0 _ _ _ 1 20140811150035 11
000001442014092 00000144 2014 09 05 11 4846 07:50 08:05 0070 1 214 0 _ _ _ 1 20140811150035 11
000001442014092 00000144 2014 09 06 11 4846 07:50 08:05 0070 1 214 0 _ _ _ 1 20140811150035 11
000001442014092 00000144 2014 09 07 11 4846 07:50 08:05 0070 1 214 0 _ _ _ 1 20140811150035 11
000001442014092 00000144 2014 09 08 11 4846 07:50 08:05 0070 1 214 0 _ _ _ 1 20140811150035 11
000001442014092 00000144 2014 09 09 11 4846 07:50 08:05 0070 1 214 0 _ _ _ 1 20140811150035 11
000001442014092 00000144 2014 09 10 11 4846 07:50 08:05 0070 1 214 0 _ _ _ 1 20140811150035 11
000001442014092 00000144 2014 09 11 11 4846 07:50 08:05 0070 1 214 0 _ _ _ 1 20140811150035 11
000001442014092 00000144 2014 09 12 11 4846 07:50 08:05 0070 1 214 0 _ _ _ 1 20140811150035 11
000001442014092 00000144 2014 09 13 11 4846 07:50 08:05 0070 1 214 0 _ _ _ 1 20140811150035 11
000001442014092 00000144 2014 09 14 11 4846 07:50 08:05 0070 1 214 0 _ _ _ 1 20140811150035 11
000001442014092 00000144 2014 09 15 11 4846 07:50 08:05 0070 1 214 0 _ _ _ 1 20140811150035 11
000001442014092 00000144 2014 09 16 11 4846 07:50 08:05 0070 1 214 0 _ _ _ 1 20140811150035 11
000001442014092 00000144 2014 09 17 11 4846 07:50 08:05 0070 1 214 0 _ _ _ 1 20140811150035 11
000001442014092 00000144 2014 09 18 11 4846 07:50 08:05 0070 1 214 0 _ _ _ 1 20140811150035 11
000001442014092 00000144 2014 09 19 11 4846 07:50 08:05 0070 1 214 0 _ _ _ 1 20140811150035 11
000001442014092 00000144 2014 09 20 11 4846 07:50 08:05 0070 1 214 0 _ _ _ 1 20140811150035 11
000001442014092 00000144 2014 09 21 11 4846 07:50 08:05 0070 1 214 0 _ _ _ 1 20140811150035 11
000001442014092 00000144 2014 09 22 11 4846 07:50 08:05 0070 1 214 0 _ _ _ 1 20140811150035 11
000001442014092 00000144 2014 09 23 11 4846 07:50 08:05 0070 1 214 0 _ _ _ 1 20140811150035 11
000001442014092 00000144 2014 09 24 11 4846 07:50 08:05 0070 1 214 0 _ _ _ 1 20140811150035 11
000001442014092 00000144 2014 09 25 11 4846 07:50 08:05 0070 1 214 0 _ _ _ 1 20140811150035 11
000001442014092 00000144 2014 09 26 11 4846 07:50 08:05 0070 1 214 0 _ _ _ 1 20140811150035 11
000001442014092 00000144 2014 09 27 11 4846 07:50 08:05 0070 1 214 0 _ _ _ 1 20140811150035 11
000001442014092 00000144 2014 09 28 11 4846 07:50 08:05 0070 1 214 0 _ _ _ 1 20140811150035 11
000001442014092 00000144 2014 09 29 11 4846 07:50 08:05 0070 1 214 0 _ _ _ 1 20140811150035 11
000001442014092 00000144 2014 09 30 11 4846 07:50 08:05 0070 1 214 0 _ _ _ 1 20140811150035 11
000001442014093 00000144 2014 09 01 11 4846 18:45 19:00 0070 1 214 0 _ _ _ 1 20140811150035 11
000001442014093 00000144 2014 09 02 11 4846 18:45 19:00 0070 1 214 0 _ _ _ 1 20140811150035 11
000001442014093 00000144 2014 09 03 11 4846 18:45 19:00 0070 1 214 0 _ _ _ 1 20140811150035 11
000001442014093 00000144 2014 09 04 11 4846 18:45 19:00 0070 1 214 0 _ _ _ 1 20140811150035 11
000001442014093 00000144 2014 09 05 11 4846 18:45 19:00 0070 1 214 0 _ _ _ 1 20140811150035 11
000001442014093 00000144 2014 09 06 11 4846 18:45 19:00 0070 1 214 0 _ _ _ 1 20140811150035 11
000001442014093 00000144 2014 09 07 11 4846 18:45 19:00 0070 1 214 0 _ _ _ 1 20140811150035 11
000001442014093 00000144 2014 09 08 11 4846 18:45 19:00 0070 1 214 0 _ _ _ 1 20140811150035 11
000001442014093 00000144 2014 09 09 11 4846 18:45 19:00 0070 1 214 0 _ _ _ 1 20140811150035 11
000001442014093 00000144 2014 09 10 11 4846 18:45 19:00 0070 1 214 0 _ _ _ 1 20140811150035 11
000001442014093 00000144 2014 09 11 11 4846 18:45 19:00 0070 1 214 0 _ _ _ 1 20140811150035 11
000001442014093 00000144 2014 09 12 11 4846 18:45 19:00 0070 1 214 0 _ _ _ 1 20140811150035 11
000001442014093 00000144 2014 09 13 11 4846 18:45 19:00 0070 1 214 0 _ _ _ 1 20140811150035 11
000001442014093 00000144 2014 09 14 11 4846 18:45 19:00 0070 1 214 0 _ _ _ 1 20140811150035 11
000001442014093 00000144 2014 09 15 11 4846 18:45 19:00 0070 1 214 0 _ _ _ 1 20140811150035 11
000001442014093 00000144 2014 09 16 11 4846 18:45 19:00 0070 1 214 0 _ _ _ 1 20140811150035 11
000001442014093 00000144 2014 09 17 11 4846 18:45 19:00 0070 1 214 0 _ _ _ 1 20140811150035 11
000001442014093 00000144 2014 09 18 11 4846 18:45 19:00 0070 1 214 0 _ _ _ 1 20140811150035 11
000001442014093 00000144 2014 09 19 11 4846 18:45 19:00 0070 1 214 0 _ _ _ 1 20140811150035 11
000001442014093 00000144 2014 09 20 11 4846 18:45 19:00 0070 1 214 0 _ _ _ 1 20140811150035 11
000001442014093 00000144 2014 09 21 11 4846 18:45 19:00 0070 1 214 0 _ _ _ 1 20140811150035 11
000001442014093 00000144 2014 09 22 11 4846 18:45 19:00 0070 1 214 0 _ _ _ 1 20140811150035 11
000001442014093 00000144 2014 09 23 11 4846 18:45 19:00 0070 1 214 0 _ _ _ 1 20140811150035 11
000001442014093 00000144 2014 09 24 11 4846 18:45 19:00 0070 1 214 0 _ _ _ 1 20140811150035 11
000001442014093 00000144 2014 09 25 11 4846 18:45 19:00 0070 1 214 0 _ _ _ 1 20140811150035 11
000001442014093 00000144 2014 09 26 11 4846 18:45 19:00 0070 1 214 0 _ _ _ 1 20140811150035 11
000001442014093 00000144 2014 09 27 11 4846 18:45 19:00 0070 1 214 0 _ _ _ 1 20140811150035 11
000001442014093 00000144 2014 09 28 11 4846 18:45 19:00 0070 1 214 0 _ _ _ 1 20140811150035 11
000001442014093 00000144 2014 09 29 11 4846 18:45 19:00 0070 1 214 0 _ _ _ 1 20140811150035 11
000001442014093 00000144 2014 09 30 11 4846 18:45 19:00 0070 1 214 0 _ _ _ 1 20140811150035 11
000001442014094 00000144 2014 09 01 11 5111 15:30 16:35 0070 1 474 0 _ _ _ 1 20140811150035 11
000001442014094 00000144 2014 09 08 11 5111 15:30 16:35 0070 1 474 0 _ _ _ 1 20140811150035 11
000001442014094 00000144 2014 09 15 11 5111 15:30 16:35 0070 1 474 0 _ _ _ 1 20140811150035 11
000001442014094 00000144 2014 09 22 11 5111 15:30 16:35 0070 1 474 0 _ _ _ 1 20140811150035 11
000001442014094 00000144 2014 09 29 11 5111 15:30 16:35 0070 1 474 0 _ _ _ 1 20140811150035 11
000001442014095 00000144 2014 09 02 13 1501 14:30 15:10 0259 1 318 0 _ _ _ 1 20140811150035 11
000001442014095 00000144 2014 09 05 13 1501 14:30 15:10 0259 1 318 0 _ _ _ 1 20140811150035 11
000001442014095 00000144 2014 09 09 13 1501 14:30 15:10 0259 1 318 0 _ _ _ 1 20140811150035 11
000001442014095 00000144 2014 09 12 13 1501 14:30 15:10 0259 1 318 0 _ _ _ 1 20140811150035 11
000001442014095 00000144 2014 09 16 13 1501 14:30 15:10 0259 1 318 0 _ _ _ 1 20140811150035 11
000001442014095 00000144 2014 09 19 13 1501 14:30 15:10 0259 1 318 0 _ _ _ 1 20140811150035 11
000001442014095 00000144 2014 09 23 13 1501 14:30 15:10 0259 1 318 0 _ _ _ 1 20140811150035 11
000001442014095 00000144 2014 09 26 13 1501 14:30 15:10 0259 1 318 0 _ _ _ 1 20140811150035 11
000001442014095 00000144 2014 09 30 13 1501 14:30 15:10 0259 1 318 0 _ _ _ 1 20140811150035 11
000001442014096 00000144 2014 09 01 17 1001 _ _ 0093 1 650 0 _ _ _ 1 20140811150035 11
000001442014097 00000144 2014 09 01 17 1007 _ _ 0093 1 200 0 _ _ _ 1 20140811150035 11
