00001176 0070 2014 08 0000002 04 00035 _ 13:45 14:59 4 _ 0 5111 1 11 1 20140829203329 00038
00001176 0070 2014 08 0000003 07 _ _ 00:00 00:00 _ _ 0 _ 1 11 9 20140811102748 00037
00001176 0070 2014 08 0000004 11 _ _ 13:45 14:59 _ _ 0 _ 1 11 9 20140812181947 00038
00001176 0070 2014 08 0000005 14 _ _ 13:15 14:29 _ _ 0 _ 1 11 9 20140812181947 00038
00001176 0070 2014 08 0000006 18 _ _ 13:45 14:59 _ _ 0 _ 1 11 9 20140812181947 00038
00001176 0070 2014 08 0000007 21 _ _ 13:15 14:29 _ _ 0 _ 1 11 9 20140812181947 00038
00001176 0070 2014 08 0000008 25 _ _ 13:45 14:59 _ _ 0 _ 1 11 9 20140812181947 00038
00001176 0070 2014 08 0000009 28 _ _ 13:15 14:29 _ _ 0 _ 1 11 9 20140812181947 00038
00001176 0070 2014 08 0000010 07 00037 _ 13:15 14:29 4 _ 0 5111 1 11 1 20140829203329 00038
00001176 0070 2014 08 0000011 11 00035 _ 13:45 14:59 4 _ 0 5111 1 11 1 20140829203329 00038
00001176 0070 2014 08 0000012 14 00037 _ 13:15 14:29 4 _ 0 5111 1 11 1 20140829203329 00038
00001176 0070 2014 08 0000013 18 00037 _ 13:45 14:59 4 _ 0 5111 1 11 1 20140829203329 00038
00001176 0070 2014 08 0000014 21 00035 _ 16:30 17:44 4 _ 0 5111 1 11 1 20140829203329 00038
00001176 0070 2014 08 0000015 25 00100 _ 13:45 14:59 4 _ 0 5111 1 11 1 20140829203329 00038
00001176 0070 2014 08 0000016 28 00035 _ 13:15 14:29 4 _ 0 5111 1 11 1 20140829203329 00038
00001176 0070 2014 09 0000017 04 00038 _ 13:15 14:29 4 _ 0 5111 1 11 1 20140927191509 00038
00001176 0070 2014 09 0000018 01 00035 _ 13:45 14:44 4 _ 0 4111 1 11 1 20140927191509 00038
00001176 0070 2014 09 0000019 08 00100 _ 13:45 14:59 4 _ 0 5111 1 11 1 20140927191509 00038
00001176 0070 2014 09 0000020 11 00038 _ 13:15 14:29 4 _ 0 5111 1 11 1 20140927191509 00038
00001176 0070 2014 09 0000021 15 00100 _ 13:45 14:59 4 _ 0 5111 1 11 1 20140927191509 00038
00001176 0070 2014 09 0000022 22 00100 _ 13:45 14:59 4 _ 0 5111 1 11 1 20140927191509 00038
00001176 0070 2014 09 0000023 25 00038 _ 13:15 14:29 4 _ 0 5111 1 11 1 20140927191509 00038
