00000248 2014 01 1 1 00052 1 20140617172751 00052
00000248 2014 02 1 1 00052 1 20140617170853 00052
00000248 2014 03 1 1 00052 1 20140617165959 00052
00000248 2014 04 1 1 00052 1 20140617163713 00052
00000248 2014 05 1 1 00052 1 20140819141546 00078
00000248 2014 06 1 1 00052 1 20140701161258 00047
00000248 2014 07 1 1 00052 1 20140802134405 00047
00000248 2014 08 1 1 00052 1 20140901134233 00047
00000248 2014 09 1 1 00052 1 20141001131654 00047
00000248 2014 10 1 1 00052 1 20141101103034 00047
00000248 2014 11 1 1 00052 1 20141202115559 00047
00000248 2014 12 1 _ 00052 1 20141121210507 00052
