00000248 2014 01 00052 1 20140617172812 00052
00000248 2014 02 00052 1 20140617170913 00052
00000248 2014 03 00052 1 20140617170012 00052
00000248 2014 04 00052 1 20140617163756 00052
00000248 2014 05 00052 1 20140819141616 00078
00000248 2014 06 00052 1 20140702103537 00047
00000248 2014 07 00052 1 20140802142059 00047
00000248 2014 08 00052 1 20140901134356 00047
00000248 2014 09 00052 1 20141001131738 00047
00000248 2014 10 00052 1 20141103102050 00047
00000248 2014 11 00052 1 20141202115626 00047
00000248 2014 12 00052 1 20141121210744 00052
