000002482014014 00000248 2014 01 02 11 1211 15:20 16:19 0029 1 402 0 _ _ 1 1 20140617172751 42
000002482014014 00000248 2014 01 06 11 1211 15:20 16:19 0029 1 402 0 _ _ 1 1 20140617172751 42
000002482014014 00000248 2014 01 09 11 1211 15:20 16:19 0029 1 402 0 _ _ 1 1 20140617172751 42
000002482014014 00000248 2014 01 13 11 1211 15:20 16:19 0029 1 402 0 _ _ 1 1 20140617172751 42
000002482014014 00000248 2014 01 16 11 1211 15:20 16:19 0029 1 402 0 _ _ 1 1 20140617172751 42
000002482014014 00000248 2014 01 20 11 1211 15:20 16:19 0029 1 402 0 _ _ 1 1 20140617172751 42
000002482014014 00000248 2014 01 23 11 1211 15:20 16:19 0029 1 402 0 _ _ 1 1 20140617172751 42
000002482014014 00000248 2014 01 27 11 1211 15:20 16:19 0029 1 402 0 _ _ 1 1 20140617172751 42
000002482014014 00000248 2014 01 30 11 1211 15:20 16:19 0029 1 402 0 _ _ 1 1 20140617172751 42
000002482014015 00000248 2014 01 04 11 7211 14:50 15:34 0029 1 190 0 _ _ 1 1 20140617172751 42
000002482014015 00000248 2014 01 11 11 7211 14:50 15:34 0029 1 190 0 _ _ 1 1 20140617172751 42
000002482014015 00000248 2014 01 18 11 7211 14:50 15:34 0029 1 190 0 _ _ 1 1 20140617172751 42
000002482014015 00000248 2014 01 25 11 7211 14:50 15:34 0029 1 190 0 _ _ 1 1 20140617172751 42
000002482014016 00000248 2014 01 01 17 1007 _ _ 0217 1 1800 0 _ _ 1 1 20140617172751 42
000002482014022 00000248 2014 02 03 11 1211 15:20 16:19 0029 1 402 0 _ _ 1 1 20140617170853 42
000002482014022 00000248 2014 02 06 11 1211 15:20 16:19 0029 1 402 0 _ _ 1 1 20140617170853 42
000002482014022 00000248 2014 02 10 11 1211 15:20 16:19 0029 1 402 0 _ _ 1 1 20140617170853 42
000002482014022 00000248 2014 02 13 11 1211 15:20 16:19 0029 1 402 0 _ _ 1 1 20140617170853 42
000002482014022 00000248 2014 02 17 11 1211 15:20 16:19 0029 1 402 0 _ _ 1 1 20140617170853 42
000002482014022 00000248 2014 02 20 11 1211 15:20 16:19 0029 1 402 0 _ _ 1 1 20140617170853 42
000002482014022 00000248 2014 02 24 11 1211 15:20 16:19 0029 1 402 0 _ _ 1 1 20140617170853 42
000002482014022 00000248 2014 02 27 11 1211 15:20 16:19 0029 1 402 0 _ _ 1 1 20140617170853 42
000002482014023 00000248 2014 02 01 11 7211 14:50 15:34 0029 1 190 0 _ _ 1 1 20140617170853 42
000002482014023 00000248 2014 02 08 11 7211 14:50 15:34 0029 1 190 0 _ _ 1 1 20140617170853 42
000002482014023 00000248 2014 02 15 11 7211 14:50 15:34 0029 1 190 0 _ _ 1 1 20140617170853 42
000002482014023 00000248 2014 02 22 11 7211 14:50 15:34 0029 1 190 0 _ _ 1 1 20140617170853 42
000002482014024 00000248 2014 02 01 15 1242 09:20 12:30 0229 1 529 0 _ _ 1 1 20140617170853 42
000002482014024 00000248 2014 02 08 15 1242 09:20 12:30 0229 1 529 0 _ _ 1 1 20140617170853 42
000002482014024 00000248 2014 02 15 15 1242 09:20 12:30 0229 1 529 0 _ _ 1 1 20140617170853 42
000002482014024 00000248 2014 02 22 15 1242 09:20 12:30 0229 1 529 0 _ _ 1 1 20140617170853 42
000002482014025 00000248 2014 02 01 17 1007 _ _ 0217 1 1800 0 _ _ 1 1 20140617170853 42
000002482014031 00000248 2014 03 03 11 1211 15:20 16:19 0029 1 402 0 _ _ 1 1 20140617165959 42
000002482014031 00000248 2014 03 06 11 1211 15:20 16:19 0029 1 402 0 _ _ 1 1 20140617165959 42
000002482014031 00000248 2014 03 10 11 1211 15:20 16:19 0029 1 402 0 _ _ 1 1 20140617165959 42
000002482014031 00000248 2014 03 13 11 1211 15:20 16:19 0029 1 402 0 _ _ 1 1 20140617165959 42
000002482014031 00000248 2014 03 17 11 1211 15:20 16:19 0029 1 402 0 _ _ 1 1 20140617165959 42
000002482014031 00000248 2014 03 20 11 1211 15:20 16:19 0029 1 402 0 _ _ 1 1 20140617165959 42
000002482014031 00000248 2014 03 24 11 1211 15:20 16:19 0029 1 402 0 _ _ 1 1 20140617165959 42
000002482014031 00000248 2014 03 27 11 1211 15:20 16:19 0029 1 402 0 _ _ 1 1 20140617165959 42
000002482014031 00000248 2014 03 31 11 1211 15:20 16:19 0029 1 402 0 _ _ 1 1 20140617165959 42
000002482014032 00000248 2014 03 01 11 7211 14:50 15:34 0029 1 190 0 _ _ 1 1 20140617165959 42
000002482014032 00000248 2014 03 08 11 7211 14:50 15:34 0029 1 190 0 _ _ 1 1 20140617165959 42
000002482014032 00000248 2014 03 15 11 7211 14:50 15:34 0029 1 190 0 _ _ 1 1 20140617165959 42
000002482014032 00000248 2014 03 22 11 7211 14:50 15:34 0029 1 190 0 _ _ 1 1 20140617165959 42
000002482014032 00000248 2014 03 29 11 7211 14:50 15:34 0029 1 190 0 _ _ 1 1 20140617165959 42
000002482014033 00000248 2014 03 01 15 1242 09:20 12:30 0229 1 529 0 _ _ 1 1 20140617165959 42
000002482014033 00000248 2014 03 08 15 1242 09:20 12:30 0229 1 529 0 _ _ 1 1 20140617165959 42
000002482014033 00000248 2014 03 15 15 1242 09:20 12:30 0229 1 529 0 _ _ 1 1 20140617165959 42
000002482014033 00000248 2014 03 22 15 1242 09:20 12:30 0229 1 529 0 _ _ 1 1 20140617165959 42
000002482014033 00000248 2014 03 29 15 1242 09:20 12:30 0229 1 529 0 _ _ 1 1 20140617165959 42
000002482014034 00000248 2014 03 01 17 1007 _ _ 0217 1 1800 0 _ _ 1 1 20140617165959 42
000002482014042 00000248 2014 04 03 11 1211 15:20 16:19 0029 1 404 0 _ _ 1 1 20140617163713 42
000002482014042 00000248 2014 04 07 11 1211 15:20 16:19 0029 1 404 0 _ _ 1 1 20140617163713 42
000002482014042 00000248 2014 04 10 11 1211 15:20 16:19 0029 1 404 0 _ _ 1 1 20140617163713 42
000002482014042 00000248 2014 04 14 11 1211 15:20 16:19 0029 1 404 0 _ _ 1 1 20140617163713 42
000002482014042 00000248 2014 04 17 11 1211 15:20 16:19 0029 1 404 0 _ _ 1 1 20140617163713 42
000002482014042 00000248 2014 04 21 11 1211 15:20 16:19 0029 1 404 0 _ _ 1 1 20140617163713 42
000002482014042 00000248 2014 04 24 11 1211 15:20 16:19 0029 1 404 0 _ _ 1 1 20140617163713 42
000002482014042 00000248 2014 04 28 11 1211 15:20 16:19 0029 1 404 0 _ _ 1 1 20140617163713 42
000002482014043 00000248 2014 04 05 11 7211 14:50 15:34 0029 1 191 0 _ _ 1 1 20140617163713 42
000002482014043 00000248 2014 04 12 11 7211 14:50 15:34 0029 1 191 0 _ _ 1 1 20140617163713 42
000002482014043 00000248 2014 04 19 11 7211 14:50 15:34 0029 1 191 0 _ _ 1 1 20140617163713 42
000002482014043 00000248 2014 04 26 11 7211 14:50 15:34 0029 1 191 0 _ _ 1 1 20140617163713 42
000002482014044 00000248 2014 04 05 15 2242 09:20 12:30 0229 1 460 0 _ _ 1 1 20140617163713 42
000002482014044 00000248 2014 04 12 15 2242 09:20 12:30 0229 1 460 0 _ _ 1 1 20140617163713 42
000002482014044 00000248 2014 04 19 15 2242 09:20 12:30 0229 1 460 0 _ _ 1 1 20140617163713 42
000002482014044 00000248 2014 04 26 15 2242 09:20 12:30 0229 1 460 0 _ _ 1 1 20140617163713 42
000002482014045 00000248 2014 04 05 15 5052 09:20 12:30 0229 1 50 0 _ _ 1 1 20140617163713 42
000002482014045 00000248 2014 04 12 15 5052 09:20 12:30 0229 1 50 0 _ _ 1 1 20140617163713 42
000002482014045 00000248 2014 04 19 15 5052 09:20 12:30 0229 1 50 0 _ _ 1 1 20140617163713 42
000002482014045 00000248 2014 04 26 15 5052 09:20 12:30 0229 1 50 0 _ _ 1 1 20140617163713 42
000002482014046 00000248 2014 04 01 17 1007 _ _ 0217 1 1800 0 _ _ 1 1 20140617163713 42
000002482014051 00000248 2014 05 03 11 7211 14:50 15:34 0029 1 191 0 _ _ 1 1 20140819141546 78
000002482014051 00000248 2014 05 10 11 7211 14:50 15:34 0029 1 191 0 _ _ 1 1 20140819141546 78
000002482014051 00000248 2014 05 17 11 7211 14:50 15:34 0029 1 191 0 _ _ 1 1 20140819141546 78
000002482014051 00000248 2014 05 24 11 7211 14:50 15:34 0029 1 191 0 _ _ 1 1 20140819141546 78
000002482014051 00000248 2014 05 31 11 7211 14:50 15:34 0029 1 191 0 _ _ 1 1 20140819141546 78
000002482014052 00000248 2014 05 01 11 1211 15:20 16:19 0029 1 404 0 _ _ 1 1 20140819141546 78
000002482014052 00000248 2014 05 05 11 1211 15:20 16:19 0029 1 404 0 _ _ 1 1 20140819141546 78
000002482014052 00000248 2014 05 08 11 1211 15:20 16:19 0029 1 404 0 _ _ 1 1 20140819141546 78
000002482014052 00000248 2014 05 12 11 1211 15:20 16:19 0029 1 404 0 _ _ 1 1 20140819141546 78
000002482014052 00000248 2014 05 15 11 1211 15:20 16:19 0029 1 404 0 _ _ 1 1 20140819141546 78
000002482014052 00000248 2014 05 19 11 1211 15:20 16:19 0029 1 404 0 _ _ 1 1 20140819141546 78
000002482014052 00000248 2014 05 22 11 1211 15:20 16:19 0029 1 404 0 _ _ 1 1 20140819141546 78
000002482014052 00000248 2014 05 26 11 1211 15:20 16:19 0029 1 404 0 _ _ 1 1 20140819141546 78
000002482014052 00000248 2014 05 29 11 1211 15:20 16:19 0029 1 404 0 _ _ 1 1 20140819141546 78
000002482014053 00000248 2014 05 03 15 2242 09:30 12:35 0229 1 460 0 _ _ 1 1 20140819141546 78
000002482014053 00000248 2014 05 10 15 2242 09:30 12:35 0229 1 460 0 _ _ 1 1 20140819141546 78
000002482014053 00000248 2014 05 17 15 2242 09:30 12:35 0229 1 460 0 _ _ 1 1 20140819141546 78
000002482014053 00000248 2014 05 24 15 2242 09:30 12:35 0229 1 460 0 _ _ 1 1 20140819141546 78
000002482014053 00000248 2014 05 31 15 2242 09:30 12:35 0229 1 460 0 _ _ 1 1 20140819141546 78
000002482014054 00000248 2014 05 03 15 5052 _ _ 0229 1 50 0 _ _ 1 1 20140819141546 78
000002482014054 00000248 2014 05 10 15 5052 _ _ 0229 1 50 0 _ _ 1 1 20140819141546 78
000002482014054 00000248 2014 05 17 15 5052 _ _ 0229 1 50 0 _ _ 1 1 20140819141546 78
000002482014054 00000248 2014 05 24 15 5052 _ _ 0229 1 50 0 _ _ 1 1 20140819141546 78
000002482014054 00000248 2014 05 31 15 5052 _ _ 0229 1 50 0 _ _ 1 1 20140819141546 78
000002482014055 00000248 2014 05 01 17 1007 _ _ 0217 1 1800 0 _ _ 1 1 20140819141546 78
000002482014061 00000248 2014 06 07 11 7211 14:10 14:54 0029 1 191 0 _ _ 1 1 20140701161258 39
000002482014061 00000248 2014 06 14 11 7211 14:10 14:54 0029 1 191 0 _ _ 1 1 20140701161258 39
000002482014061 00000248 2014 06 21 11 7211 14:10 14:54 0029 1 191 0 _ _ 1 1 20140701161258 39
000002482014061 00000248 2014 06 28 11 7211 14:10 14:54 0029 1 191 0 _ _ 1 1 20140701161258 39
000002482014063 00000248 2014 06 02 11 1211 15:20 16:19 0029 1 404 0 _ _ 1 1 20140701161258 39
000002482014063 00000248 2014 06 05 11 1211 15:20 16:19 0029 1 404 0 _ _ 1 1 20140701161258 39
000002482014063 00000248 2014 06 09 11 1211 15:20 16:19 0029 1 404 0 _ _ 1 1 20140701161258 39
000002482014063 00000248 2014 06 12 11 1211 15:20 16:19 0029 1 404 0 _ _ 1 1 20140701161258 39
000002482014063 00000248 2014 06 16 11 1211 15:20 16:19 0029 1 404 0 _ _ 1 1 20140701161258 39
000002482014063 00000248 2014 06 19 11 1211 15:20 16:19 0029 1 404 0 _ _ 1 1 20140701161258 39
000002482014063 00000248 2014 06 23 11 1211 15:20 16:19 0029 1 404 0 _ _ 1 1 20140701161258 39
000002482014063 00000248 2014 06 26 11 1211 15:20 16:19 0029 1 404 0 _ _ 1 1 20140701161258 39
000002482014063 00000248 2014 06 30 11 1211 15:20 16:19 0029 1 404 0 _ _ 1 1 20140701161258 39
000002482014064 00000248 2014 06 07 15 2242 09:20 12:29 0229 1 460 0 _ _ 1 1 20140701161258 39
000002482014064 00000248 2014 06 14 15 2242 09:20 12:29 0229 1 460 0 _ _ 1 1 20140701161258 39
000002482014064 00000248 2014 06 21 15 2242 09:20 12:29 0229 1 460 0 _ _ 1 1 20140701161258 39
000002482014064 00000248 2014 06 28 15 2242 09:20 12:29 0229 1 460 0 _ _ 1 1 20140701161258 39
000002482014065 00000248 2014 06 07 15 5052 09:20 12:30 0229 1 50 0 _ _ 1 1 20140701161258 39
000002482014065 00000248 2014 06 14 15 5052 09:20 12:30 0229 1 50 0 _ _ 1 1 20140701161258 39
000002482014065 00000248 2014 06 21 15 5052 09:20 12:30 0229 1 50 0 _ _ 1 1 20140701161258 39
000002482014065 00000248 2014 06 28 15 5052 09:20 12:30 0229 1 50 0 _ _ 1 1 20140701161258 39
000002482014066 00000248 2014 06 01 17 1007 _ _ 0217 1 1800 0 _ _ 1 1 20140701161258 39
000002482014072 00000248 2014 07 05 11 7211 14:10 14:54 0029 1 191 0 _ _ 1 1 20140802134405 39
000002482014072 00000248 2014 07 12 11 7211 14:10 14:54 0029 1 191 0 _ _ 1 1 20140802134405 39
000002482014072 00000248 2014 07 19 11 7211 14:10 14:54 0029 1 191 0 _ _ 1 1 20140802134405 39
000002482014072 00000248 2014 07 26 11 7211 14:10 14:54 0029 1 191 0 _ _ 1 1 20140802134405 39
000002482014073 00000248 2014 07 03 11 1211 15:20 16:19 0029 1 404 0 _ _ 1 1 20140802134405 39
000002482014073 00000248 2014 07 07 11 1211 15:20 16:19 0029 1 404 0 _ _ 1 1 20140802134405 39
000002482014073 00000248 2014 07 10 11 1211 15:20 16:19 0029 1 404 0 _ _ 1 1 20140802134405 39
000002482014073 00000248 2014 07 14 11 1211 15:20 16:19 0029 1 404 0 _ _ 1 1 20140802134405 39
000002482014073 00000248 2014 07 17 11 1211 15:20 16:19 0029 1 404 0 _ _ 1 1 20140802134405 39
000002482014073 00000248 2014 07 21 11 1211 15:20 16:19 0029 1 404 0 _ _ 1 1 20140802134405 39
000002482014073 00000248 2014 07 24 11 1211 15:20 16:19 0029 1 404 0 _ _ 1 1 20140802134405 39
000002482014073 00000248 2014 07 28 11 1211 15:20 16:19 0029 1 404 0 _ _ 1 1 20140802134405 39
000002482014073 00000248 2014 07 31 11 1211 15:20 16:19 0029 1 404 0 _ _ 1 1 20140802134405 39
000002482014074 00000248 2014 07 01 17 1007 _ _ 0217 1 1800 0 _ _ 1 1 20140802134405 39
000002482014082 00000248 2014 08 02 11 7211 14:10 14:54 0029 1 191 0 _ _ 1 1 20140901134233 39
000002482014082 00000248 2014 08 09 11 7211 14:10 14:54 0029 1 191 0 _ _ 1 1 20140901134233 39
000002482014082 00000248 2014 08 16 11 7211 14:10 14:54 0029 1 191 0 _ _ 1 1 20140901134233 39
000002482014082 00000248 2014 08 23 11 7211 14:10 14:54 0029 1 191 0 _ _ 1 1 20140901134233 39
000002482014082 00000248 2014 08 30 11 7211 14:10 14:54 0029 1 191 0 _ _ 1 1 20140901134233 39
000002482014085 00000248 2014 08 04 11 1211 15:20 16:19 0029 1 404 0 _ _ 1 1 20140901134233 39
000002482014085 00000248 2014 08 07 11 1211 15:20 16:19 0029 1 404 0 _ _ 1 1 20140901134233 39
000002482014085 00000248 2014 08 11 11 1211 15:20 16:19 0029 1 404 0 _ _ 1 1 20140901134233 39
000002482014085 00000248 2014 08 14 11 1211 15:20 16:19 0029 1 404 0 _ _ 1 1 20140901134233 39
000002482014085 00000248 2014 08 18 11 1211 15:20 16:19 0029 1 404 0 _ _ 1 1 20140901134233 39
000002482014085 00000248 2014 08 21 11 1211 15:20 16:19 0029 1 404 0 _ _ 1 1 20140901134233 39
000002482014085 00000248 2014 08 25 11 1211 15:20 16:19 0029 1 404 0 _ _ 1 1 20140901134233 39
000002482014085 00000248 2014 08 28 11 1211 15:20 16:19 0029 1 404 0 _ _ 1 1 20140901134233 39
000002482014087 00000248 2014 08 02 15 2242 09:30 12:34 0229 1 460 0 _ _ 1 1 20140901134233 39
000002482014087 00000248 2014 08 09 15 2242 09:30 12:34 0229 1 460 0 _ _ 1 1 20140901134233 39
000002482014087 00000248 2014 08 16 15 2242 09:30 12:34 0229 1 460 0 _ _ 1 1 20140901134233 39
000002482014087 00000248 2014 08 23 15 2242 09:30 12:34 0229 1 460 0 _ _ 1 1 20140901134233 39
000002482014087 00000248 2014 08 30 15 2242 09:30 12:34 0229 1 460 0 _ _ 1 1 20140901134233 39
000002482014088 00000248 2014 08 02 15 5052 _ _ 0229 1 50 0 _ _ 1 1 20140901134233 39
000002482014088 00000248 2014 08 09 15 5052 _ _ 0229 1 50 0 _ _ 1 1 20140901134233 39
000002482014088 00000248 2014 08 16 15 5052 _ _ 0229 1 50 0 _ _ 1 1 20140901134233 39
000002482014088 00000248 2014 08 23 15 5052 _ _ 0229 1 50 0 _ _ 1 1 20140901134233 39
000002482014088 00000248 2014 08 30 15 5052 _ _ 0229 1 50 0 _ _ 1 1 20140901134233 39
000002482014089 00000248 2014 08 01 17 1007 _ _ 0217 1 1800 0 _ _ 1 1 20140901134233 39
000002482014091 00000248 2014 09 06 11 7211 14:10 14:54 0029 1 191 0 _ _ 1 1 20141001131654 39
000002482014091 00000248 2014 09 13 11 7211 14:10 14:54 0029 1 191 0 _ _ 1 1 20141001131654 39
000002482014091 00000248 2014 09 20 11 7211 14:10 14:54 0029 1 191 0 _ _ 1 1 20141001131654 39
000002482014091 00000248 2014 09 27 11 7211 14:10 14:54 0029 1 191 0 _ _ 1 1 20141001131654 39
000002482014092 00000248 2014 09 01 11 1211 15:20 16:19 0029 1 404 0 _ _ 1 1 20141001131654 39
000002482014092 00000248 2014 09 04 11 1211 15:20 16:19 0029 1 404 0 _ _ 1 1 20141001131654 39
000002482014092 00000248 2014 09 08 11 1211 15:20 16:19 0029 1 404 0 _ _ 1 1 20141001131654 39
000002482014092 00000248 2014 09 11 11 1211 15:20 16:19 0029 1 404 0 _ _ 1 1 20141001131654 39
000002482014092 00000248 2014 09 15 11 1211 15:20 16:19 0029 1 404 0 _ _ 1 1 20141001131654 39
000002482014092 00000248 2014 09 18 11 1211 15:20 16:19 0029 1 404 0 _ _ 1 1 20141001131654 39
000002482014092 00000248 2014 09 22 11 1211 15:20 16:19 0029 1 404 0 _ _ 1 1 20141001131654 39
000002482014092 00000248 2014 09 25 11 1211 15:20 16:19 0029 1 404 0 _ _ 1 1 20141001131654 39
000002482014092 00000248 2014 09 29 11 1211 15:20 16:19 0029 1 404 0 _ _ 1 1 20141001131654 39
000002482014094 00000248 2014 09 01 17 1007 _ _ 0217 1 1800 0 _ _ 1 1 20141001131654 39
000002482014101 00000248 2014 10 04 11 7311 14:10 15:09 0029 1 236 0 _ _ 1 1 20141101103034 39
000002482014101 00000248 2014 10 11 11 7311 14:10 15:09 0029 1 236 0 _ _ 1 1 20141101103034 39
000002482014101 00000248 2014 10 18 11 7311 14:10 15:09 0029 1 236 0 _ _ 1 1 20141101103034 39
000002482014101 00000248 2014 10 25 11 7311 14:10 15:09 0029 1 236 0 _ _ 1 1 20141101103034 39
000002482014103 00000248 2014 10 02 11 1211 15:20 16:19 0029 1 404 0 _ _ 1 1 20141101103034 39
000002482014103 00000248 2014 10 06 11 1211 15:20 16:19 0029 1 404 0 _ _ 1 1 20141101103034 39
000002482014103 00000248 2014 10 09 11 1211 15:20 16:19 0029 1 404 0 _ _ 1 1 20141101103034 39
000002482014103 00000248 2014 10 13 11 1211 15:20 16:19 0029 1 404 0 _ _ 1 1 20141101103034 39
000002482014103 00000248 2014 10 16 11 1211 15:20 16:19 0029 1 404 0 _ _ 1 1 20141101103034 39
000002482014103 00000248 2014 10 20 11 1211 15:20 16:19 0029 1 404 0 _ _ 1 1 20141101103034 39
000002482014103 00000248 2014 10 23 11 1211 15:20 16:19 0029 1 404 0 _ _ 1 1 20141101103034 39
000002482014103 00000248 2014 10 27 11 1211 15:20 16:19 0029 1 404 0 _ _ 1 1 20141101103034 39
000002482014103 00000248 2014 10 30 11 1211 15:20 16:19 0029 1 404 0 _ _ 1 1 20141101103034 39
000002482014104 00000248 2014 10 01 17 1007 _ _ 0217 1 1800 0 _ _ 1 1 20141101103034 39
000002482014111 00000248 2014 11 01 11 7311 14:10 15:09 0029 1 236 0 _ _ 1 1 20141202115559 39
000002482014111 00000248 2014 11 08 11 7311 14:10 15:09 0029 1 236 0 _ _ 1 1 20141202115559 39
000002482014111 00000248 2014 11 15 11 7311 14:10 15:09 0029 1 236 0 _ _ 1 1 20141202115559 39
000002482014111 00000248 2014 11 22 11 7311 14:10 15:09 0029 1 236 0 _ _ 1 1 20141202115559 39
000002482014111 00000248 2014 11 29 11 7311 14:10 15:09 0029 1 236 0 _ _ 1 1 20141202115559 39
000002482014113 00000248 2014 11 03 11 1211 15:20 16:19 0029 1 404 0 _ _ 1 1 20141202115559 39
000002482014113 00000248 2014 11 06 11 1211 15:20 16:19 0029 1 404 0 _ _ 1 1 20141202115559 39
000002482014113 00000248 2014 11 10 11 1211 15:20 16:19 0029 1 404 0 _ _ 1 1 20141202115559 39
000002482014113 00000248 2014 11 13 11 1211 15:20 16:19 0029 1 404 0 _ _ 1 1 20141202115559 39
000002482014113 00000248 2014 11 17 11 1211 15:20 16:19 0029 1 404 0 _ _ 1 1 20141202115559 39
000002482014113 00000248 2014 11 20 11 1211 15:20 16:19 0029 1 404 0 _ _ 1 1 20141202115559 39
000002482014113 00000248 2014 11 24 11 1211 15:20 16:19 0029 1 404 0 _ _ 1 1 20141202115559 39
000002482014113 00000248 2014 11 27 11 1211 15:20 16:19 0029 1 404 0 _ _ 1 1 20141202115559 39
000002482014115 00000248 2014 11 01 17 1007 _ _ 0217 1 1800 0 _ _ 1 1 20141202115559 39
000002482014121 00000248 2014 12 01 11 1211 15:20 16:19 0029 1 404 0 _ _ 1 1 20141121210507 42
000002482014121 00000248 2014 12 04 11 1211 15:20 16:19 0029 1 404 0 _ _ 1 1 20141121210507 42
000002482014121 00000248 2014 12 08 11 1211 15:20 16:19 0029 1 404 0 _ _ 1 1 20141121210507 42
000002482014121 00000248 2014 12 11 11 1211 15:20 16:19 0029 1 404 0 _ _ 1 1 20141121210507 42
000002482014121 00000248 2014 12 15 11 1211 15:20 16:19 0029 1 404 0 _ _ 1 1 20141121210507 42
000002482014121 00000248 2014 12 18 11 1211 15:20 16:19 0029 1 404 0 _ _ 1 1 20141121210507 42
000002482014121 00000248 2014 12 22 11 1211 15:20 16:19 0029 1 404 0 _ _ 1 1 20141121210507 42
000002482014121 00000248 2014 12 25 11 1211 15:20 16:19 0029 1 404 0 _ _ 1 1 20141121210507 42
000002482014121 00000248 2014 12 29 11 1211 15:20 16:19 0029 1 404 0 _ _ 1 1 20141121210507 42
000002482014122 00000248 2014 12 06 11 7311 14:10 15:09 0029 1 236 0 _ _ 1 1 20141121210507 42
000002482014122 00000248 2014 12 13 11 7311 14:10 15:09 0029 1 236 0 _ _ 1 1 20141121210507 42
000002482014122 00000248 2014 12 20 11 7311 14:10 15:09 0029 1 236 0 _ _ 1 1 20141121210507 42
000002482014122 00000248 2014 12 27 11 7311 14:10 15:09 0029 1 236 0 _ _ 1 1 20141121210507 42
000002482014123 00000248 2014 12 01 17 1007 _ _ 0217 1 1800 0 _ _ 1 1 20141121210507 42
