000003202014081 00000320 2014 08 07 11 4001 09:45 10:50 0070 1 200 0 _ _ 1 1 20140903163318 11
000003202014082 00000320 2014 08 07 11 5111 09:45 10:50 0070 1 474 0 _ _ 1 1 20140903163318 11
000003202014083 00000320 2014 08 14 11 1211 10:00 10:45 0070 1 404 0 _ _ 1 1 20140903163318 11
000003202014083 00000320 2014 08 21 11 1211 10:00 10:45 0070 1 404 0 _ _ 1 1 20140903163318 11
000003202014083 00000320 2014 08 28 11 1211 10:00 10:45 0070 1 404 0 _ _ 1 1 20140903163318 11
000003202014084 00000320 2014 08 11 11 5111 10:00 11:05 0070 1 474 0 _ _ 1 1 20140903163318 11
000003202014084 00000320 2014 08 18 11 5111 10:00 11:05 0070 1 474 0 _ _ 1 1 20140903163318 11
000003202014084 00000320 2014 08 25 11 5111 10:00 11:05 0070 1 474 0 _ _ 1 1 20140903163318 11
000003202014085 00000320 2014 08 11 17 1001 _ _ 0058 1 300 0 _ _ 1 1 20140903163318 11
000003202014086 00000320 2014 08 22 17 1001 _ _ 0058 1 350 0 _ _ 1 1 20140903163318 11
000003202014087 00000320 2014 08 22 17 1002 _ _ 0058 1 125 0 _ _ 1 1 20140903163318 11
000003202014088 00000320 2014 08 22 17 1002 _ _ 0058 1 25 0 _ _ 1 1 20140903163318 11
000003202014091 00000320 2014 09 11 11 1211 10:00 10:45 0070 1 404 0 _ _ 1 1 20141003173556 11
000003202014091 00000320 2014 09 18 11 1211 10:00 10:45 0070 1 404 0 _ _ 1 1 20141003173556 11
000003202014091 00000320 2014 09 25 11 1211 10:00 10:45 0070 1 404 0 _ _ 1 1 20141003173556 11
000003202014092 00000320 2014 09 01 11 5111 10:00 11:05 0070 1 474 0 _ _ 1 1 20141003173556 11
000003202014092 00000320 2014 09 08 11 5111 10:00 11:05 0070 1 474 0 _ _ 1 1 20141003173556 11
000003202014092 00000320 2014 09 15 11 5111 10:00 11:05 0070 1 474 0 _ _ 1 1 20141003173556 11
000003202014092 00000320 2014 09 22 11 5111 10:00 11:05 0070 1 474 0 _ _ 1 1 20141003173556 11
000003202014092 00000320 2014 09 29 11 5111 10:00 11:05 0070 1 474 0 _ _ 1 1 20141003173556 11
000003202014093 00000320 2014 09 01 13 1521 15:00 15:59 0254 1 286 0 _ _ 1 1 20141003173556 11
000003202014093 00000320 2014 09 08 13 1521 15:00 15:59 0254 1 286 0 _ _ 1 1 20141003173556 11
000003202014093 00000320 2014 09 22 13 1521 15:00 15:59 0254 1 286 0 _ _ 1 1 20141003173556 11
000003202014093 00000320 2014 09 29 13 1521 15:00 15:59 0254 1 286 0 _ _ 1 1 20141003173556 11
000003202014094 00000320 2014 09 01 13 4002 _ _ 0254 1 300 0 _ _ 1 1 20141003173556 11
000003202014095 00000320 2014 09 01 13 6101 _ _ 0254 1 6 0 _ _ 1 1 20141003173556 11
000003202014095 00000320 2014 09 08 13 6101 _ _ 0254 1 6 0 _ _ 1 1 20141003173556 11
000003202014095 00000320 2014 09 22 13 6101 _ _ 0254 1 6 0 _ _ 1 1 20141003173556 11
000003202014095 00000320 2014 09 29 13 6101 _ _ 0254 1 6 0 _ _ 1 1 20141003173556 11
000003202014096 00000320 2014 09 01 17 1001 _ _ 0058 1 700 0 _ _ 1 1 20141003173556 11
000003202014097 00000320 2014 09 01 17 1002 _ _ 0058 1 250 0 _ _ 1 1 20141003173556 11
000003202014098 00000320 2014 09 01 17 1002 _ _ 0058 1 50 0 _ _ 1 1 20141003173556 11
000003202014101 00000320 2014 10 02 11 1211 10:00 10:45 0070 1 404 0 _ _ 1 1 20141101184949 11
000003202014101 00000320 2014 10 09 11 1211 10:00 10:45 0070 1 404 0 _ _ 1 1 20141101184949 11
000003202014101 00000320 2014 10 16 11 1211 10:00 10:45 0070 1 404 0 _ _ 1 1 20141101184949 11
000003202014102 00000320 2014 10 06 11 5111 10:00 11:05 0070 1 474 0 _ _ 1 1 20141101184949 11
000003202014102 00000320 2014 10 13 11 5111 10:00 11:05 0070 1 474 0 _ _ 1 1 20141101184949 11
000003202014102 00000320 2014 10 21 11 5111 10:00 11:05 0070 1 474 0 _ _ 1 1 20141101184949 11
000003202014102 00000320 2014 10 28 11 5111 10:00 11:05 0070 1 474 0 _ _ 1 1 20141101184949 11
000003202014103 00000320 2014 10 25 11 1211 10:45 11:30 0070 1 404 0 _ _ 1 1 20141101184949 11
000003202014104 00000320 2014 10 01 13 1521 10:00 10:59 0254 1 286 0 _ _ 1 1 20141101184949 11
000003202014104 00000320 2014 10 06 13 1521 10:00 10:59 0254 1 286 0 _ _ 1 1 20141101184949 11
000003202014104 00000320 2014 10 08 13 1521 10:00 10:59 0254 1 286 0 _ _ 1 1 20141101184949 11
000003202014104 00000320 2014 10 14 13 1521 10:00 10:59 0254 1 286 0 _ _ 1 1 20141101184949 11
000003202014104 00000320 2014 10 15 13 1521 10:00 10:59 0254 1 286 0 _ _ 1 1 20141101184949 11
000003202014104 00000320 2014 10 20 13 1521 10:00 10:59 0254 1 286 0 _ _ 1 1 20141101184949 11
000003202014104 00000320 2014 10 22 13 1521 10:00 10:59 0254 1 286 0 _ _ 1 1 20141101184949 11
000003202014104 00000320 2014 10 27 13 1521 10:00 10:59 0254 1 286 0 _ _ 1 1 20141101184949 11
000003202014104 00000320 2014 10 29 13 1521 10:00 10:59 0254 1 286 0 _ _ 1 1 20141101184949 11
000003202014105 00000320 2014 10 01 13 6101 _ _ 0254 1 6 0 _ _ 1 1 20141101184949 11
000003202014105 00000320 2014 10 06 13 6101 _ _ 0254 1 6 0 _ _ 1 1 20141101184949 11
000003202014105 00000320 2014 10 08 13 6101 _ _ 0254 1 6 0 _ _ 1 1 20141101184949 11
000003202014105 00000320 2014 10 14 13 6101 _ _ 0254 1 6 0 _ _ 1 1 20141101184949 11
000003202014105 00000320 2014 10 15 13 6101 _ _ 0254 1 6 0 _ _ 1 1 20141101184949 11
000003202014105 00000320 2014 10 20 13 6101 _ _ 0254 1 6 0 _ _ 1 1 20141101184949 11
000003202014105 00000320 2014 10 22 13 6101 _ _ 0254 1 6 0 _ _ 1 1 20141101184949 11
000003202014105 00000320 2014 10 27 13 6101 _ _ 0254 1 6 0 _ _ 1 1 20141101184949 11
000003202014105 00000320 2014 10 29 13 6101 _ _ 0254 1 6 0 _ _ 1 1 20141101184949 11
000003202014106 00000320 2014 10 01 17 1001 _ _ 0058 1 700 0 _ _ 1 1 20141101184949 11
000003202014107 00000320 2014 10 01 17 1002 _ _ 0058 1 250 0 _ _ 1 1 20141101184949 11
000003202014108 00000320 2014 10 01 17 1002 _ _ 0058 1 50 0 _ _ 1 1 20141101184949 11
000003202014109 00000320 2014 10 08 17 1007 _ _ 0058 1 200 0 _ _ 1 1 20141101184949 11
000003202014111 00000320 2014 11 18 11 5111 10:00 11:05 0070 1 474 0 _ _ 1 1 20141203200914 11
000003202014111 00000320 2014 11 25 11 5111 10:00 11:05 0070 1 474 0 _ _ 1 1 20141203200914 11
0000032020141110 00000320 2014 11 01 17 1002 _ _ 0058 1 50 0 _ _ 1 1 20141203200914 11
0000032020141111 00000320 2014 11 01 17 1007 _ _ 0058 1 200 0 _ _ 1 1 20141203200914 11
000003202014112 00000320 2014 11 11 11 5111 10:10 11:15 0070 1 474 0 _ _ 1 1 20141203200914 11
000003202014113 00000320 2014 11 01 11 1211 10:45 11:30 0070 1 404 0 _ _ 1 1 20141203200914 11
000003202014113 00000320 2014 11 08 11 1211 10:45 11:30 0070 1 404 0 _ _ 1 1 20141203200914 11
000003202014113 00000320 2014 11 15 11 1211 10:45 11:30 0070 1 404 0 _ _ 1 1 20141203200914 11
000003202014113 00000320 2014 11 22 11 1211 10:45 11:30 0070 1 404 0 _ _ 1 1 20141203200914 11
000003202014113 00000320 2014 11 29 11 1211 10:45 11:30 0070 1 404 0 _ _ 1 1 20141203200914 11
000003202014114 00000320 2014 11 04 11 5111 14:45 15:50 0070 1 474 0 _ _ 1 1 20141203200914 11
000003202014115 00000320 2014 11 05 13 1521 10:00 10:59 0254 1 286 0 _ _ 1 1 20141203200914 11
000003202014115 00000320 2014 11 12 13 1521 10:00 10:59 0254 1 286 0 _ _ 1 1 20141203200914 11
000003202014115 00000320 2014 11 19 13 1521 10:00 10:59 0254 1 286 0 _ _ 1 1 20141203200914 11
000003202014115 00000320 2014 11 26 13 1521 10:00 10:59 0254 1 286 0 _ _ 1 1 20141203200914 11
000003202014116 00000320 2014 11 10 13 1521 14:30 15:29 0254 1 286 0 _ _ 1 1 20141203200914 11
000003202014116 00000320 2014 11 17 13 1521 14:30 15:29 0254 1 286 0 _ _ 1 1 20141203200914 11
000003202014117 00000320 2014 11 05 13 6101 _ _ 0254 1 6 0 _ _ 1 1 20141203200914 11
000003202014117 00000320 2014 11 10 13 6101 _ _ 0254 1 6 0 _ _ 1 1 20141203200914 11
000003202014117 00000320 2014 11 12 13 6101 _ _ 0254 1 6 0 _ _ 1 1 20141203200914 11
000003202014117 00000320 2014 11 17 13 6101 _ _ 0254 1 6 0 _ _ 1 1 20141203200914 11
000003202014117 00000320 2014 11 19 13 6101 _ _ 0254 1 6 0 _ _ 1 1 20141203200914 11
000003202014117 00000320 2014 11 26 13 6101 _ _ 0254 1 6 0 _ _ 1 1 20141203200914 11
000003202014118 00000320 2014 11 01 17 1001 _ _ 0058 1 700 0 _ _ 1 1 20141203200914 11
000003202014119 00000320 2014 11 01 17 1002 _ _ 0058 1 250 0 _ _ 1 1 20141203200914 11
000003202014121 00000320 2014 12 02 11 5111 10:00 11:05 0070 1 474 0 _ _ 1 1 20141122153749 11
000003202014121 00000320 2014 12 09 11 5111 10:00 11:05 0070 1 474 0 _ _ 1 1 20141122153749 11
000003202014121 00000320 2014 12 16 11 5111 10:00 11:05 0070 1 474 0 _ _ 1 1 20141122153749 11
000003202014121 00000320 2014 12 23 11 5111 10:00 11:05 0070 1 474 0 _ _ 1 1 20141122153749 11
000003202014121 00000320 2014 12 30 11 5111 10:00 11:05 0070 1 474 0 _ _ 1 1 20141122153749 11
000003202014122 00000320 2014 12 06 11 1211 10:45 11:30 0070 1 404 0 _ _ 1 1 20141122153749 11
000003202014122 00000320 2014 12 13 11 1211 10:45 11:30 0070 1 404 0 _ _ 1 1 20141122153749 11
000003202014122 00000320 2014 12 20 11 1211 10:45 11:30 0070 1 404 0 _ _ 1 1 20141122153749 11
000003202014122 00000320 2014 12 27 11 1211 10:45 11:30 0070 1 404 0 _ _ 1 1 20141122153749 11
000003202014123 00000320 2014 12 03 13 1521 10:00 10:59 0254 1 286 0 _ _ 1 1 20141122153749 11
000003202014123 00000320 2014 12 10 13 1521 10:00 10:59 0254 1 286 0 _ _ 1 1 20141122153749 11
000003202014123 00000320 2014 12 17 13 1521 10:00 10:59 0254 1 286 0 _ _ 1 1 20141122153749 11
000003202014123 00000320 2014 12 24 13 1521 10:00 10:59 0254 1 286 0 _ _ 1 1 20141122153749 11
000003202014123 00000320 2014 12 31 13 1521 10:00 10:59 0254 1 286 0 _ _ 1 1 20141122153749 11
000003202014124 00000320 2014 12 01 13 1521 15:20 16:19 0254 1 286 0 _ _ 1 1 20141122153749 11
000003202014124 00000320 2014 12 08 13 1521 15:20 16:19 0254 1 286 0 _ _ 1 1 20141122153749 11
000003202014124 00000320 2014 12 15 13 1521 15:20 16:19 0254 1 286 0 _ _ 1 1 20141122153749 11
000003202014124 00000320 2014 12 22 13 1521 15:20 16:19 0254 1 286 0 _ _ 1 1 20141122153749 11
000003202014124 00000320 2014 12 29 13 1521 15:20 16:19 0254 1 286 0 _ _ 1 1 20141122153749 11
000003202014125 00000320 2014 12 01 13 6101 _ _ 0254 1 6 0 _ _ 1 1 20141122153749 11
000003202014125 00000320 2014 12 03 13 6101 _ _ 0254 1 6 0 _ _ 1 1 20141122153749 11
000003202014125 00000320 2014 12 08 13 6101 _ _ 0254 1 6 0 _ _ 1 1 20141122153749 11
000003202014125 00000320 2014 12 10 13 6101 _ _ 0254 1 6 0 _ _ 1 1 20141122153749 11
000003202014125 00000320 2014 12 15 13 6101 _ _ 0254 1 6 0 _ _ 1 1 20141122153749 11
000003202014125 00000320 2014 12 17 13 6101 _ _ 0254 1 6 0 _ _ 1 1 20141122153749 11
000003202014125 00000320 2014 12 22 13 6101 _ _ 0254 1 6 0 _ _ 1 1 20141122153749 11
000003202014125 00000320 2014 12 24 13 6101 _ _ 0254 1 6 0 _ _ 1 1 20141122153749 11
000003202014125 00000320 2014 12 29 13 6101 _ _ 0254 1 6 0 _ _ 1 1 20141122153749 11
000003202014125 00000320 2014 12 31 13 6101 _ _ 0254 1 6 0 _ _ 1 1 20141122153749 11
000003202014126 00000320 2014 12 01 17 1001 _ _ 0058 1 700 0 _ _ 1 1 20141122153749 11
000003202014127 00000320 2014 12 01 17 1002 _ _ 0058 1 250 0 _ _ 1 1 20141122153749 11
000003202014128 00000320 2014 12 01 17 1002 _ _ 0058 1 50 0 _ _ 1 1 20141122153749 11
000003202014129 00000320 2014 12 01 17 1007 _ _ 0058 1 200 0 _ _ 1 1 20141122153749 11
000003202015011 00000320 2015 01 06 11 5111 10:00 11:05 0070 1 474 0 _ _ _ 1 20141206184550 11
000003202015011 00000320 2015 01 13 11 5111 10:00 11:05 0070 1 474 0 _ _ _ 1 20141206184550 11
000003202015011 00000320 2015 01 20 11 5111 10:00 11:05 0070 1 474 0 _ _ _ 1 20141206184550 11
000003202015011 00000320 2015 01 27 11 5111 10:00 11:05 0070 1 474 0 _ _ _ 1 20141206184550 11
000003202015012 00000320 2015 01 03 11 1211 10:45 11:30 0070 1 404 0 _ _ _ 1 20141206184550 11
000003202015012 00000320 2015 01 10 11 1211 10:45 11:30 0070 1 404 0 _ _ _ 1 20141206184550 11
000003202015012 00000320 2015 01 17 11 1211 10:45 11:30 0070 1 404 0 _ _ _ 1 20141206184550 11
000003202015012 00000320 2015 01 24 11 1211 10:45 11:30 0070 1 404 0 _ _ _ 1 20141206184550 11
000003202015012 00000320 2015 01 31 11 1211 10:45 11:30 0070 1 404 0 _ _ _ 1 20141206184550 11
000003202015013 00000320 2015 01 07 13 1521 10:00 10:59 0254 1 286 0 _ _ _ 1 20141206184550 11
000003202015013 00000320 2015 01 14 13 1521 10:00 10:59 0254 1 286 0 _ _ _ 1 20141206184550 11
000003202015013 00000320 2015 01 21 13 1521 10:00 10:59 0254 1 286 0 _ _ _ 1 20141206184550 11
000003202015013 00000320 2015 01 28 13 1521 10:00 10:59 0254 1 286 0 _ _ _ 1 20141206184550 11
000003202015014 00000320 2015 01 05 13 1521 15:20 16:19 0254 1 286 0 _ _ _ 1 20141206184550 11
000003202015014 00000320 2015 01 19 13 1521 15:20 16:19 0254 1 286 0 _ _ _ 1 20141206184550 11
000003202015014 00000320 2015 01 26 13 1521 15:20 16:19 0254 1 286 0 _ _ _ 1 20141206184550 11
000003202015015 00000320 2015 01 05 13 6101 _ _ 0254 1 6 0 _ _ _ 1 20141206184550 11
000003202015015 00000320 2015 01 07 13 6101 _ _ 0254 1 6 0 _ _ _ 1 20141206184550 11
000003202015015 00000320 2015 01 14 13 6101 _ _ 0254 1 6 0 _ _ _ 1 20141206184550 11
000003202015015 00000320 2015 01 19 13 6101 _ _ 0254 1 6 0 _ _ _ 1 20141206184550 11
000003202015015 00000320 2015 01 21 13 6101 _ _ 0254 1 6 0 _ _ _ 1 20141206184550 11
000003202015015 00000320 2015 01 26 13 6101 _ _ 0254 1 6 0 _ _ _ 1 20141206184550 11
000003202015015 00000320 2015 01 28 13 6101 _ _ 0254 1 6 0 _ _ _ 1 20141206184550 11
000003202015016 00000320 2015 01 01 17 1001 _ _ 0058 1 700 0 _ _ _ 1 20141206184550 11
000003202015017 00000320 2015 01 01 17 1002 _ _ 0058 1 250 0 _ _ _ 1 20141206184550 11
000003202015018 00000320 2015 01 01 17 1002 _ _ 0058 1 50 0 _ _ _ 1 20141206184550 11
000003202015019 00000320 2015 01 01 17 1007 _ _ 0058 _ 200 0 _ _ _ 1 20141206184550 11
