00000239 0107 2013 06 1 1 20140704142440 00077
00000239 0107 2013 07 1 1 20140704142428 00077
00000239 0107 2013 08 1 1 20140704142412 00077
00000239 0107 2013 09 1 1 20140704142356 00077
00000239 0107 2013 10 1 1 20140704142346 00077
00000239 0107 2013 11 1 1 20140704142337 00077
00000239 0107 2013 12 1 1 20140704142328 00077
00000239 0107 2014 01 1 1 20140617192313 00049
00000239 0107 2014 02 1 1 20140617192145 00049
00000239 0107 2014 03 1 1 20140617191948 00049
00000239 0107 2014 04 1 1 20140617191226 00049
00000239 0107 2014 05 1 1 20140819122950 00078
00000239 0107 2014 06 1 1 20140701132058 00049
00000239 0107 2014 07 1 1 20140802121852 00047
00000239 0107 2014 08 _ 1 20140816110857 00049
