000000542014061 00000054 2014 06 02 61 1111 1 14:00 14:59 0097 1 1226 0 _ _ 1 20140703191307 27
000000542014061 00000054 2014 06 09 61 1111 1 14:00 14:59 0097 1 1226 0 _ _ 1 20140703191307 27
000000542014061 00000054 2014 06 16 61 1111 1 14:00 14:59 0097 1 1226 0 _ _ 1 20140703191307 27
000000542014061 00000054 2014 06 23 61 1111 1 14:00 14:59 0097 1 1226 0 _ _ 1 20140703191307 27
000000542014062 00000054 2014 06 01 67 1007 1 _ _ 0041 1 1100 0 _ _ 1 20140703191307 27
000000542014071 00000054 2014 07 07 61 1111 1 14:00 14:59 0097 1 1226 0 _ _ 1 20140803093825 27
000000542014071 00000054 2014 07 14 61 1111 1 14:00 14:59 0097 1 1226 0 _ _ 1 20140803093825 27
000000542014071 00000054 2014 07 21 61 1111 1 14:00 14:59 0097 1 1226 0 _ _ 1 20140803093825 27
000000542014071 00000054 2014 07 28 61 1111 1 14:00 14:59 0097 1 1226 0 _ _ 1 20140803093825 27
000000542014072 00000054 2014 07 01 67 1007 1 _ _ 0041 1 1100 0 _ _ 1 20140803093825 27
