00000203 2013 04 01 08:30 09:29 11 4111 0029 11.26 1 324 1 20140704181129 00078
00000203 2013 04 01 13:00 14:59 11 4311 0029 11.26 1 464 1 20140704181129 00078
00000203 2013 04 01 19:00 19:29 11 1112 0029 11.26 1 318 1 20140704181129 00078
00000203 2013 04 02 08:30 09:29 11 4111 0029 11.26 1 324 1 20140704181129 00078
00000203 2013 04 02 13:00 13:29 11 1111 0029 11.26 1 254 1 20140704181129 00078
00000203 2013 04 02 19:00 19:29 11 1112 0029 11.26 1 318 1 20140704181129 00078
00000203 2013 04 03 08:30 09:29 11 4111 0029 11.26 1 324 1 20140704181129 00078
00000203 2013 04 03 13:00 13:59 11 1211 0029 11.26 1 402 1 20140704181129 00078
00000203 2013 04 03 19:00 19:29 11 1112 0029 11.26 1 318 1 20140704181129 00078
00000203 2013 04 04 08:30 09:29 11 4111 0029 11.26 1 324 1 20140704181129 00078
00000203 2013 04 04 13:00 13:29 11 1111 0029 11.26 1 254 1 20140704181129 00078
00000203 2013 04 04 19:00 19:29 11 1112 0029 11.26 1 318 1 20140704181129 00078
00000203 2013 04 05 08:30 09:29 11 4111 0029 11.26 1 324 1 20140704181129 00078
00000203 2013 04 05 13:00 13:59 11 4111 0029 11.26 1 324 1 20140704181129 00078
00000203 2013 04 05 19:00 19:29 11 1112 0029 11.26 1 318 1 20140704181129 00078
00000203 2013 04 06 08:30 09:29 11 4111 0029 11.26 1 324 1 20140704181129 00078
00000203 2013 04 06 13:00 13:29 11 1111 0029 11.26 1 254 1 20140704181129 00078
00000203 2013 04 07 08:30 09:29 11 4111 0029 11.26 1 324 1 20140704181129 00078
00000203 2013 04 07 13:00 13:29 11 1111 0029 11.26 1 254 1 20140704181129 00078
00000203 2013 04 08 08:30 09:29 11 4111 0029 11.26 1 324 1 20140704181129 00078
00000203 2013 04 08 13:00 14:59 11 6111 0029 11.26 1 654 1 20140704181129 00078
00000203 2013 04 08 19:00 19:29 11 1112 0029 11.26 1 318 1 20140704181129 00078
00000203 2013 04 09 13:00 13:29 11 1111 0029 11.26 1 254 1 20140704181129 00078
00000203 2013 04 09 19:00 19:29 11 1112 0029 11.26 1 318 1 20140704181129 00078
00000203 2013 04 10 08:30 09:29 11 4111 0029 11.26 1 324 1 20140704181129 00078
00000203 2013 04 10 13:00 13:59 11 1211 0029 11.26 1 402 1 20140704181129 00078
00000203 2013 04 10 19:00 19:29 11 1112 0029 11.26 1 318 1 20140704181129 00078
00000203 2013 04 11 08:30 09:29 11 4111 0029 11.26 1 324 1 20140704181129 00078
00000203 2013 04 11 13:00 13:29 11 1111 0029 11.26 1 254 1 20140704181129 00078
00000203 2013 04 11 19:00 19:29 11 1112 0029 11.26 1 318 1 20140704181129 00078
00000203 2013 04 12 08:30 09:29 11 4111 0029 11.26 1 324 1 20140704181129 00078
00000203 2013 04 12 13:00 13:59 11 4111 0029 11.26 1 324 1 20140704181129 00078
00000203 2013 04 12 19:00 19:29 11 1112 0029 11.26 1 318 1 20140704181129 00078
00000203 2013 04 13 08:30 09:29 11 4111 0029 11.26 1 324 1 20140704181129 00078
00000203 2013 04 13 13:00 13:29 11 1111 0029 11.26 1 254 1 20140704181129 00078
00000203 2013 04 14 08:30 09:29 11 4111 0029 11.26 1 324 1 20140704181129 00078
00000203 2013 04 14 13:00 13:29 11 1111 0029 11.26 1 254 1 20140704181129 00078
00000203 2013 04 14 19:00 19:29 11 1112 0029 11.26 1 318 1 20140704181129 00078
00000203 2013 04 15 08:30 09:29 11 4111 0029 11.26 1 324 1 20140704181129 00078
00000203 2013 04 15 13:00 14:59 11 4311 0029 11.26 1 464 1 20140704181129 00078
00000203 2013 04 15 19:00 19:29 11 1112 0029 11.26 1 318 1 20140704181129 00078
00000203 2013 04 16 08:30 09:29 11 4111 0029 11.26 1 324 1 20140704181129 00078
00000203 2013 04 16 13:00 13:29 11 1111 0029 11.26 1 254 1 20140704181129 00078
00000203 2013 04 16 19:00 19:29 11 1112 0029 11.26 1 318 1 20140704181129 00078
00000203 2013 04 17 08:30 09:29 11 4111 0029 11.26 1 324 1 20140704181129 00078
00000203 2013 04 17 13:00 13:59 11 1211 0029 11.26 1 402 1 20140704181129 00078
00000203 2013 04 17 19:00 19:29 11 1112 0029 11.26 1 318 1 20140704181129 00078
00000203 2013 04 18 08:30 09:29 11 4111 0029 11.26 1 324 1 20140704181129 00078
00000203 2013 04 18 13:00 13:29 11 1111 0029 11.26 1 254 1 20140704181129 00078
00000203 2013 04 18 19:00 19:29 11 1112 0029 11.26 1 318 1 20140704181129 00078
00000203 2013 04 19 08:30 09:29 11 4111 0029 11.26 1 324 1 20140704181129 00078
00000203 2013 04 19 13:00 13:59 11 4111 0029 11.26 1 324 1 20140704181129 00078
00000203 2013 04 19 19:00 19:29 11 1112 0029 11.26 1 318 1 20140704181129 00078
00000203 2013 04 20 08:30 09:29 11 4111 0029 11.26 1 324 1 20140704181129 00078
00000203 2013 04 20 13:00 13:29 11 1111 0029 11.26 1 254 1 20140704181129 00078
00000203 2013 04 20 19:00 19:29 11 1112 0029 11.26 1 318 1 20140704181129 00078
00000203 2013 04 21 08:30 09:29 11 4111 0029 11.26 1 324 1 20140704181129 00078
00000203 2013 04 21 13:00 13:59 11 1211 0029 11.26 1 402 1 20140704181129 00078
00000203 2013 04 21 19:00 19:29 11 1112 0029 11.26 1 318 1 20140704181129 00078
00000203 2013 04 22 08:30 09:29 11 4111 0029 11.26 1 324 1 20140704181129 00078
00000203 2013 04 22 13:00 14:59 11 4311 0029 11.26 1 464 1 20140704181129 00078
00000203 2013 04 22 19:00 19:29 11 1112 0029 11.26 1 318 1 20140704181129 00078
00000203 2013 04 23 08:30 09:29 11 4111 0029 11.26 1 324 1 20140704181129 00078
00000203 2013 04 23 13:00 13:29 11 1111 0029 11.26 1 254 1 20140704181129 00078
00000203 2013 04 23 19:00 19:29 11 1112 0029 11.26 1 318 1 20140704181129 00078
00000203 2013 04 24 08:30 09:29 11 4111 0029 11.26 1 324 1 20140704181129 00078
00000203 2013 04 24 13:00 13:59 11 1211 0029 11.26 1 402 1 20140704181129 00078
00000203 2013 04 24 19:00 19:29 11 1112 0029 11.26 1 318 1 20140704181129 00078
00000203 2013 04 25 08:30 09:29 11 4111 0029 11.26 1 324 1 20140704181129 00078
00000203 2013 04 25 19:00 19:29 11 1112 0029 11.26 1 318 1 20140704181129 00078
00000203 2013 04 26 08:30 09:29 11 4111 0029 11.26 1 324 1 20140704181129 00078
00000203 2013 04 26 13:00 13:59 11 4111 0029 11.26 1 324 1 20140704181129 00078
00000203 2013 04 26 19:00 19:29 11 1112 0029 11.26 1 318 1 20140704181129 00078
00000203 2013 04 27 08:30 09:29 11 4111 0029 11.26 1 324 1 20140704181129 00078
00000203 2013 04 27 13:00 13:29 11 1111 0029 11.26 1 254 1 20140704181129 00078
00000203 2013 04 28 08:30 09:29 11 4111 0029 11.26 1 324 1 20140704181129 00078
00000203 2013 04 28 13:00 13:59 11 1211 0029 11.26 1 402 1 20140704181129 00078
00000203 2013 04 28 19:00 19:29 11 1112 0029 11.26 1 318 1 20140704181129 00078
00000203 2013 04 29 08:30 09:29 11 4111 0029 11.26 1 324 1 20140704181129 00078
00000203 2013 04 29 13:00 14:59 11 6111 0029 11.26 1 654 1 20140704181129 00078
00000203 2013 04 29 19:00 19:29 11 1112 0029 11.26 1 318 1 20140704181129 00078
00000203 2013 04 30 08:30 09:29 11 4111 0029 11.26 1 324 1 20140704181129 00078
00000203 2013 04 30 13:00 13:29 11 1111 0029 11.26 1 254 1 20140704181129 00078
00000203 2013 04 30 19:00 19:29 11 1112 0029 11.26 1 318 1 20140704181129 00078
00000204 2013 04 01 09:50 10:19 11 1111 0029 11.26 1 254 1 20140707165613 00078
00000204 2013 04 01 19:40 20:09 11 1112 0029 11.26 1 318 1 20140707165613 00078
00000204 2013 04 02 09:50 10:19 11 1111 0029 11.26 1 254 1 20140707165613 00078
00000204 2013 04 02 13:40 14:09 11 1111 0029 11.26 1 254 1 20140707165613 00078
00000204 2013 04 02 19:40 20:09 11 1112 0029 11.26 1 318 1 20140707165613 00078
00000204 2013 04 03 19:40 20:09 11 1112 0029 11.26 1 318 1 20140707165613 00078
00000204 2013 04 04 09:50 10:19 11 1111 0029 11.26 1 254 1 20140707165613 00078
00000204 2013 04 04 13:40 14:09 11 1111 0029 11.26 1 254 1 20140707165613 00078
00000204 2013 04 04 19:40 20:09 11 1112 0029 11.26 1 318 1 20140707165613 00078
00000204 2013 04 05 09:50 10:19 11 1111 0029 11.26 1 254 1 20140707165613 00078
00000204 2013 04 05 19:40 20:09 11 1112 0029 11.26 1 318 1 20140707165613 00078
00000204 2013 04 06 09:50 10:19 11 1111 0029 11.26 1 254 1 20140707165613 00078
00000204 2013 04 06 13:40 14:39 11 4111 0029 11.26 1 324 1 20140707165613 00078
00000204 2013 04 06 19:40 20:09 11 1112 0029 11.26 1 318 1 20140707165613 00078
00000204 2013 04 07 09:50 10:19 11 1111 0029 11.26 1 254 1 20140707165613 00078
00000204 2013 04 07 13:40 14:09 11 1111 0029 11.26 1 254 1 20140707165613 00078
00000204 2013 04 08 09:50 10:19 11 1111 0029 11.26 1 254 1 20140707165613 00078
00000204 2013 04 08 19:40 20:09 11 1112 0029 11.26 1 318 1 20140707165613 00078
00000204 2013 04 09 19:40 20:09 11 1112 0029 11.26 1 318 1 20140707165613 00078
00000204 2013 04 10 09:50 10:19 11 1111 0029 11.26 1 254 1 20140707165613 00078
00000204 2013 04 10 19:40 20:09 11 1112 0029 11.26 1 318 1 20140707165613 00078
00000204 2013 04 11 09:50 10:19 11 1111 0029 11.26 1 254 1 20140707165613 00078
00000204 2013 04 11 13:40 14:09 11 1111 0029 11.26 1 254 1 20140707165613 00078
00000204 2013 04 11 19:40 20:09 11 1112 0029 11.26 1 318 1 20140707165613 00078
00000204 2013 04 12 09:50 10:19 11 1111 0029 11.26 1 254 1 20140707165613 00078
00000204 2013 04 12 19:40 20:09 11 1112 0029 11.26 1 318 1 20140707165613 00078
00000204 2013 04 13 09:50 10:19 11 1111 0029 11.26 1 254 1 20140707165613 00078
00000204 2013 04 13 13:00 13:59 11 4111 0029 11.26 1 324 1 20140707165613 00078
00000204 2013 04 14 09:50 10:19 11 1111 0029 11.26 1 254 1 20140707165613 00078
00000204 2013 04 14 14:00 14:29 11 1111 0029 11.26 1 254 1 20140707165613 00078
00000204 2013 04 14 19:40 20:09 11 1112 0029 11.26 1 318 1 20140707165613 00078
00000204 2013 04 15 09:50 10:19 11 1111 0029 11.26 1 254 1 20140707165613 00078
00000204 2013 04 15 19:40 20:09 11 1112 0029 11.26 1 318 1 20140707165613 00078
00000204 2013 04 16 09:50 10:19 11 1111 0029 11.26 1 254 1 20140707165613 00078
00000204 2013 04 16 13:40 14:09 11 1111 0029 11.26 1 254 1 20140707165613 00078
00000204 2013 04 16 19:40 20:09 11 1112 0029 11.26 1 318 1 20140707165613 00078
00000204 2013 04 17 19:40 20:09 11 1112 0029 11.26 1 318 1 20140707165613 00078
00000204 2013 04 18 09:50 10:19 11 1111 0029 11.26 1 254 1 20140707165613 00078
00000204 2013 04 18 13:40 14:09 11 1111 0029 11.26 1 254 1 20140707165613 00078
00000204 2013 04 18 19:40 20:09 11 1112 0029 11.26 1 318 1 20140707165613 00078
00000204 2013 04 19 09:50 10:19 11 1111 0029 11.26 1 254 1 20140707165613 00078
00000204 2013 04 19 19:40 20:09 11 1112 0029 11.26 1 318 1 20140707165613 00078
00000204 2013 04 20 09:50 10:19 11 1111 0029 11.26 1 254 1 20140707165613 00078
00000204 2013 04 20 13:40 14:39 11 4111 0029 11.26 1 324 1 20140707165613 00078
00000204 2013 04 20 19:40 20:09 11 1112 0029 11.26 1 318 1 20140707165613 00078
00000204 2013 04 21 09:50 10:19 11 1111 0029 11.26 1 254 1 20140707165613 00078
00000204 2013 04 21 13:40 14:09 11 1111 0029 11.26 1 254 1 20140707165613 00078
00000204 2013 04 21 19:40 20:09 11 1112 0029 11.26 1 318 1 20140707165613 00078
00000204 2013 04 22 09:50 10:19 11 1111 0029 11.26 1 254 1 20140707165613 00078
00000204 2013 04 22 19:40 20:09 11 1112 0029 11.26 1 318 1 20140707165613 00078
00000204 2013 04 23 19:40 20:09 11 1112 0029 11.26 1 318 1 20140707165613 00078
00000204 2013 04 24 09:50 10:19 11 1111 0029 11.26 1 254 1 20140707165613 00078
00000204 2013 04 24 19:40 20:09 11 1112 0029 11.26 1 318 1 20140707165613 00078
00000204 2013 04 25 09:50 10:19 11 1111 0029 11.26 1 254 1 20140707165613 00078
00000204 2013 04 25 13:40 14:09 11 1111 0029 11.26 1 254 1 20140707165613 00078
00000204 2013 04 25 19:40 20:09 11 1112 0029 11.26 1 318 1 20140707165613 00078
00000204 2013 04 26 09:50 10:19 11 1111 0029 11.26 1 254 1 20140707165613 00078
00000204 2013 04 26 19:40 20:09 11 1112 0029 11.26 1 318 1 20140707165613 00078
00000204 2013 04 27 09:50 10:19 11 1111 0029 11.26 1 254 1 20140707165613 00078
00000204 2013 04 27 13:00 13:59 11 4111 0029 11.26 1 324 1 20140707165613 00078
00000204 2013 04 27 19:40 20:09 11 1112 0029 11.26 1 318 1 20140707165613 00078
00000204 2013 04 28 09:50 10:19 11 1111 0029 11.26 1 254 1 20140707165613 00078
00000204 2013 04 28 13:40 14:09 11 1111 0029 11.26 1 254 1 20140707165613 00078
00000204 2013 04 28 19:40 20:09 11 1112 0029 11.26 1 318 1 20140707165613 00078
00000204 2013 04 29 09:50 10:19 11 1111 0029 11.26 1 254 1 20140707165613 00078
00000204 2013 04 29 19:40 20:09 11 1112 0029 11.26 1 318 1 20140707165613 00078
00000204 2013 04 30 09:50 10:19 11 1111 0029 11.26 1 254 1 20140707165613 00078
00000204 2013 04 30 13:40 14:09 11 1111 0029 11.26 1 254 1 20140707165613 00078
00000204 2013 04 30 19:40 20:09 11 1112 0029 11.26 1 318 1 20140707165613 00078
00000205 2013 04 02 14:30 15:59 11 1311 0029 11.26 1 584 1 20140708105003 00078
00000205 2013 04 04 14:30 15:29 11 7311 0029 11.26 1 235 1 20140708105003 00078
00000205 2013 04 05 14:30 15:59 11 1311 0029 11.26 1 584 1 20140708105003 00078
00000205 2013 04 09 14:30 15:59 11 1311 0029 11.26 1 584 1 20140708105003 00078
00000205 2013 04 11 14:30 15:29 11 7311 0029 11.26 1 235 1 20140708105003 00078
00000205 2013 04 12 14:30 15:59 11 1311 0029 11.26 1 584 1 20140708105003 00078
00000205 2013 04 16 14:30 15:59 11 1311 0029 11.26 1 584 1 20140708105003 00078
00000205 2013 04 18 14:30 15:29 11 7311 0029 11.26 1 235 1 20140708105003 00078
00000205 2013 04 19 14:30 15:59 11 1311 0029 11.26 1 584 1 20140708105003 00078
00000205 2013 04 23 14:30 15:59 11 1311 0029 11.26 1 584 1 20140708105003 00078
00000205 2013 04 25 14:30 15:29 11 7311 0029 11.26 1 235 1 20140708105003 00078
00000205 2013 04 26 14:30 15:59 11 1311 0029 11.26 1 584 1 20140708105003 00078
00000205 2013 04 30 14:30 15:59 11 1311 0029 11.26 1 584 1 20140708105003 00078
00000207 2013 04 02 13:30 14:29 61 1111 0107 11.26 1 1220 1 20140708134335 00078
00000207 2013 04 09 13:30 14:29 61 1111 0107 11.26 1 1220 1 20140708134335 00078
00000207 2013 04 16 13:30 14:29 61 1111 0107 11.26 1 1220 1 20140708134335 00078
00000207 2013 04 23 13:30 14:29 61 1111 0107 11.26 1 1220 1 20140708134335 00078
00000207 2013 04 30 13:30 14:29 61 1111 0107 11.26 1 1220 1 20140708134335 00078
00000209 2013 04 01 10:45 11:44 61 1211 0107 11.26 1 2440 1 20140708143341 00078
00000209 2013 04 05 10:45 11:44 61 1211 0107 11.26 1 2440 1 20140708143341 00078
00000209 2013 04 08 10:45 11:44 61 1211 0107 11.26 1 2440 1 20140708143341 00078
00000209 2013 04 12 10:45 11:44 61 1211 0107 11.26 1 2440 1 20140708143341 00078
00000209 2013 04 15 10:45 11:44 61 1211 0107 11.26 1 2440 1 20140708143341 00078
00000209 2013 04 22 10:45 11:44 61 1211 0107 11.26 1 2440 1 20140708143341 00078
00000209 2013 04 26 10:45 11:44 61 1211 0107 11.26 1 2440 1 20140708143341 00078
00000209 2013 04 29 10:45 11:44 61 1211 0107 11.26 1 2440 1 20140708143341 00078
00000212 2013 04 03 13:00 14:00 61 1111 0107 11.26 1 1220 1 20140708153525 00078
00000212 2013 04 10 13:00 14:00 61 1111 0107 11.26 1 1220 1 20140708153525 00078
00000212 2013 04 17 13:00 14:00 61 1111 0107 11.26 1 1220 1 20140708153525 00078
00000213 2013 04 01 15:50 16:49 11 1211 0029 11.26 1 402 1 20140708170842 00078
00000213 2013 04 02 10:30 11:29 11 7311 0029 11.26 1 235 1 20140708170842 00078
00000213 2013 04 04 15:50 16:49 11 1211 0029 11.26 1 402 1 20140708170842 00078
00000213 2013 04 06 10:30 11:29 11 7311 0029 11.26 1 235 1 20140708170842 00078
00000213 2013 04 06 15:50 16:49 11 1211 0029 11.26 1 402 1 20140708170842 00078
00000213 2013 04 08 15:50 16:49 11 1211 0029 11.26 1 402 1 20140708170842 00078
00000213 2013 04 09 10:30 11:29 11 7311 0029 11.26 1 235 1 20140708170842 00078
00000213 2013 04 11 15:50 16:49 11 1211 0029 11.26 1 402 1 20140708170842 00078
00000213 2013 04 13 10:30 11:29 11 7311 0029 11.26 1 235 1 20140708170842 00078
00000213 2013 04 13 15:50 16:49 11 1211 0029 11.26 1 402 1 20140708170842 00078
00000213 2013 04 15 15:50 16:49 11 1211 0029 11.26 1 402 1 20140708170842 00078
00000213 2013 04 16 10:30 11:29 11 7311 0029 11.26 1 235 1 20140708170842 00078
00000213 2013 04 18 15:50 16:49 11 1211 0029 11.26 1 402 1 20140708170842 00078
00000213 2013 04 20 10:30 11:29 11 7311 0029 11.26 1 235 1 20140708170842 00078
00000213 2013 04 20 15:50 16:49 11 1211 0029 11.26 1 402 1 20140708170842 00078
00000213 2013 04 22 15:50 16:49 11 1211 0029 11.26 1 402 1 20140708170842 00078
00000213 2013 04 23 10:30 11:29 11 7311 0029 11.26 1 235 1 20140708170842 00078
00000213 2013 04 25 15:50 16:49 11 1211 0029 11.26 1 402 1 20140708170842 00078
00000213 2013 04 27 10:30 11:29 11 7311 0029 11.26 1 235 1 20140708170842 00078
00000213 2013 04 27 15:50 16:49 11 1211 0029 11.26 1 402 1 20140708170842 00078
00000213 2013 04 29 15:50 16:49 11 1211 0029 11.26 1 402 1 20140708170842 00078
00000213 2013 04 30 10:30 11:29 11 7311 0029 11.26 1 235 1 20140708170842 00078
00000214 2013 04 03 10:30 11:30 61 1111 0107 11.26 1 1220 1 20140708181318 00078
00000214 2013 04 10 10:30 11:30 61 1111 0107 11.26 1 1220 1 20140708181318 00078
00000214 2013 04 17 10:30 11:30 61 1111 0107 11.26 1 1220 1 20140708181318 00078
00000214 2013 04 24 10:30 11:30 61 1111 0107 11.26 1 1220 1 20140708181318 00078
00000215 2013 04 05 13:00 14:00 61 1111 0107 11.26 1 1220 1 20140708184027 00078
00000215 2013 04 12 13:00 14:00 61 1111 0107 11.26 1 1220 1 20140708184027 00078
00000215 2013 04 19 13:00 14:00 61 1111 0107 11.26 1 1220 1 20140708184027 00078
00000215 2013 04 26 13:00 14:00 61 1111 0107 11.26 1 1220 1 20140708184027 00078
00000216 2013 04 01 14:10 15:09 11 1211 0029 11.26 1 402 1 20140709113757 00078
00000216 2013 04 03 14:10 15:09 11 1211 0029 11.26 1 402 1 20140709113757 00078
00000216 2013 04 04 13:00 13:59 11 7311 0029 11.26 1 235 1 20140709113757 00078
00000216 2013 04 06 14:10 15:09 11 1211 0029 11.26 1 402 1 20140709113757 00078
00000216 2013 04 08 15:30 16:29 11 1211 0029 11.26 1 402 1 20140709113757 00078
00000216 2013 04 10 14:10 15:09 11 1211 0029 11.26 1 402 1 20140709113757 00078
00000216 2013 04 11 13:00 13:59 11 7311 0029 11.26 1 235 1 20140709113757 00078
00000216 2013 04 13 14:10 15:09 11 1211 0029 11.26 1 402 1 20140709113757 00078
00000216 2013 04 15 14:10 15:09 11 1211 0029 11.26 1 402 1 20140709113757 00078
00000216 2013 04 17 14:10 15:09 11 1211 0029 11.26 1 402 1 20140709113757 00078
00000216 2013 04 18 13:00 13:59 11 7311 0029 11.26 1 235 1 20140709113757 00078
00000216 2013 04 20 14:10 15:09 11 1211 0029 11.26 1 402 1 20140709113757 00078
00000216 2013 04 22 14:10 15:09 11 1211 0029 11.26 1 402 1 20140709113757 00078
00000216 2013 04 24 14:10 15:09 11 1211 0029 11.26 1 402 1 20140709113757 00078
00000216 2013 04 25 15:30 16:29 11 7311 0029 11.26 1 235 1 20140709113757 00078
00000216 2013 04 27 14:10 15:09 11 1211 0029 11.26 1 402 1 20140709113757 00078
00000216 2013 04 29 14:10 15:09 11 1211 0029 11.26 1 402 1 20140709113757 00078
00000218 2013 04 02 17:00 17:59 61 1321 0107 11.26 1 3870 1 20140709141710 00078
00000218 2013 04 05 17:00 17:59 61 1321 0107 11.26 1 3870 1 20140709141710 00078
00000218 2013 04 07 17:00 17:59 61 1321 0107 11.26 1 3870 1 20140709141710 00078
00000218 2013 04 09 17:00 17:59 61 1321 0107 11.26 1 3870 1 20140709141710 00078
00000218 2013 04 12 17:00 17:59 61 1321 0107 11.26 1 3870 1 20140709141710 00078
00000218 2013 04 14 17:00 17:59 61 1321 0107 11.26 1 3870 1 20140709141710 00078
00000218 2013 04 16 17:00 17:59 61 1321 0107 11.26 1 3870 1 20140709141710 00078
00000218 2013 04 19 17:00 17:59 61 1321 0107 11.26 1 3870 1 20140709141710 00078
00000218 2013 04 21 17:00 17:59 61 1321 0107 11.26 1 3870 1 20140709141710 00078
00000218 2013 04 23 17:00 17:59 61 1321 0107 11.26 1 3870 1 20140709141710 00078
00000218 2013 04 26 17:00 17:59 61 1321 0107 11.26 1 3870 1 20140709141710 00078
00000218 2013 04 28 17:00 17:59 61 1321 0107 11.26 1 3870 1 20140709141710 00078
00000218 2013 04 30 17:00 17:59 61 1321 0107 11.26 1 3870 1 20140709141710 00078
00000221 2013 04 04 10:30 11:30 61 1111 0107 11.26 1 1220 1 20140709160051 00078
00000221 2013 04 11 10:30 11:30 61 1111 0107 11.26 1 1220 1 20140709160051 00078
00000221 2013 04 18 10:30 11:30 61 1111 0107 11.26 1 1220 1 20140709160051 00078
00000221 2013 04 25 10:30 11:30 61 1111 0107 11.26 1 1220 1 20140709160051 00078
00000224 2013 04 01 10:00 10:59 11 7311 0029 11.26 1 235 1 20140709171002 00078
00000224 2013 04 01 16:00 16:59 11 1211 0029 11.26 1 402 1 20140709171002 00078
00000224 2013 04 04 16:00 16:59 11 1211 0029 11.26 1 402 1 20140709171002 00078
00000224 2013 04 08 10:00 10:59 11 7311 0029 11.26 1 235 1 20140709171002 00078
00000224 2013 04 08 16:00 16:59 11 1211 0029 11.26 1 402 1 20140709171002 00078
00000224 2013 04 11 16:00 16:59 11 1211 0029 11.26 1 402 1 20140709171002 00078
00000224 2013 04 15 10:50 11:49 11 7311 0029 11.26 1 235 1 20140709171002 00078
00000224 2013 04 15 16:00 16:59 11 1211 0029 11.26 1 402 1 20140709171002 00078
00000224 2013 04 18 16:00 16:59 11 1211 0029 11.26 1 402 1 20140709171002 00078
00000224 2013 04 22 10:00 10:59 11 7311 0029 11.26 1 235 1 20140709171002 00078
00000224 2013 04 22 16:00 16:59 11 1211 0029 11.26 1 402 1 20140709171002 00078
00000224 2013 04 25 16:00 16:59 11 1211 0029 11.26 1 402 1 20140709171002 00078
00000224 2013 04 29 10:00 10:59 11 7311 0029 11.26 1 235 1 20140709171002 00078
00000224 2013 04 29 16:00 16:59 11 1211 0029 11.26 1 402 1 20140709171002 00078
00000226 2013 04 02 15:50 16:49 61 1211 0107 11.26 1 2440 1 20140709183537 00078
00000226 2013 04 05 15:50 16:49 61 1211 0107 11.26 1 2440 1 20140709183537 00078
00000226 2013 04 09 15:50 16:49 61 1211 0107 11.26 1 2440 1 20140709183537 00078
00000226 2013 04 12 15:50 16:49 61 1211 0107 11.26 1 2440 1 20140709183537 00078
00000226 2013 04 16 15:50 16:49 61 1211 0107 11.26 1 2440 1 20140709183537 00078
00000226 2013 04 19 15:50 16:49 61 1211 0107 11.26 1 2440 1 20140709183537 00078
00000226 2013 04 23 15:50 16:49 61 1211 0107 11.26 1 2440 1 20140709183537 00078
00000226 2013 04 26 15:50 16:49 61 1211 0107 11.26 1 2440 1 20140709183537 00078
00000226 2013 04 30 15:50 16:49 61 1211 0107 11.26 1 2440 1 20140709183537 00078
00000228 2013 04 03 16:30 17:29 61 1111 0107 11.26 1 1220 1 20140710102034 00078
00000228 2013 04 10 16:30 17:29 61 1111 0107 11.26 1 1220 1 20140710102034 00078
00000228 2013 04 17 16:30 17:29 61 1111 0107 11.26 1 1220 1 20140710102034 00078
00000228 2013 04 24 16:30 17:29 61 1111 0107 11.26 1 1220 1 20140710102034 00078
00000229 2013 04 04 10:00 11:00 61 1111 0107 11.26 1 1220 1 20140710105824 00078
00000229 2013 04 11 10:00 11:00 61 1111 0107 11.26 1 1220 1 20140710105824 00078
00000229 2013 04 18 10:00 11:00 61 1111 0107 11.26 1 1220 1 20140710105824 00078
00000229 2013 04 25 10:00 11:00 61 1111 0107 11.26 1 1220 1 20140710105824 00078
00000231 2013 04 04 14:10 15:10 61 1111 0107 11.26 1 1220 1 20140704111529 00078
00000231 2013 04 11 14:10 15:10 61 1111 0107 11.26 1 1220 1 20140704111529 00078
00000231 2013 04 18 14:10 15:10 61 1111 0107 11.26 1 1220 1 20140704111529 00078
00000231 2013 04 25 14:10 15:10 61 1111 0107 11.26 1 1220 1 20140704111529 00078
00000234 2013 04 03 15:20 15:50 61 1111 0107 11.26 1 1220 1 20140704115225 00077
00000234 2013 04 10 15:20 15:50 61 1111 0107 11.26 1 1220 1 20140704115225 00077
00000234 2013 04 17 15:20 15:50 61 1111 0107 11.26 1 1220 1 20140704115225 00077
00000234 2013 04 24 15:20 15:50 61 1111 0107 11.26 1 1220 1 20140704115225 00077
00000235 2013 04 03 15:50 16:20 11 7211 0029 11.26 1 190 1 20140704120137 00077
00000235 2013 04 10 15:50 16:20 11 7211 0029 11.26 1 190 1 20140704120137 00077
00000235 2013 04 17 15:50 16:50 11 7311 0029 11.26 1 235 1 20140704120137 00077
00000235 2013 04 24 15:50 16:20 11 7211 0029 11.26 1 190 1 20140704120137 00077
