00000215 00002 00002 05 26 7 _ 5 0 0 0 _ _ 0 0 1 20140817115320 00049
00000215 00002 00003 05 _ _ _ 1 0 0 0 _ _ 0 0 1 20140817115320 00049
00000215 00002 00004 05 _ _ _ 1 0 0 0 _ _ 0 0 1 20140817115320 00049
00000215 00003 00002 05 26 8 平成26年8月31日 5 0 1 0 _ 今月風邪を引かれておりましたが、現在は改善されております。サービス時はゴミをまとめて下さったりと動かれています。またフィットネスにも継続して行かれております。23日(土)納涼祭のため、ご家族来館中に昼食時レストランの座席に座る際、バランスを崩ししりもちを付き頭部を床に打ったとご家族様より報告を受けました。その後、看護師に報告し様子を確認して頂いております。また夜間の安否確認をお願いしますと依頼受け、状況を確認しておりますが、現在打った箇所は触ると痛みがある様子ですが、問題なく過ごされております。今後も状況を把握してまいります。 0 0 1 20141013175552 00049
00000215 00003 00003 05 26 9 平成26年9月30日 5 0 1 0 _ 今月は体調も変わらず過ごされております。フィットネスでのパーソナルトレーニングは1日増やし、ご自分でも積極的に運動をされております。27日は91歳の誕生日のため、ご家族様が来館されておりました。 0 0 1 20141013175552 00049
00000215 00003 00004 05 26 10 平成26年10月31日 5 0 0 0 _ フィットネスへは、週4回パーソナルトレーニングへ行かれております。そのため、歩行状態も安定しております。夜の自費サービス時、翌日服薬セットがされていなかったり、昼薬を飲み忘れている事がありました。今後も引き続き状況を確認しサービスに入ります。 0 0 1 20141013175552 00049
00000215 00004 00002 05 26 7 _ 5 0 0 0 _ _ 0 0 1 20140817115327 00049
00000215 00004 00003 05 _ _ _ 1 0 0 0 _ _ 0 0 1 20140817115327 00049
00000215 00004 00004 05 _ _ _ 1 0 0 0 _ _ 0 0 1 20140817115327 00049
00000215 00005 00005 05 26 11 平成26年11月30日 5 0 1 0 _ 今月より、加湿器使用開始しております。自費サービス時には、都度確認し補給しております。次男様より血圧測定を依頼され、ご自分でも測定しておりますが朝の自費サービス時に測定しております。血圧は高くないため、今後も様子を見ていきます。 0 1 1 20141208142929 00049
00000215 00005 00006 05 26 12 平成26年12月31日 5 0 1 0 _ 先月同様、血圧の確認を行っております。また、先月サンプルでお渡ししたリハパンを夜間使用されております。現在失敗することは無いと仰られておりますが、念のため夜間は履かれているとの事です。今後サンプルが無くなった場合には購入を依頼すると話されております。 0 0 1 20141208142929 00049
00000215 00005 00007 05 _ _ _ 1 0 0 0 _ _ 0 0 1 20141208142929 00049
