1 00000215 2013 07 11 0029 グランクレール・ケアサービス馬事公苑 7311 生活援助３ 235 0 235 4 940 0 940 940 0 11.26 10584 90 9525 1059 0 n n 0 1 20140709102855 00078
1 00000215 2013 08 11 0029 グランクレール・ケアサービス馬事公苑 7311 生活援助３ 235 0 235 4 940 0 940 940 0 11.26 10584 90 9525 1059 0 n n 0 1 20140709104411 00078
1 00000215 2013 09 11 0029 グランクレール・ケアサービス馬事公苑 7311 生活援助３ 235 0 235 5 1175 0 1175 1175 0 11.26 13230 90 11907 1323 0 n n 0 1 20140703142955 00078
1 00000215 2013 10 11 0029 グランクレール・ケアサービス馬事公苑 7311 生活援助３ 235 0 235 4 940 0 940 940 0 11.26 10584 90 9525 1059 0 n n 0 1 20140703143910 00078
1 00000215 2013 11 11 0029 グランクレール・ケアサービス馬事公苑 7311 生活援助３ 235 0 235 4 940 0 940 940 0 11.26 10584 90 9525 1059 0 n n 0 1 20140703144316 00078
1 00000215 2013 12 11 0029 グランクレール・ケアサービス馬事公苑 7311 生活援助３ 235 0 235 5 1175 0 1175 1175 0 11.26 13230 90 11907 1323 0 n n 0 1 20140703144702 00078
1 00000215 2014 01 11 0029 グランクレール・ケアサービス馬事公苑 7311 生活援助３ 235 0 235 4 940 0 940 940 0 11.26 10584 90 9525 1059 0 n n 0 1 20140619122503 00078
1 00000215 2014 02 11 0029 グランクレール・ケアサービス馬事公苑 7311 生活援助３ 235 0 235 4 940 0 940 940 0 11.26 10584 90 9525 1059 0 n n 0 1 20140619122945 00078
1 00000215 2014 03 11 0029 グランクレール・ケアサービス馬事公苑 7311 生活援助３ 235 0 235 5 1175 0 1175 1175 0 11.26 13230 90 11907 1323 0 n n 0 1 20140619133456 00078
1 00000215 2014 04 11 0029 グランクレール・ケアサービス馬事公苑 7311 生活援助３ 236 0 236 4 944 0 944 944 0 11.26 10629 90 9566 1063 0 n n 0 1 20140619134828 00078
1 00000215 2014 05 11 0029 グランクレール・ケアサービス馬事公苑 7311 生活援助３ 236 0 236 4 944 0 944 944 0 11.26 10629 90 9566 1063 0 n n 0 1 20140819105802 00078
1 00000215 2014 06 11 0029 グランクレール・ケアサービス馬事公苑 7311 生活援助３ 236 0 236 5 1180 0 1180 1180 0 11.26 13286 90 11957 1329 0 n n 0 1 20140701132331 00049
1 00000215 2014 07 11 0029 グランクレール・ケアサービス馬事公苑 7311 生活援助３ 236 0 236 4 944 0 944 944 0 11.26 10629 90 9566 1063 0 n n 0 1 20140802135424 00047
1 00000215 2014 08 11 0029 グランクレール・ケアサービス馬事公苑 7311 生活援助３ 236 0 236 5 1180 0 1180 1180 0 11.26 13286 90 11957 1329 0 n n 0 1 20140831151458 00049
1 00000215 2014 09 11 0029 グランクレール・ケアサービス馬事公苑 7311 生活援助３ 236 0 236 4 944 0 944 944 0 11.26 10629 90 9566 1063 0 n n 0 1 20140930203826 00049
1 00000215 2014 10 11 0029 グランクレール・ケアサービス馬事公苑 7311 生活援助３ 236 0 236 4 944 0 944 944 0 11.26 10629 90 9566 1063 0 n n 0 1 20141031201742 00049
1 00000215 2014 11 11 0029 グランクレール・ケアサービス馬事公苑 7311 生活援助３ 236 0 236 5 1180 0 1180 1180 0 11.26 13286 90 11957 1329 0 n n 0 1 20141201121228 00049
1 00000215 2014 12 11 0029 グランクレール・ケアサービス馬事公苑 7311 生活援助３ 236 0 236 4 944 0 944 944 0 11.26 10629 90 9566 1063 0 n n 0 1 20141210115757 00049
2 00000215 2013 07 11 0029 グランクレール・ケアサービス馬事公苑 6271 訪問介護処遇改善加算Ⅰ 38 0 38 1 38 38 0.04 38 0 11.26 427 90 384 43 0 a g 0 1 20140709102855 00078
2 00000215 2013 08 11 0029 グランクレール・ケアサービス馬事公苑 6271 訪問介護処遇改善加算Ⅰ 38 0 38 1 38 38 0.04 38 0 11.26 427 90 384 43 0 a g 0 1 20140709104411 00078
2 00000215 2013 09 11 0029 グランクレール・ケアサービス馬事公苑 6271 訪問介護処遇改善加算Ⅰ 47 0 47 1 47 47 0.04 47 0 11.26 529 90 476 53 0 a g 0 1 20140703142955 00078
2 00000215 2013 10 11 0029 グランクレール・ケアサービス馬事公苑 6271 訪問介護処遇改善加算Ⅰ 38 0 38 1 38 38 0.04 38 0 11.26 427 90 384 43 0 a g 0 1 20140703143910 00078
2 00000215 2013 11 11 0029 グランクレール・ケアサービス馬事公苑 6271 訪問介護処遇改善加算Ⅰ 38 0 38 1 38 38 0.04 38 0 11.26 427 90 384 43 0 a g 0 1 20140703144316 00078
2 00000215 2013 12 11 0029 グランクレール・ケアサービス馬事公苑 6271 訪問介護処遇改善加算Ⅰ 47 0 47 1 47 47 0.04 47 0 11.26 529 90 476 53 0 a g 0 1 20140703144702 00078
2 00000215 2014 01 11 0029 グランクレール・ケアサービス馬事公苑 6271 訪問介護処遇改善加算Ⅰ 38 0 38 1 38 38 0.04 38 0 11.26 427 90 384 43 0 a g 0 1 20140619122503 00078
2 00000215 2014 02 11 0029 グランクレール・ケアサービス馬事公苑 6271 訪問介護処遇改善加算Ⅰ 38 0 38 1 38 38 0.04 38 0 11.26 427 90 384 43 0 a g 0 1 20140619122945 00078
2 00000215 2014 03 11 0029 グランクレール・ケアサービス馬事公苑 6271 訪問介護処遇改善加算Ⅰ 47 0 47 1 47 47 0.04 47 0 11.26 529 90 476 53 0 a g 0 1 20140619133456 00078
2 00000215 2014 04 11 0029 グランクレール・ケアサービス馬事公苑 6271 訪問介護処遇改善加算Ⅰ 38 0 38 1 38 38 0.04 38 0 11.26 427 90 384 43 0 a g 0 1 20140619134828 00078
2 00000215 2014 05 11 0029 グランクレール・ケアサービス馬事公苑 6271 訪問介護処遇改善加算Ⅰ 38 0 38 1 38 38 0.04 38 0 11.26 427 90 384 43 0 a g 0 1 20140819105802 00078
2 00000215 2014 06 11 0029 グランクレール・ケアサービス馬事公苑 6271 訪問介護処遇改善加算Ⅰ 47 0 47 1 47 47 0.04 47 0 11.26 529 90 476 53 0 a g 0 1 20140701132331 00049
2 00000215 2014 07 11 0029 グランクレール・ケアサービス馬事公苑 6271 訪問介護処遇改善加算Ⅰ 38 0 38 1 38 38 0.04 38 0 11.26 427 90 384 43 0 a g 0 1 20140802135424 00047
2 00000215 2014 08 11 0029 グランクレール・ケアサービス馬事公苑 6271 訪問介護処遇改善加算Ⅰ 47 0 47 1 47 47 0.04 47 0 11.26 529 90 476 53 0 a g 0 1 20140831151458 00049
2 00000215 2014 09 11 0029 グランクレール・ケアサービス馬事公苑 6271 訪問介護処遇改善加算Ⅰ 38 0 38 1 38 38 0.04 38 0 11.26 427 90 384 43 0 a g 0 1 20140930203826 00049
2 00000215 2014 10 11 0029 グランクレール・ケアサービス馬事公苑 6271 訪問介護処遇改善加算Ⅰ 38 0 38 1 38 38 0.04 38 0 11.26 427 90 384 43 0 a g 0 1 20141031201742 00049
2 00000215 2014 11 11 0029 グランクレール・ケアサービス馬事公苑 6271 訪問介護処遇改善加算Ⅰ 47 0 47 1 47 47 0.04 47 0 11.26 529 90 476 53 0 a g 0 1 20141201121228 00049
2 00000215 2014 12 11 0029 グランクレール・ケアサービス馬事公苑 6271 訪問介護処遇改善加算Ⅰ 38 0 38 1 38 38 0.04 38 0 11.26 427 90 384 43 0 a g 0 1 20141210115757 00049
