000001692014041 00000169 2014 04 25 15 1241 1 13:30 16:30 0258 1 464 0 _ _ 1 20140618110318 24
000001692014042 00000169 2014 04 25 15 5051 1 _ _ 0258 1 42 0 _ _ 1 20140618110318 24
000001692014043 00000169 2014 04 25 15 5052 1 _ _ 0258 1 50 0 _ _ 1 20140618110318 24
000001692014044 00000169 2014 04 25 15 5606 1 _ _ 0258 1 150 0 _ _ 1 20140618110318 24
000001692014051 00000169 2014 05 02 15 1241 1 13:30 16:30 0258 1 464 0 _ _ 1 20140811174132 24
000001692014051 00000169 2014 05 09 15 1241 1 13:30 16:30 0258 1 464 0 _ _ 1 20140811174132 24
000001692014051 00000169 2014 05 16 15 1241 1 13:30 16:30 0258 1 464 0 _ _ 1 20140811174132 24
000001692014051 00000169 2014 05 23 15 1241 1 13:30 16:30 0258 1 464 0 _ _ 1 20140811174132 24
000001692014051 00000169 2014 05 30 15 1241 1 13:30 16:30 0258 1 464 0 _ _ 1 20140811174132 24
000001692014052 00000169 2014 05 09 15 5051 1 _ _ 0258 1 42 0 _ _ 1 20140811174132 24
000001692014052 00000169 2014 05 16 15 5051 1 _ _ 0258 1 42 0 _ _ 1 20140811174132 24
000001692014052 00000169 2014 05 23 15 5051 1 _ _ 0258 1 42 0 _ _ 1 20140811174132 24
000001692014052 00000169 2014 05 30 15 5051 1 _ _ 0258 1 42 0 _ _ 1 20140811174132 24
000001692014053 00000169 2014 05 02 15 5052 1 _ _ 0258 1 50 0 _ _ 1 20140811174132 24
000001692014053 00000169 2014 05 09 15 5052 1 _ _ 0258 1 50 0 _ _ 1 20140811174132 24
000001692014053 00000169 2014 05 16 15 5052 1 _ _ 0258 1 50 0 _ _ 1 20140811174132 24
000001692014053 00000169 2014 05 23 15 5052 1 _ _ 0258 1 50 0 _ _ 1 20140811174132 24
000001692014053 00000169 2014 05 30 15 5052 1 _ _ 0258 1 50 0 _ _ 1 20140811174132 24
000001692014054 00000169 2014 05 16 15 5606 1 _ _ 0258 1 150 0 _ _ 1 20140811174132 24
000001692014054 00000169 2014 05 30 15 5606 1 _ _ 0258 1 150 0 _ _ 1 20140811174132 24
