00000120 00002 00002 05 26 7 平成26年8月1日 1 0 0 0 _ 9日モニタリング実施（別紙モニタリングシート参照）\nクレール内のイベントに参加されたり横浜までお出かけになられているご様子です。\n外出後はお疲れあるものの、食欲、睡眠とも変わりなく、少々太り気味とのことでした。\nサービス中は掃除一緒に行っていただいています。調理補助の依頼はありませんでした。 0 3 1 20140801130702 00038
00000120 00002 00003 05 _ _ _ 1 0 0 0 _ _ 0 0 1 20140801130702 00038
00000120 00002 00004 05 _ _ _ 1 0 0 0 _ _ 0 0 1 20140801130702 00038
00000120 00003 00002 05 26 7 平成26年8月1日 1 0 0 0 _ 9日モニタリング実施（別紙モニタリングシート参照）\nクレール内のイベントに参加されたり横浜までお出かけになられているご様子です。\n外出後はお疲れあるものの、食欲、睡眠とも変わりなく、少々太り気味とのことでした。\nサービス中は掃除一緒に行っていただいています。調理補助の依頼はありませんでした。 0 3 1 20141002182643 00035
00000120 00003 00003 05 26 8 平成26年9月3日 1 0 0 0 _ 体調お変わりありません。\n5日、19日藤が丘の整形外科に行かれ、そのまま横浜までお買物に行かれています。\n13日は停電のため、サービス11時に変更しています。気圧が低いと手首、腰などの関節が痛み、湿布を貼られていることもあるそうです。\n左右親指のばね指はスッキリせず、注射をすると良くなるけど痛いとＤｒに言われ、迷よわれているそうです。\n掃除時は家具移動お手伝い頂いています。 0 3 1 20141002182643 00035
00000120 00003 00004 05 _ _ _ 1 0 0 0 _ _ 0 0 1 20141002182643 00035
00000120 00004 00002 05 26 7 平成26年8月1日 1 0 0 0 _ 9日モニタリング実施（別紙モニタリングシート参照）\nクレール内のイベントに参加されたり横浜までお出かけになられているご様子です。\n外出後はお疲れあるものの、食欲、睡眠とも変わりなく、少々太り気味とのことでした。\nサービス中は掃除一緒に行っていただいています。調理補助の依頼はありませんでした。 0 3 1 20141003104055 00034
00000120 00004 00003 05 26 8 平成26年9月3日 1 0 0 0 _ 体調お変わりありません。\n5日、19日藤が丘の整形外科に行かれ、そのまま横浜までお買物に行かれています。\n13日は停電のため、サービス11時に変更しています。気圧が低いと手首、腰などの関節が痛み、湿布を貼られていることもあるそうです。\n左右親指のばね指はスッキリせず、注射をすると良くなるけど痛いとＤｒに言われ、迷よわれているそうです。\n掃除時は家具移動お手伝い頂いています。 0 3 1 20141003104055 00034
00000120 00004 00004 05 26 9 平成26年10月2日 1 0 0 0 _ 体調安定されています。\n10日訪問時、前日藤が丘の整形にてリハビリを行い、その後横浜まで行かれ疲れたけど楽しかったと話されています。リハ後は横浜まで出掛けることが多く、横浜に詳しくなったそうです。\n17日訪問時、前日整形にて足の浮腫みの解消に足の曲げ伸ばしをＤｒより勧められたそうで、実行したところ足首が腫れ湿布をされているとお伺いしています。左足を以前痛め、右足も痛くなってしまったそうです。24日、前日姪ご様と車でお墓参りに行かれたそうで、お疲れは無いそうですが、両足首の痛み、服薬しているが良くならないと伺っています。\n 0 3 1 20141003104055 00034
00000120 00005 00005 05 26 10 平成26年11月4日 1 0 0 0 _ 10月25日モニタリング実施（モニタリングシート参照）\n 0 3 1 20141104120050 00038
00000120 00005 00006 05 _ _ _ 1 0 0 0 _ _ 0 0 1 20141104120050 00038
00000120 00005 00007 05 _ _ _ 1 0 0 0 _ _ 0 0 1 20141104120050 00038
00000120 00006 00008 05 26 10 平成26年11月4日 1 0 0 0 _ 10月25日モニタリング実施（モニタリングシート参照）\n 0 3 1 20141104120102 00038
00000120 00006 00009 05 _ _ _ 1 0 0 0 _ _ 0 0 1 20141104120102 00038
00000120 00006 00010 05 _ _ _ 1 0 0 0 _ _ 0 0 1 20141104120102 00038
00000120 00007 00008 05 26 10 平成26年11月4日 1 0 0 0 _ 10月25日モニタリング実施（モニタリングシート参照）\n足首の腫れ続いており、湿布を貼っていらっしゃいました。\n整形外科では適度な運動が必要と言われているので、できるだけ外出を心掛けているそうですが、歩くと腫れるとのお話です。足首のむくみや膝の痛みと運動とのバランスが難しいとおっしゃっています。\n冬布団をご自分で出されています。またサービス中は毎回家具移動をお手伝いいただいています。調理についてはご依頼ありませんでした。\n\n 0 3 1 20141207170341 00038
00000120 00007 00009 05 26 11 平成26年12月2日 1 0 0 0 _ 5日訪問時、気温変化のため少し咳が出ておられましたが、大丈夫との事でした。\nまた、内科の検診を受けられ、異常なかったとお聞きしています。\n体調お変わりなく、昭和公園まで外出されたり、避難訓練にも参加されています。\n今月も調理のご依頼は無く、掃除のみのサービスを行いました。 0 3 1 20141207170341 00038
00000120 00007 00010 05 _ _ _ 1 0 0 0 _ _ 0 0 1 20141207170341 00038
