000012462015041 00001246 2015 04 01 72 2345 1 13:00 14:00 0007 1 1109 0 _ _ 1 20150409121112 161
000012462015041 00001246 2015 04 08 72 2345 1 13:00 14:00 0007 1 1109 0 _ _ 1 20150409121112 161
000012462015041 00001246 2015 04 15 72 2345 1 13:00 14:00 0007 1 1109 0 _ _ 1 20150409121112 161
000012462015041 00001246 2015 04 22 72 2345 1 13:00 14:00 0007 1 1109 0 _ _ 1 20150409121112 161
000012462015041 00001246 2015 04 29 72 2345 1 13:00 14:00 0007 1 1109 0 _ _ 1 20150409121112 161
000012462015042 00001246 2015 04 01 13 1341 1 16:00 18:00 0026 1 1305 0 _ _ 1 20150409121112 161
000012462015042 00001246 2015 04 04 13 1341 1 16:00 18:00 0026 1 1305 0 _ _ 1 20150409121112 161
000012462015042 00001246 2015 04 08 13 1341 1 16:00 18:00 0026 1 1305 0 _ _ 1 20150409121112 161
000012462015042 00001246 2015 04 11 13 1341 1 16:00 18:00 0026 1 1305 0 _ _ 1 20150409121112 161
000012462015042 00001246 2015 04 15 13 1341 1 16:00 18:00 0026 1 1305 0 _ _ 1 20150409121112 161
000012462015042 00001246 2015 04 18 13 1341 1 16:00 18:00 0026 1 1305 0 _ _ 1 20150409121112 161
000012462015042 00001246 2015 04 22 13 1341 1 16:00 18:00 0026 1 1305 0 _ _ 1 20150409121112 161
000012462015042 00001246 2015 04 25 13 1341 1 16:00 18:00 0026 1 1305 0 _ _ 1 20150409121112 161
000012462015042 00001246 2015 04 29 13 1341 1 16:00 18:00 0026 1 1305 0 _ _ 1 20150409121112 161
000012462015043 00001246 2015 04 04 11 4961 1 02:00 03:20 0070 1 615 0 _ _ 1 20150409121112 161
000012462015043 00001246 2015 04 07 11 4961 1 02:00 03:20 0070 1 615 0 _ _ 1 20150409121112 161
000012462015043 00001246 2015 04 11 11 4961 1 02:00 03:20 0070 1 615 0 _ _ 1 20150409121112 161
000012462015043 00001246 2015 04 14 11 4961 1 02:00 03:20 0070 1 615 0 _ _ 1 20150409121112 161
000012462015043 00001246 2015 04 18 11 4961 1 02:00 03:20 0070 1 615 0 _ _ 1 20150409121112 161
000012462015043 00001246 2015 04 21 11 4961 1 02:00 03:20 0070 1 615 0 _ _ 1 20150409121112 161
000012462015043 00001246 2015 04 25 11 4961 1 02:00 03:20 0070 1 615 0 _ _ 1 20150409121112 161
000012462015043 00001246 2015 04 28 11 4961 1 02:00 03:20 0070 1 615 0 _ _ 1 20150409121112 161
000012462015044 00001246 2015 04 01 12 1114 1 14:00 15:00 0216 1 778 0 _ _ 1 20150409121112 161
000012462015044 00001246 2015 04 05 12 1114 1 14:00 15:00 0216 1 778 0 _ _ 1 20150409121112 161
000012462015044 00001246 2015 04 09 12 1114 1 14:00 15:00 0216 1 778 0 _ _ 1 20150409121112 161
000012462015044 00001246 2015 04 14 12 1114 1 14:00 15:00 0216 1 778 0 _ _ 1 20150409121112 161
000012462015044 00001246 2015 04 18 12 1114 1 14:00 15:00 0216 1 778 0 _ _ 1 20150409121112 161
000012462015044 00001246 2015 04 23 12 1114 1 14:00 15:00 0216 1 778 0 _ _ 1 20150409121112 161
000012462015044 00001246 2015 04 28 12 1114 1 14:00 15:00 0216 1 778 0 _ _ 1 20150409121112 161
000012462015044 00001246 2015 04 30 12 1114 1 14:00 15:00 0216 1 778 0 _ _ 1 20150409121112 161
000012462015045 00001246 2015 04 04 11 6236 1 19:00 23:00 0255 1 1056 0 _ _ 1 20150409121112 161
000012462015045 00001246 2015 04 06 11 6236 1 19:00 23:00 0255 1 1056 0 _ _ 1 20150409121112 161
000012462015045 00001246 2015 04 09 11 6236 1 19:00 23:00 0255 1 1056 0 _ _ 1 20150409121112 161
000012462015045 00001246 2015 04 13 11 6236 1 19:00 23:00 0255 1 1056 0 _ _ 1 20150409121112 161
000012462015045 00001246 2015 04 18 11 6236 1 19:00 23:00 0255 1 1056 0 _ _ 1 20150409121112 161
000012462015045 00001246 2015 04 21 11 6236 1 19:00 23:00 0255 1 1056 0 _ _ 1 20150409121112 161
000012462015045 00001246 2015 04 25 11 6236 1 19:00 23:00 0255 1 1056 0 _ _ 1 20150409121112 161
000012462015045 00001246 2015 04 30 11 6236 1 19:00 23:00 0255 1 1056 0 _ _ 1 20150409121112 161
000012462015046 00001246 2015 04 03 13 1501 1 10:00 12:30 0270 1 302 0 _ _ 1 20150409121112 161
000012462015046 00001246 2015 04 06 13 1501 1 10:00 12:30 0270 1 302 0 _ _ 1 20150409121112 161
000012462015046 00001246 2015 04 10 13 1501 1 10:00 12:30 0270 1 302 0 _ _ 1 20150409121112 161
000012462015046 00001246 2015 04 13 13 1501 1 10:00 12:30 0270 1 302 0 _ _ 1 20150409121112 161
000012462015046 00001246 2015 04 17 13 1501 1 10:00 12:30 0270 1 302 0 _ _ 1 20150409121112 161
000012462015046 00001246 2015 04 20 13 1501 1 10:00 12:30 0270 1 302 0 _ _ 1 20150409121112 161
000012462015046 00001246 2015 04 24 13 1501 1 10:00 12:30 0270 1 302 0 _ _ 1 20150409121112 161
000012462015046 00001246 2015 04 27 13 1501 1 10:00 12:30 0270 1 302 0 _ _ 1 20150409121112 161
000012462015047 00001246 2015 04 03 11 4000 1 15:00 16:30 0056 1 100 0 _ _ 1 20150409121112 161
000012462015047 00001246 2015 04 07 11 4000 1 15:00 16:30 0056 1 100 0 _ _ 1 20150409121112 161
000012462015047 00001246 2015 04 10 11 4000 1 15:00 16:30 0056 1 100 0 _ _ 1 20150409121112 161
000012462015047 00001246 2015 04 14 11 4000 1 15:00 16:30 0056 1 100 0 _ _ 1 20150409121112 161
000012462015047 00001246 2015 04 18 11 4000 1 15:00 16:30 0056 1 100 0 _ _ 1 20150409121112 161
000012462015047 00001246 2015 04 22 11 4000 1 15:00 16:30 0056 1 100 0 _ _ 1 20150409121112 161
000012462015047 00001246 2015 04 29 11 4000 1 15:00 16:30 0056 1 100 0 _ _ 1 20150409121112 161
