1 00000002 2013 11 11 0070 グランクレール・ケアサービス横浜 1311 身体介護３ 584 0 584 2 1168 0 1168 1168 0 10.84 12661 90 11394 1267 0 n n 0 1 20140625103648 00034
1 00000013 2013 11 11 0070 グランクレール・ケアサービス横浜 7311 生活援助３ 235 0 235 8 1880 0 1880 1880 0 10.84 20379 90 18341 2038 0 n n 0 1 20140625115259 00034
1 00000015 2013 11 11 0070 グランクレール・ケアサービス横浜 6111 身体３生活１ 654 0 654 4 2616 0 2616 2616 0 10.84 28357 90 25521 2836 0 n g 0 1 20140625134823 00034
1 00000018 2013 11 11 0070 グランクレール・ケアサービス横浜 7311 生活援助３ 235 0 235 4 940 0 940 940 0 10.84 10189 90 9170 1019 0 n n 0 1 20140625143821 00034
1 00000022 2013 11 11 0070 グランクレール・ケアサービス横浜 1211 身体介護２ 402 0 402 2 804 0 804 804 0 10.84 8715 90 7843 872 0 n n 0 1 20140625150358 00034
1 00000025 2013 11 11 0070 グランクレール・ケアサービス横浜 5211 身体２生活２ 542 0 542 8 4336 0 4336 4336 0 10.84 47002 90 42301 4701 0 n n 0 1 20140625153118 00034
1 00000026 2013 11 11 0070 グランクレール・ケアサービス横浜 7311 生活援助３ 235 0 235 4 940 0 940 940 0 10.84 10189 90 9170 1019 0 n n 0 1 20140625155030 00034
1 00000027 2013 11 11 0070 グランクレール・ケアサービス横浜 7311 生活援助３ 235 0 235 8 1880 0 1880 1880 0 10.84 20379 90 18341 2038 0 n n 0 1 20140625162519 00034
1 00000046 2013 11 11 0070 グランクレール・ケアサービス横浜 1311 身体介護３ 584 0 584 1 584 0 584 584 0 10.84 6330 90 5697 633 0 n n 0 1 20140625185339 00034
1 00000047 2013 11 11 0070 グランクレール・ケアサービス横浜 1211 身体介護２ 402 0 402 5 2010 0 2010 2010 0 10.84 21788 90 19609 2179 0 n n 0 1 20140626105127 00034
1 00000062 2013 11 11 0070 グランクレール・ケアサービス横浜 7311 生活援助３ 235 0 235 4 940 0 940 940 0 10.84 10189 90 9170 1019 0 n n 0 1 20140626170240 00034
1 00000067 2013 11 11 0070 グランクレール・ケアサービス横浜 7211 生活援助２ 190 0 190 7 1330 0 1330 1330 0 10.84 14417 90 12975 1442 0 n n 0 1 20140626185044 00034
1 00000079 2013 11 11 0070 グランクレール・ケアサービス横浜 7311 生活援助３ 235 0 235 4 940 0 940 940 0 10.84 10189 90 9170 1019 0 n n 0 1 20140627145546 00034
1 00000080 2013 11 11 0070 グランクレール・ケアサービス横浜 7211 生活援助２ 190 0 190 4 760 0 760 760 0 10.84 8238 90 7414 824 0 n n 0 1 20140627150716 00034
1 00000082 2013 11 11 0070 グランクレール・ケアサービス横浜 5111 身体２生活１ 472 0 472 9 4248 0 4248 4248 0 10.84 46048 90 41443 4605 0 n n 0 1 20140627154711 00034
1 00000090 2013 11 11 0070 グランクレール・ケアサービス横浜 1311 身体介護３ 584 0 584 8 4672 0 4672 4672 0 10.84 50644 90 45579 5065 0 n n 0 1 20140627182935 00034
1 00000107 2013 11 11 0070 グランクレール・ケアサービス横浜 7311 生活援助３ 235 0 235 4 940 0 940 940 0 10.84 10189 90 9170 1019 0 n n 0 1 20140630190406 00034
1 00000110 2013 11 11 0070 グランクレール・ケアサービス横浜 4211 身体１生活２ 394 0 394 4 1576 0 1576 1576 0 10.84 17083 90 15374 1709 0 n n 0 1 20140701111154 00034
1 00000114 2013 11 11 0070 グランクレール・ケアサービス横浜 7211 生活援助２ 190 0 190 4 760 0 760 760 0 10.84 8238 90 7414 824 0 n n 0 1 20140701134355 00034
2 00000002 2013 11 11 0070 グランクレール・ケアサービス横浜 7311 生活援助３ 235 0 235 5 1175 0 1175 1175 0 10.84 12737 90 11463 1274 0 n n 0 1 20140625103648 00034
2 00000013 2013 11 11 0070 グランクレール・ケアサービス横浜 6271 訪問介護処遇改善加算Ⅰ 75 0 75 1 75 75 0.04 75 0 10.84 813 90 731 82 0 a g 0 1 20140625115259 00034
2 00000015 2013 11 11 0070 グランクレール・ケアサービス横浜 7311 生活援助３ 235 0 235 2 470 0 470 470 0 10.84 5094 90 4584 510 0 n n 0 1 20140625134823 00034
2 00000018 2013 11 11 0070 グランクレール・ケアサービス横浜 6271 訪問介護処遇改善加算Ⅰ 38 0 38 1 38 38 0.04 38 0 10.84 411 90 369 42 0 a g 0 1 20140625143821 00034
2 00000022 2013 11 11 0070 グランクレール・ケアサービス横浜 6271 訪問介護処遇改善加算Ⅰ 32 0 32 1 32 32 0.04 32 0 10.84 346 90 311 35 0 a g 0 1 20140625150358 00034
2 00000025 2013 11 11 0070 グランクレール・ケアサービス横浜 6271 訪問介護処遇改善加算Ⅰ 173 0 173 1 173 173 0.04 173 0 10.84 1875 90 1687 188 0 a g 0 1 20140625153118 00034
2 00000026 2013 11 11 0070 グランクレール・ケアサービス横浜 6271 訪問介護処遇改善加算Ⅰ 38 0 38 1 38 38 0.04 38 0 10.84 411 90 369 42 0 a g 0 1 20140625155030 00034
2 00000027 2013 11 11 0070 グランクレール・ケアサービス横浜 6271 訪問介護処遇改善加算Ⅰ 75 0 75 1 75 75 0.04 75 0 10.84 813 90 731 82 0 a g 0 1 20140625162519 00034
2 00000046 2013 11 11 0070 グランクレール・ケアサービス横浜 7311 生活援助３ 235 0 235 4 940 0 940 940 0 10.84 10189 90 9170 1019 0 n n 0 1 20140625185339 00034
2 00000047 2013 11 11 0070 グランクレール・ケアサービス横浜 6271 訪問介護処遇改善加算Ⅰ 80 0 80 1 80 80 0.04 80 0 10.84 867 90 780 87 0 a g 0 1 20140626105127 00034
2 00000062 2013 11 11 0070 グランクレール・ケアサービス横浜 6271 訪問介護処遇改善加算Ⅰ 38 0 38 1 38 38 0.04 38 0 10.84 411 90 369 42 0 a g 0 1 20140626170240 00034
2 00000067 2013 11 11 0070 グランクレール・ケアサービス横浜 6271 訪問介護処遇改善加算Ⅰ 53 0 53 1 53 53 0.04 53 0 10.84 574 90 516 58 0 a g 0 1 20140626185044 00034
2 00000079 2013 11 11 0070 グランクレール・ケアサービス横浜 6271 訪問介護処遇改善加算Ⅰ 38 0 38 1 38 38 0.04 38 0 10.84 411 90 369 42 0 a g 0 1 20140627145546 00034
2 00000080 2013 11 11 0070 グランクレール・ケアサービス横浜 6271 訪問介護処遇改善加算Ⅰ 30 0 30 1 30 30 0.04 30 0 10.84 325 90 292 33 0 a g 0 1 20140627150716 00034
2 00000082 2013 11 11 0070 グランクレール・ケアサービス横浜 6271 訪問介護処遇改善加算Ⅰ 170 0 170 1 170 170 0.04 170 0 10.84 1842 90 1657 185 0 a g 0 1 20140627154711 00034
2 00000090 2013 11 11 0070 グランクレール・ケアサービス横浜 7311 生活援助３ 235 0 235 4 940 0 940 940 0 10.84 10189 90 9170 1019 0 n n 0 1 20140627182935 00034
2 00000107 2013 11 11 0070 グランクレール・ケアサービス横浜 6271 訪問介護処遇改善加算Ⅰ 38 0 38 1 38 38 0.04 38 0 10.84 411 90 369 42 0 a g 0 1 20140630190406 00034
2 00000110 2013 11 11 0070 グランクレール・ケアサービス横浜 7311 生活援助３ 235 0 235 4 940 0 940 940 0 10.84 10189 90 9170 1019 0 n n 0 1 20140701111154 00034
2 00000114 2013 11 11 0070 グランクレール・ケアサービス横浜 6271 訪問介護処遇改善加算Ⅰ 30 0 30 1 30 30 0.04 30 0 10.84 325 90 292 33 0 a g 0 1 20140701134355 00034
3 00000002 2013 11 11 0070 グランクレール・ケアサービス横浜 6271 訪問介護処遇改善加算Ⅰ 94 0 94 1 94 94 0.04 94 0 10.84 1018 90 916 102 0 a g 0 1 20140625103648 00034
3 00000015 2013 11 11 0070 グランクレール・ケアサービス横浜 6271 訪問介護処遇改善加算Ⅰ 123 0 123 1 123 123 0.04 123 0 10.84 1333 90 1199 134 0 a g 0 1 20140625134823 00034
3 00000046 2013 11 11 0070 グランクレール・ケアサービス横浜 6271 訪問介護処遇改善加算Ⅰ 61 0 61 1 61 61 0.04 61 0 10.84 661 90 594 67 0 a g 0 1 20140625185339 00034
3 00000090 2013 11 11 0070 グランクレール・ケアサービス横浜 6271 訪問介護処遇改善加算Ⅰ 224 0 224 1 224 224 0.04 224 0 10.84 2428 90 2185 243 0 a g 0 1 20140627182935 00034
3 00000110 2013 11 11 0070 グランクレール・ケアサービス横浜 6271 訪問介護処遇改善加算Ⅰ 101 0 101 1 101 101 0.04 101 0 10.84 1094 90 984 110 0 a g 0 1 20140701111154 00034
