00000204 2013 07 01 09:50 10:19 11 1111 0029 11.26 1 254 1 20140707183557 00078
00000204 2013 07 01 19:40 20:09 11 1112 0029 11.26 1 318 1 20140707183557 00078
00000204 2013 07 02 09:50 10:19 11 1111 0029 11.26 1 254 1 20140707183557 00078
00000204 2013 07 02 13:40 14:09 11 1111 0029 11.26 1 254 1 20140707183557 00078
00000204 2013 07 02 19:40 20:09 11 1112 0029 11.26 1 318 1 20140707183557 00078
00000204 2013 07 03 19:40 20:09 11 1112 0029 11.26 1 318 1 20140707183557 00078
00000204 2013 07 04 09:50 10:19 11 1111 0029 11.26 1 254 1 20140707183557 00078
00000204 2013 07 04 19:40 20:09 11 1112 0029 11.26 1 318 1 20140707183557 00078
00000204 2013 07 05 09:50 10:19 11 1111 0029 11.26 1 254 1 20140707183557 00078
00000204 2013 07 06 09:50 10:19 11 1111 0029 11.26 1 254 1 20140707183557 00078
00000204 2013 07 06 13:40 14:39 11 4111 0029 11.26 1 324 1 20140707183557 00078
00000204 2013 07 06 19:40 20:09 11 1112 0029 11.26 1 318 1 20140707183557 00078
00000204 2013 07 07 09:50 10:19 11 1111 0029 11.26 1 254 1 20140707183557 00078
00000204 2013 07 07 13:40 14:09 11 1111 0029 11.26 1 254 1 20140707183557 00078
00000204 2013 07 07 19:40 20:09 11 1112 0029 11.26 1 318 1 20140707183557 00078
00000204 2013 07 08 09:50 10:19 11 1111 0029 11.26 1 254 1 20140707183557 00078
00000204 2013 07 08 19:40 20:09 11 1112 0029 11.26 1 318 1 20140707183557 00078
00000204 2013 07 09 19:40 20:09 11 1112 0029 11.26 1 318 1 20140707183557 00078
00000204 2013 07 10 09:50 10:19 11 1111 0029 11.26 1 254 1 20140707183557 00078
00000204 2013 07 10 19:40 20:09 11 1112 0029 11.26 1 318 1 20140707183557 00078
00000204 2013 07 11 09:50 10:19 11 1111 0029 11.26 1 254 1 20140707183557 00078
00000204 2013 07 11 13:40 14:09 11 1111 0029 11.26 1 254 1 20140707183557 00078
00000204 2013 07 11 19:40 20:09 11 1112 0029 11.26 1 318 1 20140707183557 00078
00000204 2013 07 12 09:50 10:19 11 1111 0029 11.26 1 254 1 20140707183557 00078
00000204 2013 07 12 19:40 20:09 11 1112 0029 11.26 1 318 1 20140707183557 00078
00000204 2013 07 13 09:50 10:19 11 1111 0029 11.26 1 254 1 20140707183557 00078
00000204 2013 07 13 13:40 14:39 11 4111 0029 11.26 1 324 1 20140707183557 00078
00000204 2013 07 13 19:40 20:09 11 1112 0029 11.26 1 318 1 20140707183557 00078
00000204 2013 07 14 09:50 10:19 11 1111 0029 11.26 1 254 1 20140707183557 00078
00000204 2013 07 14 13:40 14:09 11 1111 0029 11.26 1 254 1 20140707183557 00078
00000204 2013 07 14 19:40 20:09 11 1112 0029 11.26 1 318 1 20140707183557 00078
00000204 2013 07 15 09:50 10:19 11 1111 0029 11.26 1 254 1 20140707183557 00078
00000204 2013 07 15 19:40 20:09 11 1112 0029 11.26 1 318 1 20140707183557 00078
00000204 2013 07 16 09:50 10:19 11 1111 0029 11.26 1 254 1 20140707183557 00078
00000204 2013 07 16 13:40 14:09 11 1111 0029 11.26 1 254 1 20140707183557 00078
00000204 2013 07 16 19:40 20:09 11 1112 0029 11.26 1 318 1 20140707183557 00078
00000204 2013 07 17 19:40 20:09 11 1112 0029 11.26 1 318 1 20140707183557 00078
00000204 2013 07 18 09:50 10:19 11 1111 0029 11.26 1 254 1 20140707183557 00078
00000204 2013 07 18 13:40 14:09 11 1111 0029 11.26 1 254 1 20140707183557 00078
00000204 2013 07 18 19:40 20:09 11 1112 0029 11.26 1 318 1 20140707183557 00078
00000204 2013 07 19 09:50 10:19 11 1111 0029 11.26 1 254 1 20140707183557 00078
00000204 2013 07 19 19:40 20:09 11 1112 0029 11.26 1 318 1 20140707183557 00078
00000204 2013 07 20 09:50 10:19 11 1111 0029 11.26 1 254 1 20140707183557 00078
00000204 2013 07 20 13:40 14:39 11 4111 0029 11.26 1 324 1 20140707183557 00078
00000204 2013 07 20 19:40 20:09 11 1112 0029 11.26 1 318 1 20140707183557 00078
00000204 2013 07 21 09:50 10:19 11 1111 0029 11.26 1 254 1 20140707183557 00078
00000204 2013 07 21 13:40 14:09 11 1111 0029 11.26 1 254 1 20140707183557 00078
00000204 2013 07 21 19:40 20:09 11 1112 0029 11.26 1 318 1 20140707183557 00078
00000204 2013 07 22 09:50 10:19 11 1111 0029 11.26 1 254 1 20140707183557 00078
00000204 2013 07 22 19:40 20:09 11 1112 0029 11.26 1 318 1 20140707183557 00078
00000204 2013 07 23 19:40 20:09 11 1112 0029 11.26 1 318 1 20140707183557 00078
00000204 2013 07 24 09:50 10:19 11 1111 0029 11.26 1 254 1 20140707183557 00078
00000204 2013 07 24 19:40 20:09 11 1112 0029 11.26 1 318 1 20140707183557 00078
00000204 2013 07 25 09:50 10:19 11 1111 0029 11.26 1 254 1 20140707183557 00078
00000204 2013 07 25 13:40 14:09 11 1111 0029 11.26 1 254 1 20140707183557 00078
00000204 2013 07 25 19:40 20:09 11 1112 0029 11.26 1 318 1 20140707183557 00078
00000204 2013 07 26 09:50 10:19 11 1111 0029 11.26 1 254 1 20140707183557 00078
00000204 2013 07 26 19:40 20:09 11 1112 0029 11.26 1 318 1 20140707183557 00078
00000204 2013 07 27 09:50 10:19 11 1111 0029 11.26 1 254 1 20140707183557 00078
00000204 2013 07 27 13:40 14:39 11 4111 0029 11.26 1 324 1 20140707183557 00078
00000204 2013 07 27 19:40 20:09 11 1112 0029 11.26 1 318 1 20140707183557 00078
00000204 2013 07 28 09:50 10:19 11 1111 0029 11.26 1 254 1 20140707183557 00078
00000204 2013 07 28 13:40 14:09 11 1111 0029 11.26 1 254 1 20140707183557 00078
00000204 2013 07 28 19:40 20:09 11 1112 0029 11.26 1 318 1 20140707183557 00078
00000204 2013 07 29 09:50 10:19 11 1111 0029 11.26 1 254 1 20140707183557 00078
00000204 2013 07 29 19:40 20:09 11 1112 0029 11.26 1 318 1 20140707183557 00078
00000204 2013 07 30 19:40 20:09 11 1112 0029 11.26 1 318 1 20140707183557 00078
00000204 2013 07 31 09:50 10:19 11 1111 0029 11.26 1 254 1 20140707183557 00078
00000204 2013 07 31 19:40 20:09 11 1112 0029 11.26 1 318 1 20140707183557 00078
00000205 2013 07 02 14:20 15:49 11 1311 0029 11.26 1 584 1 20140708111135 00078
00000205 2013 07 04 14:20 15:19 11 7311 0029 11.26 1 235 1 20140708111135 00078
00000205 2013 07 05 14:20 15:49 11 1311 0029 11.26 1 584 1 20140708111135 00078
00000205 2013 07 09 14:20 15:49 11 1311 0029 11.26 1 584 1 20140708111135 00078
00000205 2013 07 11 14:20 15:19 11 7311 0029 11.26 1 235 1 20140708111135 00078
00000205 2013 07 12 14:20 15:49 11 1311 0029 11.26 1 584 1 20140708111135 00078
00000205 2013 07 16 14:20 15:49 11 1311 0029 11.26 1 584 1 20140708111135 00078
00000205 2013 07 18 14:20 15:19 11 7311 0029 11.26 1 235 1 20140708111135 00078
00000205 2013 07 19 14:20 15:49 11 1311 0029 11.26 1 584 1 20140708111135 00078
00000205 2013 07 23 14:20 15:49 11 1311 0029 11.26 1 584 1 20140708111135 00078
00000205 2013 07 25 14:20 15:19 11 7311 0029 11.26 1 235 1 20140708111135 00078
00000205 2013 07 26 14:20 15:49 11 1311 0029 11.26 1 584 1 20140708111135 00078
00000205 2013 07 30 14:20 15:49 11 1311 0029 11.26 1 584 1 20140708111135 00078
00000207 2013 07 02 13:30 14:29 61 1111 0107 11.26 1 1220 1 20140708140210 00078
00000207 2013 07 09 13:30 14:29 61 1111 0107 11.26 1 1220 1 20140708140210 00078
00000207 2013 07 16 13:30 14:29 61 1111 0107 11.26 1 1220 1 20140708140210 00078
00000207 2013 07 23 13:30 14:29 61 1111 0107 11.26 1 1220 1 20140708140210 00078
00000207 2013 07 30 13:30 14:29 61 1111 0107 11.26 1 1220 1 20140708140210 00078
00000209 2013 07 01 10:30 11:29 61 1211 0107 11.26 1 2440 1 20140708150053 00078
00000209 2013 07 05 10:30 11:29 61 1211 0107 11.26 1 2440 1 20140708150053 00078
00000209 2013 07 08 10:30 11:29 61 1211 0107 11.26 1 2440 1 20140708150053 00078
00000209 2013 07 12 10:30 11:29 61 1211 0107 11.26 1 2440 1 20140708150053 00078
00000209 2013 07 15 10:30 11:29 61 1211 0107 11.26 1 2440 1 20140708150053 00078
00000209 2013 07 19 10:30 11:29 61 1211 0107 11.26 1 2440 1 20140708150053 00078
00000209 2013 07 26 10:30 11:29 61 1211 0107 11.26 1 2440 1 20140708150053 00078
00000209 2013 07 29 10:30 11:29 61 1211 0107 11.26 1 2440 1 20140708150053 00078
00000212 2013 07 03 13:00 14:00 61 1111 0107 11.26 1 1220 1 20140708155137 00078
00000212 2013 07 10 13:00 14:00 61 1111 0107 11.26 1 1220 1 20140708155137 00078
00000212 2013 07 17 13:00 14:00 61 1111 0107 11.26 1 1220 1 20140708155137 00078
00000212 2013 07 31 13:00 14:00 61 1111 0107 11.26 1 1220 1 20140708155137 00078
00000213 2013 07 01 15:50 16:49 11 1211 0029 11.26 1 402 1 20140708174611 00078
00000213 2013 07 02 10:30 11:29 11 7311 0029 11.26 1 235 1 20140708174611 00078
00000213 2013 07 04 15:50 16:49 11 1211 0029 11.26 1 402 1 20140708174611 00078
00000213 2013 07 06 10:30 11:29 11 7311 0029 11.26 1 235 1 20140708174611 00078
00000213 2013 07 06 15:50 16:49 11 1211 0029 11.26 1 402 1 20140708174611 00078
00000213 2013 07 08 15:50 16:49 11 1211 0029 11.26 1 402 1 20140708174611 00078
00000213 2013 07 09 10:30 11:29 11 7311 0029 11.26 1 235 1 20140708174611 00078
00000213 2013 07 11 15:50 16:49 11 1211 0029 11.26 1 402 1 20140708174611 00078
00000213 2013 07 13 10:30 11:29 11 7311 0029 11.26 1 235 1 20140708174611 00078
00000213 2013 07 13 15:50 16:49 11 1211 0029 11.26 1 402 1 20140708174611 00078
00000213 2013 07 15 15:50 16:49 11 1211 0029 11.26 1 402 1 20140708174611 00078
00000213 2013 07 16 10:30 11:29 11 7311 0029 11.26 1 235 1 20140708174611 00078
00000213 2013 07 17 15:50 16:49 11 1211 0029 11.26 1 402 1 20140708174611 00078
00000213 2013 07 20 10:30 11:29 11 7311 0029 11.26 1 235 1 20140708174611 00078
00000213 2013 07 20 15:50 16:49 11 1211 0029 11.26 1 402 1 20140708174611 00078
00000213 2013 07 22 15:50 16:49 11 1211 0029 11.26 1 402 1 20140708174611 00078
00000213 2013 07 23 10:30 11:29 11 7311 0029 11.26 1 235 1 20140708174611 00078
00000213 2013 07 24 15:50 16:49 11 1211 0029 11.26 1 402 1 20140708174611 00078
00000213 2013 07 27 10:30 11:29 11 7311 0029 11.26 1 235 1 20140708174611 00078
00000213 2013 07 27 15:50 16:49 11 1211 0029 11.26 1 402 1 20140708174611 00078
00000213 2013 07 29 15:50 16:49 11 1211 0029 11.26 1 402 1 20140708174611 00078
00000213 2013 07 30 10:30 11:29 11 7311 0029 11.26 1 235 1 20140708174611 00078
00000213 2013 07 31 15:50 16:49 11 1211 0029 11.26 1 402 1 20140708174611 00078
00000214 2013 07 03 10:30 11:30 61 1111 0107 11.26 1 1220 1 20140708182231 00078
00000214 2013 07 10 10:30 11:30 61 1111 0107 11.26 1 1220 1 20140708182231 00078
00000214 2013 07 17 10:30 11:30 61 1111 0107 11.26 1 1220 1 20140708182231 00078
00000214 2013 07 24 10:30 11:30 61 1111 0107 11.26 1 1220 1 20140708182231 00078
00000214 2013 07 31 10:30 11:30 61 1111 0107 11.26 1 1220 1 20140708182231 00078
00000215 2013 07 12 13:00 13:59 11 7311 0029 11.26 1 235 1 20140709102855 00078
00000215 2013 07 14 15:30 16:29 11 7311 0029 11.26 1 235 1 20140709102855 00078
00000215 2013 07 21 15:30 16:29 11 7311 0029 11.26 1 235 1 20140709102855 00078
00000215 2013 07 28 15:30 16:29 11 7311 0029 11.26 1 235 1 20140709102855 00078
00000218 2013 07 02 17:00 17:59 61 1321 0107 11.26 1 3870 1 20140709143732 00078
00000218 2013 07 05 17:00 17:59 61 1321 0107 11.26 1 3870 1 20140709143732 00078
00000218 2013 07 07 17:00 17:59 61 1321 0107 11.26 1 3870 1 20140709143732 00078
00000218 2013 07 09 17:00 17:59 61 1321 0107 11.26 1 3870 1 20140709143732 00078
00000218 2013 07 13 17:00 17:59 61 1321 0107 11.26 1 3870 1 20140709143732 00078
00000218 2013 07 14 17:00 17:59 61 1321 0107 11.26 1 3870 1 20140709143732 00078
00000218 2013 07 16 17:00 17:59 61 1321 0107 11.26 1 3870 1 20140709143732 00078
00000218 2013 07 19 17:00 17:59 61 1321 0107 11.26 1 3870 1 20140709143732 00078
00000218 2013 07 21 17:00 17:59 61 1321 0107 11.26 1 3870 1 20140709143732 00078
00000218 2013 07 23 17:00 17:59 61 1321 0107 11.26 1 3870 1 20140709143732 00078
00000218 2013 07 26 17:00 17:59 61 1321 0107 11.26 1 3870 1 20140709143732 00078
00000218 2013 07 28 17:00 17:59 61 1321 0107 11.26 1 3870 1 20140709143732 00078
00000218 2013 07 30 17:00 17:59 61 1321 0107 11.26 1 3870 1 20140709143732 00078
00000221 2013 07 04 10:30 11:30 61 1111 0107 11.26 1 1220 1 20140709161133 00078
00000221 2013 07 11 10:30 11:30 61 1111 0107 11.26 1 1220 1 20140709161133 00078
00000221 2013 07 18 10:30 11:30 61 1111 0107 11.26 1 1220 1 20140709161133 00078
00000221 2013 07 25 10:30 11:30 61 1111 0107 11.26 1 1220 1 20140709161133 00078
00000223 2013 07 01 13:30 15:14 11 5211 0029 11.26 1 542 1 20140709163051 00078
00000223 2013 07 03 15:20 16:19 11 1211 0029 11.26 1 402 1 20140709163051 00078
00000223 2013 07 06 15:20 16:19 11 1211 0029 11.26 1 402 1 20140709163051 00078
00000224 2013 07 01 10:00 10:59 11 7311 0029 11.26 1 235 1 20140709172917 00078
00000224 2013 07 01 16:00 16:59 11 1211 0029 11.26 1 402 1 20140709172917 00078
00000224 2013 07 04 16:00 16:59 11 1211 0029 11.26 1 402 1 20140709172917 00078
00000224 2013 07 08 10:00 10:59 11 7311 0029 11.26 1 235 1 20140709172917 00078
00000224 2013 07 08 16:00 16:59 11 1211 0029 11.26 1 402 1 20140709172917 00078
00000224 2013 07 11 16:00 16:59 11 1211 0029 11.26 1 402 1 20140709172917 00078
00000224 2013 07 15 10:00 10:59 11 7311 0029 11.26 1 235 1 20140709172917 00078
00000224 2013 07 15 16:00 16:59 11 1211 0029 11.26 1 402 1 20140709172917 00078
00000224 2013 07 18 16:00 16:59 11 1211 0029 11.26 1 402 1 20140709172917 00078
00000224 2013 07 22 10:00 10:59 11 7311 0029 11.26 1 235 1 20140709172917 00078
00000224 2013 07 22 16:00 16:59 11 1211 0029 11.26 1 402 1 20140709172917 00078
00000224 2013 07 25 16:00 16:59 11 1211 0029 11.26 1 402 1 20140709172917 00078
00000224 2013 07 29 10:00 10:59 11 7311 0029 11.26 1 235 1 20140709172917 00078
00000224 2013 07 29 16:00 16:59 11 1211 0029 11.26 1 402 1 20140709172917 00078
00000226 2013 07 02 15:50 16:49 61 1211 0107 11.26 1 2440 1 20140709184311 00078
00000226 2013 07 05 15:50 16:49 61 1211 0107 11.26 1 2440 1 20140709184311 00078
00000226 2013 07 09 15:50 16:49 61 1211 0107 11.26 1 2440 1 20140709184311 00078
00000226 2013 07 12 15:50 16:49 61 1211 0107 11.26 1 2440 1 20140709184311 00078
00000226 2013 07 16 15:50 16:49 61 1211 0107 11.26 1 2440 1 20140709184311 00078
00000226 2013 07 19 15:50 16:49 61 1211 0107 11.26 1 2440 1 20140709184311 00078
00000226 2013 07 23 15:50 16:49 61 1211 0107 11.26 1 2440 1 20140709184311 00078
00000226 2013 07 26 15:50 16:49 61 1211 0107 11.26 1 2440 1 20140709184311 00078
00000226 2013 07 30 15:50 16:49 61 1211 0107 11.26 1 2440 1 20140709184311 00078
00000228 2013 07 03 16:30 17:29 61 1111 0107 11.26 1 1220 1 20140710104019 00078
00000228 2013 07 10 16:30 17:29 61 1111 0107 11.26 1 1220 1 20140710104019 00078
00000228 2013 07 31 16:30 17:29 61 1111 0107 11.26 1 1220 1 20140710104019 00078
00000229 2013 07 04 10:00 11:00 61 1111 0107 11.26 1 1220 1 20140710111035 00078
00000229 2013 07 11 10:00 11:00 61 1111 0107 11.26 1 1220 1 20140710111035 00078
00000229 2013 07 18 10:00 11:00 61 1111 0107 11.26 1 1220 1 20140710111035 00078
00000230 2013 07 17 07:30 07:59 11 1112 0029 11.26 1 318 1 20140710145125 00078
00000230 2013 07 18 07:30 07:59 11 1112 0029 11.26 1 318 1 20140710145125 00078
00000230 2013 07 19 07:30 07:59 11 1112 0029 11.26 1 318 1 20140710145125 00078
00000230 2013 07 20 07:30 07:59 11 1112 0029 11.26 1 318 1 20140710145125 00078
00000230 2013 07 21 07:30 07:59 11 1112 0029 11.26 1 318 1 20140710145125 00078
00000230 2013 07 22 07:30 07:59 11 1112 0029 11.26 1 318 1 20140710145125 00078
00000230 2013 07 23 07:30 07:59 11 1112 0029 11.26 1 318 1 20140710145125 00078
00000230 2013 07 24 07:30 07:59 11 1112 0029 11.26 1 318 1 20140710145125 00078
00000230 2013 07 25 07:30 07:59 11 1112 0029 11.26 1 318 1 20140710145125 00078
00000230 2013 07 26 07:30 07:59 11 1112 0029 11.26 1 318 1 20140710145125 00078
00000230 2013 07 27 07:30 07:59 11 1112 0029 11.26 1 318 1 20140710145125 00078
00000230 2013 07 28 07:30 07:59 11 1112 0029 11.26 1 318 1 20140710145125 00078
00000230 2013 07 29 07:30 07:59 11 1112 0029 11.26 1 318 1 20140710145125 00078
00000230 2013 07 30 07:30 07:59 11 1112 0029 11.26 1 318 1 20140710145125 00078
00000230 2013 07 31 07:30 07:59 11 1112 0029 11.26 1 318 1 20140710145125 00078
00000231 2013 07 04 14:10 15:10 61 1111 0107 11.26 1 1220 1 20140704111447 00078
00000231 2013 07 11 14:10 15:10 61 1111 0107 11.26 1 1220 1 20140704111447 00078
00000231 2013 07 18 14:10 15:10 61 1111 0107 11.26 1 1220 1 20140704111447 00078
00000231 2013 07 25 14:10 15:10 61 1111 0107 11.26 1 1220 1 20140704111447 00078
00000235 2013 07 10 15:20 16:20 11 7311 0029 11.26 1 235 1 20140704115943 00077
00000235 2013 07 19 11:00 12:00 11 7311 0029 11.26 1 235 1 20140704115943 00077
00000235 2013 07 25 15:00 16:00 11 7311 0029 11.26 1 235 1 20140704115943 00077
00000235 2013 07 31 15:20 16:20 11 7311 0029 11.26 1 235 1 20140704115943 00077
00000238 2013 07 01 13:30 14:30 61 1211 0107 11.26 1 2440 1 20140704142124 00077
00000238 2013 07 08 13:30 14:30 61 1211 0107 11.26 1 2440 1 20140704142124 00077
00000238 2013 07 11 13:30 14:30 61 1211 0107 11.26 1 2440 1 20140704142124 00077
00000238 2013 07 15 13:30 14:30 61 1211 0107 11.26 1 2440 1 20140704142124 00077
00000238 2013 07 22 13:30 14:30 61 1211 0107 11.26 1 2440 1 20140704142124 00077
00000238 2013 07 25 13:30 14:30 61 1211 0107 11.26 1 2440 1 20140704142124 00077
00000238 2013 07 29 13:30 14:30 61 1211 0107 11.26 1 2440 1 20140704142124 00077
00000239 2013 07 01 11:15 12:15 61 1111 0107 11.26 1 1220 1 20140704142428 00077
00000239 2013 07 08 11:15 12:15 61 1111 0107 11.26 1 1220 1 20140704142428 00077
00000239 2013 07 15 11:15 12:15 61 1111 0107 11.26 1 1220 1 20140704142428 00077
00000239 2013 07 22 11:15 12:15 61 1111 0107 11.26 1 1220 1 20140704142428 00077
00000239 2013 07 29 11:15 12:15 61 1111 0107 11.26 1 1220 1 20140704142428 00077
00000240 2013 07 03 14:10 15:10 11 7311 0029 11.26 1 235 1 20140704145428 00077
00000240 2013 07 10 14:20 15:20 11 7311 0029 11.26 1 235 1 20140704145428 00077
00000240 2013 07 17 14:10 15:10 11 7311 0029 11.26 1 235 1 20140704145428 00077
00000240 2013 07 24 15:30 16:30 11 7311 0029 11.26 1 235 1 20140704145428 00077
00000240 2013 07 31 14:10 15:10 11 7311 0029 11.26 1 235 1 20140704145428 00077
