1 00000207 2013 07 61 0107 グランクレール・ケアサービス馬事公苑 1111 予防訪問介護Ⅰ 1220 0 1220 5 1220 0 1220 1220 0 11.26 13737 90 12363 1374 0 n n 0 1 20140708140210 00078
1 00000209 2013 07 61 0107 グランクレール・ケアサービス馬事公苑 1211 予防訪問介護Ⅱ 2440 0 2440 8 2440 0 2440 2440 0 11.26 27474 90 24726 2748 0 n n 0 1 20140708150053 00078
1 00000212 2013 07 61 0107 グランクレール・ケアサービス馬事公苑 1111 予防訪問介護Ⅰ 1220 0 1220 4 1220 0 1220 1220 0 11.26 13737 90 12363 1374 0 n n 0 1 20140708155137 00078
1 00000214 2013 07 61 0107 グランクレール・ケアサービス馬事公苑 1111 予防訪問介護Ⅰ 1220 0 1220 5 1220 0 1220 1220 0 11.26 13737 90 12363 1374 0 n n 0 1 20140708182231 00078
1 00000218 2013 07 61 0107 グランクレール・ケアサービス馬事公苑 1321 予防訪問介護Ⅲ 3870 0 3870 13 3870 0 3870 3870 0 11.26 43576 90 39218 4358 0 n n 0 1 20140709143732 00078
1 00000221 2013 07 61 0107 グランクレール・ケアサービス馬事公苑 1111 予防訪問介護Ⅰ 1220 0 1220 4 1220 0 1220 1220 0 11.26 13737 90 12363 1374 0 n n 0 1 20140709161133 00078
1 00000226 2013 07 61 0107 グランクレール・ケアサービス馬事公苑 1211 予防訪問介護Ⅱ 2440 0 2440 9 2440 0 2440 2440 0 11.26 27474 90 24726 2748 0 n n 0 1 20140709184311 00078
1 00000228 2013 07 61 0107 グランクレール・ケアサービス馬事公苑 1111 予防訪問介護Ⅰ 1220 0 1220 3 1220 0 1220 1220 0 11.26 13737 90 12363 1374 0 n n 0 1 20140710104019 00078
1 00000229 2013 07 61 0107 グランクレール・ケアサービス馬事公苑 1111 予防訪問介護Ⅰ 1220 0 1220 3 1220 0 1220 1220 0 11.26 13737 90 12363 1374 0 n n 0 1 20140710111035 00078
1 00000231 2013 07 61 0107 グランクレール・ケアサービス馬事公苑 1111 予防訪問介護Ⅰ 1220 0 1220 4 1220 0 1220 1220 0 11.26 13737 90 12363 1374 0 n n 0 1 20140704111447 00078
1 00000238 2013 07 61 0107 グランクレール・ケアサービス馬事公苑 1211 予防訪問介護Ⅱ 2440 0 2440 7 2440 0 2440 2440 0 11.26 27474 90 24726 2748 0 n n 0 1 20140704142124 00077
1 00000239 2013 07 61 0107 グランクレール・ケアサービス馬事公苑 1111 予防訪問介護Ⅰ 1220 0 1220 5 1220 0 1220 1220 0 11.26 13737 90 12363 1374 0 n n 0 1 20140704142428 00077
2 00000207 2013 07 61 0107 グランクレール・ケアサービス馬事公苑 6271 予防訪問介護処遇改善加算Ⅰ 49 0 49 1 49 0 49 49 0 11.26 551 90 495 56 0 a g 0 1 20140708140210 00078
2 00000209 2013 07 61 0107 グランクレール・ケアサービス馬事公苑 6271 予防訪問介護処遇改善加算Ⅰ 98 0 98 1 98 0 98 98 0 11.26 1103 90 992 111 0 a g 0 1 20140708150053 00078
2 00000212 2013 07 61 0107 グランクレール・ケアサービス馬事公苑 6271 予防訪問介護処遇改善加算Ⅰ 49 0 49 1 49 0 49 49 0 11.26 551 90 495 56 0 a g 0 1 20140708155137 00078
2 00000214 2013 07 61 0107 グランクレール・ケアサービス馬事公苑 6271 予防訪問介護処遇改善加算Ⅰ 49 0 49 1 49 0 49 49 0 11.26 551 90 495 56 0 a g 0 1 20140708182231 00078
2 00000218 2013 07 61 0107 グランクレール・ケアサービス馬事公苑 6271 予防訪問介護処遇改善加算Ⅰ 155 0 155 1 155 0 155 155 0 11.26 1745 90 1570 175 0 a g 0 1 20140709143732 00078
2 00000221 2013 07 61 0107 グランクレール・ケアサービス馬事公苑 6271 予防訪問介護処遇改善加算Ⅰ 49 0 49 1 49 0 49 49 0 11.26 551 90 495 56 0 a g 0 1 20140709161133 00078
2 00000226 2013 07 61 0107 グランクレール・ケアサービス馬事公苑 6271 予防訪問介護処遇改善加算Ⅰ 98 0 98 1 98 0 98 98 0 11.26 1103 90 992 111 0 a g 0 1 20140709184311 00078
2 00000228 2013 07 61 0107 グランクレール・ケアサービス馬事公苑 6271 予防訪問介護処遇改善加算Ⅰ 49 0 49 1 49 0 49 49 0 11.26 551 90 495 56 0 a g 0 1 20140710104019 00078
2 00000229 2013 07 61 0107 グランクレール・ケアサービス馬事公苑 6271 予防訪問介護処遇改善加算Ⅰ 49 0 49 1 49 0 49 49 0 11.26 551 90 495 56 0 a g 0 1 20140710111035 00078
2 00000231 2013 07 61 0107 グランクレール・ケアサービス馬事公苑 6271 予防訪問介護処遇改善加算Ⅰ 49 0 49 1 49 0 49 49 0 11.26 551 90 495 56 0 a g 0 1 20140704111447 00078
2 00000238 2013 07 61 0107 グランクレール・ケアサービス馬事公苑 6271 予防訪問介護処遇改善加算Ⅰ 98 0 98 1 98 0 98 98 0 11.26 1103 90 992 111 0 a g 0 1 20140704142124 00077
2 00000239 2013 07 61 0107 グランクレール・ケアサービス馬事公苑 6271 予防訪問介護処遇改善加算Ⅰ 49 0 49 1 49 0 49 49 0 11.26 551 90 495 56 0 a g 0 1 20140704142428 00077
