00000026 2013 05 00031 1 20140718162033 00030
00000026 2013 06 00031 1 20140718162624 00030
00000026 2013 07 00031 1 20140718163041 00030
00000026 2013 08 00031 1 20140718164208 00030
00000026 2013 09 00013 1 20140625154241 00030
00000026 2013 11 00013 1 20140625155150 00030
00000026 2013 12 00013 1 20140625155833 00030
00000026 2014 01 00013 1 20140724121813 00078
00000026 2014 02 00013 1 20140611135852 00030
00000026 2014 03 00013 1 20140611141511 00030
00000026 2014 04 00013 1 20140611142310 00030
