000000262013051 00000026 2013 05 27 11 7311 1 13:30 14:29 0070 1 235 0 _ _ 1 20140718162022 24
000000262013061 00000026 2013 06 07 15 1242 1 13:30 16:34 0067 1 529 0 _ _ 1 20140718162610 24
000000262013061 00000026 2013 06 28 15 1242 1 13:30 16:34 0067 1 529 0 _ _ 1 20140718162610 24
000000262013062 00000026 2013 06 07 15 5051 1 _ _ 0067 1 42 0 _ _ 1 20140718162610 24
000000262013062 00000026 2013 06 28 15 5051 1 _ _ 0067 1 42 0 _ _ 1 20140718162610 24
000000262013063 00000026 2013 06 02 11 7311 1 11:15 12:14 0070 1 235 0 _ _ 1 20140718162610 24
000000262013064 00000026 2013 06 10 11 7311 1 13:30 14:29 0070 1 235 0 _ _ 1 20140718162610 24
000000262013064 00000026 2013 06 17 11 7311 1 13:30 14:29 0070 1 235 0 _ _ 1 20140718162610 24
000000262013064 00000026 2013 06 24 11 7311 1 13:30 14:29 0070 1 235 0 _ _ 1 20140718162610 24
000000262013071 00000026 2013 07 05 15 1242 1 13:30 16:30 0067 1 529 0 _ _ 1 20140718163030 24
000000262013071 00000026 2013 07 19 15 1242 1 13:30 16:30 0067 1 529 0 _ _ 1 20140718163030 24
000000262013071 00000026 2013 07 26 15 1242 1 13:30 16:30 0067 1 529 0 _ _ 1 20140718163030 24
000000262013072 00000026 2013 07 05 15 5051 1 13:30 16:34 0067 1 42 0 _ _ 1 20140718163030 24
000000262013072 00000026 2013 07 19 15 5051 1 13:30 16:34 0067 1 42 0 _ _ 1 20140718163030 24
000000262013072 00000026 2013 07 26 15 5051 1 13:30 16:34 0067 1 42 0 _ _ 1 20140718163030 24
000000262013073 00000026 2013 07 01 11 7311 1 13:30 14:30 0070 1 235 0 _ _ 1 20140718163030 24
000000262013073 00000026 2013 07 08 11 7311 1 13:30 14:30 0070 1 235 0 _ _ 1 20140718163030 24
000000262013073 00000026 2013 07 15 11 7311 1 13:30 14:30 0070 1 235 0 _ _ 1 20140718163030 24
000000262013073 00000026 2013 07 22 11 7311 1 13:30 14:30 0070 1 235 0 _ _ 1 20140718163030 24
000000262013073 00000026 2013 07 29 11 7311 1 13:30 14:30 0070 1 235 0 _ _ 1 20140718163030 24
000000262013081 00000026 2013 08 09 15 1242 1 13:30 16:34 0067 1 529 0 _ _ 1 20140718164157 24
000000262013081 00000026 2013 08 23 15 1242 1 13:30 16:34 0067 1 529 0 _ _ 1 20140718164157 24
000000262013082 00000026 2013 08 09 15 5051 1 _ _ 0067 1 42 0 _ _ 1 20140718164157 24
000000262013082 00000026 2013 08 23 15 5051 1 _ _ 0067 1 42 0 _ _ 1 20140718164157 24
000000262013083 00000026 2013 08 05 11 7311 1 13:30 14:29 0070 1 235 0 _ _ 1 20140718164157 24
000000262013083 00000026 2013 08 12 11 7311 1 13:30 14:29 0070 1 235 0 _ _ 1 20140718164157 24
000000262013083 00000026 2013 08 19 11 7311 1 13:30 14:29 0070 1 235 0 _ _ 1 20140718164157 24
000000262013083 00000026 2013 08 26 11 7311 1 13:30 14:29 0070 1 235 0 _ _ 1 20140718164157 24
000000262013091 00000026 2013 09 06 15 1242 1 13:30 16:35 0067 1 529 0 _ _ 1 20140625154221 24
000000262013091 00000026 2013 09 13 15 1242 1 13:30 16:35 0067 1 529 0 _ _ 1 20140625154221 24
000000262013091 00000026 2013 09 20 15 1242 1 13:30 16:35 0067 1 529 0 _ _ 1 20140625154221 24
000000262013091 00000026 2013 09 27 15 1242 1 13:30 16:35 0067 1 529 0 _ _ 1 20140625154221 24
000000262013092 00000026 2013 09 06 15 5051 1 _ _ 0067 1 42 0 _ _ 1 20140625154221 24
000000262013092 00000026 2013 09 13 15 5051 1 _ _ 0067 1 42 0 _ _ 1 20140625154221 24
000000262013092 00000026 2013 09 20 15 5051 1 _ _ 0067 1 42 0 _ _ 1 20140625154221 24
000000262013092 00000026 2013 09 27 15 5051 1 _ _ 0067 1 42 0 _ _ 1 20140625154221 24
000000262013093 00000026 2013 09 02 11 7311 1 13:30 14:30 0070 1 235 0 _ _ 1 20140625154221 24
000000262013093 00000026 2013 09 09 11 7311 1 13:30 14:30 0070 1 235 0 _ _ 1 20140625154221 24
000000262013093 00000026 2013 09 16 11 7311 1 13:30 14:30 0070 1 235 0 _ _ 1 20140625154221 24
000000262013093 00000026 2013 09 23 11 7311 1 13:30 14:30 0070 1 235 0 _ _ 1 20140625154221 24
000000262013093 00000026 2013 09 30 11 7311 1 13:30 14:30 0070 1 235 0 _ _ 1 20140625154221 24
000000262013101 00000026 2013 10 04 15 1242 1 13:30 16:30 0067 1 529 0 _ _ 1 20140625154720 24
000000262013101 00000026 2013 10 11 15 1242 1 13:30 16:30 0067 1 529 0 _ _ 1 20140625154720 24
000000262013101 00000026 2013 10 18 15 1242 1 13:30 16:30 0067 1 529 0 _ _ 1 20140625154720 24
000000262013102 00000026 2013 10 04 15 5051 1 _ _ 0067 1 42 0 _ _ 1 20140625154720 24
000000262013102 00000026 2013 10 11 15 5051 1 _ _ 0067 1 42 0 _ _ 1 20140625154720 24
000000262013102 00000026 2013 10 18 15 5051 1 _ _ 0067 1 42 0 _ _ 1 20140625154720 24
000000262013103 00000026 2013 10 07 11 7311 1 13:30 14:30 0070 1 235 0 _ _ 1 20140625154720 24
000000262013103 00000026 2013 10 14 11 7311 1 13:30 14:30 0070 1 235 0 _ _ 1 20140625154720 24
000000262013103 00000026 2013 10 21 11 7311 1 13:30 14:30 0070 1 235 0 _ _ 1 20140625154720 24
000000262013103 00000026 2013 10 28 11 7311 1 13:30 14:30 0070 1 235 0 _ _ 1 20140625154720 24
000000262013111 00000026 2013 11 01 15 1242 1 13:30 16:35 0067 1 529 0 _ _ 1 20140625155136 24
000000262013111 00000026 2013 11 15 15 1242 1 13:30 16:35 0067 1 529 0 _ _ 1 20140625155136 24
000000262013111 00000026 2013 11 22 15 1242 1 13:30 16:35 0067 1 529 0 _ _ 1 20140625155136 24
000000262013112 00000026 2013 11 01 15 5051 1 _ _ 0067 1 42 0 _ _ 1 20140625155136 24
000000262013112 00000026 2013 11 15 15 5051 1 _ _ 0067 1 42 0 _ _ 1 20140625155136 24
000000262013112 00000026 2013 11 22 15 5051 1 _ _ 0067 1 42 0 _ _ 1 20140625155136 24
000000262013113 00000026 2013 11 04 11 7311 1 13:30 14:30 0070 1 235 0 _ _ 1 20140625155136 24
000000262013113 00000026 2013 11 11 11 7311 1 13:30 14:30 0070 1 235 0 _ _ 1 20140625155136 24
000000262013113 00000026 2013 11 18 11 7311 1 13:30 14:30 0070 1 235 0 _ _ 1 20140625155136 24
000000262013113 00000026 2013 11 25 11 7311 1 13:30 14:30 0070 1 235 0 _ _ 1 20140625155136 24
000000262013121 00000026 2013 12 06 15 1242 1 13:30 16:35 0067 1 529 0 _ _ 1 20140625155614 24
000000262013121 00000026 2013 12 13 15 1242 1 13:30 16:35 0067 1 529 0 _ _ 1 20140625155614 24
000000262013122 00000026 2013 12 06 15 5051 1 _ _ 0067 1 42 0 _ _ 1 20140625155614 24
000000262013122 00000026 2013 12 13 15 5051 1 _ _ 0067 1 42 0 _ _ 1 20140625155614 24
000000262013123 00000026 2013 12 02 11 7311 1 13:30 14:30 0070 1 235 0 _ _ 1 20140625155614 24
000000262013123 00000026 2013 12 09 11 7311 1 13:30 14:30 0070 1 235 0 _ _ 1 20140625155614 24
000000262013123 00000026 2013 12 16 11 7311 1 13:30 14:30 0070 1 235 0 _ _ 1 20140625155614 24
000000262013123 00000026 2013 12 23 11 7311 1 13:30 14:30 0070 1 235 0 _ _ 1 20140625155614 24
000000262013123 00000026 2013 12 30 11 7311 1 13:30 14:30 0070 1 235 0 _ _ 1 20140625155614 24
000000262014011 00000026 2014 01 06 11 7311 1 13:30 14:30 0070 1 235 0 _ _ 1 20140724121758 78
000000262014011 00000026 2014 01 13 11 7311 1 13:30 14:30 0070 1 235 0 _ _ 1 20140724121758 78
000000262014011 00000026 2014 01 20 11 7311 1 13:30 14:30 0070 1 235 0 _ _ 1 20140724121758 78
000000262014012 00000026 2014 01 28 11 7311 1 13:30 14:30 0070 1 235 0 _ _ 1 20140724121758 78
000000262014021 00000026 2014 02 10 11 7311 1 13:30 14:30 0070 1 235 0 _ _ 1 20140611135813 24
000000262014021 00000026 2014 02 17 11 7311 1 13:30 14:30 0070 1 235 0 _ _ 1 20140611135813 24
000000262014021 00000026 2014 02 24 11 7311 1 13:30 14:30 0070 1 235 0 _ _ 1 20140611135813 24
000000262014022 00000026 2014 02 07 11 7311 1 14:00 15:00 0070 1 235 0 _ _ 1 20140611135813 24
000000262014023 00000026 2014 02 20 15 1242 1 13:30 16:30 0081 1 529 0 _ _ 1 20140611135813 24
000000262014023 00000026 2014 02 27 15 1242 1 13:30 16:30 0081 1 529 0 _ _ 1 20140611135813 24
000000262014024 00000026 2014 02 20 15 5052 1 _ _ 0081 1 50 0 _ _ 1 20140611135813 24
000000262014024 00000026 2014 02 27 15 5052 1 _ _ 0081 1 50 0 _ _ 1 20140611135813 24
000000262014025 00000026 2014 02 20 15 5606 1 _ _ 0081 1 150 0 _ _ 1 20140611135813 24
000000262014025 00000026 2014 02 27 15 5606 1 _ _ 0081 1 150 0 _ _ 1 20140611135813 24
000000262014031 00000026 2014 03 03 11 7311 1 13:30 14:30 0070 1 235 0 _ _ 1 20140611141438 24
000000262014031 00000026 2014 03 10 11 7311 1 13:30 14:30 0070 1 235 0 _ _ 1 20140611141438 24
000000262014031 00000026 2014 03 17 11 7311 1 13:30 14:30 0070 1 235 0 _ _ 1 20140611141438 24
000000262014031 00000026 2014 03 24 11 7311 1 13:30 14:30 0070 1 235 0 _ _ 1 20140611141438 24
000000262014031 00000026 2014 03 31 11 7311 1 13:30 14:30 0070 1 235 0 _ _ 1 20140611141438 24
000000262014032 00000026 2014 03 13 15 1242 1 13:30 16:30 0081 1 529 0 _ _ 1 20140611141438 24
000000262014032 00000026 2014 03 20 15 1242 1 13:30 16:30 0081 1 529 0 _ _ 1 20140611141438 24
000000262014033 00000026 2014 03 13 15 5052 1 _ _ 0081 1 50 0 _ _ 1 20140611141438 24
000000262014033 00000026 2014 03 20 15 5052 1 _ _ 0081 1 50 0 _ _ 1 20140611141438 24
000000262014034 00000026 2014 03 13 15 5606 1 _ _ 0081 1 150 0 _ _ 1 20140611141438 24
000000262014035 00000026 2014 03 13 15 5051 1 _ _ 0081 1 42 0 _ _ 1 20140611141438 24
000000262014035 00000026 2014 03 20 15 5051 1 _ _ 0081 1 42 0 _ _ 1 20140611141438 24
000000262014041 00000026 2014 04 07 11 7311 1 13:30 14:30 0070 1 236 0 _ _ 1 20140611142159 24
000000262014041 00000026 2014 04 14 11 7311 1 13:30 14:30 0070 1 236 0 _ _ 1 20140611142159 24
000000262014041 00000026 2014 04 21 11 7311 1 13:30 14:30 0070 1 236 0 _ _ 1 20140611142159 24
000000262014041 00000026 2014 04 28 11 7311 1 13:30 14:30 0070 1 236 0 _ _ 1 20140611142159 24
000000262014042 00000026 2014 04 01 17 1007 1 _ _ 0037 1 300 0 _ _ 1 20140611142159 24
000000262014043 00000026 2014 04 10 15 1242 1 13:30 16:30 0081 1 533 0 _ _ 1 20140611142159 24
000000262014043 00000026 2014 04 17 15 1242 1 13:30 16:30 0081 1 533 0 _ _ 1 20140611142159 24
000000262014043 00000026 2014 04 24 15 1242 1 13:30 16:30 0081 1 533 0 _ _ 1 20140611142159 24
000000262014044 00000026 2014 04 10 15 5052 1 _ _ 0081 1 50 0 _ _ 1 20140611142159 24
000000262014044 00000026 2014 04 17 15 5052 1 _ _ 0081 1 50 0 _ _ 1 20140611142159 24
000000262014044 00000026 2014 04 24 15 5052 1 _ _ 0081 1 50 0 _ _ 1 20140611142159 24
000000262014045 00000026 2014 04 10 15 5051 1 _ _ 0081 1 42 0 _ _ 1 20140611142159 24
000000262014045 00000026 2014 04 17 15 5051 1 _ _ 0081 1 42 0 _ _ 1 20140611142159 24
000000262014045 00000026 2014 04 24 15 5051 1 _ _ 0081 1 42 0 _ _ 1 20140611142159 24
000000262014046 00000026 2014 04 10 15 5606 1 _ _ 0081 1 150 0 _ _ 1 20140611142159 24
000000262014046 00000026 2014 04 17 15 5606 1 _ _ 0081 1 150 0 _ _ 1 20140611142159 24
