00000107 2014 06 02 14:00 15:05 11 5111 0070 10.84 0 474 1 20140630143118 00077
00000107 2014 06 05 14:00 14:45 11 1211 0070 10.84 1 404 1 20140630143118 00077
00000107 2014 06 09 14:00 15:05 11 5111 0070 10.84 1 474 1 20140630143118 00077
00000107 2014 06 12 14:00 14:45 11 1211 0070 10.84 1 404 1 20140630143118 00077
00000107 2014 06 16 14:00 15:05 11 5111 0070 10.84 1 474 1 20140630143118 00077
00000107 2014 06 19 14:00 14:45 11 1211 0070 10.84 1 404 1 20140630143118 00077
00000107 2014 06 23 14:00 15:05 11 5111 0070 10.84 1 474 1 20140630143118 00077
00000107 2014 06 26 14:00 14:45 11 1211 0070 10.84 1 404 1 20140630143118 00077
00000118 2014 06 05 14:00 15:29 11 5111 0070 10.84 1 474 1 20140630151225 00077
00000118 2014 06 12 14:00 15:29 11 5111 0070 10.84 1 474 1 20140630151225 00077
00000118 2014 06 19 14:00 15:29 11 5111 0070 10.84 1 474 1 20140630151225 00077
00000118 2014 06 26 14:00 15:29 11 5111 0070 10.84 1 474 1 20140630151225 00077
00000120 2014 06 04 10:15 11:14 61 1111 0073 10.84 1 1226 1 20140630140104 00078
00000120 2014 06 11 10:15 11:14 61 1111 0073 10.84 1 1226 1 20140630140104 00078
00000120 2014 06 18 10:15 11:14 61 1111 0073 10.84 1 1226 1 20140630140104 00078
00000120 2014 06 25 10:15 11:14 61 1111 0073 10.84 1 1226 1 20140630140104 00078
00000134 2014 06 02 13:15 14:00 11 1211 0070 10.84 1 404 1 20140630144216 00077
00000134 2014 06 05 13:15 14:00 11 1211 0070 10.84 1 404 1 20140630144216 00077
00000134 2014 06 09 13:15 14:00 11 1211 0070 10.84 1 404 1 20140630144216 00077
00000134 2014 06 12 13:15 14:00 11 1211 0070 10.84 1 404 1 20140630144216 00077
00000134 2014 06 19 13:15 14:00 11 1211 0070 10.84 1 404 1 20140630144216 00077
00000134 2014 06 23 13:15 14:00 11 1211 0070 10.84 1 404 1 20140630144216 00077
00000135 2014 06 03 13:15 14:00 11 1211 0070 10.84 1 404 1 20140630150951 00077
00000135 2014 06 10 13:15 14:00 11 1211 0070 10.84 1 404 1 20140630150951 00077
00000140 2014 06 01 07:10 07:30 11 1112 0070 10.84 1 319 1 20140630144852 00077
00000140 2014 06 01 20:00 20:20 11 1112 0070 10.84 1 319 1 20140630144852 00077
00000140 2014 06 02 06:40 07:00 11 1112 0070 10.84 1 319 1 20140630144852 00077
00000140 2014 06 02 20:00 20:20 11 1112 0070 10.84 1 319 1 20140630144852 00077
00000140 2014 06 03 06:40 07:00 11 1112 0070 10.84 1 319 1 20140630144852 00077
00000140 2014 06 03 20:00 20:20 11 1112 0070 10.84 1 319 1 20140630144852 00077
00000140 2014 06 04 06:40 07:00 11 1112 0070 10.84 1 319 1 20140630144852 00077
00000140 2014 06 04 14:00 15:05 11 5111 0070 10.84 1 474 1 20140630144852 00077
00000140 2014 06 04 20:00 20:20 11 1112 0070 10.84 1 319 1 20140630144852 00077
00000140 2014 06 05 06:40 07:00 11 1112 0070 10.84 1 319 1 20140630144852 00077
00000140 2014 06 05 20:00 20:20 11 1112 0070 10.84 1 319 1 20140630144852 00077
00000140 2014 06 06 06:40 07:00 11 1112 0070 10.84 1 319 1 20140630144852 00077
00000140 2014 06 06 20:00 20:20 11 1112 0070 10.84 1 319 1 20140630144852 00077
00000140 2014 06 07 06:40 07:00 11 1112 0070 10.84 1 319 1 20140630144852 00077
00000140 2014 06 07 20:20 20:40 11 1112 0070 10.84 1 319 1 20140630144852 00077
00000140 2014 06 08 06:40 07:00 11 1112 0070 10.84 1 319 1 20140630144852 00077
00000140 2014 06 08 20:00 20:20 11 1112 0070 10.84 1 319 1 20140630144852 00077
00000140 2014 06 09 20:00 20:20 11 1112 0070 10.84 1 319 1 20140630144852 00077
00000140 2014 06 10 06:40 07:00 11 1112 0070 10.84 1 319 1 20140630144852 00077
00000140 2014 06 10 20:00 20:20 11 1112 0070 10.84 1 319 1 20140630144852 00077
00000140 2014 06 11 06:40 07:00 11 1112 0070 10.84 1 319 1 20140630144852 00077
00000140 2014 06 11 14:00 15:05 11 5111 0070 10.84 1 474 1 20140630144852 00077
00000140 2014 06 11 20:00 20:20 11 1112 0070 10.84 1 319 1 20140630144852 00077
00000140 2014 06 12 06:40 07:00 11 1112 0070 10.84 1 319 1 20140630144852 00077
00000140 2014 06 12 20:00 20:20 11 1112 0070 10.84 1 319 1 20140630144852 00077
00000140 2014 06 13 20:00 20:20 11 1112 0070 10.84 1 319 1 20140630144852 00077
00000140 2014 06 14 06:40 07:00 11 1112 0070 10.84 1 319 1 20140630144852 00077
00000140 2014 06 14 13:15 14:00 11 1211 0070 10.84 1 404 1 20140630144852 00077
00000140 2014 06 14 20:00 20:20 11 1112 0070 10.84 1 319 1 20140630144852 00077
00000140 2014 06 15 06:40 07:00 11 1112 0070 10.84 1 319 1 20140630144852 00077
00000140 2014 06 15 20:00 20:20 11 1112 0070 10.84 1 319 1 20140630144852 00077
00000140 2014 06 16 06:40 07:00 11 1112 0070 10.84 1 319 1 20140630144852 00077
00000140 2014 06 16 20:00 20:20 11 1112 0070 10.84 1 319 1 20140630144852 00077
00000140 2014 06 17 06:40 07:00 11 1112 0070 10.84 1 319 1 20140630144852 00077
00000140 2014 06 17 20:00 20:20 11 1112 0070 10.84 1 319 1 20140630144852 00077
00000140 2014 06 18 06:40 07:00 11 1112 0070 10.84 1 319 1 20140630144852 00077
00000140 2014 06 18 14:00 15:05 11 5111 0070 10.84 1 474 1 20140630144852 00077
00000140 2014 06 18 20:00 20:20 11 1112 0070 10.84 1 319 1 20140630144852 00077
00000140 2014 06 19 06:40 07:00 11 1112 0070 10.84 1 319 1 20140630144852 00077
00000140 2014 06 19 20:00 20:20 11 1112 0070 10.84 1 319 1 20140630144852 00077
00000140 2014 06 20 06:40 07:00 11 1112 0070 10.84 1 319 1 20140630144852 00077
00000140 2014 06 20 20:00 20:20 11 1112 0070 10.84 1 319 1 20140630144852 00077
00000140 2014 06 21 06:40 07:00 11 1112 0070 10.84 1 319 1 20140630144852 00077
00000140 2014 06 21 14:00 14:45 11 1211 0070 10.84 1 404 1 20140630144852 00077
00000140 2014 06 21 20:20 20:40 11 1112 0070 10.84 1 319 1 20140630144852 00077
00000140 2014 06 22 06:40 07:00 11 1112 0070 10.84 1 319 1 20140630144852 00077
00000140 2014 06 22 20:00 20:20 11 1112 0070 10.84 1 319 1 20140630144852 00077
00000140 2014 06 23 06:30 06:50 11 1112 0070 10.84 1 319 1 20140630144852 00077
00000140 2014 06 23 20:00 20:20 11 1112 0070 10.84 1 319 1 20140630144852 00077
00000140 2014 06 24 06:30 06:50 11 1112 0070 10.84 1 319 1 20140630144852 00077
00000140 2014 06 24 20:00 20:20 11 1112 0070 10.84 1 319 1 20140630144852 00077
00000140 2014 06 25 06:30 06:50 11 1112 0070 10.84 1 319 1 20140630144852 00077
00000140 2014 06 25 14:00 15:05 11 5111 0070 10.84 1 474 1 20140630144852 00077
00000140 2014 06 25 20:00 20:20 11 1112 0070 10.84 1 319 1 20140630144852 00077
00000140 2014 06 26 06:30 06:50 11 1112 0070 10.84 1 319 1 20140630144852 00077
00000140 2014 06 26 20:00 20:20 11 1112 0070 10.84 1 319 1 20140630144852 00077
00000140 2014 06 27 20:00 20:20 11 1112 0070 10.84 1 319 1 20140630144852 00077
00000140 2014 06 28 06:30 06:50 11 1112 0070 10.84 1 319 1 20140630144852 00077
00000140 2014 06 28 14:00 14:45 11 1211 0070 10.84 1 404 1 20140630144852 00077
00000140 2014 06 28 20:00 20:29 11 1112 0070 10.84 1 319 1 20140630144852 00077
00000140 2014 06 29 06:30 06:50 11 1112 0070 10.84 1 319 1 20140630144852 00077
00000141 2014 06 03 14:00 15:05 11 5111 0070 10.84 1 474 1 20140630142250 00077
00000141 2014 06 11 15:30 16:35 11 5111 0070 10.84 1 474 1 20140630142250 00077
00000141 2014 06 14 15:30 16:15 11 1211 0070 10.84 1 404 1 20140630142250 00077
00000141 2014 06 18 15:30 16:35 11 5111 0070 10.84 1 474 1 20140630142250 00077
00000141 2014 06 21 15:30 16:15 11 1211 0070 10.84 1 404 1 20140630142250 00077
00000141 2014 06 25 15:30 16:35 11 5111 0070 10.84 1 474 1 20140630142250 00077
00000141 2014 06 28 15:30 16:15 11 1211 0070 10.84 1 404 1 20140630142250 00077
00000142 2014 06 01 06:40 07:09 11 1112 0070 10.84 1 319 1 20140630142729 00077
00000142 2014 06 01 19:20 19:49 11 1112 0070 10.84 1 319 1 20140630142729 00077
00000142 2014 06 02 06:00 06:20 11 1112 0070 10.84 1 319 1 20140630142729 00077
00000142 2014 06 02 14:45 15:50 11 5111 0070 10.84 1 474 1 20140630142729 00077
00000142 2014 06 02 19:20 19:49 11 1112 0070 10.84 1 319 1 20140630142729 00077
00000142 2014 06 03 07:00 07:29 11 1112 0070 10.84 1 319 1 20140630142729 00077
00000142 2014 06 03 19:20 19:49 11 1112 0070 10.84 1 319 1 20140630142729 00077
00000142 2014 06 04 07:00 07:29 11 1112 0070 10.84 1 319 1 20140630142729 00077
00000142 2014 06 06 19:20 19:49 11 1112 0070 10.84 1 319 1 20140630142729 00077
00000142 2014 06 07 07:00 07:29 11 1112 0070 10.84 1 319 1 20140630142729 00077
00000142 2014 06 07 19:20 19:49 11 1112 0070 10.84 1 319 1 20140630142729 00077
00000142 2014 06 08 06:00 06:20 11 1112 0070 10.84 1 319 1 20140630142729 00077
00000142 2014 06 08 19:20 19:49 11 1112 0070 10.84 1 319 1 20140630142729 00077
00000142 2014 06 09 05:50 06:19 11 1113 0070 10.84 1 383 1 20140630142729 00077
00000142 2014 06 09 14:45 15:50 11 5111 0070 10.84 1 474 1 20140630142729 00077
00000142 2014 06 09 19:20 19:49 11 1112 0070 10.84 1 319 1 20140630142729 00077
00000142 2014 06 10 07:00 07:29 11 1112 0070 10.84 1 319 1 20140630142729 00077
00000142 2014 06 10 19:20 19:49 11 1112 0070 10.84 1 319 1 20140630142729 00077
00000142 2014 06 11 07:00 07:29 11 1112 0070 10.84 1 319 1 20140630142729 00077
00000142 2014 06 11 19:20 19:49 11 1112 0070 10.84 1 319 1 20140630142729 00077
00000142 2014 06 12 07:00 07:29 11 1112 0070 10.84 1 319 1 20140630142729 00077
00000142 2014 06 12 14:45 15:30 11 1211 0070 10.84 1 404 1 20140630142729 00077
00000142 2014 06 12 19:05 19:34 11 1112 0070 10.84 1 319 1 20140630142729 00077
00000142 2014 06 13 07:00 07:29 11 1112 0070 10.84 1 319 1 20140630142729 00077
00000142 2014 06 13 19:20 19:49 11 1112 0070 10.84 1 319 1 20140630142729 00077
00000142 2014 06 14 05:40 06:00 11 1113 0070 10.84 1 383 1 20140630142729 00077
00000142 2014 06 14 19:20 19:49 11 1112 0070 10.84 1 319 1 20140630142729 00077
00000142 2014 06 15 07:00 07:29 11 1112 0070 10.84 1 319 1 20140630142729 00077
00000142 2014 06 15 19:20 19:49 11 1112 0070 10.84 1 319 1 20140630142729 00077
00000142 2014 06 16 06:00 06:20 11 1112 0070 10.84 1 319 1 20140630142729 00077
00000142 2014 06 16 14:45 15:50 11 5111 0070 10.84 1 474 1 20140630142729 00077
00000142 2014 06 16 19:20 19:49 11 1112 0070 10.84 1 319 1 20140630142729 00077
00000142 2014 06 17 05:40 06:00 11 1113 0070 10.84 1 383 1 20140630142729 00077
00000142 2014 06 17 19:20 19:49 11 1112 0070 10.84 1 319 1 20140630142729 00077
00000142 2014 06 18 05:50 06:19 11 1113 0070 10.84 1 383 1 20140630142729 00077
00000142 2014 06 18 19:20 19:49 11 1112 0070 10.84 1 319 1 20140630142729 00077
00000142 2014 06 19 07:00 07:29 11 1112 0070 10.84 1 319 1 20140630142729 00077
00000142 2014 06 19 14:45 15:30 11 1211 0070 10.84 1 404 1 20140630142729 00077
00000142 2014 06 19 19:20 19:49 11 1112 0070 10.84 1 319 1 20140630142729 00077
00000142 2014 06 20 05:00 05:29 11 1113 0070 10.84 1 383 1 20140630142729 00077
00000142 2014 06 20 19:20 19:49 11 1112 0070 10.84 1 319 1 20140630142729 00077
00000142 2014 06 21 06:00 06:20 11 1112 0070 10.84 1 319 1 20140630142729 00077
00000142 2014 06 21 19:20 19:49 11 1112 0070 10.84 1 319 1 20140630142729 00077
00000142 2014 06 22 06:00 06:20 11 1112 0070 10.84 1 319 1 20140630142729 00077
00000142 2014 06 22 19:20 19:49 11 1112 0070 10.84 1 319 1 20140630142729 00077
00000142 2014 06 23 06:00 06:29 11 1112 0070 10.84 1 319 1 20140630142729 00077
00000142 2014 06 23 14:45 15:50 11 5111 0070 10.84 1 474 1 20140630142729 00077
00000142 2014 06 23 19:20 19:49 11 1112 0070 10.84 1 319 1 20140630142729 00077
00000142 2014 06 24 06:00 06:29 11 1112 0070 10.84 1 319 1 20140630142729 00077
00000142 2014 06 24 19:20 19:49 11 1112 0070 10.84 1 319 1 20140630142729 00077
00000142 2014 06 25 06:00 06:29 11 1112 0070 10.84 1 319 1 20140630142729 00077
00000142 2014 06 25 19:20 19:49 11 1112 0070 10.84 1 319 1 20140630142729 00077
00000142 2014 06 26 06:00 06:29 11 1112 0070 10.84 1 319 1 20140630142729 00077
00000142 2014 06 26 14:45 15:30 11 1211 0070 10.84 1 404 1 20140630142729 00077
00000142 2014 06 26 19:30 19:59 11 1112 0070 10.84 1 319 1 20140630142729 00077
00000142 2014 06 27 06:00 06:29 11 1112 0070 10.84 1 319 1 20140630142729 00077
00000142 2014 06 27 19:20 19:40 11 1112 0070 10.84 1 319 1 20140630142729 00077
00000142 2014 06 28 06:00 06:29 11 1112 0070 10.84 1 319 1 20140630142729 00077
00000142 2014 06 28 19:20 19:49 11 1112 0070 10.84 1 319 1 20140630142729 00077
00000142 2014 06 29 06:00 06:29 11 1112 0070 10.84 1 319 1 20140630142729 00077
00000143 2014 06 01 06:20 06:40 11 1112 0070 10.84 1 319 1 20140630150052 00077
00000143 2014 06 01 19:20 19:40 11 1112 0070 10.84 1 319 1 20140630150052 00077
00000143 2014 06 02 06:20 06:40 11 1112 0070 10.84 1 319 1 20140630150052 00077
00000143 2014 06 02 19:20 19:40 11 1112 0070 10.84 1 319 1 20140630150052 00077
00000143 2014 06 03 06:20 06:40 11 1112 0070 10.84 1 319 1 20140630150052 00077
00000143 2014 06 03 19:20 19:40 11 1112 0070 10.84 1 319 1 20140630150052 00077
00000143 2014 06 04 06:20 06:40 11 1112 0070 10.84 1 319 1 20140630150052 00077
00000143 2014 06 04 14:45 15:50 11 5111 0070 10.84 1 474 1 20140630150052 00077
00000143 2014 06 04 19:20 19:40 11 1112 0070 10.84 1 319 1 20140630150052 00077
00000143 2014 06 05 06:20 06:40 11 1112 0070 10.84 1 319 1 20140630150052 00077
00000143 2014 06 05 19:20 19:40 11 1112 0070 10.84 1 319 1 20140630150052 00077
00000143 2014 06 06 06:20 06:40 11 1112 0070 10.84 1 319 1 20140630150052 00077
00000143 2014 06 06 19:20 19:40 11 1112 0070 10.84 1 319 1 20140630150052 00077
00000143 2014 06 07 06:20 06:40 11 1112 0070 10.84 1 319 1 20140630150052 00077
00000143 2014 06 07 14:45 15:30 11 1211 0070 10.84 1 404 1 20140630150052 00077
00000143 2014 06 07 19:20 19:40 11 1112 0070 10.84 1 319 1 20140630150052 00077
00000143 2014 06 08 06:20 06:40 11 1112 0070 10.84 1 319 1 20140630150052 00077
00000143 2014 06 08 19:20 19:40 11 1112 0070 10.84 1 319 1 20140630150052 00077
00000143 2014 06 09 06:20 06:40 11 1112 0070 10.84 1 319 1 20140630150052 00077
00000143 2014 06 09 19:20 19:40 11 1112 0070 10.84 1 319 1 20140630150052 00077
00000143 2014 06 10 06:20 06:40 11 1112 0070 10.84 1 319 1 20140630150052 00077
00000143 2014 06 10 19:20 19:40 11 1112 0070 10.84 1 319 1 20140630150052 00077
00000143 2014 06 11 06:20 06:40 11 1112 0070 10.84 1 319 1 20140630150052 00077
00000143 2014 06 11 14:45 15:50 11 5111 0070 10.84 1 474 1 20140630150052 00077
00000143 2014 06 11 19:20 19:40 11 1112 0070 10.84 1 319 1 20140630150052 00077
00000143 2014 06 12 06:20 06:40 11 1112 0070 10.84 1 319 1 20140630150052 00077
00000143 2014 06 12 19:20 19:40 11 1112 0070 10.84 1 319 1 20140630150052 00077
00000143 2014 06 13 06:20 06:40 11 1112 0070 10.84 1 319 1 20140630150052 00077
00000143 2014 06 13 19:20 19:40 11 1112 0070 10.84 1 319 1 20140630150052 00077
00000143 2014 06 14 06:20 06:40 11 1112 0070 10.84 1 319 1 20140630150052 00077
00000143 2014 06 14 14:45 15:30 11 1211 0070 10.84 1 404 1 20140630150052 00077
00000143 2014 06 14 19:20 19:40 11 1112 0070 10.84 1 319 1 20140630150052 00077
00000143 2014 06 15 06:20 06:40 11 1112 0070 10.84 1 319 1 20140630150052 00077
00000143 2014 06 15 19:20 19:40 11 1112 0070 10.84 1 319 1 20140630150052 00077
00000143 2014 06 16 06:20 06:40 11 1112 0070 10.84 1 319 1 20140630150052 00077
00000143 2014 06 16 19:20 19:40 11 1112 0070 10.84 1 319 1 20140630150052 00077
00000143 2014 06 17 06:20 06:40 11 1112 0070 10.84 1 319 1 20140630150052 00077
00000143 2014 06 17 19:20 19:40 11 1112 0070 10.84 1 319 1 20140630150052 00077
00000143 2014 06 18 06:20 06:40 11 1112 0070 10.84 1 319 1 20140630150052 00077
00000143 2014 06 18 14:45 15:50 11 5111 0070 10.84 1 474 1 20140630150052 00077
00000143 2014 06 18 19:20 19:40 11 1112 0070 10.84 1 319 1 20140630150052 00077
00000143 2014 06 19 06:20 06:40 11 1112 0070 10.84 1 319 1 20140630150052 00077
00000143 2014 06 19 19:20 19:40 11 1112 0070 10.84 1 319 1 20140630150052 00077
00000143 2014 06 20 06:20 06:40 11 1112 0070 10.84 1 319 1 20140630150052 00077
00000143 2014 06 20 19:20 19:40 11 1112 0070 10.84 1 319 1 20140630150052 00077
00000143 2014 06 21 06:20 06:40 11 1112 0070 10.84 1 319 1 20140630150052 00077
00000143 2014 06 21 14:45 15:30 11 1211 0070 10.84 1 404 1 20140630150052 00077
00000143 2014 06 21 19:20 19:40 11 1112 0070 10.84 1 319 1 20140630150052 00077
00000143 2014 06 22 06:20 06:40 11 1112 0070 10.84 1 319 1 20140630150052 00077
00000143 2014 06 22 19:20 19:40 11 1112 0070 10.84 1 319 1 20140630150052 00077
00000143 2014 06 23 06:50 07:10 11 1112 0070 10.84 1 319 1 20140630150052 00077
00000143 2014 06 23 19:20 19:40 11 1112 0070 10.84 1 319 1 20140630150052 00077
00000143 2014 06 24 06:50 07:10 11 1112 0070 10.84 1 319 1 20140630150052 00077
00000143 2014 06 24 19:20 19:40 11 1112 0070 10.84 1 319 1 20140630150052 00077
00000143 2014 06 25 06:50 07:10 11 1112 0070 10.84 1 319 1 20140630150052 00077
00000143 2014 06 25 14:45 15:50 11 5111 0070 10.84 1 474 1 20140630150052 00077
00000143 2014 06 25 19:20 19:40 11 1112 0070 10.84 1 319 1 20140630150052 00077
00000143 2014 06 26 06:50 07:10 11 1112 0070 10.84 1 319 1 20140630150052 00077
00000143 2014 06 26 19:20 19:40 11 1112 0070 10.84 1 319 1 20140630150052 00077
00000143 2014 06 27 06:50 07:10 11 1112 0070 10.84 1 319 1 20140630150052 00077
00000143 2014 06 27 19:20 19:40 11 1112 0070 10.84 1 319 1 20140630150052 00077
00000143 2014 06 28 06:50 07:10 11 1112 0070 10.84 1 319 1 20140630150052 00077
00000143 2014 06 28 14:45 15:30 11 1211 0070 10.84 1 404 1 20140630150052 00077
00000143 2014 06 28 19:20 19:40 11 1112 0070 10.84 1 319 1 20140630150052 00077
00000143 2014 06 29 06:50 07:10 11 1112 0070 10.84 1 319 1 20140630150052 00077
00000144 2014 06 01 07:50 08:05 11 4846 0070 10.84 1 214 1 20140630140926 00077
00000144 2014 06 01 18:45 19:00 11 4846 0070 10.84 1 214 1 20140630140926 00077
00000144 2014 06 02 07:50 08:05 11 4846 0070 10.84 1 214 1 20140630140926 00077
00000144 2014 06 02 15:30 16:35 11 5111 0070 10.84 1 474 1 20140630140926 00077
00000144 2014 06 02 18:45 19:00 11 4846 0070 10.84 1 214 1 20140630140926 00077
00000144 2014 06 03 07:50 08:05 11 4846 0070 10.84 1 214 1 20140630140926 00077
00000144 2014 06 03 18:45 19:00 11 4846 0070 10.84 1 214 1 20140630140926 00077
00000144 2014 06 04 07:50 08:05 11 4846 0070 10.84 1 214 1 20140630140926 00077
00000144 2014 06 04 18:45 19:00 11 4846 0070 10.84 1 214 1 20140630140926 00077
00000144 2014 06 05 07:50 08:05 11 4846 0070 10.84 1 214 1 20140630140926 00077
00000144 2014 06 05 15:30 16:15 11 1211 0070 10.84 1 404 1 20140630140926 00077
00000144 2014 06 06 07:50 08:05 11 4846 0070 10.84 1 214 1 20140630140926 00077
00000144 2014 06 06 18:45 19:00 11 4846 0070 10.84 1 214 1 20140630140926 00077
00000144 2014 06 07 07:50 08:05 11 4846 0070 10.84 1 214 1 20140630140926 00077
00000144 2014 06 07 18:45 19:00 11 4846 0070 10.84 1 214 1 20140630140926 00077
00000144 2014 06 08 07:50 08:05 11 4846 0070 10.84 1 214 1 20140630140926 00077
00000144 2014 06 08 18:45 19:00 11 4846 0070 10.84 1 214 1 20140630140926 00077
00000144 2014 06 09 07:50 08:05 11 4846 0070 10.84 1 214 1 20140630140926 00077
00000144 2014 06 09 15:30 16:35 11 5111 0070 10.84 1 474 1 20140630140926 00077
00000144 2014 06 09 18:45 19:00 11 4846 0070 10.84 1 214 1 20140630140926 00077
00000144 2014 06 10 07:50 08:05 11 4846 0070 10.84 1 214 1 20140630140926 00077
00000144 2014 06 10 18:45 19:00 11 4846 0070 10.84 1 214 1 20140630140926 00077
00000144 2014 06 11 07:50 08:05 11 4846 0070 10.84 1 214 1 20140630140926 00077
00000144 2014 06 11 18:45 19:00 11 4846 0070 10.84 1 214 1 20140630140926 00077
00000144 2014 06 12 07:50 08:05 11 4846 0070 10.84 1 214 1 20140630140926 00077
00000144 2014 06 12 18:25 18:40 11 4846 0070 10.84 1 214 1 20140630140926 00077
00000144 2014 06 13 07:50 08:05 11 4846 0070 10.84 1 214 1 20140630140926 00077
00000144 2014 06 13 18:45 19:00 11 4846 0070 10.84 1 214 1 20140630140926 00077
00000144 2014 06 14 07:50 08:05 11 4846 0070 10.84 1 214 1 20140630140926 00077
00000144 2014 06 14 18:45 19:00 11 4846 0070 10.84 1 214 1 20140630140926 00077
00000144 2014 06 15 07:50 08:05 11 4846 0070 10.84 1 214 1 20140630140926 00077
00000144 2014 06 16 07:50 08:05 11 4846 0070 10.84 1 214 1 20140630140926 00077
00000144 2014 06 16 15:30 16:35 11 5111 0070 10.84 1 474 1 20140630140926 00077
00000144 2014 06 16 18:45 19:00 11 4846 0070 10.84 1 214 1 20140630140926 00077
00000144 2014 06 17 07:50 08:05 11 4846 0070 10.84 1 214 1 20140630140926 00077
00000144 2014 06 17 18:45 19:00 11 4846 0070 10.84 1 214 1 20140630140926 00077
00000144 2014 06 18 07:50 08:05 11 4846 0070 10.84 1 214 1 20140630140926 00077
00000144 2014 06 18 18:45 19:00 11 4846 0070 10.84 1 214 1 20140630140926 00077
00000144 2014 06 19 07:50 08:05 11 4846 0070 10.84 1 214 1 20140630140926 00077
00000144 2014 06 19 15:30 16:15 11 1211 0070 10.84 1 404 1 20140630140926 00077
00000144 2014 06 19 18:45 19:00 11 4846 0070 10.84 1 214 1 20140630140926 00077
00000144 2014 06 20 07:50 08:05 11 4846 0070 10.84 1 214 1 20140630140926 00077
00000144 2014 06 20 18:45 19:00 11 4846 0070 10.84 1 214 1 20140630140926 00077
00000144 2014 06 21 07:50 08:05 11 4846 0070 10.84 1 214 1 20140630140926 00077
00000144 2014 06 21 18:45 19:00 11 4846 0070 10.84 1 214 1 20140630140926 00077
00000144 2014 06 22 07:50 08:05 11 4846 0070 10.84 1 214 1 20140630140926 00077
00000144 2014 06 22 18:45 19:00 11 4846 0070 10.84 1 214 1 20140630140926 00077
00000144 2014 06 23 15:30 16:35 11 5111 0070 10.84 1 474 1 20140630140926 00077
00000144 2014 06 23 18:45 19:00 11 4846 0070 10.84 1 214 1 20140630140926 00077
00000144 2014 06 24 07:50 08:05 11 4846 0070 10.84 1 214 1 20140630140926 00077
00000144 2014 06 24 18:45 19:00 11 4846 0070 10.84 1 214 1 20140630140926 00077
00000144 2014 06 25 07:50 08:05 11 4846 0070 10.84 1 214 1 20140630140926 00077
00000144 2014 06 25 18:45 19:00 11 4846 0070 10.84 1 214 1 20140630140926 00077
00000144 2014 06 26 07:50 08:05 11 4846 0070 10.84 1 214 1 20140630140926 00077
00000144 2014 06 26 15:30 16:15 11 1211 0070 10.84 1 404 1 20140630140926 00077
00000144 2014 06 26 18:45 19:00 11 4846 0070 10.84 1 214 1 20140630140926 00077
00000144 2014 06 27 07:50 08:05 11 4846 0070 10.84 1 214 1 20140630140926 00077
00000144 2014 06 27 18:45 19:00 11 4846 0070 10.84 1 214 1 20140630140926 00077
00000144 2014 06 28 07:50 08:05 11 4846 0070 10.84 1 214 1 20140630140926 00077
00000144 2014 06 28 18:45 19:00 11 4846 0070 10.84 1 214 1 20140630140926 00077
00000144 2014 06 29 07:50 08:05 11 4846 0070 10.84 1 214 1 20140630140926 00077
00000146 2014 06 01 07:30 07:50 11 1112 0070 10.84 1 319 1 20140630141354 00077
00000146 2014 06 01 19:00 19:20 11 1112 0070 10.84 1 319 1 20140630141354 00077
00000146 2014 06 02 07:30 07:50 11 1112 0070 10.84 1 319 1 20140630141354 00077
00000146 2014 06 02 19:00 19:20 11 1112 0070 10.84 1 319 1 20140630141354 00077
00000146 2014 06 03 07:30 07:50 11 1112 0070 10.84 1 319 1 20140630141354 00077
00000146 2014 06 03 14:45 16:05 11 5111 0070 10.84 1 474 1 20140630141354 00077
00000146 2014 06 03 19:00 19:20 11 1112 0070 10.84 1 319 1 20140630141354 00077
00000146 2014 06 04 07:30 07:50 11 1112 0070 10.84 1 319 1 20140630141354 00077
00000146 2014 06 04 19:00 19:20 11 1112 0070 10.84 1 319 1 20140630141354 00077
00000146 2014 06 05 07:30 07:50 11 1112 0070 10.84 1 319 1 20140630141354 00077
00000146 2014 06 05 19:00 19:20 11 1112 0070 10.84 1 319 1 20140630141354 00077
00000146 2014 06 06 07:30 07:50 11 1112 0070 10.84 1 319 1 20140630141354 00077
00000146 2014 06 06 14:45 15:44 11 1211 0070 10.84 1 404 1 20140630141354 00077
00000146 2014 06 06 19:00 19:20 11 1112 0070 10.84 1 319 1 20140630141354 00077
00000146 2014 06 07 07:30 07:50 11 1112 0070 10.84 1 319 1 20140630141354 00077
00000146 2014 06 07 20:00 20:20 11 1112 0070 10.84 1 319 1 20140630141354 00077
00000146 2014 06 08 07:30 07:50 11 1112 0070 10.84 1 319 1 20140630141354 00077
00000146 2014 06 08 19:00 19:20 11 1112 0070 10.84 1 319 1 20140630141354 00077
00000146 2014 06 09 07:30 07:50 11 1112 0070 10.84 1 319 1 20140630141354 00077
00000146 2014 06 09 19:00 19:20 11 1112 0070 10.84 1 319 1 20140630141354 00077
00000146 2014 06 10 07:30 07:50 11 1112 0070 10.84 1 319 1 20140630141354 00077
00000146 2014 06 10 14:45 16:05 11 5111 0070 10.84 1 474 1 20140630141354 00077
00000146 2014 06 10 19:00 19:20 11 1112 0070 10.84 1 319 1 20140630141354 00077
00000146 2014 06 11 07:30 07:50 11 1112 0070 10.84 1 319 1 20140630141354 00077
00000146 2014 06 11 19:00 19:20 11 1112 0070 10.84 1 319 1 20140630141354 00077
00000146 2014 06 12 07:30 07:50 11 1112 0070 10.84 1 319 1 20140630141354 00077
00000146 2014 06 12 18:45 19:05 11 1112 0070 10.84 1 319 1 20140630141354 00077
00000146 2014 06 13 07:30 07:50 11 1112 0070 10.84 1 319 1 20140630141354 00077
00000146 2014 06 13 14:45 15:44 11 1211 0070 10.84 1 404 1 20140630141354 00077
00000146 2014 06 13 19:00 19:20 11 1112 0070 10.84 1 319 1 20140630141354 00077
00000146 2014 06 14 07:30 07:50 11 1112 0070 10.84 1 319 1 20140630141354 00077
00000146 2014 06 14 19:00 19:20 11 1112 0070 10.84 1 319 1 20140630141354 00077
00000146 2014 06 15 07:30 07:50 11 1112 0070 10.84 1 319 1 20140630141354 00077
00000146 2014 06 15 19:00 19:20 11 1112 0070 10.84 1 319 1 20140630141354 00077
00000146 2014 06 16 07:30 07:50 11 1112 0070 10.84 1 319 1 20140630141354 00077
00000146 2014 06 16 19:00 19:20 11 1112 0070 10.84 1 319 1 20140630141354 00077
00000146 2014 06 17 07:30 07:50 11 1112 0070 10.84 1 319 1 20140630141354 00077
00000146 2014 06 17 14:45 16:05 11 5111 0070 10.84 1 474 1 20140630141354 00077
00000146 2014 06 17 19:00 19:20 11 1112 0070 10.84 1 319 1 20140630141354 00077
00000146 2014 06 18 07:30 07:50 11 1112 0070 10.84 1 319 1 20140630141354 00077
00000146 2014 06 18 19:00 19:20 11 1112 0070 10.84 1 319 1 20140630141354 00077
00000146 2014 06 19 07:30 07:50 11 1112 0070 10.84 1 319 1 20140630141354 00077
00000146 2014 06 19 19:00 19:20 11 1112 0070 10.84 1 319 1 20140630141354 00077
00000146 2014 06 20 07:30 07:50 11 1112 0070 10.84 1 319 1 20140630141354 00077
00000146 2014 06 20 14:45 15:44 11 1211 0070 10.84 1 404 1 20140630141354 00077
00000146 2014 06 20 19:00 19:20 11 1112 0070 10.84 1 319 1 20140630141354 00077
00000146 2014 06 21 07:30 07:50 11 1112 0070 10.84 1 319 1 20140630141354 00077
00000146 2014 06 21 20:00 20:20 11 1112 0070 10.84 1 319 1 20140630141354 00077
00000146 2014 06 22 07:30 07:50 11 1112 0070 10.84 1 319 1 20140630141354 00077
00000146 2014 06 22 19:00 19:20 11 1112 0070 10.84 1 319 1 20140630141354 00077
00000146 2014 06 23 07:30 07:50 11 1112 0070 10.84 1 319 1 20140630141354 00077
00000146 2014 06 23 19:00 19:20 11 1112 0070 10.84 1 319 1 20140630141354 00077
00000146 2014 06 24 07:30 07:50 11 1112 0070 10.84 1 319 1 20140630141354 00077
00000146 2014 06 24 14:45 16:05 11 5111 0070 10.84 1 474 1 20140630141354 00077
00000146 2014 06 24 19:00 19:20 11 1112 0070 10.84 1 319 1 20140630141354 00077
00000146 2014 06 25 07:30 07:50 11 1112 0070 10.84 1 319 1 20140630141354 00077
00000146 2014 06 25 19:00 19:20 11 1112 0070 10.84 1 319 1 20140630141354 00077
00000146 2014 06 26 07:30 07:50 11 1112 0070 10.84 1 319 1 20140630141354 00077
00000146 2014 06 26 19:00 19:20 11 1112 0070 10.84 1 319 1 20140630141354 00077
00000146 2014 06 27 07:30 07:50 11 1112 0070 10.84 1 319 1 20140630141354 00077
00000146 2014 06 27 14:45 15:44 11 1211 0070 10.84 1 404 1 20140630141354 00077
00000146 2014 06 27 19:00 19:20 11 1112 0070 10.84 1 319 1 20140630141354 00077
00000146 2014 06 28 07:30 07:50 11 1112 0070 10.84 1 319 1 20140630141354 00077
00000146 2014 06 28 19:00 19:20 11 1112 0070 10.84 1 319 1 20140630141354 00077
00000146 2014 06 29 07:30 07:50 11 1112 0070 10.84 1 319 1 20140630141354 00077
00000147 2014 06 10 14:00 15:05 11 5111 0070 10.84 1 474 1 20140630151512 00077
00000147 2014 06 13 14:00 14:45 11 1211 0070 10.84 1 404 1 20140630151512 00077
00000147 2014 06 17 14:00 15:05 11 5111 0070 10.84 1 474 1 20140630151512 00077
00000147 2014 06 20 14:00 14:45 11 1211 0070 10.84 1 404 1 20140630151512 00077
00000147 2014 06 24 14:00 15:05 11 5111 0070 10.84 1 474 1 20140630151512 00077
00000147 2014 06 27 14:00 14:45 11 1211 0070 10.84 1 404 1 20140630151512 00077
00000150 2014 06 03 14:00 14:59 61 1211 0073 10.84 1 2452 1 20140630145813 00078
00000150 2014 06 10 14:00 14:59 61 1211 0073 10.84 1 2452 1 20140630145813 00078
00000150 2014 06 13 14:00 14:59 61 1211 0073 10.84 1 2452 1 20140630145813 00078
00000150 2014 06 17 14:00 14:59 61 1211 0073 10.84 1 2452 1 20140630145813 00078
00000150 2014 06 20 14:00 14:59 61 1211 0073 10.84 1 2452 1 20140630145813 00078
00000150 2014 06 24 14:00 14:59 61 1211 0073 10.84 1 2452 1 20140630145813 00078
00000150 2014 06 27 14:00 15:59 61 1211 0073 10.84 1 2452 1 20140630145813 00078
00000153 2014 06 03 15:30 16:29 11 1211 0070 10.84 1 404 1 20140630150501 00077
00000153 2014 06 05 15:45 17:14 11 5111 0070 10.84 1 474 1 20140630150501 00077
00000153 2014 06 07 16:30 17:29 11 1211 0070 10.84 1 404 1 20140630150501 00077
00000153 2014 06 10 15:30 16:29 11 1211 0070 10.84 1 404 1 20140630150501 00077
00000153 2014 06 12 15:50 17:14 11 5111 0070 10.84 1 474 1 20140630150501 00077
00000153 2014 06 14 16:30 17:29 11 1211 0070 10.84 1 404 1 20140630150501 00077
00000153 2014 06 17 15:30 16:29 11 1211 0070 10.84 1 404 1 20140630150501 00077
00000153 2014 06 19 15:45 17:14 11 5111 0070 10.84 1 474 1 20140630150501 00077
00000153 2014 06 21 16:30 17:29 11 1211 0070 10.84 1 404 1 20140630150501 00077
00000153 2014 06 24 15:30 16:29 11 1211 0070 10.84 1 404 1 20140630150501 00077
00000153 2014 06 26 15:45 17:14 11 5111 0070 10.84 1 474 1 20140630150501 00077
00000153 2014 06 28 16:30 17:29 11 1211 0070 10.84 1 404 1 20140630150501 00077
00000161 2014 06 03 15:15 16:14 61 1211 0073 10.84 1 2452 1 20140630145002 00078
00000161 2014 06 07 14:00 14:59 61 1211 0073 10.84 1 2452 1 20140630145002 00078
00000161 2014 06 10 15:15 16:14 61 1211 0073 10.84 1 2452 1 20140630145002 00078
00000161 2014 06 14 14:00 14:59 61 1211 0073 10.84 1 2452 1 20140630145002 00078
00000161 2014 06 17 15:15 16:14 61 1211 0073 10.84 1 2452 1 20140630145002 00078
00000161 2014 06 21 14:00 14:59 61 1211 0073 10.84 1 2452 1 20140630145002 00078
00000161 2014 06 24 15:15 16:14 61 1211 0073 10.84 1 2452 1 20140630145002 00078
00000161 2014 06 28 14:00 14:59 61 1211 0073 10.84 1 2452 1 20140630145002 00078
00000165 2014 06 05 15:45 16:44 11 7311 0070 10.84 1 236 1 20140630135001 00077
00000165 2014 06 12 15:58 16:44 11 7311 0070 10.84 1 236 1 20140630135001 00077
00000165 2014 06 19 15:45 16:44 11 7311 0070 10.84 1 236 1 20140630135001 00077
00000165 2014 06 26 15:45 16:44 11 7311 0070 10.84 1 236 1 20140630135001 00077
00000571 2014 06 05 11:00 12:00 61 1111 0073 10.84 1 1226 1 20140701110814 00078
00000584 2014 06 02 13:00 14:00 11 4111 0070 10.84 1 325 1 20140627210517 00078
00000584 2014 06 03 13:00 14:00 11 4111 0070 10.84 1 325 1 20140627210517 00078
00000584 2014 06 04 13:00 14:00 11 4111 0070 10.84 1 325 1 20140627210517 00078
00000584 2014 06 05 13:00 14:00 11 4111 0070 10.84 1 325 1 20140627210517 00078
00000584 2014 06 06 13:00 14:00 11 4111 0070 10.84 1 325 1 20140627210517 00078
00000584 2014 06 09 13:00 14:00 11 4111 0070 10.84 1 325 1 20140627210517 00078
00000584 2014 06 10 13:00 14:00 11 4111 0070 10.84 1 325 1 20140627210517 00078
00000584 2014 06 11 13:00 14:00 11 4111 0070 10.84 1 325 1 20140627210517 00078
00000584 2014 06 12 13:00 14:00 11 4111 0070 10.84 1 325 1 20140627210517 00078
00000584 2014 06 13 13:00 14:00 11 4111 0070 10.84 1 325 1 20140627210517 00078
00000584 2014 06 16 13:00 14:00 11 4111 0070 10.84 1 325 1 20140627210517 00078
00000584 2014 06 17 13:00 14:00 11 4111 0070 10.84 1 325 1 20140627210517 00078
00000584 2014 06 18 13:00 14:00 11 4111 0070 10.84 1 325 1 20140627210517 00078
00000584 2014 06 19 13:00 14:00 11 4111 0070 10.84 1 325 1 20140627210517 00078
00000584 2014 06 20 13:00 14:00 11 4111 0070 10.84 1 325 1 20140627210517 00078
00000584 2014 06 23 13:00 14:00 11 4111 0070 10.84 1 325 1 20140627210517 00078
00000584 2014 06 24 13:00 14:00 11 4111 0070 10.84 1 325 1 20140627210517 00078
00000584 2014 06 25 13:00 14:00 11 4111 0070 10.84 1 325 1 20140627210517 00078
00000584 2014 06 26 13:00 14:00 11 4111 0070 10.84 1 325 1 20140627210517 00078
00000584 2014 06 27 13:00 14:00 11 4111 0070 10.84 1 325 1 20140627210517 00078
00000584 2014 06 30 13:00 14:00 11 4111 0070 10.84 1 325 1 20140627210517 00078
00000585 2014 06 01 10:00 12:00 61 2111 0073 10.84 1 40 1 20140721183139 00078
00000585 2014 06 02 10:00 12:00 61 2111 0073 10.84 1 40 1 20140721183139 00078
00000585 2014 06 03 10:00 12:00 61 2111 0073 10.84 1 40 1 20140721183139 00078
00000585 2014 06 04 10:00 12:00 61 2111 0073 10.84 1 40 1 20140721183139 00078
00000585 2014 06 05 10:00 12:00 61 2111 0073 10.84 1 40 1 20140721183139 00078
00000585 2014 06 06 10:00 12:00 61 2111 0073 10.84 1 40 1 20140721183139 00078
00000585 2014 06 07 10:00 12:00 61 2111 0073 10.84 1 40 1 20140721183139 00078
00000585 2014 06 08 10:00 12:00 61 2111 0073 10.84 1 40 1 20140721183139 00078
00000585 2014 06 09 10:00 12:00 61 2111 0073 10.84 1 40 1 20140721183139 00078
00000585 2014 06 10 10:00 12:00 61 2111 0073 10.84 1 40 1 20140721183139 00078
00000585 2014 06 11 10:00 12:00 61 2111 0073 10.84 1 40 1 20140721183139 00078
00000585 2014 06 12 10:00 12:00 61 2111 0073 10.84 1 40 1 20140721183139 00078
00000585 2014 06 13 10:00 12:00 61 2111 0073 10.84 1 40 1 20140721183139 00078
00000585 2014 06 14 10:00 12:00 61 2111 0073 10.84 1 40 1 20140721183139 00078
00000585 2014 06 15 10:00 12:00 61 2111 0073 10.84 1 40 1 20140721183139 00078
00000585 2014 06 16 10:00 12:00 61 2111 0073 10.84 1 40 1 20140721183139 00078
00000585 2014 06 17 15:00 16:00 11 1311 0070 10.84 1 587 1 20140721183205 00078
00000585 2014 06 18 15:00 16:00 11 1311 0070 10.84 1 587 1 20140721183205 00078
00000585 2014 06 19 15:00 16:00 11 1311 0070 10.84 1 587 1 20140721183205 00078
00000585 2014 06 20 15:00 16:00 11 1311 0070 10.84 1 587 1 20140721183205 00078
00000585 2014 06 21 15:00 16:00 11 1311 0070 10.84 1 587 1 20140721183205 00078
00000585 2014 06 22 15:00 16:00 11 1311 0070 10.84 1 587 1 20140721183205 00078
00000585 2014 06 23 15:00 16:00 11 1311 0070 10.84 1 587 1 20140721183205 00078
00000585 2014 06 24 15:00 16:00 11 1311 0070 10.84 1 587 1 20140721183205 00078
00000585 2014 06 25 15:00 16:00 11 1311 0070 10.84 1 587 1 20140721183205 00078
00000585 2014 06 26 15:00 16:00 11 1311 0070 10.84 1 587 1 20140721183205 00078
00000585 2014 06 27 15:00 16:00 11 1311 0070 10.84 1 587 1 20140721183205 00078
00000585 2014 06 28 15:00 16:00 11 1311 0070 10.84 1 587 1 20140721183205 00078
00000585 2014 06 29 15:00 16:00 11 1311 0070 10.84 1 587 1 20140721183205 00078
00000585 2014 06 30 15:00 16:00 11 1311 0070 10.84 1 587 1 20140721183205 00078
00000586 2014 06 01 12:00 13:00 11 5111 0070 10.84 1 474 1 20140714175643 00078
00000586 2014 06 08 12:00 13:00 11 5111 0070 10.84 1 474 1 20140714175643 00078
00000586 2014 06 15 12:00 13:00 11 5111 0070 10.84 1 474 1 20140714175643 00078
00000586 2014 06 22 12:00 13:00 61 2111 0073 10.84 1 40 1 20140714175725 00078
00000586 2014 06 29 12:00 13:00 61 2111 0073 10.84 1 40 1 20140714175725 00078
