000002052014021 00000205 2014 02 12 61 1321 1 14:20 15:50 0107 1 3870 0 _ _ 1 20140619160444 78
000002052014021 00000205 2014 02 13 61 1321 1 14:20 15:50 0107 1 3870 0 _ _ 1 20140619160444 78
000002052014021 00000205 2014 02 14 61 1321 1 14:20 15:50 0107 1 3870 0 _ _ 1 20140619160444 78
000002052014021 00000205 2014 02 18 61 1321 1 14:20 15:50 0107 1 3870 0 _ _ 1 20140619160444 78
000002052014021 00000205 2014 02 20 61 1321 1 14:20 15:50 0107 1 3870 0 _ _ 1 20140619160444 78
000002052014021 00000205 2014 02 21 61 1321 1 14:20 15:50 0107 1 3870 0 _ _ 1 20140619160444 78
000002052014021 00000205 2014 02 25 61 1321 1 14:20 15:50 0107 1 3870 0 _ _ 1 20140619160444 78
000002052014021 00000205 2014 02 27 61 1321 1 14:20 15:50 0107 1 3870 0 _ _ 1 20140619160444 78
000002052014021 00000205 2014 02 28 61 1321 1 14:20 15:50 0107 1 3870 0 _ _ 1 20140619160444 78
000002052014022 00000205 2014 02 12 61 4001 1 14:20 15:50 0107 1 200 0 _ _ 1 20140619160444 78
000002052014023 00000205 2014 02 01 67 1007 1 _ _ 0237 1 300 0 _ _ 1 20140619160444 78
000002052014031 00000205 2014 03 04 61 1321 1 14:20 15:50 0107 1 3870 0 _ _ 1 20140618192751 78
000002052014031 00000205 2014 03 06 61 1321 1 14:20 15:50 0107 1 3870 0 _ _ 1 20140618192751 78
000002052014031 00000205 2014 03 07 61 1321 1 14:20 15:50 0107 1 3870 0 _ _ 1 20140618192751 78
000002052014031 00000205 2014 03 11 61 1321 1 14:20 15:50 0107 1 3870 0 _ _ 1 20140618192751 78
000002052014031 00000205 2014 03 13 61 1321 1 14:20 15:50 0107 1 3870 0 _ _ 1 20140618192751 78
000002052014031 00000205 2014 03 14 61 1321 1 14:20 15:50 0107 1 3870 0 _ _ 1 20140618192751 78
000002052014031 00000205 2014 03 18 61 1321 1 14:20 15:50 0107 1 3870 0 _ _ 1 20140618192751 78
000002052014031 00000205 2014 03 20 61 1321 1 14:20 15:50 0107 1 3870 0 _ _ 1 20140618192751 78
000002052014031 00000205 2014 03 21 61 1321 1 14:20 15:50 0107 1 3870 0 _ _ 1 20140618192751 78
000002052014031 00000205 2014 03 25 61 1321 1 14:20 15:50 0107 1 3870 0 _ _ 1 20140618192751 78
000002052014031 00000205 2014 03 27 61 1321 1 14:20 15:50 0107 1 3870 0 _ _ 1 20140618192751 78
000002052014031 00000205 2014 03 28 61 1321 1 14:20 15:50 0107 1 3870 0 _ _ 1 20140618192751 78
000002052014041 00000205 2014 04 01 61 1321 1 14:20 15:50 0107 1 3889 0 _ _ 1 20140618193216 78
000002052014041 00000205 2014 04 03 61 1321 1 14:20 15:50 0107 1 3889 0 _ _ 1 20140618193216 78
000002052014041 00000205 2014 04 08 61 1321 1 14:20 15:50 0107 1 3889 0 _ _ 1 20140618193216 78
000002052014041 00000205 2014 04 10 61 1321 1 14:20 15:50 0107 1 3889 0 _ _ 1 20140618193216 78
000002052014041 00000205 2014 04 11 61 1321 1 14:20 15:50 0107 1 3889 0 _ _ 1 20140618193216 78
000002052014041 00000205 2014 04 15 61 1321 1 14:20 15:50 0107 1 3889 0 _ _ 1 20140618193216 78
000002052014041 00000205 2014 04 17 61 1321 1 14:20 15:50 0107 1 3889 0 _ _ 1 20140618193216 78
000002052014041 00000205 2014 04 18 61 1321 1 14:20 15:50 0107 1 3889 0 _ _ 1 20140618193216 78
000002052014041 00000205 2014 04 22 61 1321 1 14:20 15:50 0107 1 3889 0 _ _ 1 20140618193216 78
000002052014041 00000205 2014 04 24 61 1321 1 14:20 15:50 0107 1 3889 0 _ _ 1 20140618193216 78
000002052014041 00000205 2014 04 25 61 1321 1 14:20 15:50 0107 1 3889 0 _ _ 1 20140618193216 78
000002052014041 00000205 2014 04 29 61 1321 1 14:20 15:50 0107 1 3889 0 _ _ 1 20140618193216 78
000002052014042 00000205 2014 04 01 67 1007 1 _ _ 0237 1 300 0 _ _ 1 20140618193216 78
000002052014051 00000205 2014 05 01 61 1321 1 14:20 15:50 0107 1 3889 0 _ _ 1 20140812181735 78
000002052014051 00000205 2014 05 02 61 1321 1 14:20 15:50 0107 1 3889 0 _ _ 1 20140812181735 78
000002052014051 00000205 2014 05 06 61 1321 1 14:20 15:50 0107 1 3889 0 _ _ 1 20140812181735 78
000002052014051 00000205 2014 05 08 61 1321 1 14:20 15:50 0107 1 3889 0 _ _ 1 20140812181735 78
000002052014051 00000205 2014 05 09 61 1321 1 14:20 15:50 0107 1 3889 0 _ _ 1 20140812181735 78
000002052014051 00000205 2014 05 13 61 1321 1 14:20 15:50 0107 1 3889 0 _ _ 1 20140812181735 78
000002052014051 00000205 2014 05 15 61 1321 1 14:20 15:50 0107 1 3889 0 _ _ 1 20140812181735 78
000002052014051 00000205 2014 05 20 61 1321 1 14:20 15:50 0107 1 3889 0 _ _ 1 20140812181735 78
000002052014051 00000205 2014 05 22 61 1321 1 14:20 15:50 0107 1 3889 0 _ _ 1 20140812181735 78
000002052014051 00000205 2014 05 23 61 1321 1 14:20 15:50 0107 1 3889 0 _ _ 1 20140812181735 78
000002052014051 00000205 2014 05 27 61 1321 1 14:20 15:50 0107 1 3889 0 _ _ 1 20140812181735 78
000002052014051 00000205 2014 05 29 61 1321 1 14:20 15:50 0107 1 3889 0 _ _ 1 20140812181735 78
000002052014051 00000205 2014 05 30 61 1321 1 14:20 15:50 0107 1 3889 0 _ _ 1 20140812181735 78
000002052014052 00000205 2014 05 01 67 1007 1 _ _ 0237 1 300 0 _ _ 1 20140812181735 78
