00000064 2012 06 11 09:00 10:00 61 1111 0073 10.84 1 1220 1 20140807141140 00034
00000064 2012 06 18 09:00 10:00 61 1111 0073 10.84 1 1220 1 20140807141140 00034
00000064 2012 06 25 09:00 10:00 61 1111 0073 10.84 1 1220 1 20140807141140 00034
00000064 2012 07 02 09:00 10:00 61 1111 0073 10.84 1 1220 1 20140807144135 00034
00000064 2012 07 08 14:15 15:14 61 1111 0073 10.84 1 1220 1 20140807144135 00034
00000064 2012 07 16 09:00 10:00 61 1111 0073 10.84 1 1220 1 20140807144135 00034
00000064 2012 07 25 15:00 15:59 61 1111 0073 10.84 1 1220 1 20140807144135 00034
00000064 2012 07 30 09:00 10:00 61 1111 0073 10.84 1 1220 1 20140807144135 00034
00000064 2012 08 06 09:00 10:00 61 1111 0073 10.84 1 1220 1 20140807144415 00034
00000064 2012 08 13 09:00 10:00 61 1111 0073 10.84 1 1220 1 20140807144415 00034
00000064 2012 08 22 09:00 10:00 61 1111 0073 10.84 1 1220 1 20140807144415 00034
00000064 2012 08 30 14:00 14:59 61 1111 0073 10.84 1 1220 1 20140807144415 00034
00000064 2012 09 03 09:00 10:00 61 1111 0073 10.84 1 1220 1 20140807145204 00034
00000064 2012 09 10 09:00 10:00 61 1111 0073 10.84 1 1220 1 20140807145204 00034
00000064 2012 09 17 09:00 10:00 61 1111 0073 10.84 1 1220 1 20140807145204 00034
00000064 2012 09 24 09:00 10:00 61 1111 0073 10.84 1 1220 1 20140807145204 00034
00000064 2012 10 01 09:00 10:00 61 1111 0073 10.84 1 1220 1 20140807145505 00034
00000064 2012 10 08 09:00 10:00 61 1111 0073 10.84 1 1220 1 20140807145505 00034
00000064 2012 10 17 09:00 10:00 61 1111 0073 10.84 1 1220 1 20140807145505 00034
00000064 2012 10 22 09:00 10:00 61 1111 0073 10.84 1 1220 1 20140807145505 00034
00000064 2012 11 01 15:15 16:15 61 1111 0073 10.84 1 1220 1 20140807145846 00034
00000064 2012 11 05 09:00 10:00 61 1111 0073 10.84 1 1220 1 20140807145846 00034
00000064 2012 11 12 09:00 09:55 61 1111 0073 10.84 1 1220 1 20140807145846 00034
00000064 2012 11 19 09:00 10:00 61 1111 0073 10.84 1 1220 1 20140807145846 00034
00000064 2012 11 26 09:00 10:00 61 1111 0073 10.84 1 1220 1 20140807145846 00034
00000064 2012 12 03 09:00 10:00 61 1111 0073 10.84 1 1220 1 20140807150131 00034
00000064 2012 12 10 09:00 10:00 61 1111 0073 10.84 1 1220 1 20140807150131 00034
00000064 2012 12 18 09:00 10:00 61 1111 0073 10.84 1 1220 1 20140807150131 00034
00000064 2012 12 24 09:00 10:00 61 1111 0073 10.84 1 1220 1 20140807150131 00034
00000064 2012 12 31 09:00 10:00 61 1111 0073 10.84 1 1220 1 20140807150131 00034
00000064 2013 01 05 14:00 15:00 61 1111 0073 10.84 1 1220 1 20140724114641 00034
00000064 2013 01 14 09:30 10:30 61 1111 0073 10.84 1 1220 1 20140724114641 00034
00000064 2013 01 21 09:00 10:00 61 1111 0073 10.84 1 1220 1 20140724114641 00034
00000064 2013 01 29 09:00 10:00 61 1111 0073 10.84 1 1220 1 20140724114641 00034
00000064 2013 02 04 09:00 10:00 61 1111 0073 10.84 1 1220 1 20140724115020 00034
00000064 2013 02 11 09:00 10:00 61 1111 0073 10.84 1 1220 1 20140724115020 00034
00000064 2013 02 18 09:00 10:00 61 1111 0073 10.84 1 1220 1 20140724115020 00034
00000064 2013 02 25 09:00 10:00 61 1111 0073 10.84 1 1220 1 20140724115020 00034
00000064 2013 03 04 09:00 10:00 61 1111 0073 10.84 1 1220 1 20140724115324 00034
00000064 2013 03 11 09:00 10:00 61 1111 0073 10.84 1 1220 1 20140724115324 00034
00000064 2013 03 18 09:00 10:00 61 1111 0073 10.84 1 1220 1 20140724115324 00034
00000064 2013 03 25 09:00 10:00 61 1111 0073 10.84 1 1220 1 20140724115324 00034
00000064 2013 04 01 10:15 11:15 61 1111 0073 10.84 1 1220 1 20140724115834 00034
00000064 2013 04 08 10:15 11:15 61 1111 0073 10.84 1 1220 1 20140724115834 00034
00000064 2013 04 15 10:15 11:15 61 1111 0073 10.84 1 1220 1 20140724115834 00034
00000064 2013 04 24 09:00 10:00 61 1111 0073 10.84 1 1220 1 20140724115834 00034
00000064 2013 04 29 10:15 11:15 61 1111 0073 10.84 1 1220 1 20140724115834 00034
00000064 2013 05 06 10:15 11:15 61 1111 0073 10.84 1 1220 1 20140724120145 00034
00000064 2013 05 13 10:15 11:15 61 1111 0073 10.84 1 1220 1 20140724120145 00034
00000064 2013 05 20 10:15 11:15 61 1111 0073 10.84 1 1220 1 20140724120145 00034
00000064 2013 05 27 10:15 11:15 61 1111 0073 10.84 1 1220 1 20140724120145 00034
00000064 2013 06 05 10:15 11:15 61 1111 0073 10.84 1 1220 1 20140724120511 00034
00000064 2013 06 10 10:15 11:15 61 1111 0073 10.84 1 1220 1 20140724120511 00034
00000064 2013 06 17 10:15 11:15 61 1111 0073 10.84 1 1220 1 20140724120511 00034
00000064 2013 06 24 10:15 11:15 61 1111 0073 10.84 1 1220 1 20140724120511 00034
00000064 2013 07 01 10:15 11:15 61 1111 0073 10.84 1 1220 1 20140724120755 00034
00000064 2013 07 08 10:15 11:15 61 1111 0073 10.84 1 1220 1 20140724120755 00034
00000064 2013 07 15 10:15 11:15 61 1111 0073 10.84 1 1220 1 20140724120755 00034
00000064 2013 07 22 10:15 11:15 61 1111 0073 10.84 1 1220 1 20140724120755 00034
00000064 2013 07 29 10:15 11:15 61 1111 0073 10.84 1 1220 1 20140724120755 00034
00000064 2013 08 05 09:00 10:00 61 1111 0073 10.84 1 1220 1 20140724121131 00034
00000064 2013 08 12 10:15 11:15 61 1111 0073 10.84 1 1220 1 20140724121131 00034
00000064 2013 08 19 10:15 11:15 61 1111 0073 10.84 1 1220 1 20140724121131 00034
00000064 2013 08 26 10:15 11:15 61 1111 0073 10.84 1 1220 1 20140724121131 00034
00000064 2013 09 02 10:15 11:15 61 1111 0073 10.84 1 1220 1 20140626173341 00034
00000064 2013 09 09 10:15 11:15 61 1111 0073 10.84 1 1220 1 20140626173341 00034
00000064 2013 09 16 10:15 11:15 61 1111 0073 10.84 1 1220 1 20140626173341 00034
00000064 2013 09 23 10:15 11:15 61 1111 0073 10.84 1 1220 1 20140626173341 00034
00000064 2013 09 30 10:00 11:00 61 1111 0073 10.84 1 1220 1 20140626173341 00034
00000064 2013 10 07 10:15 11:15 61 1111 0073 10.84 1 1220 1 20140626173731 00034
00000064 2013 10 14 10:15 11:15 61 1111 0073 10.84 1 1220 1 20140626173731 00034
00000064 2013 10 21 10:15 11:15 61 1111 0073 10.84 1 1220 1 20140626173731 00034
00000064 2013 10 28 10:15 11:15 61 1111 0073 10.84 1 1220 1 20140626173731 00034
00000064 2013 11 04 10:15 11:15 61 1111 0073 10.84 1 1220 1 20140626174055 00034
00000064 2013 11 11 10:15 11:15 61 1111 0073 10.84 1 1220 1 20140626174055 00034
00000064 2013 11 18 10:05 11:05 61 1111 0073 10.84 1 1220 1 20140626174055 00034
00000064 2013 11 25 10:15 11:15 61 1111 0073 10.84 1 1220 1 20140626174055 00034
00000064 2013 12 02 10:15 11:15 61 1111 0073 10.84 1 1220 1 20140626174436 00034
00000064 2013 12 09 10:15 11:15 61 1111 0073 10.84 1 1220 1 20140626174436 00034
00000064 2013 12 16 10:15 11:15 61 1111 0073 10.84 1 1220 1 20140626174436 00034
00000064 2013 12 23 10:15 11:15 61 1111 0073 10.84 1 1220 1 20140626174436 00034
00000064 2013 12 30 10:00 11:00 61 1111 0073 10.84 1 1220 1 20140626174436 00034
00000064 2014 01 08 17:00 18:00 61 1111 0073 10.84 1 1220 1 20140612180045 00034
00000064 2014 01 13 10:15 11:15 61 1111 0073 10.84 1 1220 1 20140612180045 00034
00000064 2014 01 20 10:15 11:15 61 1111 0073 10.84 1 1220 1 20140612180045 00034
00000064 2014 01 27 10:06 11:06 61 1111 0073 10.84 1 1220 1 20140612180045 00034
00000064 2014 02 03 10:15 11:15 61 1111 0073 10.84 1 1220 1 20140612180421 00034
00000064 2014 02 10 10:15 11:15 61 1111 0073 10.84 1 1220 1 20140612180421 00034
00000064 2014 02 17 10:15 11:15 61 1111 0073 10.84 1 1220 1 20140612180421 00034
00000064 2014 02 24 10:10 11:10 61 1111 0073 10.84 1 1220 1 20140612180421 00034
00000064 2014 03 03 10:15 11:15 61 1111 0073 10.84 1 1220 1 20140612180801 00034
00000064 2014 03 10 10:15 11:15 61 1111 0073 10.84 1 1220 1 20140612180801 00034
00000064 2014 03 17 10:15 11:15 61 1111 0073 10.84 1 1220 1 20140612180801 00034
00000064 2014 03 24 10:10 11:10 61 1111 0073 10.84 1 1220 1 20140612180801 00034
00000064 2014 03 31 10:15 11:15 61 1111 0073 10.84 1 1220 1 20140612180801 00034
00000064 2014 04 08 10:00 11:00 61 1111 0073 10.84 1 1226 1 20140612181217 00034
00000064 2014 04 14 10:15 11:15 61 1111 0073 10.84 1 1226 1 20140612181217 00034
00000064 2014 04 21 10:05 11:05 61 1111 0073 10.84 1 1226 1 20140612181217 00034
00000064 2014 04 28 10:15 11:15 61 1111 0073 10.84 1 1226 1 20140612181217 00034
00000064 2014 05 05 10:15 11:15 61 1111 0073 10.84 1 1226 1 20140815180548 00034
00000064 2014 05 12 10:15 11:15 61 1111 0073 10.84 1 1226 1 20140815180548 00034
00000064 2014 05 19 10:03 11:00 61 1111 0073 10.84 1 1226 1 20140815180548 00034
00000064 2014 05 26 10:15 11:15 61 1111 0073 10.84 1 1226 1 20140815180548 00034
