00000064 0073 2012 06 0000098 11 00102 _ 09:00 10:00 _ _ 0 1111 1 61 1 20140807141140 00034
00000064 0073 2012 06 0000099 18 00037 _ 09:00 10:00 _ _ 0 1111 1 61 1 20140807141140 00034
00000064 0073 2012 06 0000100 25 00037 _ 09:00 10:00 _ _ 0 1111 1 61 1 20140807141140 00034
00000064 0073 2012 07 0000101 02 00102 _ 09:00 10:00 _ _ 0 1111 1 61 1 20140807144135 00034
00000064 0073 2012 07 0000102 08 00037 _ 14:15 15:14 _ _ 0 1111 1 61 1 20140807144135 00034
00000064 0073 2012 07 0000103 09 _ _ _ _ _ _ 0 _ 1 61 9 20140807144012 00034
00000064 0073 2012 07 0000104 16 00037 _ 09:00 10:00 _ _ 0 1111 1 61 1 20140807144135 00034
00000064 0073 2012 07 0000105 25 00037 _ 15:00 15:59 _ _ 0 1111 1 61 1 20140807144135 00034
00000064 0073 2012 07 0000106 30 00037 _ 09:00 10:00 _ _ 0 1111 1 61 1 20140807144135 00034
00000064 0073 2012 08 0000107 06 00102 _ 09:00 10:00 _ _ 0 1111 1 61 1 20140807144415 00034
00000064 0073 2012 08 0000108 13 00037 _ 09:00 10:00 _ _ 0 1111 1 61 1 20140807144415 00034
00000064 0073 2012 08 0000109 22 00037 _ 09:00 10:00 _ _ 0 1111 1 61 1 20140807144415 00034
00000064 0073 2012 08 0000110 30 00037 _ 14:00 14:59 _ _ 0 1111 1 61 1 20140807144415 00034
00000064 0073 2012 09 0000111 03 00102 _ 09:00 10:00 _ _ 0 1111 1 61 1 20140807145204 00034
00000064 0073 2012 09 0000112 10 00037 _ 09:00 10:00 _ _ 0 1111 1 61 1 20140807145204 00034
00000064 0073 2012 09 0000113 17 00037 _ 09:00 10:00 _ _ 0 1111 1 61 1 20140807145204 00034
00000064 0073 2012 09 0000114 24 00102 _ 09:00 10:00 _ _ 0 1111 1 61 1 20140807145204 00034
00000064 0073 2012 10 0000115 01 00102 _ 09:00 10:00 _ _ 0 1111 1 61 1 20140807145505 00034
00000064 0073 2012 10 0000116 08 00102 _ 09:00 10:00 _ _ 0 1111 1 61 1 20140807145505 00034
00000064 0073 2012 10 0000117 17 00037 _ 09:00 10:00 _ _ 0 1111 1 61 1 20140807145505 00034
00000064 0073 2012 10 0000118 22 00102 _ 09:00 10:00 _ _ 0 1111 1 61 1 20140807145505 00034
00000064 0073 2012 11 0000119 05 00037 _ 09:00 10:00 _ _ 0 1111 1 61 1 20140807145846 00034
00000064 0073 2012 11 0000120 12 00102 _ 09:00 09:55 _ _ 0 1111 1 61 1 20140807145846 00034
00000064 0073 2012 11 0000121 19 00037 _ 09:00 10:00 _ _ 0 1111 1 61 1 20140807145846 00034
00000064 0073 2012 11 0000122 26 00102 _ 09:00 10:00 _ _ 0 1111 1 61 1 20140807145846 00034
00000064 0073 2012 11 0000123 01 00037 _ 15:15 16:15 _ _ 0 1111 1 61 1 20140807145846 00034
00000064 0073 2012 12 0000124 03 00037 _ 09:00 10:00 _ _ 0 1111 1 61 1 20140807150131 00034
00000064 0073 2012 12 0000125 10 00037 _ 09:00 10:00 _ _ 0 1111 1 61 1 20140807150131 00034
00000064 0073 2012 12 0000126 18 00037 _ 09:00 10:00 _ _ 0 1111 1 61 1 20140807150131 00034
00000064 0073 2012 12 0000127 24 00037 _ 09:00 10:00 _ _ 0 1111 1 61 1 20140807150131 00034
00000064 0073 2012 12 0000128 31 00102 _ 09:00 10:00 _ _ 0 1111 1 61 1 20140807150131 00034
00000064 0073 2013 01 0000064 05 00102 _ 14:00 15:00 _ _ 0 1111 1 61 1 20140724114641 00034
00000064 0073 2013 01 0000065 14 00037 _ 09:30 10:30 _ _ 0 1111 1 61 1 20140724114641 00034
00000064 0073 2013 01 0000066 21 00038 _ 09:00 10:00 _ _ 0 1111 1 61 1 20140724114641 00034
00000064 0073 2013 01 0000067 29 00038 _ 09:00 10:00 _ _ 0 1111 1 61 1 20140724114641 00034
00000064 0073 2013 02 0000068 04 00037 _ 09:00 10:00 _ _ 0 1111 1 61 1 20140724115020 00034
00000064 0073 2013 02 0000069 11 00038 _ 09:00 10:00 _ _ 0 1111 1 61 1 20140724115020 00034
00000064 0073 2013 02 0000070 18 00037 _ 09:00 10:00 _ _ 0 1111 1 61 1 20140724115020 00034
00000064 0073 2013 02 0000071 25 00037 _ 09:00 10:00 _ _ 0 1111 1 61 1 20140724115020 00034
00000064 0073 2013 03 0000072 04 00037 _ 09:00 10:00 _ _ 0 1111 1 61 1 20140724115324 00034
00000064 0073 2013 03 0000073 11 00102 _ 09:00 10:00 _ _ 0 1111 1 61 1 20140724115324 00034
00000064 0073 2013 03 0000074 18 00038 _ 09:00 10:00 _ _ 0 1111 1 61 1 20140724115324 00034
00000064 0073 2013 03 0000075 25 00037 _ 09:00 10:00 _ _ 0 1111 1 61 1 20140724115324 00034
00000064 0073 2013 04 0000076 01 00037 _ 10:15 11:15 _ _ 0 1111 1 61 1 20140724115834 00034
00000064 0073 2013 04 0000077 08 00037 _ 10:15 11:15 _ _ 0 1111 1 61 1 20140724115834 00034
00000064 0073 2013 04 0000078 15 00102 _ 10:15 11:15 _ _ 0 1111 1 61 1 20140724115834 00034
00000064 0073 2013 04 0000079 24 00037 _ 09:00 10:00 _ _ 0 1111 1 61 1 20140724115834 00034
00000064 0073 2013 04 0000080 29 00038 _ 10:15 11:15 _ _ 0 1111 1 61 1 20140724115834 00034
00000064 0073 2013 05 0000081 06 00102 _ 10:15 11:15 _ _ 0 1111 1 61 1 20140724120145 00034
00000064 0073 2013 05 0000082 13 00038 _ 10:15 11:15 _ _ 0 1111 1 61 1 20140724120145 00034
00000064 0073 2013 05 0000083 20 00037 _ 10:15 11:15 _ _ 0 1111 1 61 1 20140724120145 00034
00000064 0073 2013 05 0000084 27 00038 _ 10:15 11:15 _ _ 0 1111 1 61 1 20140724120145 00034
00000064 0073 2013 06 0000085 05 00102 _ 10:15 11:15 _ _ 0 1111 1 61 1 20140724120511 00034
00000064 0073 2013 06 0000086 10 00038 _ 10:15 11:15 _ _ 0 1111 1 61 1 20140724120511 00034
00000064 0073 2013 06 0000087 17 00102 _ 10:15 11:15 _ _ 0 1111 1 61 1 20140724120511 00034
00000064 0073 2013 06 0000088 24 00037 _ 10:15 11:15 _ _ 0 1111 1 61 1 20140724120511 00034
00000064 0073 2013 07 0000089 01 00102 _ 10:15 11:15 _ _ 0 1111 1 61 1 20140724120755 00034
00000064 0073 2013 07 0000090 08 00102 _ 10:15 11:15 _ _ 0 1111 1 61 1 20140724120755 00034
00000064 0073 2013 07 0000091 15 00035 _ 10:15 11:15 _ _ 0 1111 1 61 1 20140724120755 00034
00000064 0073 2013 07 0000092 22 00037 _ 10:15 11:15 _ _ 0 1111 1 61 1 20140724120755 00034
00000064 0073 2013 07 0000093 29 00038 _ 10:15 11:15 _ _ 0 1111 1 61 1 20140724120755 00034
00000064 0073 2013 08 0000094 05 00038 _ 09:00 10:00 _ _ 0 1111 1 61 1 20140724121131 00034
00000064 0073 2013 08 0000095 12 00037 _ 10:15 11:15 _ _ 0 1111 1 61 1 20140724121131 00034
00000064 0073 2013 08 0000096 19 00037 _ 10:15 11:15 _ _ 0 1111 1 61 1 20140724121131 00034
00000064 0073 2013 08 0000097 26 00037 _ 10:15 11:15 _ _ 0 1111 1 61 1 20140724121131 00034
00000064 0073 2013 09 0000046 02 00037 _ 10:15 11:15 _ _ 0 1111 1 61 1 20140626173341 00034
00000064 0073 2013 09 0000047 09 00038 _ 10:15 11:15 _ _ 0 1111 1 61 1 20140626173341 00034
00000064 0073 2013 09 0000048 16 00038 _ 10:15 11:15 _ _ 0 1111 1 61 1 20140626173341 00034
00000064 0073 2013 09 0000049 23 00037 _ 10:15 11:15 _ _ 0 1111 1 61 1 20140626173341 00034
00000064 0073 2013 09 0000050 30 00037 _ 10:00 11:00 _ _ 0 1111 1 61 1 20140626173341 00034
00000064 0073 2013 10 0000051 07 00038 _ 10:15 11:15 _ _ 0 1111 1 61 1 20140626173731 00034
00000064 0073 2013 10 0000052 14 00037 _ 10:15 11:15 _ _ 0 1111 1 61 1 20140626173731 00034
00000064 0073 2013 10 0000053 21 00038 _ 10:15 11:15 _ _ 0 1111 1 61 1 20140626173731 00034
00000064 0073 2013 10 0000054 28 00038 _ 10:15 11:15 _ _ 0 1111 1 61 1 20140626173731 00034
00000064 0073 2013 11 0000055 04 00037 _ 10:15 11:15 _ _ 0 1111 1 61 1 20140626174055 00034
00000064 0073 2013 11 0000056 11 00038 _ 10:15 11:15 _ _ 0 1111 1 61 1 20140626174055 00034
00000064 0073 2013 11 0000057 18 00038 _ 10:05 11:05 _ _ 0 1111 1 61 1 20140626174055 00034
00000064 0073 2013 11 0000058 25 00037 _ 10:15 11:15 _ _ 0 1111 1 61 1 20140626174055 00034
00000064 0073 2013 12 0000059 02 00038 _ 10:15 11:15 _ _ 0 1111 1 61 1 20140626174436 00034
00000064 0073 2013 12 0000060 09 00038 _ 10:15 11:15 _ _ 0 1111 1 61 1 20140626174436 00034
00000064 0073 2013 12 0000061 16 00038 _ 10:15 11:15 _ _ 0 1111 1 61 1 20140626174436 00034
00000064 0073 2013 12 0000062 23 00037 _ 10:15 11:15 _ _ 0 1111 1 61 1 20140626174436 00034
00000064 0073 2013 12 0000063 30 00037 _ 10:00 11:00 _ _ 0 1111 1 61 1 20140626174436 00034
00000064 0073 2014 01 0000027 08 00038 _ 17:00 18:00 _ _ 0 1111 1 61 1 20140612180045 00034
00000064 0073 2014 01 0000028 13 00038 _ 10:15 11:15 _ _ 0 1111 1 61 1 20140612180045 00034
00000064 0073 2014 01 0000029 20 00037 _ 10:15 11:15 _ _ 0 1111 1 61 1 20140612180045 00034
00000064 0073 2014 01 0000030 27 00037 _ 10:06 11:06 _ _ 0 1111 1 61 1 20140612180045 00034
00000064 0073 2014 02 0000031 03 00038 _ 10:15 11:15 _ _ 0 1111 1 61 1 20140612180421 00034
00000064 0073 2014 02 0000032 10 00038 _ 10:15 11:15 _ _ 0 1111 1 61 1 20140612180421 00034
00000064 0073 2014 02 0000033 17 00037 _ 10:15 11:15 _ _ 0 1111 1 61 1 20140612180421 00034
00000064 0073 2014 02 0000034 24 00037 _ 10:10 11:10 _ _ 0 1111 1 61 1 20140612180421 00034
00000064 0073 2014 03 0000035 03 00038 _ 10:15 11:15 _ _ 0 1111 1 61 1 20140612180801 00034
00000064 0073 2014 03 0000036 10 00035 _ 10:15 11:15 _ _ 0 1111 1 61 1 20140612180801 00034
00000064 0073 2014 03 0000037 17 00035 _ 10:15 11:15 _ _ 0 1111 1 61 1 20140612180801 00034
00000064 0073 2014 03 0000038 24 00038 _ 10:10 11:10 _ _ 0 1111 1 61 1 20140612180801 00034
00000064 0073 2014 03 0000039 31 00037 _ 10:15 11:15 _ _ 0 1111 1 61 1 20140612180801 00034
00000064 0073 2014 04 0000040 08 00038 _ 10:00 11:00 _ _ 0 1111 1 61 1 20140612181217 00034
00000064 0073 2014 04 0000041 14 00037 _ 10:15 11:15 _ _ 0 1111 1 61 1 20140612181217 00034
00000064 0073 2014 04 0000042 21 00038 _ 10:05 11:05 _ _ 0 1111 1 61 1 20140612181217 00034
00000064 0073 2014 04 0000043 28 00035 _ 10:15 11:15 _ _ 0 1111 1 61 1 20140612181217 00034
00000064 0073 2014 05 0000044 05 00038 _ 10:15 11:15 _ _ 0 1111 1 61 1 20140815180548 00034
00000064 0073 2014 05 0000045 12 00038 _ 10:15 11:15 _ _ 0 1111 1 61 1 20140815180548 00034
00000064 0073 2014 05 0000129 19 00037 _ 10:03 11:00 _ _ 0 1111 1 61 1 20140815180548 00034
00000064 0073 2014 05 0000130 26 00045 _ 10:15 11:15 _ _ 0 1111 1 61 1 20140815180548 00034
00000064 0073 2014 06 0000002 02 00037 _ 10:15 11:14 2 _ 0 1111 1 61 1 20140603165158 00034
00000064 0073 2014 06 0000003 09 00037 _ 15:30 16:29 2 _ 0 1111 1 61 1 20140609190921 00034
00000064 0073 2014 06 0000004 16 00045 _ 10:15 11:14 2 _ 0 1111 1 61 1 20140617105029 00038
00000064 0073 2014 06 0000005 23 00038 _ 10:05 11:04 2 _ 0 1111 1 61 1 20140625191919 00038
