00000215 201406 0000002 2014/06/01 12:30 12:40 001 居室へ付添 10 540 00051 500 0.08 1 20140628202121 00049
00000215 201406 0000003 2014/06/01 20:10 20:20 001 安否確認 10 675 00051 625 0.08 1 20140628202121 00049
00000215 201406 0000004 2014/06/02 12:30 12:40 001 居室へ付添 10 540 00051 500 0.08 1 20140628202121 00049
00000215 201406 0000005 2014/06/02 20:10 20:20 001 安否確認 10 675 00051 625 0.08 1 20140628202121 00049
00000215 201406 0000006 2014/06/03 12:30 12:40 001 居室へ付添 10 540 00048 500 0.08 1 20140628202121 00049
00000215 201406 0000007 2014/06/03 20:10 20:20 001 安否確認 10 675 00048 625 0.08 1 20140628202121 00049
00000215 201406 0000008 2014/06/04 12:30 12:40 001 居室へ付添 10 540 00050 500 0.08 1 20140628202121 00049
00000215 201406 0000009 2014/06/04 20:10 20:20 001 安否確認 10 675 00050 625 0.08 1 20140628202121 00049
00000215 201406 0000010 2014/06/05 20:10 20:20 001 安否確認 10 675 00050 625 0.08 1 20140628202121 00049
00000215 201406 0000011 2014/06/05 12:30 12:40 001 居室へ付添 10 540 00050 500 0.08 1 20140628202121 00049
00000215 201406 0000012 2014/06/06 12:30 12:40 001 居室へ付添 10 540 00051 500 0.08 1 20140628202121 00049
00000215 201406 0000013 2014/06/06 20:10 20:20 001 安否確認 10 675 00051 625 0.08 1 20140628202121 00049
00000215 201406 0000014 2014/06/07 20:10 20:20 001 安否確認 10 675 00050 625 0.08 1 20140628202121 00049
00000215 201406 0000015 2014/06/08 20:10 20:20 001 安否確認 10 675 00048 625 0.08 1 20140628202121 00049
00000215 201406 0000016 2014/06/08 12:30 12:40 001 居室へ付添 10 540 00048 500 0.08 1 20140628202121 00049
00000215 201406 0000017 2014/06/09 12:30 12:40 001 居室へ付添 10 540 00050 500 0.08 1 20140628202121 00049
00000215 201406 0000018 2014/06/09 20:10 20:20 001 安否確認 10 675 00050 625 0.08 1 20140628202121 00049
00000215 201406 0000019 2014/06/10 12:30 12:40 001 居室へ付添 10 540 00050 500 0.08 1 20140628202121 00049
00000215 201406 0000020 2014/06/10 20:10 20:20 001 安否確認 10 675 00050 625 0.08 1 20140628202121 00049
00000215 201406 0000021 2014/06/11 12:30 12:40 001 居室へ付添 10 540 00051 500 0.08 1 20140628202121 00049
00000215 201406 0000022 2014/06/11 20:10 20:20 001 安否確認 10 675 00051 625 0.08 1 20140628202121 00049
00000215 201406 0000023 2014/06/12 12:30 12:40 001 居室へ付添 10 540 00049 500 0.08 1 20140628202121 00049
00000215 201406 0000024 2014/06/12 20:10 20:20 001 安否確認 10 675 00049 625 0.08 1 20140628202121 00049
00000215 201406 0000025 2014/06/13 12:30 12:40 001 居室へ付添 10 540 00048 500 0.08 1 20140628202121 00049
00000215 201406 0000026 2014/06/13 20:10 20:20 001 安否確認 10 675 00048 625 0.08 1 20140628202121 00049
00000215 201406 0000027 2014/06/14 20:10 20:20 001 安否確認 10 675 00050 625 0.08 1 20140628202121 00049
00000215 201406 0000028 2014/06/15 12:30 12:40 001 居室へ付添 10 540 00054 500 0.08 1 20140628202121 00049
00000215 201406 0000029 2014/06/15 20:10 20:20 001 安否確認 10 675 00054 625 0.08 1 20140628202121 00049
00000215 201406 0000030 2014/06/16 12:30 12:40 001 居室へ付添 10 540 00051 500 0.08 1 20140628202121 00049
00000215 201406 0000031 2014/06/16 20:10 20:20 001 安否確認 10 675 00051 625 0.08 1 20140628202121 00049
00000215 201406 0000032 2014/06/17 12:30 12:40 001 居室へ付添 10 540 00051 500 0.08 1 20140628202121 00049
00000215 201406 0000033 2014/06/17 20:10 20:20 001 安否確認 10 675 00051 625 0.08 1 20140628202121 00049
00000215 201406 0000034 2014/06/18 12:30 12:40 001 居室へ付添 10 540 00052 500 0.08 1 20140628202121 00049
00000215 201406 0000035 2014/06/18 20:10 20:20 001 安否確認 10 675 00052 625 0.08 1 20140628202121 00049
00000215 201406 0000036 2014/06/19 12:30 12:40 001 居室へ付添 10 540 00050 500 0.08 1 20140628202121 00049
00000215 201406 0000037 2014/06/19 20:10 20:20 001 安否確認 10 675 00050 625 0.08 1 20140628202121 00049
00000215 201406 0000038 2014/06/20 12:30 12:40 001 居室へ付添 10 540 00051 500 0.08 1 20140628202121 00049
00000215 201406 0000039 2014/06/20 20:10 20:20 001 安否確認 10 675 00051 625 0.08 1 20140628202121 00049
00000215 201406 0000040 2014/06/23 10:15 12:35 001 用賀眼科へ通院同行 140 7560 00051 7000 0.08 1 20140628202121 00049
00000215 201406 0000041 2014/06/21 20:10 20:20 001 安否確認 10 675 00051 625 0.08 1 20140628202121 00049
00000215 201406 0000042 2014/06/22 12:30 12:40 001 居室へ付添 10 540 00054 500 0.08 1 20140628202121 00049
00000215 201406 0000043 2014/06/22 20:10 20:20 001 安否確認 10 675 00054 625 0.08 1 20140628202121 00049
00000215 201406 0000044 2014/06/23 20:10 20:20 001 安否確認 10 675 00050 625 0.08 1 20140628202121 00049
00000215 201406 0000045 2014/06/24 12:30 12:40 001 居室へ付添 10 540 00050 500 0.08 1 20140628202121 00049
00000215 201406 0000046 2014/06/24 20:10 20:20 001 安否確認 10 675 00050 625 0.08 1 20140628202121 00049
00000215 201406 0000047 2014/06/25 12:30 12:40 001 居室へ付添 10 540 00051 500 0.08 1 20140628202121 00049
00000215 201406 0000048 2014/06/25 20:10 20:20 001 安否確認 10 675 00051 625 0.08 1 20140628202121 00049
00000215 201406 0000049 2014/06/26 12:30 12:40 001 居室へ付添 10 540 00051 500 0.08 1 20140628202121 00049
00000215 201406 0000050 2014/06/26 20:10 20:20 001 安否確認 10 675 00051 625 0.08 1 20140628202121 00049
00000215 201406 0000051 2014/06/27 12:30 12:40 001 居室へ付添 10 540 00048 500 0.08 1 20140628202121 00049
00000215 201406 0000052 2014/06/27 20:10 20:20 001 安否確認 10 675 00048 625 0.08 1 20140628202121 00049
00000215 201406 0000053 2014/06/28 20:10 20:20 001 安否確認 10 675 00048 625 0.08 1 20140628202121 00049
