00000112 20130925 20130926 三浦まり子 やさしい手青葉台店 1 2014052800000000 00078
00000112 20130925 20130926 上杉　祐一郎 フロンティア横浜北事業所 1 2014052800000000 00078
00000112 20130925 20130926 千葉由紀子OT 訪問看護ﾘﾊﾋﾞﾘﾃｰｼｮﾝｹｱｰｽﾞたまプラーザ 1 2014052800000000 00078
00000112 20130925 20130926 吉野生活相談員 ｸﾞﾗﾝｸﾚｰﾙ藤が丘 1 2014052800000000 00078
00000112 20130925 20130926 氏原良男様 本人 1 2014052800000000 00078
00000112 20130925 20130926 萩原葉子介護支援専門員 ｸﾞﾗﾝｸﾚｰﾙ・ｹｱｻｰﾋﾞｽ横浜 1 2014052800000000 00078
00000112 20130925 20130926 鈴木亨 もえぎ野地域ケアプラザ 1 2014052800000000 00078
00000112 20130925 20130926 高橋裕美子所長 訪問看護ﾘﾊﾋﾞﾘﾃｰｼｮﾝｹｱｰｽﾞたまプラ 1 2014052800000000 00078
00000112 20131029 20130921 氏原良男様 本人 1 20140704020007 00078
00000112 20131029 20130921 萩原葉子介護支援専門員 ｸﾞﾗﾝｸﾚｰﾙ・ｹｱｻｰﾋﾞｽ横浜 1 20140704020007 00078
00000112 20131029 20130921 鈴木亨 もえぎ野地域ケアプラザ 1 20140704020007 00078
00000112 20131029 20130921 高橋裕美子所長 訪問看護ﾘﾊﾋﾞﾘﾃｰｼｮﾝｹｱｰｽﾞたまプラ 1 20140704020007 00078
00000112 20131029 20130921 上杉　祐一郎 フロンティア横浜北事業所 1 20140704020007 00078
00000112 20131029 20130921 千葉由紀子OT 訪問看護ﾘﾊﾋﾞﾘﾃｰｼｮﾝｹｱｰｽﾞたまプラーザ 1 20140704020007 00078
00000112 20131029 20130921 吉野生活相談員 ｸﾞﾗﾝｸﾚｰﾙ藤が丘 1 20140704020007 00078
00000112 20131029 20130921 三浦まり子 やさしい手青葉台店 1 20140704020007 00078
