000012232015041 00001223 2015 04 07 61 1211 1 12:00 12:59 0073 1 2335 0 _ _ 1 20150729110315 161
000012232015041 00001223 2015 04 09 61 1211 1 12:00 12:59 0073 1 2335 0 _ _ 1 20150729110315 161
000012232015041 00001223 2015 04 14 61 1211 1 12:00 12:59 0073 1 2335 0 _ _ 1 20150729110315 161
000012232015041 00001223 2015 04 16 61 1211 1 12:00 12:59 0073 1 2335 0 _ _ 1 20150729110315 161
000012232015041 00001223 2015 04 21 61 1211 1 12:00 12:59 0073 1 2335 0 _ _ 1 20150729110315 161
000012232015041 00001223 2015 04 23 61 1211 1 12:00 12:59 0073 1 2335 0 _ _ 1 20150729110315 161
000012232015041 00001223 2015 04 28 61 1211 1 12:00 12:59 0073 1 2335 0 _ _ 1 20150729110315 161
000012232015041 00001223 2015 04 30 61 1211 1 12:00 12:59 0073 1 2335 0 _ _ 1 20150729110315 161
000012232015051 00001223 2015 05 03 65 1121 1 10:00 15:00 0061 1 3377 0 _ _ 1 20150729134026 161
000012232015051 00001223 2015 05 10 65 1121 1 10:00 15:00 0061 1 3377 0 _ _ 1 20150729134026 161
000012232015051 00001223 2015 05 17 65 1121 1 10:00 15:00 0061 1 3377 0 _ _ 1 20150729134026 161
000012232015051 00001223 2015 05 24 65 1121 1 10:00 15:00 0061 1 3377 0 _ _ 1 20150729134026 161
000012232015051 00001223 2015 05 31 65 1121 1 10:00 15:00 0061 1 3377 0 _ _ 1 20150729134026 161
000012232015052 00001223 2015 05 03 65 5002 1 _ _ 0061 1 225 0 _ _ 1 20150729134026 161
000012232015052 00001223 2015 05 10 65 5002 1 _ _ 0061 1 225 0 _ _ 1 20150729134026 161
000012232015052 00001223 2015 05 17 65 5002 1 _ _ 0061 1 225 0 _ _ 1 20150729134026 161
000012232015052 00001223 2015 05 24 65 5002 1 _ _ 0061 1 225 0 _ _ 1 20150729134026 161
000012232015052 00001223 2015 05 31 65 5002 1 _ _ 0061 1 225 0 _ _ 1 20150729134026 161
000012232015053 00001223 2015 05 03 65 6104 1 _ _ 0061 1 48 0 _ _ 1 20150729134026 161
000012232015053 00001223 2015 05 10 65 6104 1 _ _ 0061 1 48 0 _ _ 1 20150729134026 161
000012232015053 00001223 2015 05 17 65 6104 1 _ _ 0061 1 48 0 _ _ 1 20150729134026 161
000012232015053 00001223 2015 05 24 65 6104 1 _ _ 0061 1 48 0 _ _ 1 20150729134026 161
000012232015053 00001223 2015 05 31 65 6104 1 _ _ 0061 1 48 0 _ _ 1 20150729134026 161
000012232015054 00001223 2015 05 04 61 1211 1 12:00 12:59 0073 1 2335 0 _ _ 1 20150729134026 161
000012232015054 00001223 2015 05 08 61 1211 1 12:00 12:59 0073 1 2335 0 _ _ 1 20150729134026 161
000012232015054 00001223 2015 05 11 61 1211 1 12:00 12:59 0073 1 2335 0 _ _ 1 20150729134026 161
000012232015054 00001223 2015 05 15 61 1211 1 12:00 12:59 0073 1 2335 0 _ _ 1 20150729134026 161
000012232015054 00001223 2015 05 18 61 1211 1 12:00 12:59 0073 1 2335 0 _ _ 1 20150729134026 161
000012232015054 00001223 2015 05 22 61 1211 1 12:00 12:59 0073 1 2335 0 _ _ 1 20150729134026 161
000012232015054 00001223 2015 05 25 61 1211 1 12:00 12:59 0073 1 2335 0 _ _ 1 20150729134026 161
000012232015055 00001223 2015 05 29 61 1211 1 14:00 14:45 0073 1 2335 0 _ _ 1 20150729134026 161
