00000245 2013 11 1 1 00032 1 20140702102949 00078
00000245 2013 12 1 1 00032 1 20140702104457 00078
00000245 2014 01 1 1 00032 1 20140617182334 00052
00000245 2014 02 1 1 00032 1 20140617182402 00052
00000245 2014 03 1 1 00032 1 20140617182425 00052
00000245 2014 04 1 1 00032 1 20140617182454 00052
00000245 2014 05 1 1 00032 1 20140812182917 00078
00000245 2014 06 1 1 00032 1 20140701163336 00047
00000245 2014 07 1 1 00032 1 20140802152546 00047
00000245 2014 08 _ _ 00032 1 20140810182158 00032
