00000074 2012 11 3 16580 1 20140808152638 00030
00000074 2012 12 3 16580 1 20140808153249 00030
00000074 2013 01 3 16580 1 20140725111542 00030
00000074 2013 02 3 16580 1 20140725111946 00030
00000074 2013 03 3 16580 1 20140725112248 00030
00000074 2013 04 3 16580 1 20140725112537 00030
00000074 2013 05 3 16580 1 20140725113249 00030
00000074 2013 06 3 16580 1 20140725113450 00030
00000074 2013 07 3 16580 1 20140725113847 00030
00000074 2013 08 3 16580 1 20140725114145 00030
00000074 2013 09 3 16580 1 20140627122519 00030
00000074 2013 10 3 16580 1 20140627122501 00030
