1 00000065 2012 06 61 0073 グランクレール・ケアサービス横浜 1111 予防訪問介護Ⅰ 1220 0 1220 4 1220 0 1220 1220 0 10.84 13224 90 11901 1323 0 n n 0 1 20140807151257 00034
1 00000065 2012 07 61 0073 グランクレール・ケアサービス横浜 1111 予防訪問介護Ⅰ 1220 0 1220 4 1220 0 1220 1220 0 10.84 13224 90 11901 1323 0 n n 0 1 20140807151930 00034
1 00000065 2012 08 61 0073 グランクレール・ケアサービス横浜 1111 予防訪問介護Ⅰ 1220 0 1220 5 1220 0 1220 1220 0 10.84 13224 90 11901 1323 0 n n 0 1 20140807152658 00034
1 00000065 2012 09 61 0073 グランクレール・ケアサービス横浜 1111 予防訪問介護Ⅰ 1220 0 1220 4 1220 0 1220 1220 0 10.84 13224 90 11901 1323 0 n n 0 1 20140807153202 00034
1 00000065 2012 10 61 0073 グランクレール・ケアサービス横浜 1111 予防訪問介護Ⅰ 1220 0 1220 4 1220 0 1220 1220 0 10.84 13224 90 11901 1323 0 n n 0 1 20140807154000 00034
1 00000065 2012 11 61 0073 グランクレール・ケアサービス横浜 1111 予防訪問介護Ⅰ 1220 0 1220 5 1220 0 1220 1220 0 10.84 13224 90 11901 1323 0 n n 0 1 20140807155017 00034
1 00000065 2012 12 61 0073 グランクレール・ケアサービス横浜 1111 予防訪問介護Ⅰ 1220 0 1220 4 1220 0 1220 1220 0 10.84 13224 90 11901 1323 0 n n 0 1 20140807155411 00034
1 00000065 2013 01 61 0073 グランクレール・ケアサービス横浜 1111 予防訪問介護Ⅰ 1220 0 1220 4 1220 0 1220 1220 0 10.84 13224 90 11901 1323 0 n n 0 1 20140724121956 00034
1 00000065 2013 02 61 0073 グランクレール・ケアサービス横浜 1111 予防訪問介護Ⅰ 1220 0 1220 4 1220 0 1220 1220 0 10.84 13224 90 11901 1323 0 n n 0 1 20140724122348 00034
1 00000065 2013 03 61 0073 グランクレール・ケアサービス横浜 1111 予防訪問介護Ⅰ 1220 0 1220 5 1220 0 1220 1220 0 10.84 13224 90 11901 1323 0 n n 0 1 20140724122946 00034
1 00000065 2013 04 61 0073 グランクレール・ケアサービス横浜 1111 予防訪問介護Ⅰ 1220 0 1220 4 1220 0 1220 1220 0 10.84 13224 90 11901 1323 0 n n 0 1 20140724133617 00034
1 00000065 2013 05 61 0073 グランクレール・ケアサービス横浜 1111 予防訪問介護Ⅰ 1220 0 1220 5 1220 0 1220 1220 0 10.84 13224 90 11901 1323 0 n n 0 1 20140724134254 00034
1 00000065 2013 06 61 0073 グランクレール・ケアサービス横浜 1111 予防訪問介護Ⅰ 1220 0 1220 4 1220 0 1220 1220 0 10.84 13224 90 11901 1323 0 n n 0 1 20140724134605 00034
1 00000065 2013 07 61 0073 グランクレール・ケアサービス横浜 1111 予防訪問介護Ⅰ 1220 0 1220 4 1220 0 1220 1220 0 10.84 13224 90 11901 1323 0 n n 0 1 20140724134904 00034
1 00000065 2013 08 61 0073 グランクレール・ケアサービス横浜 1111 予防訪問介護Ⅰ 1220 0 1220 5 1220 0 1220 1220 0 10.84 13224 90 11901 1323 0 n n 0 1 20140724135252 00034
1 00000065 2013 09 61 0073 グランクレール・ケアサービス横浜 1111 予防訪問介護Ⅰ 1220 0 1220 4 1220 0 1220 1220 0 10.84 13224 90 11901 1323 0 n n 0 1 20140626174844 00034
1 00000065 2013 11 61 0073 グランクレール・ケアサービス横浜 1111 予防訪問介護Ⅰ 1220 0 1220 5 1220 0 1220 1220 0 10.84 13224 90 11901 1323 0 n n 0 1 20140626175532 00034
1 00000065 2013 12 61 0073 グランクレール・ケアサービス横浜 1111 予防訪問介護Ⅰ 1220 0 1220 4 1220 0 1220 1220 0 10.84 13224 90 11901 1323 0 n n 0 1 20140626175847 00034
1 00000065 2014 01 61 0073 グランクレール・ケアサービス横浜 1111 予防訪問介護Ⅰ 1220 0 1220 4 1220 0 1220 1220 0 10.84 13224 90 11901 1323 0 n n 0 1 20140612181643 00034
1 00000065 2014 02 61 0073 グランクレール・ケアサービス横浜 1111 予防訪問介護Ⅰ 1220 0 1220 4 1220 0 1220 1220 0 10.84 13224 90 11901 1323 0 n n 0 1 20140612182259 00034
1 00000065 2014 03 61 0073 グランクレール・ケアサービス横浜 1111 予防訪問介護Ⅰ 1220 0 1220 4 1220 0 1220 1220 0 10.84 13224 90 11901 1323 0 n n 0 1 20140612182538 00034
1 00000065 2014 04 61 0073 グランクレール・ケアサービス横浜 1111 予防訪問介護Ⅰ 1226 0 1226 4 1226 0 1226 1226 0 10.84 13289 90 11960 1329 0 n n 0 1 20140612182909 00034
1 00000065 2014 05 61 0073 グランクレール・ケアサービス横浜 1111 予防訪問介護Ⅰ 1226 0 1226 5 1226 0 1226 1226 0 10.84 13289 90 11960 1329 0 n n 0 1 20140815181429 00034
1 00000065 2014 06 61 0073 グランクレール・ケアサービス横浜 1111 予防訪問介護Ⅰ 1226 0 1226 4 1226 0 1226 1226 0 10.84 13289 90 11960 1329 0 n n 0 1 20140628121509 00035
2 00000065 2012 06 61 0073 グランクレール・ケアサービス横浜 6271 予防訪問介護処遇改善加算Ⅰ 49 0 49 1 49 0 49 49 0 10.84 531 90 477 54 0 a g 0 1 20140807151257 00034
2 00000065 2012 07 61 0073 グランクレール・ケアサービス横浜 6271 予防訪問介護処遇改善加算Ⅰ 49 0 49 1 49 0 49 49 0 10.84 531 90 477 54 0 a g 0 1 20140807151930 00034
2 00000065 2012 08 61 0073 グランクレール・ケアサービス横浜 6271 予防訪問介護処遇改善加算Ⅰ 49 0 49 1 49 0 49 49 0 10.84 531 90 477 54 0 a g 0 1 20140807152658 00034
2 00000065 2012 09 61 0073 グランクレール・ケアサービス横浜 6271 予防訪問介護処遇改善加算Ⅰ 49 0 49 1 49 0 49 49 0 10.84 531 90 477 54 0 a g 0 1 20140807153202 00034
2 00000065 2012 10 61 0073 グランクレール・ケアサービス横浜 6271 予防訪問介護処遇改善加算Ⅰ 49 0 49 1 49 0 49 49 0 10.84 531 90 477 54 0 a g 0 1 20140807154000 00034
2 00000065 2012 11 61 0073 グランクレール・ケアサービス横浜 6271 予防訪問介護処遇改善加算Ⅰ 49 0 49 1 49 0 49 49 0 10.84 531 90 477 54 0 a g 0 1 20140807155017 00034
2 00000065 2012 12 61 0073 グランクレール・ケアサービス横浜 6271 予防訪問介護処遇改善加算Ⅰ 49 0 49 1 49 0 49 49 0 10.84 531 90 477 54 0 a g 0 1 20140807155411 00034
2 00000065 2013 01 61 0073 グランクレール・ケアサービス横浜 6271 予防訪問介護処遇改善加算Ⅰ 49 0 49 1 49 0 49 49 0 10.84 531 90 477 54 0 a g 0 1 20140724121956 00034
2 00000065 2013 02 61 0073 グランクレール・ケアサービス横浜 6271 予防訪問介護処遇改善加算Ⅰ 49 0 49 1 49 0 49 49 0 10.84 531 90 477 54 0 a g 0 1 20140724122348 00034
2 00000065 2013 03 61 0073 グランクレール・ケアサービス横浜 6271 予防訪問介護処遇改善加算Ⅰ 49 0 49 1 49 0 49 49 0 10.84 531 90 477 54 0 a g 0 1 20140724122946 00034
2 00000065 2013 04 61 0073 グランクレール・ケアサービス横浜 6271 予防訪問介護処遇改善加算Ⅰ 49 0 49 1 49 0 49 49 0 10.84 531 90 477 54 0 a g 0 1 20140724133617 00034
2 00000065 2013 05 61 0073 グランクレール・ケアサービス横浜 6271 予防訪問介護処遇改善加算Ⅰ 49 0 49 1 49 0 49 49 0 10.84 531 90 477 54 0 a g 0 1 20140724134254 00034
2 00000065 2013 06 61 0073 グランクレール・ケアサービス横浜 6271 予防訪問介護処遇改善加算Ⅰ 49 0 49 1 49 0 49 49 0 10.84 531 90 477 54 0 a g 0 1 20140724134605 00034
2 00000065 2013 07 61 0073 グランクレール・ケアサービス横浜 6271 予防訪問介護処遇改善加算Ⅰ 49 0 49 1 49 0 49 49 0 10.84 531 90 477 54 0 a g 0 1 20140724134904 00034
2 00000065 2013 08 61 0073 グランクレール・ケアサービス横浜 6271 予防訪問介護処遇改善加算Ⅰ 49 0 49 1 49 0 49 49 0 10.84 531 90 477 54 0 a g 0 1 20140724135252 00034
2 00000065 2013 09 61 0073 グランクレール・ケアサービス横浜 6271 予防訪問介護処遇改善加算Ⅰ 49 0 49 1 49 0 49 49 0 10.84 531 90 477 54 0 a g 0 1 20140626174844 00034
2 00000065 2013 11 61 0073 グランクレール・ケアサービス横浜 6271 予防訪問介護処遇改善加算Ⅰ 49 0 49 1 49 0 49 49 0 10.84 531 90 477 54 0 a g 0 1 20140626175532 00034
2 00000065 2013 12 61 0073 グランクレール・ケアサービス横浜 6271 予防訪問介護処遇改善加算Ⅰ 49 0 49 1 49 0 49 49 0 10.84 531 90 477 54 0 a g 0 1 20140626175847 00034
2 00000065 2014 01 61 0073 グランクレール・ケアサービス横浜 6271 予防訪問介護処遇改善加算Ⅰ 49 0 49 1 49 0 49 49 0 10.84 531 90 477 54 0 a g 0 1 20140612181643 00034
2 00000065 2014 02 61 0073 グランクレール・ケアサービス横浜 6271 予防訪問介護処遇改善加算Ⅰ 49 0 49 1 49 0 49 49 0 10.84 531 90 477 54 0 a g 0 1 20140612182259 00034
2 00000065 2014 03 61 0073 グランクレール・ケアサービス横浜 6271 予防訪問介護処遇改善加算Ⅰ 49 0 49 1 49 0 49 49 0 10.84 531 90 477 54 0 a g 0 1 20140612182538 00034
2 00000065 2014 04 61 0073 グランクレール・ケアサービス横浜 6271 予防訪問介護処遇改善加算Ⅰ 49 0 49 1 49 0 49 49 0 10.84 531 90 477 54 0 a g 0 1 20140612182909 00034
2 00000065 2014 05 61 0073 グランクレール・ケアサービス横浜 6271 予防訪問介護処遇改善加算Ⅰ 49 0 49 1 49 0 49 49 0 10.84 531 90 477 54 0 a g 0 1 20140815181429 00034
2 00000065 2014 06 61 0073 グランクレール・ケアサービス横浜 6271 予防訪問介護処遇改善加算Ⅰ 49 0 49 1 49 0 49 49 0 10.84 531 90 477 54 0 a g 0 1 20140628121509 00035
