00000065 0073 2012 06 _ 1 20140807151257 00034
00000065 0073 2012 07 _ 1 20140807151930 00034
00000065 0073 2012 08 _ 1 20140807152658 00034
00000065 0073 2012 09 _ 1 20140807153202 00034
00000065 0073 2012 10 _ 1 20140807154000 00034
00000065 0073 2012 11 _ 1 20140807155017 00034
00000065 0073 2012 12 _ 1 20140807155411 00034
00000065 0073 2013 01 _ 1 20140724121956 00034
00000065 0073 2013 02 _ 1 20140724122348 00034
00000065 0073 2013 03 _ 1 20140724122946 00034
00000065 0073 2013 04 _ 1 20140724133617 00034
00000065 0073 2013 05 _ 1 20140724134254 00034
00000065 0073 2013 06 _ 1 20140724134605 00034
00000065 0073 2013 07 _ 1 20140724134904 00034
00000065 0073 2013 08 _ 1 20140724135252 00034
00000065 0073 2013 09 _ 1 20140626174844 00034
00000065 0073 2013 11 _ 1 20140626175532 00034
00000065 0073 2013 12 _ 1 20140626175847 00034
00000065 0073 2014 01 _ 1 20140612181643 00034
00000065 0073 2014 02 _ 1 20140612182259 00034
00000065 0073 2014 03 _ 1 20140612182538 00034
00000065 0073 2014 04 _ 1 20140612182909 00034
00000065 0073 2014 05 _ 1 20140815181429 00034
00000065 0073 2014 06 _ 1 20140628121509 00035
