000002262014121 00000226 2014 12 02 11 1111 16:00 16:29 0029 1 255 0 _ _ 1 1 20141125145843 42
000002262014121 00000226 2014 12 05 11 1111 16:00 16:29 0029 1 255 0 _ _ 1 1 20141125145843 42
000002262014121 00000226 2014 12 09 11 1111 16:00 16:29 0029 1 255 0 _ _ 1 1 20141125145843 42
000002262014121 00000226 2014 12 12 11 1111 16:00 16:29 0029 1 255 0 _ _ 1 1 20141125145843 42
000002262014121 00000226 2014 12 16 11 1111 16:00 16:29 0029 1 255 0 _ _ 1 1 20141125145843 42
000002262014121 00000226 2014 12 19 11 1111 16:00 16:29 0029 1 255 0 _ _ 1 1 20141125145843 42
000002262014121 00000226 2014 12 23 11 1111 16:00 16:29 0029 1 255 0 _ _ 1 1 20141125145843 42
000002262014121 00000226 2014 12 26 11 1111 16:00 16:29 0029 1 255 0 _ _ 1 1 20141125145843 42
000002262014121 00000226 2014 12 30 11 1111 16:00 16:29 0029 1 255 0 _ _ 1 1 20141125145843 42
000002262014122 00000226 2014 12 02 11 7311 13:00 13:59 0029 1 236 0 _ _ 1 1 20141125145843 42
000002262014122 00000226 2014 12 05 11 7311 13:00 13:59 0029 1 236 0 _ _ 1 1 20141125145843 42
000002262014122 00000226 2014 12 09 11 7311 13:00 13:59 0029 1 236 0 _ _ 1 1 20141125145843 42
000002262014122 00000226 2014 12 12 11 7311 13:00 13:59 0029 1 236 0 _ _ 1 1 20141125145843 42
000002262014122 00000226 2014 12 16 11 7311 13:00 13:59 0029 1 236 0 _ _ 1 1 20141125145843 42
000002262014122 00000226 2014 12 19 11 7311 13:00 13:59 0029 1 236 0 _ _ 1 1 20141125145843 42
000002262014122 00000226 2014 12 23 11 7311 13:00 13:59 0029 1 236 0 _ _ 1 1 20141125145843 42
000002262014122 00000226 2014 12 26 11 7311 13:00 13:59 0029 1 236 0 _ _ 1 1 20141125145843 42
000002262014122 00000226 2014 12 30 11 7311 13:00 13:59 0029 1 236 0 _ _ 1 1 20141125145843 42
000002262014123 00000226 2014 12 01 17 1007 _ _ 0389 1 900 0 _ _ 1 1 20141125145843 42
000002262014124 00000226 2014 12 02 11 4001 _ _ 0029 1 200 0 _ _ 1 1 20141125145843 42
