000001692014061 00000169 2014 06 06 15 1241 1 13:30 16:30 0258 1 464 0 _ _ 1 20140702163736 25
000001692014061 00000169 2014 06 12 15 1241 1 13:30 16:30 0258 1 464 0 _ _ 1 20140702163736 25
000001692014061 00000169 2014 06 19 15 1241 1 13:30 16:30 0258 1 464 0 _ _ 1 20140702163736 25
000001692014061 00000169 2014 06 26 15 1241 1 13:30 16:30 0258 1 464 0 _ _ 1 20140702163736 25
000001692014062 00000169 2014 06 06 15 5051 1 13:30 16:30 0258 1 42 0 _ _ 1 20140702163736 25
000001692014062 00000169 2014 06 12 15 5051 1 13:30 16:30 0258 1 42 0 _ _ 1 20140702163736 25
000001692014062 00000169 2014 06 19 15 5051 1 13:30 16:30 0258 1 42 0 _ _ 1 20140702163736 25
000001692014062 00000169 2014 06 26 15 5051 1 13:30 16:30 0258 1 42 0 _ _ 1 20140702163736 25
000001692014063 00000169 2014 06 06 15 5052 1 13:30 16:30 0258 1 50 0 _ _ 1 20140702163736 25
000001692014063 00000169 2014 06 12 15 5052 1 13:30 16:30 0258 1 50 0 _ _ 1 20140702163736 25
000001692014063 00000169 2014 06 19 15 5052 1 13:30 16:30 0258 1 50 0 _ _ 1 20140702163736 25
000001692014063 00000169 2014 06 26 15 5052 1 13:30 16:30 0258 1 50 0 _ _ 1 20140702163736 25
000001692014064 00000169 2014 06 06 15 5606 1 13:30 16:30 0258 1 150 0 _ _ 1 20140702163736 25
000001692014064 00000169 2014 06 19 15 5606 1 13:30 16:30 0258 1 150 0 _ _ 1 20140702163736 25
000001692014071 00000169 2014 07 03 15 1241 1 13:30 16:30 0258 1 464 0 _ _ 1 20140804180110 25
000001692014071 00000169 2014 07 10 15 1241 1 13:30 16:30 0258 1 464 0 _ _ 1 20140804180110 25
000001692014071 00000169 2014 07 24 15 1241 1 13:30 16:30 0258 1 464 0 _ _ 1 20140804180110 25
000001692014072 00000169 2014 07 03 15 5051 1 _ _ 0258 1 42 0 _ _ 1 20140804180110 25
000001692014072 00000169 2014 07 10 15 5051 1 _ _ 0258 1 42 0 _ _ 1 20140804180110 25
000001692014072 00000169 2014 07 24 15 5051 1 _ _ 0258 1 42 0 _ _ 1 20140804180110 25
000001692014073 00000169 2014 07 03 15 5052 1 _ _ 0258 1 50 0 _ _ 1 20140804180110 25
000001692014073 00000169 2014 07 10 15 5052 1 _ _ 0258 1 50 0 _ _ 1 20140804180110 25
000001692014073 00000169 2014 07 24 15 5052 1 _ _ 0258 1 50 0 _ _ 1 20140804180110 25
000001692014074 00000169 2014 07 03 15 5606 1 _ _ 0258 1 150 0 _ _ 1 20140804180110 25
000001692014074 00000169 2014 07 24 15 5606 1 _ _ 0258 1 150 0 _ _ 1 20140804180110 25
