00000087 00002 00002 05 _ _ _ 1 0 0 0 _ _ 0 0 1 20140828210408 00034
00000087 00002 00003 05 26 8 平成26年8月28日 2 0 1 0 _ 7日は買物代行しています。桃やキャベツ、風呂用洗剤購入しています。午後に美容院に行くとおっしゃっていました。\n14日は高校野球が楽しいとテレビをご覧になっておりました。\n21日は病院がお盆で休みのため、歩いていないから、足の調子が悪いとおっしゃっていました。\n体調は大きなお変わりなく、計画通りに掃除を行うことができています。\n\n\n 0 3 1 20140828210408 00034
00000087 00002 00004 05 _ _ _ 1 0 0 0 _ _ 0 0 1 20140828210408 00034
00000087 00003 00002 05 _ _ _ 1 0 1 0 _ _ 0 0 1 20140828210431 00034
00000087 00003 00003 05 26 8 平成26年8月28日 2 0 1 0 _ 7日は買物代行しています。桃やキャベツ、風呂用洗剤購入しています。午後に美容院に行くとおっしゃっていました。\n14日は高校野球が楽しいとテレビをご覧になっておりました。\n21日は病院がお盆で休みのため、歩いていないから、足の調子が悪いとおっしゃっていました。\n体調は大きなお変わりなく、計画通りに掃除を行うことができています。\n\n\n 0 3 1 20140828210431 00034
00000087 00003 00004 05 _ _ _ 1 0 0 0 _ _ 0 0 1 20140828210431 00034
00000087 00004 00002 05 _ _ _ 1 0 1 0 _ _ 0 0 1 20140828210520 00034
00000087 00004 00003 05 26 8 平成26年8月28日 2 0 1 0 _ 7日は買物代行しています。桃やキャベツ、風呂用洗剤購入しています。午後に美容院に行くとおっしゃっていました。\n14日は高校野球が楽しいとテレビをご覧になっておりました。\n21日は病院がお盆で休みのため、歩いていないから、足の調子が悪いとおっしゃっていました。\n体調に大きなお変わりなく、計画通りに掃除を行うことができています。\n\n\n 0 3 1 20140828210520 00034
00000087 00004 00004 05 _ _ _ 1 0 0 0 _ _ 0 0 1 20140828210520 00034
00000087 00005 00002 05 _ _ _ 1 0 1 0 _ _ 0 0 1 20140828221343 00034
00000087 00005 00003 05 26 8 平成26年8月28日 2 0 1 0 _ 7日は買物代行しています。桃やキャベツ、風呂用洗剤購入しています。午後に美容院に行くとおっしゃっていました。\n14日は高校野球が楽しいとテレビをご覧になっておりました。\n21日は病院がお盆で休みのため、歩いていないから、足の調子が悪いとおっしゃっていました。\n28日から定期で9：30～10：30に時間変更でサービス行っています。\n体調に大きなお変わりなく、計画通りに掃除を行うことができています。\n\n\n\n 0 3 1 20140828221343 00034
00000087 00005 00004 05 _ _ _ 1 0 0 0 _ _ 0 0 1 20140828221343 00034
00000087 00006 00002 05 _ _ _ 1 0 1 0 _ _ 0 0 1 20140828221424 00034
00000087 00006 00003 05 26 8 平成26年8月28日 2 0 1 0 _ 7日は買物代行しています。桃やキャベツ、風呂用洗剤購入しています。午後に美容院に行くとおっしゃっていました。14日は高校野球が楽しいとテレビをご覧になっておりました。21日は病院がお盆で休みのため、歩いていないから、足の調子が悪いとおっしゃっていました。28日から定期で9：30～10：30に時間変更でサービス行っています。\n体調に大きなお変わりなく、計画通りに掃除を行うことができています。\n\n\n\n 0 3 1 20140828221424 00034
00000087 00006 00004 05 _ _ _ 1 0 0 0 _ _ 0 0 1 20140828221424 00034
00000087 00007 00002 05 _ _ _ 2 0 1 0 _ _ 0 0 1 20140927175408 00034
00000087 00007 00003 05 26 8 平成26年8月28日 2 0 1 0 _ 7日は買物代行しています。桃やキャベツ、風呂用洗剤購入しています。午後に美容院に行くとおっしゃっていました。14日は高校野球が楽しいとテレビをご覧になっておりました。21日は病院がお盆で休みのため、歩いていないから、足の調子が悪いとおっしゃっていました。28日から定期で9：30～10：30に時間変更でサービス行っています。\n体調に大きなお変わりなく、計画通りに掃除を行うことができています。 0 3 1 20140927175408 00034
00000087 00007 00004 05 26 9 平成26年9月27日 2 0 1 0 _ 18日にモニタリングを行う(別紙モニタリングシート参照)\n11日は、先週行かれた足のマッサージのもみ返しがあり、少し痛みがあるとおっしゃっていました。18日の訪問時ももみ返しのことを話されていました。また、前日のデイのマージャンで2時間座り続けて疲れが重なり、サービス後にあすなろ整形外科に行くとおっしゃっていました25日は、雨が降っていたため、足のしびれがひどいと話されています。\n掃除は、計画通りに行うことができています。 0 3 1 20140927175408 00034
00000087 00008 00002 05 26 10 平成26年10月30日 2 0 1 0 _ 2日訪問時の話では、半月前から首回りに湿疹ができており、デイの方から皮膚科受診を勧められたそうです。その後の様子はお聞きしていません。\n9日はご要望のあった台所シンク回りを時間内に掃除しました。\n16日は東急ベルの宅配を始められ、午前中納品を待っているとの事でした。また、浴室の暖房の入れ方の説明と買い物代行（トイレットペーパー・掃除用品）しております。\n足が弱くなっていることをご心配され、「買い物用カートを借りようかと迷っている」とヘルパーに話したようです。バスボードのお試しの件は相談員より聞いております。 0 3 1 20141127161712 00034
00000087 00008 00003 05 26 11 平成26年8月28日 2 0 1 0 _ 6日、サービス後にリハビリに行くとおっしゃっていました。サービス中洗濯物をご自分で干されています。13日は、サービス後にインフルエンザの予防接種を受けると話されています。20日は、事業所の都合でご本人と相談し、9：00～サービスを行わせて頂いています。デイサービスの翌日でずっと座っていたから足の動きが悪いとおっしゃっていました。27日も事業所の都合で、15：00～に時間変更して頂いています。手押しのカートをやっぱり使おうかと悩んでおられました。 0 3 1 20141127161712 00034
00000087 00008 00004 05 _ _ 平成26年9月27日 2 0 1 0 _ _ 0 3 1 20141127161712 00034
