00000087 0073 2013 05 1 1 20140725181146 00034
00000087 0073 2013 06 1 1 20140725181305 00034
00000087 0073 2013 07 1 1 20140725181502 00034
00000087 0073 2013 08 1 1 20140725181701 00034
00000087 0073 2013 09 1 1 20140627174734 00034
00000087 0073 2013 10 1 1 20140627174933 00034
00000087 0073 2013 11 1 1 20140627175029 00034
00000087 0073 2013 12 1 1 20140627175150 00034
00000087 0073 2014 01 1 1 20140620102004 00078
00000087 0073 2014 02 1 1 20140620102115 00078
00000087 0073 2014 03 1 1 20140620102205 00078
00000087 0073 2014 04 1 1 20140620102355 00078
00000087 0073 2014 05 1 1 20140818112218 00034
00000087 0073 2014 06 1 1 20140701101457 00034
00000087 0073 2014 07 1 1 20140731123252 00035
00000087 0073 2014 08 1 1 20140829203130 00038
00000087 0073 2014 09 1 1 20140927191639 00038
00000087 0073 2014 10 1 1 20141030150422 00038
00000087 0073 2014 11 1 1 20141127190107 00038
00000087 0073 2014 12 _ 1 20141204114557 00229
