000001532014051 00000153 2014 05 06 11 1211 15:30 16:29 0070 1 404 0 _ _ 1 1 20140818173730 24
000001532014051 00000153 2014 05 13 11 1211 15:30 16:29 0070 1 404 0 _ _ 1 1 20140818173730 24
000001532014051 00000153 2014 05 20 11 1211 15:30 16:29 0070 1 404 0 _ _ 1 1 20140818173730 24
000001532014051 00000153 2014 05 27 11 1211 15:30 16:29 0070 1 404 0 _ _ 1 1 20140818173730 24
000001532014052 00000153 2014 05 01 11 5111 15:45 17:15 0070 1 474 0 _ _ 1 1 20140818173730 24
000001532014052 00000153 2014 05 08 11 5111 15:45 17:15 0070 1 474 0 _ _ 1 1 20140818173730 24
000001532014052 00000153 2014 05 15 11 5111 15:45 17:15 0070 1 474 0 _ _ 1 1 20140818173730 24
000001532014052 00000153 2014 05 22 11 5111 15:45 17:15 0070 1 474 0 _ _ 1 1 20140818173730 24
000001532014052 00000153 2014 05 29 11 5111 15:45 17:15 0070 1 474 0 _ _ 1 1 20140818173730 24
000001532014053 00000153 2014 05 03 11 1211 16:30 17:29 0070 1 404 0 _ _ 1 1 20140818173730 24
000001532014053 00000153 2014 05 10 11 1211 16:30 17:29 0070 1 404 0 _ _ 1 1 20140818173730 24
000001532014053 00000153 2014 05 17 11 1211 16:30 17:29 0070 1 404 0 _ _ 1 1 20140818173730 24
000001532014053 00000153 2014 05 24 11 1211 16:30 17:29 0070 1 404 0 _ _ 1 1 20140818173730 24
000001532014053 00000153 2014 05 31 11 1211 16:30 17:29 0070 1 404 0 _ _ 1 1 20140818173730 24
000001532014054 00000153 2014 05 01 17 1001 _ _ 0256 1 290 0 _ _ 1 1 20140818173730 24
000001532014055 00000153 2014 05 01 17 1007 _ _ 0256 1 204 0 _ _ 1 1 20140818173730 24
000001532014056 00000153 2014 05 01 17 1009 _ _ 0256 1 308 0 _ _ 1 1 20140818173730 24
000001532014061 00000153 2014 06 03 11 1211 15:30 16:29 0070 1 404 0 _ _ _ 1 20140703180352 11
000001532014061 00000153 2014 06 10 11 1211 15:30 16:29 0070 1 404 0 _ _ _ 1 20140703180352 11
000001532014061 00000153 2014 06 17 11 1211 15:30 16:29 0070 1 404 0 _ _ _ 1 20140703180352 11
000001532014061 00000153 2014 06 24 11 1211 15:30 16:29 0070 1 404 0 _ _ _ 1 20140703180352 11
000001532014062 00000153 2014 06 05 11 5111 15:45 17:14 0070 1 474 0 _ _ _ 1 20140703180352 11
000001532014062 00000153 2014 06 19 11 5111 15:45 17:14 0070 1 474 0 _ _ _ 1 20140703180352 11
000001532014062 00000153 2014 06 26 11 5111 15:45 17:14 0070 1 474 0 _ _ _ 1 20140703180352 11
000001532014063 00000153 2014 06 12 11 5111 15:50 17:14 0070 1 474 0 _ _ _ 1 20140703180352 11
000001532014064 00000153 2014 06 07 11 1211 16:30 17:29 0070 1 404 0 _ _ _ 1 20140703180352 11
000001532014064 00000153 2014 06 14 11 1211 16:30 17:29 0070 1 404 0 _ _ _ 1 20140703180352 11
000001532014064 00000153 2014 06 21 11 1211 16:30 17:29 0070 1 404 0 _ _ _ 1 20140703180352 11
000001532014064 00000153 2014 06 28 11 1211 16:30 17:29 0070 1 404 0 _ _ _ 1 20140703180352 11
000001532014065 00000153 2014 06 01 17 1001 _ _ 0256 1 450 0 _ _ _ 1 20140703180352 11
000001532014066 00000153 2014 06 01 17 1007 _ _ 0256 1 204 0 _ _ _ 1 20140703180352 11
000001532014067 00000153 2014 06 01 17 1009 _ _ 0256 1 308 0 _ _ _ 1 20140703180352 11
000001532014071 00000153 2014 07 01 11 1211 15:30 16:29 0070 1 404 0 _ _ 1 1 20140802151044 11
000001532014071 00000153 2014 07 08 11 1211 15:30 16:29 0070 1 404 0 _ _ 1 1 20140802151044 11
000001532014071 00000153 2014 07 15 11 1211 15:30 16:29 0070 1 404 0 _ _ 1 1 20140802151044 11
000001532014071 00000153 2014 07 22 11 1211 15:30 16:29 0070 1 404 0 _ _ 1 1 20140802151044 11
000001532014071 00000153 2014 07 29 11 1211 15:30 16:29 0070 1 404 0 _ _ 1 1 20140802151044 11
000001532014072 00000153 2014 07 03 11 5111 15:45 17:14 0070 1 474 0 _ _ 1 1 20140802151044 11
000001532014072 00000153 2014 07 10 11 5111 15:45 17:14 0070 1 474 0 _ _ 1 1 20140802151044 11
000001532014072 00000153 2014 07 17 11 5111 15:45 17:14 0070 1 474 0 _ _ 1 1 20140802151044 11
000001532014072 00000153 2014 07 24 11 5111 15:45 17:14 0070 1 474 0 _ _ 1 1 20140802151044 11
000001532014072 00000153 2014 07 31 11 5111 15:45 17:14 0070 1 474 0 _ _ 1 1 20140802151044 11
000001532014073 00000153 2014 07 05 11 1211 16:30 17:29 0070 1 404 0 _ _ 1 1 20140802151044 11
000001532014073 00000153 2014 07 12 11 1211 16:30 17:29 0070 1 404 0 _ _ 1 1 20140802151044 11
000001532014073 00000153 2014 07 19 11 1211 16:30 17:29 0070 1 404 0 _ _ 1 1 20140802151044 11
000001532014073 00000153 2014 07 26 11 1211 16:30 17:29 0070 1 404 0 _ _ 1 1 20140802151044 11
000001532014074 00000153 2014 07 01 17 1001 _ _ 0256 1 450 0 _ _ 1 1 20140802151044 11
000001532014075 00000153 2014 07 01 17 1007 _ _ 0256 1 204 0 _ _ 1 1 20140802151044 11
000001532014076 00000153 2014 07 01 17 1009 _ _ 0256 1 308 0 _ _ 1 1 20140802151044 11
000001532014081 00000153 2014 08 05 11 1211 15:30 16:29 0070 1 404 0 _ _ 1 1 20140903191533 11
000001532014081 00000153 2014 08 12 11 1211 15:30 16:29 0070 1 404 0 _ _ 1 1 20140903191533 11
000001532014081 00000153 2014 08 19 11 1211 15:30 16:29 0070 1 404 0 _ _ 1 1 20140903191533 11
000001532014081 00000153 2014 08 26 11 1211 15:30 16:29 0070 1 404 0 _ _ 1 1 20140903191533 11
000001532014082 00000153 2014 08 07 11 5111 15:45 17:14 0070 1 474 0 _ _ 1 1 20140903191533 11
000001532014082 00000153 2014 08 14 11 5111 15:45 17:14 0070 1 474 0 _ _ 1 1 20140903191533 11
000001532014082 00000153 2014 08 21 11 5111 15:45 17:14 0070 1 474 0 _ _ 1 1 20140903191533 11
000001532014082 00000153 2014 08 28 11 5111 15:45 17:14 0070 1 474 0 _ _ 1 1 20140903191533 11
000001532014083 00000153 2014 08 02 11 1211 16:30 17:29 0070 1 404 0 _ _ 1 1 20140903191533 11
000001532014083 00000153 2014 08 09 11 1211 16:30 17:29 0070 1 404 0 _ _ 1 1 20140903191533 11
000001532014083 00000153 2014 08 16 11 1211 16:30 17:29 0070 1 404 0 _ _ 1 1 20140903191533 11
000001532014083 00000153 2014 08 23 11 1211 16:30 17:29 0070 1 404 0 _ _ 1 1 20140903191533 11
000001532014083 00000153 2014 08 30 11 1211 16:30 17:29 0070 1 404 0 _ _ 1 1 20140903191533 11
000001532014084 00000153 2014 08 01 17 1001 _ _ 0256 1 450 0 _ _ 1 1 20140903191533 11
000001532014085 00000153 2014 08 01 17 1007 _ _ 0256 1 204 0 _ _ 1 1 20140903191533 11
000001532014086 00000153 2014 08 01 17 1009 _ _ 0256 1 308 0 _ _ 1 1 20140903191533 11
000001532014091 00000153 2014 09 02 11 1211 15:30 16:29 0070 1 404 0 _ _ 1 1 20141001172803 11
000001532014091 00000153 2014 09 09 11 1211 15:30 16:29 0070 1 404 0 _ _ 1 1 20141001172803 11
000001532014091 00000153 2014 09 16 11 1211 15:30 16:29 0070 1 404 0 _ _ 1 1 20141001172803 11
000001532014091 00000153 2014 09 23 11 1211 15:30 16:29 0070 1 404 0 _ _ 1 1 20141001172803 11
000001532014091 00000153 2014 09 30 11 1211 15:30 16:29 0070 1 404 0 _ _ 1 1 20141001172803 11
000001532014092 00000153 2014 09 04 11 5111 15:45 17:14 0070 1 474 0 _ _ 1 1 20141001172803 11
000001532014092 00000153 2014 09 11 11 5111 15:45 17:14 0070 1 474 0 _ _ 1 1 20141001172803 11
000001532014092 00000153 2014 09 18 11 5111 15:45 17:14 0070 1 474 0 _ _ 1 1 20141001172803 11
000001532014092 00000153 2014 09 25 11 5111 15:45 17:14 0070 1 474 0 _ _ 1 1 20141001172803 11
000001532014093 00000153 2014 09 06 11 1211 16:30 17:29 0070 1 404 0 _ _ 1 1 20141001172803 11
000001532014093 00000153 2014 09 13 11 1211 16:30 17:29 0070 1 404 0 _ _ 1 1 20141001172803 11
000001532014093 00000153 2014 09 20 11 1211 16:30 17:29 0070 1 404 0 _ _ 1 1 20141001172803 11
000001532014093 00000153 2014 09 27 11 1211 16:30 17:29 0070 1 404 0 _ _ 1 1 20141001172803 11
000001532014094 00000153 2014 09 01 17 1001 _ _ 0256 1 450 0 _ _ 1 1 20141001172803 11
000001532014095 00000153 2014 09 01 17 1007 _ _ 0256 1 204 0 _ _ 1 1 20141001172803 11
000001532014096 00000153 2014 09 01 17 1009 _ _ 0256 1 308 0 _ _ 1 1 20141001172803 11
000001532014101 00000153 2014 10 07 11 1211 15:30 16:29 0070 1 404 0 _ _ 1 1 20141101190319 11
000001532014101 00000153 2014 10 14 11 1211 15:30 16:29 0070 1 404 0 _ _ 1 1 20141101190319 11
000001532014101 00000153 2014 10 21 11 1211 15:30 16:29 0070 1 404 0 _ _ 1 1 20141101190319 11
000001532014101 00000153 2014 10 28 11 1211 15:30 16:29 0070 1 404 0 _ _ 1 1 20141101190319 11
000001532014102 00000153 2014 10 02 11 5111 15:45 17:14 0070 1 474 0 _ _ 1 1 20141101190319 11
000001532014102 00000153 2014 10 16 11 5111 15:45 17:14 0070 1 474 0 _ _ 1 1 20141101190319 11
000001532014102 00000153 2014 10 23 11 5111 15:45 17:14 0070 1 474 0 _ _ 1 1 20141101190319 11
000001532014102 00000153 2014 10 30 11 5111 15:45 17:14 0070 1 474 0 _ _ 1 1 20141101190319 11
000001532014103 00000153 2014 10 08 11 5111 16:00 17:29 0070 1 474 0 _ _ 1 1 20141101190319 11
000001532014104 00000153 2014 10 04 11 1211 16:30 17:29 0070 1 404 0 _ _ 1 1 20141101190319 11
000001532014104 00000153 2014 10 11 11 1211 16:30 17:29 0070 1 404 0 _ _ 1 1 20141101190319 11
000001532014104 00000153 2014 10 18 11 1211 16:30 17:29 0070 1 404 0 _ _ 1 1 20141101190319 11
000001532014104 00000153 2014 10 25 11 1211 16:30 17:29 0070 1 404 0 _ _ 1 1 20141101190319 11
000001532014105 00000153 2014 10 01 17 1001 _ _ 0256 1 350 0 _ _ 1 1 20141101190319 11
000001532014106 00000153 2014 10 01 17 1007 _ _ 0256 1 204 0 _ _ 1 1 20141101190319 11
000001532014107 00000153 2014 10 01 17 1009 _ _ 0256 1 308 0 _ _ 1 1 20141101190319 11
000001532014111 00000153 2014 11 04 11 1211 15:30 16:29 0070 1 404 0 _ _ 1 1 20141202215313 11
000001532014111 00000153 2014 11 11 11 1211 15:30 16:29 0070 1 404 0 _ _ 1 1 20141202215313 11
000001532014111 00000153 2014 11 18 11 1211 15:30 16:29 0070 1 404 0 _ _ 1 1 20141202215313 11
000001532014111 00000153 2014 11 25 11 1211 15:30 16:29 0070 1 404 0 _ _ 1 1 20141202215313 11
000001532014112 00000153 2014 11 06 11 5111 15:45 17:14 0070 1 474 0 _ _ 1 1 20141202215313 11
000001532014112 00000153 2014 11 13 11 5111 15:45 17:14 0070 1 474 0 _ _ 1 1 20141202215313 11
000001532014112 00000153 2014 11 20 11 5111 15:45 17:14 0070 1 474 0 _ _ 1 1 20141202215313 11
000001532014112 00000153 2014 11 27 11 5111 15:45 17:14 0070 1 474 0 _ _ 1 1 20141202215313 11
000001532014113 00000153 2014 11 01 11 1211 16:30 17:29 0070 1 404 0 _ _ 1 1 20141202215313 11
000001532014113 00000153 2014 11 08 11 1211 16:30 17:29 0070 1 404 0 _ _ 1 1 20141202215313 11
000001532014113 00000153 2014 11 15 11 1211 16:30 17:29 0070 1 404 0 _ _ 1 1 20141202215313 11
000001532014113 00000153 2014 11 22 11 1211 16:30 17:29 0070 1 404 0 _ _ 1 1 20141202215313 11
000001532014113 00000153 2014 11 29 11 1211 16:30 17:29 0070 1 404 0 _ _ 1 1 20141202215313 11
000001532014114 00000153 2014 11 01 17 1001 _ _ 0256 1 350 0 _ _ 1 1 20141202215313 11
000001532014115 00000153 2014 11 01 17 1007 _ _ 0256 1 204 0 _ _ 1 1 20141202215313 11
000001532014116 00000153 2014 11 01 17 1009 _ _ 0256 1 308 0 _ _ 1 1 20141202215313 11
000001532014121 00000153 2014 12 02 11 1211 15:30 16:29 0070 1 404 0 _ _ 1 1 20141122154659 11
000001532014121 00000153 2014 12 09 11 1211 15:30 16:29 0070 1 404 0 _ _ 1 1 20141122154659 11
000001532014121 00000153 2014 12 16 11 1211 15:30 16:29 0070 1 404 0 _ _ 1 1 20141122154659 11
000001532014121 00000153 2014 12 23 11 1211 15:30 16:29 0070 1 404 0 _ _ 1 1 20141122154659 11
000001532014121 00000153 2014 12 30 11 1211 15:30 16:29 0070 1 404 0 _ _ 1 1 20141122154659 11
000001532014122 00000153 2014 12 04 11 5111 15:45 17:14 0070 1 474 0 _ _ 1 1 20141122154659 11
000001532014122 00000153 2014 12 11 11 5111 15:45 17:14 0070 1 474 0 _ _ 1 1 20141122154659 11
000001532014122 00000153 2014 12 18 11 5111 15:45 17:14 0070 1 474 0 _ _ 1 1 20141122154659 11
000001532014122 00000153 2014 12 25 11 5111 15:45 17:14 0070 1 474 0 _ _ 1 1 20141122154659 11
000001532014123 00000153 2014 12 06 11 1211 16:30 17:29 0070 1 404 0 _ _ 1 1 20141122154659 11
000001532014123 00000153 2014 12 13 11 1211 16:30 17:29 0070 1 404 0 _ _ 1 1 20141122154659 11
000001532014123 00000153 2014 12 20 11 1211 16:30 17:29 0070 1 404 0 _ _ 1 1 20141122154659 11
000001532014123 00000153 2014 12 27 11 1211 16:30 17:29 0070 1 404 0 _ _ 1 1 20141122154659 11
000001532014124 00000153 2014 12 01 17 1001 _ _ 0256 1 350 0 _ _ 1 1 20141122154659 11
000001532014125 00000153 2014 12 01 17 1007 _ _ 0256 1 204 0 _ _ 1 1 20141122154659 11
000001532014126 00000153 2014 12 01 17 1009 _ _ 0256 1 308 0 _ _ 1 1 20141122154659 11
000001532015011 00000153 2015 01 06 11 1211 15:30 16:29 0070 1 404 0 _ _ _ 1 20141206183209 11
000001532015011 00000153 2015 01 13 11 1211 15:30 16:29 0070 1 404 0 _ _ _ 1 20141206183209 11
000001532015011 00000153 2015 01 20 11 1211 15:30 16:29 0070 1 404 0 _ _ _ 1 20141206183209 11
000001532015011 00000153 2015 01 27 11 1211 15:30 16:29 0070 1 404 0 _ _ _ 1 20141206183209 11
000001532015012 00000153 2015 01 03 11 1211 16:30 17:29 0070 1 404 0 _ _ _ 1 20141206183209 11
000001532015012 00000153 2015 01 10 11 1211 16:30 17:29 0070 1 404 0 _ _ _ 1 20141206183209 11
000001532015012 00000153 2015 01 17 11 1211 16:30 17:29 0070 1 404 0 _ _ _ 1 20141206183209 11
000001532015012 00000153 2015 01 24 11 1211 16:30 17:29 0070 1 404 0 _ _ _ 1 20141206183209 11
000001532015012 00000153 2015 01 31 11 1211 16:30 17:29 0070 1 404 0 _ _ _ 1 20141206183209 11
000001532015013 00000153 2015 01 01 11 5111 15:45 17:14 0070 1 474 0 _ _ _ 1 20141206183209 11
000001532015013 00000153 2015 01 08 11 5111 15:45 17:14 0070 1 474 0 _ _ _ 1 20141206183209 11
000001532015013 00000153 2015 01 15 11 5111 15:45 17:14 0070 1 474 0 _ _ _ 1 20141206183209 11
000001532015013 00000153 2015 01 22 11 5111 15:45 17:14 0070 1 474 0 _ _ _ 1 20141206183209 11
000001532015013 00000153 2015 01 29 11 5111 15:45 17:14 0070 1 474 0 _ _ _ 1 20141206183209 11
000001532015014 00000153 2015 01 01 17 1001 _ _ 0256 1 350 0 _ _ _ 1 20141206183209 11
000001532015015 00000153 2015 01 01 17 1007 _ _ 0256 1 204 0 _ _ _ 1 20141206183209 11
000001532015016 00000153 2015 01 01 17 1009 _ _ 0256 1 308 0 _ _ _ 1 20141206183209 11
