00000024 2011 07 06 16:30 17:29 61 1111 0073 10.84 1 1234 1 20141020143638 00077
00000024 2011 07 20 16:30 17:29 61 1111 0073 10.84 1 1234 1 20141020143638 00077
00000024 2011 07 27 16:30 17:29 61 1111 0073 10.84 1 1234 1 20141020143638 00077
00000024 2011 08 03 16:30 17:29 61 1111 0073 10.84 1 1234 1 20141020143757 00077
00000024 2011 08 10 16:30 17:29 61 1111 0073 10.84 1 1234 1 20141020143757 00077
00000024 2011 08 31 16:30 17:29 61 1111 0073 10.84 1 1234 1 20141020143757 00077
00000024 2011 09 07 16:30 17:29 61 1111 0073 10.84 1 1234 1 20141020143935 00077
00000024 2011 09 14 16:30 17:29 61 1111 0073 10.84 1 1234 1 20141020143935 00077
00000024 2011 09 21 16:30 17:29 61 1111 0073 10.84 1 1234 1 20141020143935 00077
00000024 2011 09 28 16:30 17:29 61 1111 0073 10.84 1 1234 1 20141020143935 00077
00000024 2011 10 12 16:30 17:29 61 1111 0073 10.84 1 1234 1 20141020144046 00077
00000024 2011 10 19 16:30 17:29 61 1211 0073 10.84 1 2468 1 20141020144046 00077
00000024 2011 10 26 16:30 17:29 61 1111 0073 10.84 1 1234 1 20141020144046 00077
00000024 2011 11 02 16:30 17:29 61 1111 0073 10.84 1 1234 1 20141020144312 00077
00000024 2011 11 09 16:30 17:29 61 1111 0073 10.84 1 1234 1 20141020144312 00077
00000024 2011 11 16 16:30 17:29 61 1111 0073 10.84 1 1234 1 20141020144312 00077
00000024 2011 11 30 16:30 17:29 61 1111 0073 10.84 1 1234 1 20141020144312 00077
00000024 2011 12 07 16:30 17:29 61 1111 0073 10.84 1 1234 1 20141020144429 00077
00000024 2011 12 14 16:30 17:29 61 1111 0073 10.84 1 1234 1 20141020144429 00077
00000024 2011 12 21 16:30 17:29 61 1111 0073 10.84 1 1234 1 20141020144429 00077
00000024 2012 01 04 16:30 17:29 61 1111 0073 10.84 1 1234 1 20141016140437 00077
00000024 2012 01 11 16:30 17:29 61 1111 0073 10.84 1 1234 1 20141016140437 00077
00000024 2012 01 18 16:30 17:29 61 1111 0073 10.84 1 1234 1 20141016140437 00077
00000024 2012 01 25 16:30 17:29 61 1111 0073 10.84 1 1234 1 20141016140437 00077
