00000026 20110727 KihonCheckCheckList01 1 1 201405230000 IKOU
00000026 20110727 KihonCheckCheckList02 1 1 201405230000 IKOU
00000026 20110727 KihonCheckCheckList03 1 1 201405230000 IKOU
00000026 20110727 KihonCheckCheckList04 1 1 201405230000 IKOU
00000026 20110727 KihonCheckCheckList05 1 1 201405230000 IKOU
00000026 20110727 KihonCheckCheckList06 2 1 201405230000 IKOU
00000026 20110727 KihonCheckCheckList07 2 1 201405230000 IKOU
00000026 20110727 KihonCheckCheckList08 2 1 201405230000 IKOU
00000026 20110727 KihonCheckCheckList09 2 1 201405230000 IKOU
00000026 20110727 KihonCheckCheckList10 2 1 201405230000 IKOU
00000026 20110727 KihonCheckCheckList11 0 1 201405230000 IKOU
00000026 20110727 KihonCheckCheckList12 0 1 201405230000 IKOU
00000026 20110727 KihonCheckCheckList13 0 1 201405230000 IKOU
00000026 20110727 KihonCheckCheckList14 0 1 201405230000 IKOU
00000026 20110727 KihonCheckCheckList15 5 1 201405230000 IKOU
00000026 20110727 KihonCheckCheckList16 0 1 201405230000 IKOU
00000026 20110727 KihonCheckCheckList17 6 1 201405230000 IKOU
00000026 20110727 KihonCheckCheckList18 6 1 201405230000 IKOU
00000026 20110727 KihonCheckCheckList19 0 1 201405230000 IKOU
00000026 20110727 KihonCheckCheckList20 0 1 201405230000 IKOU
00000026 20110727 KihonCheckCheckList21 7 1 201405230000 IKOU
00000026 20110727 KihonCheckCheckList22 7 1 201405230000 IKOU
00000026 20110727 KihonCheckCheckList23 0 1 201405230000 IKOU
00000026 20110727 KihonCheckCheckList24 0 1 201405230000 IKOU
00000026 20120730 KihonCheckCheckList01 1 1 201405230000 IKOU
00000026 20120730 KihonCheckCheckList02 1 1 201405230000 IKOU
00000026 20120730 KihonCheckCheckList03 1 1 201405230000 IKOU
00000026 20120730 KihonCheckCheckList04 1 1 201405230000 IKOU
00000026 20120730 KihonCheckCheckList05 1 1 201405230000 IKOU
00000026 20120730 KihonCheckCheckList06 2 1 201405230000 IKOU
00000026 20120730 KihonCheckCheckList07 2 1 201405230000 IKOU
00000026 20120730 KihonCheckCheckList08 2 1 201405230000 IKOU
00000026 20120730 KihonCheckCheckList09 0 1 201405230000 IKOU
00000026 20120730 KihonCheckCheckList10 2 1 201405230000 IKOU
00000026 20120730 KihonCheckCheckList11 0 1 201405230000 IKOU
00000026 20120730 KihonCheckCheckList12 0 1 201405230000 IKOU
00000026 20120730 KihonCheckCheckList13 0 1 201405230000 IKOU
00000026 20120730 KihonCheckCheckList14 0 1 201405230000 IKOU
00000026 20120730 KihonCheckCheckList15 5 1 201405230000 IKOU
00000026 20120730 KihonCheckCheckList16 0 1 201405230000 IKOU
00000026 20120730 KihonCheckCheckList17 6 1 201405230000 IKOU
00000026 20120730 KihonCheckCheckList18 6 1 201405230000 IKOU
00000026 20120730 KihonCheckCheckList19 0 1 201405230000 IKOU
00000026 20120730 KihonCheckCheckList20 0 1 201405230000 IKOU
00000026 20120730 KihonCheckCheckList21 0 1 201405230000 IKOU
00000026 20120730 KihonCheckCheckList22 0 1 201405230000 IKOU
00000026 20120730 KihonCheckCheckList23 0 1 201405230000 IKOU
00000026 20120730 KihonCheckCheckList24 0 1 201405230000 IKOU
00000026 20111126 KihonCheckCheckList01 1 1 201405230000 IKOU
00000026 20111126 KihonCheckCheckList02 1 1 201405230000 IKOU
00000026 20111126 KihonCheckCheckList03 1 1 201405230000 IKOU
00000026 20111126 KihonCheckCheckList04 1 1 201405230000 IKOU
00000026 20111126 KihonCheckCheckList05 1 1 201405230000 IKOU
00000026 20111126 KihonCheckCheckList06 2 1 201405230000 IKOU
00000026 20111126 KihonCheckCheckList07 2 1 201405230000 IKOU
00000026 20111126 KihonCheckCheckList08 2 1 201405230000 IKOU
00000026 20111126 KihonCheckCheckList09 0 1 201405230000 IKOU
00000026 20111126 KihonCheckCheckList10 2 1 201405230000 IKOU
00000026 20111126 KihonCheckCheckList11 0 1 201405230000 IKOU
00000026 20111126 KihonCheckCheckList12 0 1 201405230000 IKOU
00000026 20111126 KihonCheckCheckList13 0 1 201405230000 IKOU
00000026 20111126 KihonCheckCheckList14 0 1 201405230000 IKOU
00000026 20111126 KihonCheckCheckList15 5 1 201405230000 IKOU
00000026 20111126 KihonCheckCheckList16 0 1 201405230000 IKOU
00000026 20111126 KihonCheckCheckList17 6 1 201405230000 IKOU
00000026 20111126 KihonCheckCheckList18 6 1 201405230000 IKOU
00000026 20111126 KihonCheckCheckList19 0 1 201405230000 IKOU
00000026 20111126 KihonCheckCheckList20 0 1 201405230000 IKOU
00000026 20111126 KihonCheckCheckList21 7 1 201405230000 IKOU
00000026 20111126 KihonCheckCheckList22 7 1 201405230000 IKOU
00000026 20111126 KihonCheckCheckList23 0 1 201405230000 IKOU
00000026 20111126 KihonCheckCheckList24 0 1 201405230000 IKOU
00000026 20121130 KihonCheckCheckList01 1 1 201405230000 IKOU
00000026 20121130 KihonCheckCheckList02 1 1 201405230000 IKOU
00000026 20121130 KihonCheckCheckList03 1 1 201405230000 IKOU
00000026 20121130 KihonCheckCheckList04 1 1 201405230000 IKOU
00000026 20121130 KihonCheckCheckList05 1 1 201405230000 IKOU
00000026 20121130 KihonCheckCheckList06 2 1 201405230000 IKOU
00000026 20121130 KihonCheckCheckList07 2 1 201405230000 IKOU
00000026 20121130 KihonCheckCheckList08 2 1 201405230000 IKOU
00000026 20121130 KihonCheckCheckList09 0 1 201405230000 IKOU
00000026 20121130 KihonCheckCheckList10 2 1 201405230000 IKOU
00000026 20121130 KihonCheckCheckList11 0 1 201405230000 IKOU
00000026 20121130 KihonCheckCheckList12 0 1 201405230000 IKOU
00000026 20121130 KihonCheckCheckList13 0 1 201405230000 IKOU
00000026 20121130 KihonCheckCheckList14 0 1 201405230000 IKOU
00000026 20121130 KihonCheckCheckList15 0 1 201405230000 IKOU
00000026 20121130 KihonCheckCheckList16 0 1 201405230000 IKOU
00000026 20121130 KihonCheckCheckList17 6 1 201405230000 IKOU
00000026 20121130 KihonCheckCheckList18 6 1 201405230000 IKOU
00000026 20121130 KihonCheckCheckList19 0 1 201405230000 IKOU
00000026 20121130 KihonCheckCheckList20 0 1 201405230000 IKOU
00000026 20121130 KihonCheckCheckList21 0 1 201405230000 IKOU
00000026 20121130 KihonCheckCheckList22 0 1 201405230000 IKOU
00000026 20121130 KihonCheckCheckList23 0 1 201405230000 IKOU
00000026 20121130 KihonCheckCheckList24 0 1 201405230000 IKOU
00000026 20140430 KihonCheckCheckList01 1 1 201405230000 IKOU
00000026 20140430 KihonCheckCheckList02 1 1 201405230000 IKOU
00000026 20140430 KihonCheckCheckList03 1 1 201405230000 IKOU
00000026 20140430 KihonCheckCheckList04 1 1 201405230000 IKOU
00000026 20140430 KihonCheckCheckList05 1 1 201405230000 IKOU
00000026 20140430 KihonCheckCheckList06 2 1 201405230000 IKOU
00000026 20140430 KihonCheckCheckList07 2 1 201405230000 IKOU
00000026 20140430 KihonCheckCheckList08 2 1 201405230000 IKOU
00000026 20140430 KihonCheckCheckList09 0 1 201405230000 IKOU
00000026 20140430 KihonCheckCheckList10 2 1 201405230000 IKOU
00000026 20140430 KihonCheckCheckList11 0 1 201405230000 IKOU
00000026 20140430 KihonCheckCheckList12 4 1 201405230000 IKOU
00000026 20140430 KihonCheckCheckList13 0 1 201405230000 IKOU
00000026 20140430 KihonCheckCheckList14 0 1 201405230000 IKOU
00000026 20140430 KihonCheckCheckList15 0 1 201405230000 IKOU
00000026 20140430 KihonCheckCheckList16 0 1 201405230000 IKOU
00000026 20140430 KihonCheckCheckList17 6 1 201405230000 IKOU
00000026 20140430 KihonCheckCheckList18 6 1 201405230000 IKOU
00000026 20140430 KihonCheckCheckList19 6 1 201405230000 IKOU
00000026 20140430 KihonCheckCheckList20 0 1 201405230000 IKOU
00000026 20140430 KihonCheckCheckList21 0 1 201405230000 IKOU
00000026 20140430 KihonCheckCheckList22 0 1 201405230000 IKOU
00000026 20140430 KihonCheckCheckList23 0 1 201405230000 IKOU
00000026 20140430 KihonCheckCheckList24 0 1 201405230000 IKOU
