00000090 2013 06 06 11:00 11:59 11 1211 0070 10.84 1 402 1 20140725182947 00034
00000090 2013 06 10 11:00 11:59 11 1211 0070 10.84 1 402 1 20140725182947 00034
00000090 2013 06 11 15:45 16:44 11 7311 0070 10.84 1 235 1 20140725182947 00034
00000090 2013 06 13 11:00 11:59 11 1211 0070 10.84 1 402 1 20140725182947 00034
00000090 2013 06 17 11:00 11:59 11 1211 0070 10.84 1 402 1 20140725182947 00034
00000090 2013 06 18 15:45 16:44 11 7311 0070 10.84 1 235 1 20140725182947 00034
00000090 2013 06 20 11:00 11:59 11 1211 0070 10.84 1 402 1 20140725182947 00034
00000090 2013 06 24 11:00 11:59 11 1211 0070 10.84 1 402 1 20140725182947 00034
00000090 2013 06 25 15:45 16:44 11 7311 0070 10.84 1 235 1 20140725182947 00034
00000090 2013 06 27 11:00 11:59 11 1211 0070 10.84 1 402 1 20140725182947 00034
00000090 2013 07 01 11:00 11:59 11 1211 0070 10.84 1 402 1 20140725184137 00034
00000090 2013 07 02 15:45 16:44 11 7311 0070 10.84 1 235 1 20140725184137 00034
00000090 2013 07 04 11:00 11:59 11 1211 0070 10.84 1 402 1 20140725184137 00034
00000090 2013 07 08 11:00 11:59 11 1211 0070 10.84 1 402 1 20140725184137 00034
00000090 2013 07 09 15:45 16:44 11 7311 0070 10.84 1 235 1 20140725184137 00034
00000090 2013 07 11 11:00 11:59 11 1211 0070 10.84 1 402 1 20140725184137 00034
00000090 2013 07 15 11:00 11:59 11 1211 0070 10.84 1 402 1 20140725184137 00034
00000090 2013 07 17 15:45 16:44 11 7311 0070 10.84 1 235 1 20140725184137 00034
00000090 2013 07 18 11:00 11:59 11 1211 0070 10.84 1 402 1 20140725184137 00034
00000090 2013 07 22 11:00 11:59 11 1211 0070 10.84 1 402 1 20140725184137 00034
00000090 2013 07 23 15:45 16:44 11 7311 0070 10.84 1 235 1 20140725184137 00034
00000090 2013 07 25 11:00 11:59 11 1211 0070 10.84 1 402 1 20140725184137 00034
00000090 2013 07 29 11:00 11:59 11 1211 0070 10.84 1 402 1 20140725184137 00034
00000090 2013 07 30 15:45 16:44 11 7311 0070 10.84 1 235 1 20140725184137 00034
00000090 2013 08 01 11:00 11:59 11 1211 0070 10.84 1 402 1 20140728101912 00034
00000090 2013 08 05 11:00 11:59 11 1211 0070 10.84 1 402 1 20140728101912 00034
00000090 2013 08 06 15:45 16:44 11 7311 0070 10.84 1 235 1 20140728101912 00034
00000090 2013 08 08 11:00 11:59 11 1211 0070 10.84 1 402 1 20140728101912 00034
00000090 2013 08 12 11:00 11:59 11 1211 0070 10.84 1 402 1 20140728101912 00034
00000090 2013 08 13 15:45 16:44 11 7311 0070 10.84 1 235 1 20140728101912 00034
00000090 2013 08 15 11:00 11:59 11 1211 0070 10.84 1 402 1 20140728101912 00034
00000090 2013 08 19 11:00 11:59 11 1211 0070 10.84 1 402 1 20140728101912 00034
00000090 2013 08 20 15:45 16:44 11 7311 0070 10.84 1 235 1 20140728101912 00034
00000090 2013 08 22 11:00 12:20 11 5111 0070 10.84 1 472 1 20140728101912 00034
00000090 2013 08 26 11:00 12:29 11 1311 0070 10.84 1 584 1 20140728101912 00034
00000090 2013 08 27 14:30 15:29 11 7311 0070 10.84 1 235 1 20140728101912 00034
00000090 2013 08 29 11:00 12:29 11 1311 0070 10.84 1 584 1 20140728101912 00034
00000090 2013 09 02 11:00 12:29 11 1311 0070 10.84 1 584 1 20140627181237 00034
00000090 2013 09 03 15:45 16:44 11 7311 0070 10.84 1 235 1 20140627181237 00034
00000090 2013 09 05 11:00 12:29 11 1311 0070 10.84 1 584 1 20140627181237 00034
00000090 2013 09 09 11:00 12:29 11 1311 0070 10.84 1 584 1 20140627181237 00034
00000090 2013 09 10 14:30 15:30 11 7311 0070 10.84 1 235 1 20140627181237 00034
00000090 2013 09 12 11:00 12:29 11 1311 0070 10.84 1 584 1 20140627181237 00034
00000090 2013 09 16 11:00 12:29 11 1311 0070 10.84 1 584 1 20140627181237 00034
00000090 2013 09 17 15:45 16:44 11 7311 0070 10.84 1 235 1 20140627181237 00034
00000090 2013 09 19 11:00 12:29 11 1311 0070 10.84 1 584 1 20140627181237 00034
00000090 2013 09 23 11:00 12:29 11 1311 0070 10.84 1 584 1 20140627181237 00034
00000090 2013 09 24 11:00 12:00 11 7311 0070 10.84 1 235 1 20140627181237 00034
00000090 2013 09 26 11:00 12:29 11 1311 0070 10.84 1 584 1 20140627181237 00034
00000090 2013 09 30 11:00 12:29 11 1311 0070 10.84 1 584 1 20140627181237 00034
00000090 2013 10 01 15:45 16:44 11 7311 0070 10.84 1 235 1 20140627182056 00034
00000090 2013 10 03 11:00 12:29 11 1311 0070 10.84 1 584 1 20140627182056 00034
00000090 2013 10 07 11:00 12:29 11 1311 0070 10.84 1 584 1 20140627182056 00034
00000090 2013 10 08 15:45 16:44 11 7311 0070 10.84 1 235 1 20140627182056 00034
00000090 2013 10 10 11:00 12:29 11 1311 0070 10.84 1 584 1 20140627182056 00034
00000090 2013 10 14 11:00 12:29 11 1311 0070 10.84 1 584 1 20140627182056 00034
00000090 2013 10 15 15:45 16:44 11 7311 0070 10.84 1 235 1 20140627182056 00034
00000090 2013 10 17 11:00 12:29 11 1311 0070 10.84 1 584 1 20140627182056 00034
00000090 2013 10 21 11:00 12:29 11 1311 0070 10.84 1 584 1 20140627182056 00034
00000090 2013 10 22 15:45 16:44 11 7311 0070 10.84 1 235 1 20140627182056 00034
00000090 2013 10 24 11:00 12:29 11 1311 0070 10.84 1 584 1 20140627182056 00034
00000090 2013 10 28 11:00 12:29 11 1311 0070 10.84 1 584 1 20140627182056 00034
00000090 2013 10 29 15:45 16:44 11 7311 0070 10.84 1 235 1 20140627182056 00034
00000090 2013 10 31 11:00 12:29 11 1311 0070 10.84 1 584 1 20140627182056 00034
00000090 2013 11 04 11:00 12:29 11 1311 0070 10.84 1 584 1 20140627182935 00034
00000090 2013 11 05 15:45 16:44 11 7311 0070 10.84 1 235 1 20140627182935 00034
00000090 2013 11 07 11:00 12:29 11 1311 0070 10.84 1 584 1 20140627182935 00034
00000090 2013 11 11 11:00 12:29 11 1311 0070 10.84 1 584 1 20140627182935 00034
00000090 2013 11 12 15:45 16:44 11 7311 0070 10.84 1 235 1 20140627182935 00034
00000090 2013 11 14 11:00 12:29 11 1311 0070 10.84 1 584 1 20140627182935 00034
00000090 2013 11 18 11:00 12:29 11 1311 0070 10.84 1 584 1 20140627182935 00034
00000090 2013 11 19 15:45 16:44 11 7311 0070 10.84 1 235 1 20140627182935 00034
00000090 2013 11 21 11:00 12:29 11 1311 0070 10.84 1 584 1 20140627182935 00034
00000090 2013 11 25 11:00 12:29 11 1311 0070 10.84 1 584 1 20140627182935 00034
00000090 2013 11 26 15:45 16:44 11 7311 0070 10.84 1 235 1 20140627182935 00034
00000090 2013 11 28 11:00 12:29 11 1311 0070 10.84 1 584 1 20140627182935 00034
00000090 2013 12 02 11:00 12:29 11 1311 0070 10.84 1 584 1 20140627183800 00034
00000090 2013 12 03 15:45 16:44 11 7311 0070 10.84 1 235 1 20140627183800 00034
00000090 2013 12 05 11:00 12:29 11 1311 0070 10.84 1 584 1 20140627183800 00034
00000090 2013 12 09 11:00 12:29 11 1311 0070 10.84 1 584 1 20140627183800 00034
00000090 2013 12 10 15:45 16:44 11 7311 0070 10.84 1 235 1 20140627183800 00034
00000090 2013 12 11 15:00 16:00 11 7311 0070 10.84 1 235 1 20140627183800 00034
00000090 2013 12 12 11:00 12:29 11 1311 0070 10.84 1 584 1 20140627183800 00034
00000090 2013 12 16 11:00 12:29 11 1311 0070 10.84 1 584 1 20140627183800 00034
00000090 2013 12 17 15:45 16:44 11 7311 0070 10.84 1 235 1 20140627183800 00034
00000090 2013 12 18 15:00 16:00 11 7311 0070 10.84 1 235 1 20140627183800 00034
00000090 2013 12 19 11:00 12:29 11 1311 0070 10.84 1 584 1 20140627183800 00034
00000090 2013 12 23 11:00 12:29 11 1311 0070 10.84 1 584 1 20140627183800 00034
00000090 2013 12 24 15:45 16:44 11 7311 0070 10.84 1 235 1 20140627183800 00034
00000090 2013 12 25 15:00 16:00 11 7311 0070 10.84 1 235 1 20140627183800 00034
00000090 2013 12 26 11:00 12:29 11 1311 0070 10.84 1 584 1 20140627183800 00034
00000090 2013 12 30 11:00 12:29 11 1311 0070 10.84 1 584 1 20140627183800 00034
00000090 2014 01 06 11:00 12:29 11 1311 0070 10.84 1 584 1 20140616110053 00034
00000090 2014 01 07 15:45 16:44 11 7311 0070 10.84 1 235 1 20140616110053 00034
00000090 2014 01 08 15:00 16:00 11 7311 0070 10.84 1 235 1 20140616110053 00034
00000090 2014 01 09 11:00 12:29 11 1311 0070 10.84 1 584 1 20140616110053 00034
00000090 2014 01 13 11:00 12:29 11 1311 0070 10.84 1 584 1 20140616110053 00034
00000090 2014 01 14 15:45 16:44 11 7311 0070 10.84 1 235 1 20140616110053 00034
00000090 2014 01 15 15:00 16:00 11 7311 0070 10.84 1 235 1 20140616110053 00034
00000090 2014 01 16 11:00 12:29 11 1311 0070 10.84 1 584 1 20140616110053 00034
00000090 2014 01 20 11:00 12:29 11 1311 0070 10.84 1 584 1 20140616110053 00034
00000090 2014 01 21 15:45 16:44 11 7311 0070 10.84 1 235 1 20140616110053 00034
00000090 2014 01 22 15:00 16:00 11 7311 0070 10.84 1 235 1 20140616110053 00034
00000090 2014 01 23 11:00 12:29 11 1311 0070 10.84 1 584 1 20140616110053 00034
00000090 2014 01 27 11:00 12:29 11 1311 0070 10.84 1 584 1 20140616110053 00034
00000090 2014 01 28 15:45 16:44 11 7311 0070 10.84 1 235 1 20140616110053 00034
00000090 2014 01 29 15:00 16:00 11 7311 0070 10.84 1 235 1 20140616110053 00034
00000090 2014 01 30 11:10 12:39 11 1311 0070 10.84 1 584 1 20140616110053 00034
00000090 2014 02 03 11:00 12:29 11 1311 0070 10.84 1 584 1 20140616112245 00034
00000090 2014 02 04 15:45 17:30 11 7311 0070 10.84 1 235 1 20140616112245 00034
00000090 2014 02 05 15:00 16:00 11 7311 0070 10.84 1 235 1 20140616112245 00034
00000090 2014 02 06 11:00 12:29 11 1311 0070 10.84 1 584 1 20140616112245 00034
00000090 2014 02 10 11:00 12:29 11 1311 0070 10.84 1 584 1 20140616112245 00034
00000090 2014 02 11 15:45 16:44 11 7311 0070 10.84 1 235 1 20140616112245 00034
00000090 2014 02 12 15:05 16:05 11 7311 0070 10.84 1 235 1 20140616112245 00034
00000090 2014 02 13 11:00 12:29 11 1311 0070 10.84 1 584 1 20140616112245 00034
00000090 2014 02 18 15:45 17:30 11 6111 0070 10.84 1 654 1 20140616112245 00034
00000090 2014 02 19 15:00 16:00 11 7311 0070 10.84 1 235 1 20140616112245 00034
00000090 2014 02 20 11:00 12:29 11 1311 0070 10.84 1 584 1 20140616112245 00034
00000090 2014 02 24 11:00 12:29 11 1311 0070 10.84 1 584 1 20140616112245 00034
00000090 2014 02 25 10:00 11:00 11 7311 0070 10.84 1 235 1 20140616112245 00034
00000090 2014 02 26 15:00 16:00 11 7311 0070 10.84 1 235 1 20140616112245 00034
00000090 2014 02 27 11:00 12:29 11 1311 0070 10.84 1 584 1 20140616112245 00034
00000090 2014 03 02 16:30 17:59 11 1311 0070 10.84 1 584 1 20140616115851 00034
00000090 2014 03 03 11:00 12:00 11 7311 0070 10.84 1 235 1 20140616115851 00034
00000090 2014 03 04 10:30 11:59 11 1311 0070 10.84 1 584 1 20140616115851 00034
00000090 2014 03 05 15:00 16:00 11 7311 0070 10.84 1 235 1 20140616115851 00034
00000090 2014 03 06 11:20 12:30 11 1311 0070 10.84 1 584 1 20140616115851 00034
00000090 2014 03 07 10:15 11:44 11 5111 0070 10.84 1 472 1 20140616115851 00034
00000090 2014 03 09 16:30 17:59 11 1311 0070 10.84 1 584 1 20140616115851 00034
00000090 2014 03 10 11:00 12:00 11 7311 0070 10.84 1 235 1 20140616115851 00034
00000090 2014 03 11 10:30 11:59 11 1311 0070 10.84 1 584 1 20140616115851 00034
00000090 2014 03 12 15:00 16:00 11 7311 0070 10.84 1 235 1 20140616115851 00034
00000090 2014 03 13 11:00 12:29 11 1311 0070 10.84 1 584 1 20140616115851 00034
00000090 2014 03 14 10:15 11:44 11 5111 0070 10.84 1 472 1 20140616115851 00034
00000090 2014 03 16 11:00 12:29 11 1311 0070 10.84 1 584 1 20140616115851 00034
00000090 2014 03 17 11:00 12:00 11 7311 0070 10.84 1 235 1 20140616115851 00034
00000090 2014 03 18 10:30 11:59 11 1311 0070 10.84 1 584 1 20140616115851 00034
00000090 2014 03 19 15:00 16:00 11 7311 0070 10.84 1 235 1 20140616115851 00034
00000090 2014 03 20 11:00 12:29 11 1311 0070 10.84 1 584 1 20140616115851 00034
00000090 2014 03 21 10:15 11:44 11 5111 0070 10.84 1 472 1 20140616115851 00034
00000090 2014 03 23 16:30 17:59 11 1311 0070 10.84 1 584 1 20140616115851 00034
00000090 2014 03 24 11:00 12:00 11 7311 0070 10.84 1 235 1 20140616115851 00034
00000090 2014 03 25 10:30 11:59 11 1311 0070 10.84 1 584 1 20140616115851 00034
00000090 2014 03 26 15:00 16:00 11 7311 0070 10.84 1 235 1 20140616115851 00034
00000090 2014 03 27 11:00 12:29 11 1311 0070 10.84 1 584 1 20140616115851 00034
00000090 2014 03 28 10:15 11:44 11 5111 0070 10.84 1 472 1 20140616115851 00034
00000090 2014 03 30 16:30 17:59 11 1311 0070 10.84 1 584 1 20140616115851 00034
00000090 2014 03 31 11:00 12:00 11 7311 0070 10.84 1 235 1 20140616115851 00034
00000090 2014 04 01 10:30 11:59 11 1311 0070 10.84 1 587 1 20140616122534 00034
00000090 2014 04 02 15:00 16:00 11 7311 0070 10.84 1 236 1 20140616122534 00034
00000090 2014 04 03 11:00 12:29 11 1311 0070 10.84 1 587 1 20140616122534 00034
00000090 2014 04 04 10:15 11:44 11 5111 0070 10.84 1 474 1 20140616122534 00034
00000090 2014 04 06 16:30 17:59 11 1311 0070 10.84 1 587 1 20140616122534 00034
00000090 2014 04 07 11:00 12:00 11 7311 0070 10.84 1 236 1 20140616122534 00034
00000090 2014 04 08 16:30 17:59 11 1311 0070 10.84 1 587 1 20140616122534 00034
00000090 2014 04 09 15:00 16:00 11 7311 0070 10.84 1 236 1 20140616122534 00034
00000090 2014 04 10 11:00 12:29 11 1311 0070 10.84 1 587 1 20140616122534 00034
00000090 2014 04 11 10:15 11:44 11 5111 0070 10.84 1 474 1 20140616122534 00034
00000090 2014 04 13 16:30 17:59 11 1311 0070 10.84 1 587 1 20140616122534 00034
00000090 2014 04 14 11:00 12:00 11 7311 0070 10.84 1 236 1 20140616122534 00034
00000090 2014 04 15 10:30 11:59 11 1311 0070 10.84 1 587 1 20140616122534 00034
00000090 2014 04 16 15:00 16:00 11 7311 0070 10.84 1 236 1 20140616122534 00034
00000090 2014 04 17 11:00 12:29 11 1311 0070 10.84 1 587 1 20140616122534 00034
00000090 2014 04 18 10:15 11:15 11 7311 0070 10.84 1 236 1 20140616122534 00034
00000090 2014 05 04 16:30 17:59 11 1311 0070 10.84 1 587 1 20140818122507 00034
00000090 2014 05 05 11:00 11:59 11 7311 0070 10.84 1 236 1 20140818122507 00034
00000090 2014 05 05 11:00 12:00 11 7311 0070 10.84 1 236 1 20140729135151 00034
00000090 2014 05 06 10:30 11:59 11 1311 0070 10.84 1 587 1 20140818122507 00034
00000090 2014 05 08 11:00 12:29 11 1311 0070 10.84 1 587 1 20140818122507 00034
00000090 2014 05 09 10:15 11:14 11 7311 0070 10.84 1 236 1 20140818122507 00034
00000090 2014 05 09 10:15 11:15 11 7311 0070 10.84 1 236 1 20140729135151 00034
00000090 2014 05 11 16:30 17:59 11 1311 0070 10.84 1 587 1 20140818122507 00034
00000090 2014 05 12 11:00 11:59 11 7311 0070 10.84 1 236 1 20140818122507 00034
00000090 2014 05 12 11:00 12:00 11 7311 0070 10.84 1 236 1 20140729135151 00034
00000090 2014 05 13 10:30 11:59 11 1311 0070 10.84 1 587 1 20140818122507 00034
00000090 2014 05 14 15:00 15:59 11 7311 0070 10.84 1 236 1 20140818122507 00034
00000090 2014 05 14 15:00 16:00 11 7311 0070 10.84 1 236 1 20140729135151 00034
00000090 2014 05 15 11:00 11:59 11 7311 0070 10.84 1 236 1 20140818122507 00034
00000090 2014 05 15 11:00 12:00 11 7311 0070 10.84 1 236 1 20140729135151 00034
00000090 2014 05 18 10:30 11:59 11 1311 0070 10.84 1 587 1 20140626193239 00078
00000090 2014 05 20 10:30 11:59 11 1311 0070 10.84 1 587 1 20140818122507 00034
00000090 2014 05 20 17:15 18:14 11 4111 0070 10.84 1 325 1 20140818114636 00034
00000090 2014 05 20 17:15 18:14 11 7311 0070 10.84 1 236 1 20140818122507 00034
00000090 2014 05 20 17:15 18:15 11 7311 0070 10.84 1 236 1 20140729135151 00034
00000090 2014 05 21 11:45 12:44 11 7311 0070 10.84 1 236 1 20140818122507 00034
00000090 2014 05 21 11:45 12:45 11 7311 0070 10.84 1 236 1 20140729135151 00034
00000090 2014 05 22 11:00 12:29 11 1311 0070 10.84 1 587 1 20140818122507 00034
00000090 2014 05 22 17:00 17:59 11 4111 0070 10.84 1 325 1 20140818122507 00034
00000090 2014 05 23 10:15 11:14 11 7311 0070 10.84 1 236 1 20140818122507 00034
00000090 2014 05 23 18:00 18:59 11 4112 0070 10.84 1 406 1 20140818122507 00034
00000090 2014 05 25 16:00 17:59 11 6111 0070 10.84 1 657 1 20140818122507 00034
00000090 2014 05 25 16:30 17:59 11 1311 0070 10.84 1 587 1 20140626193239 00078
00000090 2014 05 26 11:00 11:59 11 7311 0070 10.84 1 236 1 20140818122507 00034
00000090 2014 05 26 11:00 12:00 11 7311 0070 10.84 1 236 1 20140626193239 00078
00000090 2014 05 26 18:30 19:29 11 4112 0070 10.84 1 406 1 20140818122507 00034
00000090 2014 05 27 10:30 11:59 11 1311 0070 10.84 1 587 1 20140818122507 00034
00000090 2014 05 27 17:15 18:14 11 4111 0070 10.84 1 325 1 20140818122507 00034
00000090 2014 05 28 11:00 12:00 11 7311 0070 10.84 1 236 1 20140626192838 00078
00000090 2014 05 28 11:45 12:45 11 7311 0070 10.84 1 236 1 20140818122507 00034
00000090 2014 05 28 15:00 16:00 11 7311 0070 10.84 1 236 1 20140626193239 00078
00000090 2014 05 29 11:00 12:29 11 1311 0070 10.84 1 587 1 20140626193239 00078
00000090 2014 05 29 11:30 12:59 11 1311 0070 10.84 1 587 1 20140818122507 00034
00000090 2014 05 29 16:30 17:59 11 1311 0070 10.84 1 587 1 20140626192838 00078
00000090 2014 05 29 17:00 17:59 11 4111 0070 10.84 1 325 1 20140818122507 00034
00000090 2014 05 30 11:00 11:59 11 7311 0070 10.84 1 236 1 20140818122507 00034
00000090 2014 05 30 17:30 18:29 11 4111 0070 10.84 1 325 1 20140818122507 00034
00000090 2014 06 01 16:00 17:59 11 6111 0070 10.84 1 657 1 20140731181000 00038
00000090 2014 06 02 11:00 11:59 11 7311 0070 10.84 1 236 1 20140731181000 00038
00000090 2014 06 02 18:30 19:29 11 4112 0070 10.84 1 406 1 20140731181000 00038
00000090 2014 06 03 10:30 12:14 11 6111 0070 10.84 1 657 1 20140731181000 00038
00000090 2014 06 03 17:15 18:14 11 4111 0070 10.84 1 325 1 20140731181000 00038
00000090 2014 06 04 11:45 12:44 11 7311 0070 10.84 1 236 1 20140731181000 00038
00000090 2014 06 05 10:45 12:29 11 6111 0070 10.84 1 657 1 20140731181000 00038
00000090 2014 06 05 17:00 17:59 11 4111 0070 10.84 1 325 1 20140731181000 00038
00000090 2014 06 06 11:00 11:59 11 7311 0070 10.84 1 236 1 20140731181000 00038
00000090 2014 06 06 17:30 18:29 11 4111 0070 10.84 1 325 1 20140731181000 00038
00000090 2014 06 08 16:00 17:59 11 6111 0070 10.84 1 657 1 20140731181000 00038
00000090 2014 06 09 11:00 11:59 11 7311 0070 10.84 1 236 1 20140731181000 00038
00000090 2014 06 09 18:30 19:29 11 4112 0070 10.84 1 406 1 20140731181000 00038
00000090 2014 06 10 10:30 12:14 11 6111 0070 10.84 1 657 1 20140731181000 00038
00000090 2014 06 10 17:15 18:14 11 4111 0070 10.84 1 325 1 20140731181000 00038
00000090 2014 06 11 11:45 12:44 11 7311 0070 10.84 1 236 1 20140731181000 00038
00000090 2014 06 12 10:45 12:29 11 6111 0070 10.84 1 657 1 20140731181000 00038
00000090 2014 06 12 17:00 17:59 11 4111 0070 10.84 1 325 1 20140731181000 00038
00000090 2014 06 13 11:00 11:59 11 7311 0070 10.84 1 236 1 20140731181000 00038
00000090 2014 06 13 17:30 18:29 11 4111 0070 10.84 1 325 1 20140731181000 00038
00000090 2014 06 15 16:00 17:59 11 6111 0070 10.84 1 657 1 20140731181000 00038
00000090 2014 06 16 11:00 11:59 11 7311 0070 10.84 1 236 1 20140731181000 00038
00000090 2014 06 16 18:30 19:29 11 4112 0070 10.84 1 406 1 20140731181000 00038
00000090 2014 06 17 10:30 12:14 11 6111 0070 10.84 1 657 1 20140731181000 00038
00000090 2014 06 17 17:15 18:14 11 4111 0070 10.84 1 325 1 20140731181000 00038
00000090 2014 06 18 11:45 12:44 11 7311 0070 10.84 1 236 1 20140731181000 00038
00000090 2014 06 19 10:45 12:29 11 6111 0070 10.84 1 657 1 20140731181000 00038
00000090 2014 06 19 17:00 17:59 11 4111 0070 10.84 1 325 1 20140731181000 00038
00000090 2014 06 20 11:00 11:59 11 7311 0070 10.84 1 236 1 20140731181000 00038
00000090 2014 06 20 17:30 18:29 11 4111 0070 10.84 1 325 1 20140731181000 00038
00000090 2014 06 22 16:00 17:59 11 6111 0070 10.84 1 657 1 20140731181000 00038
00000090 2014 06 23 11:00 11:59 11 7311 0070 10.84 1 236 1 20140731181000 00038
00000090 2014 06 23 18:30 19:29 11 4112 0070 10.84 1 406 1 20140731181000 00038
00000090 2014 06 24 10:30 12:14 11 6111 0070 10.84 1 657 1 20140731181000 00038
00000090 2014 06 24 17:15 18:14 11 4111 0070 10.84 1 325 1 20140731181000 00038
00000090 2014 06 25 11:45 12:44 11 7311 0070 10.84 1 236 1 20140731181000 00038
00000090 2014 06 26 10:45 12:29 11 6111 0070 10.84 1 657 1 20140731181000 00038
00000090 2014 06 26 17:00 17:59 11 4111 0070 10.84 1 325 1 20140731181000 00038
00000090 2014 06 27 11:00 11:59 11 7311 0070 10.84 1 236 1 20140731181000 00038
00000090 2014 06 27 17:30 18:29 11 4111 0070 10.84 1 325 1 20140731181000 00038
00000090 2014 06 29 11:00 11:59 11 7311 0070 10.84 1 236 1 20140731181000 00038
00000090 2014 06 29 17:00 17:59 11 4111 0070 10.84 1 325 1 20140731181000 00038
00000090 2014 06 30 11:00 11:59 11 7311 0070 10.84 1 236 1 20140731181000 00038
00000090 2014 06 30 18:30 19:29 11 4112 0070 10.84 1 406 1 20140731181000 00038
00000090 2014 07 01 10:30 12:14 11 6111 0070 10.84 1 657 1 20140731160732 00037
00000090 2014 07 01 17:15 18:14 11 4111 0070 10.84 1 325 1 20140731160732 00037
00000090 2014 07 02 11:45 12:44 11 7311 0070 10.84 1 236 1 20140731160732 00037
00000090 2014 07 03 10:45 12:29 11 6111 0070 10.84 1 657 1 20140731160732 00037
00000090 2014 07 03 17:00 17:59 11 4111 0070 10.84 1 325 1 20140731160732 00037
00000090 2014 07 04 11:00 11:59 11 7311 0070 10.84 1 236 1 20140731160732 00037
00000090 2014 07 04 17:30 18:29 11 4111 0070 10.84 1 325 1 20140731160732 00037
00000090 2014 07 06 11:00 11:59 11 7311 0070 10.84 1 236 1 20140731160732 00037
00000090 2014 07 06 16:00 17:59 11 6111 0070 10.84 1 657 1 20140731160732 00037
00000090 2014 07 07 11:00 11:59 11 7311 0070 10.84 1 236 1 20140731160732 00037
00000090 2014 07 07 18:30 19:29 11 4112 0070 10.84 1 406 1 20140731160732 00037
00000090 2014 07 08 10:30 12:14 11 6111 0070 10.84 1 657 1 20140731160732 00037
00000090 2014 07 08 17:15 18:14 11 4111 0070 10.84 1 325 1 20140731160732 00037
00000090 2014 07 09 11:45 12:44 11 7311 0070 10.84 1 236 1 20140731160732 00037
00000090 2014 07 10 10:45 11:44 11 7311 0070 10.84 1 236 1 20140731160732 00037
00000090 2014 07 10 17:00 17:59 11 4111 0070 10.84 1 325 1 20140731160732 00037
00000090 2014 07 11 11:00 11:59 11 7311 0070 10.84 1 236 1 20140731160732 00037
00000090 2014 07 11 17:30 18:29 11 4111 0070 10.84 1 325 1 20140731160732 00037
00000090 2014 07 13 11:00 11:59 11 7311 0070 10.84 1 236 1 20140731160732 00037
00000090 2014 07 13 16:00 17:59 11 6111 0070 10.84 1 657 1 20140731160732 00037
00000090 2014 07 14 11:00 11:59 11 7311 0070 10.84 1 236 1 20140731160732 00037
00000090 2014 07 14 18:30 19:29 11 4112 0070 10.84 1 406 1 20140731160732 00037
00000090 2014 07 15 10:30 12:14 11 6111 0070 10.84 1 657 1 20140731160732 00037
00000090 2014 07 15 17:15 18:14 11 4111 0070 10.84 1 325 1 20140731160732 00037
00000090 2014 07 16 11:45 12:44 11 7311 0070 10.84 1 236 1 20140731160732 00037
00000090 2014 07 17 10:45 12:29 11 6111 0070 10.84 1 657 1 20140731160732 00037
00000090 2014 07 17 17:00 17:59 11 4111 0070 10.84 1 325 1 20140731160732 00037
00000090 2014 07 18 11:00 11:59 11 7311 0070 10.84 1 236 1 20140731160732 00037
00000090 2014 07 18 17:30 18:29 11 4111 0070 10.84 1 325 1 20140731160732 00037
00000090 2014 07 20 11:00 11:59 11 7311 0070 10.84 1 236 1 20140731160732 00037
00000090 2014 07 20 16:00 17:59 11 6111 0070 10.84 1 657 1 20140731160732 00037
00000090 2014 07 21 11:00 11:59 11 7311 0070 10.84 1 236 1 20140731160732 00037
00000090 2014 07 21 18:30 19:29 11 4112 0070 10.84 1 406 1 20140731160732 00037
00000090 2014 07 22 10:30 12:14 11 6111 0070 10.84 1 657 1 20140731160732 00037
00000090 2014 07 22 17:15 18:14 11 4111 0070 10.84 1 325 1 20140731160732 00037
00000090 2014 07 23 11:45 12:44 11 7311 0070 10.84 1 236 1 20140731160732 00037
00000090 2014 07 24 10:45 12:29 11 6111 0070 10.84 1 657 1 20140731160732 00037
00000090 2014 07 24 17:00 17:59 11 4111 0070 10.84 1 325 1 20140731160732 00037
00000090 2014 07 25 11:00 11:59 11 7311 0070 10.84 1 236 1 20140731160732 00037
00000090 2014 07 25 17:30 18:29 11 4111 0070 10.84 1 325 1 20140731160732 00037
00000090 2014 07 27 11:00 11:59 11 7311 0070 10.84 1 236 1 20140731160732 00037
00000090 2014 07 27 16:00 17:59 11 6111 0070 10.84 1 657 1 20140731160732 00037
00000090 2014 07 28 11:00 11:59 11 7311 0070 10.84 1 236 1 20140731160732 00037
00000090 2014 07 28 18:30 19:29 11 4112 0070 10.84 1 406 1 20140731160732 00037
00000090 2014 07 29 10:30 12:14 11 6111 0070 10.84 1 657 1 20140731160732 00037
00000090 2014 07 29 17:15 18:14 11 4111 0070 10.84 1 325 1 20140731160732 00037
00000090 2014 07 30 11:45 12:44 11 7311 0070 10.84 1 236 1 20140731160732 00037
00000090 2014 07 31 10:45 12:29 11 6111 0070 10.84 1 657 1 20140731160732 00037
00000090 2014 07 31 17:00 17:59 11 4111 0070 10.84 1 325 1 20140731160732 00037
