00000074 2013 11 2 10400 1 20140627133647 00030
00000074 2013 12 2 10400 1 20140627134300 00030
00000074 2014 01 2 10400 1 20140613143704 00030
00000074 2014 02 2 10400 1 20140613144928 00030
00000074 2014 03 2 10400 1 20140613145522 00030
00000074 2014 04 2 10473 1 20140613150304 00030
00000074 2014 05 2 10473 1 20140818103156 00030
00000074 2014 06 2 10473 1 20140703141828 00033
00000074 2014 07 2 10473 1 20140804131730 00033
00000074 2014 08 2 10473 1 20140904103649 00033
00000074 2014 09 2 10473 1 20141004110227 00033
00000074 2014 10 2 10473 1 20141104154635 00033
00000074 2014 11 1 5003 1 20141204112934 00033
00000074 2014 12 1 5003 1 20141120153334 00033
