00000074 2013 11 1 1 00033 1 20140627133632 00030
00000074 2013 12 1 1 00033 1 20140627134240 00030
00000074 2014 01 1 1 00033 1 20140613143640 00030
00000074 2014 02 1 1 00033 1 20140613144910 00030
00000074 2014 03 1 1 00033 1 20140613145436 00030
00000074 2014 04 1 1 00033 1 20140613150140 00030
00000074 2014 05 1 1 00033 1 20140818103140 00030
00000074 2014 06 1 1 00033 1 20140703191508 00033
00000074 2014 07 1 1 00033 1 20140802155130 00033
00000074 2014 08 1 1 00033 1 20140904103625 00033
00000074 2014 09 1 1 00033 1 20141004110100 00033
00000074 2014 10 1 1 00033 1 20141104140830 00033
00000074 2014 11 1 1 00033 1 20141204112904 00033
00000074 2014 12 1 _ 00033 1 20141120153308 00033
