1 00000142 2014 05 11 0070 グランクレール・ケアサービス横浜 1112 身体介護１・夜 319 0 319 3 957 0 957 957 0 10.84 10373 90 9335 1038 0 n n 0 1 20140701110503 00034
1 00000142 2014 06 11 0070 グランクレール・ケアサービス横浜 1112 身体介護１・夜 319 0 319 51 16269 0 16269 16269 0 10.84 176355 90 158719 17636 0 n n 0 1 20140704114326 00034
1 00000142 2014 07 11 0070 グランクレール・ケアサービス横浜 1111 身体介護１ 255 0 255 1 255 0 255 255 0 10.84 2764 90 2487 277 0 n n 0 1 20140801115642 00034
1 00000142 2014 08 11 0070 グランクレール・ケアサービス横浜 1112 身体介護１・夜 319 0 319 37 11803 0 11803 11803 0 10.84 127944 90 115149 12795 0 n n 0 1 20140819111504 00014
2 00000142 2014 05 11 0070 グランクレール・ケアサービス横浜 6271 訪問介護処遇改善加算Ⅰ 38 0 38 1 38 38 0.04 38 0 10.84 411 90 369 42 0 a g 0 1 20140701110503 00034
2 00000142 2014 06 11 0070 グランクレール・ケアサービス横浜 1113 身体介護１・深 383 0 383 5 1915 0 1915 1915 0 10.84 20758 90 18682 2076 0 n n 0 1 20140704114326 00034
2 00000142 2014 07 11 0070 グランクレール・ケアサービス横浜 1112 身体介護１・夜 319 0 319 53 16907 0 16907 16907 0 10.84 183271 90 164943 18328 0 n n 0 1 20140801115642 00034
2 00000142 2014 08 11 0070 グランクレール・ケアサービス横浜 1211 身体介護２ 404 0 404 1 404 0 404 404 0 10.84 4379 90 3941 438 0 n n 0 1 20140819111504 00014
3 00000142 2014 06 11 0070 グランクレール・ケアサービス横浜 1211 身体介護２ 404 0 404 3 1212 0 1212 1212 0 10.84 13138 90 11824 1314 0 n n 0 1 20140704114326 00034
3 00000142 2014 07 11 0070 グランクレール・ケアサービス横浜 1113 身体介護１・深 383 0 383 5 1915 0 1915 1915 0 10.84 20758 90 18682 2076 0 n n 0 1 20140801115642 00034
3 00000142 2014 08 11 0070 グランクレール・ケアサービス横浜 5111 身体２生活１ 474 0 474 3 1422 0 1422 1422 0 10.84 15414 90 13872 1542 0 n n 0 1 20140819111504 00014
4 00000142 2014 06 11 0070 グランクレール・ケアサービス横浜 5111 身体２生活１ 474 0 474 5 2370 0 2370 2370 0 10.84 25690 90 23121 2569 0 n n 0 1 20140704114326 00034
4 00000142 2014 07 11 0070 グランクレール・ケアサービス横浜 1211 身体介護２ 404 0 404 3 1212 0 1212 1212 0 10.84 13138 90 11824 1314 0 n n 0 1 20140801115642 00034
4 00000142 2014 08 11 0070 グランクレール・ケアサービス横浜 6271 訪問介護処遇改善加算Ⅰ 545 0 545 1 545 545 0.04 545 0 10.84 5907 90 5316 591 0 a g 0 1 20140819111504 00014
5 00000142 2014 06 11 0070 グランクレール・ケアサービス横浜 6271 訪問介護処遇改善加算Ⅰ 871 0 871 1 871 871 0.04 871 0 10.84 9441 90 8496 945 0 a g 0 1 20140704114326 00034
5 00000142 2014 07 11 0070 グランクレール・ケアサービス横浜 5111 身体２生活１ 474 0 474 4 1896 0 1896 1896 0 10.84 20552 90 18496 2056 0 n n 0 1 20140801115642 00034
6 00000142 2014 07 11 0070 グランクレール・ケアサービス横浜 6271 訪問介護処遇改善加算Ⅰ 887 0 887 1 887 887 0.04 887 0 10.84 9615 90 8653 962 0 a g 0 1 20140801115642 00034
