000000082014011 00000008 2014 01 06 11 4000 10:30 15:30 0009 1 100 0 _ _ 1 1 20140205162709 1
000000082014011 00000008 2014 01 13 11 4000 10:30 15:30 0009 1 100 0 _ _ 1 1 20140205162709 1
000000082014011 00000008 2014 01 20 11 4000 10:30 15:30 0009 1 100 0 _ _ 1 1 20140205162709 1
000000082014011 00000008 2014 01 27 11 4000 10:30 15:30 0009 1 100 0 _ _ 1 1 20140205162709 1
000000082014012 00000008 2014 01 30 11 4905 15:30 17:00 0009 1 355 0 _ _ 1 1 20140205162709 1
000000082014013 00000008 2014 01 06 11 5917 10:30 15:30 0009 1 939 100 _ _ 1 1 20140205162709 1
000000082014013 00000008 2014 01 13 11 5917 10:30 15:30 0009 1 939 100 _ _ 1 1 20140205162709 1
000000082014013 00000008 2014 01 20 11 5917 10:30 15:30 0009 1 939 100 _ _ 1 1 20140205162709 1
000000082014013 00000008 2014 01 27 11 5917 10:30 15:30 0009 1 939 100 _ _ 1 1 20140205162709 1
000000082014014 00000008 2014 01 03 15 2243 12:30 16:00 0001 1 0 2000 _ _ 1 1 20140205162709 1
000000082014021 00000008 2014 02 03 11 5917 10:30 15:30 0009 1 939 100 _ _ 1 1 20140206194548 1
000000082014021 00000008 2014 02 10 11 5917 10:30 15:30 0009 1 939 100 _ _ 1 1 20140206194548 1
000000082014021 00000008 2014 02 17 11 5917 10:30 15:30 0009 1 939 100 _ _ 1 1 20140206194548 1
000000082014021 00000008 2014 02 24 11 5917 10:30 15:30 0009 1 939 100 _ _ 1 1 20140206194548 1
000000082014022 00000008 2014 02 07 15 2243 12:30 15:30 0001 1 514 2000 _ _ 1 1 20140206194548 1
000000082014023 00000008 2014 02 07 15 5051 12:30 15:30 0001 1 42 2000 _ _ 1 1 20140206194548 1
000000082014024 00000008 2014 02 07 15 5605 12:30 15:30 0001 1 150 2000 _ _ 1 1 20140206194548 1
000000082014025 00000008 2014 02 07 15 5606 12:30 15:30 0001 1 150 2000 _ _ 1 1 20140206194548 1
