000003012014071 00000301 2014 07 11 11 1111 1 10:30 10:50 0070 1 255 0 _ _ 1 20140802162147 11
000003012014071 00000301 2014 07 18 11 1111 1 10:30 10:50 0070 1 255 0 _ _ 1 20140802162147 11
000003012014071 00000301 2014 07 25 11 1111 1 10:30 10:50 0070 1 255 0 _ _ 1 20140802162147 11
000003012014072 00000301 2014 07 16 11 1211 1 13:15 14:00 0070 1 404 0 _ _ 1 20140802162147 11
000003012014072 00000301 2014 07 23 11 1211 1 13:15 14:00 0070 1 404 0 _ _ 1 20140802162147 11
000003012014072 00000301 2014 07 30 11 1211 1 13:15 14:00 0070 1 404 0 _ _ 1 20140802162147 11
000003012014073 00000301 2014 07 11 11 4001 1 13:15 14:20 0070 1 200 0 _ _ 1 20140802162147 11
000003012014074 00000301 2014 07 09 11 5111 1 13:15 14:20 0070 1 474 0 _ _ 1 20140802162147 11
000003012014074 00000301 2014 07 19 11 5111 1 13:15 14:20 0070 1 474 0 _ _ 1 20140802162147 11
000003012014075 00000301 2014 07 28 17 1007 1 _ _ 0044 1 154 0 _ _ 1 20140802162147 11
