000003012014071 00000301 2014 07 11 11 1111 10:30 10:50 0070 1 255 0 _ _ _ 1 20140802162147 11
000003012014071 00000301 2014 07 18 11 1111 10:30 10:50 0070 1 255 0 _ _ _ 1 20140802162147 11
000003012014071 00000301 2014 07 25 11 1111 10:30 10:50 0070 1 255 0 _ _ _ 1 20140802162147 11
000003012014072 00000301 2014 07 16 11 1211 13:15 14:00 0070 1 404 0 _ _ _ 1 20140802162147 11
000003012014072 00000301 2014 07 23 11 1211 13:15 14:00 0070 1 404 0 _ _ _ 1 20140802162147 11
000003012014072 00000301 2014 07 30 11 1211 13:15 14:00 0070 1 404 0 _ _ _ 1 20140802162147 11
000003012014073 00000301 2014 07 11 11 4001 13:15 14:20 0070 1 200 0 _ _ _ 1 20140802162147 11
000003012014074 00000301 2014 07 09 11 5111 13:15 14:20 0070 1 474 0 _ _ _ 1 20140802162147 11
000003012014074 00000301 2014 07 19 11 5111 13:15 14:20 0070 1 474 0 _ _ _ 1 20140802162147 11
000003012014075 00000301 2014 07 28 17 1007 _ _ 0044 1 154 0 _ _ _ 1 20140802162147 11
000003012014081 00000301 2014 08 01 11 1111 10:30 10:50 0070 1 255 0 _ _ 1 1 20140727144222 11
000003012014081 00000301 2014 08 08 11 1111 10:30 10:50 0070 1 255 0 _ _ 1 1 20140727144222 11
000003012014081 00000301 2014 08 15 11 1111 10:30 10:50 0070 1 255 0 _ _ 1 1 20140727144222 11
000003012014081 00000301 2014 08 22 11 1111 10:30 10:50 0070 1 255 0 _ _ 1 1 20140727144222 11
000003012014081 00000301 2014 08 29 11 1111 10:30 10:50 0070 1 255 0 _ _ 1 1 20140727144222 11
000003012014082 00000301 2014 08 06 11 1211 13:15 14:00 0070 1 404 0 _ _ 1 1 20140727144222 11
000003012014082 00000301 2014 08 13 11 1211 13:15 14:00 0070 1 404 0 _ _ 1 1 20140727144222 11
000003012014082 00000301 2014 08 20 11 1211 13:15 14:00 0070 1 404 0 _ _ 1 1 20140727144222 11
000003012014082 00000301 2014 08 27 11 1211 13:15 14:00 0070 1 404 0 _ _ 1 1 20140727144222 11
000003012014083 00000301 2014 08 02 11 5111 13:15 14:20 0070 1 474 0 _ _ 1 1 20140727144222 11
000003012014083 00000301 2014 08 09 11 5111 13:15 14:20 0070 1 474 0 _ _ 1 1 20140727144222 11
000003012014083 00000301 2014 08 16 11 5111 13:15 14:20 0070 1 474 0 _ _ 1 1 20140727144222 11
000003012014083 00000301 2014 08 23 11 5111 13:15 14:20 0070 1 474 0 _ _ 1 1 20140727144222 11
000003012014083 00000301 2014 08 30 11 5111 13:15 14:20 0070 1 474 0 _ _ 1 1 20140727144222 11
000003012014084 00000301 2014 08 01 17 1007 _ _ 0044 1 308 0 _ _ 1 1 20140727144222 11
000003012014091 00000301 2014 09 05 11 1111 10:30 10:50 0070 1 255 0 _ _ _ 1 20140811161823 11
000003012014091 00000301 2014 09 12 11 1111 10:30 10:50 0070 1 255 0 _ _ _ 1 20140811161823 11
000003012014091 00000301 2014 09 19 11 1111 10:30 10:50 0070 1 255 0 _ _ _ 1 20140811161823 11
000003012014091 00000301 2014 09 26 11 1111 10:30 10:50 0070 1 255 0 _ _ _ 1 20140811161823 11
000003012014092 00000301 2014 09 03 11 1211 13:15 14:00 0070 1 404 0 _ _ _ 1 20140811161823 11
000003012014092 00000301 2014 09 10 11 1211 13:15 14:00 0070 1 404 0 _ _ _ 1 20140811161823 11
000003012014092 00000301 2014 09 17 11 1211 13:15 14:00 0070 1 404 0 _ _ _ 1 20140811161823 11
000003012014092 00000301 2014 09 24 11 1211 13:15 14:00 0070 1 404 0 _ _ _ 1 20140811161823 11
000003012014093 00000301 2014 09 06 11 5111 13:15 14:20 0070 1 474 0 _ _ _ 1 20140811161823 11
000003012014093 00000301 2014 09 13 11 5111 13:15 14:20 0070 1 474 0 _ _ _ 1 20140811161823 11
000003012014093 00000301 2014 09 20 11 5111 13:15 14:20 0070 1 474 0 _ _ _ 1 20140811161823 11
000003012014093 00000301 2014 09 27 11 5111 13:15 14:20 0070 1 474 0 _ _ _ 1 20140811161823 11
000003012014094 00000301 2014 09 01 17 1007 _ _ 0044 1 308 0 _ _ _ 1 20140811161823 11
