00000113 00002 00002 05 26 7 平成26年8月2日 1 0 0 0 _ 今月より担当今村ヘルパー訪問しています。特に問題なく受入れて頂いています。\n7日に以前より気にされていたヘアーカットを藤沢の美容院で済まされ、ご本人も元気がでたご様子です。\n16日大和成和病院に定期受診のためキャンセル、30日外出のためキャンセルされています。\n体調お変わりないご様子です。 0 3 1 20140802110333 00035
00000113 00002 00003 05 _ _ _ 1 0 0 0 _ _ 0 0 1 20140802110333 00035
00000113 00002 00004 05 _ _ _ 1 0 0 0 _ _ 0 0 1 20140802110333 00035
00000113 00003 00002 05 26 7 平成26年8月2日 1 0 0 0 _ 今月より担当今村ヘルパー訪問しています。特に問題なく受入れて頂いています。\n7日に以前より気にされていたヘアーカットを藤沢の美容院で済まされ、ご本人も元気がでたご様子です。\n16日大和成和病院に定期受診のためキャンセル、30日外出のためキャンセルされています。\n体調お変わりないご様子です。 0 3 1 20140831113740 00035
00000113 00003 00003 05 26 8 平成26年8月31日 1 0 0 0 _ 20日ﾓﾆﾀﾘﾝｸﾞ行っています。（ﾓﾆﾀﾘﾝｸﾞｼｰﾄ参照）\nﾓﾆﾀﾘﾝｸﾞの結果、床の雑巾がけのご要望出ております。\n術後1年経過したが体調中々戻らず、歯がゆいご様子です。\n体調良いと感じ、洗濯などまとめて行うとその後疲れが出てしまうそうです。\n26日定期受診し、結果は問題ないが疲れが出てしまい\n風邪の症状もあるため27日キャンセルになっています。\n 0 3 1 20140831113740 00035
00000113 00003 00004 05 _ _ _ 1 0 0 0 _ _ 0 0 1 20140831113740 00035
00000113 00004 00002 05 26 7 平成26年8月2日 1 0 0 0 _ 今月より担当今村ヘルパー訪問しています。特に問題なく受入れて頂いています。\n7日に以前より気にされていたヘアーカットを藤沢の美容院で済まされ、ご本人も元気がでたご様子です。\n16日大和成和病院に定期受診のためキャンセル、30日外出のためキャンセルされています。\n体調お変わりないご様子です。 0 3 1 20141003173813 00034
00000113 00004 00003 05 26 8 平成26年8月31日 1 0 0 0 _ 20日モニタリング行っています。（モニタリングシート参照）\nモニタリングの結果、床の雑巾がけのご要望出ております。\n術後1年経過したが体調中々戻らず、歯がゆいご様子です。\n体調良いと感じ、洗濯などまとめて行うとその後疲れが出てしまうそうです。\n26日定期受診し、結果は問題ないが疲れが出てしまい\n風邪の症状もあるため27日キャンセルになっています。\n 0 3 1 20141003173813 00034
00000113 00004 00004 05 26 9 平成26年9月27日 1 0 2 1 _ 今月は３日のみサービス行っています。モニタリング時に要望にあった、雑巾掛けの対応をいたしました。\n１０日は前日の歯科治療中の気分不快がまだ続いているとの理由でご本人よりキャンセルの連絡。１６日は熱があり、体調すぐれないため今月サービスお休みの電話がありました。\n尻もちによる腰の痛みのため、入院との連絡をいただきましたが、ご様子わかりましたらご連絡いただければと思います。 0 3 1 20141003173813 00034
00000113 00005 00005 05 _ _ _ 1 0 0 0 _ _ 0 0 1 20141205085823 00034
00000113 00005 00006 05 26 11 平成26年12月4日 1 0 0 0 _ 18日よりサービス再開しています。洗濯のサービスプラン追加となり、ご相談しながら行っています。久しぶりのお掃除のため、居室内ホコリ多い状態でした。コルセットのため不自由さがあるそうですが、普段は痛みなく、寝返りの際には感じるそうです。姪御様おみえになっております。その後、居室内のみの生活から徐々にダイニングまで出かけられるようになり、徐々に体調良くなっているご様子です。午前と午後の2回コルセット緩めてベッドにて静養されているそうです。30日新ヘルパー同行しております。\n\n 0 3 1 20141205085823 00034
00000113 00005 00007 05 _ _ _ 1 0 0 0 _ _ 0 0 1 20141205085823 00034
