1 00000140 2014 05 11 0070 グランクレール・ケアサービス横浜 1112 身体介護１・夜 319 0 319 15 4785 0 4785 4785 0 10.84 51869 90 46682 5187 0 n n 0 1 20140701110304 00034
1 00000140 2014 06 11 0070 グランクレール・ケアサービス横浜 1112 身体介護１・夜 319 0 319 59 18821 0 18821 18821 0 10.84 204019 90 183617 20402 0 n n 0 1 20140701103019 00078
1 00000140 2014 07 11 0070 グランクレール・ケアサービス横浜 1112 身体介護１・夜 319 0 319 58 18502 0 18502 18502 0 10.84 200561 90 180504 20057 0 n n 0 1 20140801124506 00034
1 00000140 2014 08 11 0070 グランクレール・ケアサービス横浜 1112 身体介護１・夜 319 0 319 61 19459 0 19459 19459 0 10.84 210935 90 189841 21094 0 n n 0 1 20140831213842 00014
1 00000140 2014 09 11 0070 グランクレール・ケアサービス横浜 1112 身体介護１・夜 319 0 319 60 19140 0 19140 19140 0 10.84 207477 90 186729 20748 0 n n 0 1 20141001115543 00014
1 00000140 2014 10 11 0070 グランクレール・ケアサービス横浜 1112 身体介護１・夜 319 0 319 61 19459 0 19459 19459 0 10.84 210935 90 189841 21094 0 n n 0 1 20141101112741 00034
1 00000140 2014 11 11 0070 グランクレール・ケアサービス横浜 1112 身体介護１・夜 319 0 319 60 19140 0 19140 19140 0 10.84 207477 90 186729 20748 0 n n 0 1 20141130213228 00034
1 00000140 2014 12 11 0070 グランクレール・ケアサービス横浜 1112 身体介護１・夜 319 0 319 62 19778 0 19778 19778 0 10.84 214393 90 192953 21440 0 n n 0 1 20141210170928 00014
2 00000140 2014 05 11 0070 グランクレール・ケアサービス横浜 1211 身体介護２ 404 0 404 2 808 0 808 808 0 10.84 8758 90 7882 876 0 n n 0 1 20140701110304 00034
2 00000140 2014 06 11 0070 グランクレール・ケアサービス横浜 1211 身体介護２ 404 0 404 4 1616 0 1616 1616 0 10.84 17517 90 15765 1752 0 n n 0 1 20140701103019 00078
2 00000140 2014 07 11 0070 グランクレール・ケアサービス横浜 1113 身体介護１・深 383 0 383 3 1149 0 1149 1149 0 10.84 12455 90 11209 1246 0 n n 0 1 20140801124506 00034
2 00000140 2014 08 11 0070 グランクレール・ケアサービス横浜 1113 身体介護１・深 383 0 383 1 383 0 383 383 0 10.84 4151 90 3735 416 0 n n 0 1 20140831213842 00014
2 00000140 2014 09 11 0070 グランクレール・ケアサービス横浜 1211 身体介護２ 404 0 404 4 1616 0 1616 1616 0 10.84 17517 90 15765 1752 0 n n 0 1 20141001115543 00014
2 00000140 2014 10 11 0070 グランクレール・ケアサービス横浜 1211 身体介護２ 404 0 404 4 1616 0 1616 1616 0 10.84 17517 90 15765 1752 0 n n 0 1 20141101112741 00034
2 00000140 2014 11 11 0070 グランクレール・ケアサービス横浜 1211 身体介護２ 404 0 404 5 2020 0 2020 2020 0 10.84 21896 90 19706 2190 0 n n 0 1 20141130213228 00034
2 00000140 2014 12 11 0070 グランクレール・ケアサービス横浜 1211 身体介護２ 404 0 404 4 1616 0 1616 1616 0 10.84 17517 90 15765 1752 0 n n 0 1 20141210170928 00014
3 00000140 2014 05 11 0070 グランクレール・ケアサービス横浜 5111 身体２生活１ 474 0 474 1 474 0 474 474 0 10.84 5138 90 4624 514 0 n n 0 1 20140701110304 00034
3 00000140 2014 06 11 0070 グランクレール・ケアサービス横浜 5111 身体２生活１ 474 0 474 4 1896 0 1896 1896 0 10.84 20552 90 18496 2056 0 n n 0 1 20140701103019 00078
3 00000140 2014 07 11 0070 グランクレール・ケアサービス横浜 1211 身体介護２ 404 0 404 4 1616 0 1616 1616 0 10.84 17517 90 15765 1752 0 n n 0 1 20140801124506 00034
3 00000140 2014 08 11 0070 グランクレール・ケアサービス横浜 1211 身体介護２ 404 0 404 5 2020 0 2020 2020 0 10.84 21896 90 19706 2190 0 n n 0 1 20140831213842 00014
3 00000140 2014 09 11 0070 グランクレール・ケアサービス横浜 5111 身体２生活１ 474 0 474 4 1896 0 1896 1896 0 10.84 20552 90 18496 2056 0 n n 0 1 20141001115543 00014
3 00000140 2014 10 11 0070 グランクレール・ケアサービス横浜 5111 身体２生活１ 474 0 474 5 2370 0 2370 2370 0 10.84 25690 90 23121 2569 0 n n 0 1 20141101112741 00034
3 00000140 2014 11 11 0070 グランクレール・ケアサービス横浜 5111 身体２生活１ 474 0 474 4 1896 0 1896 1896 0 10.84 20552 90 18496 2056 0 n n 0 1 20141130213228 00034
3 00000140 2014 12 11 0070 グランクレール・ケアサービス横浜 5111 身体２生活１ 474 0 474 5 2370 0 2370 2370 0 10.84 25690 90 23121 2569 0 n n 0 1 20141210170928 00014
4 00000140 2014 05 11 0070 グランクレール・ケアサービス横浜 6271 訪問介護処遇改善加算Ⅰ 243 0 243 1 243 243 0.04 243 0 10.84 2634 90 2370 264 0 a g 0 1 20140701110304 00034
4 00000140 2014 06 11 0070 グランクレール・ケアサービス横浜 6271 訪問介護処遇改善加算Ⅰ 893 0 893 1 893 893 0.04 893 0 10.84 9680 90 8712 968 0 a g 0 1 20140701103019 00078
4 00000140 2014 07 11 0070 グランクレール・ケアサービス横浜 5111 身体２生活１ 474 0 474 5 2370 0 2370 2370 0 10.84 25690 90 23121 2569 0 n n 0 1 20140801124506 00034
4 00000140 2014 08 11 0070 グランクレール・ケアサービス横浜 5111 身体２生活１ 474 0 474 4 1896 0 1896 1896 0 10.84 20552 90 18496 2056 0 n n 0 1 20140831213842 00014
4 00000140 2014 09 11 0070 グランクレール・ケアサービス横浜 6271 訪問介護処遇改善加算Ⅰ 906 0 906 1 906 906 0.04 906 0 10.84 9821 90 8838 983 0 a g 0 1 20141001115543 00014
4 00000140 2014 10 11 0070 グランクレール・ケアサービス横浜 6271 訪問介護処遇改善加算Ⅰ 938 0 938 1 938 938 0.04 938 0 10.84 10167 90 9150 1017 0 a g 0 1 20141101112741 00034
4 00000140 2014 11 11 0070 グランクレール・ケアサービス横浜 6271 訪問介護処遇改善加算Ⅰ 922 0 922 1 922 922 0.04 922 0 10.84 9994 90 8994 1000 0 a g 0 1 20141130213228 00034
4 00000140 2014 12 11 0070 グランクレール・ケアサービス横浜 6271 訪問介護処遇改善加算Ⅰ 951 0 951 1 951 951 0.04 951 0 10.84 10308 90 9277 1031 0 a g 0 1 20141210170928 00014
5 00000140 2014 07 11 0070 グランクレール・ケアサービス横浜 6271 訪問介護処遇改善加算Ⅰ 945 0 945 1 945 945 0.04 945 0 10.84 10243 90 9218 1025 0 a g 0 1 20140801124506 00034
5 00000140 2014 08 11 0070 グランクレール・ケアサービス横浜 6271 訪問介護処遇改善加算Ⅰ 950 0 950 1 950 950 0.04 950 0 10.84 10298 90 9268 1030 0 a g 0 1 20140831213842 00014
