00000071 2012 10 2 10400 1 20140808134237 00030
00000071 2012 11 2 10400 1 20140808135458 00030
00000071 2012 12 2 10400 1 20140808140248 00030
00000071 2013 01 2 10400 1 20140724181042 00030
00000071 2013 02 2 10400 1 20140724181404 00030
00000071 2013 03 2 10400 1 20140724181726 00030
00000071 2013 04 2 10400 1 20140724182219 00030
00000071 2013 05 2 10400 1 20140724182600 00030
00000071 2013 06 2 10400 1 20140724183244 00030
00000071 2013 07 2 10400 1 20140724183808 00030
00000071 2013 08 2 10400 1 20140724184157 00030
00000071 2013 09 2 10400 1 20140627104144 00030
00000071 2013 10 2 10400 1 20140627104733 00030
00000071 2013 11 2 10400 1 20140627110431 00030
00000071 2013 12 2 10400 1 20140627110734 00030
00000071 2014 01 2 10400 1 20140613111451 00030
00000071 2014 02 2 10400 1 20140613112059 00030
00000071 2014 03 2 10400 1 20140613112921 00030
00000071 2014 04 2 10473 1 20140613113529 00030
00000071 2014 05 2 10473 1 20140815183609 00030
00000071 2014 06 2 10473 1 20140701153554 00030
00000071 2014 07 2 10473 1 20140801151236 00030
00000071 2014 08 2 10473 1 20140721202337 00030
00000071 2014 09 2 10473 1 20140817175613 00030
