00000015 20110615 20110527 1 20140529000000 00078
00000015 20110615 20110629 1 20140613172532 00078
00000015 20110704 20110629 1 20140529000000 00078
00000015 20110713 20110629 1 20140529000000 00078
00000015 20111221 20110629 1 20140529000000 00078
00000015 20111229 20110629 1 20140529000000 00078
00000015 20120331 20110629 1 20140529000000 00078
00000015 20120801 20110629 1 20140529000000 00078
00000015 20130719 20110527 1 20140613172420 00078
00000015 20130719 20110629 1 20140613172716 00078
00000015 20130719 20140418 1 20140619165404 00078
00000015 20140418 20110629 1 20140613172914 00078
00000015 20140418 20140418 1 20140619165504 00078
