00000015 20110704 20110703 ご子息 _ 1 2014052800000000 00078
00000015 20110704 20110703 ご本人 _ 1 2014052800000000 00078
00000015 20110704 20110703 小沼智子 グランクレール・ケアサービス美しが丘（ケアプラン） 1 2014052800000000 00078
00000015 20110704 20110703 森永子 グランクレール・ケアサービス美しが丘 1 2014052800000000 00078
00000015 20120801 20120806 上原ヘルパー（コメント） グランクレール・ケアサービス美しが丘 1 2014052800000000 00078
00000015 20120801 20120806 佐藤看護師 訪問看護ステーションよろこび 1 2014052800000000 00078
00000015 20120801 20120806 小沼智子 グランクレール・ケアサービス美しが丘（ケアプラン） 1 2014052800000000 00078
00000015 20120801 20120806 小田切Dr（コメント） 新石川クリニック 1 2014052800000000 00078
00000015 20120801 20120806 山岸綾子 グランクレール・ケアサービス美しが丘 1 2014052800000000 00078
00000015 20120801 20120806 筈見　ゆう子 次男嫁 1 2014052800000000 00078
00000015 20120801 20120806 筈見　君子 本人 1 2014052800000000 00078
00000015 20140418 20140419 三原福祉用具専門員 メディケアセンター新横浜 1 2014052800000000 00078
00000015 20140418 20140419 三原福祉用具専門員 メディケアセンター新横浜 1 2014052800000000 00078
00000015 20140418 20140419 山岸綾子 グランクレール・ケアサービス横浜 1 2014052800000000 00078
00000015 20140418 20140419 山岸綾子 グランクレール・ケアサービス横浜 1 2014052800000000 00078
00000015 20140418 20140419 看護師 訪問看護ステーションよろこび 1 2014052800000000 00078
00000015 20140418 20140419 看護師 訪問看護ステーションよろこび 1 2014052800000000 00078
00000015 20140418 20140419 筈見　君子 本人 1 2014052800000000 00078
00000015 20140418 20140419 筈見　君子 本人 1 2014052800000000 00078
00000015 20140418 20140419 筈見　文則 次男 1 2014052800000000 00078
00000015 20140418 20140419 筈見　文則 次男 1 2014052800000000 00078
00000015 20140418 20140419 臼井訪問介護管理者 グランクレール・ケアサービス横浜 1 2014052800000000 00078
00000015 20140418 20140419 臼井訪問介護管理者 グランクレール・ケアサービス横浜 1 2014052800000000 00078
