000001072013101 00000107 2013 10 23 17 1002 1 _ _ 0101 1 50 0 _ _ 1 20140630185759 24
000001072013102 00000107 2013 10 23 17 1010 1 _ _ 0101 1 50 0 _ _ 1 20140630185759 24
000001072013111 00000107 2013 11 04 11 4001 1 09:00 10:00 0070 1 200 0 _ _ 1 20140630190743 24
000001072013112 00000107 2013 11 04 11 7311 1 09:00 10:00 0070 1 235 0 _ _ 1 20140630190743 24
000001072013112 00000107 2013 11 11 11 7311 1 09:00 10:00 0070 1 235 0 _ _ 1 20140630190743 24
000001072013112 00000107 2013 11 18 11 7311 1 09:00 10:00 0070 1 235 0 _ _ 1 20140630190743 24
000001072013112 00000107 2013 11 25 11 7311 1 09:00 10:00 0070 1 235 0 _ _ 1 20140630190743 24
000001072013113 00000107 2013 11 01 17 1002 1 _ _ 0101 1 100 0 _ _ 1 20140630190743 24
000001072013114 00000107 2013 11 01 17 1010 1 _ _ 0101 1 100 0 _ _ 1 20140630190743 24
000001072013115 00000107 2013 11 07 15 1441 1 09:30 16:30 0078 1 809 0 _ _ 1 20140630190743 24
000001072013115 00000107 2013 11 14 15 1441 1 09:30 16:30 0078 1 809 0 _ _ 1 20140630190743 24
000001072013115 00000107 2013 11 21 15 1441 1 09:30 16:30 0078 1 809 0 _ _ 1 20140630190743 24
000001072013115 00000107 2013 11 28 15 1441 1 09:30 16:30 0078 1 809 0 _ _ 1 20140630190743 24
000001072013121 00000107 2013 12 06 11 5211 1 16:00 17:45 0070 1 542 0 _ _ 1 20140630191441 24
000001072013121 00000107 2013 12 13 11 5211 1 16:00 17:45 0070 1 542 0 _ _ 1 20140630191441 24
000001072013121 00000107 2013 12 20 11 5211 1 16:00 17:45 0070 1 542 0 _ _ 1 20140630191441 24
000001072013121 00000107 2013 12 27 11 5211 1 16:00 17:45 0070 1 542 0 _ _ 1 20140630191441 24
000001072013122 00000107 2013 12 05 15 1443 1 09:30 16:30 0078 1 1100 0 _ _ 1 20140630191441 24
000001072013122 00000107 2013 12 12 15 1443 1 09:30 16:30 0078 1 1100 0 _ _ 1 20140630191441 24
000001072013122 00000107 2013 12 19 15 1443 1 09:30 16:30 0078 1 1100 0 _ _ 1 20140630191441 24
000001072013122 00000107 2013 12 26 15 1443 1 09:30 16:30 0078 1 1100 0 _ _ 1 20140630191441 24
000001072013123 00000107 2013 12 19 15 5301 1 _ _ 0078 1 50 0 _ _ 1 20140630191441 24
000001072013123 00000107 2013 12 26 15 5301 1 _ _ 0078 1 50 0 _ _ 1 20140630191441 24
000001072013124 00000107 2013 12 01 17 1002 1 _ _ 0101 1 100 0 _ _ 1 20140630191441 24
000001072014011 00000107 2014 01 03 11 5211 1 16:00 17:45 0070 1 542 0 _ _ 1 20140616173127 24
000001072014011 00000107 2014 01 11 11 5211 1 16:00 17:45 0070 1 542 0 _ _ 1 20140616173127 24
000001072014011 00000107 2014 01 17 11 5211 1 16:00 17:45 0070 1 542 0 _ _ 1 20140616173127 24
000001072014011 00000107 2014 01 24 11 5211 1 16:00 17:45 0070 1 542 0 _ _ 1 20140616173127 24
000001072014011 00000107 2014 01 31 11 5211 1 16:00 17:45 0070 1 542 0 _ _ 1 20140616173127 24
000001072014012 00000107 2014 01 01 17 1002 1 _ _ 0101 1 100 0 _ _ 1 20140616173127 24
000001072014013 00000107 2014 01 09 15 1443 1 09:30 16:30 0078 1 1100 0 _ _ 1 20140616173127 24
000001072014013 00000107 2014 01 13 15 1443 1 09:30 16:30 0078 1 1100 0 _ _ 1 20140616173127 24
000001072014013 00000107 2014 01 20 15 1443 1 09:30 16:30 0078 1 1100 0 _ _ 1 20140616173127 24
000001072014013 00000107 2014 01 23 15 1443 1 09:30 16:30 0078 1 1100 0 _ _ 1 20140616173127 24
000001072014013 00000107 2014 01 27 15 1443 1 09:30 16:30 0078 1 1100 0 _ _ 1 20140616173127 24
000001072014013 00000107 2014 01 30 15 1443 1 09:30 16:30 0078 1 1100 0 _ _ 1 20140616173127 24
000001072014014 00000107 2014 01 09 15 5301 1 _ _ 0078 1 50 0 _ _ 1 20140616173127 24
000001072014014 00000107 2014 01 13 15 5301 1 _ _ 0078 1 50 0 _ _ 1 20140616173127 24
000001072014014 00000107 2014 01 20 15 5301 1 _ _ 0078 1 50 0 _ _ 1 20140616173127 24
000001072014014 00000107 2014 01 23 15 5301 1 _ _ 0078 1 50 0 _ _ 1 20140616173127 24
000001072014014 00000107 2014 01 27 15 5301 1 _ _ 0078 1 50 0 _ _ 1 20140616173127 24
000001072014014 00000107 2014 01 30 15 5301 1 _ _ 0078 1 50 0 _ _ 1 20140616173127 24
000001072014021 00000107 2014 02 07 11 5211 1 16:00 17:45 0070 1 542 0 _ _ 1 20140616180844 24
000001072014021 00000107 2014 02 28 11 5211 1 16:00 17:45 0070 1 542 0 _ _ 1 20140616180844 24
000001072014022 00000107 2014 02 21 11 7311 1 16:00 17:00 0070 1 235 0 _ _ 1 20140616180844 24
000001072014023 00000107 2014 02 01 17 1002 1 _ _ 0101 1 100 0 _ _ 1 20140616180844 24
000001072014024 00000107 2014 02 03 15 1443 1 09:30 16:30 0078 1 1100 0 _ _ 1 20140616180844 24
000001072014024 00000107 2014 02 10 15 1443 1 09:30 16:30 0078 1 1100 0 _ _ 1 20140616180844 24
000001072014024 00000107 2014 02 13 15 1443 1 09:30 16:30 0078 1 1100 0 _ _ 1 20140616180844 24
000001072014024 00000107 2014 02 14 15 1443 1 09:30 16:30 0078 1 1100 0 _ _ 1 20140616180844 24
000001072014024 00000107 2014 02 17 15 1443 1 09:30 16:30 0078 1 1100 0 _ _ 1 20140616180844 24
000001072014024 00000107 2014 02 20 15 1443 1 09:30 16:30 0078 1 1100 0 _ _ 1 20140616180844 24
000001072014024 00000107 2014 02 24 15 1443 1 09:30 16:30 0078 1 1100 0 _ _ 1 20140616180844 24
000001072014024 00000107 2014 02 27 15 1443 1 09:30 16:30 0078 1 1100 0 _ _ 1 20140616180844 24
000001072014025 00000107 2014 02 03 15 5301 1 _ _ 0078 1 50 0 _ _ 1 20140616180844 24
000001072014025 00000107 2014 02 20 15 5301 1 _ _ 0078 1 50 0 _ _ 1 20140616180844 24
000001072014025 00000107 2014 02 24 15 5301 1 _ _ 0078 1 50 0 _ _ 1 20140616180844 24
000001072014025 00000107 2014 02 27 15 5301 1 _ _ 0078 1 50 0 _ _ 1 20140616180844 24
000001072014026 00000107 2014 02 04 21 1431 1 _ _ 0079 1 890 0 _ _ 1 20140616180844 24
000001072014026 00000107 2014 02 05 21 1431 1 _ _ 0079 1 890 0 _ _ 1 20140616180844 24
000001072014027 00000107 2014 02 04 21 9200 1 _ _ 0079 1 184 0 _ _ 1 20140616180844 24
000001072014027 00000107 2014 02 05 21 9200 1 _ _ 0079 1 184 0 _ _ 1 20140616180844 24
000001072014031 00000107 2014 03 07 11 5211 1 16:00 17:45 0070 1 542 0 _ _ 1 20140616182027 24
000001072014031 00000107 2014 03 14 11 5211 1 16:00 17:45 0070 1 542 0 _ _ 1 20140616182027 24
000001072014031 00000107 2014 03 21 11 5211 1 16:00 17:45 0070 1 542 0 _ _ 1 20140616182027 24
000001072014031 00000107 2014 03 28 11 5211 1 16:00 17:45 0070 1 542 0 _ _ 1 20140616182027 24
000001072014032 00000107 2014 03 01 17 1002 1 _ _ 0101 1 100 0 _ _ 1 20140616182027 24
000001072014033 00000107 2014 03 03 15 1443 1 09:30 16:30 0078 1 1100 0 _ _ 1 20140616182027 24
000001072014033 00000107 2014 03 06 15 1443 1 09:30 16:30 0078 1 1100 0 _ _ 1 20140616182027 24
000001072014033 00000107 2014 03 10 15 1443 1 09:30 16:30 0078 1 1100 0 _ _ 1 20140616182027 24
000001072014033 00000107 2014 03 13 15 1443 1 09:30 16:30 0078 1 1100 0 _ _ 1 20140616182027 24
000001072014033 00000107 2014 03 17 15 1443 1 09:30 16:30 0078 1 1100 0 _ _ 1 20140616182027 24
000001072014033 00000107 2014 03 24 15 1443 1 09:30 16:30 0078 1 1100 0 _ _ 1 20140616182027 24
000001072014033 00000107 2014 03 27 15 1443 1 09:30 16:30 0078 1 1100 0 _ _ 1 20140616182027 24
000001072014033 00000107 2014 03 31 15 1443 1 09:30 16:30 0078 1 1100 0 _ _ 1 20140616182027 24
000001072014034 00000107 2014 03 03 15 5301 1 09:00 11:00 0078 1 50 0 _ _ 1 20140616182027 24
000001072014034 00000107 2014 03 06 15 5301 1 09:00 11:00 0078 1 50 0 _ _ 1 20140616182027 24
000001072014034 00000107 2014 03 10 15 5301 1 09:00 11:00 0078 1 50 0 _ _ 1 20140616182027 24
000001072014034 00000107 2014 03 13 15 5301 1 09:00 11:00 0078 1 50 0 _ _ 1 20140616182027 24
000001072014034 00000107 2014 03 17 15 5301 1 09:00 11:00 0078 1 50 0 _ _ 1 20140616182027 24
000001072014034 00000107 2014 03 24 15 5301 1 09:00 11:00 0078 1 50 0 _ _ 1 20140616182027 24
000001072014034 00000107 2014 03 27 15 5301 1 09:00 11:00 0078 1 50 0 _ _ 1 20140616182027 24
000001072014034 00000107 2014 03 31 15 5301 1 09:00 11:00 0078 1 50 0 _ _ 1 20140616182027 24
000001072014041 00000107 2014 04 04 11 5211 1 16:00 17:45 0070 1 544 0 _ _ 1 20140616182750 24
000001072014042 00000107 2014 04 18 11 5211 1 16:00 17:40 0070 1 544 0 _ _ 1 20140616182750 24
000001072014043 00000107 2014 04 01 17 1002 1 _ _ 0101 1 100 0 _ _ 1 20140616182750 24
000001072014044 00000107 2014 04 03 15 2443 1 09:30 16:30 0078 1 944 0 _ _ 1 20140616182750 24
000001072014044 00000107 2014 04 07 15 2443 1 09:30 16:30 0078 1 944 0 _ _ 1 20140616182750 24
000001072014044 00000107 2014 04 14 15 2443 1 09:30 16:30 0078 1 944 0 _ _ 1 20140616182750 24
000001072014044 00000107 2014 04 17 15 2443 1 09:30 16:30 0078 1 944 0 _ _ 1 20140616182750 24
000001072014045 00000107 2014 04 03 15 5301 1 _ _ 0078 1 50 0 _ _ 1 20140616182750 24
000001072014045 00000107 2014 04 07 15 5301 1 _ _ 0078 1 50 0 _ _ 1 20140616182750 24
000001072014045 00000107 2014 04 14 15 5301 1 _ _ 0078 1 50 0 _ _ 1 20140616182750 24
000001072014045 00000107 2014 04 17 15 5301 1 _ _ 0078 1 50 0 _ _ 1 20140616182750 24
000001072014046 00000107 2014 04 09 21 1431 1 _ _ 0079 1 895 0 _ _ 1 20140616182750 24
000001072014046 00000107 2014 04 10 21 1431 1 _ _ 0079 1 895 0 _ _ 1 20140616182750 24
000001072014046 00000107 2014 04 11 21 1431 1 _ _ 0079 1 895 0 _ _ 1 20140616182750 24
000001072014047 00000107 2014 04 09 21 9200 1 _ _ 0079 1 184 0 _ _ 1 20140616182750 24
000001072014047 00000107 2014 04 11 21 9200 1 _ _ 0079 1 184 0 _ _ 1 20140616182750 24
000001072014051 00000107 2014 05 22 11 1211 1 14:00 14:45 0070 1 404 0 _ _ 1 20140811164655 24
000001072014051 00000107 2014 05 29 11 1211 1 14:00 14:45 0070 1 404 0 _ _ 1 20140811164655 24
000001072014052 00000107 2014 05 26 11 5111 1 14:00 15:05 0070 _ 474 0 _ _ 1 20140811164655 24
000001072014053 00000107 2014 05 23 15 2443 1 09:30 16:35 0253 _ 944 0 _ _ 1 20140811164655 24
000001072014053 00000107 2014 05 30 15 2443 1 09:30 16:35 0253 _ 944 0 _ _ 1 20140811164655 24
000001072014054 00000107 2014 05 23 15 5051 1 _ _ 0253 _ 42 0 _ _ 1 20140811164655 24
000001072014054 00000107 2014 05 30 15 5051 1 _ _ 0253 _ 42 0 _ _ 1 20140811164655 24
000001072014055 00000107 2014 05 23 15 5052 1 _ _ 0253 _ 50 0 _ _ 1 20140811164655 24
000001072014055 00000107 2014 05 30 15 5052 1 _ _ 0253 _ 50 0 _ _ 1 20140811164655 24
000001072014056 00000107 2014 05 23 15 5301 1 _ _ 0253 _ 50 0 _ _ 1 20140811164655 24
000001072014056 00000107 2014 05 30 15 5301 1 _ _ 0253 _ 50 0 _ _ 1 20140811164655 24
000001072014061 00000107 2014 06 05 11 1211 1 14:00 14:45 0070 1 404 0 _ _ 1 20140630143210 63
000001072014061 00000107 2014 06 12 11 1211 1 14:00 14:45 0070 1 404 0 _ _ 1 20140630143210 63
000001072014061 00000107 2014 06 19 11 1211 1 14:00 14:45 0070 1 404 0 _ _ 1 20140630143210 63
000001072014061 00000107 2014 06 26 11 1211 1 14:00 14:45 0070 1 404 0 _ _ 1 20140630143210 63
000001072014062 00000107 2014 06 09 11 5111 1 14:00 15:05 0070 1 474 0 _ _ 1 20140630143210 63
000001072014062 00000107 2014 06 16 11 5111 1 14:00 15:05 0070 1 474 0 _ _ 1 20140630143210 63
000001072014062 00000107 2014 06 23 11 5111 1 14:00 15:05 0070 1 474 0 _ _ 1 20140630143210 63
000001072014063 00000107 2014 06 06 15 2443 1 09:30 16:35 0253 1 944 0 _ _ 1 20140630143210 63
000001072014063 00000107 2014 06 13 15 2443 1 09:30 16:35 0253 1 944 0 _ _ 1 20140630143210 63
000001072014063 00000107 2014 06 20 15 2443 1 09:30 16:35 0253 1 944 0 _ _ 1 20140630143210 63
000001072014063 00000107 2014 06 27 15 2443 1 09:30 16:35 0253 1 944 0 _ _ 1 20140630143210 63
000001072014064 00000107 2014 06 06 15 5051 1 _ _ 0253 1 42 0 _ _ 1 20140630143210 63
000001072014064 00000107 2014 06 13 15 5051 1 _ _ 0253 1 42 0 _ _ 1 20140630143210 63
000001072014064 00000107 2014 06 20 15 5051 1 _ _ 0253 1 42 0 _ _ 1 20140630143210 63
000001072014064 00000107 2014 06 27 15 5051 1 _ _ 0253 1 42 0 _ _ 1 20140630143210 63
000001072014065 00000107 2014 06 06 15 5052 1 _ _ 0253 1 50 0 _ _ 1 20140630143210 63
000001072014065 00000107 2014 06 13 15 5052 1 _ _ 0253 1 50 0 _ _ 1 20140630143210 63
000001072014065 00000107 2014 06 20 15 5052 1 _ _ 0253 1 50 0 _ _ 1 20140630143210 63
000001072014065 00000107 2014 06 27 15 5052 1 _ _ 0253 1 50 0 _ _ 1 20140630143210 63
000001072014066 00000107 2014 06 06 15 5301 1 _ _ 0253 1 50 0 _ _ 1 20140630143210 63
000001072014066 00000107 2014 06 13 15 5301 1 _ _ 0253 1 50 0 _ _ 1 20140630143210 63
000001072014066 00000107 2014 06 20 15 5301 1 _ _ 0253 1 50 0 _ _ 1 20140630143210 63
000001072014066 00000107 2014 06 27 15 5301 1 _ _ 0253 1 50 0 _ _ 1 20140630143210 63
000001072015041 00000107 2015 04 03 11 5211 1 16:00 17:45 0070 1 522 0 _ _ 1 20150428161522 161
000001072015041 00000107 2015 04 10 11 5211 1 16:00 17:45 0070 1 522 0 _ _ 1 20150428161522 161
000001072015041 00000107 2015 04 17 11 5211 1 16:00 17:45 0070 1 522 0 _ _ 1 20150428161522 161
000001072015041 00000107 2015 04 24 11 5211 1 16:00 17:45 0070 1 522 0 _ _ 1 20150428161522 161
000001072015042 00000107 2015 04 07 15 2143 1 09:00 11:00 0078 1 757 0 _ _ 1 20150428161522 161
000001072015042 00000107 2015 04 14 15 2143 1 09:00 11:00 0078 1 757 0 _ _ 1 20150428161522 161
000001072015042 00000107 2015 04 21 15 2143 1 09:00 11:00 0078 1 757 0 _ _ 1 20150428161522 161
000001072015042 00000107 2015 04 28 15 2143 1 09:00 11:00 0078 1 757 0 _ _ 1 20150428161522 161
000001072015043 00000107 2015 04 02 15 2443 1 09:30 16:30 0078 1 1006 0 _ _ 1 20150428161522 161
000001072015043 00000107 2015 04 06 15 2443 1 09:30 16:30 0078 1 1006 0 _ _ 1 20150428161522 161
000001072015043 00000107 2015 04 09 15 2443 1 09:30 16:30 0078 1 1006 0 _ _ 1 20150428161522 161
000001072015043 00000107 2015 04 13 15 2443 1 09:30 16:30 0078 1 1006 0 _ _ 1 20150428161522 161
000001072015043 00000107 2015 04 16 15 2443 1 09:30 16:30 0078 1 1006 0 _ _ 1 20150428161522 161
000001072015043 00000107 2015 04 20 15 2443 1 09:30 16:30 0078 1 1006 0 _ _ 1 20150428161522 161
000001072015043 00000107 2015 04 23 15 2443 1 09:30 16:30 0078 1 1006 0 _ _ 1 20150428161522 161
000001072015043 00000107 2015 04 27 15 2443 1 09:30 16:30 0078 1 1006 0 _ _ 1 20150428161522 161
000001072015043 00000107 2015 04 30 15 2443 1 09:30 16:30 0078 1 1006 0 _ _ 1 20150428161522 161
000001072015044 00000107 2015 04 01 17 1009 1 20:00 22:00 0101 1 0 0 _ _ 1 20150428161522 161
000001072015044 00000107 2015 04 11 17 1009 1 20:00 22:00 0101 1 0 0 _ _ 1 20150428161522 161
000001072015044 00000107 2015 04 25 17 1009 1 20:00 22:00 0101 1 0 0 _ _ 1 20150428161522 161
