00000046 2011 12 02 13:30 14:59 11 1311 0070 10.84 1 584 1 20141103164811 00077
00000046 2011 12 09 13:30 14:59 11 1311 0070 10.84 1 584 1 20141103164811 00077
00000046 2011 12 16 13:30 14:59 11 1311 0070 10.84 1 584 1 20141103164811 00077
00000046 2011 12 23 13:30 14:59 11 1311 0070 10.84 1 584 1 20141103164811 00077
00000046 2011 12 30 13:30 14:59 11 1311 0070 10.84 1 584 1 20141103164811 00077
00000046 2012 01 21 13:30 14:59 11 1311 0070 10.84 1 584 1 20141016173731 00077
00000046 2012 01 27 13:30 14:59 11 1311 0070 10.84 1 584 1 20141016173731 00077
00000046 2012 02 03 13:30 14:59 11 1311 0070 10.84 1 584 1 20141016174129 00077
00000046 2012 02 10 13:30 14:59 11 1311 0070 10.84 1 584 1 20141016174129 00077
00000046 2012 02 17 13:30 14:59 11 1311 0070 10.84 1 584 1 20141016174129 00077
00000046 2012 03 02 13:30 14:59 11 1311 0070 10.84 1 584 1 20141016174509 00077
00000046 2012 03 16 13:30 14:59 11 1311 0070 10.84 1 584 1 20141016174509 00077
00000046 2012 03 30 13:30 14:59 11 1311 0070 10.84 1 584 1 20141016174509 00077
00000046 2012 04 13 14:00 15:29 11 1311 0070 10.84 1 584 1 20140804134507 00034
00000046 2012 04 20 13:30 14:59 11 1311 0070 10.84 1 584 1 20140804134507 00034
00000046 2012 05 11 13:30 14:59 11 1311 0070 10.84 1 584 1 20140804135103 00034
00000046 2012 05 25 13:30 14:59 11 1311 0070 10.84 1 584 1 20140804135103 00034
00000046 2012 06 08 13:30 14:59 11 1311 0070 10.84 1 584 1 20140804141454 00034
00000046 2012 06 22 13:30 14:59 11 1311 0070 10.84 1 584 1 20140804141454 00034
00000046 2012 07 06 13:30 14:59 11 1311 0070 10.84 1 584 1 20140804141720 00034
00000046 2012 07 20 13:30 14:59 11 1311 0070 10.84 1 584 1 20140804141720 00034
00000046 2012 08 01 13:30 14:59 11 1311 0070 10.84 1 584 1 20140804142132 00034
00000046 2012 08 17 13:30 14:59 11 1311 0070 10.84 1 584 1 20140804142132 00034
00000046 2012 08 31 13:30 14:59 11 1311 0070 10.84 1 584 1 20140804142132 00034
00000046 2012 09 14 13:30 14:59 11 1311 0070 10.84 1 584 1 20140804142544 00034
00000046 2012 09 28 13:30 14:59 11 1311 0070 10.84 1 584 1 20140804142544 00034
00000046 2012 10 05 13:30 14:59 11 1311 0070 10.84 1 584 1 20140804143103 00034
00000046 2012 10 19 13:30 14:59 11 1311 0070 10.84 1 584 1 20140804143103 00034
00000046 2012 11 09 13:30 14:49 11 1311 0070 10.84 1 584 1 20140804143623 00034
00000046 2012 11 23 13:30 14:59 11 1311 0070 10.84 1 584 1 20140804143623 00034
00000046 2012 12 07 13:30 14:59 11 1311 0070 10.84 1 584 1 20140804144020 00034
00000046 2012 12 21 13:30 14:59 11 1311 0070 10.84 1 584 1 20140804144020 00034
00000046 2013 01 11 13:30 14:59 11 1311 0070 10.84 1 584 1 20140722181600 00034
00000046 2013 01 25 13:30 14:59 11 1311 0070 10.84 1 584 1 20140722181600 00034
00000046 2013 02 08 13:30 14:59 11 1311 0070 10.84 1 584 1 20140722182346 00034
00000046 2013 02 22 13:30 14:55 11 1311 0070 10.84 1 584 1 20140722182346 00034
00000046 2013 03 08 13:30 14:59 11 1311 0070 10.84 1 584 1 20140722182730 00034
00000046 2013 03 22 13:30 14:59 11 1311 0070 10.84 1 584 1 20140722182730 00034
00000046 2013 04 05 13:30 14:59 11 1311 0070 10.84 1 584 1 20140722183024 00034
00000046 2013 04 19 13:30 14:55 11 1311 0070 10.84 1 584 1 20140722183024 00034
00000046 2013 05 03 13:30 14:59 11 1311 0070 10.84 1 584 1 20140722183406 00034
00000046 2013 05 17 13:30 14:59 11 1311 0070 10.84 1 584 1 20140722183406 00034
00000046 2013 06 14 13:30 14:59 11 1311 0070 10.84 1 584 1 20140722183702 00034
00000046 2013 06 28 13:30 14:59 11 1311 0070 10.84 1 584 1 20140722183702 00034
00000046 2013 07 12 13:30 14:59 11 1311 0070 10.84 1 584 1 20140722184317 00034
00000046 2013 07 26 13:30 14:59 11 1311 0070 10.84 1 584 1 20140722184317 00034
00000046 2013 08 07 09:15 10:15 11 7311 0070 10.84 1 235 1 20140722185000 00034
00000046 2013 08 09 13:30 14:59 11 1311 0070 10.84 1 584 1 20140722185000 00034
00000046 2013 08 14 09:15 10:15 11 7311 0070 10.84 1 235 1 20140722185000 00034
00000046 2013 08 21 09:15 10:15 11 7311 0070 10.84 1 235 1 20140722185000 00034
00000046 2013 08 23 13:30 14:59 11 1311 0070 10.84 1 584 1 20140722185000 00034
00000046 2013 08 28 09:15 10:15 11 7311 0070 10.84 1 235 1 20140722185000 00034
00000046 2013 09 04 09:15 10:15 11 7311 0070 10.84 1 235 1 20140625183808 00034
00000046 2013 09 06 13:30 14:59 11 1311 0070 10.84 1 584 1 20140625183808 00034
00000046 2013 09 11 09:15 10:15 11 7311 0070 10.84 1 235 1 20140625183808 00034
00000046 2013 09 18 09:15 10:15 11 7311 0070 10.84 1 235 1 20140625183808 00034
00000046 2013 09 25 09:15 10:15 11 7311 0070 10.84 1 235 1 20140625183808 00034
00000046 2013 09 27 13:30 14:59 11 1311 0070 10.84 1 584 1 20140625183808 00034
00000046 2013 10 02 09:15 10:15 11 7311 0070 10.84 1 235 1 20140625184505 00034
00000046 2013 10 09 09:15 10:15 11 7311 0070 10.84 1 235 1 20140625184505 00034
00000046 2013 10 11 13:30 14:59 11 1311 0070 10.84 1 584 1 20140625184505 00034
00000046 2013 10 16 09:15 10:15 11 7311 0070 10.84 1 235 1 20140625184505 00034
00000046 2013 10 23 09:15 10:15 11 7311 0070 10.84 1 235 1 20140625184505 00034
00000046 2013 10 25 13:30 14:59 11 1311 0070 10.84 1 584 1 20140625184505 00034
00000046 2013 10 30 09:15 10:15 11 7311 0070 10.84 1 235 1 20140625184505 00034
00000046 2013 11 06 09:15 10:15 11 7311 0070 10.84 1 235 1 20140625185339 00034
00000046 2013 11 08 13:30 14:59 11 1311 0070 10.84 1 584 1 20140625185339 00034
00000046 2013 11 13 09:15 10:15 11 7311 0070 10.84 1 235 1 20140625185339 00034
00000046 2013 11 20 09:15 10:15 11 7311 0070 10.84 1 235 1 20140625185339 00034
00000046 2013 11 27 09:15 10:15 11 7311 0070 10.84 1 235 1 20140625185339 00034
00000046 2013 12 04 09:15 10:15 11 7311 0070 10.84 1 235 1 20140625185712 00034
00000046 2013 12 11 09:15 10:15 11 7311 0070 10.84 1 235 1 20140625185712 00034
00000046 2013 12 13 13:30 14:59 11 1311 0070 10.84 1 584 1 20140625185712 00034
00000046 2013 12 18 09:15 10:15 11 7311 0070 10.84 1 235 1 20140625185712 00034
00000046 2013 12 20 13:30 14:59 11 1311 0070 10.84 1 584 1 20140625185712 00034
00000046 2013 12 25 09:15 10:15 11 7311 0070 10.84 1 235 1 20140625185712 00034
00000046 2014 01 08 09:15 10:15 11 7311 0070 10.84 1 235 1 20140611180253 00034
00000046 2014 01 10 13:30 14:59 11 1311 0070 10.84 1 584 1 20140611180253 00034
00000046 2014 01 15 09:15 10:15 11 7311 0070 10.84 1 235 1 20140611180253 00034
00000046 2014 01 22 09:15 10:15 11 7311 0070 10.84 1 235 1 20140611180253 00034
00000046 2014 01 24 13:30 14:59 11 1311 0070 10.84 1 584 1 20140611180253 00034
00000046 2014 01 29 09:15 10:15 11 7311 0070 10.84 1 235 1 20140611180253 00034
00000046 2014 02 05 09:15 10:15 11 7311 0070 10.84 1 235 1 20140611181331 00034
00000046 2014 02 07 13:30 14:59 11 1311 0070 10.84 1 584 1 20140611181331 00034
00000046 2014 02 12 09:15 10:15 11 7311 0070 10.84 1 235 1 20140611181331 00034
00000046 2014 02 19 09:15 10:15 11 7311 0070 10.84 1 235 1 20140611181331 00034
00000046 2014 02 21 13:30 14:59 11 1311 0070 10.84 1 584 1 20140611181331 00034
00000046 2014 02 26 09:15 10:15 11 7311 0070 10.84 1 235 1 20140611181331 00034
00000046 2014 03 05 09:15 10:15 11 7311 0070 10.84 1 235 1 20140611181942 00034
00000046 2014 03 07 13:30 14:59 11 1311 0070 10.84 1 584 1 20140611181942 00034
00000046 2014 03 12 09:15 10:15 11 7311 0070 10.84 1 235 1 20140611181942 00034
00000046 2014 03 14 13:30 14:59 11 1311 0070 10.84 1 584 1 20140611181942 00034
00000046 2014 03 19 09:15 10:15 11 7311 0070 10.84 1 235 1 20140611181942 00034
00000046 2014 03 26 09:15 10:15 11 7311 0070 10.84 1 235 1 20140611181942 00034
00000046 2014 04 02 09:15 10:15 11 7311 0070 10.84 1 236 1 20140611182723 00034
00000046 2014 04 09 09:15 10:15 11 7311 0070 10.84 1 236 1 20140611182723 00034
00000046 2014 04 11 13:30 14:59 11 1311 0070 10.84 1 587 1 20140611182723 00034
00000046 2014 04 16 09:15 10:15 11 7311 0070 10.84 1 236 1 20140611182723 00034
00000046 2014 04 23 09:15 10:15 11 7311 0070 10.84 1 236 1 20140611182723 00034
00000046 2014 04 25 13:30 14:59 11 1311 0070 10.84 1 587 1 20140611182723 00034
00000046 2014 04 30 09:15 10:15 11 7311 0070 10.84 1 236 1 20140611182723 00034
00000046 2014 05 07 09:15 10:15 11 7311 0070 10.84 1 236 1 20140815172037 00034
00000046 2014 05 09 13:30 14:59 11 1311 0070 10.84 1 587 1 20140815172037 00034
00000046 2014 05 14 09:15 10:15 11 7311 0070 10.84 1 236 1 20140815172037 00034
00000046 2014 05 21 09:15 10:15 11 7311 0070 10.84 1 236 1 20140815172037 00034
00000046 2014 05 28 09:15 10:15 11 7311 0070 10.84 1 236 1 20140815172037 00034
00000046 2014 05 30 15:30 16:59 11 1311 0070 10.84 1 587 1 20140815172037 00034
