00000046 0070 2011 12 1 1 20141103164811 00077
00000046 0070 2012 01 _ 1 20141016173731 00077
00000046 0070 2012 02 _ 1 20141016174129 00077
00000046 0070 2012 03 _ 1 20141016174509 00077
00000046 0070 2012 04 _ 1 20140804134507 00034
00000046 0070 2012 05 _ 1 20140804135103 00034
00000046 0070 2012 06 _ 1 20140804141454 00034
00000046 0070 2012 07 _ 1 20140804141720 00034
00000046 0070 2012 08 _ 1 20140804142132 00034
00000046 0070 2012 09 _ 1 20140804142544 00034
00000046 0070 2012 10 _ 1 20140804143103 00034
00000046 0070 2012 11 _ 1 20140804143623 00034
00000046 0070 2012 12 _ 1 20140804144020 00034
00000046 0070 2013 01 _ 1 20140722181600 00034
00000046 0070 2013 02 _ 1 20140722182346 00034
00000046 0070 2013 03 _ 1 20140722182730 00034
00000046 0070 2013 04 _ 1 20140722183024 00034
00000046 0070 2013 05 _ 1 20140722183406 00034
00000046 0070 2013 06 _ 1 20140722183702 00034
00000046 0070 2013 07 _ 1 20140722184317 00034
00000046 0070 2013 08 _ 1 20140722185000 00034
00000046 0070 2013 09 _ 1 20140625183808 00034
00000046 0070 2013 10 _ 1 20140625184505 00034
00000046 0070 2013 11 _ 1 20140625185339 00034
00000046 0070 2013 12 _ 1 20140625185712 00034
00000046 0070 2014 01 _ 1 20140611180253 00034
00000046 0070 2014 02 _ 1 20140611181331 00034
00000046 0070 2014 03 _ 1 20140611181942 00034
00000046 0070 2014 04 _ 1 20140611182723 00034
00000046 0070 2014 05 _ 1 20140815172037 00034
00000046 0070 2014 06 _ 1 20140625193355 00035
