000002362013051 00000236 2013 05 01 15 1441 1 09:30 17:00 0228 1 809 0 _ _ 1 20140704135308 63
000002362013051 00000236 2013 05 03 15 1441 1 09:30 17:00 0228 1 809 0 _ _ 1 20140704135308 63
000002362013051 00000236 2013 05 06 15 1441 1 09:30 17:00 0228 1 809 0 _ _ 1 20140704135308 63
000002362013051 00000236 2013 05 10 15 1441 1 09:30 17:00 0228 1 809 0 _ _ 1 20140704135308 63
000002362013051 00000236 2013 05 13 15 1441 1 09:30 17:00 0228 1 809 0 _ _ 1 20140704135308 63
000002362013051 00000236 2013 05 17 15 1441 1 09:30 17:00 0228 1 809 0 _ _ 1 20140704135308 63
000002362013051 00000236 2013 05 20 15 1441 1 09:30 17:00 0228 1 809 0 _ _ 1 20140704135308 63
000002362013051 00000236 2013 05 24 15 1441 1 09:30 17:00 0228 1 809 0 _ _ 1 20140704135308 63
000002362013052 00000236 2013 05 01 15 5051 1 _ _ 0228 1 42 0 _ _ 1 20140704135308 63
000002362013052 00000236 2013 05 03 15 5051 1 _ _ 0228 1 42 0 _ _ 1 20140704135308 63
000002362013052 00000236 2013 05 06 15 5051 1 _ _ 0228 1 42 0 _ _ 1 20140704135308 63
000002362013052 00000236 2013 05 10 15 5051 1 _ _ 0228 1 42 0 _ _ 1 20140704135308 63
000002362013052 00000236 2013 05 13 15 5051 1 _ _ 0228 1 42 0 _ _ 1 20140704135308 63
000002362013052 00000236 2013 05 17 15 5051 1 _ _ 0228 1 42 0 _ _ 1 20140704135308 63
000002362013052 00000236 2013 05 20 15 5051 1 _ _ 0228 1 42 0 _ _ 1 20140704135308 63
000002362013052 00000236 2013 05 24 15 5051 1 _ _ 0228 1 42 0 _ _ 1 20140704135308 63
000002362013053 00000236 2013 05 01 15 5052 1 _ _ 0228 1 50 0 _ _ 1 20140704135308 63
000002362013053 00000236 2013 05 03 15 5052 1 _ _ 0228 1 50 0 _ _ 1 20140704135308 63
000002362013053 00000236 2013 05 06 15 5052 1 _ _ 0228 1 50 0 _ _ 1 20140704135308 63
000002362013053 00000236 2013 05 10 15 5052 1 _ _ 0228 1 50 0 _ _ 1 20140704135308 63
000002362013053 00000236 2013 05 13 15 5052 1 _ _ 0228 1 50 0 _ _ 1 20140704135308 63
000002362013053 00000236 2013 05 17 15 5052 1 _ _ 0228 1 50 0 _ _ 1 20140704135308 63
000002362013053 00000236 2013 05 20 15 5052 1 _ _ 0228 1 50 0 _ _ 1 20140704135308 63
000002362013053 00000236 2013 05 24 15 5052 1 _ _ 0228 1 50 0 _ _ 1 20140704135308 63
000002362013054 00000236 2013 05 01 15 6101 1 _ _ 0228 1 12 0 _ _ 1 20140704135308 63
000002362013054 00000236 2013 05 03 15 6101 1 _ _ 0228 1 12 0 _ _ 1 20140704135308 63
000002362013054 00000236 2013 05 06 15 6101 1 _ _ 0228 1 12 0 _ _ 1 20140704135308 63
000002362013054 00000236 2013 05 10 15 6101 1 _ _ 0228 1 12 0 _ _ 1 20140704135308 63
000002362013054 00000236 2013 05 13 15 6101 1 _ _ 0228 1 12 0 _ _ 1 20140704135308 63
000002362013054 00000236 2013 05 17 15 6101 1 _ _ 0228 1 12 0 _ _ 1 20140704135308 63
000002362013054 00000236 2013 05 20 15 6101 1 _ _ 0228 1 12 0 _ _ 1 20140704135308 63
000002362013054 00000236 2013 05 24 15 6101 1 _ _ 0228 1 12 0 _ _ 1 20140704135308 63
000002362013061 00000236 2013 06 05 15 1441 1 09:30 17:00 0228 1 809 0 _ _ 1 20140704134218 63
000002362013061 00000236 2013 06 07 15 1441 1 09:30 17:00 0228 1 809 0 _ _ 1 20140704134218 63
000002362013061 00000236 2013 06 12 15 1441 1 09:30 17:00 0228 1 809 0 _ _ 1 20140704134218 63
000002362013061 00000236 2013 06 14 15 1441 1 09:30 17:00 0228 1 809 0 _ _ 1 20140704134218 63
000002362013061 00000236 2013 06 17 15 1441 1 09:30 17:00 0228 1 809 0 _ _ 1 20140704134218 63
000002362013061 00000236 2013 06 19 15 1441 1 09:30 17:00 0228 1 809 0 _ _ 1 20140704134218 63
000002362013061 00000236 2013 06 21 15 1441 1 09:30 17:00 0228 1 809 0 _ _ 1 20140704134218 63
000002362013061 00000236 2013 06 26 15 1441 1 09:30 17:00 0228 1 809 0 _ _ 1 20140704134218 63
000002362013061 00000236 2013 06 28 15 1441 1 09:30 17:00 0228 1 809 0 _ _ 1 20140704134218 63
000002362013062 00000236 2013 06 05 15 5051 1 _ _ 0228 1 42 0 _ _ 1 20140704134218 63
000002362013062 00000236 2013 06 07 15 5051 1 _ _ 0228 1 42 0 _ _ 1 20140704134218 63
000002362013062 00000236 2013 06 12 15 5051 1 _ _ 0228 1 42 0 _ _ 1 20140704134218 63
000002362013062 00000236 2013 06 14 15 5051 1 _ _ 0228 1 42 0 _ _ 1 20140704134218 63
000002362013062 00000236 2013 06 17 15 5051 1 _ _ 0228 1 42 0 _ _ 1 20140704134218 63
000002362013062 00000236 2013 06 19 15 5051 1 _ _ 0228 1 42 0 _ _ 1 20140704134218 63
000002362013062 00000236 2013 06 21 15 5051 1 _ _ 0228 1 42 0 _ _ 1 20140704134218 63
000002362013062 00000236 2013 06 26 15 5051 1 _ _ 0228 1 42 0 _ _ 1 20140704134218 63
000002362013062 00000236 2013 06 28 15 5051 1 _ _ 0228 1 42 0 _ _ 1 20140704134218 63
000002362013063 00000236 2013 06 05 15 5052 1 _ _ 0228 1 50 0 _ _ 1 20140704134218 63
000002362013063 00000236 2013 06 07 15 5052 1 _ _ 0228 1 50 0 _ _ 1 20140704134218 63
000002362013063 00000236 2013 06 12 15 5052 1 _ _ 0228 1 50 0 _ _ 1 20140704134218 63
000002362013063 00000236 2013 06 14 15 5052 1 _ _ 0228 1 50 0 _ _ 1 20140704134218 63
000002362013063 00000236 2013 06 17 15 5052 1 _ _ 0228 1 50 0 _ _ 1 20140704134218 63
000002362013063 00000236 2013 06 19 15 5052 1 _ _ 0228 1 50 0 _ _ 1 20140704134218 63
000002362013063 00000236 2013 06 21 15 5052 1 _ _ 0228 1 50 0 _ _ 1 20140704134218 63
000002362013063 00000236 2013 06 26 15 5052 1 _ _ 0228 1 50 0 _ _ 1 20140704134218 63
000002362013063 00000236 2013 06 28 15 5052 1 _ _ 0228 1 50 0 _ _ 1 20140704134218 63
000002362013064 00000236 2013 06 05 15 6101 1 _ _ 0228 1 12 0 _ _ 1 20140704134218 63
000002362013064 00000236 2013 06 07 15 6101 1 _ _ 0228 1 12 0 _ _ 1 20140704134218 63
000002362013064 00000236 2013 06 12 15 6101 1 _ _ 0228 1 12 0 _ _ 1 20140704134218 63
000002362013064 00000236 2013 06 14 15 6101 1 _ _ 0228 1 12 0 _ _ 1 20140704134218 63
000002362013064 00000236 2013 06 17 15 6101 1 _ _ 0228 1 12 0 _ _ 1 20140704134218 63
000002362013064 00000236 2013 06 19 15 6101 1 _ _ 0228 1 12 0 _ _ 1 20140704134218 63
000002362013064 00000236 2013 06 21 15 6101 1 _ _ 0228 1 12 0 _ _ 1 20140704134218 63
000002362013064 00000236 2013 06 26 15 6101 1 _ _ 0228 1 12 0 _ _ 1 20140704134218 63
000002362013064 00000236 2013 06 28 15 6101 1 _ _ 0228 1 12 0 _ _ 1 20140704134218 63
000002362013071 00000236 2013 07 01 15 1441 1 09:30 17:00 0228 1 809 0 _ _ 1 20140704133648 63
000002362013071 00000236 2013 07 03 15 1441 1 09:30 17:00 0228 1 809 0 _ _ 1 20140704133648 63
000002362013071 00000236 2013 07 08 15 1441 1 09:30 17:00 0228 1 809 0 _ _ 1 20140704133648 63
000002362013071 00000236 2013 07 10 15 1441 1 09:30 17:00 0228 1 809 0 _ _ 1 20140704133648 63
000002362013071 00000236 2013 07 12 15 1441 1 09:30 17:00 0228 1 809 0 _ _ 1 20140704133648 63
000002362013071 00000236 2013 07 15 15 1441 1 09:30 17:00 0228 1 809 0 _ _ 1 20140704133648 63
000002362013071 00000236 2013 07 17 15 1441 1 09:30 17:00 0228 1 809 0 _ _ 1 20140704133648 63
000002362013071 00000236 2013 07 26 15 1441 1 09:30 17:00 0228 1 809 0 _ _ 1 20140704133648 63
000002362013071 00000236 2013 07 29 15 1441 1 09:30 17:00 0228 1 809 0 _ _ 1 20140704133648 63
000002362013072 00000236 2013 07 01 15 5051 1 _ _ 0228 1 42 0 _ _ 1 20140704133648 63
000002362013072 00000236 2013 07 03 15 5051 1 _ _ 0228 1 42 0 _ _ 1 20140704133648 63
000002362013072 00000236 2013 07 08 15 5051 1 _ _ 0228 1 42 0 _ _ 1 20140704133648 63
000002362013072 00000236 2013 07 10 15 5051 1 _ _ 0228 1 42 0 _ _ 1 20140704133648 63
000002362013072 00000236 2013 07 12 15 5051 1 _ _ 0228 1 42 0 _ _ 1 20140704133648 63
000002362013072 00000236 2013 07 15 15 5051 1 _ _ 0228 1 42 0 _ _ 1 20140704133648 63
000002362013072 00000236 2013 07 17 15 5051 1 _ _ 0228 1 42 0 _ _ 1 20140704133648 63
000002362013072 00000236 2013 07 26 15 5051 1 _ _ 0228 1 42 0 _ _ 1 20140704133648 63
000002362013072 00000236 2013 07 29 15 5051 1 _ _ 0228 1 42 0 _ _ 1 20140704133648 63
000002362013073 00000236 2013 07 01 15 5052 1 _ _ 0228 1 50 0 _ _ 1 20140704133648 63
000002362013073 00000236 2013 07 03 15 5052 1 _ _ 0228 1 50 0 _ _ 1 20140704133648 63
000002362013073 00000236 2013 07 08 15 5052 1 _ _ 0228 1 50 0 _ _ 1 20140704133648 63
000002362013073 00000236 2013 07 10 15 5052 1 _ _ 0228 1 50 0 _ _ 1 20140704133648 63
000002362013073 00000236 2013 07 12 15 5052 1 _ _ 0228 1 50 0 _ _ 1 20140704133648 63
000002362013073 00000236 2013 07 15 15 5052 1 _ _ 0228 1 50 0 _ _ 1 20140704133648 63
000002362013073 00000236 2013 07 17 15 5052 1 _ _ 0228 1 50 0 _ _ 1 20140704133648 63
000002362013073 00000236 2013 07 26 15 5052 1 _ _ 0228 1 50 0 _ _ 1 20140704133648 63
000002362013073 00000236 2013 07 29 15 5052 1 _ _ 0228 1 50 0 _ _ 1 20140704133648 63
000002362013074 00000236 2013 07 01 15 6101 1 _ _ 0228 1 12 0 _ _ 1 20140704133648 63
000002362013074 00000236 2013 07 03 15 6101 1 _ _ 0228 1 12 0 _ _ 1 20140704133648 63
000002362013074 00000236 2013 07 08 15 6101 1 _ _ 0228 1 12 0 _ _ 1 20140704133648 63
000002362013074 00000236 2013 07 10 15 6101 1 _ _ 0228 1 12 0 _ _ 1 20140704133648 63
000002362013074 00000236 2013 07 12 15 6101 1 _ _ 0228 1 12 0 _ _ 1 20140704133648 63
000002362013074 00000236 2013 07 15 15 6101 1 _ _ 0228 1 12 0 _ _ 1 20140704133648 63
000002362013074 00000236 2013 07 17 15 6101 1 _ _ 0228 1 12 0 _ _ 1 20140704133648 63
000002362013074 00000236 2013 07 26 15 6101 1 _ _ 0228 1 12 0 _ _ 1 20140704133648 63
000002362013074 00000236 2013 07 29 15 6101 1 _ _ 0228 1 12 0 _ _ 1 20140704133648 63
000002362013081 00000236 2013 08 23 15 1441 1 09:30 17:00 0228 1 809 0 _ _ 1 20140704134742 63
000002362013081 00000236 2013 08 30 15 1441 1 09:30 17:00 0228 1 809 0 _ _ 1 20140704134742 63
000002362013082 00000236 2013 08 23 15 5051 1 _ _ 0228 1 42 0 _ _ 1 20140704134742 63
000002362013082 00000236 2013 08 30 15 5051 1 _ _ 0228 1 42 0 _ _ 1 20140704134742 63
000002362013083 00000236 2013 08 23 15 5052 1 _ _ 0228 1 50 0 _ _ 1 20140704134742 63
000002362013083 00000236 2013 08 30 15 5052 1 _ _ 0228 1 50 0 _ _ 1 20140704134742 63
000002362013084 00000236 2013 08 23 15 6101 1 _ _ 0228 1 12 0 _ _ 1 20140704134742 63
000002362013084 00000236 2013 08 30 15 6101 1 _ _ 0228 1 12 0 _ _ 1 20140704134742 63
000002362013091 00000236 2013 09 06 15 1441 1 09:30 17:00 0228 1 809 0 _ _ 1 20140704123229 63
000002362013091 00000236 2013 09 13 15 1441 1 09:30 17:00 0228 1 809 0 _ _ 1 20140704123229 63
000002362013091 00000236 2013 09 20 15 1441 1 09:30 17:00 0228 1 809 0 _ _ 1 20140704123229 63
000002362013091 00000236 2013 09 27 15 1441 1 09:30 17:00 0228 1 809 0 _ _ 1 20140704123229 63
000002362013092 00000236 2013 09 06 15 5051 1 _ _ 0228 1 42 0 _ _ 1 20140704123229 63
000002362013092 00000236 2013 09 13 15 5051 1 _ _ 0228 1 42 0 _ _ 1 20140704123229 63
000002362013092 00000236 2013 09 20 15 5051 1 _ _ 0228 1 42 0 _ _ 1 20140704123229 63
000002362013092 00000236 2013 09 27 15 5051 1 _ _ 0228 1 42 0 _ _ 1 20140704123229 63
000002362013093 00000236 2013 09 06 15 5052 1 _ _ 0228 1 50 0 _ _ 1 20140704123229 63
000002362013093 00000236 2013 09 13 15 5052 1 _ _ 0228 1 50 0 _ _ 1 20140704123229 63
000002362013093 00000236 2013 09 20 15 5052 1 _ _ 0228 1 50 0 _ _ 1 20140704123229 63
000002362013093 00000236 2013 09 27 15 5052 1 _ _ 0228 1 50 0 _ _ 1 20140704123229 63
000002362013094 00000236 2013 09 06 15 6101 1 _ _ 0228 1 12 0 _ _ 1 20140704123229 63
000002362013094 00000236 2013 09 13 15 6101 1 _ _ 0228 1 12 0 _ _ 1 20140704123229 63
000002362013094 00000236 2013 09 20 15 6101 1 _ _ 0228 1 12 0 _ _ 1 20140704123229 63
000002362013094 00000236 2013 09 27 15 6101 1 _ _ 0228 1 12 0 _ _ 1 20140704123229 63
000002362014061 00000236 2014 06 19 72 1341 1 10:50 16:00 0298 1 910 0 _ _ 1 20140701204739 39
000002362014061 00000236 2014 06 26 72 1341 1 10:50 16:00 0298 1 910 0 _ _ 1 20140701204739 39
000002362014062 00000236 2014 06 19 72 5050 1 10:50 16:00 0298 1 27 0 _ _ 1 20140701204739 39
000002362014062 00000236 2014 06 26 72 5050 1 10:50 16:00 0298 1 27 0 _ _ 1 20140701204739 39
000002362014063 00000236 2014 06 19 72 6101 1 10:50 16:00 0298 1 12 0 _ _ 1 20140701204739 39
000002362014063 00000236 2014 06 26 72 6101 1 10:50 16:00 0298 1 12 0 _ _ 1 20140701204739 39
000002362014064 00000236 2014 06 24 15 2241 1 09:30 12:40 0314 1 403 0 _ _ 1 20140701204739 39
000002362014065 00000236 2014 06 24 15 5051 1 09:30 12:40 0314 1 42 0 _ _ 1 20140701204739 39
000002362014071 00000236 2014 07 03 72 1341 1 10:50 16:00 0298 1 910 0 _ _ 1 20140802161458 39
000002362014071 00000236 2014 07 10 72 1341 1 10:50 16:00 0298 1 910 0 _ _ 1 20140802161458 39
000002362014071 00000236 2014 07 17 72 1341 1 10:50 16:00 0298 1 910 0 _ _ 1 20140802161458 39
000002362014071 00000236 2014 07 24 72 1341 1 10:50 16:00 0298 1 910 0 _ _ 1 20140802161458 39
000002362014071 00000236 2014 07 31 72 1341 1 10:50 16:00 0298 1 910 0 _ _ 1 20140802161458 39
000002362014072 00000236 2014 07 03 72 5050 1 10:50 16:00 0298 1 27 0 _ _ 1 20140802161458 39
000002362014072 00000236 2014 07 10 72 5050 1 10:50 16:00 0298 1 27 0 _ _ 1 20140802161458 39
000002362014072 00000236 2014 07 17 72 5050 1 10:50 16:00 0298 1 27 0 _ _ 1 20140802161458 39
000002362014072 00000236 2014 07 24 72 5050 1 10:50 16:00 0298 1 27 0 _ _ 1 20140802161458 39
000002362014072 00000236 2014 07 31 72 5050 1 10:50 16:00 0298 1 27 0 _ _ 1 20140802161458 39
000002362014073 00000236 2014 07 03 72 6101 1 10:50 16:00 0298 1 12 0 _ _ 1 20140802161458 39
000002362014073 00000236 2014 07 10 72 6101 1 10:50 16:00 0298 1 12 0 _ _ 1 20140802161458 39
000002362014073 00000236 2014 07 17 72 6101 1 10:50 16:00 0298 1 12 0 _ _ 1 20140802161458 39
000002362014073 00000236 2014 07 24 72 6101 1 10:50 16:00 0298 1 12 0 _ _ 1 20140802161458 39
000002362014073 00000236 2014 07 31 72 6101 1 10:50 16:00 0298 1 12 0 _ _ 1 20140802161458 39
000002362014074 00000236 2014 07 01 15 2241 1 09:30 12:40 0314 1 403 0 _ _ 1 20140802161458 39
000002362014074 00000236 2014 07 08 15 2241 1 09:30 12:40 0314 1 403 0 _ _ 1 20140802161458 39
000002362014074 00000236 2014 07 15 15 2241 1 09:30 12:40 0314 1 403 0 _ _ 1 20140802161458 39
000002362014074 00000236 2014 07 22 15 2241 1 09:30 12:40 0314 1 403 0 _ _ 1 20140802161458 39
000002362014074 00000236 2014 07 29 15 2241 1 09:30 12:40 0314 1 403 0 _ _ 1 20140802161458 39
000002362014075 00000236 2014 07 01 15 5051 1 09:30 12:40 0314 1 42 0 _ _ 1 20140802161458 39
000002362014075 00000236 2014 07 08 15 5051 1 09:30 12:40 0314 1 42 0 _ _ 1 20140802161458 39
000002362014075 00000236 2014 07 15 15 5051 1 09:30 12:40 0314 1 42 0 _ _ 1 20140802161458 39
000002362014075 00000236 2014 07 22 15 5051 1 09:30 12:40 0314 1 42 0 _ _ 1 20140802161458 39
000002362014075 00000236 2014 07 29 15 5051 1 09:30 12:40 0314 1 42 0 _ _ 1 20140802161458 39
000002362014081 00000236 2014 08 27 11 1211 1 09:30 10:29 0223 1 404 0 _ _ 1 20140903085115 39
000002362014081 00000236 2014 08 29 11 1211 1 09:30 10:29 0223 1 404 0 _ _ 1 20140903085115 39
000002362014082 00000236 2014 08 20 11 1311 1 10:00 11:29 0223 1 587 0 _ _ 1 20140903085115 39
000002362014083 00000236 2014 08 01 11 4001 1 10:00 11:29 0223 1 200 0 _ _ 1 20140903085115 39
000002362014084 00000236 2014 08 07 72 1341 1 10:50 16:00 0298 1 910 0 _ _ 1 20140903085115 39
000002362014084 00000236 2014 08 14 72 1341 1 10:50 16:00 0298 1 910 0 _ _ 1 20140903085115 39
000002362014084 00000236 2014 08 21 72 1341 1 10:50 16:00 0298 1 910 0 _ _ 1 20140903085115 39
000002362014084 00000236 2014 08 28 72 1341 1 10:50 16:00 0298 1 910 0 _ _ 1 20140903085115 39
000002362014085 00000236 2014 08 07 72 5050 1 10:50 16:00 0298 1 27 0 _ _ 1 20140903085115 39
000002362014085 00000236 2014 08 14 72 5050 1 10:50 16:00 0298 1 27 0 _ _ 1 20140903085115 39
000002362014085 00000236 2014 08 21 72 5050 1 10:50 16:00 0298 1 27 0 _ _ 1 20140903085115 39
000002362014085 00000236 2014 08 28 72 5050 1 10:50 16:00 0298 1 27 0 _ _ 1 20140903085115 39
000002362014086 00000236 2014 08 07 72 6101 1 10:50 16:00 0298 1 12 0 _ _ 1 20140903085115 39
000002362014086 00000236 2014 08 14 72 6101 1 10:50 16:00 0298 1 12 0 _ _ 1 20140903085115 39
000002362014086 00000236 2014 08 21 72 6101 1 10:50 16:00 0298 1 12 0 _ _ 1 20140903085115 39
000002362014086 00000236 2014 08 28 72 6101 1 10:50 16:00 0298 1 12 0 _ _ 1 20140903085115 39
000002362014087 00000236 2014 08 05 15 2241 1 09:30 12:40 0314 1 403 0 _ _ 1 20140903085115 39
000002362014087 00000236 2014 08 12 15 2241 1 09:30 12:40 0314 1 403 0 _ _ 1 20140903085115 39
000002362014087 00000236 2014 08 19 15 2241 1 09:30 12:40 0314 1 403 0 _ _ 1 20140903085115 39
000002362014088 00000236 2014 08 05 15 5051 1 09:30 12:40 0314 1 42 0 _ _ 1 20140903085115 39
000002362014088 00000236 2014 08 12 15 5051 1 09:30 12:40 0314 1 42 0 _ _ 1 20140903085115 39
000002362014088 00000236 2014 08 19 15 5051 1 09:30 12:40 0314 1 42 0 _ _ 1 20140903085115 39
000002362014089 00000236 2014 08 26 15 2441 1 09:30 16:40 0314 1 695 0 _ _ 1 20140903085115 39
000002362014089 00000236 2014 08 29 15 2441 1 09:30 16:40 0314 1 695 0 _ _ 1 20140903085115 39
000002362014091 00000236 2014 09 03 11 1111 1 09:30 09:59 0223 1 255 0 _ _ 1 20141003090254 39
000002362014092 00000236 2014 09 01 11 1211 1 09:30 10:29 0223 1 404 0 _ _ 1 20141003090254 39
000002362014092 00000236 2014 09 06 11 1211 1 09:30 10:29 0223 1 404 0 _ _ 1 20141003090254 39
000002362014092 00000236 2014 09 08 11 1211 1 09:30 10:29 0223 1 404 0 _ _ 1 20141003090254 39
000002362014092 00000236 2014 09 10 11 1211 1 09:30 10:29 0223 1 404 0 _ _ 1 20141003090254 39
000002362014092 00000236 2014 09 13 11 1211 1 09:30 10:29 0223 1 404 0 _ _ 1 20141003090254 39
000002362014092 00000236 2014 09 15 11 1211 1 09:30 10:29 0223 1 404 0 _ _ 1 20141003090254 39
000002362014092 00000236 2014 09 17 11 1211 1 09:30 10:29 0223 1 404 0 _ _ 1 20141003090254 39
000002362014092 00000236 2014 09 20 11 1211 1 09:30 10:29 0223 1 404 0 _ _ 1 20141003090254 39
000002362014092 00000236 2014 09 22 11 1211 1 09:30 10:29 0223 1 404 0 _ _ 1 20141003090254 39
000002362014092 00000236 2014 09 24 11 1211 1 09:30 10:29 0223 1 404 0 _ _ 1 20141003090254 39
000002362014092 00000236 2014 09 27 11 1211 1 09:30 10:29 0223 1 404 0 _ _ 1 20141003090254 39
000002362014093 00000236 2014 09 04 72 1341 1 10:50 16:30 0298 1 910 0 _ _ 1 20141003090254 39
000002362014093 00000236 2014 09 11 72 1341 1 10:50 16:30 0298 1 910 0 _ _ 1 20141003090254 39
000002362014093 00000236 2014 09 18 72 1341 1 10:50 16:30 0298 1 910 0 _ _ 1 20141003090254 39
000002362014093 00000236 2014 09 25 72 1341 1 10:50 16:30 0298 1 910 0 _ _ 1 20141003090254 39
000002362014094 00000236 2014 09 04 72 5050 1 10:50 16:30 0298 1 27 0 _ _ 1 20141003090254 39
000002362014094 00000236 2014 09 11 72 5050 1 10:50 16:30 0298 1 27 0 _ _ 1 20141003090254 39
000002362014094 00000236 2014 09 18 72 5050 1 10:50 16:30 0298 1 27 0 _ _ 1 20141003090254 39
000002362014094 00000236 2014 09 25 72 5050 1 10:50 16:30 0298 1 27 0 _ _ 1 20141003090254 39
000002362014095 00000236 2014 09 04 72 6101 1 10:50 16:30 0298 1 12 0 _ _ 1 20141003090254 39
000002362014095 00000236 2014 09 11 72 6101 1 10:50 16:30 0298 1 12 0 _ _ 1 20141003090254 39
000002362014095 00000236 2014 09 18 72 6101 1 10:50 16:30 0298 1 12 0 _ _ 1 20141003090254 39
000002362014095 00000236 2014 09 25 72 6101 1 10:50 16:30 0298 1 12 0 _ _ 1 20141003090254 39
000002362014096 00000236 2014 09 02 15 2441 1 09:30 16:40 0314 1 695 0 _ _ 1 20141003090254 39
000002362014096 00000236 2014 09 05 15 2441 1 09:30 16:40 0314 1 695 0 _ _ 1 20141003090254 39
000002362014096 00000236 2014 09 09 15 2441 1 09:30 16:40 0314 1 695 0 _ _ 1 20141003090254 39
000002362014096 00000236 2014 09 12 15 2441 1 09:30 16:40 0314 1 695 0 _ _ 1 20141003090254 39
000002362014096 00000236 2014 09 16 15 2441 1 09:30 16:40 0314 1 695 0 _ _ 1 20141003090254 39
000002362014096 00000236 2014 09 19 15 2441 1 09:30 16:40 0314 1 695 0 _ _ 1 20141003090254 39
000002362014096 00000236 2014 09 23 15 2441 1 09:30 16:40 0314 1 695 0 _ _ 1 20141003090254 39
000002362014096 00000236 2014 09 26 15 2441 1 09:30 16:40 0314 1 695 0 _ _ 1 20141003090254 39
000002362014097 00000236 2014 09 02 15 5051 1 09:30 16:40 0314 1 42 0 _ _ 1 20141003090254 39
000002362014097 00000236 2014 09 05 15 5051 1 09:30 16:40 0314 1 42 0 _ _ 1 20141003090254 39
000002362014097 00000236 2014 09 09 15 5051 1 09:30 16:40 0314 1 42 0 _ _ 1 20141003090254 39
000002362014097 00000236 2014 09 12 15 5051 1 09:30 16:40 0314 1 42 0 _ _ 1 20141003090254 39
000002362014097 00000236 2014 09 16 15 5051 1 09:30 16:40 0314 1 42 0 _ _ 1 20141003090254 39
000002362014097 00000236 2014 09 19 15 5051 1 09:30 16:40 0314 1 42 0 _ _ 1 20141003090254 39
000002362014097 00000236 2014 09 23 15 5051 1 09:30 16:40 0314 1 42 0 _ _ 1 20141003090254 39
000002362014097 00000236 2014 09 26 15 5051 1 09:30 16:40 0314 1 42 0 _ _ 1 20141003090254 39
000002362014098 00000236 2014 09 02 15 5301 1 09:30 16:40 0314 1 50 0 _ _ 1 20141003090254 39
000002362014098 00000236 2014 09 05 15 5301 1 09:30 16:40 0314 1 50 0 _ _ 1 20141003090254 39
000002362014098 00000236 2014 09 09 15 5301 1 09:30 16:40 0314 1 50 0 _ _ 1 20141003090254 39
000002362014098 00000236 2014 09 12 15 5301 1 09:30 16:40 0314 1 50 0 _ _ 1 20141003090254 39
000002362014098 00000236 2014 09 16 15 5301 1 09:30 16:40 0314 1 50 0 _ _ 1 20141003090254 39
000002362014098 00000236 2014 09 19 15 5301 1 09:30 16:40 0314 1 50 0 _ _ 1 20141003090254 39
000002362014098 00000236 2014 09 23 15 5301 1 09:30 16:40 0314 1 50 0 _ _ 1 20141003090254 39
000002362014098 00000236 2014 09 26 15 5301 1 09:30 16:40 0314 1 50 0 _ _ 1 20141003090254 39
000002362014101 00000236 2014 10 09 72 1341 1 10:50 16:00 0298 1 910 0 _ _ 1 20141104114710 39
000002362014101 00000236 2014 10 16 72 1341 1 10:50 16:00 0298 1 910 0 _ _ 1 20141104114710 39
000002362014101 00000236 2014 10 23 72 1341 1 10:50 16:00 0298 1 910 0 _ _ 1 20141104114710 39
000002362014102 00000236 2014 10 09 72 5050 1 10:50 16:00 0298 1 27 0 _ _ 1 20141104114710 39
000002362014102 00000236 2014 10 16 72 5050 1 10:50 16:00 0298 1 27 0 _ _ 1 20141104114710 39
000002362014102 00000236 2014 10 23 72 5050 1 10:50 16:00 0298 1 27 0 _ _ 1 20141104114710 39
000002362014103 00000236 2014 10 09 72 6101 1 10:50 16:00 0298 1 12 0 _ _ 1 20141104114710 39
000002362014103 00000236 2014 10 16 72 6101 1 10:50 16:00 0298 1 12 0 _ _ 1 20141104114710 39
000002362014103 00000236 2014 10 23 72 6101 1 10:50 16:00 0298 1 12 0 _ _ 1 20141104114710 39
000002362014104 00000236 2014 10 14 15 2441 1 09:30 16:40 0314 1 695 0 _ _ 1 20141104114710 39
000002362014104 00000236 2014 10 21 15 2441 1 09:30 16:40 0314 1 695 0 _ _ 1 20141104114710 39
000002362014104 00000236 2014 10 24 15 2441 1 09:30 16:40 0314 1 695 0 _ _ 1 20141104114710 39
000002362014105 00000236 2014 10 14 15 5051 1 09:30 16:40 0314 1 42 0 _ _ 1 20141104114710 39
000002362014105 00000236 2014 10 21 15 5051 1 09:30 16:40 0314 1 42 0 _ _ 1 20141104114710 39
000002362014105 00000236 2014 10 24 15 5051 1 09:30 16:40 0314 1 42 0 _ _ 1 20141104114710 39
000002362014106 00000236 2014 10 24 15 5301 1 09:30 16:40 0314 1 50 0 _ _ 1 20141104114710 39
000002362014111 00000236 2014 11 13 72 1341 1 10:50 16:00 0298 1 910 0 _ _ 1 20141202121542 39
000002362014111 00000236 2014 11 20 72 1341 1 10:50 16:00 0298 1 910 0 _ _ 1 20141202121542 39
000002362014112 00000236 2014 11 13 72 5050 1 10:50 16:00 0298 1 27 0 _ _ 1 20141202121542 39
000002362014112 00000236 2014 11 20 72 5050 1 10:50 16:00 0298 1 27 0 _ _ 1 20141202121542 39
000002362014113 00000236 2014 11 13 72 6101 1 10:50 16:00 0298 1 12 0 _ _ 1 20141202121542 39
000002362014113 00000236 2014 11 20 72 6101 1 10:50 16:00 0298 1 12 0 _ _ 1 20141202121542 39
000002362014114 00000236 2014 11 07 15 2441 1 09:30 16:40 0314 1 695 0 _ _ 1 20141202121542 39
000002362014114 00000236 2014 11 11 15 2441 1 09:30 16:40 0314 1 695 0 _ _ 1 20141202121542 39
000002362014114 00000236 2014 11 14 15 2441 1 09:30 16:40 0314 1 695 0 _ _ 1 20141202121542 39
000002362014114 00000236 2014 11 18 15 2441 1 09:30 16:40 0314 1 695 0 _ _ 1 20141202121542 39
000002362014114 00000236 2014 11 21 15 2441 1 09:30 16:40 0314 1 695 0 _ _ 1 20141202121542 39
000002362014115 00000236 2014 11 07 15 5051 1 09:30 16:40 0314 1 42 0 _ _ 1 20141202121542 39
000002362014115 00000236 2014 11 11 15 5051 1 09:30 16:40 0314 1 42 0 _ _ 1 20141202121542 39
000002362014115 00000236 2014 11 14 15 5051 1 09:30 16:40 0314 1 42 0 _ _ 1 20141202121542 39
000002362014115 00000236 2014 11 18 15 5051 1 09:30 16:40 0314 1 42 0 _ _ 1 20141202121542 39
000002362014115 00000236 2014 11 21 15 5051 1 09:30 16:40 0314 1 42 0 _ _ 1 20141202121542 39
000002362014116 00000236 2014 11 07 15 5301 1 09:30 16:40 0314 1 50 0 _ _ 1 20141202121542 39
000002362014116 00000236 2014 11 11 15 5301 1 09:30 16:40 0314 1 50 0 _ _ 1 20141202121542 39
000002362014116 00000236 2014 11 14 15 5301 1 09:30 16:40 0314 1 50 0 _ _ 1 20141202121542 39
000002362014116 00000236 2014 11 18 15 5301 1 09:30 16:40 0314 1 50 0 _ _ 1 20141202121542 39
000002362014116 00000236 2014 11 21 15 5301 1 09:30 16:40 0314 1 50 0 _ _ 1 20141202121542 39
