00000034 2011 09 02 14:30 15:29 11 1211 0070 10.84 1 402 1 20141103143307 00077
00000034 2011 09 04 14:00 14:59 11 1211 0070 10.84 1 402 1 20141103143307 00077
00000034 2011 09 07 14:00 14:59 11 1211 0070 10.84 1 402 1 20141103143307 00077
00000034 2011 09 11 14:00 14:59 11 1211 0070 10.84 1 402 1 20141103143307 00077
00000034 2011 09 14 14:00 14:59 11 1211 0070 10.84 1 402 1 20141103143307 00077
00000034 2011 09 18 14:00 14:59 11 1211 0070 10.84 1 402 1 20141103143307 00077
00000034 2011 09 21 14:00 14:59 11 1211 0070 10.84 1 402 1 20141103143307 00077
00000034 2011 09 25 14:00 14:59 11 1211 0070 10.84 1 402 1 20141103143307 00077
00000034 2011 09 28 14:00 14:59 11 1211 0070 10.84 1 402 1 20141103143307 00077
00000034 2011 10 02 14:00 14:59 11 1211 0070 10.84 1 402 1 20141103144923 00077
00000034 2011 10 05 14:00 14:59 11 1211 0070 10.84 1 402 1 20141103144923 00077
00000034 2011 10 09 14:00 14:59 11 1211 0070 10.84 1 402 1 20141103144923 00077
00000034 2011 10 12 14:00 14:59 11 1211 0070 10.84 1 402 1 20141103144923 00077
00000034 2011 10 16 14:00 14:59 11 1211 0070 10.84 1 402 1 20141103144923 00077
00000034 2011 10 19 14:00 14:59 11 1211 0070 10.84 1 402 1 20141103144923 00077
00000034 2011 10 23 14:00 14:59 11 1211 0070 10.84 1 402 1 20141103144923 00077
00000034 2011 10 26 14:00 14:59 11 1211 0070 10.84 1 402 1 20141103144923 00077
00000034 2011 10 30 14:00 14:59 11 1211 0070 10.84 1 402 1 20141103144923 00077
00000034 2011 11 02 14:00 14:59 11 1211 0070 10.84 1 402 1 20141103150416 00077
00000034 2011 11 06 14:00 14:59 11 1211 0070 10.84 1 402 1 20141103150416 00077
00000034 2011 11 09 14:00 14:59 11 1211 0070 10.84 1 402 1 20141103150416 00077
00000034 2011 11 13 14:00 14:59 11 1211 0070 10.84 1 402 1 20141103150416 00077
00000034 2011 11 16 14:00 14:59 11 1211 0070 10.84 1 402 1 20141103150416 00077
00000034 2011 11 20 14:00 14:29 11 1111 0070 10.84 1 254 1 20141103150416 00077
00000034 2011 11 23 14:00 14:59 11 1211 0070 10.84 1 402 1 20141103150416 00077
00000034 2011 11 27 14:00 14:59 11 1211 0070 10.84 1 402 1 20141103150416 00077
00000034 2011 11 30 14:00 14:59 11 1211 0070 10.84 1 402 1 20141103150416 00077
