00001266 2015 04 04 12:00 12:59 61 1111 0107 11.4 1 1168 1 20150616151426 00078
00001266 2015 04 04 12:00 12:59 61 4001 0107 11.4 1 200 1 20150616151426 00078
00001266 2015 04 04 12:00 12:59 61 4002 0107 11.4 1 100 1 20150616151426 00078
00001266 2015 04 11 12:00 12:59 61 1111 0107 11.4 1 1168 1 20150616151426 00078
00001266 2015 04 18 12:00 12:59 61 1111 0107 11.4 1 1168 1 20150616151426 00078
00001266 2015 04 25 12:00 12:59 61 1111 0107 11.4 1 1168 1 20150616151426 00078
00001266 2015 06 01 15:00 15:59 61 1211 0107 11.4 1 2335 1 20150616134644 00078
00001266 2015 06 05 15:00 15:59 61 1211 0107 11.4 1 2335 1 20150616134644 00078
00001266 2015 06 08 15:00 15:59 61 1211 0107 11.4 1 2335 1 20150616134644 00078
00001266 2015 06 12 15:00 15:59 61 1211 0107 11.4 1 2335 1 20150616134644 00078
00001266 2015 06 15 15:00 15:59 61 1211 0107 11.4 1 2335 1 20150616134644 00078
00001266 2015 06 19 15:00 15:59 61 1211 0107 11.4 1 2335 1 20150616134644 00078
00001266 2015 06 22 15:00 15:59 61 1211 0107 11.4 1 2335 1 20150616134644 00078
00001266 2015 06 26 15:00 15:59 61 1211 0107 11.4 1 2335 1 20150616134644 00078
00001266 2015 06 29 15:00 15:59 61 1211 0107 11.4 1 2335 1 20150616134644 00078
