00001266 0107 2015 04 0000011 04 00048 _ 12:00 12:59 2 _ 0 1111 1 61 1 20150616151426 00078
00001266 0107 2015 04 0000012 11 00048 _ 12:00 12:59 2 _ 0 1111 1 61 1 20150616151426 00078
00001266 0107 2015 04 0000013 18 00048 _ 12:00 12:59 2 _ 0 1111 1 61 1 20150616151426 00078
00001266 0107 2015 04 0000014 25 00048 _ 12:00 12:59 2 _ 0 1111 1 61 1 20150616151426 00078
00001266 0107 2015 06 0000002 01 00053 _ 15:00 15:59 4 _ 0 1211 1 61 1 20150616134644 00078
00001266 0107 2015 06 0000003 05 00054 _ 15:00 15:59 4 _ 0 1211 1 61 1 20150616134644 00078
00001266 0107 2015 06 0000004 08 00053 _ 15:00 15:59 4 _ 0 1211 1 61 1 20150616134644 00078
00001266 0107 2015 06 0000005 12 00054 _ 15:00 15:59 4 _ 0 1211 1 61 1 20150616134644 00078
00001266 0107 2015 06 0000006 15 00053 _ 15:00 15:59 4 _ 0 1211 1 61 1 20150616134644 00078
00001266 0107 2015 06 0000007 19 00054 _ 15:00 15:59 4 _ 0 1211 1 61 1 20150616134644 00078
00001266 0107 2015 06 0000008 22 00053 _ 15:00 15:59 4 _ 0 1211 1 61 1 20150616134644 00078
00001266 0107 2015 06 0000009 26 00054 _ 15:00 15:59 4 _ 0 1211 1 61 1 20150616134644 00078
00001266 0107 2015 06 0000010 29 00053 00054 15:00 15:59 4 _ 0 1211 1 61 1 20150616134644 00078
