1 00000049 2012 02 11 0070 グランクレール・ケアサービス横浜 1211 身体介護２ 402 0 402 4 1608 0 1608 1608 0 10.84 17430 90 15687 1743 0 n n 0 1 20141016185008 00077
1 00000049 2012 03 11 0070 グランクレール・ケアサービス横浜 1211 身体介護２ 402 0 402 4 1608 0 1608 1608 0 10.84 17430 90 15687 1743 0 n n 0 1 20141017103425 00077
1 00000049 2012 04 11 0070 グランクレール・ケアサービス横浜 1111 身体介護１ 254 0 254 5 1270 0 1270 1270 0 10.84 13766 90 12389 1377 0 n n 0 1 20140804172032 00034
1 00000049 2012 05 11 0070 グランクレール・ケアサービス横浜 1211 身体介護２ 402 0 402 5 2010 0 2010 2010 0 10.84 21788 90 19609 2179 0 n n 0 1 20140804174321 00034
1 00000049 2012 06 11 0070 グランクレール・ケアサービス横浜 1211 身体介護２ 402 0 402 5 2010 0 2010 2010 0 10.84 21788 90 19609 2179 0 n n 0 1 20140804181214 00034
1 00000049 2012 07 11 0070 グランクレール・ケアサービス横浜 1211 身体介護２ 402 0 402 4 1608 0 1608 1608 0 10.84 17430 90 15687 1743 0 n n 0 1 20140804180930 00034
1 00000049 2012 08 11 0070 グランクレール・ケアサービス横浜 1211 身体介護２ 402 0 402 1 402 0 402 402 0 10.84 4357 90 3921 436 0 n n 0 1 20140804184047 00034
2 00000049 2012 02 11 0070 グランクレール・ケアサービス横浜 4111 身体１生活１ 337 0 337 1 337 0 337 337 0 10.84 3653 90 3287 366 0 n n 0 1 20141016185008 00077
2 00000049 2012 03 11 0070 グランクレール・ケアサービス横浜 4111 身体１生活１ 337 0 337 4 1348 0 1348 1348 0 10.84 14612 90 13150 1462 0 n n 0 1 20141017103425 00077
2 00000049 2012 04 11 0070 グランクレール・ケアサービス横浜 1211 身体介護２ 402 0 402 5 2010 0 2010 2010 0 10.84 21788 90 19609 2179 0 n n 0 1 20140804172032 00034
2 00000049 2012 05 11 0070 グランクレール・ケアサービス横浜 4111 身体１生活１ 324 0 324 2 648 0 648 648 0 10.84 7024 90 6321 703 0 n n 0 1 20140804174321 00034
2 00000049 2012 06 11 0070 グランクレール・ケアサービス横浜 7311 生活援助３ 235 0 235 4 940 0 940 940 0 10.84 10189 90 9170 1019 0 n n 0 1 20140804181214 00034
2 00000049 2012 07 11 0070 グランクレール・ケアサービス横浜 7211 生活援助２ 190 0 190 1 190 0 190 190 0 10.84 2059 90 1853 206 0 n n 0 1 20140804180930 00034
2 00000049 2012 08 11 0070 グランクレール・ケアサービス横浜 1311 身体介護３ 584 0 584 1 584 0 584 584 0 10.84 6330 90 5697 633 0 n n 0 1 20140804184047 00034
3 00000049 2012 02 11 0070 グランクレール・ケアサービス横浜 7211 生活援助２ 229 0 229 2 458 0 458 458 0 10.84 4964 90 4467 497 0 n n 0 1 20141016185008 00077
3 00000049 2012 04 11 0070 グランクレール・ケアサービス横浜 4111 身体１生活１ 324 0 324 2 648 0 648 648 0 10.84 7024 90 6321 703 0 n n 0 1 20140804172032 00034
3 00000049 2012 05 11 0070 グランクレール・ケアサービス横浜 7211 生活援助２ 190 0 190 5 950 0 950 950 0 10.84 10298 90 9268 1030 0 n n 0 1 20140804174321 00034
3 00000049 2012 06 11 0070 グランクレール・ケアサービス横浜 6271 訪問介護処遇改善加算Ⅰ 118 0 118 1 118 118 0.04 118 0 10.84 1279 90 1151 128 0 a g 0 1 20140804181214 00034
3 00000049 2012 07 11 0070 グランクレール・ケアサービス横浜 7311 生活援助３ 235 0 235 4 940 0 940 940 0 10.84 10189 90 9170 1019 0 n n 0 1 20140804180930 00034
3 00000049 2012 08 11 0070 グランクレール・ケアサービス横浜 7211 生活援助２ 190 0 190 23 4370 0 4370 4370 0 10.84 47370 90 42633 4737 0 n n 0 1 20140804184047 00034
4 00000049 2012 04 11 0070 グランクレール・ケアサービス横浜 7311 生活援助３ 235 0 235 1 235 0 235 235 0 10.84 2547 90 2292 255 0 n n 0 1 20140804172032 00034
4 00000049 2012 05 11 0070 グランクレール・ケアサービス横浜 6271 訪問介護処遇改善加算Ⅰ 144 0 144 1 144 144 0.04 144 0 10.84 1560 90 1404 156 0 a g 0 1 20140804174321 00034
4 00000049 2012 07 11 0070 グランクレール・ケアサービス横浜 6271 訪問介護処遇改善加算Ⅰ 110 0 110 1 110 110 0.04 110 0 10.84 1192 90 1072 120 0 a g 0 1 20140804180930 00034
4 00000049 2012 08 11 0070 グランクレール・ケアサービス横浜 7311 生活援助３ 235 0 235 3 705 0 705 705 0 10.84 7642 90 6877 765 0 n n 0 1 20140804184047 00034
5 00000049 2012 04 11 0070 グランクレール・ケアサービス横浜 6271 訪問介護処遇改善加算Ⅰ 167 0 167 1 167 167 0.04 167 0 10.84 1810 90 1629 181 0 a g 0 1 20140804172032 00034
5 00000049 2012 08 11 0070 グランクレール・ケアサービス横浜 6271 訪問介護処遇改善加算Ⅰ 242 0 242 1 242 242 0.04 242 0 10.84 2623 90 2360 263 0 a g 0 1 20140804184047 00034
