00000097 20130724 20130731 山岸綾子 グランクレール・ケアサービス横浜 1 2014052800000000 00078
00000097 20130724 20130731 桑原支配人 クレールレジデンス桜台 1 2014052800000000 00078
00000097 20130724 20130731 臼井サ責 グランクレール・ケアサービス横浜 1 2014052800000000 00078
00000097 20130724 20130731 辺見サ責 グランクレール・ケアサービス横浜 1 2014052800000000 00078
00000097 20130724 20130731 齋藤直子 本人 1 2014052800000000 00078
00000097 20130724 20130731 齋藤順暉 義弟 1 2014052800000000 00078
00000097 20130728 20130731 山岸綾子 グランクレール・ケアサービス横浜 1 2014052800000000 00078
00000097 20130728 20130731 桑原支配人 クレールレジデンス桜台 1 2014052800000000 00078
00000097 20130728 20130731 臼井サ責 グランクレール・ケアサービス横浜 1 2014052800000000 00078
00000097 20130728 20130731 辺見サ責 グランクレール・ケアサービス横浜 1 2014052800000000 00078
00000097 20130728 20130731 齋藤直子 本人 1 2014052800000000 00078
00000097 20130728 20130731 齋藤順暉 義弟（姪も同席） 1 2014052800000000 00078
00000097 20130813 20130829 三枝副支配人 クレールレジデンス桜台 1 2014052800000000 00078
00000097 20130813 20130829 山岸綾子 グランクレール・ケアサービス横浜 1 2014052800000000 00078
00000097 20130813 20130829 臼井サ責 グランクレール・ケアサービス横浜 1 2014052800000000 00078
00000097 20130813 20130829 齋藤直子 本人 1 2014052800000000 00078
00000097 20130813 20130829 齋藤順暉 義弟　（姪） 1 2014052800000000 00078
