00001233 0070 2014 11 0000002 25 00038 _ 13:45 14:44 2 _ 0 7311 1 11 1 20141130151001 00038
00001233 0070 2014 11 0000003 28 00035 _ 16:00 16:59 2 _ 0 7311 1 11 1 20141130151001 00038
00001233 0070 2014 12 0000004 02 00037 _ 13:45 14:59 4 _ 0 5111 1 11 1 20141208152657 00171
00001233 0070 2014 12 0000005 05 00038 _ 16:00 17:14 4 _ 0 5111 1 11 1 20141208152657 00171
00001233 0070 2014 12 0000006 09 _ _ 13:45 14:59 4 _ 0 5111 1 11 1 20141208152657 00171
00001233 0070 2014 12 0000007 12 _ _ 16:00 17:14 4 _ 0 5111 1 11 1 20141208152657 00171
00001233 0070 2014 12 0000008 16 _ _ 13:45 14:59 4 _ 0 5111 1 11 1 20141208152657 00171
00001233 0070 2014 12 0000009 19 _ _ 16:00 17:14 4 _ 0 5111 1 11 1 20141208152657 00171
00001233 0070 2014 12 0000010 23 _ _ 13:45 14:59 4 _ 0 5111 1 11 1 20141208152657 00171
00001233 0070 2014 12 0000011 26 _ _ 16:00 17:14 4 _ 0 5111 1 11 1 20141208152657 00171
00001233 0070 2014 12 0000012 30 _ _ 13:45 14:59 4 _ 0 5111 1 11 1 20141208152657 00171
