00000233 2013 10 24 14:30 15:30 61 1111 0107 11.26 1 1220 1 20140704111759 00078
00000233 2013 10 31 14:30 15:30 61 1111 0107 11.26 1 1220 1 20140704111759 00078
00000233 2013 11 07 14:30 15:30 61 1111 0107 11.26 1 1220 1 20140704111748 00078
00000233 2013 11 14 14:30 15:30 61 1111 0107 11.26 1 1220 1 20140704111748 00078
00000233 2013 12 19 14:30 15:30 61 1111 0107 11.26 1 1220 1 20140704111738 00078
00000233 2013 12 26 14:30 15:30 61 1111 0107 11.26 1 1220 1 20140704111738 00078
00000233 2014 01 09 14:30 15:30 61 1111 0107 11.26 1 1220 1 20140617201717 00049
00000233 2014 01 16 14:30 15:30 61 1111 0107 11.26 1 1220 1 20140617201717 00049
00000233 2014 01 23 14:30 15:30 61 1111 0107 11.26 1 1220 1 20140617201717 00049
00000233 2014 02 10 14:30 15:30 61 1111 0107 11.26 1 1220 1 20140617201522 00049
00000233 2014 02 17 14:30 15:30 61 1111 0107 11.26 1 1220 1 20140617201522 00049
00000233 2014 02 20 14:30 15:30 61 1111 0107 11.26 1 1220 1 20140617201522 00049
00000233 2014 02 27 14:30 15:30 61 1111 0107 11.26 1 1220 1 20140617201522 00049
00000233 2014 03 06 14:30 15:30 61 1111 0107 11.26 1 1220 1 20140617201311 00049
00000233 2014 03 13 14:30 15:30 61 1111 0107 11.26 1 1220 1 20140617201311 00049
00000233 2014 03 20 14:30 15:30 61 1111 0107 11.26 1 1220 1 20140617201311 00049
00000233 2014 03 27 14:30 15:30 61 1111 0107 11.26 1 1220 1 20140617201311 00049
00000233 2014 04 03 14:30 15:30 61 1111 0107 11.26 1 1226 1 20140617201102 00049
00000233 2014 04 10 14:30 15:30 61 1111 0107 11.26 1 1226 1 20140617201102 00049
00000233 2014 04 24 14:30 15:30 61 1111 0107 11.26 1 1226 1 20140617201102 00049
00000233 2014 05 01 14:30 15:30 61 1111 0107 11.26 1 1226 1 20140819120728 00078
00000233 2014 05 08 14:30 15:30 61 1111 0107 11.26 1 1226 1 20140819120728 00078
00000233 2014 05 15 14:30 15:30 61 1111 0107 11.26 1 1226 1 20140819120728 00078
00000233 2014 05 22 14:30 15:30 61 1111 0107 11.26 1 1226 1 20140819120728 00078
00000233 2014 05 29 14:30 15:30 61 1111 0107 11.26 1 1226 1 20140819120728 00078
00000233 2014 06 05 14:30 15:30 61 1111 0107 11.26 1 1226 1 20140701172636 00047
00000233 2014 06 12 14:30 15:30 61 1111 0107 11.26 1 1226 1 20140701172636 00047
00000233 2014 06 19 14:30 15:30 61 1111 0107 11.26 1 1226 1 20140701172636 00047
00000233 2014 06 26 14:30 14:30 61 1111 0107 11.26 1 1226 1 20140701155937 00049
00000233 2014 06 26 14:30 15:30 61 1111 0107 11.26 1 1226 1 20140701172636 00047
00000233 2014 07 03 14:30 15:29 11 7311 0029 11.26 1 236 1 20141006101233 00078
00000233 2014 07 10 14:30 15:29 11 7311 0029 11.26 1 236 1 20141006101233 00078
00000233 2014 07 17 14:30 15:29 11 7311 0029 11.26 1 236 1 20141006101233 00078
00000233 2014 07 24 14:30 15:29 11 7311 0029 11.26 1 236 1 20141006101233 00078
00000233 2014 07 31 14:30 15:29 11 7311 0029 11.26 1 236 1 20141006101233 00078
00000233 2014 08 07 14:30 15:29 11 7311 0029 11.26 1 236 1 20141001133655 00049
00000233 2014 08 07 14:30 15:29 61 1111 0107 11.26 1 1226 1 20140831141717 00049
00000233 2014 08 14 14:30 15:29 11 7311 0029 11.26 1 236 1 20141001133655 00049
00000233 2014 08 14 14:30 15:29 61 1111 0107 11.26 1 1226 1 20140831141717 00049
00000233 2014 08 21 14:30 15:29 11 7311 0029 11.26 1 236 1 20141001133655 00049
00000233 2014 08 21 14:30 15:29 61 1111 0107 11.26 1 1226 1 20140831141717 00049
00000233 2014 08 28 14:30 15:29 11 7311 0029 11.26 1 236 1 20141001133655 00049
00000233 2014 08 28 14:30 15:29 61 1111 0107 11.26 1 1226 1 20140831141717 00049
00000233 2014 09 04 14:30 15:29 11 7311 0029 11.26 1 236 1 20140930204759 00049
00000233 2014 09 11 14:30 15:29 11 7311 0029 11.26 1 236 1 20140930204759 00049
00000233 2014 09 18 14:30 15:29 11 7311 0029 11.26 1 236 1 20140930204759 00049
00000233 2014 09 25 14:30 15:29 11 7311 0029 11.26 1 236 1 20140930204759 00049
00000233 2014 10 02 14:30 15:29 11 7311 0029 11.26 1 236 1 20141031202514 00049
00000233 2014 10 09 14:30 15:29 11 7311 0029 11.26 1 236 1 20141031202514 00049
00000233 2014 10 16 14:30 15:29 11 7311 0029 11.26 1 236 1 20141031202514 00049
00000233 2014 10 23 14:30 15:29 11 7311 0029 11.26 1 236 1 20141031202514 00049
00000233 2014 10 30 14:30 15:29 11 7311 0029 11.26 1 236 1 20141031202514 00049
00000233 2014 11 06 14:30 15:29 11 7311 0029 11.26 1 236 1 20141201121920 00049
00000233 2014 11 13 14:30 15:29 11 7311 0029 11.26 1 236 1 20141201121920 00049
00000233 2014 11 20 14:30 15:29 11 7311 0029 11.26 1 236 1 20141201121920 00049
00000233 2014 11 27 14:30 15:29 11 7311 0029 11.26 1 236 1 20141201121920 00049
