00000233 0029 2014 07 1 1 20141006101233 00078
00000233 0029 2014 08 1 1 20141001133655 00049
00000233 0029 2014 09 1 1 20140930204759 00049
00000233 0029 2014 10 1 1 20141031202514 00049
00000233 0029 2014 11 1 1 20141201121920 00049
00000233 0029 2014 12 _ 1 20141205145018 00049
00000233 0107 2013 10 1 1 20140704111759 00078
00000233 0107 2013 11 1 1 20140704111748 00078
00000233 0107 2013 12 1 1 20140704111738 00078
00000233 0107 2014 01 1 1 20140617201717 00049
00000233 0107 2014 02 1 1 20140617201522 00049
00000233 0107 2014 03 1 1 20140617201311 00049
00000233 0107 2014 04 1 1 20140617201102 00049
00000233 0107 2014 05 1 1 20140819120728 00078
00000233 0107 2014 06 1 1 20140701172636 00047
00000233 0107 2014 07 _ 1 20140804112052 26
00000233 0107 2014 08 1 1 20140831141717 00049
