000000412013011 00000041 2013 01 11 11 7311 1 10:00 10:59 0047 1 235 0 _ _ 1 20140812170532 24
000000412013011 00000041 2013 01 18 11 7311 1 10:00 10:59 0047 1 235 0 _ _ 1 20140812170532 24
000000412013011 00000041 2013 01 25 11 7311 1 10:00 10:59 0047 1 235 0 _ _ 1 20140812170532 24
000000412013012 00000041 2013 01 15 11 4111 1 10:30 11:29 0047 1 324 0 _ _ 1 20140812170532 24
000000412013012 00000041 2013 01 22 11 4111 1 10:30 11:29 0047 1 324 0 _ _ 1 20140812170532 24
000000412013012 00000041 2013 01 29 11 4111 1 10:30 11:29 0047 1 324 0 _ _ 1 20140812170532 24
000000412013013 00000041 2013 01 08 61 2211 1 10:30 11:30 0048 1 80 0 _ _ 1 20140812170532 24
000000412013014 00000041 2013 01 01 17 1007 1 _ _ 0033 1 200 0 _ _ 1 20140812170532 24
000000412013015 00000041 2013 01 01 17 1009 1 _ _ 0033 1 800 0 _ _ 1 20140812170532 24
000000412013021 00000041 2013 02 01 11 7311 1 10:00 10:59 0047 1 235 0 _ _ 1 20140722165947 24
000000412013021 00000041 2013 02 08 11 7311 1 10:00 10:59 0047 1 235 0 _ _ 1 20140722165947 24
000000412013021 00000041 2013 02 12 11 7311 1 10:00 10:59 0047 1 235 0 _ _ 1 20140722165947 24
000000412013022 00000041 2013 02 05 11 4111 1 10:30 11:29 0047 1 324 0 _ _ 1 20140722165947 24
000000412013023 00000041 2013 02 13 15 1241 1 13:45 16:50 0074 1 461 0 _ _ 1 20140722165947 24
000000412013024 00000041 2013 02 13 15 5051 1 _ _ 0074 1 42 0 _ _ 1 20140722165947 24
000000412013025 00000041 2013 02 01 17 1007 1 _ _ 0033 1 100 0 _ _ 1 20140722165947 24
000000412013026 00000041 2013 02 01 17 1009 1 _ _ 0033 1 350 0 _ _ 1 20140722165947 24
