00000302 2014 07 10 15:40 16:39 11 7311 0029 11.26 1 236 1 20140802133527 00047
00000302 2014 07 17 15:40 16:39 11 7311 0029 11.26 1 236 1 20140802133527 00047
00000302 2014 07 24 10:30 11:29 11 7311 0029 11.26 1 236 1 20140802133527 00047
00000302 2014 07 31 15:40 16:39 11 7311 0029 11.26 1 236 1 20140802133527 00047
00000302 2014 08 07 15:40 16:39 11 7311 0029 11.26 1 236 1 20140831131518 00049
00000302 2014 08 14 15:40 16:39 11 7311 0029 11.26 1 236 1 20140831131518 00049
00000302 2014 08 21 15:40 16:39 11 7311 0029 11.26 1 236 1 20140831131518 00049
00000302 2014 08 28 15:40 16:39 11 7311 0029 11.26 1 236 1 20140831131518 00049
00000302 2014 09 04 15:40 16:39 11 7311 0029 11.26 1 236 1 20140930205058 00049
00000302 2014 09 11 15:40 16:39 11 7311 0029 11.26 1 236 1 20140930205058 00049
00000302 2014 09 18 15:40 16:39 11 7311 0029 11.26 1 236 1 20140930205058 00049
00000302 2014 09 25 15:40 16:39 11 7311 0029 11.26 1 236 1 20140930205058 00049
00000302 2014 10 02 15:40 16:39 11 7311 0029 11.26 1 236 1 20141031202648 00049
00000302 2014 10 09 15:40 16:39 11 7311 0029 11.26 1 236 1 20141031202648 00049
00000302 2014 10 16 15:40 16:39 11 7311 0029 11.26 1 236 1 20141031202648 00049
00000302 2014 10 23 15:40 16:39 11 7311 0029 11.26 1 236 1 20141031202648 00049
00000302 2014 10 30 15:40 16:39 11 7311 0029 11.26 1 236 1 20141031202648 00049
00000302 2014 11 06 15:40 16:39 11 7311 0029 11.26 1 236 1 20141201122051 00049
00000302 2014 11 13 17:40 18:39 11 7311 0029 11.26 1 236 1 20141201122051 00049
00000302 2014 11 20 15:40 16:39 11 7311 0029 11.26 1 236 1 20141201122051 00049
00000302 2014 11 27 15:40 16:39 11 7311 0029 11.26 1 236 1 20141201122051 00049
