00000302 0029 2014 07 0000003 10 00049 _ 15:40 16:39 2 _ 0 7311 1 11 1 20140802133527 00047
00000302 0029 2014 07 0000004 17 00049 _ 15:40 16:39 2 _ 0 7311 1 11 1 20140802133527 00047
00000302 0029 2014 07 0000005 24 00049 _ 10:30 11:29 2 _ 0 7311 1 11 1 20140802133527 00047
00000302 0029 2014 07 0000006 31 00051 _ 15:40 16:39 2 _ 0 7311 1 11 1 20140802133527 00047
00000302 0029 2014 08 0000007 07 00051 _ 15:40 16:39 2 _ 0 7311 1 11 1 20140831131518 00049
00000302 0029 2014 08 0000008 14 00050 _ 15:40 16:39 2 _ 0 7311 1 11 1 20140831131518 00049
00000302 0029 2014 08 0000009 21 00052 _ 15:40 16:39 2 _ 0 7311 1 11 1 20140831131518 00049
00000302 0029 2014 08 0000010 28 00050 _ 15:40 16:39 2 _ 0 7311 1 11 1 20140831131518 00049
00000302 0029 2014 09 0000011 04 00052 _ 15:40 16:39 2 _ 0 7311 1 11 1 20140930205058 00049
00000302 0029 2014 09 0000012 11 00052 _ 15:40 16:39 2 _ 0 7311 1 11 1 20140930205058 00049
00000302 0029 2014 09 0000013 18 00050 _ 15:40 16:39 2 _ 0 7311 1 11 1 20140930205058 00049
00000302 0029 2014 09 0000014 25 00050 _ 15:40 16:39 2 _ 0 7311 1 11 1 20140930205058 00049
00000302 0029 2014 10 0000015 02 00052 _ 15:40 16:39 2 _ 0 7311 1 11 1 20141031202648 00049
00000302 0029 2014 10 0000016 09 00050 _ 15:40 16:39 2 _ 0 7311 1 11 1 20141031202648 00049
00000302 0029 2014 10 0000017 16 00048 _ 15:40 16:39 2 _ 0 7311 1 11 1 20141031202648 00049
00000302 0029 2014 10 0000018 23 00052 _ 15:40 16:39 2 _ 0 7311 1 11 1 20141031202648 00049
00000302 0029 2014 10 0000019 30 00048 _ 15:40 16:39 2 _ 0 7311 1 11 1 20141031202648 00049
00000302 0029 2014 11 0000020 06 00050 _ 15:40 16:39 2 _ 0 7311 1 11 1 20141201122051 00049
00000302 0029 2014 11 0000021 13 00048 _ 17:40 18:39 2 _ 0 7311 1 11 1 20141201122051 00049
00000302 0029 2014 11 0000022 20 00051 _ 15:40 16:39 2 _ 0 7311 1 11 1 20141201122051 00049
00000302 0029 2014 11 0000023 27 00052 _ 15:40 16:39 2 _ 0 7311 1 11 1 20141201122051 00049
00000302 0029 2014 12 0000024 04 00051 _ 15:40 16:39 2 _ 0 7311 1 11 1 20141205150451 00049
00000302 0029 2014 12 0000025 11 _ _ 15:40 16:39 2 _ 0 7311 1 11 1 20141205150451 00049
00000302 0029 2014 12 0000026 18 _ _ 15:40 16:39 2 _ 0 7311 1 11 1 20141205150451 00049
00000302 0029 2014 12 0000027 25 _ _ 15:40 16:39 2 _ 0 7311 1 11 1 20141205150451 00049
00000302 0107 2014 07 0000002 10 00049 _ 15:40 16:39 _ _ 0 1111 1 61 1 20140710165958 00049
