00000103 2013 09 1 1 00013 1 20140630175121 00030
00000103 2013 10 1 1 00013 1 20140630175510 00030
00000103 2013 11 1 1 00013 1 20140630175941 00030
00000103 2013 12 1 1 00013 1 20140630180333 00030
00000103 2014 01 1 1 00013 1 20140616164328 00030
00000103 2014 02 1 1 00013 1 20140616165005 00030
00000103 2014 03 1 1 00013 1 20140616165517 00030
00000103 2014 04 1 1 00013 1 20140616170119 00030
00000103 2014 05 1 1 00013 1 20140812122012 00030
00000103 2014 06 1 1 00013 1 20140630150508 00078
