00000062 00066 0001 02 353 1 20140311 1 20140319 3 1 20140331175407 00077
00000082 00063 0001 02 354 1 20140302 2 20140304 3 1 20140331171014 00077
00000082 00065 0001 02 354 1 20140404 2 20140406 2 1 20140331172127 00077
00000110 00061 0001 02 266 1 20140313 3 20140328 3 1 20140401144849 00077
00000120 00060 0001 02 356 1 20140401 1 20140402 1 1 20140331114329 00077
00000135 00121 0001 02 354 0 _ 1 _ 1 1 20140724141234 00077
00000135 00122 0001 02 354 1 20140625 2 20140630 3 1 20140729143947 00077
00000258 00095 0001 02 355 1 20140530 3 20140601 3 1 20140522110104 00077
00000259 00056 0001 02 253 1 20140530 2 20140607 1 1 20140404143654 00077
00000260 00064 0001 02 251 1 20140403 1 20140405 3 1 20140331172004 00077
00000260 00067 0001 02 251 0 _ 1 _ 1 1 20140401102949 00077
00000262 00059 0001 02 252 1 20140401 1 20140402 1 1 20140401165201 00077
00000263 00093 0001 02 264 1 20140501 1 20140502 2 9 20140522171927 00077
00000263 00099 0001 02 264 1 20140517 1 20140521 1 1 20140522114009 00077
00000263 00104 0001 02 264 0 _ 1 _ 1 9 20140522172251 00077
00000272 00055 0001 02 256 0 _ 1 _ 1 1 20140401134733 00077
00000273 00057 0001 02 254 1 20140327 2 20140329 2 1 20140401160452 00077
00000275 00054 0001 02 257 1 20140401 1 20140430 1 1 20140328173607 00078
00000276 00058 0001 02 265 1 20140326 1 20140327 3 1 20140328230028 00077
00000278 00068 0001 02 259 1 20140316 1 20140323 3 1 20140401164008 00077
00000281 00053 0001 02 367 1 20140301 2 20140307 1 1 20140328161502 00077
00000281 00091 0001 02 366 0 20140510 2 20140517 3 1 20140519165620 00077
00000286 00062 0001 02 361 1 20140405 3 20140415 3 1 20140406161055 00077
00000289 00076 0001 02 357 1 20140524 1 20140526 3 1 20140414123700 00077
00000290 00081 0001 02 358 1 20140815 2 20140822 1 9 20140605193433 00077
00000290 00082 0001 02 358 1 20140801 2 20140803 3 1 20140415152241 00077
00000290 00084 0001 02 358 1 20140921 2 20140924 3 1 20140418121716 00077
00000291 00083 0001 02 359 1 20140830 2 20140919 1 1 20140415152413 00077
00000292 00073 0001 02 360 1 20140502 3 20140507 1 1 20140414123041 00077
00000292 00074 0001 02 360 1 20140529 3 20140606 2 1 20140414123215 00077
00000294 00077 0001 02 363 1 20140724 3 20140731 1 1 20140414123753 00077
00000295 00078 0001 02 364 1 20140531 1 20140606 1 1 20140414123927 00077
00000298 00069 0001 02 255 1 20140501 3 20140509 1 9 20140522161346 00077
00000298 00080 0001 02 255 1 20140828 3 20140831 2 9 20140522161854 00077
00000298 00106 0001 02 255 0 _ 1 _ 1 9 20140522173027 00077
00000299 00097 0001 02 258 1 20140501 1 20140509 1 9 20140522174003 00077
00000299 00109 0001 02 258 0 _ 1 _ 1 9 20140522173617 00077
00000299 00115 0001 02 258 0 _ 1 _ 1 1 20140605193527 00077
00000301 00071 0001 02 265 0 20140618 1 20140619 3 9 20140522160950 00077
00000301 00079 0001 02 265 1 20140529 2 20140604 3 1 20140702135714 00077
00000301 00089 0001 02 265 1 20140510 1 20141030 1 9 20140522160759 00077
00000301 00090 0001 02 265 1 20140501 1 20141205 1 9 20140522160732 00077
00000301 00101 0001 02 265 0 _ 1 _ 1 9 20140522160706 00077
00000302 00075 0001 02 266 1 20140705 1 20140712 2 1 20140522113227 00077
00000303 00070 0001 02 351 1 20140516 3 20140522 2 1 20140414121639 00077
00000303 00085 0001 02 351 1 20160220 2 20160222 1 1 20140502121333 00077
00000314 00088 0001 02 262 1 20140501 1 20140927 3 1 20140516165439 00077
00000316 00110 0001 02 259 0 _ 1 _ 1 9 20140522174105 00077
00000317 00072 0001 02 257 1 20140627 2 20140718 2 9 20140522171621 00077
00000317 00105 0001 02 253 0 _ 1 _ 1 9 20140522172943 00077
00000318 00086 0001 02 251 1 20140501 2 20140502 3 9 20140530183159 00077
00000318 00087 0001 02 251 0 _ 1 _ 1 9 20140530183224 00077
00000318 00100 0001 02 365 0 20140529 3 20140603 2 1 20140522150805 00077
00000318 00102 0001 02 365 1 20140526 2 20140528 3 1 20140522134245 00077
00000319 00098 0001 02 256 0 _ 1 _ 1 1 20140522133737 00077
00000319 00103 0001 02 256 0 _ 1 _ 1 9 20140523160701 00077
00000319 00114 0001 02 256 0 _ 1 _ 1 1 20140522175112 00077
00000324 00092 0001 02 254 1 20140501 3 20140515 3 1 20140520202659 00077
00000324 00094 0001 02 254 1 20140501 1 20140501 2 1 20140522123617 00077
00000324 00113 0001 02 254 0 _ 1 _ 1 1 20140522174959 00077
00000326 00087 0001 02 252 0 _ 1 _ 1 1 20140526113612 00077
00000326 00096 0001 02 252 1 20140502 1 20140503 1 9 20140522154920 00077
00000326 00107 0001 02 252 0 _ 1 _ 1 9 20140522173129 00077
00000326 00108 0001 02 252 0 _ 1 _ 1 9 20140522173225 00077
00000326 00111 0001 02 252 0 _ 1 _ 1 9 20140522174506 00077
00000326 00112 0001 02 252 0 _ 1 _ 1 9 20140522174921 00077
00000573 00118 0001 02 351 1 20140704 2 20140716 2 9 20140702181801 00077
00000573 00119 0001 02 351 0 _ 1 _ 1 9 20140702182302 00077
00000573 00120 0001 02 351 0 _ 1 _ 1 9 20140702182703 00077
00000577 00116 0001 02 265 1 20140701 1 20140711 2 9 20140702141419 00077
00000577 00117 0001 02 265 1 20140530 1 20140705 3 1 20140702162152 00077
