000003072014061 00000307 2014 06 18 61 1211 1 15:00 15:59 0073 1 2452 0 _ _ 1 20140701152951 24
000003072014061 00000307 2014 06 25 61 1211 1 15:00 15:59 0073 1 2452 0 _ _ 1 20140701152951 24
000003072014062 00000307 2014 06 18 61 4001 1 15:00 15:59 0073 1 200 0 _ _ 1 20140701152951 24
000003072014063 00000307 2014 06 22 61 1211 1 18:15 18:44 0073 1 2452 0 _ _ 1 20140701152951 24
000003072014064 00000307 2014 06 29 61 1211 1 18:30 19:00 0073 1 2452 0 _ _ 1 20140701152951 24
000003072014071 00000307 2014 07 02 61 1211 1 15:00 15:59 0073 1 2452 0 _ _ 1 20140801151009 24
000003072014071 00000307 2014 07 09 61 1211 1 15:00 15:59 0073 1 2452 0 _ _ 1 20140801151009 24
000003072014071 00000307 2014 07 16 61 1211 1 15:00 15:59 0073 1 2452 0 _ _ 1 20140801151009 24
000003072014071 00000307 2014 07 23 61 1211 1 15:00 15:59 0073 1 2452 0 _ _ 1 20140801151009 24
000003072014071 00000307 2014 07 30 61 1211 1 15:00 15:59 0073 1 2452 0 _ _ 1 20140801151009 24
000003072014072 00000307 2014 07 06 61 1211 1 18:15 18:44 0073 1 2452 0 _ _ 1 20140801151009 24
000003072014072 00000307 2014 07 13 61 1211 1 18:15 18:44 0073 1 2452 0 _ _ 1 20140801151009 24
000003072014072 00000307 2014 07 20 61 1211 1 18:15 18:44 0073 1 2452 0 _ _ 1 20140801151009 24
000003072014072 00000307 2014 07 27 61 1211 1 18:15 18:44 0073 1 2452 0 _ _ 1 20140801151009 24
