00000072 2012 10 00033 1 20140808141953 00030
00000072 2012 11 00033 1 20140808142945 00030
00000072 2012 12 00033 1 20140808145355 00030
00000072 2013 01 00033 1 20140724184534 00030
00000072 2013 02 00033 1 20140724185006 00030
00000072 2013 03 00033 1 20140724185404 00030
00000072 2013 04 00033 1 20140724185842 00030
00000072 2013 05 00033 1 20140724190210 00030
00000072 2013 06 00033 1 20140725101447 00030
00000072 2013 07 00033 1 20140725101439 00030
00000072 2013 08 00033 1 20140725101909 00030
00000072 2013 09 00033 1 20140627111704 00030
00000072 2013 10 00033 1 20140627112610 00030
00000072 2013 11 00033 1 20140627114836 00030
00000072 2013 12 00033 1 20140627114750 00030
00000072 2014 01 00033 1 20140613115330 00030
00000072 2014 02 00033 1 20140613121023 00030
00000072 2014 03 00033 1 20140613122036 00030
00000072 2014 04 00033 1 20140613122816 00030
00000072 2014 05 00033 1 20140815184508 00030
00000072 2014 06 00033 1 20140624092348 00033
