000000842013041 00000084 2013 04 08 65 1111 1 09:00 12:10 0061 1 2099 0 _ _ 1 20140725173012 24
000000842013041 00000084 2013 04 15 65 1111 1 09:00 12:10 0061 1 2099 0 _ _ 1 20140725173012 24
000000842013041 00000084 2013 04 22 65 1111 1 09:00 12:10 0061 1 2099 0 _ _ 1 20140725173012 24
000000842013042 00000084 2013 04 08 65 5002 1 _ _ 0061 1 225 0 _ _ 1 20140725173012 24
000000842013042 00000084 2013 04 15 65 5002 1 _ _ 0061 1 225 0 _ _ 1 20140725173012 24
000000842013042 00000084 2013 04 22 65 5002 1 _ _ 0061 1 225 0 _ _ 1 20140725173012 24
000000842013051 00000084 2013 05 06 65 1111 1 09:00 12:10 0061 1 2099 0 _ _ 1 20140725173230 24
000000842013051 00000084 2013 05 13 65 1111 1 09:00 12:10 0061 1 2099 0 _ _ 1 20140725173230 24
000000842013051 00000084 2013 05 20 65 1111 1 09:00 12:10 0061 1 2099 0 _ _ 1 20140725173230 24
000000842013051 00000084 2013 05 27 65 1111 1 09:00 12:10 0061 1 2099 0 _ _ 1 20140725173230 24
000000842013052 00000084 2013 05 06 65 5002 1 _ _ 0061 1 225 0 _ _ 1 20140725173230 24
000000842013052 00000084 2013 05 13 65 5002 1 _ _ 0061 1 225 0 _ _ 1 20140725173230 24
000000842013052 00000084 2013 05 20 65 5002 1 _ _ 0061 1 225 0 _ _ 1 20140725173230 24
000000842013052 00000084 2013 05 27 65 5002 1 _ _ 0061 1 225 0 _ _ 1 20140725173230 24
000000842013061 00000084 2013 06 03 65 1111 1 09:00 12:10 0061 1 2099 0 _ _ 1 20140725173423 24
000000842013061 00000084 2013 06 10 65 1111 1 09:00 12:10 0061 1 2099 0 _ _ 1 20140725173423 24
000000842013061 00000084 2013 06 17 65 1111 1 09:00 12:10 0061 1 2099 0 _ _ 1 20140725173423 24
000000842013061 00000084 2013 06 19 65 1111 1 09:00 12:10 0061 1 2099 0 _ _ 1 20140725173423 24
000000842013061 00000084 2013 06 24 65 1111 1 09:00 12:10 0061 1 2099 0 _ _ 1 20140725173423 24
000000842013062 00000084 2013 06 03 65 5002 1 _ _ 0061 1 225 0 _ _ 1 20140725173423 24
000000842013062 00000084 2013 06 10 65 5002 1 _ _ 0061 1 225 0 _ _ 1 20140725173423 24
000000842013062 00000084 2013 06 17 65 5002 1 _ _ 0061 1 225 0 _ _ 1 20140725173423 24
000000842013062 00000084 2013 06 19 65 5002 1 _ _ 0061 1 225 0 _ _ 1 20140725173423 24
000000842013062 00000084 2013 06 24 65 5002 1 _ _ 0061 1 225 0 _ _ 1 20140725173423 24
000000842013071 00000084 2013 07 01 65 1111 1 09:00 12:10 0061 1 2099 0 _ _ 1 20140725173648 24
000000842013071 00000084 2013 07 08 65 1111 1 09:00 12:10 0061 1 2099 0 _ _ 1 20140725173648 24
000000842013071 00000084 2013 07 22 65 1111 1 09:00 12:10 0061 1 2099 0 _ _ 1 20140725173648 24
000000842013071 00000084 2013 07 29 65 1111 1 09:00 12:10 0061 1 2099 0 _ _ 1 20140725173648 24
000000842013072 00000084 2013 07 01 65 5002 1 _ _ 0061 1 225 0 _ _ 1 20140725173648 24
000000842013072 00000084 2013 07 08 65 5002 1 _ _ 0061 1 225 0 _ _ 1 20140725173648 24
000000842013072 00000084 2013 07 22 65 5002 1 _ _ 0061 1 225 0 _ _ 1 20140725173648 24
000000842013072 00000084 2013 07 29 65 5002 1 _ _ 0061 1 225 0 _ _ 1 20140725173648 24
000000842013081 00000084 2013 08 05 65 1111 1 09:00 12:10 0061 1 2099 0 _ _ 1 20140725173828 24
000000842013081 00000084 2013 08 19 65 1111 1 09:00 12:10 0061 1 2099 0 _ _ 1 20140725173828 24
000000842013081 00000084 2013 08 26 65 1111 1 09:00 12:10 0061 1 2099 0 _ _ 1 20140725173828 24
000000842013082 00000084 2013 08 05 65 5002 1 _ _ 0061 1 225 0 _ _ 1 20140725173828 24
000000842013082 00000084 2013 08 19 65 5002 1 _ _ 0061 1 225 0 _ _ 1 20140725173828 24
000000842013082 00000084 2013 08 26 65 5002 1 _ _ 0061 1 225 0 _ _ 1 20140725173828 24
000000842013091 00000084 2013 09 02 65 1111 1 09:00 12:10 0061 1 2099 0 _ _ 1 20140627165030 24
000000842013091 00000084 2013 09 09 65 1111 1 09:00 12:10 0061 1 2099 0 _ _ 1 20140627165030 24
000000842013091 00000084 2013 09 23 65 1111 1 09:00 12:10 0061 1 2099 0 _ _ 1 20140627165030 24
000000842013091 00000084 2013 09 30 65 1111 1 09:00 12:10 0061 1 2099 0 _ _ 1 20140627165030 24
000000842013092 00000084 2013 09 02 65 5002 1 _ _ 0061 1 225 0 _ _ 1 20140627165030 24
000000842013092 00000084 2013 09 09 65 5002 1 _ _ 0061 1 225 0 _ _ 1 20140627165030 24
000000842013092 00000084 2013 09 23 65 5002 1 _ _ 0061 1 225 0 _ _ 1 20140627165030 24
000000842013092 00000084 2013 09 30 65 5002 1 _ _ 0061 1 225 0 _ _ 1 20140627165030 24
000000842013101 00000084 2013 10 07 65 1111 1 09:00 12:10 0061 1 2099 0 _ _ 1 20140627165156 24
000000842013101 00000084 2013 10 14 65 1111 1 09:00 12:10 0061 1 2099 0 _ _ 1 20140627165156 24
000000842013101 00000084 2013 10 21 65 1111 1 09:00 12:10 0061 1 2099 0 _ _ 1 20140627165156 24
000000842013101 00000084 2013 10 28 65 1111 1 09:00 12:10 0061 1 2099 0 _ _ 1 20140627165156 24
000000842013102 00000084 2013 10 07 65 5002 1 _ _ 0061 1 225 0 _ _ 1 20140627165156 24
000000842013102 00000084 2013 10 14 65 5002 1 _ _ 0061 1 225 0 _ _ 1 20140627165156 24
000000842013102 00000084 2013 10 21 65 5002 1 _ _ 0061 1 225 0 _ _ 1 20140627165156 24
000000842013102 00000084 2013 10 28 65 5002 1 _ _ 0061 1 225 0 _ _ 1 20140627165156 24
000000842013111 00000084 2013 11 04 65 1111 1 09:00 12:10 0061 1 2099 0 _ _ 1 20140627165357 24
000000842013111 00000084 2013 11 11 65 1111 1 09:00 12:10 0061 1 2099 0 _ _ 1 20140627165357 24
000000842013111 00000084 2013 11 18 65 1111 1 09:00 12:10 0061 1 2099 0 _ _ 1 20140627165357 24
000000842013111 00000084 2013 11 25 65 1111 1 09:00 12:10 0061 1 2099 0 _ _ 1 20140627165357 24
000000842013112 00000084 2013 11 04 65 5002 1 _ _ 0061 1 225 0 _ _ 1 20140627165357 24
000000842013112 00000084 2013 11 11 65 5002 1 _ _ 0061 1 225 0 _ _ 1 20140627165357 24
000000842013112 00000084 2013 11 18 65 5002 1 _ _ 0061 1 225 0 _ _ 1 20140627165357 24
000000842013112 00000084 2013 11 25 65 5002 1 _ _ 0061 1 225 0 _ _ 1 20140627165357 24
000000842013121 00000084 2013 12 02 65 1111 1 09:00 12:10 0061 1 2099 0 _ _ 1 20140627165700 24
000000842013121 00000084 2013 12 09 65 1111 1 09:00 12:10 0061 1 2099 0 _ _ 1 20140627165700 24
000000842013121 00000084 2013 12 16 65 1111 1 09:00 12:10 0061 1 2099 0 _ _ 1 20140627165700 24
000000842013121 00000084 2013 12 23 65 1111 1 09:00 12:10 0061 1 2099 0 _ _ 1 20140627165700 24
000000842013122 00000084 2013 12 02 65 5002 1 _ _ 0061 1 225 0 _ _ 1 20140627165700 24
000000842013122 00000084 2013 12 09 65 5002 1 _ _ 0061 1 225 0 _ _ 1 20140627165700 24
000000842013122 00000084 2013 12 16 65 5002 1 _ _ 0061 1 225 0 _ _ 1 20140627165700 24
000000842013122 00000084 2013 12 23 65 5002 1 _ _ 0061 1 225 0 _ _ 1 20140627165700 24
000000842014011 00000084 2014 01 06 65 1111 1 09:00 12:10 0061 1 2099 0 _ _ 1 20140613180623 24
000000842014011 00000084 2014 01 13 65 1111 1 09:00 12:10 0061 1 2099 0 _ _ 1 20140613180623 24
000000842014011 00000084 2014 01 20 65 1111 1 09:00 12:10 0061 1 2099 0 _ _ 1 20140613180623 24
000000842014011 00000084 2014 01 27 65 1111 1 09:00 12:10 0061 1 2099 0 _ _ 1 20140613180623 24
000000842014012 00000084 2014 01 06 65 5002 1 _ _ 0061 1 225 0 _ _ 1 20140613180623 24
000000842014012 00000084 2014 01 13 65 5002 1 _ _ 0061 1 225 0 _ _ 1 20140613180623 24
000000842014012 00000084 2014 01 20 65 5002 1 _ _ 0061 1 225 0 _ _ 1 20140613180623 24
000000842014012 00000084 2014 01 27 65 5002 1 _ _ 0061 1 225 0 _ _ 1 20140613180623 24
000000842014021 00000084 2014 02 03 65 1111 1 09:00 12:10 0061 1 2099 0 _ _ 1 20140613181911 24
000000842014021 00000084 2014 02 10 65 1111 1 09:00 12:10 0061 1 2099 0 _ _ 1 20140613181911 24
000000842014021 00000084 2014 02 17 65 1111 1 09:00 12:10 0061 1 2099 0 _ _ 1 20140613181911 24
000000842014021 00000084 2014 02 24 65 1111 1 09:00 12:10 0061 1 2099 0 _ _ 1 20140613181911 24
000000842014022 00000084 2014 02 03 65 5002 1 _ _ 0061 1 225 0 _ _ 1 20140613181911 24
000000842014022 00000084 2014 02 10 65 5002 1 _ _ 0061 1 225 0 _ _ 1 20140613181911 24
000000842014022 00000084 2014 02 17 65 5002 1 _ _ 0061 1 225 0 _ _ 1 20140613181911 24
000000842014022 00000084 2014 02 24 65 5002 1 _ _ 0061 1 225 0 _ _ 1 20140613181911 24
000000842014031 00000084 2014 03 03 65 1111 1 09:00 12:10 0061 1 2099 0 _ _ 1 20140613182135 24
000000842014031 00000084 2014 03 10 65 1111 1 09:00 12:10 0061 1 2099 0 _ _ 1 20140613182135 24
000000842014031 00000084 2014 03 17 65 1111 1 09:00 12:10 0061 1 2099 0 _ _ 1 20140613182135 24
000000842014031 00000084 2014 03 24 65 1111 1 09:00 12:10 0061 1 2099 0 _ _ 1 20140613182135 24
000000842014032 00000084 2014 03 03 65 5002 1 _ _ 0061 1 225 0 _ _ 1 20140613182135 24
000000842014032 00000084 2014 03 10 65 5002 1 _ _ 0061 1 225 0 _ _ 1 20140613182135 24
000000842014032 00000084 2014 03 17 65 5002 1 _ _ 0061 1 225 0 _ _ 1 20140613182135 24
000000842014032 00000084 2014 03 24 65 5002 1 _ _ 0061 1 225 0 _ _ 1 20140613182135 24
000000842014032 00000084 2014 03 31 65 5002 1 _ _ 0061 1 225 0 _ _ 1 20140613182135 24
000000842014041 00000084 2014 04 07 65 1111 1 09:00 12:10 0061 1 2115 0 _ _ 1 20140613182353 24
000000842014041 00000084 2014 04 14 65 1111 1 09:00 12:10 0061 1 2115 0 _ _ 1 20140613182353 24
000000842014041 00000084 2014 04 21 65 1111 1 09:00 12:10 0061 1 2115 0 _ _ 1 20140613182353 24
000000842014041 00000084 2014 04 28 65 1111 1 09:00 12:10 0061 1 2115 0 _ _ 1 20140613182353 24
000000842014042 00000084 2014 04 07 65 5002 1 _ _ 0061 1 225 0 _ _ 1 20140613182353 24
000000842014042 00000084 2014 04 14 65 5002 1 _ _ 0061 1 225 0 _ _ 1 20140613182353 24
000000842014042 00000084 2014 04 21 65 5002 1 _ _ 0061 1 225 0 _ _ 1 20140613182353 24
000000842014042 00000084 2014 04 28 65 5002 1 _ _ 0061 1 225 0 _ _ 1 20140613182353 24
000000842014051 00000084 2014 05 05 65 1111 1 09:00 12:10 0061 1 2115 0 _ _ 1 20140812162851 24
000000842014051 00000084 2014 05 12 65 1111 1 09:00 12:10 0061 1 2115 0 _ _ 1 20140812162851 24
000000842014051 00000084 2014 05 19 65 1111 1 09:00 12:10 0061 1 2115 0 _ _ 1 20140812162851 24
000000842014051 00000084 2014 05 26 65 1111 1 09:00 12:10 0061 1 2115 0 _ _ 1 20140812162851 24
000000842014052 00000084 2014 05 05 65 5002 1 _ _ 0061 1 225 0 _ _ 1 20140812162851 24
000000842014052 00000084 2014 05 12 65 5002 1 _ _ 0061 1 225 0 _ _ 1 20140812162851 24
000000842014052 00000084 2014 05 19 65 5002 1 _ _ 0061 1 225 0 _ _ 1 20140812162851 24
000000842014052 00000084 2014 05 26 65 5002 1 _ _ 0061 1 225 0 _ _ 1 20140812162851 24
000000842014061 00000084 2014 06 02 65 1111 1 09:00 12:10 0061 1 2115 0 _ _ 1 20140704103010 25
000000842014061 00000084 2014 06 09 65 1111 1 09:00 12:10 0061 1 2115 0 _ _ 1 20140704103010 25
000000842014061 00000084 2014 06 16 65 1111 1 09:00 12:10 0061 1 2115 0 _ _ 1 20140704103010 25
000000842014061 00000084 2014 06 23 65 1111 1 09:00 12:10 0061 1 2115 0 _ _ 1 20140704103010 25
000000842014061 00000084 2014 06 30 65 1111 1 09:00 12:10 0061 1 2115 0 _ _ 1 20140704103010 25
000000842014062 00000084 2014 06 02 65 5002 1 _ _ 0061 1 225 0 _ _ 1 20140704103010 25
000000842014062 00000084 2014 06 09 65 5002 1 _ _ 0061 1 225 0 _ _ 1 20140704103010 25
000000842014062 00000084 2014 06 16 65 5002 1 _ _ 0061 1 225 0 _ _ 1 20140704103010 25
000000842014062 00000084 2014 06 23 65 5002 1 _ _ 0061 1 225 0 _ _ 1 20140704103010 25
000000842014062 00000084 2014 06 30 65 5002 1 _ _ 0061 1 225 0 _ _ 1 20140704103010 25
000000842014071 00000084 2014 07 07 65 1111 1 09:00 12:10 0061 1 2115 0 _ _ 1 20140801203841 25
000000842014071 00000084 2014 07 14 65 1111 1 09:00 12:10 0061 1 2115 0 _ _ 1 20140801203841 25
000000842014071 00000084 2014 07 21 65 1111 1 09:00 12:10 0061 1 2115 0 _ _ 1 20140801203841 25
000000842014071 00000084 2014 07 28 65 1111 1 09:00 12:10 0061 1 2115 0 _ _ 1 20140801203841 25
000000842014072 00000084 2014 07 07 65 5002 1 _ _ 0061 1 225 0 _ _ 1 20140801203841 25
000000842014072 00000084 2014 07 14 65 5002 1 _ _ 0061 1 225 0 _ _ 1 20140801203841 25
000000842014072 00000084 2014 07 21 65 5002 1 _ _ 0061 1 225 0 _ _ 1 20140801203841 25
000000842014072 00000084 2014 07 28 65 5002 1 _ _ 0061 1 225 0 _ _ 1 20140801203841 25
