00000086 0073 2014 06 0000002 06 00042 _ 16:30 17:29 2 _ 0 1111 1 61 1 20140701100303 00078
00000086 0073 2014 06 0000003 13 00042 _ 16:30 17:29 2 _ 0 1111 1 61 1 20140701100303 00078
00000086 0073 2014 06 0000004 20 00042 _ 16:30 17:29 2 _ 0 1111 1 61 1 20140701100303 00078
00000086 0073 2014 06 0000005 27 00042 _ 16:30 17:29 2 _ 0 1111 1 61 1 20140701100303 00078
00000086 0073 2014 07 0000006 04 00042 _ 16:30 17:29 2 _ 0 1111 1 61 1 20140801185601 00077
00000086 0073 2014 07 0000007 11 00042 _ 16:30 17:29 2 _ 0 1111 1 61 1 20140801185601 00077
00000086 0073 2014 07 0000008 18 00042 _ 16:30 17:29 2 _ 0 1111 1 61 1 20140801185601 00077
00000086 0073 2014 07 0000009 25 00042 _ 16:30 17:29 2 _ 0 1111 1 61 1 20140801185601 00077
00000086 0073 2014 08 0000010 01 00038 _ 16:30 17:29 2 _ 0 1111 1 61 1 20140811112548 00037
00000086 0073 2014 08 0000011 08 00100 _ 16:30 17:29 2 _ 0 1111 1 61 1 20140811112548 00037
00000086 0073 2014 08 0000012 15 00035 _ 16:30 17:29 2 _ 0 1111 1 61 1 20140816173724 00038
