00000234 20130515 KihonCheckCheckList01 0 1 20140516 IKOU
00000234 20130515 KihonCheckCheckList02 0 1 20140516 IKOU
00000234 20130515 KihonCheckCheckList03 0 1 20140516 IKOU
00000234 20130515 KihonCheckCheckList04 0 1 20140516 IKOU
00000234 20130515 KihonCheckCheckList05 0 1 20140516 IKOU
00000234 20130515 KihonCheckCheckList06 0 1 20140516 IKOU
00000234 20130515 KihonCheckCheckList07 2 1 20140516 IKOU
00000234 20130515 KihonCheckCheckList08 2 1 20140516 IKOU
00000234 20130515 KihonCheckCheckList09 0 1 20140516 IKOU
00000234 20130515 KihonCheckCheckList10 2 1 20140516 IKOU
00000234 20130515 KihonCheckCheckList11 0 1 20140516 IKOU
00000234 20130515 KihonCheckCheckList12 0 1 20140516 IKOU
00000234 20130515 KihonCheckCheckList13 4 1 20140516 IKOU
00000234 20130515 KihonCheckCheckList14 4 1 20140516 IKOU
00000234 20130515 KihonCheckCheckList15 0 1 20140516 IKOU
00000234 20130515 KihonCheckCheckList16 0 1 20140516 IKOU
00000234 20130515 KihonCheckCheckList17 6 1 20140516 IKOU
00000234 20130515 KihonCheckCheckList18 0 1 20140516 IKOU
00000234 20130515 KihonCheckCheckList19 0 1 20140516 IKOU
00000234 20130515 KihonCheckCheckList20 7 1 20140516 IKOU
00000234 20130515 KihonCheckCheckList21 7 1 20140516 IKOU
00000234 20130515 KihonCheckCheckList22 0 1 20140516 IKOU
00000234 20130515 KihonCheckCheckList23 7 1 20140516 IKOU
00000234 20130515 KihonCheckCheckList24 7 1 20140516 IKOU
