0001 00005 _ 1 20150902185223 00077
0001 00009 _ 1 20150902185223 00077
0001 00010 _ 1 20150902185223 00077
0001 00014 _ 1 20150902185223 00077
0001 00022 _ 1 20150902185223 00077
0001 00023 _ 1 20150902185223 00077
0001 00025 _ 1 20150902185223 00077
0001 00028 _ 1 20150902185223 00077
0001 00057 5 1 20150708112809 00247
0001 00062 10 1 20150708112809 00247
0001 00077 1 1 20150902185223 00077
0001 00079 2 1 20150708112809 00247
0001 00082 _ 1 20150902185223 00077
0001 00083 _ 1 20150902185223 00077
0001 00084 6 1 20150708112809 00247
0001 00086 _ 1 20150902185223 00077
0001 00089 _ 1 20150902185223 00077
0001 00090 _ 1 20150902185223 00077
0001 00091 _ 1 20150902185223 00077
0001 00092 _ 1 20150902185223 00077
0001 00107 7 1 20150708112809 00247
0001 00108 8 1 20150708112809 00247
0001 00109 9 1 20150708112809 00247
0001 00110 _ 1 20150708112809 00247
0001 00111 _ 1 20150708112809 00247
0001 00113 _ 1 20150708112809 00247
0001 00114 _ 1 20150708112809 00247
0001 00115 _ 1 20150708112809 00247
0001 00116 _ 1 20150708112809 00247
0001 00157 _ 1 20150902185223 00077
0001 00185 _ 1 20150902185223 00077
0001 00186 _ 1 20150902185223 00077
0001 00187 _ 1 20150902185223 00077
0001 00239 11 1 20150708112809 00247
0001 00240 4 1 20150708112809 00247
0001 00241 3 1 20150708112809 00247
0001 00242 _ 1 20150708112809 00247
0001 00243 _ 1 20150708112809 00247
0001 00244 13 1 20150708112809 00247
0001 00246 _ 1 20150708112809 00247
0001 00247 _ 1 20150708112809 00247
