00000002 2012 12 08 09:30 10:29 11 7311 0070 10.84 1 235 1 20140730171436 00034
00000002 2012 12 15 09:30 10:29 11 7311 0070 10.84 1 235 1 20140730171436 00034
00000002 2012 12 22 09:30 10:29 11 7311 0070 10.84 1 235 1 20140730171436 00034
00000002 2012 12 29 09:30 10:29 11 7311 0070 10.84 1 235 1 20140730171436 00034
00000007 2012 12 03 15:00 15:59 11 7311 0070 10.84 1 235 1 20140730175649 00034
00000007 2012 12 03 15:00 15:59 61 1111 0073 10.84 1 1220 1 20140814160848 00034
00000007 2012 12 10 15:00 15:59 11 7311 0070 10.84 1 235 1 20140730175649 00034
00000007 2012 12 10 15:00 15:59 61 1111 0073 10.84 1 1220 1 20140814160848 00034
00000007 2012 12 17 15:00 15:59 11 7311 0070 10.84 1 235 1 20140730175649 00034
00000007 2012 12 17 15:00 15:59 61 1111 0073 10.84 1 1220 1 20140814160848 00034
00000007 2012 12 24 15:00 15:59 11 7311 0070 10.84 1 235 1 20140730175649 00034
00000007 2012 12 24 15:00 15:59 61 1111 0073 10.84 1 1220 1 20140814160848 00034
00000013 2012 12 04 13:15 14:45 11 7311 0070 10.84 1 235 1 20140731114350 00078
00000013 2012 12 11 13:15 14:45 11 7311 0070 10.84 1 235 1 20140731114350 00078
00000013 2012 12 18 13:15 14:45 11 7311 0070 10.84 1 235 1 20140731114350 00078
00000013 2012 12 25 13:15 14:45 11 7311 0070 10.84 1 235 1 20140731114350 00078
00000015 2012 12 02 15:30 16:29 11 7311 0070 10.84 1 235 1 20140731150310 00078
00000015 2012 12 09 15:15 17:04 11 6111 0070 10.84 1 654 1 20140731150310 00078
00000015 2012 12 16 15:15 17:04 11 6111 0070 10.84 1 654 1 20140731150310 00078
00000015 2012 12 21 13:45 15:34 11 6111 0070 10.84 1 654 1 20140731150310 00078
00000015 2012 12 30 15:15 17:04 11 6111 0070 10.84 1 654 1 20140731150310 00078
00000016 2012 12 01 10:45 11:44 61 1111 0073 10.84 1 1220 1 20140731153820 00078
00000016 2012 12 08 10:45 11:44 61 1111 0073 10.84 1 1220 1 20140731153820 00078
00000016 2012 12 15 10:45 11:44 61 1111 0073 10.84 1 1220 1 20140731153820 00078
00000016 2012 12 22 10:45 11:44 61 1111 0073 10.84 1 1220 1 20140731153820 00078
00000016 2012 12 29 10:45 11:44 61 1111 0073 10.84 1 1220 1 20140731153820 00078
00000018 2012 12 03 13:30 14:29 11 7311 0070 10.84 1 235 1 20140731170349 00078
00000018 2012 12 10 13:30 14:29 11 7311 0070 10.84 1 235 1 20140731170349 00078
00000018 2012 12 17 13:30 14:29 11 7311 0070 10.84 1 235 1 20140731170349 00078
00000018 2012 12 24 13:30 14:29 11 7311 0070 10.84 1 235 1 20140731170349 00078
00000020 2012 12 03 16:15 17:14 11 7311 0070 10.84 1 235 1 20140731174153 00078
00000020 2012 12 06 10:15 11:14 11 7311 0070 10.84 1 235 1 20140731174153 00078
00000020 2012 12 10 16:15 17:14 11 7311 0070 10.84 1 235 1 20140731174153 00078
00000020 2012 12 13 10:15 11:14 11 1211 0070 10.84 1 402 1 20140731174153 00078
00000020 2012 12 17 16:25 17:14 11 7311 0070 10.84 1 235 1 20140731174153 00078
00000020 2012 12 20 10:15 11:14 11 7311 0070 10.84 1 235 1 20140731174153 00078
00000020 2012 12 24 16:15 17:14 11 7311 0070 10.84 1 235 1 20140731174153 00078
00000020 2012 12 27 10:15 11:14 11 1211 0070 10.84 1 402 1 20140731174153 00078
00000022 2012 12 04 15:00 15:59 11 1211 0070 10.84 1 402 1 20140731182045 00078
00000022 2012 12 11 15:00 15:49 11 1211 0070 10.84 1 402 1 20140731182045 00078
00000022 2012 12 19 15:00 15:59 11 1211 0070 10.84 1 402 1 20140731182045 00078
00000022 2012 12 25 15:00 15:59 11 1211 0070 10.84 1 402 1 20140731182045 00078
00000022 2012 12 31 14:00 14:49 11 1211 0070 10.84 1 402 1 20140731182045 00078
00000025 2012 12 03 10:15 11:14 11 1211 0070 10.84 1 402 1 20140731184004 00078
00000025 2012 12 06 14:00 15:59 11 5211 0070 10.84 1 542 1 20140731184004 00078
00000025 2012 12 10 14:30 15:29 11 1211 0070 10.84 1 402 1 20140731184004 00078
00000025 2012 12 13 14:00 15:59 11 5211 0070 10.84 1 542 1 20140731184004 00078
00000025 2012 12 17 14:30 15:29 11 1211 0070 10.84 1 402 1 20140731184004 00078
00000025 2012 12 20 14:00 15:49 11 5211 0070 10.84 1 542 1 20140731184004 00078
00000025 2012 12 24 14:30 15:29 11 1211 0070 10.84 1 402 1 20140731184004 00078
00000025 2012 12 27 14:00 15:59 11 5211 0070 10.84 1 542 1 20140731184004 00078
00000025 2012 12 31 10:15 11:14 11 1211 0070 10.84 1 402 1 20140731184004 00078
00000026 2012 12 05 10:45 11:44 61 1111 0073 10.84 1 1220 1 20140801112526 00034
00000026 2012 12 29 10:45 11:44 61 1111 0073 10.84 1 1220 1 20140801112526 00034
00000027 2012 12 02 10:01 11:00 61 1211 0073 10.84 1 2440 1 20140801141003 00034
00000027 2012 12 05 09:31 10:30 61 1211 0073 10.84 1 2440 1 20140801141003 00034
00000027 2012 12 09 10:01 11:00 61 1211 0073 10.84 1 2440 1 20140801141003 00034
00000027 2012 12 12 09:31 10:30 61 1211 0073 10.84 1 2440 1 20140801141003 00034
00000027 2012 12 16 09:15 10:09 61 1211 0073 10.84 1 2440 1 20140801141003 00034
00000027 2012 12 19 09:31 10:30 61 1211 0073 10.84 1 2440 1 20140801141003 00034
00000027 2012 12 23 10:01 11:00 61 1211 0073 10.84 1 2440 1 20140801141003 00034
00000027 2012 12 26 09:31 10:30 61 1211 0073 10.84 1 2440 1 20140801141003 00034
00000027 2012 12 30 10:01 11:00 61 1211 0073 10.84 1 2440 1 20140801141003 00034
00000035 2012 12 06 11:30 12:29 61 1111 0073 10.84 1 1220 1 20140804110458 00034
00000035 2012 12 13 11:30 12:29 61 1111 0073 10.84 1 1220 1 20140804110458 00034
00000035 2012 12 20 11:30 12:29 61 1111 0073 10.84 1 1220 1 20140804110458 00034
00000035 2012 12 27 11:30 12:29 61 1111 0073 10.84 1 1220 1 20140804110458 00034
00000042 2012 12 02 13:00 13:59 61 1111 0073 10.84 1 1220 1 20140804133653 00034
00000042 2012 12 09 13:00 13:59 61 1111 0073 10.84 1 1220 1 20140804133653 00034
00000042 2012 12 16 13:00 13:59 61 1111 0073 10.84 1 1220 1 20140804133653 00034
00000042 2012 12 23 13:00 13:59 61 1111 0073 10.84 1 1220 1 20140804133653 00034
00000042 2012 12 30 12:55 13:49 61 1111 0073 10.84 1 1220 1 20140804133653 00034
00000046 2012 12 07 13:30 14:59 11 1311 0070 10.84 1 584 1 20140804144020 00034
00000046 2012 12 21 13:30 14:59 11 1311 0070 10.84 1 584 1 20140804144020 00034
00000048 2012 12 07 10:30 11:30 11 7311 0070 10.84 1 235 1 20140804163223 00034
00000048 2012 12 14 10:30 11:30 11 7311 0070 10.84 1 235 1 20140804163223 00034
00000048 2012 12 21 10:30 11:30 11 7311 0070 10.84 1 235 1 20140804163223 00034
00000048 2012 12 25 09:00 10:00 11 7311 0070 10.84 1 235 1 20140804163223 00034
00000048 2012 12 28 10:30 11:30 11 7311 0070 10.84 1 235 1 20140804163223 00034
00000051 2012 12 06 09:00 09:59 61 1111 0073 10.84 1 1220 1 20140806120521 00034
00000051 2012 12 13 09:00 09:59 61 1111 0073 10.84 1 1220 1 20140806120521 00034
00000051 2012 12 20 09:00 09:59 61 1111 0073 10.84 1 1220 1 20140806120521 00034
00000051 2012 12 27 09:00 09:59 61 1111 0073 10.84 1 1220 1 20140806120521 00034
00000057 2012 12 04 17:00 17:59 11 1211 0070 10.84 1 402 1 20140806152816 00034
00000057 2012 12 07 17:00 17:59 11 1211 0070 10.84 1 402 1 20140806152816 00034
00000057 2012 12 14 17:00 17:59 11 1211 0070 10.84 1 402 1 20140806152816 00034
00000057 2012 12 18 17:00 17:59 11 1211 0070 10.84 1 402 1 20140806152816 00034
00000060 2012 12 01 16:00 16:59 11 5111 0070 10.84 1 472 1 20140807115038 00034
00000060 2012 12 04 16:30 17:29 11 7311 0070 10.84 1 235 1 20140807115038 00034
00000060 2012 12 06 16:00 16:59 11 5111 0070 10.84 1 472 1 20140807115038 00034
00000060 2012 12 08 16:00 16:59 11 5111 0070 10.84 1 472 1 20140807115038 00034
00000060 2012 12 11 16:15 17:14 11 5111 0070 10.84 1 472 1 20140807115038 00034
00000060 2012 12 13 16:00 16:59 11 5111 0070 10.84 1 472 1 20140807115038 00034
00000060 2012 12 15 16:00 16:59 11 5111 0070 10.84 1 472 1 20140807115038 00034
00000060 2012 12 18 15:00 15:59 11 5111 0070 10.84 1 472 1 20140807115038 00034
00000060 2012 12 20 16:00 16:59 11 5111 0070 10.84 1 472 1 20140807115038 00034
00000060 2012 12 22 16:00 16:59 11 5111 0070 10.84 1 472 1 20140807115038 00034
00000060 2012 12 25 16:30 17:29 11 5111 0070 10.84 1 472 1 20140807115038 00034
00000060 2012 12 27 16:00 16:59 11 5111 0070 10.84 1 472 1 20140807115038 00034
00000060 2012 12 29 16:00 16:59 11 5111 0070 10.84 1 472 1 20140807115038 00034
00000064 2012 12 03 09:00 10:00 61 1111 0073 10.84 1 1220 1 20140807150131 00034
00000064 2012 12 10 09:00 10:00 61 1111 0073 10.84 1 1220 1 20140807150131 00034
00000064 2012 12 18 09:00 10:00 61 1111 0073 10.84 1 1220 1 20140807150131 00034
00000064 2012 12 24 09:00 10:00 61 1111 0073 10.84 1 1220 1 20140807150131 00034
00000064 2012 12 31 09:00 10:00 61 1111 0073 10.84 1 1220 1 20140807150131 00034
00000065 2012 12 07 15:10 16:09 61 1111 0073 10.84 1 1220 1 20140807155411 00034
00000065 2012 12 14 15:15 16:14 61 1111 0073 10.84 1 1220 1 20140807155411 00034
00000065 2012 12 21 15:15 16:14 61 1111 0073 10.84 1 1220 1 20140807155411 00034
00000065 2012 12 28 15:15 16:14 61 1111 0073 10.84 1 1220 1 20140807155411 00034
00000069 2012 12 03 13:45 14:44 61 1211 0073 10.84 1 2440 1 20140808115348 00034
00000069 2012 12 06 11:00 11:59 61 1211 0073 10.84 1 2440 1 20140808115348 00034
00000069 2012 12 10 13:45 14:44 61 1211 0073 10.84 1 2440 1 20140808115348 00034
00000069 2012 12 13 11:00 11:59 61 1211 0073 10.84 1 2440 1 20140808115348 00034
00000069 2012 12 17 13:45 14:44 61 1211 0073 10.84 1 2440 1 20140808115348 00034
00000069 2012 12 20 11:00 11:59 61 1211 0073 10.84 1 2440 1 20140808115348 00034
00000069 2012 12 24 13:45 14:44 61 1211 0073 10.84 1 2440 1 20140808115348 00034
00000069 2012 12 27 11:00 11:59 61 1211 0073 10.84 1 2440 1 20140808115348 00034
00000069 2012 12 31 10:15 11:14 61 1211 0073 10.84 1 2440 1 20140808115348 00034
00000070 2012 12 07 13:30 14:29 11 7311 0070 10.84 1 235 1 20140808122412 00034
00000070 2012 12 11 11:00 12:00 11 7311 0070 10.84 1 235 1 20140808122412 00034
00000070 2012 12 14 13:30 14:29 11 7311 0070 10.84 1 235 1 20140808122412 00034
00000070 2012 12 25 11:00 12:00 11 7311 0070 10.84 1 235 1 20140808122412 00034
00000070 2012 12 28 13:30 14:29 11 7311 0070 10.84 1 235 1 20140808122412 00034
00000071 2012 12 01 13:00 14:00 61 1211 0073 10.84 1 2440 1 20140808140143 00034
00000071 2012 12 07 09:15 10:15 61 1211 0073 10.84 1 2440 1 20140808140143 00034
00000071 2012 12 14 09:15 10:15 61 1211 0073 10.84 1 2440 1 20140808140143 00034
00000071 2012 12 15 13:00 14:00 61 1211 0073 10.84 1 2440 1 20140808140143 00034
00000071 2012 12 21 09:15 10:15 61 1211 0073 10.84 1 2440 1 20140808140143 00034
00000071 2012 12 28 09:15 10:15 61 1211 0073 10.84 1 2440 1 20140808140143 00034
00000071 2012 12 29 13:00 13:44 61 1211 0073 10.84 1 2440 1 20140808140143 00034
00000072 2012 12 03 16:30 17:29 61 1211 0073 10.84 1 2440 1 20140808145311 00034
00000072 2012 12 10 16:30 17:39 61 1211 0073 10.84 1 2440 1 20140808145311 00034
00000072 2012 12 14 15:45 16:49 61 1211 0073 10.84 1 2440 1 20140808145311 00034
00000072 2012 12 17 16:30 17:29 61 1211 0073 10.84 1 2440 1 20140808145311 00034
00000072 2012 12 21 15:55 16:54 61 1211 0073 10.84 1 2440 1 20140808145311 00034
00000072 2012 12 24 16:30 17:29 61 1211 0073 10.84 1 2440 1 20140808145311 00034
00000072 2012 12 28 15:45 16:34 61 1211 0073 10.84 1 2440 1 20140808145311 00034
00000073 2012 12 03 14:45 15:45 11 7311 0070 10.84 1 235 1 20140808151734 00034
00000073 2012 12 10 14:45 15:45 11 7311 0070 10.84 1 235 1 20140808151734 00034
00000073 2012 12 17 14:45 15:45 11 7311 0070 10.84 1 235 1 20140808151734 00034
00000073 2012 12 24 14:45 15:14 11 7211 0070 10.84 1 190 1 20140808151734 00034
00000076 2012 12 04 11:00 12:00 11 7311 0070 10.84 1 235 1 20140808154124 00034
00000076 2012 12 11 11:00 12:00 11 7311 0070 10.84 1 235 1 20140808154124 00034
