1 00000002 2013 07 11 0070 グランクレール・ケアサービス横浜 1311 身体介護３ 584 0 584 1 584 0 584 584 0 10.84 6330 90 5697 633 0 n n 0 1 20140717120150 00034
1 00000013 2013 07 11 0070 グランクレール・ケアサービス横浜 7311 生活援助３ 235 0 235 9 2115 0 2115 2115 0 10.84 22926 90 20633 2293 0 n n 0 1 20140717154707 00034
1 00000015 2013 07 11 0070 グランクレール・ケアサービス横浜 6111 身体３生活１ 654 0 654 5 3270 0 3270 3270 0 10.84 35446 90 31901 3545 0 n g 0 1 20140717165201 00034
1 00000018 2013 07 11 0070 グランクレール・ケアサービス横浜 7311 生活援助３ 235 0 235 5 1175 0 1175 1175 0 10.84 12737 90 11463 1274 0 n n 0 1 20140717180638 00034
1 00000022 2013 07 11 0070 グランクレール・ケアサービス横浜 1211 身体介護２ 402 0 402 4 1608 0 1608 1608 0 10.84 17430 90 15687 1743 0 n n 0 1 20140718134648 00034
1 00000025 2013 07 11 0070 グランクレール・ケアサービス横浜 5211 身体２生活２ 542 0 542 9 4878 0 4878 4878 0 10.84 52877 90 47589 5288 0 n n 0 1 20140718151954 00034
1 00000026 2013 07 11 0070 グランクレール・ケアサービス横浜 7311 生活援助３ 235 0 235 5 1175 0 1175 1175 0 10.84 12737 90 11463 1274 0 n n 0 1 20140718163011 00034
1 00000027 2013 07 11 0070 グランクレール・ケアサービス横浜 7311 生活援助３ 235 0 235 9 2115 0 2115 2115 0 10.84 22926 90 20633 2293 0 n n 0 1 20140722112158 00034
1 00000046 2013 07 11 0070 グランクレール・ケアサービス横浜 1311 身体介護３ 584 0 584 2 1168 0 1168 1168 0 10.84 12661 90 11394 1267 0 n n 0 1 20140722184317 00034
1 00000048 2013 07 11 0070 グランクレール・ケアサービス横浜 7311 生活援助３ 235 0 235 4 940 0 940 940 0 10.84 10189 90 9170 1019 0 n n 0 1 20140723114408 00034
1 00000067 2013 07 11 0070 グランクレール・ケアサービス横浜 7211 生活援助２ 190 0 190 5 950 0 950 950 0 10.84 10298 90 9268 1030 0 n n 0 1 20140724160215 00034
1 00000070 2013 07 11 0070 グランクレール・ケアサービス横浜 7311 生活援助３ 235 0 235 8 1880 0 1880 1880 0 10.84 20379 90 18341 2038 0 n n 0 1 20140724175027 00034
1 00000073 2013 07 11 0070 グランクレール・ケアサービス横浜 7311 生活援助３ 235 0 235 5 1175 0 1175 1175 0 10.84 12737 90 11463 1274 0 n n 0 1 20140725105555 00034
1 00000079 2013 07 11 0070 グランクレール・ケアサービス横浜 7311 生活援助３ 235 0 235 4 940 0 940 940 0 10.84 10189 90 9170 1019 0 n n 0 1 20140725150451 00034
1 00000080 2013 07 11 0070 グランクレール・ケアサービス横浜 7211 生活援助２ 190 0 190 3 570 0 570 570 0 10.84 6178 90 5560 618 0 n n 0 1 20140725152628 00034
1 00000082 2013 07 11 0070 グランクレール・ケアサービス横浜 5111 身体２生活１ 472 0 472 9 4248 0 4248 4248 0 10.84 46048 90 41443 4605 0 n n 0 1 20140725164026 00034
1 00000090 2013 07 11 0070 グランクレール・ケアサービス横浜 1211 身体介護２ 402 0 402 9 3618 0 3618 3618 0 10.84 39219 90 35297 3922 0 n n 0 1 20140725184137 00034
1 00000093 2013 07 11 0070 グランクレール・ケアサービス横浜 7311 生活援助３ 235 0 235 3 705 0 705 705 0 10.84 7642 90 6877 765 0 n n 0 1 20140728104839 00034
2 00000002 2013 07 11 0070 グランクレール・ケアサービス横浜 7311 生活援助３ 235 0 235 5 1175 0 1175 1175 0 10.84 12737 90 11463 1274 0 n n 0 1 20140717120150 00034
2 00000013 2013 07 11 0070 グランクレール・ケアサービス横浜 6271 訪問介護処遇改善加算Ⅰ 85 0 85 1 85 85 0.04 85 0 10.84 921 90 828 93 0 a g 0 1 20140717154707 00034
2 00000015 2013 07 11 0070 グランクレール・ケアサービス横浜 7311 生活援助３ 235 0 235 2 470 0 470 470 0 10.84 5094 90 4584 510 0 n n 0 1 20140717165201 00034
2 00000018 2013 07 11 0070 グランクレール・ケアサービス横浜 6271 訪問介護処遇改善加算Ⅰ 47 0 47 1 47 47 0.04 47 0 10.84 509 90 458 51 0 a g 0 1 20140717180638 00034
2 00000022 2013 07 11 0070 グランクレール・ケアサービス横浜 6271 訪問介護処遇改善加算Ⅰ 64 0 64 1 64 64 0.04 64 0 10.84 693 90 623 70 0 a g 0 1 20140718134648 00034
2 00000025 2013 07 11 0070 グランクレール・ケアサービス横浜 6271 訪問介護処遇改善加算Ⅰ 195 0 195 1 195 195 0.04 195 0 10.84 2113 90 1901 212 0 a g 0 1 20140718151954 00034
2 00000026 2013 07 11 0070 グランクレール・ケアサービス横浜 6271 訪問介護処遇改善加算Ⅰ 47 0 47 1 47 47 0.04 47 0 10.84 509 90 458 51 0 a g 0 1 20140718163011 00034
2 00000027 2013 07 11 0070 グランクレール・ケアサービス横浜 6271 訪問介護処遇改善加算Ⅰ 85 0 85 1 85 85 0.04 85 0 10.84 921 90 828 93 0 a g 0 1 20140722112158 00034
2 00000046 2013 07 11 0070 グランクレール・ケアサービス横浜 6271 訪問介護処遇改善加算Ⅰ 47 0 47 1 47 47 0.04 47 0 10.84 509 90 458 51 0 a g 0 1 20140722184317 00034
2 00000048 2013 07 11 0070 グランクレール・ケアサービス横浜 6271 訪問介護処遇改善加算Ⅰ 38 0 38 1 38 38 0.04 38 0 10.84 411 90 369 42 0 a g 0 1 20140723114408 00034
2 00000067 2013 07 11 0070 グランクレール・ケアサービス横浜 6271 訪問介護処遇改善加算Ⅰ 38 0 38 1 38 38 0.04 38 0 10.84 411 90 369 42 0 a g 0 1 20140724160215 00034
2 00000070 2013 07 11 0070 グランクレール・ケアサービス横浜 6271 訪問介護処遇改善加算Ⅰ 75 0 75 1 75 75 0.04 75 0 10.84 813 90 731 82 0 a g 0 1 20140724175027 00034
2 00000073 2013 07 11 0070 グランクレール・ケアサービス横浜 6271 訪問介護処遇改善加算Ⅰ 47 0 47 1 47 47 0.04 47 0 10.84 509 90 458 51 0 a g 0 1 20140725105555 00034
2 00000079 2013 07 11 0070 グランクレール・ケアサービス横浜 6271 訪問介護処遇改善加算Ⅰ 38 0 38 1 38 38 0.04 38 0 10.84 411 90 369 42 0 a g 0 1 20140725150451 00034
2 00000080 2013 07 11 0070 グランクレール・ケアサービス横浜 6271 訪問介護処遇改善加算Ⅰ 23 0 23 1 23 23 0.04 23 0 10.84 249 90 224 25 0 a g 0 1 20140725152628 00034
2 00000082 2013 07 11 0070 グランクレール・ケアサービス横浜 6271 訪問介護処遇改善加算Ⅰ 170 0 170 1 170 170 0.04 170 0 10.84 1842 90 1657 185 0 a g 0 1 20140725164026 00034
2 00000090 2013 07 11 0070 グランクレール・ケアサービス横浜 7311 生活援助３ 235 0 235 5 1175 0 1175 1175 0 10.84 12737 90 11463 1274 0 n n 0 1 20140725184137 00034
2 00000093 2013 07 11 0070 グランクレール・ケアサービス横浜 6271 訪問介護処遇改善加算Ⅰ 28 0 28 1 28 28 0.04 28 0 10.84 303 90 272 31 0 a g 0 1 20140728104839 00034
3 00000002 2013 07 11 0070 グランクレール・ケアサービス横浜 6271 訪問介護処遇改善加算Ⅰ 70 0 70 1 70 70 0.04 70 0 10.84 758 90 682 76 0 a g 0 1 20140717120150 00034
3 00000015 2013 07 11 0070 グランクレール・ケアサービス横浜 6271 訪問介護処遇改善加算Ⅰ 150 0 150 1 150 150 0.04 150 0 10.84 1626 90 1463 163 0 a g 0 1 20140717165201 00034
3 00000090 2013 07 11 0070 グランクレール・ケアサービス横浜 6271 訪問介護処遇改善加算Ⅰ 192 0 192 1 192 192 0.04 192 0 10.84 2081 90 1872 209 0 a g 0 1 20140725184137 00034
