000011802014081 00001180 2014 08 01 11 4111 1 14:00 14:59 0223 1 325 0 _ _ 1 20141003150955 39
000011802014081 00001180 2014 08 08 11 4111 1 14:00 14:59 0223 1 325 0 _ _ 1 20141003150955 39
000011802014081 00001180 2014 08 15 11 4111 1 14:00 14:59 0223 1 325 0 _ _ 1 20141003150955 39
000011802014081 00001180 2014 08 22 11 4111 1 14:00 14:59 0223 1 325 0 _ _ 1 20141003150955 39
000011802014081 00001180 2014 08 29 11 4111 1 14:00 14:59 0223 1 325 0 _ _ 1 20141003150955 39
000011802014082 00001180 2014 08 01 11 4001 1 14:00 15:00 0223 1 200 0 _ _ 1 20141003150955 39
000011802014091 00001180 2014 09 05 11 4111 1 14:30 15:29 0223 1 325 0 _ _ 1 20141001213433 39
000011802014091 00001180 2014 09 12 11 4111 1 14:30 15:29 0223 1 325 0 _ _ 1 20141001213433 39
000011802014091 00001180 2014 09 19 11 4111 1 14:30 15:29 0223 1 325 0 _ _ 1 20141001213433 39
000011802014092 00001180 2014 09 02 11 4111 1 14:45 15:44 0223 1 325 0 _ _ 1 20141001213433 39
000011802014092 00001180 2014 09 09 11 4111 1 14:45 15:44 0223 1 325 0 _ _ 1 20141001213433 39
000011802014092 00001180 2014 09 16 11 4111 1 14:45 15:44 0223 1 325 0 _ _ 1 20141001213433 39
000011802014092 00001180 2014 09 23 11 4111 1 14:45 15:44 0223 1 325 0 _ _ 1 20141001213433 39
000011802014092 00001180 2014 09 30 11 4111 1 14:45 15:44 0223 1 325 0 _ _ 1 20141001213433 39
000011802014093 00001180 2014 09 26 11 4111 1 14:15 15:14 0223 1 325 0 _ _ 1 20141001213433 39
000011802014101 00001180 2014 10 03 11 4111 1 14:15 15:14 0223 1 325 0 _ _ 1 20141103101759 39
000011802014101 00001180 2014 10 10 11 4111 1 14:15 15:14 0223 1 325 0 _ _ 1 20141103101759 39
000011802014101 00001180 2014 10 17 11 4111 1 14:15 15:14 0223 1 325 0 _ _ 1 20141103101759 39
000011802014101 00001180 2014 10 24 11 4111 1 14:15 15:14 0223 1 325 0 _ _ 1 20141103101759 39
000011802014101 00001180 2014 10 31 11 4111 1 14:15 15:14 0223 1 325 0 _ _ 1 20141103101759 39
000011802014102 00001180 2014 10 07 11 4111 1 14:45 15:44 0223 1 325 0 _ _ 1 20141103101759 39
000011802014102 00001180 2014 10 14 11 4111 1 14:45 15:44 0223 1 325 0 _ _ 1 20141103101759 39
000011802014102 00001180 2014 10 21 11 4111 1 14:45 15:44 0223 1 325 0 _ _ 1 20141103101759 39
000011802014102 00001180 2014 10 28 11 4111 1 14:45 15:44 0223 1 325 0 _ _ 1 20141103101759 39
000011802014111 00001180 2014 11 07 11 4211 1 14:00 15:30 0223 1 395 0 _ _ 1 20141202121937 39
000011802014111 00001180 2014 11 14 11 4211 1 14:00 15:30 0223 1 395 0 _ _ 1 20141202121937 39
000011802014111 00001180 2014 11 21 11 4211 1 14:00 15:30 0223 1 395 0 _ _ 1 20141202121937 39
000011802014111 00001180 2014 11 28 11 4211 1 14:00 15:30 0223 1 395 0 _ _ 1 20141202121937 39
000011802014112 00001180 2014 11 04 11 4211 1 14:45 16:15 0223 1 395 0 _ _ 1 20141202121937 39
000011802014112 00001180 2014 11 11 11 4211 1 14:45 16:15 0223 1 395 0 _ _ 1 20141202121937 39
000011802014112 00001180 2014 11 18 11 4211 1 14:45 16:15 0223 1 395 0 _ _ 1 20141202121937 39
000011802014112 00001180 2014 11 25 11 4211 1 14:45 16:15 0223 1 395 0 _ _ 1 20141202121937 39
