00000025 0070 2012 12 _ 1 20140731184004 00078
00000025 0070 2013 01 _ 1 20140718144804 00034
00000025 0070 2013 02 _ 1 20140718145153 00034
00000025 0070 2013 03 _ 1 20140718145508 00034
00000025 0070 2013 04 _ 1 20140718150544 00034
00000025 0070 2013 05 _ 1 20140718151034 00034
00000025 0070 2013 06 _ 1 20140718151403 00034
00000025 0070 2013 07 _ 1 20140718151954 00034
00000025 0070 2013 08 _ 1 20140718152257 00034
00000025 0070 2013 09 _ 1 20140625152546 00034
00000025 0070 2013 10 _ 1 20140625152851 00034
00000025 0070 2013 11 _ 1 20140625153118 00034
00000025 0070 2013 12 _ 1 20140625153422 00034
00000025 0070 2014 01 _ 1 20140619184826 00034
00000025 0070 2014 02 _ 1 20140619185105 00034
00000025 0070 2014 03 _ 1 20140619185739 00034
00000025 0070 2014 04 _ 1 20140619190021 00034
00000025 0070 2014 05 _ 1 20140815162037 00034
00000025 0070 2014 06 _ 1 20140701125641 00034
00000025 0070 2014 07 _ 1 20140731160849 00037
00000025 0070 2014 08 _ 1 20140829202810 00038
00000025 0070 2014 09 _ 1 20140929205836 00035
00000025 0070 2014 10 _ 1 20141030200006 00038
00000025 0070 2014 11 _ 1 20141127190253 00035
00000025 0070 2014 12 _ 1 20141205173925 00037
00000025 0073 2012 04 _ 1 20140731182653 00078
00000025 0073 2012 05 _ 1 20140731182857 00078
00000025 0073 2012 06 _ 1 20140731183015 00078
00000025 0073 2012 07 _ 1 20140731183122 00078
00000025 0073 2012 08 _ 1 20140731183245 00078
00000025 0073 2012 09 _ 1 20140731183351 00078
00000025 0073 2012 10 _ 1 20140731183516 00078
00000025 0073 2012 11 _ 1 20140731183621 00078
