00000107 0070 2014 06 0000002 05 00083 _ 14:00 14:45 1 _ 0 1211 1 11 1 20140701102738 00078
00000107 0070 2014 06 0000003 02 00016 00014 14:00 15:05 4 _ 0 5111 0 11 1 20140701102738 00078
00000107 0070 2014 06 0000004 09 00017 00011 14:00 15:05 4 _ 0 5111 1 11 1 20140701102738 00078
00000107 0070 2014 06 0000005 12 00082 _ 14:00 14:45 1 _ 0 1211 1 11 1 20140701102738 00078
00000107 0070 2014 06 0000006 16 00083 00019 14:00 15:05 4 _ 0 5111 1 11 1 20140701102738 00078
00000107 0070 2014 06 0000007 19 00092 _ 14:00 14:45 1 _ 0 1211 1 11 1 20140701102738 00078
00000107 0070 2014 06 0000008 23 00017 00082 14:00 15:05 4 _ 0 5111 1 11 1 20140701102738 00078
00000107 0070 2014 06 0000009 26 00092 _ 14:00 14:45 1 _ 0 1211 1 11 1 20140701102738 00078
00000107 0070 2014 06 0000010 30 00082 00083 14:00 15:05 4 _ 0 5111 1 11 1 20140701102738 00078
00000107 0070 2014 07 0000011 03 00017 _ 14:00 14:45 1 _ 0 1211 1 11 1 20140801115550 00034
00000107 0070 2014 07 0000012 07 00015 00019 14:00 15:05 4 _ 0 5111 1 11 1 20140801115550 00034
00000107 0070 2014 07 0000013 10 00093 _ 14:00 14:45 1 _ 0 1211 1 11 1 20140801115550 00034
00000107 0070 2014 07 0000014 14 00095 00093 13:15 14:20 4 _ 0 5111 1 11 1 20140801115550 00034
00000107 0070 2014 07 0000015 17 00019 _ 14:00 14:45 1 _ 0 1211 1 11 1 20140801115550 00034
00000107 0070 2014 07 0000016 21 00017 00092 14:00 15:05 4 _ 0 5111 1 11 1 20140801115550 00034
00000107 0070 2014 07 0000017 24 00095 _ 13:15 14:00 1 _ 0 1211 1 11 1 20140801115550 00034
00000107 0070 2014 07 0000018 28 00093 00096 14:00 15:05 4 _ 0 5111 1 11 1 20140801115550 00034
00000107 0070 2014 07 0000019 31 00017 _ 14:00 14:45 1 _ 0 1211 1 11 1 20140801115550 00034
00000107 0070 2014 08 0000020 04 00095 00019 14:00 15:05 4 _ 0 5111 1 11 1 20140819111018 00014
00000107 0070 2014 08 0000021 07 00092 _ 14:00 14:45 1 _ 0 1211 1 11 1 20140819111018 00014
00000107 0070 2014 08 0000022 11 _ _ _ _ 4 _ 0 _ 1 11 9 20140810155257 00014
00000107 0070 2014 08 0000023 14 _ _ _ _ 1 _ 0 _ 1 11 9 20140810155257 00014
00000107 0070 2014 08 0000024 18 _ _ _ _ 4 _ 0 _ 1 11 9 20140810155257 00014
00000107 0070 2014 08 0000025 21 _ _ _ _ 1 _ 0 _ 1 11 9 20140810155257 00014
00000107 0070 2014 08 0000026 25 _ _ _ _ 4 _ 0 _ 1 11 9 20140810155257 00014
00000107 0070 2014 08 0000027 28 _ _ _ _ 1 _ 0 _ 1 11 9 20140810155257 00014
00000107 0070 2014 08 0000028 11 00082 00095 14:00 15:05 4 _ 0 5111 1 11 1 20140819111018 00014
00000107 0070 2014 08 0000029 14 00095 _ 14:00 14:45 1 _ 0 1211 1 11 1 20140819111018 00014
00000107 0070 2014 08 0000030 18 00095 00096 14:00 15:05 4 _ 0 5111 1 11 1 20140819111018 00014
