00001253 2015 04 02 12:00 13:30 11 4311 0070 11.12 1 446 1 20150423164021 00241
00001253 2015 04 06 12:00 13:30 11 4311 0070 11.12 1 446 1 20150423164021 00241
00001253 2015 04 09 12:00 13:30 11 4311 0070 11.12 1 446 1 20150423164021 00241
00001253 2015 04 13 12:00 13:30 11 4311 0070 11.12 1 446 1 20150423164021 00241
00001253 2015 04 16 12:00 13:30 11 4311 0070 11.12 1 446 1 20150423164021 00241
00001253 2015 04 20 12:00 13:30 11 4311 0070 11.12 1 446 1 20150423164021 00241
00001253 2015 04 23 12:00 13:30 11 4311 0070 11.12 1 446 1 20150423164021 00241
00001253 2015 05 04 12:00 13:30 11 4311 0070 11.12 1 446 1 20150501183109 00241
00001253 2015 05 07 12:00 13:30 11 4311 0070 11.12 1 446 1 20150501183109 00241
00001253 2015 05 11 09:00 09:30 11 1211 0070 11.12 1 388 1 20150501183109 00241
00001253 2015 05 11 12:00 13:30 11 4311 0070 11.12 1 446 1 20150501183109 00241
00001253 2015 05 14 12:00 13:30 11 4311 0070 11.12 1 446 1 20150501183109 00241
00001253 2015 05 14 16:00 16:00 11 4848 0070 11.12 1 330 1 20150501183109 00241
00001253 2015 05 18 09:00 09:20 11 4848 0070 11.12 1 330 1 20150501183109 00241
00001253 2015 05 18 12:00 13:30 11 4311 0070 11.12 1 446 1 20150501183109 00241
00001253 2015 05 21 12:00 13:30 11 4311 0070 11.12 1 446 1 20150501183109 00241
00001253 2015 05 21 20:00 21:00 11 4112 0070 11.12 1 390 1 20150501183109 00241
