00000066 2013 02 00030 1 20140724140816 00030
00000066 2013 03 00030 1 20140724141113 00030
00000066 2013 04 00030 1 20140724141727 00030
00000066 2013 05 00030 1 20140724142307 00030
00000066 2013 06 00030 1 20140724142456 00030
00000066 2013 07 00030 1 20140724142658 00030
00000066 2013 08 00030 1 20140724143724 00030
00000066 2013 09 00013 1 20140626181209 00030
00000066 2013 10 00013 1 20140626181438 00030
00000066 2013 11 00013 1 20140626181653 00030
00000066 2013 12 00013 1 20140626181937 00030
00000066 2014 01 00013 1 20140612184728 00030
00000066 2014 02 00013 1 20140612184938 00030
00000066 2014 03 00013 1 20140612185310 00030
00000066 2014 04 00013 1 20140612185534 00030
00000066 2014 05 00013 1 20140812113139 00030
00000066 2014 06 00030 1 20140701185122 00030
00000066 2014 07 00030 1 20140801154358 00030
00000066 2014 08 00030 1 20140715212833 00030
00000066 2014 09 00030 1 20140817150752 00030
