00000051 2012 01 1 1 00033 1 20141103102425 00077
00000051 2012 02 1 1 00033 1 20141103102557 00077
00000051 2012 03 1 1 00033 1 20141103102642 00077
00000051 2012 04 1 1 00033 1 20140804184843 00030
00000051 2012 05 1 1 00033 1 20140804185304 00030
00000051 2012 06 1 1 00033 1 20140806113511 00030
00000051 2012 07 1 1 00033 1 20140806114322 00030
00000051 2012 08 1 1 00033 1 20140806114822 00030
00000051 2012 09 1 1 00033 1 20140806115308 00030
00000051 2012 10 1 1 00033 1 20140806115743 00030
00000051 2012 11 1 1 00033 1 20140806120213 00030
00000051 2012 12 1 1 00033 1 20140806120544 00030
00000051 2013 01 1 1 00033 1 20140723121613 00030
00000051 2013 02 1 1 00033 1 20140723122052 00030
00000051 2013 03 1 1 00033 1 20140723122509 00030
00000051 2013 04 1 1 00033 1 20140723122834 00030
00000051 2013 05 1 1 00033 1 20140723133431 00030
00000051 2013 06 1 1 00033 1 20140723133724 00030
00000051 2013 07 1 1 00033 1 20140723134117 00030
00000051 2013 08 1 1 00033 1 20140723134614 00030
00000051 2013 09 1 1 00033 1 20140626120222 00030
00000051 2013 10 1 1 00033 1 20140626120751 00030
00000051 2013 11 1 1 00033 1 20140626121324 00030
00000051 2013 12 1 1 00033 1 20140626122043 00030
00000051 2014 01 1 1 00033 1 20140618160149 00078
00000051 2014 02 1 1 00033 1 20140618160224 00078
00000051 2014 03 1 1 00033 1 20140618160300 00078
00000051 2014 04 1 1 00033 1 20140618160336 00078
00000051 2014 05 1 1 00033 1 20140815174157 00030
