00000146 2014 06 01 07:30 07:50 11 1112 0070 10.84 1 319 1 20140630141354 00077
00000146 2014 06 01 19:00 19:20 11 1112 0070 10.84 1 319 1 20140630141354 00077
00000146 2014 06 02 07:30 07:50 11 1112 0070 10.84 1 319 1 20140630141354 00077
00000146 2014 06 02 19:00 19:20 11 1112 0070 10.84 1 319 1 20140630141354 00077
00000146 2014 06 03 07:30 07:50 11 1112 0070 10.84 1 319 1 20140630141354 00077
00000146 2014 06 03 14:45 16:05 11 5111 0070 10.84 1 474 1 20140630141354 00077
00000146 2014 06 03 19:00 19:20 11 1112 0070 10.84 1 319 1 20140630141354 00077
00000146 2014 06 04 07:30 07:50 11 1112 0070 10.84 1 319 1 20140630141354 00077
00000146 2014 06 04 19:00 19:20 11 1112 0070 10.84 1 319 1 20140630141354 00077
00000146 2014 06 05 07:30 07:50 11 1112 0070 10.84 1 319 1 20140630141354 00077
00000146 2014 06 05 19:00 19:20 11 1112 0070 10.84 1 319 1 20140630141354 00077
00000146 2014 06 06 07:30 07:50 11 1112 0070 10.84 1 319 1 20140630141354 00077
00000146 2014 06 06 14:45 15:44 11 1211 0070 10.84 1 404 1 20140630141354 00077
00000146 2014 06 06 19:00 19:20 11 1112 0070 10.84 1 319 1 20140630141354 00077
00000146 2014 06 07 07:30 07:50 11 1112 0070 10.84 1 319 1 20140630141354 00077
00000146 2014 06 07 20:00 20:20 11 1112 0070 10.84 1 319 1 20140630141354 00077
00000146 2014 06 08 07:30 07:50 11 1112 0070 10.84 1 319 1 20140630141354 00077
00000146 2014 06 08 19:00 19:20 11 1112 0070 10.84 1 319 1 20140630141354 00077
00000146 2014 06 09 07:30 07:50 11 1112 0070 10.84 1 319 1 20140630141354 00077
00000146 2014 06 09 19:00 19:20 11 1112 0070 10.84 1 319 1 20140630141354 00077
00000146 2014 06 10 07:30 07:50 11 1112 0070 10.84 1 319 1 20140630141354 00077
00000146 2014 06 10 14:45 16:05 11 5111 0070 10.84 1 474 1 20140630141354 00077
00000146 2014 06 10 19:00 19:20 11 1112 0070 10.84 1 319 1 20140630141354 00077
00000146 2014 06 11 07:30 07:50 11 1112 0070 10.84 1 319 1 20140630141354 00077
00000146 2014 06 11 19:00 19:20 11 1112 0070 10.84 1 319 1 20140630141354 00077
00000146 2014 06 12 07:30 07:50 11 1112 0070 10.84 1 319 1 20140630141354 00077
00000146 2014 06 12 18:45 19:05 11 1112 0070 10.84 1 319 1 20140630141354 00077
00000146 2014 06 13 07:30 07:50 11 1112 0070 10.84 1 319 1 20140630141354 00077
00000146 2014 06 13 14:45 15:44 11 1211 0070 10.84 1 404 1 20140630141354 00077
00000146 2014 06 13 19:00 19:20 11 1112 0070 10.84 1 319 1 20140630141354 00077
00000146 2014 06 14 07:30 07:50 11 1112 0070 10.84 1 319 1 20140630141354 00077
00000146 2014 06 14 19:00 19:20 11 1112 0070 10.84 1 319 1 20140630141354 00077
00000146 2014 06 15 07:30 07:50 11 1112 0070 10.84 1 319 1 20140630141354 00077
00000146 2014 06 15 19:00 19:20 11 1112 0070 10.84 1 319 1 20140630141354 00077
00000146 2014 06 16 07:30 07:50 11 1112 0070 10.84 1 319 1 20140630141354 00077
00000146 2014 06 16 19:00 19:20 11 1112 0070 10.84 1 319 1 20140630141354 00077
00000146 2014 06 17 07:30 07:50 11 1112 0070 10.84 1 319 1 20140630141354 00077
00000146 2014 06 17 14:45 16:05 11 5111 0070 10.84 1 474 1 20140630141354 00077
00000146 2014 06 17 19:00 19:20 11 1112 0070 10.84 1 319 1 20140630141354 00077
00000146 2014 06 18 07:30 07:50 11 1112 0070 10.84 1 319 1 20140630141354 00077
00000146 2014 06 18 19:00 19:20 11 1112 0070 10.84 1 319 1 20140630141354 00077
00000146 2014 06 19 07:30 07:50 11 1112 0070 10.84 1 319 1 20140630141354 00077
00000146 2014 06 19 19:00 19:20 11 1112 0070 10.84 1 319 1 20140630141354 00077
00000146 2014 06 20 07:30 07:50 11 1112 0070 10.84 1 319 1 20140630141354 00077
00000146 2014 06 20 14:45 15:44 11 1211 0070 10.84 1 404 1 20140630141354 00077
00000146 2014 06 20 19:00 19:20 11 1112 0070 10.84 1 319 1 20140630141354 00077
00000146 2014 06 21 07:30 07:50 11 1112 0070 10.84 1 319 1 20140630141354 00077
00000146 2014 06 21 20:00 20:20 11 1112 0070 10.84 1 319 1 20140630141354 00077
00000146 2014 06 22 07:30 07:50 11 1112 0070 10.84 1 319 1 20140630141354 00077
00000146 2014 06 22 19:00 19:20 11 1112 0070 10.84 1 319 1 20140630141354 00077
00000146 2014 06 23 07:30 07:50 11 1112 0070 10.84 1 319 1 20140630141354 00077
00000146 2014 06 23 19:00 19:20 11 1112 0070 10.84 1 319 1 20140630141354 00077
00000146 2014 06 24 07:30 07:50 11 1112 0070 10.84 1 319 1 20140630141354 00077
00000146 2014 06 24 14:45 16:05 11 5111 0070 10.84 1 474 1 20140630141354 00077
00000146 2014 06 24 19:00 19:20 11 1112 0070 10.84 1 319 1 20140630141354 00077
00000146 2014 06 25 07:30 07:50 11 1112 0070 10.84 1 319 1 20140630141354 00077
00000146 2014 06 25 19:00 19:20 11 1112 0070 10.84 1 319 1 20140630141354 00077
00000146 2014 06 26 07:30 07:50 11 1112 0070 10.84 1 319 1 20140630141354 00077
00000146 2014 06 26 19:00 19:20 11 1112 0070 10.84 1 319 1 20140630141354 00077
00000146 2014 06 27 07:30 07:50 11 1112 0070 10.84 1 319 1 20140630141354 00077
00000146 2014 06 27 14:45 15:44 11 1211 0070 10.84 1 404 1 20140630141354 00077
00000146 2014 06 27 19:00 19:20 11 1112 0070 10.84 1 319 1 20140630141354 00077
00000146 2014 06 28 07:30 07:50 11 1112 0070 10.84 1 319 1 20140630141354 00077
00000146 2014 06 28 19:00 19:20 11 1112 0070 10.84 1 319 1 20140630141354 00077
00000146 2014 06 29 07:30 07:50 11 1112 0070 10.84 1 319 1 20140630141354 00077
00000146 2015 04 03 14:45 15:44 11 1211 0070 11.12 1 388 1 20150421153658 00241
00000146 2015 04 07 14:45 16:05 11 5111 0070 11.12 1 455 1 20150421153658 00241
00000146 2015 04 10 14:45 15:44 11 1211 0070 11.12 1 388 1 20150421153658 00241
00000146 2015 04 14 14:45 16:05 11 5111 0070 11.12 1 455 1 20150421153658 00241
00000146 2015 04 17 14:45 15:44 11 1211 0070 11.12 1 388 1 20150421153658 00241
00000146 2015 04 21 14:45 16:05 11 5111 0070 11.12 1 455 1 20150421153658 00241
00000146 2015 04 24 14:45 15:44 11 1211 0070 11.12 1 388 1 20150421153658 00241
00000146 2015 04 28 14:45 16:05 11 5111 0070 11.12 1 455 1 20150421153658 00241
