00000012 2011 07 22 08:00 08:29 11 1111 0070 10.84 1 254 1 20141017161317 00077
00000012 2011 07 26 08:00 08:29 11 1111 0070 10.84 1 254 1 20141017161317 00077
00000012 2011 07 29 08:30 08:59 11 1111 0070 10.84 1 254 1 20141017161317 00077
00000012 2011 08 02 08:00 08:29 11 1111 0070 10.84 1 254 1 20141017161535 00077
00000012 2011 08 05 08:30 08:59 11 1111 0070 10.84 1 254 1 20141017161535 00077
00000012 2011 08 09 08:30 08:59 11 1111 0070 10.84 1 254 1 20141017161535 00077
00000012 2011 08 16 08:30 08:59 11 1111 0070 10.84 1 254 1 20141017161535 00077
00000012 2011 08 19 08:30 08:59 11 1111 0070 10.84 1 254 1 20141017161535 00077
00000012 2011 08 23 08:30 08:59 11 1111 0070 10.84 1 254 1 20141017161535 00077
00000012 2011 08 26 08:30 08:59 11 1111 0070 10.84 1 254 1 20141017161535 00077
00000012 2011 08 30 08:30 08:59 11 1111 0070 10.84 1 254 1 20141017161535 00077
00000012 2011 09 02 08:30 08:59 11 1111 0070 10.84 1 254 1 20141017162554 00077
00000012 2011 09 06 08:30 08:59 11 1111 0070 10.84 1 254 1 20141017162554 00077
00000012 2011 09 09 08:30 08:59 11 1111 0070 10.84 1 254 1 20141017162554 00077
00000012 2011 09 13 08:30 08:59 11 1111 0070 10.84 1 254 1 20141017162554 00077
00000012 2011 09 16 08:30 08:59 11 1111 0070 10.84 1 254 1 20141017162554 00077
00000012 2011 09 27 08:30 08:59 11 1111 0070 10.84 1 254 1 20141017162554 00077
00000012 2011 09 30 08:30 08:59 11 1111 0070 10.84 1 254 1 20141017162554 00077
00000012 2011 10 01 09:30 09:59 11 1111 0070 10.84 1 254 1 20141017163540 00077
00000012 2011 10 04 08:00 08:29 11 1111 0070 10.84 1 254 1 20141017163244 00077
00000012 2011 10 04 08:30 08:59 11 1111 0070 10.84 1 254 1 20141017163540 00077
00000012 2011 10 07 08:00 08:29 11 1111 0070 10.84 1 254 1 20141017163244 00077
00000012 2011 10 07 08:30 08:59 11 1111 0070 10.84 1 254 1 20141017163540 00077
00000012 2011 10 11 08:00 08:29 11 1111 0070 10.84 1 254 1 20141017163244 00077
00000012 2011 10 11 08:30 08:59 11 1111 0070 10.84 1 254 1 20141017163540 00077
00000012 2011 10 14 08:00 08:29 11 1111 0070 10.84 1 254 1 20141017163244 00077
00000012 2011 10 14 08:30 08:59 11 1111 0070 10.84 1 254 1 20141017163540 00077
00000012 2011 10 18 08:00 08:29 11 1111 0070 10.84 1 254 1 20141017163244 00077
00000012 2011 10 18 08:30 08:59 11 1111 0070 10.84 1 254 1 20141017163540 00077
00000012 2011 10 21 08:00 08:29 11 1111 0070 10.84 1 254 1 20141017163244 00077
00000012 2011 10 21 08:30 08:59 11 1111 0070 10.84 1 254 1 20141017163540 00077
00000012 2011 10 25 08:00 08:29 11 1111 0070 10.84 1 254 1 20141017163244 00077
00000012 2011 10 25 08:30 08:59 11 1111 0070 10.84 1 254 1 20141017163540 00077
00000012 2011 10 28 08:00 08:29 11 1111 0070 10.84 1 254 1 20141017163244 00077
00000012 2011 10 28 08:30 08:59 11 1111 0070 10.84 1 254 1 20141017163540 00077
00000012 2011 11 01 08:30 08:59 11 1111 0070 10.84 1 254 1 20141017164443 00077
00000012 2011 11 04 08:30 08:59 11 1111 0070 10.84 1 254 1 20141017164443 00077
00000012 2011 11 08 08:30 08:59 11 1111 0070 10.84 1 254 1 20141017164443 00077
00000012 2011 11 11 08:30 08:59 11 1111 0070 10.84 1 254 1 20141017164443 00077
00000012 2011 11 15 08:30 08:59 11 1111 0070 10.84 1 254 1 20141017164443 00077
00000012 2011 11 18 08:30 08:59 11 1111 0070 10.84 1 254 1 20141017164443 00077
00000012 2011 11 22 08:30 08:59 11 1111 0070 10.84 1 254 1 20141017164443 00077
00000012 2011 11 25 08:30 08:59 11 1111 0070 10.84 1 254 1 20141017164443 00077
00000012 2011 11 29 08:30 08:59 11 1111 0070 10.84 1 254 1 20141017164443 00077
00000012 2011 12 02 08:30 08:59 11 1111 0070 10.84 1 254 1 20141017165613 00077
00000012 2011 12 03 09:00 09:29 11 1111 0070 10.84 1 254 1 20141017165613 00077
00000012 2011 12 06 08:30 08:59 11 1111 0070 10.84 1 254 1 20141017165613 00077
00000012 2011 12 09 08:30 08:59 11 1111 0070 10.84 1 254 1 20141017165613 00077
00000012 2011 12 13 08:30 08:59 11 1111 0070 10.84 1 254 1 20141017165613 00077
00000012 2011 12 16 08:30 08:59 11 1111 0070 10.84 1 254 1 20141017165613 00077
00000012 2011 12 20 08:30 08:59 11 1111 0070 10.84 1 254 1 20141017165613 00077
00000012 2011 12 27 08:15 08:44 11 1111 0070 10.84 1 254 1 20141017165613 00077
00000012 2012 01 06 08:30 08:59 11 1111 0070 10.84 1 254 1 20141015182400 00077
00000012 2012 01 10 08:30 08:59 11 1111 0070 10.84 1 254 1 20141015182400 00077
00000012 2012 01 13 08:30 08:59 11 1111 0070 10.84 1 254 1 20141015182400 00077
00000012 2012 01 17 08:30 08:59 11 1111 0070 10.84 1 254 1 20141015182400 00077
00000012 2012 01 20 08:30 08:59 11 1111 0070 10.84 1 254 1 20141015182400 00077
00000012 2012 01 24 08:30 08:59 11 1111 0070 10.84 1 254 1 20141015182400 00077
00000012 2012 01 27 08:30 08:59 11 1111 0070 10.84 1 254 1 20141015182400 00077
00000012 2012 01 28 09:00 09:29 11 1111 0070 10.84 1 254 1 20141015182400 00077
00000012 2012 01 31 08:30 08:59 11 1111 0070 10.84 1 254 1 20141015182400 00077
00000012 2012 02 03 08:30 08:59 11 1111 0070 10.84 1 254 1 20141015184051 00077
00000012 2012 02 07 08:30 08:59 11 1111 0070 10.84 1 254 1 20141015184051 00077
00000012 2012 02 10 08:30 08:59 11 1111 0070 10.84 1 254 1 20141015184051 00077
00000012 2012 02 14 08:30 08:59 11 1111 0070 10.84 1 254 1 20141015184051 00077
00000012 2012 02 17 08:10 08:39 11 1111 0070 10.84 1 254 1 20141015184051 00077
00000012 2012 02 21 08:30 08:59 11 1111 0070 10.84 1 254 1 20141015184051 00077
00000012 2012 02 24 08:30 08:59 11 1111 0070 10.84 1 254 1 20141015184051 00077
00000012 2012 02 28 08:30 08:59 11 1111 0070 10.84 1 254 1 20141015184051 00077
00000012 2012 03 02 08:30 08:59 11 1111 0070 10.84 1 254 1 20141015185908 00077
00000012 2012 03 06 08:30 08:59 11 1111 0070 10.84 1 254 1 20141015185908 00077
00000012 2012 03 09 08:30 08:59 11 1111 0070 10.84 1 254 1 20141015185908 00077
00000012 2012 03 13 08:30 08:59 11 1111 0070 10.84 1 254 1 20141015185908 00077
00000012 2012 03 16 08:30 08:59 11 1111 0070 10.84 1 254 1 20141015185908 00077
00000012 2012 03 23 08:30 08:59 11 1111 0070 10.84 1 254 1 20141015185908 00077
00000012 2012 03 24 09:30 09:59 11 1111 0070 10.84 1 254 1 20141015185908 00077
00000012 2012 03 27 08:30 08:59 11 1111 0070 10.84 1 254 1 20141015185908 00077
00000012 2012 03 30 08:30 08:59 11 1111 0070 10.84 1 254 1 20141015185908 00077
00000012 2012 04 03 08:30 08:59 11 1111 0070 10.84 1 254 1 20140730184900 00034
00000012 2012 04 06 08:30 08:59 11 1111 0070 10.84 1 254 1 20140730184900 00034
00000012 2012 04 10 08:30 08:59 11 1111 0070 10.84 1 254 1 20140730184900 00034
00000012 2012 04 13 08:30 08:59 11 1111 0070 10.84 1 254 1 20140730184900 00034
00000012 2012 04 17 08:30 08:59 11 1111 0070 10.84 1 254 1 20140730184900 00034
00000012 2012 04 24 08:30 08:59 11 1111 0070 10.84 1 254 1 20140730184900 00034
00000012 2012 04 27 08:30 08:59 11 1111 0070 10.84 1 254 1 20140730184900 00034
00000012 2012 05 01 08:30 08:59 11 1111 0070 10.84 1 254 1 20140731101620 00078
00000012 2012 05 08 08:30 08:59 11 1111 0070 10.84 1 254 1 20140731101620 00078
00000012 2012 05 11 08:30 08:59 11 1111 0070 10.84 1 254 1 20140731101620 00078
00000012 2012 05 15 08:30 08:59 11 1111 0070 10.84 1 254 1 20140731101620 00078
00000012 2012 05 18 08:30 08:59 11 1111 0070 10.84 1 254 1 20140731101620 00078
00000012 2012 05 19 09:20 09:49 11 1111 0070 10.84 1 254 1 20140731101620 00078
00000012 2012 05 22 08:30 08:59 11 1111 0070 10.84 1 254 1 20140731101620 00078
00000012 2012 05 23 08:40 09:09 11 1111 0070 10.84 1 254 1 20140731101620 00078
00000012 2012 05 25 08:30 08:59 11 1111 0070 10.84 1 254 1 20140731101620 00078
00000012 2012 05 29 08:30 08:59 11 1111 0070 10.84 1 254 1 20140731101620 00078
