1 16 1101 通所リハⅠ１１１ 60 120 1 1 1 3 270
2 16 1103 通所リハⅠ１１２ 60 120 1 1 1 4 300
3 16 1105 通所リハⅠ１１３ 60 120 1 1 1 5 330
4 16 1107 通所リハⅠ１１４ 60 120 1 1 1 6 360
5 16 1109 通所リハⅠ１１５ 60 120 1 1 1 7 390
6 16 1201 通所リハⅠ１２１ 120 180 1 1 1 3 284
7 16 1202 通所リハⅠ１２２ 120 180 1 1 1 4 340
8 16 1203 通所リハⅠ１２３ 120 180 1 1 1 5 397
9 16 1204 通所リハⅠ１２４ 120 180 1 1 1 6 453
10 16 1205 通所リハⅠ１２５ 120 180 1 1 1 7 509
11 16 1151 通所リハⅠ１３１ 180 240 1 1 1 3 386
12 16 1152 通所リハⅠ１３２ 180 240 1 1 1 4 463
13 16 1153 通所リハⅠ１３３ 180 240 1 1 1 5 540
14 16 1154 通所リハⅠ１３４ 180 240 1 1 1 6 617
15 16 1155 通所リハⅠ１３５ 180 240 1 1 1 7 694
16 16 1161 通所リハⅠ１４１ 240 360 1 1 1 3 502
17 16 1162 通所リハⅠ１４２ 240 360 1 1 1 4 610
18 16 1163 通所リハⅠ１４３ 240 360 1 1 1 5 717
19 16 1164 通所リハⅠ１４４ 240 360 1 1 1 6 824
20 16 1165 通所リハⅠ１４５ 240 360 1 1 1 7 931
21 16 1171 通所リハⅠ１５１ 360 480 1 1 1 3 671
22 16 1172 通所リハⅠ１５２ 360 480 1 1 1 4 821
23 16 1173 通所リハⅠ１５３ 360 480 1 1 1 5 970
24 16 1174 通所リハⅠ１５４ 360 480 1 1 1 6 1121
25 16 1175 通所リハⅠ１５５ 360 480 1 1 1 7 1271
26 16 1181 通所リハⅠ１５１・延１ 480 540 1 1 1 3 721
27 16 1182 通所リハⅠ１５２・延１ 480 540 1 1 1 4 871
28 16 1183 通所リハⅠ１５３・延１ 480 540 1 1 1 5 1020
29 16 1184 通所リハⅠ１５４・延１ 480 540 1 1 1 6 1171
30 16 1185 通所リハⅠ１５５・延１ 480 540 1 1 1 7 1321
31 16 1191 通所リハⅠ１５１・延２ 540 600 1 1 1 3 771
32 16 1192 通所リハⅠ１５２・延２ 540 600 1 1 1 4 921
33 16 1193 通所リハⅠ１５３・延２ 540 600 1 1 1 5 1070
34 16 1194 通所リハⅠ１５４・延２ 540 600 1 1 1 6 1221
35 16 1195 通所リハⅠ１５５・延２ 540 600 1 1 1 7 1371
36 16 3701 通所リハⅠ２１１ 60 120 1 1 2 3 270
37 16 3703 通所リハⅠ２１２ 60 120 1 1 2 4 300
38 16 3705 通所リハⅠ２１３ 60 120 1 1 2 5 330
39 16 3707 通所リハⅠ２１４ 60 120 1 1 2 6 360
40 16 3709 通所リハⅠ２１５ 60 120 1 1 2 7 390
41 16 3711 通所リハⅠ２２１ 120 180 1 1 2 3 284
42 16 3712 通所リハⅠ２２２ 120 180 1 1 2 4 340
43 16 3713 通所リハⅠ２２３ 120 180 1 1 2 5 397
44 16 3714 通所リハⅠ２２４ 120 180 1 1 2 6 453
45 16 3715 通所リハⅠ２２５ 120 180 1 1 2 7 509
46 16 3716 通所リハⅠ２３１ 180 240 1 1 2 3 386
47 16 3717 通所リハⅠ２３２ 180 240 1 1 2 4 463
48 16 3718 通所リハⅠ２３３ 180 240 1 1 2 5 540
49 16 3719 通所リハⅠ２３４ 180 240 1 1 2 6 617
50 16 3720 通所リハⅠ２３５ 180 240 1 1 2 7 694
51 16 3721 通所リハⅠ２４１ 240 360 1 1 2 3 502
52 16 3722 通所リハⅠ２４２ 240 360 1 1 2 4 610
53 16 3723 通所リハⅠ２４３ 240 360 1 1 2 5 717
54 16 3724 通所リハⅠ２４４ 240 360 1 1 2 6 824
55 16 3725 通所リハⅠ２４５ 240 360 1 1 2 7 931
56 16 3726 通所リハⅠ２５１ 360 480 1 1 2 3 671
57 16 3727 通所リハⅠ２５２ 360 480 1 1 2 4 821
58 16 3728 通所リハⅠ２５３ 360 480 1 1 2 5 970
59 16 3729 通所リハⅠ２５４ 360 480 1 1 2 6 1121
60 16 3730 通所リハⅠ２５５ 360 480 1 1 2 7 1271
61 16 3731 通所リハⅠ２５１・延１ 480 540 1 1 2 3 721
62 16 3732 通所リハⅠ２５２・延１ 480 540 1 1 2 4 871
63 16 3733 通所リハⅠ２５３・延１ 480 540 1 1 2 5 1020
64 16 3734 通所リハⅠ２５４・延１ 480 540 1 1 2 6 1171
65 16 3735 通所リハⅠ２５５・延１ 480 540 1 1 2 7 1321
66 16 3736 通所リハⅠ２５１・延２ 540 600 1 1 2 3 771
67 16 3737 通所リハⅠ２５２・延２ 540 600 1 1 2 4 921
68 16 3738 通所リハⅠ２５３・延２ 540 600 1 1 2 5 1070
69 16 3739 通所リハⅠ２５４・延２ 540 600 1 1 2 6 1221
70 16 3740 通所リハⅠ２５５・延２ 540 600 1 1 2 7 1371
71 16 2101 通所リハⅡ１１１ 60 120 1 2 1 3 265
72 16 2103 通所リハⅡ１１２ 60 120 1 2 1 4 295
73 16 2105 通所リハⅡ１１３ 60 120 1 2 1 5 324
74 16 2107 通所リハⅡ１１４ 60 120 1 2 1 6 354
75 16 2109 通所リハⅡ１１５ 60 120 1 2 1 7 383
76 16 2201 通所リハⅡ１２１ 120 180 1 2 1 3 278
77 16 2202 通所リハⅡ１２２ 120 180 1 2 1 4 334
78 16 2203 通所リハⅡ１２３ 120 180 1 2 1 5 390
79 16 2204 通所リハⅡ１２４ 120 180 1 2 1 6 445
80 16 2205 通所リハⅡ１２５ 120 180 1 2 1 7 501
81 16 2151 通所リハⅡ１３１ 180 240 1 2 1 3 379
82 16 2152 通所リハⅡ１３２ 180 240 1 2 1 4 455
83 16 2153 通所リハⅡ１３３ 180 240 1 2 1 5 531
84 16 2154 通所リハⅡ１３４ 180 240 1 2 1 6 606
85 16 2155 通所リハⅡ１３５ 180 240 1 2 1 7 682
86 16 2161 通所リハⅡ１４１ 240 360 1 2 1 3 494
87 16 2162 通所リハⅡ１４２ 240 360 1 2 1 4 599
88 16 2163 通所リハⅡ１４３ 240 360 1 2 1 5 704
89 16 2164 通所リハⅡ１４４ 240 360 1 2 1 6 810
90 16 2165 通所リハⅡ１４５ 240 360 1 2 1 7 916
91 16 2171 通所リハⅡ１５１ 360 480 1 2 1 3 659
92 16 2172 通所リハⅡ１５２ 360 480 1 2 1 4 807
93 16 2173 通所リハⅡ１５３ 360 480 1 2 1 5 954
94 16 2174 通所リハⅡ１５４ 360 480 1 2 1 6 1101
95 16 2175 通所リハⅡ１５５ 360 480 1 2 1 7 1249
96 16 2181 通所リハⅡ１５１・延１ 480 540 1 2 1 3 709
97 16 2182 通所リハⅡ１５２・延１ 480 540 1 2 1 4 857
98 16 2183 通所リハⅡ１５３・延１ 480 540 1 2 1 5 1004
99 16 2184 通所リハⅡ１５４・延１ 480 540 1 2 1 6 1151
100 16 2185 通所リハⅡ１５５・延１ 480 540 1 2 1 7 1299
101 16 2191 通所リハⅡ１５１・延２ 540 600 1 2 1 3 759
102 16 2192 通所リハⅡ１５２・延２ 540 600 1 2 1 4 907
103 16 2193 通所リハⅡ１５３・延２ 540 600 1 2 1 5 1054
104 16 2194 通所リハⅡ１５４・延２ 540 600 1 2 1 6 1201
105 16 2195 通所リハⅡ１５５・延２ 540 600 1 2 1 7 1349
106 16 3741 通所リハⅡ２１１ 60 120 1 2 2 3 265
107 16 3743 通所リハⅡ２１２ 60 120 1 2 2 4 295
108 16 3745 通所リハⅡ２１３ 60 120 1 2 2 5 324
109 16 3747 通所リハⅡ２１４ 60 120 1 2 2 6 354
110 16 3749 通所リハⅡ２１５ 60 120 1 2 2 7 383
111 16 3751 通所リハⅡ２２１ 120 180 1 2 2 3 278
112 16 3752 通所リハⅡ２２２ 120 180 1 2 2 4 334
113 16 3753 通所リハⅡ２２３ 120 180 1 2 2 5 390
114 16 3754 通所リハⅡ２２４ 120 180 1 2 2 6 445
115 16 3755 通所リハⅡ２２５ 120 180 1 2 2 7 501
116 16 3756 通所リハⅡ２３１ 180 240 1 2 2 3 379
117 16 3757 通所リハⅡ２３２ 180 240 1 2 2 4 455
118 16 3758 通所リハⅡ２３３ 180 240 1 2 2 5 531
119 16 3759 通所リハⅡ２３４ 180 240 1 2 2 6 606
120 16 3760 通所リハⅡ２３５ 180 240 1 2 2 7 682
121 16 3761 通所リハⅡ２４１ 240 360 1 2 2 3 494
122 16 3762 通所リハⅡ２４２ 240 360 1 2 2 4 599
123 16 3763 通所リハⅡ２４３ 240 360 1 2 2 5 704
124 16 3764 通所リハⅡ２４４ 240 360 1 2 2 6 810
125 16 3765 通所リハⅡ２４５ 240 360 1 2 2 7 916
126 16 3766 通所リハⅡ２５１ 360 480 1 2 2 3 659
127 16 3767 通所リハⅡ２５２ 360 480 1 2 2 4 807
128 16 3768 通所リハⅡ２５３ 360 480 1 2 2 5 954
129 16 3769 通所リハⅡ２５４ 360 480 1 2 2 6 1101
130 16 3770 通所リハⅡ２５５ 360 480 1 2 2 7 1249
131 16 3771 通所リハⅡ２５１・延１ 480 540 1 2 2 3 709
132 16 3772 通所リハⅡ２５２・延１ 480 540 1 2 2 4 857
133 16 3773 通所リハⅡ２５３・延１ 480 540 1 2 2 5 1004
134 16 3774 通所リハⅡ２５４・延１ 480 540 1 2 2 6 1151
135 16 3775 通所リハⅡ２５５・延１ 480 540 1 2 2 7 1299
136 16 3776 通所リハⅡ２５１・延２ 540 600 1 2 2 3 759
137 16 3777 通所リハⅡ２５２・延２ 540 600 1 2 2 4 907
138 16 3778 通所リハⅡ２５３・延２ 540 600 1 2 2 5 1054
139 16 3779 通所リハⅡ２５４・延２ 540 600 1 2 2 6 1201
140 16 3780 通所リハⅡ２５５・延２ 540 600 1 2 2 7 1349
141 16 3101 通所リハⅢ１１１ 60 120 1 3 1 3 258
142 16 3103 通所リハⅢ１１２ 60 120 1 3 1 4 287
143 16 3105 通所リハⅢ１１３ 60 120 1 3 1 5 315
144 16 3107 通所リハⅢ１１４ 60 120 1 3 1 6 344
145 16 3109 通所リハⅢ１１５ 60 120 1 3 1 7 373
146 16 3201 通所リハⅢ１２１ 120 180 1 3 1 3 271
147 16 3202 通所リハⅢ１２２ 120 180 1 3 1 4 326
148 16 3203 通所リハⅢ１２３ 120 180 1 3 1 5 379
149 16 3204 通所リハⅢ１２４ 120 180 1 3 1 6 434
150 16 3205 通所リハⅢ１２５ 120 180 1 3 1 7 487
151 16 3151 通所リハⅢ１３１ 180 240 1 3 1 3 369
152 16 3152 通所リハⅢ１３２ 180 240 1 3 1 4 443
153 16 3153 通所リハⅢ１３３ 180 240 1 3 1 5 516
154 16 3154 通所リハⅢ１３４ 180 240 1 3 1 6 590
155 16 3155 通所リハⅢ１３５ 180 240 1 3 1 7 664
156 16 3161 通所リハⅢ１４１ 240 360 1 3 1 3 480
157 16 3162 通所リハⅢ１４２ 240 360 1 3 1 4 583
158 16 3163 通所リハⅢ１４３ 240 360 1 3 1 5 686
159 16 3164 通所リハⅢ１４４ 240 360 1 3 1 6 788
160 16 3165 通所リハⅢ１４５ 240 360 1 3 1 7 891
161 16 3171 通所リハⅢ１５１ 360 480 1 3 1 3 642
162 16 3172 通所リハⅢ１５２ 360 480 1 3 1 4 785
163 16 3173 通所リハⅢ１５３ 360 480 1 3 1 5 929
164 16 3174 通所リハⅢ１５４ 360 480 1 3 1 6 1072
165 16 3175 通所リハⅢ１５５ 360 480 1 3 1 7 1216
166 16 3181 通所リハⅢ１５１・延１ 480 540 1 3 1 3 692
167 16 3182 通所リハⅢ１５２・延１ 480 540 1 3 1 4 835
168 16 3183 通所リハⅢ１５３・延１ 480 540 1 3 1 5 979
169 16 3184 通所リハⅢ１５４・延１ 480 540 1 3 1 6 1122
170 16 3185 通所リハⅢ１５５・延１ 480 540 1 3 1 7 1266
171 16 3191 通所リハⅢ１５１・延２ 540 600 1 3 1 3 742
172 16 3192 通所リハⅢ１５２・延２ 540 600 1 3 1 4 885
173 16 3193 通所リハⅢ１５３・延２ 540 600 1 3 1 5 1029
174 16 3194 通所リハⅢ１５４・延２ 540 600 1 3 1 6 1172
175 16 3195 通所リハⅢ１５５・延２ 540 600 1 3 1 7 1316
176 16 3781 通所リハⅢ２１１ 60 120 1 3 2 3 258
177 16 3783 通所リハⅢ２１２ 60 120 1 3 2 4 287
178 16 3785 通所リハⅢ２１３ 60 120 1 3 2 5 315
179 16 3787 通所リハⅢ２１４ 60 120 1 3 2 6 344
180 16 3789 通所リハⅢ２１５ 60 120 1 3 2 7 373
181 16 3791 通所リハⅢ２２１ 120 180 1 3 2 3 271
182 16 3792 通所リハⅢ２２２ 120 180 1 3 2 4 326
183 16 3793 通所リハⅢ２２３ 120 180 1 3 2 5 379
184 16 3794 通所リハⅢ２２４ 120 180 1 3 2 6 434
185 16 3795 通所リハⅢ２２５ 120 180 1 3 2 7 487
186 16 3796 通所リハⅢ２３１ 180 240 1 3 2 3 369
187 16 3797 通所リハⅢ２３２ 180 240 1 3 2 4 443
188 16 3798 通所リハⅢ２３３ 180 240 1 3 2 5 516
189 16 3799 通所リハⅢ２３４ 180 240 1 3 2 6 590
190 16 3800 通所リハⅢ２３５ 180 240 1 3 2 7 664
191 16 3801 通所リハⅢ２４１ 240 360 1 3 2 3 480
192 16 3802 通所リハⅢ２４２ 240 360 1 3 2 4 583
193 16 3803 通所リハⅢ２４３ 240 360 1 3 2 5 686
194 16 3804 通所リハⅢ２４４ 240 360 1 3 2 6 788
195 16 3805 通所リハⅢ２４５ 240 360 1 3 2 7 891
196 16 3806 通所リハⅢ２５１ 360 480 1 3 2 3 642
197 16 3807 通所リハⅢ２５２ 360 480 1 3 2 4 785
198 16 3808 通所リハⅢ２５３ 360 480 1 3 2 5 929
199 16 3809 通所リハⅢ２５４ 360 480 1 3 2 6 1072
200 16 3810 通所リハⅢ２５５ 360 480 1 3 2 7 1216
201 16 3811 通所リハⅢ２５１・延１ 480 540 1 3 2 3 692
202 16 3812 通所リハⅢ２５２・延１ 480 540 1 3 2 4 835
203 16 3813 通所リハⅢ２５３・延１ 480 540 1 3 2 5 979
204 16 3814 通所リハⅢ２５４・延１ 480 540 1 3 2 6 1122
205 16 3815 通所リハⅢ２５５・延１ 480 540 1 3 2 7 1266
206 16 3816 通所リハⅢ２５１・延２ 540 600 1 3 2 3 742
207 16 3817 通所リハⅢ２５２・延２ 540 600 1 3 2 4 885
208 16 3818 通所リハⅢ２５３・延２ 540 600 1 3 2 5 1029
209 16 3819 通所リハⅢ２５４・延２ 540 600 1 3 2 6 1172
210 16 3820 通所リハⅢ２５５・延２ 540 600 1 3 2 7 1316
211 16 9161 通所リハⅠ１１１・人欠 60 120 2 1 1 3 189
212 16 9163 通所リハⅠ１１２・人欠 60 120 2 1 1 4 210
213 16 9165 通所リハⅠ１１３・人欠 60 120 2 1 1 5 231
214 16 9167 通所リハⅠ１１４・人欠 60 120 2 1 1 6 252
215 16 9169 通所リハⅠ１１５・人欠 60 120 2 1 1 7 273
216 16 9181 通所リハⅠ１２１・人欠 120 180 2 1 1 3 199
217 16 9182 通所リハⅠ１２２・人欠 120 180 2 1 1 4 238
218 16 9183 通所リハⅠ１２３・人欠 120 180 2 1 1 5 278
219 16 9184 通所リハⅠ１２４・人欠 120 180 2 1 1 6 317
220 16 9185 通所リハⅠ１２５・人欠 120 180 2 1 1 7 356
221 16 9411 通所リハⅠ１３１・人欠 180 240 2 1 1 3 270
222 16 9412 通所リハⅠ１３２・人欠 180 240 2 1 1 4 324
223 16 9413 通所リハⅠ１３３・人欠 180 240 2 1 1 5 378
224 16 9414 通所リハⅠ１３４・人欠 180 240 2 1 1 6 432
225 16 9415 通所リハⅠ１３５・人欠 180 240 2 1 1 7 486
226 16 9421 通所リハⅠ１４１・人欠 240 360 2 1 1 3 351
227 16 9422 通所リハⅠ１４２・人欠 240 360 2 1 1 4 427
228 16 9423 通所リハⅠ１４３・人欠 240 360 2 1 1 5 502
229 16 9424 通所リハⅠ１４４・人欠 240 360 2 1 1 6 577
230 16 9425 通所リハⅠ１４５・人欠 240 360 2 1 1 7 652
231 16 9431 通所リハⅠ１５１・人欠 360 480 2 1 1 3 470
232 16 9432 通所リハⅠ１５２・人欠 360 480 2 1 1 4 575
233 16 9433 通所リハⅠ１５３・人欠 360 480 2 1 1 5 679
234 16 9434 通所リハⅠ１５４・人欠 360 480 2 1 1 6 785
235 16 9435 通所リハⅠ１５５・人欠 360 480 2 1 1 7 890
236 16 9441 通所リハⅠ１５１・人欠・延１ 480 540 2 1 1 3 520
237 16 9442 通所リハⅠ１５２・人欠・延１ 480 540 2 1 1 4 625
238 16 9443 通所リハⅠ１５３・人欠・延１ 480 540 2 1 1 5 729
239 16 9444 通所リハⅠ１５４・人欠・延１ 480 540 2 1 1 6 835
240 16 9445 通所リハⅠ１５５・人欠・延１ 480 540 2 1 1 7 940
241 16 9451 通所リハⅠ１５１・人欠・延２ 540 600 2 1 1 3 570
242 16 9452 通所リハⅠ１５２・人欠・延２ 540 600 2 1 1 4 675
243 16 9453 通所リハⅠ１５３・人欠・延２ 540 600 2 1 1 5 779
244 16 9454 通所リハⅠ１５４・人欠・延２ 540 600 2 1 1 6 885
245 16 9455 通所リハⅠ１５５・人欠・延２ 540 600 2 1 1 7 990
246 16 9356 通所リハⅠ２１１・人欠 60 120 2 1 2 3 189
247 16 9358 通所リハⅠ２１２・人欠 60 120 2 1 2 4 210
248 16 9360 通所リハⅠ２１３・人欠 60 120 2 1 2 5 231
249 16 9362 通所リハⅠ２１４・人欠 60 120 2 1 2 6 252
250 16 9364 通所リハⅠ２１５・人欠 60 120 2 1 2 7 273
251 16 9366 通所リハⅠ２２１・人欠 120 180 2 1 2 3 199
252 16 9367 通所リハⅠ２２２・人欠 120 180 2 1 2 4 238
253 16 9368 通所リハⅠ２２３・人欠 120 180 2 1 2 5 278
254 16 9369 通所リハⅠ２２４・人欠 120 180 2 1 2 6 317
255 16 9370 通所リハⅠ２２５・人欠 120 180 2 1 2 7 356
256 16 9371 通所リハⅠ２３１・人欠 180 240 2 1 2 3 270
257 16 9372 通所リハⅠ２３２・人欠 180 240 2 1 2 4 324
258 16 9373 通所リハⅠ２３３・人欠 180 240 2 1 2 5 378
259 16 9374 通所リハⅠ２３４・人欠 180 240 2 1 2 6 432
260 16 9375 通所リハⅠ２３５・人欠 180 240 2 1 2 7 486
261 16 9376 通所リハⅠ２４１・人欠 240 360 2 1 2 3 351
262 16 9377 通所リハⅠ２４２・人欠 240 360 2 1 2 4 427
263 16 9378 通所リハⅠ２４３・人欠 240 360 2 1 2 5 502
264 16 9379 通所リハⅠ２４４・人欠 240 360 2 1 2 6 577
265 16 9380 通所リハⅠ２４５・人欠 240 360 2 1 2 7 652
266 16 9381 通所リハⅠ２５１・人欠 360 480 2 1 2 3 470
267 16 9382 通所リハⅠ２５２・人欠 360 480 2 1 2 4 575
268 16 9383 通所リハⅠ２５３・人欠 360 480 2 1 2 5 679
269 16 9384 通所リハⅠ２５４・人欠 360 480 2 1 2 6 785
270 16 9385 通所リハⅠ２５５・人欠 360 480 2 1 2 7 890
271 16 9386 通所リハⅠ２５１・人欠・延１ 480 540 2 1 2 3 520
272 16 9387 通所リハⅠ２５２・人欠・延１ 480 540 2 1 2 4 625
273 16 9388 通所リハⅠ２５３・人欠・延１ 480 540 2 1 2 5 729
274 16 9389 通所リハⅠ２５４・人欠・延１ 480 540 2 1 2 6 835
275 16 9390 通所リハⅠ２５５・人欠・延１ 480 540 2 1 2 7 940
276 16 9391 通所リハⅠ２５１・人欠・延２ 540 600 2 1 2 3 570
277 16 9392 通所リハⅠ２５２・人欠・延２ 540 600 2 1 2 4 675
278 16 9393 通所リハⅠ２５３・人欠・延２ 540 600 2 1 2 5 779
279 16 9394 通所リハⅠ２５４・人欠・延２ 540 600 2 1 2 6 885
280 16 9395 通所リハⅠ２５５・人欠・延２ 540 600 2 1 2 7 990
281 16 9171 通所リハⅡ１１１・人欠 60 120 2 2 1 3 186
282 16 9173 通所リハⅡ１１２・人欠 60 120 2 2 1 4 207
283 16 9175 通所リハⅡ１１３・人欠 60 120 2 2 1 5 227
284 16 9177 通所リハⅡ１１４・人欠 60 120 2 2 1 6 248
285 16 9179 通所リハⅡ１１５・人欠 60 120 2 2 1 7 268
286 16 9186 通所リハⅡ１２１・人欠 120 180 2 2 1 3 195
287 16 9187 通所リハⅡ１２２・人欠 120 180 2 2 1 4 234
288 16 9188 通所リハⅡ１２３・人欠 120 180 2 2 1 5 273
289 16 9189 通所リハⅡ１２４・人欠 120 180 2 2 1 6 312
290 16 9190 通所リハⅡ１２５・人欠 120 180 2 2 1 7 351
291 16 9611 通所リハⅡ１３１・人欠 180 240 2 2 1 3 265
292 16 9612 通所リハⅡ１３２・人欠 180 240 2 2 1 4 319
293 16 9613 通所リハⅡ１３３・人欠 180 240 2 2 1 5 372
294 16 9614 通所リハⅡ１３４・人欠 180 240 2 2 1 6 424
295 16 9615 通所リハⅡ１３５・人欠 180 240 2 2 1 7 477
296 16 9621 通所リハⅡ１４１・人欠 240 360 2 2 1 3 346
297 16 9622 通所リハⅡ１４２・人欠 240 360 2 2 1 4 419
298 16 9623 通所リハⅡ１４３・人欠 240 360 2 2 1 5 493
299 16 9624 通所リハⅡ１４４・人欠 240 360 2 2 1 6 567
300 16 9625 通所リハⅡ１４５・人欠 240 360 2 2 1 7 641
301 16 9631 通所リハⅡ１５１・人欠 360 480 2 2 1 3 461
302 16 9632 通所リハⅡ１５２・人欠 360 480 2 2 1 4 565
303 16 9633 通所リハⅡ１５３・人欠 360 480 2 2 1 5 668
304 16 9634 通所リハⅡ１５４・人欠 360 480 2 2 1 6 771
305 16 9635 通所リハⅡ１５５・人欠 360 480 2 2 1 7 874
306 16 9641 通所リハⅡ１５１・人欠・延１ 480 540 2 2 1 3 511
307 16 9642 通所リハⅡ１５２・人欠・延１ 480 540 2 2 1 4 615
308 16 9643 通所リハⅡ１５３・人欠・延１ 480 540 2 2 1 5 718
309 16 9644 通所リハⅡ１５４・人欠・延１ 480 540 2 2 1 6 821
310 16 9645 通所リハⅡ１５５・人欠・延１ 480 540 2 2 1 7 924
311 16 9651 通所リハⅡ１５１・人欠・延２ 540 600 2 2 1 3 561
312 16 9652 通所リハⅡ１５２・人欠・延２ 540 600 2 2 1 4 665
313 16 9653 通所リハⅡ１５３・人欠・延２ 540 600 2 2 1 5 768
314 16 9654 通所リハⅡ１５４・人欠・延２ 540 600 2 2 1 6 871
315 16 9655 通所リハⅡ１５５・人欠・延２ 540 600 2 2 1 7 974
316 16 9456 通所リハⅡ２１１・人欠 60 120 2 2 2 3 186
317 16 9458 通所リハⅡ２１２・人欠 60 120 2 2 2 4 207
318 16 9460 通所リハⅡ２１３・人欠 60 120 2 2 2 5 227
319 16 9462 通所リハⅡ２１４・人欠 60 120 2 2 2 6 248
320 16 9464 通所リハⅡ２１５・人欠 60 120 2 2 2 7 268
321 16 9466 通所リハⅡ２２１・人欠 120 180 2 2 2 3 195
322 16 9467 通所リハⅡ２２２・人欠 120 180 2 2 2 4 234
323 16 9468 通所リハⅡ２２３・人欠 120 180 2 2 2 5 273
324 16 9469 通所リハⅡ２２４・人欠 120 180 2 2 2 6 312
325 16 9470 通所リハⅡ２２５・人欠 120 180 2 2 2 7 351
326 16 9471 通所リハⅡ２３１・人欠 180 240 2 2 2 3 265
327 16 9472 通所リハⅡ２３２・人欠 180 240 2 2 2 4 319
328 16 9473 通所リハⅡ２３３・人欠 180 240 2 2 2 5 372
329 16 9474 通所リハⅡ２３４・人欠 180 240 2 2 2 6 424
330 16 9475 通所リハⅡ２３５・人欠 180 240 2 2 2 7 477
331 16 9476 通所リハⅡ２４１・人欠 240 360 2 2 2 3 346
332 16 9477 通所リハⅡ２４２・人欠 240 360 2 2 2 4 419
333 16 9478 通所リハⅡ２４３・人欠 240 360 2 2 2 5 493
334 16 9479 通所リハⅡ２４４・人欠 240 360 2 2 2 6 567
335 16 9480 通所リハⅡ２４５・人欠 240 360 2 2 2 7 641
336 16 9481 通所リハⅡ２５１・人欠 360 480 2 2 2 3 461
337 16 9482 通所リハⅡ２５２・人欠 360 480 2 2 2 4 565
338 16 9483 通所リハⅡ２５３・人欠 360 480 2 2 2 5 668
339 16 9484 通所リハⅡ２５４・人欠 360 480 2 2 2 6 771
340 16 9485 通所リハⅡ２５５・人欠 360 480 2 2 2 7 874
341 16 9486 通所リハⅡ２５１・人欠・延１ 480 540 2 2 2 3 511
342 16 9487 通所リハⅡ２５２・人欠・延１ 480 540 2 2 2 4 615
343 16 9488 通所リハⅡ２５３・人欠・延１ 480 540 2 2 2 5 718
344 16 9489 通所リハⅡ２５４・人欠・延１ 480 540 2 2 2 6 821
345 16 9490 通所リハⅡ２５５・人欠・延１ 480 540 2 2 2 7 924
346 16 9491 通所リハⅡ２５１・人欠・延２ 540 600 2 2 2 3 561
347 16 9492 通所リハⅡ２５２・人欠・延２ 540 600 2 2 2 4 665
348 16 9493 通所リハⅡ２５３・人欠・延２ 540 600 2 2 2 5 768
349 16 9494 通所リハⅡ２５４・人欠・延２ 540 600 2 2 2 6 871
350 16 9495 通所リハⅡ２５５・人欠・延２ 540 600 2 2 2 7 974
351 16 9281 通所リハⅢ１１１・人欠 60 120 2 3 1 3 181
352 16 9283 通所リハⅢ１１２・人欠 60 120 2 3 1 4 201
353 16 9285 通所リハⅢ１１３・人欠 60 120 2 3 1 5 221
354 16 9287 通所リハⅢ１１４・人欠 60 120 2 3 1 6 241
355 16 9289 通所リハⅢ１１５・人欠 60 120 2 3 1 7 261
356 16 9191 通所リハⅢ１２１・人欠 120 180 2 3 1 3 190
357 16 9192 通所リハⅢ１２２・人欠 120 180 2 3 1 4 228
358 16 9193 通所リハⅢ１２３・人欠 120 180 2 3 1 5 265
359 16 9194 通所リハⅢ１２４・人欠 120 180 2 3 1 6 304
360 16 9195 通所リハⅢ１２５・人欠 120 180 2 3 1 7 341
361 16 9811 通所リハⅢ１３１・人欠 180 240 2 3 1 3 258
362 16 9812 通所リハⅢ１３２・人欠 180 240 2 3 1 4 310
363 16 9813 通所リハⅢ１３３・人欠 180 240 2 3 1 5 361
364 16 9814 通所リハⅢ１３４・人欠 180 240 2 3 1 6 413
365 16 9815 通所リハⅢ１３５・人欠 180 240 2 3 1 7 465
366 16 9821 通所リハⅢ１４１・人欠 240 360 2 3 1 3 336
367 16 9822 通所リハⅢ１４２・人欠 240 360 2 3 1 4 408
368 16 9823 通所リハⅢ１４３・人欠 240 360 2 3 1 5 480
369 16 9824 通所リハⅢ１４４・人欠 240 360 2 3 1 6 552
370 16 9825 通所リハⅢ１４５・人欠 240 360 2 3 1 7 624
371 16 9831 通所リハⅢ１５１・人欠 360 480 2 3 1 3 449
372 16 9832 通所リハⅢ１５２・人欠 360 480 2 3 1 4 550
373 16 9833 通所リハⅢ１５３・人欠 360 480 2 3 1 5 650
374 16 9834 通所リハⅢ１５４・人欠 360 480 2 3 1 6 750
375 16 9835 通所リハⅢ１５５・人欠 360 480 2 3 1 7 851
376 16 9841 通所リハⅢ１５１・人欠・延１ 480 540 2 3 1 3 499
377 16 9842 通所リハⅢ１５２・人欠・延１ 480 540 2 3 1 4 600
378 16 9843 通所リハⅢ１５３・人欠・延１ 480 540 2 3 1 5 700
379 16 9844 通所リハⅢ１５４・人欠・延１ 480 540 2 3 1 6 800
380 16 9845 通所リハⅢ１５５・人欠・延１ 480 540 2 3 1 7 901
381 16 9851 通所リハⅢ１５１・人欠・延２ 540 600 2 3 1 3 549
382 16 9852 通所リハⅢ１５２・人欠・延２ 540 600 2 3 1 4 650
383 16 9853 通所リハⅢ１５３・人欠・延２ 540 600 2 3 1 5 750
384 16 9854 通所リハⅢ１５４・人欠・延２ 540 600 2 3 1 6 850
385 16 9855 通所リハⅢ１５５・人欠・延２ 540 600 2 3 1 7 951
386 16 9556 通所リハⅢ２１１・人欠 60 120 2 3 2 3 181
387 16 9558 通所リハⅢ２１２・人欠 60 120 2 3 2 4 201
388 16 9560 通所リハⅢ２１３・人欠 60 120 2 3 2 5 221
389 16 9562 通所リハⅢ２１４・人欠 60 120 2 3 2 6 241
390 16 9564 通所リハⅢ２１５・人欠 60 120 2 3 2 7 261
391 16 9566 通所リハⅢ２２１・人欠 120 180 2 3 2 3 190
392 16 9567 通所リハⅢ２２２・人欠 120 180 2 3 2 4 228
393 16 9568 通所リハⅢ２２３・人欠 120 180 2 3 2 5 265
394 16 9569 通所リハⅢ２２４・人欠 120 180 2 3 2 6 304
395 16 9570 通所リハⅢ２２５・人欠 120 180 2 3 2 7 341
396 16 9571 通所リハⅢ２３１・人欠 180 240 2 3 2 3 258
397 16 9572 通所リハⅢ２３２・人欠 180 240 2 3 2 4 310
398 16 9573 通所リハⅢ２３３・人欠 180 240 2 3 2 5 361
399 16 9574 通所リハⅢ２３４・人欠 180 240 2 3 2 6 413
400 16 9575 通所リハⅢ２３５・人欠 180 240 2 3 2 7 465
401 16 9576 通所リハⅢ２４１・人欠 240 360 2 3 2 3 336
402 16 9577 通所リハⅢ２４２・人欠 240 360 2 3 2 4 408
403 16 9578 通所リハⅢ２４３・人欠 240 360 2 3 2 5 480
404 16 9579 通所リハⅢ２４４・人欠 240 360 2 3 2 6 552
405 16 9580 通所リハⅢ２４５・人欠 240 360 2 3 2 7 624
406 16 9581 通所リハⅢ２５１・人欠 360 480 2 3 2 3 449
407 16 9582 通所リハⅢ２５２・人欠 360 480 2 3 2 4 550
408 16 9583 通所リハⅢ２５３・人欠 360 480 2 3 2 5 650
409 16 9584 通所リハⅢ２５４・人欠 360 480 2 3 2 6 750
410 16 9585 通所リハⅢ２５５・人欠 360 480 2 3 2 7 851
411 16 9586 通所リハⅢ２５１・人欠・延１ 480 540 2 3 2 3 499
412 16 9587 通所リハⅢ２５２・人欠・延１ 480 540 2 3 2 4 600
413 16 9588 通所リハⅢ２５３・人欠・延１ 480 540 2 3 2 5 700
414 16 9589 通所リハⅢ２５４・人欠・延１ 480 540 2 3 2 6 800
415 16 9590 通所リハⅢ２５５・人欠・延１ 480 540 2 3 2 7 901
416 16 9591 通所リハⅢ２５１・人欠・延２ 540 600 2 3 2 3 549
417 16 9592 通所リハⅢ２５２・人欠・延２ 540 600 2 3 2 4 650
418 16 9593 通所リハⅢ２５３・人欠・延２ 540 600 2 3 2 5 750
419 16 9594 通所リハⅢ２５４・人欠・延２ 540 600 2 3 2 6 850
420 16 9595 通所リハⅢ２５５・人欠・延２ 540 600 2 3 2 7 951
421 16 8161 通所リハⅠ１１１・定超 60 120 1 1 1 3 189
422 16 8163 通所リハⅠ１１２・定超 60 120 1 1 1 4 210
423 16 8165 通所リハⅠ１１３・定超 60 120 1 1 1 5 231
424 16 8167 通所リハⅠ１１４・定超 60 120 1 1 1 6 252
425 16 8169 通所リハⅠ１１５・定超 60 120 1 1 1 7 273
426 16 8181 通所リハⅠ１２１・定超 120 180 1 1 1 3 199
427 16 8182 通所リハⅠ１２２・定超 120 180 1 1 1 4 238
428 16 8183 通所リハⅠ１２３・定超 120 180 1 1 1 5 278
429 16 8184 通所リハⅠ１２４・定超 120 180 1 1 1 6 317
430 16 8185 通所リハⅠ１２５・定超 120 180 1 1 1 7 356
431 16 8411 通所リハⅠ１３１・定超 180 240 1 1 1 3 270
432 16 8412 通所リハⅠ１３２・定超 180 240 1 1 1 4 324
433 16 8413 通所リハⅠ１３３・定超 180 240 1 1 1 5 378
434 16 8414 通所リハⅠ１３４・定超 180 240 1 1 1 6 432
435 16 8415 通所リハⅠ１３５・定超 180 240 1 1 1 7 486
436 16 8421 通所リハⅠ１４１・定超 240 360 1 1 1 3 351
437 16 8422 通所リハⅠ１４２・定超 240 360 1 1 1 4 427
438 16 8423 通所リハⅠ１４３・定超 240 360 1 1 1 5 502
439 16 8424 通所リハⅠ１４４・定超 240 360 1 1 1 6 577
440 16 8425 通所リハⅠ１４５・定超 240 360 1 1 1 7 652
441 16 8431 通所リハⅠ１５１・定超 360 480 1 1 1 3 470
442 16 8432 通所リハⅠ１５２・定超 360 480 1 1 1 4 575
443 16 8433 通所リハⅠ１５３・定超 360 480 1 1 1 5 679
444 16 8434 通所リハⅠ１５４・定超 360 480 1 1 1 6 785
445 16 8435 通所リハⅠ１５５・定超 360 480 1 1 1 7 890
446 16 8441 通所リハⅠ１５１・定超・延１ 480 540 1 1 1 3 520
447 16 8442 通所リハⅠ１５２・定超・延１ 480 540 1 1 1 4 625
448 16 8443 通所リハⅠ１５３・定超・延１ 480 540 1 1 1 5 729
449 16 8444 通所リハⅠ１５４・定超・延１ 480 540 1 1 1 6 835
450 16 8445 通所リハⅠ１５５・定超・延１ 480 540 1 1 1 7 940
451 16 8451 通所リハⅠ１５１・定超・延２ 540 600 1 1 1 3 570
452 16 8452 通所リハⅠ１５２・定超・延２ 540 600 1 1 1 4 675
453 16 8453 通所リハⅠ１５３・定超・延２ 540 600 1 1 1 5 779
454 16 8454 通所リハⅠ１５４・定超・延２ 540 600 1 1 1 6 885
455 16 8455 通所リハⅠ１５５・定超・延２ 540 600 1 1 1 7 990
456 16 8356 通所リハⅠ２１１・定超 60 120 1 1 2 3 189
457 16 8358 通所リハⅠ２１２・定超 60 120 1 1 2 4 210
458 16 8360 通所リハⅠ２１３・定超 60 120 1 1 2 5 231
459 16 8362 通所リハⅠ２１４・定超 60 120 1 1 2 6 252
460 16 8364 通所リハⅠ２１５・定超 60 120 1 1 2 7 273
461 16 8366 通所リハⅠ２２１・定超 120 180 1 1 2 3 199
462 16 8367 通所リハⅠ２２２・定超 120 180 1 1 2 4 238
463 16 8368 通所リハⅠ２２３・定超 120 180 1 1 2 5 278
464 16 8369 通所リハⅠ２２４・定超 120 180 1 1 2 6 317
465 16 8370 通所リハⅠ２２５・定超 120 180 1 1 2 7 356
466 16 8371 通所リハⅠ２３１・定超 180 240 1 1 2 3 270
467 16 8372 通所リハⅠ２３２・定超 180 240 1 1 2 4 324
468 16 8373 通所リハⅠ２３３・定超 180 240 1 1 2 5 378
469 16 8374 通所リハⅠ２３４・定超 180 240 1 1 2 6 432
470 16 8375 通所リハⅠ２３５・定超 180 240 1 1 2 7 486
471 16 8376 通所リハⅠ２４１・定超 240 360 1 1 2 3 351
472 16 8377 通所リハⅠ２４２・定超 240 360 1 1 2 4 427
473 16 8378 通所リハⅠ２４３・定超 240 360 1 1 2 5 502
474 16 8379 通所リハⅠ２４４・定超 240 360 1 1 2 6 577
475 16 8380 通所リハⅠ２４５・定超 240 360 1 1 2 7 652
476 16 8381 通所リハⅠ２５１・定超 360 480 1 1 2 3 470
477 16 8382 通所リハⅠ２５２・定超 360 480 1 1 2 4 575
478 16 8383 通所リハⅠ２５３・定超 360 480 1 1 2 5 679
479 16 8384 通所リハⅠ２５４・定超 360 480 1 1 2 6 785
480 16 8385 通所リハⅠ２５５・定超 360 480 1 1 2 7 890
481 16 8386 通所リハⅠ２５１・定超・延１ 480 540 1 1 2 3 520
482 16 8387 通所リハⅠ２５２・定超・延１ 480 540 1 1 2 4 625
483 16 8388 通所リハⅠ２５３・定超・延１ 480 540 1 1 2 5 729
484 16 8389 通所リハⅠ２５４・定超・延１ 480 540 1 1 2 6 835
485 16 8390 通所リハⅠ２５５・定超・延１ 480 540 1 1 2 7 940
486 16 8391 通所リハⅠ２５１・定超・延２ 540 600 1 1 2 3 570
487 16 8392 通所リハⅠ２５２・定超・延２ 540 600 1 1 2 4 675
488 16 8393 通所リハⅠ２５３・定超・延２ 540 600 1 1 2 5 779
489 16 8394 通所リハⅠ２５４・定超・延２ 540 600 1 1 2 6 885
490 16 8395 通所リハⅠ２５５・定超・延２ 540 600 1 1 2 7 990
491 16 8171 通所リハⅡ１１１・定超 60 120 1 2 1 3 186
492 16 8173 通所リハⅡ１１２・定超 60 120 1 2 1 4 207
493 16 8175 通所リハⅡ１１３・定超 60 120 1 2 1 5 227
494 16 8177 通所リハⅡ１１４・定超 60 120 1 2 1 6 248
495 16 8179 通所リハⅡ１１５・定超 60 120 1 2 1 7 268
496 16 8186 通所リハⅡ１２１・定超 120 180 1 2 1 3 195
497 16 8187 通所リハⅡ１２２・定超 120 180 1 2 1 4 234
498 16 8188 通所リハⅡ１２３・定超 120 180 1 2 1 5 273
499 16 8189 通所リハⅡ１２４・定超 120 180 1 2 1 6 312
500 16 8190 通所リハⅡ１２５・定超 120 180 1 2 1 7 351
501 16 8611 通所リハⅡ１３１・定超 180 240 1 2 1 3 265
502 16 8612 通所リハⅡ１３２・定超 180 240 1 2 1 4 319
503 16 8613 通所リハⅡ１３３・定超 180 240 1 2 1 5 372
504 16 8614 通所リハⅡ１３４・定超 180 240 1 2 1 6 424
505 16 8615 通所リハⅡ１３５・定超 180 240 1 2 1 7 477
506 16 8621 通所リハⅡ１４１・定超 240 360 1 2 1 3 346
507 16 8622 通所リハⅡ１４２・定超 240 360 1 2 1 4 419
508 16 8623 通所リハⅡ１４３・定超 240 360 1 2 1 5 493
509 16 8624 通所リハⅡ１４４・定超 240 360 1 2 1 6 567
510 16 8625 通所リハⅡ１４５・定超 240 360 1 2 1 7 641
511 16 8631 通所リハⅡ１５１・定超 360 480 1 2 1 3 461
512 16 8632 通所リハⅡ１５２・定超 360 480 1 2 1 4 565
513 16 8633 通所リハⅡ１５３・定超 360 480 1 2 1 5 668
514 16 8634 通所リハⅡ１５４・定超 360 480 1 2 1 6 771
515 16 8635 通所リハⅡ１５５・定超 360 480 1 2 1 7 874
516 16 8641 通所リハⅡ１５１・定超・延１ 480 540 1 2 1 3 511
517 16 8642 通所リハⅡ１５２・定超・延１ 480 540 1 2 1 4 615
518 16 8643 通所リハⅡ１５３・定超・延１ 480 540 1 2 1 5 718
519 16 8644 通所リハⅡ１５４・定超・延１ 480 540 1 2 1 6 821
520 16 8645 通所リハⅡ１５５・定超・延１ 480 540 1 2 1 7 924
521 16 8651 通所リハⅡ１５１・定超・延２ 540 600 1 2 1 3 561
522 16 8652 通所リハⅡ１５２・定超・延２ 540 600 1 2 1 4 665
523 16 8653 通所リハⅡ１５３・定超・延２ 540 600 1 2 1 5 768
524 16 8654 通所リハⅡ１５４・定超・延２ 540 600 1 2 1 6 871
525 16 8655 通所リハⅡ１５５・定超・延２ 540 600 1 2 1 7 974
526 16 8456 通所リハⅡ２１１・定超 60 120 1 2 2 3 186
527 16 8458 通所リハⅡ２１２・定超 60 120 1 2 2 4 207
528 16 8460 通所リハⅡ２１３・定超 60 120 1 2 2 5 227
529 16 8462 通所リハⅡ２１４・定超 60 120 1 2 2 6 248
530 16 8464 通所リハⅡ２１５・定超 60 120 1 2 2 7 268
531 16 8466 通所リハⅡ２２１・定超 120 180 1 2 2 3 195
532 16 8467 通所リハⅡ２２２・定超 120 180 1 2 2 4 234
533 16 8468 通所リハⅡ２２３・定超 120 180 1 2 2 5 273
534 16 8469 通所リハⅡ２２４・定超 120 180 1 2 2 6 312
535 16 8470 通所リハⅡ２２５・定超 120 180 1 2 2 7 351
536 16 8471 通所リハⅡ２３１・定超 180 240 1 2 2 3 265
537 16 8472 通所リハⅡ２３２・定超 180 240 1 2 2 4 319
538 16 8473 通所リハⅡ２３３・定超 180 240 1 2 2 5 372
539 16 8474 通所リハⅡ２３４・定超 180 240 1 2 2 6 424
540 16 8475 通所リハⅡ２３５・定超 180 240 1 2 2 7 477
541 16 8476 通所リハⅡ２４１・定超 240 360 1 2 2 3 346
542 16 8477 通所リハⅡ２４２・定超 240 360 1 2 2 4 419
543 16 8478 通所リハⅡ２４３・定超 240 360 1 2 2 5 493
544 16 8479 通所リハⅡ２４４・定超 240 360 1 2 2 6 567
545 16 8480 通所リハⅡ２４５・定超 240 360 1 2 2 7 641
546 16 8481 通所リハⅡ２５１・定超 360 480 1 2 2 3 461
547 16 8482 通所リハⅡ２５２・定超 360 480 1 2 2 4 565
548 16 8483 通所リハⅡ２５３・定超 360 480 1 2 2 5 668
549 16 8484 通所リハⅡ２５４・定超 360 480 1 2 2 6 771
550 16 8485 通所リハⅡ２５５・定超 360 480 1 2 2 7 874
551 16 8486 通所リハⅡ２５１・定超・延１ 480 540 1 2 2 3 511
552 16 8487 通所リハⅡ２５２・定超・延１ 480 540 1 2 2 4 615
553 16 8488 通所リハⅡ２５３・定超・延１ 480 540 1 2 2 5 718
554 16 8489 通所リハⅡ２５４・定超・延１ 480 540 1 2 2 6 821
555 16 8490 通所リハⅡ２５５・定超・延１ 480 540 1 2 2 7 924
556 16 8491 通所リハⅡ２５１・定超・延２ 540 600 1 2 2 3 561
557 16 8492 通所リハⅡ２５２・定超・延２ 540 600 1 2 2 4 665
558 16 8493 通所リハⅡ２５３・定超・延２ 540 600 1 2 2 5 768
559 16 8494 通所リハⅡ２５４・定超・延２ 540 600 1 2 2 6 871
560 16 8495 通所リハⅡ２５５・定超・延２ 540 600 1 2 2 7 974
561 16 8281 通所リハⅢ１１１・定超 60 120 1 3 1 3 181
562 16 8283 通所リハⅢ１１２・定超 60 120 1 3 1 4 201
563 16 8285 通所リハⅢ１１３・定超 60 120 1 3 1 5 221
564 16 8287 通所リハⅢ１１４・定超 60 120 1 3 1 6 241
565 16 8289 通所リハⅢ１１５・定超 60 120 1 3 1 7 261
566 16 8191 通所リハⅢ１２１・定超 120 180 1 3 1 3 190
567 16 8192 通所リハⅢ１２２・定超 120 180 1 3 1 4 228
568 16 8193 通所リハⅢ１２３・定超 120 180 1 3 1 5 265
569 16 8194 通所リハⅢ１２４・定超 120 180 1 3 1 6 304
570 16 8195 通所リハⅢ１２５・定超 120 180 1 3 1 7 341
571 16 8811 通所リハⅢ１３１・定超 180 240 1 3 1 3 258
572 16 8812 通所リハⅢ１３２・定超 180 240 1 3 1 4 310
573 16 8813 通所リハⅢ１３３・定超 180 240 1 3 1 5 361
574 16 8814 通所リハⅢ１３４・定超 180 240 1 3 1 6 413
575 16 8815 通所リハⅢ１３５・定超 180 240 1 3 1 7 465
576 16 8821 通所リハⅢ１４１・定超 240 360 1 3 1 3 336
577 16 8822 通所リハⅢ１４２・定超 240 360 1 3 1 4 408
578 16 8823 通所リハⅢ１４３・定超 240 360 1 3 1 5 480
579 16 8824 通所リハⅢ１４４・定超 240 360 1 3 1 6 552
580 16 8825 通所リハⅢ１４５・定超 240 360 1 3 1 7 624
581 16 8831 通所リハⅢ１５１・定超 360 480 1 3 1 3 449
582 16 8832 通所リハⅢ１５２・定超 360 480 1 3 1 4 550
583 16 8833 通所リハⅢ１５３・定超 360 480 1 3 1 5 650
584 16 8834 通所リハⅢ１５４・定超 360 480 1 3 1 6 750
585 16 8835 通所リハⅢ１５５・定超 360 480 1 3 1 7 851
586 16 8841 通所リハⅢ１５１・定超・延１ 480 540 1 3 1 3 499
587 16 8842 通所リハⅢ１５２・定超・延１ 480 540 1 3 1 4 600
588 16 8843 通所リハⅢ１５３・定超・延１ 480 540 1 3 1 5 700
589 16 8844 通所リハⅢ１５４・定超・延１ 480 540 1 3 1 6 800
590 16 8845 通所リハⅢ１５５・定超・延１ 480 540 1 3 1 7 901
591 16 8851 通所リハⅢ１５１・定超・延２ 540 600 1 3 1 3 549
592 16 8852 通所リハⅢ１５２・定超・延２ 540 600 1 3 1 4 650
593 16 8853 通所リハⅢ１５３・定超・延２ 540 600 1 3 1 5 750
594 16 8854 通所リハⅢ１５４・定超・延２ 540 600 1 3 1 6 850
595 16 8855 通所リハⅢ１５５・定超・延２ 540 600 1 3 1 7 951
596 16 8556 通所リハⅢ２１１・定超 60 120 1 3 2 3 181
597 16 8558 通所リハⅢ２１２・定超 60 120 1 3 2 4 201
598 16 8560 通所リハⅢ２１３・定超 60 120 1 3 2 5 221
599 16 8562 通所リハⅢ２１４・定超 60 120 1 3 2 6 241
600 16 8564 通所リハⅢ２１５・定超 60 120 1 3 2 7 261
601 16 8566 通所リハⅢ２２１・定超 120 180 1 3 2 3 190
602 16 8567 通所リハⅢ２２２・定超 120 180 1 3 2 4 228
603 16 8568 通所リハⅢ２２３・定超 120 180 1 3 2 5 265
604 16 8569 通所リハⅢ２２４・定超 120 180 1 3 2 6 304
605 16 8570 通所リハⅢ２２５・定超 120 180 1 3 2 7 341
606 16 8571 通所リハⅢ２３１・定超 180 240 1 3 2 3 258
607 16 8572 通所リハⅢ２３２・定超 180 240 1 3 2 4 310
608 16 8573 通所リハⅢ２３３・定超 180 240 1 3 2 5 361
609 16 8574 通所リハⅢ２３４・定超 180 240 1 3 2 6 413
610 16 8575 通所リハⅢ２３５・定超 180 240 1 3 2 7 465
611 16 8576 通所リハⅢ２４１・定超 240 360 1 3 2 3 336
612 16 8577 通所リハⅢ２４２・定超 240 360 1 3 2 4 408
613 16 8578 通所リハⅢ２４３・定超 240 360 1 3 2 5 480
614 16 8579 通所リハⅢ２４４・定超 240 360 1 3 2 6 552
615 16 8580 通所リハⅢ２４５・定超 240 360 1 3 2 7 624
616 16 8581 通所リハⅢ２５１・定超 360 480 1 3 2 3 449
617 16 8582 通所リハⅢ２５２・定超 360 480 1 3 2 4 550
618 16 8583 通所リハⅢ２５３・定超 360 480 1 3 2 5 650
619 16 8584 通所リハⅢ２５４・定超 360 480 1 3 2 6 750
620 16 8585 通所リハⅢ２５５・定超 360 480 1 3 2 7 851
621 16 8586 通所リハⅢ２５１・定超・延１ 480 540 1 3 2 3 499
622 16 8587 通所リハⅢ２５２・定超・延１ 480 540 1 3 2 4 600
623 16 8588 通所リハⅢ２５３・定超・延１ 480 540 1 3 2 5 700
624 16 8589 通所リハⅢ２５４・定超・延１ 480 540 1 3 2 6 800
625 16 8590 通所リハⅢ２５５・定超・延１ 480 540 1 3 2 7 901
626 16 8591 通所リハⅢ２５１・定超・延２ 540 600 1 3 2 3 549
627 16 8592 通所リハⅢ２５２・定超・延２ 540 600 1 3 2 4 650
628 16 8593 通所リハⅢ２５３・定超・延２ 540 600 1 3 2 5 750
629 16 8594 通所リハⅢ２５４・定超・延２ 540 600 1 3 2 6 850
630 16 8595 通所リハⅢ２５５・定超・延２ 540 600 1 3 2 7 951
631 16 3821 通所リハⅠ１５１・延３ 600 660 1 1 1 3 771
632 16 3822 通所リハⅠ１５２・延３ 600 660 1 1 1 4 921
633 16 3823 通所リハⅠ１５３・延３ 600 660 1 1 1 5 1070
634 16 3824 通所リハⅠ１５４・延３ 600 660 1 1 1 6 1221
635 16 3825 通所リハⅠ１５５・延３ 600 660 1 1 1 7 1371
636 16 3826 通所リハⅠ１５１・延４ 660 720 1 1 1 3 771
637 16 3827 通所リハⅠ１５２・延４ 660 720 1 1 1 4 921
638 16 3828 通所リハⅠ１５３・延４ 660 720 1 1 1 5 1070
639 16 3829 通所リハⅠ１５４・延４ 660 720 1 1 1 6 1221
640 16 3830 通所リハⅠ１５５・延４ 660 720 1 1 1 7 1371
641 16 3831 通所リハⅠ１５１・延５ 720 780 1 1 1 3 771
642 16 3832 通所リハⅠ１５２・延５ 720 780 1 1 1 4 921
643 16 3833 通所リハⅠ１５３・延５ 720 780 1 1 1 5 1070
644 16 3834 通所リハⅠ１５４・延５ 720 780 1 1 1 6 1221
645 16 3835 通所リハⅠ１５５・延５ 720 780 1 1 1 7 1371
646 16 3836 通所リハⅠ１５１・延６ 780 840 1 1 1 3 771
647 16 3837 通所リハⅠ１５２・延６ 780 840 1 1 1 4 921
648 16 3838 通所リハⅠ１５３・延６ 780 840 1 1 1 5 1070
649 16 3839 通所リハⅠ１５４・延６ 780 840 1 1 1 6 1221
650 16 3840 通所リハⅠ１５５・延６ 780 840 1 1 1 7 1371
651 16 3841 通所リハⅠ２５１・延３ 600 660 1 1 2 3 771
652 16 3842 通所リハⅠ２５２・延３ 600 660 1 1 2 4 921
653 16 3843 通所リハⅠ２５３・延３ 600 660 1 1 2 5 1070
654 16 3844 通所リハⅠ２５４・延３ 600 660 1 1 2 6 1221
655 16 3845 通所リハⅠ２５５・延３ 600 660 1 1 2 7 1371
656 16 3846 通所リハⅠ２５１・延４ 660 720 1 1 2 3 771
657 16 3847 通所リハⅠ２５２・延４ 660 720 1 1 2 4 921
658 16 3848 通所リハⅠ２５３・延４ 660 720 1 1 2 5 1070
659 16 3849 通所リハⅠ２５４・延４ 660 720 1 1 2 6 1221
660 16 3850 通所リハⅠ２５５・延４ 660 720 1 1 2 7 1371
661 16 3851 通所リハⅠ２５１・延５ 720 780 1 1 2 3 771
662 16 3852 通所リハⅠ２５２・延５ 720 780 1 1 2 4 921
663 16 3853 通所リハⅠ２５３・延５ 720 780 1 1 2 5 1070
664 16 3854 通所リハⅠ２５４・延５ 720 780 1 1 2 6 1221
665 16 3855 通所リハⅠ２５５・延５ 720 780 1 1 2 7 1371
666 16 3856 通所リハⅠ２５１・延６ 780 840 1 1 2 3 771
667 16 3857 通所リハⅠ２５２・延６ 780 840 1 1 2 4 921
668 16 3858 通所リハⅠ２５３・延６ 780 840 1 1 2 5 1070
669 16 3859 通所リハⅠ２５４・延６ 780 840 1 1 2 6 1221
670 16 3860 通所リハⅠ２５５・延６ 780 840 1 1 2 7 1371
671 16 3861 通所リハⅡ１５１・延３ 600 660 1 2 1 3 759
672 16 3862 通所リハⅡ１５２・延３ 600 660 1 2 1 4 907
673 16 3863 通所リハⅡ１５３・延３ 600 660 1 2 1 5 1054
674 16 3864 通所リハⅡ１５４・延３ 600 660 1 2 1 6 1201
675 16 3865 通所リハⅡ１５５・延３ 600 660 1 2 1 7 1349
676 16 3866 通所リハⅡ１５１・延４ 660 720 1 2 1 3 759
677 16 3867 通所リハⅡ１５２・延４ 660 720 1 2 1 4 907
678 16 3868 通所リハⅡ１５３・延４ 660 720 1 2 1 5 1054
679 16 3869 通所リハⅡ１５４・延４ 660 720 1 2 1 6 1201
680 16 3870 通所リハⅡ１５５・延４ 660 720 1 2 1 7 1349
681 16 3871 通所リハⅡ１５１・延５ 720 780 1 2 1 3 759
682 16 3872 通所リハⅡ１５２・延５ 720 780 1 2 1 4 907
683 16 3873 通所リハⅡ１５３・延５ 720 780 1 2 1 5 1054
684 16 3874 通所リハⅡ１５４・延５ 720 780 1 2 1 6 1201
685 16 3875 通所リハⅡ１５５・延５ 720 780 1 2 1 7 1349
686 16 3876 通所リハⅡ１５１・延６ 780 840 1 2 1 3 759
687 16 3877 通所リハⅡ１５２・延６ 780 840 1 2 1 4 907
688 16 3878 通所リハⅡ１５３・延６ 780 840 1 2 1 5 1054
689 16 3879 通所リハⅡ１５４・延６ 780 840 1 2 1 6 1201
690 16 3880 通所リハⅡ１５５・延６ 780 840 1 2 1 7 1349
691 16 3881 通所リハⅡ２５１・延３ 600 660 1 2 2 3 759
692 16 3882 通所リハⅡ２５２・延３ 600 660 1 2 2 4 907
693 16 3883 通所リハⅡ２５３・延３ 600 660 1 2 2 5 1054
694 16 3884 通所リハⅡ２５４・延３ 600 660 1 2 2 6 1201
695 16 3885 通所リハⅡ２５５・延３ 600 660 1 2 2 7 1349
696 16 3886 通所リハⅡ２５１・延４ 660 720 1 2 2 3 759
697 16 3887 通所リハⅡ２５２・延４ 660 720 1 2 2 4 907
698 16 3888 通所リハⅡ２５３・延４ 660 720 1 2 2 5 1054
699 16 3889 通所リハⅡ２５４・延４ 660 720 1 2 2 6 1201
700 16 3890 通所リハⅡ２５５・延４ 660 720 1 2 2 7 1349
701 16 3891 通所リハⅡ２５１・延５ 720 780 1 2 2 3 759
702 16 3892 通所リハⅡ２５２・延５ 720 780 1 2 2 4 907
703 16 3893 通所リハⅡ２５３・延５ 720 780 1 2 2 5 1054
704 16 3894 通所リハⅡ２５４・延５ 720 780 1 2 2 6 1201
705 16 3895 通所リハⅡ２５５・延５ 720 780 1 2 2 7 1349
706 16 3896 通所リハⅡ２５１・延６ 780 840 1 2 2 3 759
707 16 3897 通所リハⅡ２５２・延６ 780 840 1 2 2 4 907
708 16 3898 通所リハⅡ２５３・延６ 780 840 1 2 2 5 1054
709 16 3899 通所リハⅡ２５４・延６ 780 840 1 2 2 6 1201
710 16 3900 通所リハⅡ２５５・延６ 780 840 1 2 2 7 1349
711 16 3901 通所リハⅢ１５１・延３ 600 660 1 3 1 3 742
712 16 3902 通所リハⅢ１５２・延３ 600 660 1 3 1 4 885
713 16 3903 通所リハⅢ１５３・延３ 600 660 1 3 1 5 1029
714 16 3904 通所リハⅢ１５４・延３ 600 660 1 3 1 6 1172
715 16 3905 通所リハⅢ１５５・延３ 600 660 1 3 1 7 1316
716 16 3906 通所リハⅢ１５１・延４ 660 720 1 3 1 3 742
717 16 3907 通所リハⅢ１５２・延４ 660 720 1 3 1 4 885
718 16 3908 通所リハⅢ１５３・延４ 660 720 1 3 1 5 1029
719 16 3909 通所リハⅢ１５４・延４ 660 720 1 3 1 6 1172
720 16 3910 通所リハⅢ１５５・延４ 660 720 1 3 1 7 1316
721 16 3911 通所リハⅢ１５１・延５ 720 780 1 3 1 3 742
722 16 3912 通所リハⅢ１５２・延５ 720 780 1 3 1 4 885
723 16 3913 通所リハⅢ１５３・延５ 720 780 1 3 1 5 1029
724 16 3914 通所リハⅢ１５４・延５ 720 780 1 3 1 6 1172
725 16 3915 通所リハⅢ１５５・延５ 720 780 1 3 1 7 1316
726 16 3916 通所リハⅢ１５１・延６ 780 840 1 3 1 3 742
727 16 3917 通所リハⅢ１５２・延６ 780 840 1 3 1 4 885
728 16 3918 通所リハⅢ１５３・延６ 780 840 1 3 1 5 1029
729 16 3919 通所リハⅢ１５４・延６ 780 840 1 3 1 6 1172
730 16 3920 通所リハⅢ１５５・延６ 780 840 1 3 1 7 1316
731 16 3921 通所リハⅢ２５１・延３ 600 660 1 3 2 3 742
732 16 3922 通所リハⅢ２５２・延３ 600 660 1 3 2 4 885
733 16 3923 通所リハⅢ２５３・延３ 600 660 1 3 2 5 1029
734 16 3924 通所リハⅢ２５４・延３ 600 660 1 3 2 6 1172
735 16 3925 通所リハⅢ２５５・延３ 600 660 1 3 2 7 1316
736 16 3926 通所リハⅢ２５１・延４ 660 720 1 3 2 3 742
737 16 3927 通所リハⅢ２５２・延４ 660 720 1 3 2 4 885
738 16 3928 通所リハⅢ２５３・延４ 660 720 1 3 2 5 1029
739 16 3929 通所リハⅢ２５４・延４ 660 720 1 3 2 6 1172
740 16 3930 通所リハⅢ２５５・延４ 660 720 1 3 2 7 1316
741 16 3931 通所リハⅢ２５１・延５ 720 780 1 3 2 3 742
742 16 3932 通所リハⅢ２５２・延５ 720 780 1 3 2 4 885
743 16 3933 通所リハⅢ２５３・延５ 720 780 1 3 2 5 1029
744 16 3934 通所リハⅢ２５４・延５ 720 780 1 3 2 6 1172
745 16 3935 通所リハⅢ２５５・延５ 720 780 1 3 2 7 1316
746 16 3936 通所リハⅢ２５１・延６ 780 840 1 3 2 3 742
747 16 3937 通所リハⅢ２５２・延６ 780 840 1 3 2 4 885
748 16 3938 通所リハⅢ２５３・延６ 780 840 1 3 2 5 1029
749 16 3939 通所リハⅢ２５４・延６ 780 840 1 3 2 6 1172
750 16 3940 通所リハⅢ２５５・延６ 780 840 1 3 2 7 1316
751 16 8656 通所リハⅠ１５１・定超・延３ 600 660 1 1 1 3 570
752 16 8657 通所リハⅠ１５２・定超・延３ 600 660 1 1 1 4 675
753 16 8658 通所リハⅠ１５３・定超・延３ 600 660 1 1 1 5 779
754 16 8659 通所リハⅠ１５４・定超・延３ 600 660 1 1 1 6 885
755 16 8660 通所リハⅠ１５５・定超・延３ 600 660 1 1 1 7 990
756 16 8661 通所リハⅠ１５１・定超・延４ 660 720 1 1 1 3 570
757 16 8662 通所リハⅠ１５２・定超・延４ 660 720 1 1 1 4 675
758 16 8663 通所リハⅠ１５３・定超・延４ 660 720 1 1 1 5 779
759 16 8664 通所リハⅠ１５４・定超・延４ 660 720 1 1 1 6 885
760 16 8665 通所リハⅠ１５５・定超・延４ 660 720 1 1 1 7 990
761 16 8666 通所リハⅠ１５１・定超・延５ 720 780 1 1 1 3 570
762 16 8667 通所リハⅠ１５２・定超・延５ 720 780 1 1 1 4 675
763 16 8668 通所リハⅠ１５３・定超・延５ 720 780 1 1 1 5 779
764 16 8669 通所リハⅠ１５４・定超・延５ 720 780 1 1 1 6 885
765 16 8670 通所リハⅠ１５５・定超・延５ 720 780 1 1 1 7 990
766 16 8671 通所リハⅠ１５１・定超・延６ 780 840 1 1 1 3 570
767 16 8672 通所リハⅠ１５２・定超・延６ 780 840 1 1 1 4 675
768 16 8673 通所リハⅠ１５３・定超・延６ 780 840 1 1 1 5 779
769 16 8674 通所リハⅠ１５４・定超・延６ 780 840 1 1 1 6 885
770 16 8675 通所リハⅠ１５５・定超・延６ 780 840 1 1 1 7 990
771 16 8676 通所リハⅠ２５１・定超・延３ 600 660 1 1 2 3 570
772 16 8677 通所リハⅠ２５２・定超・延３ 600 660 1 1 2 4 675
773 16 8678 通所リハⅠ２５３・定超・延３ 600 660 1 1 2 5 779
774 16 8679 通所リハⅠ２５４・定超・延３ 600 660 1 1 2 6 885
775 16 8680 通所リハⅠ２５５・定超・延３ 600 660 1 1 2 7 990
776 16 8681 通所リハⅠ２５１・定超・延４ 660 720 1 1 2 3 570
777 16 8682 通所リハⅠ２５２・定超・延４ 660 720 1 1 2 4 675
778 16 8683 通所リハⅠ２５３・定超・延４ 660 720 1 1 2 5 779
779 16 8684 通所リハⅠ２５４・定超・延４ 660 720 1 1 2 6 885
780 16 8685 通所リハⅠ２５５・定超・延４ 660 720 1 1 2 7 990
781 16 8686 通所リハⅠ２５１・定超・延５ 720 780 1 1 2 3 570
782 16 8687 通所リハⅠ２５２・定超・延５ 720 780 1 1 2 4 675
783 16 8688 通所リハⅠ２５３・定超・延５ 720 780 1 1 2 5 779
784 16 8689 通所リハⅠ２５４・定超・延５ 720 780 1 1 2 6 885
785 16 8690 通所リハⅠ２５５・定超・延５ 720 780 1 1 2 7 990
786 16 8691 通所リハⅠ２５１・定超・延６ 780 840 1 1 2 3 570
787 16 8692 通所リハⅠ２５２・定超・延６ 780 840 1 1 2 4 675
788 16 8693 通所リハⅠ２５３・定超・延６ 780 840 1 1 2 5 779
789 16 8694 通所リハⅠ２５４・定超・延６ 780 840 1 1 2 6 885
790 16 8695 通所リハⅠ２５５・定超・延６ 780 840 1 1 2 7 990
791 16 8756 通所リハⅡ１５１・定超・延３ 600 660 1 2 1 3 561
792 16 8757 通所リハⅡ１５２・定超・延３ 600 660 1 2 1 4 665
793 16 8758 通所リハⅡ１５３・定超・延３ 600 660 1 2 1 5 768
794 16 8759 通所リハⅡ１５４・定超・延３ 600 660 1 2 1 6 871
795 16 8760 通所リハⅡ１５５・定超・延３ 600 660 1 2 1 7 974
796 16 8761 通所リハⅡ１５１・定超・延４ 660 720 1 2 1 3 561
797 16 8762 通所リハⅡ１５２・定超・延４ 660 720 1 2 1 4 665
798 16 8763 通所リハⅡ１５３・定超・延４ 660 720 1 2 1 5 768
799 16 8764 通所リハⅡ１５４・定超・延４ 660 720 1 2 1 6 871
800 16 8765 通所リハⅡ１５５・定超・延４ 660 720 1 2 1 7 974
801 16 8766 通所リハⅡ１５１・定超・延５ 720 780 1 2 1 3 561
802 16 8767 通所リハⅡ１５２・定超・延５ 720 780 1 2 1 4 665
803 16 8768 通所リハⅡ１５３・定超・延５ 720 780 1 2 1 5 768
804 16 8769 通所リハⅡ１５４・定超・延５ 720 780 1 2 1 6 871
805 16 8770 通所リハⅡ１５５・定超・延５ 720 780 1 2 1 7 974
806 16 8771 通所リハⅡ１５１・定超・延６ 780 840 1 2 1 3 561
807 16 8772 通所リハⅡ１５２・定超・延６ 780 840 1 2 1 4 665
808 16 8773 通所リハⅡ１５３・定超・延６ 780 840 1 2 1 5 768
809 16 8774 通所リハⅡ１５４・定超・延６ 780 840 1 2 1 6 871
810 16 8775 通所リハⅡ１５５・定超・延６ 780 840 1 2 1 7 974
811 16 8776 通所リハⅡ２５１・定超・延２ 600 660 1 2 2 3 561
812 16 8777 通所リハⅡ２５２・定超・延２ 600 660 1 2 2 4 665
813 16 8778 通所リハⅡ２５３・定超・延２ 600 660 1 2 2 5 768
814 16 8779 通所リハⅡ２５４・定超・延２ 600 660 1 2 2 6 871
815 16 8780 通所リハⅡ２５５・定超・延２ 600 660 1 2 2 7 974
816 16 8781 通所リハⅡ２５１・定超・延２ 660 720 1 2 2 3 561
817 16 8782 通所リハⅡ２５２・定超・延２ 660 720 1 2 2 4 665
818 16 8783 通所リハⅡ２５３・定超・延２ 660 720 1 2 2 5 768
819 16 8784 通所リハⅡ２５４・定超・延２ 660 720 1 2 2 6 871
820 16 8785 通所リハⅡ２５５・定超・延２ 660 720 1 2 2 7 974
821 16 8786 通所リハⅡ２５１・定超・延２ 720 780 1 2 2 3 561
822 16 8787 通所リハⅡ２５２・定超・延２ 720 780 1 2 2 4 665
823 16 8788 通所リハⅡ２５３・定超・延２ 720 780 1 2 2 5 768
824 16 8789 通所リハⅡ２５４・定超・延２ 720 780 1 2 2 6 871
825 16 8790 通所リハⅡ２５５・定超・延２ 720 780 1 2 2 7 974
826 16 8791 通所リハⅡ２５１・定超・延２ 780 840 1 2 2 3 561
827 16 8792 通所リハⅡ２５２・定超・延２ 780 840 1 2 2 4 665
828 16 8793 通所リハⅡ２５３・定超・延２ 780 840 1 2 2 5 768
829 16 8794 通所リハⅡ２５４・定超・延２ 780 840 1 2 2 6 871
830 16 8795 通所リハⅡ２５５・定超・延２ 780 840 1 2 2 7 974
831 16 8856 通所リハⅢ１５１・定超・延２ 600 660 1 3 1 3 549
832 16 8857 通所リハⅢ１５２・定超・延２ 600 660 1 3 1 4 650
833 16 8858 通所リハⅢ１５３・定超・延２ 600 660 1 3 1 5 750
834 16 8859 通所リハⅢ１５４・定超・延２ 600 660 1 3 1 6 850
835 16 8860 通所リハⅢ１５５・定超・延２ 600 660 1 3 1 7 951
836 16 8861 通所リハⅢ１５１・定超・延２ 660 720 1 3 1 3 549
837 16 8862 通所リハⅢ１５２・定超・延２ 660 720 1 3 1 4 650
838 16 8863 通所リハⅢ１５３・定超・延２ 660 720 1 3 1 5 750
839 16 8864 通所リハⅢ１５４・定超・延２ 660 720 1 3 1 6 850
840 16 8865 通所リハⅢ１５５・定超・延２ 660 720 1 3 1 7 951
841 16 8866 通所リハⅢ１５１・定超・延２ 720 780 1 3 1 3 549
842 16 8867 通所リハⅢ１５２・定超・延２ 720 780 1 3 1 4 650
843 16 8868 通所リハⅢ１５３・定超・延２ 720 780 1 3 1 5 750
844 16 8869 通所リハⅢ１５４・定超・延２ 720 780 1 3 1 6 850
845 16 8870 通所リハⅢ１５５・定超・延２ 720 780 1 3 1 7 951
846 16 8871 通所リハⅢ１５１・定超・延２ 780 840 1 3 1 3 549
847 16 8872 通所リハⅢ１５２・定超・延２ 780 840 1 3 1 4 650
848 16 8873 通所リハⅢ１５３・定超・延２ 780 840 1 3 1 5 750
849 16 8874 通所リハⅢ１５４・定超・延２ 780 840 1 3 1 6 850
850 16 8875 通所リハⅢ１５５・定超・延２ 780 840 1 3 1 7 951
851 16 8876 通所リハⅢ２５１・定超・延２ 600 660 1 3 2 3 549
852 16 8877 通所リハⅢ２５２・定超・延２ 600 660 1 3 2 4 650
853 16 8878 通所リハⅢ２５３・定超・延２ 600 660 1 3 2 5 750
854 16 8879 通所リハⅢ２５４・定超・延２ 600 660 1 3 2 6 850
855 16 8880 通所リハⅢ２５５・定超・延２ 600 660 1 3 2 7 951
856 16 8881 通所リハⅢ２５１・定超・延２ 660 720 1 3 2 3 549
857 16 8882 通所リハⅢ２５２・定超・延２ 660 720 1 3 2 4 650
858 16 8883 通所リハⅢ２５３・定超・延２ 660 720 1 3 2 5 750
859 16 8884 通所リハⅢ２５４・定超・延２ 660 720 1 3 2 6 850
860 16 8885 通所リハⅢ２５５・定超・延２ 660 720 1 3 2 7 951
861 16 8886 通所リハⅢ２５１・定超・延２ 720 780 1 3 2 3 549
862 16 8887 通所リハⅢ２５２・定超・延２ 720 780 1 3 2 4 650
863 16 8888 通所リハⅢ２５３・定超・延２ 720 780 1 3 2 5 750
864 16 8889 通所リハⅢ２５４・定超・延２ 720 780 1 3 2 6 850
865 16 8890 通所リハⅢ２５５・定超・延２ 720 780 1 3 2 7 951
866 16 8891 通所リハⅢ２５１・定超・延２ 780 840 1 3 2 3 549
867 16 8892 通所リハⅢ２５２・定超・延２ 780 840 1 3 2 4 650
868 16 8893 通所リハⅢ２５３・定超・延２ 780 840 1 3 2 5 750
869 16 8894 通所リハⅢ２５４・定超・延２ 780 840 1 3 2 6 850
870 16 8895 通所リハⅢ２５５・定超・延２ 780 840 1 3 2 7 951
871 16 9656 通所リハⅠ１５１・人欠・延２ 600 660 2 1 1 3 570
872 16 9657 通所リハⅠ１５２・人欠・延２ 600 660 2 1 1 4 675
873 16 9658 通所リハⅠ１５３・人欠・延２ 600 660 2 1 1 5 779
874 16 9659 通所リハⅠ１５４・人欠・延２ 600 660 2 1 1 6 885
875 16 9660 通所リハⅠ１５５・人欠・延２ 600 660 2 1 1 7 990
876 16 9661 通所リハⅠ１５１・人欠・延２ 660 720 2 1 1 3 570
877 16 9662 通所リハⅠ１５２・人欠・延２ 660 720 2 1 1 4 675
878 16 9663 通所リハⅠ１５３・人欠・延２ 660 720 2 1 1 5 779
879 16 9664 通所リハⅠ１５４・人欠・延２ 660 720 2 1 1 6 885
880 16 9665 通所リハⅠ１５５・人欠・延２ 660 720 2 1 1 7 990
881 16 9666 通所リハⅠ１５１・人欠・延２ 720 780 2 1 1 3 570
882 16 9667 通所リハⅠ１５２・人欠・延２ 720 780 2 1 1 4 675
883 16 9668 通所リハⅠ１５３・人欠・延２ 720 780 2 1 1 5 779
884 16 9669 通所リハⅠ１５４・人欠・延２ 720 780 2 1 1 6 885
885 16 9670 通所リハⅠ１５５・人欠・延２ 720 780 2 1 1 7 990
886 16 9671 通所リハⅠ１５１・人欠・延２ 780 840 2 1 1 3 570
887 16 9672 通所リハⅠ１５２・人欠・延２ 780 840 2 1 1 4 675
888 16 9673 通所リハⅠ１５３・人欠・延２ 780 840 2 1 1 5 779
889 16 9674 通所リハⅠ１５４・人欠・延２ 780 840 2 1 1 6 885
890 16 9675 通所リハⅠ１５５・人欠・延２ 780 840 2 1 1 7 990
891 16 9676 通所リハⅠ２５１・人欠・延２ 600 660 2 1 2 3 570
892 16 9677 通所リハⅠ２５２・人欠・延２ 600 660 2 1 2 4 675
893 16 9678 通所リハⅠ２５３・人欠・延２ 600 660 2 1 2 5 779
894 16 9679 通所リハⅠ２５４・人欠・延２ 600 660 2 1 2 6 885
895 16 9680 通所リハⅠ２５５・人欠・延２ 600 660 2 1 2 7 990
896 16 9681 通所リハⅠ２５１・人欠・延２ 660 720 2 1 2 3 570
897 16 9682 通所リハⅠ２５２・人欠・延２ 660 720 2 1 2 4 675
898 16 9683 通所リハⅠ２５３・人欠・延２ 660 720 2 1 2 5 779
899 16 9684 通所リハⅠ２５４・人欠・延２ 660 720 2 1 2 6 885
900 16 9685 通所リハⅠ２５５・人欠・延２ 660 720 2 1 2 7 990
901 16 9686 通所リハⅠ２５１・人欠・延２ 720 780 2 1 2 3 570
902 16 9687 通所リハⅠ２５２・人欠・延２ 720 780 2 1 2 4 675
903 16 9688 通所リハⅠ２５３・人欠・延２ 720 780 2 1 2 5 779
904 16 9689 通所リハⅠ２５４・人欠・延２ 720 780 2 1 2 6 885
905 16 9690 通所リハⅠ２５５・人欠・延２ 720 780 2 1 2 7 990
906 16 9691 通所リハⅠ２５１・人欠・延２ 780 840 2 1 2 3 570
907 16 9692 通所リハⅠ２５２・人欠・延２ 780 840 2 1 2 4 675
908 16 9693 通所リハⅠ２５３・人欠・延２ 780 840 2 1 2 5 779
909 16 9694 通所リハⅠ２５４・人欠・延２ 780 840 2 1 2 6 885
910 16 9695 通所リハⅠ２５５・人欠・延２ 780 840 2 1 2 7 990
911 16 9756 通所リハⅡ１５１・人欠・延２ 600 660 2 2 1 3 561
912 16 9757 通所リハⅡ１５２・人欠・延２ 600 660 2 2 1 4 665
913 16 9758 通所リハⅡ１５３・人欠・延２ 600 660 2 2 1 5 768
914 16 9759 通所リハⅡ１５４・人欠・延２ 600 660 2 2 1 6 871
915 16 9760 通所リハⅡ１５５・人欠・延２ 600 660 2 2 1 7 974
916 16 9761 通所リハⅡ１５１・人欠・延２ 660 720 2 2 1 3 561
917 16 9762 通所リハⅡ１５２・人欠・延２ 660 720 2 2 1 4 665
918 16 9763 通所リハⅡ１５３・人欠・延２ 660 720 2 2 1 5 768
919 16 9764 通所リハⅡ１５４・人欠・延２ 660 720 2 2 1 6 871
920 16 9765 通所リハⅡ１５５・人欠・延２ 660 720 2 2 1 7 974
921 16 9766 通所リハⅡ１５１・人欠・延２ 720 780 2 2 1 3 561
922 16 9767 通所リハⅡ１５２・人欠・延２ 720 780 2 2 1 4 665
923 16 9768 通所リハⅡ１５３・人欠・延２ 720 780 2 2 1 5 768
924 16 9769 通所リハⅡ１５４・人欠・延２ 720 780 2 2 1 6 871
925 16 9770 通所リハⅡ１５５・人欠・延２ 720 780 2 2 1 7 974
926 16 9771 通所リハⅡ１５１・人欠・延２ 780 840 2 2 1 3 561
927 16 9772 通所リハⅡ１５２・人欠・延２ 780 840 2 2 1 4 665
928 16 9773 通所リハⅡ１５３・人欠・延２ 780 840 2 2 1 5 768
929 16 9774 通所リハⅡ１５４・人欠・延２ 780 840 2 2 1 6 871
930 16 9775 通所リハⅡ１５５・人欠・延２ 780 840 2 2 1 7 974
931 16 9776 通所リハⅡ２５１・人欠・延２ 600 660 2 2 2 3 561
932 16 9777 通所リハⅡ２５２・人欠・延２ 600 660 2 2 2 4 665
933 16 9778 通所リハⅡ２５３・人欠・延２ 600 660 2 2 2 5 768
934 16 9779 通所リハⅡ２５４・人欠・延２ 600 660 2 2 2 6 871
935 16 9780 通所リハⅡ２５５・人欠・延２ 600 660 2 2 2 7 974
936 16 9781 通所リハⅡ２５１・人欠・延２ 660 720 2 2 2 3 561
937 16 9782 通所リハⅡ２５２・人欠・延２ 660 720 2 2 2 4 665
938 16 9783 通所リハⅡ２５３・人欠・延２ 660 720 2 2 2 5 768
939 16 9784 通所リハⅡ２５４・人欠・延２ 660 720 2 2 2 6 871
940 16 9785 通所リハⅡ２５５・人欠・延２ 660 720 2 2 2 7 974
941 16 9786 通所リハⅡ２５１・人欠・延２ 720 780 2 2 2 3 561
942 16 9787 通所リハⅡ２５２・人欠・延２ 720 780 2 2 2 4 665
943 16 9788 通所リハⅡ２５３・人欠・延２ 720 780 2 2 2 5 768
944 16 9789 通所リハⅡ２５４・人欠・延２ 720 780 2 2 2 6 871
945 16 9790 通所リハⅡ２５５・人欠・延２ 720 780 2 2 2 7 974
946 16 9791 通所リハⅡ２５１・人欠・延２ 780 840 2 2 2 3 561
947 16 9792 通所リハⅡ２５２・人欠・延２ 780 840 2 2 2 4 665
948 16 9793 通所リハⅡ２５３・人欠・延２ 780 840 2 2 2 5 768
949 16 9794 通所リハⅡ２５４・人欠・延２ 780 840 2 2 2 6 871
950 16 9795 通所リハⅡ２５５・人欠・延２ 780 840 2 2 2 7 974
951 16 9856 通所リハⅢ１５１・人欠・延２ 600 660 2 3 1 3 549
952 16 9857 通所リハⅢ１５２・人欠・延２ 600 660 2 3 1 4 650
953 16 9858 通所リハⅢ１５３・人欠・延２ 600 660 2 3 1 5 750
954 16 9859 通所リハⅢ１５４・人欠・延２ 600 660 2 3 1 6 850
955 16 9860 通所リハⅢ１５５・人欠・延２ 600 660 2 3 1 7 951
956 16 9861 通所リハⅢ１５１・人欠・延２ 660 720 2 3 1 3 549
957 16 9862 通所リハⅢ１５２・人欠・延２ 660 720 2 3 1 4 650
958 16 9863 通所リハⅢ１５３・人欠・延２ 660 720 2 3 1 5 750
959 16 9864 通所リハⅢ１５４・人欠・延２ 660 720 2 3 1 6 850
960 16 9865 通所リハⅢ１５５・人欠・延２ 660 720 2 3 1 7 951
961 16 9866 通所リハⅢ１５１・人欠・延２ 720 780 2 3 1 3 549
962 16 9867 通所リハⅢ１５２・人欠・延２ 720 780 2 3 1 4 650
963 16 9868 通所リハⅢ１５３・人欠・延２ 720 780 2 3 1 5 750
964 16 9869 通所リハⅢ１５４・人欠・延２ 720 780 2 3 1 6 850
965 16 9870 通所リハⅢ１５５・人欠・延２ 720 780 2 3 1 7 951
966 16 9871 通所リハⅢ１５１・人欠・延２ 780 840 2 3 1 3 549
967 16 9872 通所リハⅢ１５２・人欠・延２ 780 840 2 3 1 4 650
968 16 9873 通所リハⅢ１５３・人欠・延２ 780 840 2 3 1 5 750
969 16 9874 通所リハⅢ１５４・人欠・延２ 780 840 2 3 1 6 850
970 16 9875 通所リハⅢ１５５・人欠・延２ 780 840 2 3 1 7 951
971 16 9876 通所リハⅢ２５１・人欠・延２ 600 660 2 3 2 3 549
972 16 9877 通所リハⅢ２５２・人欠・延２ 600 660 2 3 2 4 650
973 16 9878 通所リハⅢ２５３・人欠・延２ 600 660 2 3 2 5 750
974 16 9879 通所リハⅢ２５４・人欠・延２ 600 660 2 3 2 6 850
975 16 9880 通所リハⅢ２５５・人欠・延２ 600 660 2 3 2 7 951
976 16 9881 通所リハⅢ２５１・人欠・延２ 660 720 2 3 2 3 549
977 16 9882 通所リハⅢ２５２・人欠・延２ 660 720 2 3 2 4 650
978 16 9883 通所リハⅢ２５３・人欠・延２ 660 720 2 3 2 5 750
979 16 9884 通所リハⅢ２５４・人欠・延２ 660 720 2 3 2 6 850
980 16 9885 通所リハⅢ２５５・人欠・延２ 660 720 2 3 2 7 951
981 16 9886 通所リハⅢ２５１・人欠・延２ 720 780 2 3 2 3 549
982 16 9887 通所リハⅢ２５２・人欠・延２ 720 780 2 3 2 4 650
983 16 9888 通所リハⅢ２５３・人欠・延２ 720 780 2 3 2 5 750
984 16 9889 通所リハⅢ２５４・人欠・延２ 720 780 2 3 2 6 850
985 16 9890 通所リハⅢ２５５・人欠・延２ 720 780 2 3 2 7 951
986 16 9891 通所リハⅢ２５１・人欠・延２ 780 840 2 3 2 3 549
987 16 9892 通所リハⅢ２５２・人欠・延２ 780 840 2 3 2 4 650
988 16 9893 通所リハⅢ２５３・人欠・延２ 780 840 2 3 2 5 750
989 16 9894 通所リハⅢ２５４・人欠・延２ 780 840 2 3 2 6 850
990 16 9895 通所リハⅢ２５５・人欠・延２ 780 840 2 3 2 7 951
991 16 1101 通所リハⅠ１１１・継続 60 120 1 1 1 3 270
992 16 1103 通所リハⅠ１１２・継続 60 120 1 1 1 4 300
993 16 1105 通所リハⅠ１１３・継続 60 120 1 1 1 5 330
994 16 1107 通所リハⅠ１１４・継続 60 120 1 1 1 6 360
995 16 1109 通所リハⅠ１１５・継続 60 120 1 1 1 7 390
996 16 1201 通所リハⅠ１２１・継続 120 180 1 1 1 3 284
997 16 1202 通所リハⅠ１２２・継続 120 180 1 1 1 4 340
998 16 1203 通所リハⅠ１２３・継続 120 180 1 1 1 5 397
999 16 1204 通所リハⅠ１２４・継続 120 180 1 1 1 6 453
1000 16 1205 通所リハⅠ１２５・継続 120 180 1 1 1 7 509
1001 16 1151 通所リハⅠ１３１・継続 180 240 1 1 1 3 386
1002 16 1152 通所リハⅠ１３２・継続 180 240 1 1 1 4 463
1003 16 1153 通所リハⅠ１３３・継続 180 240 1 1 1 5 540
1004 16 1154 通所リハⅠ１３４・継続 180 240 1 1 1 6 617
1005 16 1155 通所リハⅠ１３５・継続 180 240 1 1 1 7 694
1006 16 1161 通所リハⅠ１４１・継続 240 360 1 1 1 3 502
1007 16 1162 通所リハⅠ１４２・継続 240 360 1 1 1 4 610
1008 16 1163 通所リハⅠ１４３・継続 240 360 1 1 1 5 717
1009 16 1164 通所リハⅠ１４４・継続 240 360 1 1 1 6 824
1010 16 1165 通所リハⅠ１４５・継続 240 360 1 1 1 7 931
1011 16 1171 通所リハⅠ１５１・継続 360 480 1 1 1 3 671
1012 16 1172 通所リハⅠ１５２・継続 360 480 1 1 1 4 821
1013 16 1173 通所リハⅠ１５３・継続 360 480 1 1 1 5 970
1014 16 1174 通所リハⅠ１５４・継続 360 480 1 1 1 6 1121
1015 16 1175 通所リハⅠ１５５・継続 360 480 1 1 1 7 1271
1016 16 1181 通所リハⅠ１５１・継続・延１ 480 540 1 1 1 3 721
1017 16 1182 通所リハⅠ１５２・継続・延１ 480 540 1 1 1 4 871
1018 16 1183 通所リハⅠ１５３・継続・延１ 480 540 1 1 1 5 1020
1019 16 1184 通所リハⅠ１５４・継続・延１ 480 540 1 1 1 6 1171
1020 16 1185 通所リハⅠ１５５・継続・延１ 480 540 1 1 1 7 1321
1021 16 1191 通所リハⅠ１５１・継続・延２ 540 600 1 1 1 3 771
1022 16 1192 通所リハⅠ１５２・継続・延２ 540 600 1 1 1 4 921
1023 16 1193 通所リハⅠ１５３・継続・延２ 540 600 1 1 1 5 1070
1024 16 1194 通所リハⅠ１５４・継続・延２ 540 600 1 1 1 6 1221
1025 16 1195 通所リハⅠ１５５・継続・延２ 540 600 1 1 1 7 1371
1026 16 3821 通所リハⅠ１５１・継続・延３ 600 660 1 1 1 3 771
1027 16 3822 通所リハⅠ１５２・継続・延３ 600 660 1 1 1 4 921
1028 16 3823 通所リハⅠ１５３・継続・延３ 600 660 1 1 1 5 1070
1029 16 3824 通所リハⅠ１５４・継続・延３ 600 660 1 1 1 6 1221
1030 16 3825 通所リハⅠ１５５・継続・延３ 600 660 1 1 1 7 1371
1031 16 3826 通所リハⅠ１５１・継続・延４ 660 720 1 1 1 3 771
1032 16 3827 通所リハⅠ１５２・継続・延４ 660 720 1 1 1 4 921
1033 16 3828 通所リハⅠ１５３・継続・延４ 660 720 1 1 1 5 1070
1034 16 3829 通所リハⅠ１５４・継続・延４ 660 720 1 1 1 6 1221
1035 16 3830 通所リハⅠ１５５・継続・延４ 660 720 1 1 1 7 1371
1036 16 3831 通所リハⅠ１５１・継続・延５ 720 780 1 1 1 3 771
1037 16 3832 通所リハⅠ１５２・継続・延５ 720 780 1 1 1 4 921
1038 16 3833 通所リハⅠ１５３・継続・延５ 720 780 1 1 1 5 1070
1039 16 3834 通所リハⅠ１５４・継続・延５ 720 780 1 1 1 6 1221
1040 16 3835 通所リハⅠ１５５・継続・延５ 720 780 1 1 1 7 1371
1041 16 3836 通所リハⅠ１５１・継続・延６ 780 840 1 1 1 3 771
1042 16 3837 通所リハⅠ１５２・継続・延６ 780 840 1 1 1 4 921
1043 16 3838 通所リハⅠ１５３・継続・延６ 780 840 1 1 1 5 1070
1044 16 3839 通所リハⅠ１５４・継続・延６ 780 840 1 1 1 6 1221
1045 16 3840 通所リハⅠ１５５・継続・延６ 780 840 1 1 1 7 1371
1046 16 3701 通所リハⅠ２１１ 60 120 1 1 2 3 270
1047 16 3703 通所リハⅠ２１２ 60 120 1 1 2 4 300
1048 16 3705 通所リハⅠ２１３ 60 120 1 1 2 5 330
1049 16 3707 通所リハⅠ２１４ 60 120 1 1 2 6 360
1050 16 3709 通所リハⅠ２１５ 60 120 1 1 2 7 390
1051 16 3711 通所リハⅠ２２１ 120 180 1 1 2 3 284
1052 16 3712 通所リハⅠ２２２ 120 180 1 1 2 4 340
1053 16 3713 通所リハⅠ２２３ 120 180 1 1 2 5 397
1054 16 3714 通所リハⅠ２２４ 120 180 1 1 2 6 453
1055 16 3715 通所リハⅠ２２５ 120 180 1 1 2 7 509
1056 16 3716 通所リハⅠ２３１ 180 240 1 1 2 3 386
1057 16 3717 通所リハⅠ２３２ 180 240 1 1 2 4 463
1058 16 3718 通所リハⅠ２３３ 180 240 1 1 2 5 540
1059 16 3719 通所リハⅠ２３４ 180 240 1 1 2 6 617
1060 16 3720 通所リハⅠ２３５ 180 240 1 1 2 7 694
1061 16 3721 通所リハⅠ２４１ 240 360 1 1 2 3 502
1062 16 3722 通所リハⅠ２４２ 240 360 1 1 2 4 610
1063 16 3723 通所リハⅠ２４３ 240 360 1 1 2 5 717
1064 16 3724 通所リハⅠ２４４ 240 360 1 1 2 6 824
1065 16 3725 通所リハⅠ２４５ 240 360 1 1 2 7 931
1066 16 3726 通所リハⅠ２５１ 360 480 1 1 2 3 671
1067 16 3727 通所リハⅠ２５２ 360 480 1 1 2 4 821
1068 16 3728 通所リハⅠ２５３ 360 480 1 1 2 5 970
1069 16 3729 通所リハⅠ２５４ 360 480 1 1 2 6 1121
1070 16 3730 通所リハⅠ２５５ 360 480 1 1 2 7 1271
1071 16 3731 通所リハⅠ２５１・継続・延１ 480 540 1 1 2 3 721
1072 16 3732 通所リハⅠ２５２・継続・延１ 480 540 1 1 2 4 871
1073 16 3733 通所リハⅠ２５３・継続・延１ 480 540 1 1 2 5 1020
1074 16 3734 通所リハⅠ２５４・継続・延１ 480 540 1 1 2 6 1171
1075 16 3735 通所リハⅠ２５５・継続・延１ 480 540 1 1 2 7 1321
1076 16 3736 通所リハⅠ２５１・継続・延２ 540 600 1 1 2 3 771
1077 16 3737 通所リハⅠ２５２・継続・延２ 540 600 1 1 2 4 921
1078 16 3738 通所リハⅠ２５３・継続・延２ 540 600 1 1 2 5 1070
1079 16 3739 通所リハⅠ２５４・継続・延２ 540 600 1 1 2 6 1221
1080 16 3740 通所リハⅠ２５５・継続・延２ 540 600 1 1 2 7 1371
1081 16 3841 通所リハⅠ２５１・継続・延３ 600 660 1 1 2 3 771
1082 16 3842 通所リハⅠ２５２・継続・延３ 600 660 1 1 2 4 921
1083 16 3843 通所リハⅠ２５３・継続・延３ 600 660 1 1 2 5 1070
1084 16 3844 通所リハⅠ２５４・継続・延３ 600 660 1 1 2 6 1221
1085 16 3845 通所リハⅠ２５５・継続・延３ 600 660 1 1 2 7 1371
1086 16 3846 通所リハⅠ２５１・継続・延４ 660 720 1 1 2 3 771
1087 16 3847 通所リハⅠ２５２・継続・延４ 660 720 1 1 2 4 921
1088 16 3848 通所リハⅠ２５３・継続・延４ 660 720 1 1 2 5 1070
1089 16 3849 通所リハⅠ２５４・継続・延４ 660 720 1 1 2 6 1221
1090 16 3850 通所リハⅠ２５５・継続・延４ 660 720 1 1 2 7 1371
1091 16 3851 通所リハⅠ２５１・継続・延５ 720 780 1 1 2 3 771
1092 16 3852 通所リハⅠ２５２・継続・延５ 720 780 1 1 2 4 921
1093 16 3853 通所リハⅠ２５３・継続・延５ 720 780 1 1 2 5 1070
1094 16 3854 通所リハⅠ２５４・継続・延５ 720 780 1 1 2 6 1221
1095 16 3855 通所リハⅠ２５５・継続・延５ 720 780 1 1 2 7 1371
1096 16 3856 通所リハⅠ２５１・継続・延６ 780 840 1 1 2 3 771
1097 16 3857 通所リハⅠ２５２・継続・延６ 780 840 1 1 2 4 921
1098 16 3858 通所リハⅠ２５３・継続・延６ 780 840 1 1 2 5 1070
1099 16 3859 通所リハⅠ２５４・継続・延６ 780 840 1 1 2 6 1221
1100 16 3860 通所リハⅠ２５５・継続・延６ 780 840 1 1 2 7 1371
1101 16 2101 通所リハⅡ１１１ 60 120 1 2 1 3 265
1102 16 2103 通所リハⅡ１１２ 60 120 1 2 1 4 295
1103 16 2105 通所リハⅡ１１３ 60 120 1 2 1 5 324
1104 16 2107 通所リハⅡ１１４ 60 120 1 2 1 6 354
1105 16 2109 通所リハⅡ１１５ 60 120 1 2 1 7 383
1106 16 2201 通所リハⅡ１２１ 120 180 1 2 1 3 278
1107 16 2202 通所リハⅡ１２２ 120 180 1 2 1 4 334
1108 16 2203 通所リハⅡ１２３ 120 180 1 2 1 5 390
1109 16 2204 通所リハⅡ１２４ 120 180 1 2 1 6 445
1110 16 2205 通所リハⅡ１２５ 120 180 1 2 1 7 501
1111 16 2151 通所リハⅡ１３１ 180 240 1 2 1 3 379
1112 16 2152 通所リハⅡ１３２ 180 240 1 2 1 4 455
1113 16 2153 通所リハⅡ１３３ 180 240 1 2 1 5 531
1114 16 2154 通所リハⅡ１３４ 180 240 1 2 1 6 606
1115 16 2155 通所リハⅡ１３５ 180 240 1 2 1 7 682
1116 16 2161 通所リハⅡ１４１ 240 360 1 2 1 3 494
1117 16 2162 通所リハⅡ１４２ 240 360 1 2 1 4 599
1118 16 2163 通所リハⅡ１４３ 240 360 1 2 1 5 704
1119 16 2164 通所リハⅡ１４４ 240 360 1 2 1 6 810
1120 16 2165 通所リハⅡ１４５ 240 360 1 2 1 7 916
1121 16 2171 通所リハⅡ１５１ 360 480 1 2 1 3 659
1122 16 2172 通所リハⅡ１５２ 360 480 1 2 1 4 807
1123 16 2173 通所リハⅡ１５３ 360 480 1 2 1 5 954
1124 16 2174 通所リハⅡ１５４ 360 480 1 2 1 6 1101
1125 16 2175 通所リハⅡ１５５ 360 480 1 2 1 7 1249
1126 16 2181 通所リハⅡ１５１・継続・延１ 480 540 1 2 1 3 709
1127 16 2182 通所リハⅡ１５２・継続・延１ 480 540 1 2 1 4 857
1128 16 2183 通所リハⅡ１５３・継続・延１ 480 540 1 2 1 5 1004
1129 16 2184 通所リハⅡ１５４・継続・延１ 480 540 1 2 1 6 1151
1130 16 2185 通所リハⅡ１５５・継続・延１ 480 540 1 2 1 7 1299
1131 16 2191 通所リハⅡ１５１・継続・延２ 540 600 1 2 1 3 759
1132 16 2192 通所リハⅡ１５２・継続・延２ 540 600 1 2 1 4 907
1133 16 2193 通所リハⅡ１５３・継続・延２ 540 600 1 2 1 5 1054
1134 16 2194 通所リハⅡ１５４・継続・延２ 540 600 1 2 1 6 1201
1135 16 2195 通所リハⅡ１５５・継続・延２ 540 600 1 2 1 7 1349
1136 16 3861 通所リハⅡ１５１・継続・延３ 600 660 1 2 1 3 759
1137 16 3862 通所リハⅡ１５２・継続・延３ 600 660 1 2 1 4 907
1138 16 3863 通所リハⅡ１５３・継続・延３ 600 660 1 2 1 5 1054
1139 16 3864 通所リハⅡ１５４・継続・延３ 600 660 1 2 1 6 1201
1140 16 3865 通所リハⅡ１５５・継続・延３ 600 660 1 2 1 7 1349
1141 16 3866 通所リハⅡ１５１・継続・延４ 660 720 1 2 1 3 759
1142 16 3867 通所リハⅡ１５２・継続・延４ 660 720 1 2 1 4 907
1143 16 3868 通所リハⅡ１５３・継続・延４ 660 720 1 2 1 5 1054
1144 16 3869 通所リハⅡ１５４・継続・延４ 660 720 1 2 1 6 1201
1145 16 3870 通所リハⅡ１５５・継続・延４ 660 720 1 2 1 7 1349
1146 16 3871 通所リハⅡ１５１・継続・延５ 720 780 1 2 1 3 759
1147 16 3872 通所リハⅡ１５２・継続・延５ 720 780 1 2 1 4 907
1148 16 3873 通所リハⅡ１５３・継続・延５ 720 780 1 2 1 5 1054
1149 16 3874 通所リハⅡ１５４・継続・延５ 720 780 1 2 1 6 1201
1150 16 3875 通所リハⅡ１５５・継続・延５ 720 780 1 2 1 7 1349
1151 16 3876 通所リハⅡ１５１・継続・延６ 780 840 1 2 1 3 759
1152 16 3877 通所リハⅡ１５２・継続・延６ 780 840 1 2 1 4 907
1153 16 3878 通所リハⅡ１５３・継続・延６ 780 840 1 2 1 5 1054
1154 16 3879 通所リハⅡ１５４・継続・延６ 780 840 1 2 1 6 1201
1155 16 3880 通所リハⅡ１５５・継続・延６ 780 840 1 2 1 7 1349
1156 16 3741 通所リハⅡ２１１ 60 120 1 2 2 3 265
1157 16 3743 通所リハⅡ２１２ 60 120 1 2 2 4 295
1158 16 3745 通所リハⅡ２１３ 60 120 1 2 2 5 324
1159 16 3747 通所リハⅡ２１４ 60 120 1 2 2 6 354
1160 16 3749 通所リハⅡ２１５ 60 120 1 2 2 7 383
1161 16 3751 通所リハⅡ２２１ 120 180 1 2 2 3 278
1162 16 3752 通所リハⅡ２２２ 120 180 1 2 2 4 334
1163 16 3753 通所リハⅡ２２３ 120 180 1 2 2 5 390
1164 16 3754 通所リハⅡ２２４ 120 180 1 2 2 6 445
1165 16 3755 通所リハⅡ２２５ 120 180 1 2 2 7 501
1166 16 3756 通所リハⅡ２３１ 180 240 1 2 2 3 379
1167 16 3757 通所リハⅡ２３２ 180 240 1 2 2 4 455
1168 16 3758 通所リハⅡ２３３ 180 240 1 2 2 5 531
1169 16 3759 通所リハⅡ２３４ 180 240 1 2 2 6 606
1170 16 3760 通所リハⅡ２３５ 180 240 1 2 2 7 682
1171 16 3761 通所リハⅡ２４１ 240 360 1 2 2 3 494
1172 16 3762 通所リハⅡ２４２ 240 360 1 2 2 4 599
1173 16 3763 通所リハⅡ２４３ 240 360 1 2 2 5 704
1174 16 3764 通所リハⅡ２４４ 240 360 1 2 2 6 810
1175 16 3765 通所リハⅡ２４５ 240 360 1 2 2 7 916
1176 16 3766 通所リハⅡ２５１ 360 480 1 2 2 3 659
1177 16 3767 通所リハⅡ２５２ 360 480 1 2 2 4 807
1178 16 3768 通所リハⅡ２５３ 360 480 1 2 2 5 954
1179 16 3769 通所リハⅡ２５４ 360 480 1 2 2 6 1101
1180 16 3770 通所リハⅡ２５５ 360 480 1 2 2 7 1249
1181 16 3771 通所リハⅡ２５１・継続・延１ 480 540 1 2 2 3 709
1182 16 3772 通所リハⅡ２５２・継続・延１ 480 540 1 2 2 4 857
1183 16 3773 通所リハⅡ２５３・継続・延１ 480 540 1 2 2 5 1004
1184 16 3774 通所リハⅡ２５４・継続・延１ 480 540 1 2 2 6 1151
1185 16 3775 通所リハⅡ２５５・継続・延１ 480 540 1 2 2 7 1299
1186 16 3776 通所リハⅡ２５１・継続・延２ 540 600 1 2 2 3 759
1187 16 3777 通所リハⅡ２５２・継続・延２ 540 600 1 2 2 4 907
1188 16 3778 通所リハⅡ２５３・継続・延２ 540 600 1 2 2 5 1054
1189 16 3779 通所リハⅡ２５４・継続・延２ 540 600 1 2 2 6 1201
1190 16 3780 通所リハⅡ２５５・継続・延２ 540 600 1 2 2 7 1349
1191 16 3881 通所リハⅡ２５１・継続・延３ 600 660 1 2 2 3 759
1192 16 3882 通所リハⅡ２５２・継続・延３ 600 660 1 2 2 4 907
1193 16 3883 通所リハⅡ２５３・継続・延３ 600 660 1 2 2 5 1054
1194 16 3884 通所リハⅡ２５４・継続・延３ 600 660 1 2 2 6 1201
1195 16 3885 通所リハⅡ２５５・継続・延３ 600 660 1 2 2 7 1349
1196 16 3886 通所リハⅡ２５１・継続・延４ 660 720 1 2 2 3 759
1197 16 3887 通所リハⅡ２５２・継続・延４ 660 720 1 2 2 4 907
1198 16 3888 通所リハⅡ２５３・継続・延４ 660 720 1 2 2 5 1054
1199 16 3889 通所リハⅡ２５４・継続・延４ 660 720 1 2 2 6 1201
1200 16 3890 通所リハⅡ２５５・継続・延４ 660 720 1 2 2 7 1349
1201 16 3891 通所リハⅡ２５１・継続・延５ 720 780 1 2 2 3 759
1202 16 3892 通所リハⅡ２５２・継続・延５ 720 780 1 2 2 4 907
1203 16 3893 通所リハⅡ２５３・継続・延５ 720 780 1 2 2 5 1054
1204 16 3894 通所リハⅡ２５４・継続・延５ 720 780 1 2 2 6 1201
1205 16 3895 通所リハⅡ２５５・継続・延５ 720 780 1 2 2 7 1349
1206 16 3896 通所リハⅡ２５１・継続・延６ 780 840 1 2 2 3 759
1207 16 3897 通所リハⅡ２５２・継続・延６ 780 840 1 2 2 4 907
1208 16 3898 通所リハⅡ２５３・継続・延６ 780 840 1 2 2 5 1054
1209 16 3899 通所リハⅡ２５４・継続・延６ 780 840 1 2 2 6 1201
1210 16 3900 通所リハⅡ２５５・継続・延６ 780 840 1 2 2 7 1349
1211 16 3101 通所リハⅢ１１１ 60 120 1 3 1 3 258
1212 16 3103 通所リハⅢ１１２ 60 120 1 3 1 4 287
1213 16 3105 通所リハⅢ１１３ 60 120 1 3 1 5 315
1214 16 3107 通所リハⅢ１１４ 60 120 1 3 1 6 344
1215 16 3109 通所リハⅢ１１５ 60 120 1 3 1 7 373
1216 16 3201 通所リハⅢ１２１ 120 180 1 3 1 3 271
1217 16 3202 通所リハⅢ１２２ 120 180 1 3 1 4 326
1218 16 3203 通所リハⅢ１２３ 120 180 1 3 1 5 379
1219 16 3204 通所リハⅢ１２４ 120 180 1 3 1 6 434
1220 16 3205 通所リハⅢ１２５ 120 180 1 3 1 7 487
1221 16 3151 通所リハⅢ１３１ 180 240 1 3 1 3 369
1222 16 3152 通所リハⅢ１３２ 180 240 1 3 1 4 443
1223 16 3153 通所リハⅢ１３３ 180 240 1 3 1 5 516
1224 16 3154 通所リハⅢ１３４ 180 240 1 3 1 6 590
1225 16 3155 通所リハⅢ１３５ 180 240 1 3 1 7 664
1226 16 3161 通所リハⅢ１４１ 240 360 1 3 1 3 480
1227 16 3162 通所リハⅢ１４２ 240 360 1 3 1 4 583
1228 16 3163 通所リハⅢ１４３ 240 360 1 3 1 5 686
1229 16 3164 通所リハⅢ１４４ 240 360 1 3 1 6 788
1230 16 3165 通所リハⅢ１４５ 240 360 1 3 1 7 891
1231 16 3171 通所リハⅢ１５１ 360 480 1 3 1 3 642
1232 16 3172 通所リハⅢ１５２ 360 480 1 3 1 4 785
1233 16 3173 通所リハⅢ１５３ 360 480 1 3 1 5 929
1234 16 3174 通所リハⅢ１５４ 360 480 1 3 1 6 1072
1235 16 3175 通所リハⅢ１５５ 360 480 1 3 1 7 1216
1236 16 3181 通所リハⅢ１５１・継続・延１ 480 540 1 3 1 3 692
1237 16 3182 通所リハⅢ１５２・継続・延１ 480 540 1 3 1 4 835
1238 16 3183 通所リハⅢ１５３・継続・延１ 480 540 1 3 1 5 979
1239 16 3184 通所リハⅢ１５４・継続・延１ 480 540 1 3 1 6 1122
1240 16 3185 通所リハⅢ１５５・継続・延１ 480 540 1 3 1 7 1266
1241 16 3191 通所リハⅢ１５１・継続・延２ 540 600 1 3 1 3 742
1242 16 3192 通所リハⅢ１５２・継続・延２ 540 600 1 3 1 4 885
1243 16 3193 通所リハⅢ１５３・継続・延２ 540 600 1 3 1 5 1029
1244 16 3194 通所リハⅢ１５４・継続・延２ 540 600 1 3 1 6 1172
1245 16 3195 通所リハⅢ１５５・継続・延２ 540 600 1 3 1 7 1316
1246 16 3901 通所リハⅢ１５１・継続・延３ 600 660 1 3 1 3 742
1247 16 3902 通所リハⅢ１５２・継続・延３ 600 660 1 3 1 4 885
1248 16 3903 通所リハⅢ１５３・継続・延３ 600 660 1 3 1 5 1029
1249 16 3904 通所リハⅢ１５４・継続・延３ 600 660 1 3 1 6 1172
1250 16 3905 通所リハⅢ１５５・継続・延３ 600 660 1 3 1 7 1316
1251 16 3906 通所リハⅢ１５１・継続・延４ 660 720 1 3 1 3 742
1252 16 3907 通所リハⅢ１５２・継続・延４ 660 720 1 3 1 4 885
1253 16 3908 通所リハⅢ１５３・継続・延４ 660 720 1 3 1 5 1029
1254 16 3909 通所リハⅢ１５４・継続・延４ 660 720 1 3 1 6 1172
1255 16 3910 通所リハⅢ１５５・継続・延４ 660 720 1 3 1 7 1316
1256 16 3911 通所リハⅢ１５１・継続・延５ 720 780 1 3 1 3 742
1257 16 3912 通所リハⅢ１５２・継続・延５ 720 780 1 3 1 4 885
1258 16 3913 通所リハⅢ１５３・継続・延５ 720 780 1 3 1 5 1029
1259 16 3914 通所リハⅢ１５４・継続・延５ 720 780 1 3 1 6 1172
1260 16 3915 通所リハⅢ１５５・継続・延５ 720 780 1 3 1 7 1316
1261 16 3916 通所リハⅢ１５１・継続・延６ 780 840 1 3 1 3 742
1262 16 3917 通所リハⅢ１５２・継続・延６ 780 840 1 3 1 4 885
1263 16 3918 通所リハⅢ１５３・継続・延６ 780 840 1 3 1 5 1029
1264 16 3919 通所リハⅢ１５４・継続・延６ 780 840 1 3 1 6 1172
1265 16 3920 通所リハⅢ１５５・継続・延６ 780 840 1 3 1 7 1316
1266 16 3781 通所リハⅢ２１１ 60 120 1 3 2 3 258
1267 16 3783 通所リハⅢ２１２ 60 120 1 3 2 4 287
1268 16 3785 通所リハⅢ２１３ 60 120 1 3 2 5 315
1269 16 3787 通所リハⅢ２１４ 60 120 1 3 2 6 344
1270 16 3789 通所リハⅢ２１５ 60 120 1 3 2 7 373
1271 16 3791 通所リハⅢ２２１ 120 180 1 3 2 3 271
1272 16 3792 通所リハⅢ２２２ 120 180 1 3 2 4 326
1273 16 3793 通所リハⅢ２２３ 120 180 1 3 2 5 379
1274 16 3794 通所リハⅢ２２４ 120 180 1 3 2 6 434
1275 16 3795 通所リハⅢ２２５ 120 180 1 3 2 7 487
1276 16 3796 通所リハⅢ２３１ 180 240 1 3 2 3 369
1277 16 3797 通所リハⅢ２３２ 180 240 1 3 2 4 443
1278 16 3798 通所リハⅢ２３３ 180 240 1 3 2 5 516
1279 16 3799 通所リハⅢ２３４ 180 240 1 3 2 6 590
1280 16 3800 通所リハⅢ２３５ 180 240 1 3 2 7 664
1281 16 3801 通所リハⅢ２４１ 240 360 1 3 2 3 480
1282 16 3802 通所リハⅢ２４２ 240 360 1 3 2 4 583
1283 16 3803 通所リハⅢ２４３ 240 360 1 3 2 5 686
1284 16 3804 通所リハⅢ２４４ 240 360 1 3 2 6 788
1285 16 3805 通所リハⅢ２４５ 240 360 1 3 2 7 891
1286 16 3806 通所リハⅢ２５１ 360 480 1 3 2 3 642
1287 16 3807 通所リハⅢ２５２ 360 480 1 3 2 4 785
1288 16 3808 通所リハⅢ２５３ 360 480 1 3 2 5 929
1289 16 3809 通所リハⅢ２５４ 360 480 1 3 2 6 1072
1290 16 3810 通所リハⅢ２５５ 360 480 1 3 2 7 1216
1291 16 3811 通所リハⅢ２５１・継続・延１ 480 540 1 3 2 3 692
1292 16 3812 通所リハⅢ２５２・継続・延１ 480 540 1 3 2 4 835
1293 16 3813 通所リハⅢ２５３・継続・延１ 480 540 1 3 2 5 979
1294 16 3814 通所リハⅢ２５４・継続・延１ 480 540 1 3 2 6 1122
1295 16 3815 通所リハⅢ２５５・継続・延１ 480 540 1 3 2 7 1266
1296 16 3816 通所リハⅢ２５１・継続・延２ 540 600 1 3 2 3 742
1297 16 3817 通所リハⅢ２５２・継続・延２ 540 600 1 3 2 4 885
1298 16 3818 通所リハⅢ２５３・継続・延２ 540 600 1 3 2 5 1029
1299 16 3819 通所リハⅢ２５４・継続・延２ 540 600 1 3 2 6 1172
1300 16 3820 通所リハⅢ２５５・継続・延２ 540 600 1 3 2 7 1316
1301 16 3921 通所リハⅢ２５１・継続・延３ 600 660 1 3 2 3 742
1302 16 3922 通所リハⅢ２５２・継続・延３ 600 660 1 3 2 4 885
1303 16 3923 通所リハⅢ２５３・継続・延３ 600 660 1 3 2 5 1029
1304 16 3924 通所リハⅢ２５４・継続・延３ 600 660 1 3 2 6 1172
1305 16 3925 通所リハⅢ２５５・継続・延３ 600 660 1 3 2 7 1316
1306 16 3926 通所リハⅢ２５１・継続・延４ 660 720 1 3 2 3 742
1307 16 3927 通所リハⅢ２５２・継続・延４ 660 720 1 3 2 4 885
1308 16 3928 通所リハⅢ２５３・継続・延４ 660 720 1 3 2 5 1029
1309 16 3929 通所リハⅢ２５４・継続・延４ 660 720 1 3 2 6 1172
1310 16 3930 通所リハⅢ２５５・継続・延４ 660 720 1 3 2 7 1316
1311 16 3931 通所リハⅢ２５１・継続・延５ 720 780 1 3 2 3 742
1312 16 3932 通所リハⅢ２５２・継続・延５ 720 780 1 3 2 4 885
1313 16 3933 通所リハⅢ２５３・継続・延５ 720 780 1 3 2 5 1029
1314 16 3934 通所リハⅢ２５４・継続・延５ 720 780 1 3 2 6 1172
1315 16 3935 通所リハⅢ２５５・継続・延５ 720 780 1 3 2 7 1316
1316 16 3936 通所リハⅢ２５１・継続・延６ 780 840 1 3 2 3 742
1317 16 3937 通所リハⅢ２５２・継続・延６ 780 840 1 3 2 4 885
1318 16 3938 通所リハⅢ２５３・継続・延６ 780 840 1 3 2 5 1029
1319 16 3939 通所リハⅢ２５４・継続・延６ 780 840 1 3 2 6 1172
1320 16 3940 通所リハⅢ２５５・継続・延６ 780 840 1 3 2 7 1316
1321 16 7331 通所リハⅠ１１１・定超 60 120 1 1 1 3 189
1322 16 7332 通所リハⅠ１１２・定超 60 120 1 1 1 4 210
1323 16 7333 通所リハⅠ１１３・定超 60 120 1 1 1 5 231
1324 16 7334 通所リハⅠ１１４・定超 60 120 1 1 1 6 252
1325 16 7335 通所リハⅠ１１５・定超 60 120 1 1 1 7 273
1326 16 7336 通所リハⅠ１２１・定超 120 180 1 1 1 3 199
1327 16 7337 通所リハⅠ１２２・定超 120 180 1 1 1 4 238
1328 16 7338 通所リハⅠ１２３・定超 120 180 1 1 1 5 278
1329 16 7339 通所リハⅠ１２４・定超 120 180 1 1 1 6 317
1330 16 7340 通所リハⅠ１２５・定超 120 180 1 1 1 7 356
1331 16 7341 通所リハⅠ１３１・定超 180 240 1 1 1 3 270
1332 16 7342 通所リハⅠ１３２・定超 180 240 1 1 1 4 324
1333 16 7343 通所リハⅠ１３３・定超 180 240 1 1 1 5 378
1334 16 7344 通所リハⅠ１３４・定超 180 240 1 1 1 6 432
1335 16 7345 通所リハⅠ１３５・定超 180 240 1 1 1 7 486
1336 16 7346 通所リハⅠ１４１・定超 240 360 1 1 1 3 351
1337 16 7347 通所リハⅠ１４２・定超 240 360 1 1 1 4 427
1338 16 7348 通所リハⅠ１４３・定超 240 360 1 1 1 5 502
1339 16 7349 通所リハⅠ１４４・定超 240 360 1 1 1 6 577
1340 16 7350 通所リハⅠ１４５・定超 240 360 1 1 1 7 652
1341 16 7351 通所リハⅠ１５１・定超 360 480 1 1 1 3 470
1342 16 7352 通所リハⅠ１５２・定超 360 480 1 1 1 4 575
1343 16 7353 通所リハⅠ１５３・定超 360 480 1 1 1 5 679
1344 16 7354 通所リハⅠ１５４・定超 360 480 1 1 1 6 785
1345 16 7355 通所リハⅠ１５５・定超 360 480 1 1 1 7 890
1346 16 7356 通所リハⅠ１５１・定超・延１ 480 540 1 1 1 3 520
1347 16 7357 通所リハⅠ１５２・定超・延１ 480 540 1 1 1 4 625
1348 16 7358 通所リハⅠ１５３・定超・延１ 480 540 1 1 1 5 729
1349 16 7359 通所リハⅠ１５４・定超・延１ 480 540 1 1 1 6 835
1350 16 7360 通所リハⅠ１５５・定超・延１ 480 540 1 1 1 7 940
1351 16 7361 通所リハⅠ１５１・定超・延２ 540 600 1 1 1 3 570
1352 16 7362 通所リハⅠ１５２・定超・延２ 540 600 1 1 1 4 675
1353 16 7363 通所リハⅠ１５３・定超・延２ 540 600 1 1 1 5 779
1354 16 7364 通所リハⅠ１５４・定超・延２ 540 600 1 1 1 6 885
1355 16 7365 通所リハⅠ１５５・定超・延２ 540 600 1 1 1 7 990
1356 16 7366 通所リハⅠ１５１・定超・延３ 600 660 1 1 1 3 570
1357 16 7367 通所リハⅠ１５２・定超・延３ 600 660 1 1 1 4 675
1358 16 7368 通所リハⅠ１５３・定超・延３ 600 660 1 1 1 5 779
1359 16 7369 通所リハⅠ１５４・定超・延３ 600 660 1 1 1 6 885
1360 16 7370 通所リハⅠ１５５・定超・延３ 600 660 1 1 1 7 990
1361 16 7371 通所リハⅠ１５１・定超・延４ 660 720 1 1 1 3 570
1362 16 7372 通所リハⅠ１５２・定超・延４ 660 720 1 1 1 4 675
1363 16 7373 通所リハⅠ１５３・定超・延４ 660 720 1 1 1 5 779
1364 16 7374 通所リハⅠ１５４・定超・延４ 660 720 1 1 1 6 885
1365 16 7375 通所リハⅠ１５５・定超・延４ 660 720 1 1 1 7 990
1366 16 7376 通所リハⅠ１５１・定超・延５ 720 780 1 1 1 3 570
1367 16 7377 通所リハⅠ１５２・定超・延５ 720 780 1 1 1 4 675
1368 16 7378 通所リハⅠ１５３・定超・延５ 720 780 1 1 1 5 779
1369 16 7379 通所リハⅠ１５４・定超・延５ 720 780 1 1 1 6 885
1370 16 7380 通所リハⅠ１５５・定超・延５ 720 780 1 1 1 7 990
1371 16 7381 通所リハⅠ１５１・定超・延６ 780 840 1 1 1 3 570
1372 16 7382 通所リハⅠ１５２・定超・延６ 780 840 1 1 1 4 675
1373 16 7383 通所リハⅠ１５３・定超・延６ 780 840 1 1 1 5 779
1374 16 7384 通所リハⅠ１５４・定超・延６ 780 840 1 1 1 6 885
1375 16 7385 通所リハⅠ１５５・定超・延６ 780 840 1 1 1 7 990
1376 16 7386 通所リハⅠ２１１・定超 60 120 1 1 2 3 189
1377 16 7387 通所リハⅠ２１２・定超 60 120 1 1 2 4 210
1378 16 7388 通所リハⅠ２１３・定超 60 120 1 1 2 5 231
1379 16 7389 通所リハⅠ２１４・定超 60 120 1 1 2 6 252
1380 16 7390 通所リハⅠ２１５・定超 60 120 1 1 2 7 273
1381 16 7391 通所リハⅠ２２１・定超 120 180 1 1 2 3 199
1382 16 7392 通所リハⅠ２２２・定超 120 180 1 1 2 4 238
1383 16 7393 通所リハⅠ２２３・定超 120 180 1 1 2 5 278
1384 16 7394 通所リハⅠ２２４・定超 120 180 1 1 2 6 317
1385 16 7395 通所リハⅠ２２５・定超 120 180 1 1 2 7 356
1386 16 7396 通所リハⅠ２３１・定超 180 240 1 1 2 3 270
1387 16 7397 通所リハⅠ２３２・定超 180 240 1 1 2 4 324
1388 16 7398 通所リハⅠ２３３・定超 180 240 1 1 2 5 378
1389 16 7399 通所リハⅠ２３４・定超 180 240 1 1 2 6 432
1390 16 7400 通所リハⅠ２３５・定超 180 240 1 1 2 7 486
1391 16 7401 通所リハⅠ２４１・定超 240 360 1 1 2 3 351
1392 16 7402 通所リハⅠ２４２・定超 240 360 1 1 2 4 427
1393 16 7403 通所リハⅠ２４３・定超 240 360 1 1 2 5 502
1394 16 7404 通所リハⅠ２４４・定超 240 360 1 1 2 6 577
1395 16 7405 通所リハⅠ２４５・定超 240 360 1 1 2 7 652
1396 16 7406 通所リハⅠ２５１・定超 360 480 1 1 2 3 470
1397 16 7407 通所リハⅠ２５２・定超 360 480 1 1 2 4 575
1398 16 7408 通所リハⅠ２５３・定超 360 480 1 1 2 5 679
1399 16 7409 通所リハⅠ２５４・定超 360 480 1 1 2 6 785
1400 16 7410 通所リハⅠ２５５・定超 360 480 1 1 2 7 890
1401 16 7411 通所リハⅠ２５１・定超・延１ 480 540 1 1 2 3 520
1402 16 7412 通所リハⅠ２５２・定超・延１ 480 540 1 1 2 4 625
1403 16 7413 通所リハⅠ２５３・定超・延１ 480 540 1 1 2 5 729
1404 16 7414 通所リハⅠ２５４・定超・延１ 480 540 1 1 2 6 835
1405 16 7415 通所リハⅠ２５５・定超・延１ 480 540 1 1 2 7 940
1406 16 7416 通所リハⅠ２５１・定超・延２ 540 600 1 1 2 3 570
1407 16 7417 通所リハⅠ２５２・定超・延２ 540 600 1 1 2 4 675
1408 16 7418 通所リハⅠ２５３・定超・延２ 540 600 1 1 2 5 779
1409 16 7419 通所リハⅠ２５４・定超・延２ 540 600 1 1 2 6 885
1410 16 7420 通所リハⅠ２５５・定超・延２ 540 600 1 1 2 7 990
1411 16 7421 通所リハⅠ２５１・定超・延３ 600 660 1 1 2 3 570
1412 16 7422 通所リハⅠ２５２・定超・延３ 600 660 1 1 2 4 675
1413 16 7423 通所リハⅠ２５３・定超・延３ 600 660 1 1 2 5 779
1414 16 7424 通所リハⅠ２５４・定超・延３ 600 660 1 1 2 6 885
1415 16 7425 通所リハⅠ２５５・定超・延３ 600 660 1 1 2 7 990
1416 16 7426 通所リハⅠ２５１・定超・延４ 660 720 1 1 2 3 570
1417 16 7427 通所リハⅠ２５２・定超・延４ 660 720 1 1 2 4 675
1418 16 7428 通所リハⅠ２５３・定超・延４ 660 720 1 1 2 5 779
1419 16 7429 通所リハⅠ２５４・定超・延４ 660 720 1 1 2 6 885
1420 16 7430 通所リハⅠ２５５・定超・延４ 660 720 1 1 2 7 990
1421 16 7431 通所リハⅠ２５１・定超・延５ 720 780 1 1 2 3 570
1422 16 7432 通所リハⅠ２５２・定超・延５ 720 780 1 1 2 4 675
1423 16 7433 通所リハⅠ２５３・定超・延５ 720 780 1 1 2 5 779
1424 16 7434 通所リハⅠ２５４・定超・延５ 720 780 1 1 2 6 885
1425 16 7435 通所リハⅠ２５５・定超・延５ 720 780 1 1 2 7 990
1426 16 7436 通所リハⅠ２５１・定超・延６ 780 840 1 1 2 3 570
1427 16 7437 通所リハⅠ２５２・定超・延６ 780 840 1 1 2 4 675
1428 16 7438 通所リハⅠ２５３・定超・延６ 780 840 1 1 2 5 779
1429 16 7439 通所リハⅠ２５４・定超・延６ 780 840 1 1 2 6 885
1430 16 7440 通所リハⅠ２５５・定超・延６ 780 840 1 1 2 7 990
1431 16 7441 通所リハⅡ１１１・定超 60 120 1 2 1 3 186
1432 16 7442 通所リハⅡ１１２・定超 60 120 1 2 1 4 207
1433 16 7443 通所リハⅡ１１３・定超 60 120 1 2 1 5 227
1434 16 7444 通所リハⅡ１１４・定超 60 120 1 2 1 6 248
1435 16 7445 通所リハⅡ１１５・定超 60 120 1 2 1 7 268
1436 16 7446 通所リハⅡ１２１・定超 120 180 1 2 1 3 195
1437 16 7447 通所リハⅡ１２２・定超 120 180 1 2 1 4 234
1438 16 7448 通所リハⅡ１２３・定超 120 180 1 2 1 5 273
1439 16 7449 通所リハⅡ１２４・定超 120 180 1 2 1 6 312
1440 16 7450 通所リハⅡ１２５・定超 120 180 1 2 1 7 351
1441 16 7451 通所リハⅡ１３１・定超 180 240 1 2 1 3 265
1442 16 7452 通所リハⅡ１３２・定超 180 240 1 2 1 4 319
1443 16 7453 通所リハⅡ１３３・定超 180 240 1 2 1 5 372
1444 16 7454 通所リハⅡ１３４・定超 180 240 1 2 1 6 424
1445 16 7455 通所リハⅡ１３５・定超 180 240 1 2 1 7 477
1446 16 7456 通所リハⅡ１４１・定超 240 360 1 2 1 3 346
1447 16 7457 通所リハⅡ１４２・定超 240 360 1 2 1 4 419
1448 16 7458 通所リハⅡ１４３・定超 240 360 1 2 1 5 493
1449 16 7459 通所リハⅡ１４４・定超 240 360 1 2 1 6 567
1450 16 7460 通所リハⅡ１４５・定超 240 360 1 2 1 7 641
1451 16 7461 通所リハⅡ１５１・定超 360 480 1 2 1 3 461
1452 16 7462 通所リハⅡ１５２・定超 360 480 1 2 1 4 565
1453 16 7463 通所リハⅡ１５３・定超 360 480 1 2 1 5 668
1454 16 7464 通所リハⅡ１５４・定超 360 480 1 2 1 6 771
1455 16 7465 通所リハⅡ１５５・定超 360 480 1 2 1 7 874
1456 16 7466 通所リハⅡ１５１・定超・延１ 480 540 1 2 1 3 511
1457 16 7467 通所リハⅡ１５２・定超・延１ 480 540 1 2 1 4 615
1458 16 7468 通所リハⅡ１５３・定超・延１ 480 540 1 2 1 5 718
1459 16 7469 通所リハⅡ１５４・定超・延１ 480 540 1 2 1 6 821
1460 16 7470 通所リハⅡ１５５・定超・延１ 480 540 1 2 1 7 924
1461 16 7471 通所リハⅡ１５１・定超・延２ 540 600 1 2 1 3 561
1462 16 7472 通所リハⅡ１５２・定超・延２ 540 600 1 2 1 4 665
1463 16 7473 通所リハⅡ１５３・定超・延２ 540 600 1 2 1 5 768
1464 16 7474 通所リハⅡ１５４・定超・延２ 540 600 1 2 1 6 871
1465 16 7475 通所リハⅡ１５５・定超・延２ 540 600 1 2 1 7 974
1466 16 7476 通所リハⅡ１５１・定超・延３ 600 660 1 2 1 3 561
1467 16 7477 通所リハⅡ１５２・定超・延３ 600 660 1 2 1 4 665
1468 16 7478 通所リハⅡ１５３・定超・延３ 600 660 1 2 1 5 768
1469 16 7479 通所リハⅡ１５４・定超・延３ 600 660 1 2 1 6 871
1470 16 7480 通所リハⅡ１５５・定超・延３ 600 660 1 2 1 7 974
1471 16 7481 通所リハⅡ１５１・定超・延４ 660 720 1 2 1 3 561
1472 16 7482 通所リハⅡ１５２・定超・延４ 660 720 1 2 1 4 665
1473 16 7483 通所リハⅡ１５３・定超・延４ 660 720 1 2 1 5 768
1474 16 7484 通所リハⅡ１５４・定超・延４ 660 720 1 2 1 6 871
1475 16 7485 通所リハⅡ１５５・定超・延４ 660 720 1 2 1 7 974
1476 16 7486 通所リハⅡ１５１・定超・延５ 720 780 1 2 1 3 561
1477 16 7487 通所リハⅡ１５２・定超・延５ 720 780 1 2 1 4 665
1478 16 7488 通所リハⅡ１５３・定超・延５ 720 780 1 2 1 5 768
1479 16 7489 通所リハⅡ１５４・定超・延５ 720 780 1 2 1 6 871
1480 16 7490 通所リハⅡ１５５・定超・延５ 720 780 1 2 1 7 974
1481 16 7491 通所リハⅡ１５１・定超・延６ 780 840 1 2 1 3 561
1482 16 7492 通所リハⅡ１５２・定超・延６ 780 840 1 2 1 4 665
1483 16 7493 通所リハⅡ１５３・定超・延６ 780 840 1 2 1 5 768
1484 16 7494 通所リハⅡ１５４・定超・延６ 780 840 1 2 1 6 871
1485 16 7495 通所リハⅡ１５５・定超・延６ 780 840 1 2 1 7 974
1486 16 7496 通所リハⅡ２１１・定超 60 120 1 2 2 3 186
1487 16 7497 通所リハⅡ２１２・定超 60 120 1 2 2 4 207
1488 16 7498 通所リハⅡ２１３・定超 60 120 1 2 2 5 227
1489 16 7499 通所リハⅡ２１４・定超 60 120 1 2 2 6 248
1490 16 7500 通所リハⅡ２１５・定超 60 120 1 2 2 7 268
1491 16 7501 通所リハⅡ２２１・定超 120 180 1 2 2 3 195
1492 16 7502 通所リハⅡ２２２・定超 120 180 1 2 2 4 234
1493 16 7503 通所リハⅡ２２３・定超 120 180 1 2 2 5 273
1494 16 7504 通所リハⅡ２２４・定超 120 180 1 2 2 6 312
1495 16 7505 通所リハⅡ２２５・定超 120 180 1 2 2 7 351
1496 16 7506 通所リハⅡ２３１・定超 180 240 1 2 2 3 265
1497 16 7507 通所リハⅡ２３２・定超 180 240 1 2 2 4 319
1498 16 7508 通所リハⅡ２３３・定超 180 240 1 2 2 5 372
1499 16 7509 通所リハⅡ２３４・定超 180 240 1 2 2 6 424
1500 16 7510 通所リハⅡ２３５・定超 180 240 1 2 2 7 477
1501 16 7511 通所リハⅡ２４１・定超 240 360 1 2 2 3 346
1502 16 7512 通所リハⅡ２４２・定超 240 360 1 2 2 4 419
1503 16 7513 通所リハⅡ２４３・定超 240 360 1 2 2 5 493
1504 16 7514 通所リハⅡ２４４・定超 240 360 1 2 2 6 567
1505 16 7515 通所リハⅡ２４５・定超 240 360 1 2 2 7 641
1506 16 7516 通所リハⅡ２５１・定超 360 480 1 2 2 3 461
1507 16 7517 通所リハⅡ２５２・定超 360 480 1 2 2 4 565
1508 16 7518 通所リハⅡ２５３・定超 360 480 1 2 2 5 668
1509 16 7519 通所リハⅡ２５４・定超 360 480 1 2 2 6 771
1510 16 7520 通所リハⅡ２５５・定超 360 480 1 2 2 7 874
1511 16 7521 通所リハⅡ２５１・定超・延１ 480 540 1 2 2 3 511
1512 16 7522 通所リハⅡ２５２・定超・延１ 480 540 1 2 2 4 615
1513 16 7523 通所リハⅡ２５３・定超・延１ 480 540 1 2 2 5 718
1514 16 7524 通所リハⅡ２５４・定超・延１ 480 540 1 2 2 6 821
1515 16 7525 通所リハⅡ２５５・定超・延１ 480 540 1 2 2 7 924
1516 16 7526 通所リハⅡ２５１・定超・延２ 540 600 1 2 2 3 561
1517 16 7527 通所リハⅡ２５２・定超・延２ 540 600 1 2 2 4 665
1518 16 7528 通所リハⅡ２５３・定超・延２ 540 600 1 2 2 5 768
1519 16 7529 通所リハⅡ２５４・定超・延２ 540 600 1 2 2 6 871
1520 16 7530 通所リハⅡ２５５・定超・延２ 540 600 1 2 2 7 974
1521 16 7531 通所リハⅡ２５１・定超・延２ 600 660 1 2 2 3 561
1522 16 7532 通所リハⅡ２５２・定超・延２ 600 660 1 2 2 4 665
1523 16 7533 通所リハⅡ２５３・定超・延２ 600 660 1 2 2 5 768
1524 16 7534 通所リハⅡ２５４・定超・延２ 600 660 1 2 2 6 871
1525 16 7535 通所リハⅡ２５５・定超・延２ 600 660 1 2 2 7 974
1526 16 7536 通所リハⅡ２５１・定超・延２ 660 720 1 2 2 3 561
1527 16 7537 通所リハⅡ２５２・定超・延２ 660 720 1 2 2 4 665
1528 16 7538 通所リハⅡ２５３・定超・延２ 660 720 1 2 2 5 768
1529 16 7539 通所リハⅡ２５４・定超・延２ 660 720 1 2 2 6 871
1530 16 7540 通所リハⅡ２５５・定超・延２ 660 720 1 2 2 7 974
1531 16 7541 通所リハⅡ２５１・定超・延２ 720 780 1 2 2 3 561
1532 16 7542 通所リハⅡ２５２・定超・延２ 720 780 1 2 2 4 665
1533 16 7543 通所リハⅡ２５３・定超・延２ 720 780 1 2 2 5 768
1534 16 7544 通所リハⅡ２５４・定超・延２ 720 780 1 2 2 6 871
1535 16 7545 通所リハⅡ２５５・定超・延２ 720 780 1 2 2 7 974
1536 16 7546 通所リハⅡ２５１・定超・延２ 780 840 1 2 2 3 561
1537 16 7547 通所リハⅡ２５２・定超・延２ 780 840 1 2 2 4 665
1538 16 7548 通所リハⅡ２５３・定超・延２ 780 840 1 2 2 5 768
1539 16 7549 通所リハⅡ２５４・定超・延２ 780 840 1 2 2 6 871
1540 16 7550 通所リハⅡ２５５・定超・延２ 780 840 1 2 2 7 974
1541 16 7551 通所リハⅢ１１１・定超 60 120 1 3 1 3 181
1542 16 7552 通所リハⅢ１１２・定超 60 120 1 3 1 4 201
1543 16 7553 通所リハⅢ１１３・定超 60 120 1 3 1 5 221
1544 16 7554 通所リハⅢ１１４・定超 60 120 1 3 1 6 241
1545 16 7555 通所リハⅢ１１５・定超 60 120 1 3 1 7 261
1546 16 7556 通所リハⅢ１２１・定超 120 180 1 3 1 3 190
1547 16 7557 通所リハⅢ１２２・定超 120 180 1 3 1 4 228
1548 16 7558 通所リハⅢ１２３・定超 120 180 1 3 1 5 265
1549 16 7559 通所リハⅢ１２４・定超 120 180 1 3 1 6 304
1550 16 7560 通所リハⅢ１２５・定超 120 180 1 3 1 7 341
1551 16 7561 通所リハⅢ１３１・定超 180 240 1 3 1 3 258
1552 16 7562 通所リハⅢ１３２・定超 180 240 1 3 1 4 310
1553 16 7563 通所リハⅢ１３３・定超 180 240 1 3 1 5 361
1554 16 7564 通所リハⅢ１３４・定超 180 240 1 3 1 6 413
1555 16 7565 通所リハⅢ１３５・定超 180 240 1 3 1 7 465
1556 16 7566 通所リハⅢ１４１・定超 240 360 1 3 1 3 336
1557 16 7567 通所リハⅢ１４２・定超 240 360 1 3 1 4 408
1558 16 7568 通所リハⅢ１４３・定超 240 360 1 3 1 5 480
1559 16 7569 通所リハⅢ１４４・定超 240 360 1 3 1 6 552
1560 16 7570 通所リハⅢ１４５・定超 240 360 1 3 1 7 624
1561 16 7571 通所リハⅢ１５１・定超 360 480 1 3 1 3 449
1562 16 7572 通所リハⅢ１５２・定超 360 480 1 3 1 4 550
1563 16 7573 通所リハⅢ１５３・定超 360 480 1 3 1 5 650
1564 16 7574 通所リハⅢ１５４・定超 360 480 1 3 1 6 750
1565 16 7575 通所リハⅢ１５５・定超 360 480 1 3 1 7 851
1566 16 7576 通所リハⅢ１５１・定超・延１ 480 540 1 3 1 3 499
1567 16 7577 通所リハⅢ１５２・定超・延１ 480 540 1 3 1 4 600
1568 16 7578 通所リハⅢ１５３・定超・延１ 480 540 1 3 1 5 700
1569 16 7579 通所リハⅢ１５４・定超・延１ 480 540 1 3 1 6 800
1570 16 7580 通所リハⅢ１５５・定超・延１ 480 540 1 3 1 7 901
1571 16 7581 通所リハⅢ１５１・定超・延２ 540 600 1 3 1 3 549
1572 16 7582 通所リハⅢ１５２・定超・延２ 540 600 1 3 1 4 650
1573 16 7583 通所リハⅢ１５３・定超・延２ 540 600 1 3 1 5 750
1574 16 7584 通所リハⅢ１５４・定超・延２ 540 600 1 3 1 6 850
1575 16 7585 通所リハⅢ１５５・定超・延２ 540 600 1 3 1 7 951
1576 16 7586 通所リハⅢ１５１・定超・延２ 600 660 1 3 1 3 549
1577 16 7587 通所リハⅢ１５２・定超・延２ 600 660 1 3 1 4 650
1578 16 7588 通所リハⅢ１５３・定超・延２ 600 660 1 3 1 5 750
1579 16 7589 通所リハⅢ１５４・定超・延２ 600 660 1 3 1 6 850
1580 16 7590 通所リハⅢ１５５・定超・延２ 600 660 1 3 1 7 951
1581 16 7591 通所リハⅢ１５１・定超・延２ 660 720 1 3 1 3 549
1582 16 7592 通所リハⅢ１５２・定超・延２ 660 720 1 3 1 4 650
1583 16 7593 通所リハⅢ１５３・定超・延２ 660 720 1 3 1 5 750
1584 16 7594 通所リハⅢ１５４・定超・延２ 660 720 1 3 1 6 850
1585 16 7595 通所リハⅢ１５５・定超・延２ 660 720 1 3 1 7 951
1586 16 7596 通所リハⅢ１５１・定超・延２ 720 780 1 3 1 3 549
1587 16 7597 通所リハⅢ１５２・定超・延２ 720 780 1 3 1 4 650
1588 16 7598 通所リハⅢ１５３・定超・延２ 720 780 1 3 1 5 750
1589 16 7599 通所リハⅢ１５４・定超・延２ 720 780 1 3 1 6 850
1590 16 7600 通所リハⅢ１５５・定超・延２ 720 780 1 3 1 7 951
1591 16 7601 通所リハⅢ１５１・定超・延２ 780 840 1 3 1 3 549
1592 16 7602 通所リハⅢ１５２・定超・延２ 780 840 1 3 1 4 650
1593 16 7603 通所リハⅢ１５３・定超・延２ 780 840 1 3 1 5 750
1594 16 7604 通所リハⅢ１５４・定超・延２ 780 840 1 3 1 6 850
1595 16 7605 通所リハⅢ１５５・定超・延２ 780 840 1 3 1 7 951
1596 16 7606 通所リハⅢ２１１・定超 60 120 1 3 2 3 181
1597 16 7607 通所リハⅢ２１２・定超 60 120 1 3 2 4 201
1598 16 7608 通所リハⅢ２１３・定超 60 120 1 3 2 5 221
1599 16 7609 通所リハⅢ２１４・定超 60 120 1 3 2 6 241
1600 16 7610 通所リハⅢ２１５・定超 60 120 1 3 2 7 261
1601 16 7611 通所リハⅢ２２１・定超 120 180 1 3 2 3 190
1602 16 7612 通所リハⅢ２２２・定超 120 180 1 3 2 4 228
1603 16 7613 通所リハⅢ２２３・定超 120 180 1 3 2 5 265
1604 16 7614 通所リハⅢ２２４・定超 120 180 1 3 2 6 304
1605 16 7615 通所リハⅢ２２５・定超 120 180 1 3 2 7 341
1606 16 7616 通所リハⅢ２３１・定超 180 240 1 3 2 3 258
1607 16 7617 通所リハⅢ２３２・定超 180 240 1 3 2 4 310
1608 16 7618 通所リハⅢ２３３・定超 180 240 1 3 2 5 361
1609 16 7619 通所リハⅢ２３４・定超 180 240 1 3 2 6 413
1610 16 7620 通所リハⅢ２３５・定超 180 240 1 3 2 7 465
1611 16 7621 通所リハⅢ２４１・定超 240 360 1 3 2 3 336
1612 16 7622 通所リハⅢ２４２・定超 240 360 1 3 2 4 408
1613 16 7623 通所リハⅢ２４３・定超 240 360 1 3 2 5 480
1614 16 7624 通所リハⅢ２４４・定超 240 360 1 3 2 6 552
1615 16 7625 通所リハⅢ２４５・定超 240 360 1 3 2 7 624
1616 16 7626 通所リハⅢ２５１・定超 360 480 1 3 2 3 449
1617 16 7627 通所リハⅢ２５２・定超 360 480 1 3 2 4 550
1618 16 7628 通所リハⅢ２５３・定超 360 480 1 3 2 5 650
1619 16 7629 通所リハⅢ２５４・定超 360 480 1 3 2 6 750
1620 16 7630 通所リハⅢ２５５・定超 360 480 1 3 2 7 851
1621 16 7631 通所リハⅢ２５１・定超・延１ 480 540 1 3 2 3 499
1622 16 7632 通所リハⅢ２５２・定超・延１ 480 540 1 3 2 4 600
1623 16 7633 通所リハⅢ２５３・定超・延１ 480 540 1 3 2 5 700
1624 16 7634 通所リハⅢ２５４・定超・延１ 480 540 1 3 2 6 800
1625 16 7635 通所リハⅢ２５５・定超・延１ 480 540 1 3 2 7 901
1626 16 7636 通所リハⅢ２５１・定超・延２ 540 600 1 3 2 3 549
1627 16 7637 通所リハⅢ２５２・定超・延２ 540 600 1 3 2 4 650
1628 16 7638 通所リハⅢ２５３・定超・延２ 540 600 1 3 2 5 750
1629 16 7639 通所リハⅢ２５４・定超・延２ 540 600 1 3 2 6 850
1630 16 7640 通所リハⅢ２５５・定超・延２ 540 600 1 3 2 7 951
1631 16 7641 通所リハⅢ２５１・定超・延２ 600 660 1 3 2 3 549
1632 16 7642 通所リハⅢ２５２・定超・延２ 600 660 1 3 2 4 650
1633 16 7643 通所リハⅢ２５３・定超・延２ 600 660 1 3 2 5 750
1634 16 7644 通所リハⅢ２５４・定超・延２ 600 660 1 3 2 6 850
1635 16 7645 通所リハⅢ２５５・定超・延２ 600 660 1 3 2 7 951
1636 16 7646 通所リハⅢ２５１・定超・延２ 660 720 1 3 2 3 549
1637 16 7647 通所リハⅢ２５２・定超・延２ 660 720 1 3 2 4 650
1638 16 7648 通所リハⅢ２５３・定超・延２ 660 720 1 3 2 5 750
1639 16 7649 通所リハⅢ２５４・定超・延２ 660 720 1 3 2 6 850
1640 16 7650 通所リハⅢ２５５・定超・延２ 660 720 1 3 2 7 951
1641 16 7651 通所リハⅢ２５１・定超・延２ 720 780 1 3 2 3 549
1642 16 7652 通所リハⅢ２５２・定超・延２ 720 780 1 3 2 4 650
1643 16 7653 通所リハⅢ２５３・定超・延２ 720 780 1 3 2 5 750
1644 16 7654 通所リハⅢ２５４・定超・延２ 720 780 1 3 2 6 850
1645 16 7655 通所リハⅢ２５５・定超・延２ 720 780 1 3 2 7 951
1646 16 7656 通所リハⅢ２５１・定超・延２ 780 840 1 3 2 3 549
1647 16 7657 通所リハⅢ２５２・定超・延２ 780 840 1 3 2 4 650
1648 16 7658 通所リハⅢ２５３・定超・延２ 780 840 1 3 2 5 750
1649 16 7659 通所リハⅢ２５４・定超・延２ 780 840 1 3 2 6 850
1650 16 7660 通所リハⅢ２５５・定超・延２ 780 840 1 3 2 7 951
1651 16 7661 通所リハⅠ１１１・人欠 60 120 2 1 1 3 189
1652 16 7662 通所リハⅠ１１２・人欠 60 120 2 1 1 4 210
1653 16 7663 通所リハⅠ１１３・人欠 60 120 2 1 1 5 231
1654 16 7664 通所リハⅠ１１４・人欠 60 120 2 1 1 6 252
1655 16 7665 通所リハⅠ１１５・人欠 60 120 2 1 1 7 273
1656 16 7666 通所リハⅠ１２１・人欠 120 180 2 1 1 3 199
1657 16 7667 通所リハⅠ１２２・人欠 120 180 2 1 1 4 238
1658 16 7668 通所リハⅠ１２３・人欠 120 180 2 1 1 5 278
1659 16 7669 通所リハⅠ１２４・人欠 120 180 2 1 1 6 317
1660 16 7670 通所リハⅠ１２５・人欠 120 180 2 1 1 7 356
1661 16 7671 通所リハⅠ１３１・人欠 180 240 2 1 1 3 270
1662 16 7672 通所リハⅠ１３２・人欠 180 240 2 1 1 4 324
1663 16 7673 通所リハⅠ１３３・人欠 180 240 2 1 1 5 378
1664 16 7674 通所リハⅠ１３４・人欠 180 240 2 1 1 6 432
1665 16 7675 通所リハⅠ１３５・人欠 180 240 2 1 1 7 486
1666 16 7676 通所リハⅠ１４１・人欠 240 360 2 1 1 3 351
1667 16 7677 通所リハⅠ１４２・人欠 240 360 2 1 1 4 427
1668 16 7678 通所リハⅠ１４３・人欠 240 360 2 1 1 5 502
1669 16 7679 通所リハⅠ１４４・人欠 240 360 2 1 1 6 577
1670 16 7680 通所リハⅠ１４５・人欠 240 360 2 1 1 7 652
1671 16 7681 通所リハⅠ１５１・人欠 360 480 2 1 1 3 470
1672 16 7682 通所リハⅠ１５２・人欠 360 480 2 1 1 4 575
1673 16 7683 通所リハⅠ１５３・人欠 360 480 2 1 1 5 679
1674 16 7684 通所リハⅠ１５４・人欠 360 480 2 1 1 6 785
1675 16 7685 通所リハⅠ１５５・人欠 360 480 2 1 1 7 890
1676 16 7686 通所リハⅠ１５１・人欠・延１ 480 540 2 1 1 3 520
1677 16 7687 通所リハⅠ１５２・人欠・延１ 480 540 2 1 1 4 625
1678 16 7688 通所リハⅠ１５３・人欠・延１ 480 540 2 1 1 5 729
1679 16 7689 通所リハⅠ１５４・人欠・延１ 480 540 2 1 1 6 835
1680 16 7690 通所リハⅠ１５５・人欠・延１ 480 540 2 1 1 7 940
1681 16 7691 通所リハⅠ１５１・人欠・延２ 540 600 2 1 1 3 570
1682 16 7692 通所リハⅠ１５２・人欠・延２ 540 600 2 1 1 4 675
1683 16 7693 通所リハⅠ１５３・人欠・延２ 540 600 2 1 1 5 779
1684 16 7694 通所リハⅠ１５４・人欠・延２ 540 600 2 1 1 6 885
1685 16 7695 通所リハⅠ１５５・人欠・延２ 540 600 2 1 1 7 990
1686 16 7696 通所リハⅠ１５１・人欠・延２ 600 660 2 1 1 3 570
1687 16 7697 通所リハⅠ１５２・人欠・延２ 600 660 2 1 1 4 675
1688 16 7698 通所リハⅠ１５３・人欠・延２ 600 660 2 1 1 5 779
1689 16 7699 通所リハⅠ１５４・人欠・延２ 600 660 2 1 1 6 885
1690 16 7700 通所リハⅠ１５５・人欠・延２ 600 660 2 1 1 7 990
1691 16 7701 通所リハⅠ１５１・人欠・延２ 660 720 2 1 1 3 570
1692 16 7702 通所リハⅠ１５２・人欠・延２ 660 720 2 1 1 4 675
1693 16 7703 通所リハⅠ１５３・人欠・延２ 660 720 2 1 1 5 779
1694 16 7704 通所リハⅠ１５４・人欠・延２ 660 720 2 1 1 6 885
1695 16 7705 通所リハⅠ１５５・人欠・延２ 660 720 2 1 1 7 990
1696 16 7706 通所リハⅠ１５１・人欠・延２ 720 780 2 1 1 3 570
1697 16 7707 通所リハⅠ１５２・人欠・延２ 720 780 2 1 1 4 675
1698 16 7708 通所リハⅠ１５３・人欠・延２ 720 780 2 1 1 5 779
1699 16 7709 通所リハⅠ１５４・人欠・延２ 720 780 2 1 1 6 885
1700 16 7710 通所リハⅠ１５５・人欠・延２ 720 780 2 1 1 7 990
1701 16 7711 通所リハⅠ１５１・人欠・延２ 780 840 2 1 1 3 570
1702 16 7712 通所リハⅠ１５２・人欠・延２ 780 840 2 1 1 4 675
1703 16 7713 通所リハⅠ１５３・人欠・延２ 780 840 2 1 1 5 779
1704 16 7714 通所リハⅠ１５４・人欠・延２ 780 840 2 1 1 6 885
1705 16 7715 通所リハⅠ１５５・人欠・延２ 780 840 2 1 1 7 990
1706 16 7716 通所リハⅠ２１１・人欠 60 120 2 1 2 3 189
1707 16 7717 通所リハⅠ２１２・人欠 60 120 2 1 2 4 210
1708 16 7718 通所リハⅠ２１３・人欠 60 120 2 1 2 5 231
1709 16 7719 通所リハⅠ２１４・人欠 60 120 2 1 2 6 252
1710 16 7720 通所リハⅠ２１５・人欠 60 120 2 1 2 7 273
1711 16 7721 通所リハⅠ２２１・人欠 120 180 2 1 2 3 199
1712 16 7722 通所リハⅠ２２２・人欠 120 180 2 1 2 4 238
1713 16 7723 通所リハⅠ２２３・人欠 120 180 2 1 2 5 278
1714 16 7724 通所リハⅠ２２４・人欠 120 180 2 1 2 6 317
1715 16 7725 通所リハⅠ２２５・人欠 120 180 2 1 2 7 356
1716 16 7726 通所リハⅠ２３１・人欠 180 240 2 1 2 3 270
1717 16 7727 通所リハⅠ２３２・人欠 180 240 2 1 2 4 324
1718 16 7728 通所リハⅠ２３３・人欠 180 240 2 1 2 5 378
1719 16 7729 通所リハⅠ２３４・人欠 180 240 2 1 2 6 432
1720 16 7730 通所リハⅠ２３５・人欠 180 240 2 1 2 7 486
1721 16 7731 通所リハⅠ２４１・人欠 240 360 2 1 2 3 351
1722 16 7732 通所リハⅠ２４２・人欠 240 360 2 1 2 4 427
1723 16 7733 通所リハⅠ２４３・人欠 240 360 2 1 2 5 502
1724 16 7734 通所リハⅠ２４４・人欠 240 360 2 1 2 6 577
1725 16 7735 通所リハⅠ２４５・人欠 240 360 2 1 2 7 652
1726 16 7736 通所リハⅠ２５１・人欠 360 480 2 1 2 3 470
1727 16 7737 通所リハⅠ２５２・人欠 360 480 2 1 2 4 575
1728 16 7738 通所リハⅠ２５３・人欠 360 480 2 1 2 5 679
1729 16 7739 通所リハⅠ２５４・人欠 360 480 2 1 2 6 785
1730 16 7740 通所リハⅠ２５５・人欠 360 480 2 1 2 7 890
1731 16 7741 通所リハⅠ２５１・人欠・延１ 480 540 2 1 2 3 520
1732 16 7742 通所リハⅠ２５２・人欠・延１ 480 540 2 1 2 4 625
1733 16 7743 通所リハⅠ２５３・人欠・延１ 480 540 2 1 2 5 729
1734 16 7744 通所リハⅠ２５４・人欠・延１ 480 540 2 1 2 6 835
1735 16 7745 通所リハⅠ２５５・人欠・延１ 480 540 2 1 2 7 940
1736 16 7746 通所リハⅠ２５１・人欠・延２ 540 600 2 1 2 3 570
1737 16 7747 通所リハⅠ２５２・人欠・延２ 540 600 2 1 2 4 675
1738 16 7748 通所リハⅠ２５３・人欠・延２ 540 600 2 1 2 5 779
1739 16 7749 通所リハⅠ２５４・人欠・延２ 540 600 2 1 2 6 885
1740 16 7750 通所リハⅠ２５５・人欠・延２ 540 600 2 1 2 7 990
1741 16 7751 通所リハⅠ２５１・人欠・延２ 600 660 2 1 2 3 570
1742 16 7752 通所リハⅠ２５２・人欠・延２ 600 660 2 1 2 4 675
1743 16 7753 通所リハⅠ２５３・人欠・延２ 600 660 2 1 2 5 779
1744 16 7754 通所リハⅠ２５４・人欠・延２ 600 660 2 1 2 6 885
1745 16 7755 通所リハⅠ２５５・人欠・延２ 600 660 2 1 2 7 990
1746 16 7756 通所リハⅠ２５１・人欠・延２ 660 720 2 1 2 3 570
1747 16 7757 通所リハⅠ２５２・人欠・延２ 660 720 2 1 2 4 675
1748 16 7758 通所リハⅠ２５３・人欠・延２ 660 720 2 1 2 5 779
1749 16 7759 通所リハⅠ２５４・人欠・延２ 660 720 2 1 2 6 885
1750 16 7760 通所リハⅠ２５５・人欠・延２ 660 720 2 1 2 7 990
1751 16 7761 通所リハⅠ２５１・人欠・延２ 720 780 2 1 2 3 570
1752 16 7762 通所リハⅠ２５２・人欠・延２ 720 780 2 1 2 4 675
1753 16 7763 通所リハⅠ２５３・人欠・延２ 720 780 2 1 2 5 779
1754 16 7764 通所リハⅠ２５４・人欠・延２ 720 780 2 1 2 6 885
1755 16 7765 通所リハⅠ２５５・人欠・延２ 720 780 2 1 2 7 990
1756 16 7766 通所リハⅠ２５１・人欠・延２ 780 840 2 1 2 3 570
1757 16 7767 通所リハⅠ２５２・人欠・延２ 780 840 2 1 2 4 675
1758 16 7768 通所リハⅠ２５３・人欠・延２ 780 840 2 1 2 5 779
1759 16 7769 通所リハⅠ２５４・人欠・延２ 780 840 2 1 2 6 885
1760 16 7770 通所リハⅠ２５５・人欠・延２ 780 840 2 1 2 7 990
1761 16 7771 通所リハⅡ１１１・人欠 60 120 2 2 1 3 186
1762 16 7772 通所リハⅡ１１２・人欠 60 120 2 2 1 4 207
1763 16 7773 通所リハⅡ１１３・人欠 60 120 2 2 1 5 227
1764 16 7774 通所リハⅡ１１４・人欠 60 120 2 2 1 6 248
1765 16 7775 通所リハⅡ１１５・人欠 60 120 2 2 1 7 268
1766 16 7776 通所リハⅡ１２１・人欠 120 180 2 2 1 3 195
1767 16 7777 通所リハⅡ１２２・人欠 120 180 2 2 1 4 234
1768 16 7778 通所リハⅡ１２３・人欠 120 180 2 2 1 5 273
1769 16 7779 通所リハⅡ１２４・人欠 120 180 2 2 1 6 312
1770 16 7780 通所リハⅡ１２５・人欠 120 180 2 2 1 7 351
1771 16 7781 通所リハⅡ１３１・人欠 180 240 2 2 1 3 265
1772 16 7782 通所リハⅡ１３２・人欠 180 240 2 2 1 4 319
1773 16 7783 通所リハⅡ１３３・人欠 180 240 2 2 1 5 372
1774 16 7784 通所リハⅡ１３４・人欠 180 240 2 2 1 6 424
1775 16 7785 通所リハⅡ１３５・人欠 180 240 2 2 1 7 477
1776 16 7786 通所リハⅡ１４１・人欠 240 360 2 2 1 3 346
1777 16 7787 通所リハⅡ１４２・人欠 240 360 2 2 1 4 419
1778 16 7788 通所リハⅡ１４３・人欠 240 360 2 2 1 5 493
1779 16 7789 通所リハⅡ１４４・人欠 240 360 2 2 1 6 567
1780 16 7790 通所リハⅡ１４５・人欠 240 360 2 2 1 7 641
1781 16 7791 通所リハⅡ１５１・人欠 360 480 2 2 1 3 461
1782 16 7792 通所リハⅡ１５２・人欠 360 480 2 2 1 4 565
1783 16 7793 通所リハⅡ１５３・人欠 360 480 2 2 1 5 668
1784 16 7794 通所リハⅡ１５４・人欠 360 480 2 2 1 6 771
1785 16 7795 通所リハⅡ１５５・人欠 360 480 2 2 1 7 874
1786 16 7796 通所リハⅡ１５１・人欠・延１ 480 540 2 2 1 3 511
1787 16 7797 通所リハⅡ１５２・人欠・延１ 480 540 2 2 1 4 615
1788 16 7798 通所リハⅡ１５３・人欠・延１ 480 540 2 2 1 5 718
1789 16 7799 通所リハⅡ１５４・人欠・延１ 480 540 2 2 1 6 821
1790 16 7800 通所リハⅡ１５５・人欠・延１ 480 540 2 2 1 7 924
1791 16 7801 通所リハⅡ１５１・人欠・延２ 540 600 2 2 1 3 561
1792 16 7802 通所リハⅡ１５２・人欠・延２ 540 600 2 2 1 4 665
1793 16 7803 通所リハⅡ１５３・人欠・延２ 540 600 2 2 1 5 768
1794 16 7804 通所リハⅡ１５４・人欠・延２ 540 600 2 2 1 6 871
1795 16 7805 通所リハⅡ１５５・人欠・延２ 540 600 2 2 1 7 974
1796 16 7806 通所リハⅡ１５１・人欠・延２ 600 660 2 2 1 3 561
1797 16 7807 通所リハⅡ１５２・人欠・延２ 600 660 2 2 1 4 665
1798 16 7808 通所リハⅡ１５３・人欠・延２ 600 660 2 2 1 5 768
1799 16 7809 通所リハⅡ１５４・人欠・延２ 600 660 2 2 1 6 871
1800 16 7810 通所リハⅡ１５５・人欠・延２ 600 660 2 2 1 7 974
1801 16 7811 通所リハⅡ１５１・人欠・延２ 660 720 2 2 1 3 561
1802 16 7812 通所リハⅡ１５２・人欠・延２ 660 720 2 2 1 4 665
1803 16 7813 通所リハⅡ１５３・人欠・延２ 660 720 2 2 1 5 768
1804 16 7814 通所リハⅡ１５４・人欠・延２ 660 720 2 2 1 6 871
1805 16 7815 通所リハⅡ１５５・人欠・延２ 660 720 2 2 1 7 974
1806 16 7816 通所リハⅡ１５１・人欠・延２ 720 780 2 2 1 3 561
1807 16 7817 通所リハⅡ１５２・人欠・延２ 720 780 2 2 1 4 665
1808 16 7818 通所リハⅡ１５３・人欠・延２ 720 780 2 2 1 5 768
1809 16 7819 通所リハⅡ１５４・人欠・延２ 720 780 2 2 1 6 871
1810 16 7820 通所リハⅡ１５５・人欠・延２ 720 780 2 2 1 7 974
1811 16 7821 通所リハⅡ１５１・人欠・延２ 780 840 2 2 1 3 561
1812 16 7822 通所リハⅡ１５２・人欠・延２ 780 840 2 2 1 4 665
1813 16 7823 通所リハⅡ１５３・人欠・延２ 780 840 2 2 1 5 768
1814 16 7824 通所リハⅡ１５４・人欠・延２ 780 840 2 2 1 6 871
1815 16 7825 通所リハⅡ１５５・人欠・延２ 780 840 2 2 1 7 974
1816 16 7826 通所リハⅡ２１１・人欠 60 120 2 2 2 3 186
1817 16 7827 通所リハⅡ２１２・人欠 60 120 2 2 2 4 207
1818 16 7828 通所リハⅡ２１３・人欠 60 120 2 2 2 5 227
1819 16 7829 通所リハⅡ２１４・人欠 60 120 2 2 2 6 248
1820 16 7830 通所リハⅡ２１５・人欠 60 120 2 2 2 7 268
1821 16 7831 通所リハⅡ２２１・人欠 120 180 2 2 2 3 195
1822 16 7832 通所リハⅡ２２２・人欠 120 180 2 2 2 4 234
1823 16 7833 通所リハⅡ２２３・人欠 120 180 2 2 2 5 273
1824 16 7834 通所リハⅡ２２４・人欠 120 180 2 2 2 6 312
1825 16 7835 通所リハⅡ２２５・人欠 120 180 2 2 2 7 351
1826 16 7836 通所リハⅡ２３１・人欠 180 240 2 2 2 3 265
1827 16 7837 通所リハⅡ２３２・人欠 180 240 2 2 2 4 319
1828 16 7838 通所リハⅡ２３３・人欠 180 240 2 2 2 5 372
1829 16 7839 通所リハⅡ２３４・人欠 180 240 2 2 2 6 424
1830 16 7840 通所リハⅡ２３５・人欠 180 240 2 2 2 7 477
1831 16 7841 通所リハⅡ２４１・人欠 240 360 2 2 2 3 346
1832 16 7842 通所リハⅡ２４２・人欠 240 360 2 2 2 4 419
1833 16 7843 通所リハⅡ２４３・人欠 240 360 2 2 2 5 493
1834 16 7844 通所リハⅡ２４４・人欠 240 360 2 2 2 6 567
1835 16 7845 通所リハⅡ２４５・人欠 240 360 2 2 2 7 641
1836 16 7846 通所リハⅡ２５１・人欠 360 480 2 2 2 3 461
1837 16 7847 通所リハⅡ２５２・人欠 360 480 2 2 2 4 565
1838 16 7848 通所リハⅡ２５３・人欠 360 480 2 2 2 5 668
1839 16 7849 通所リハⅡ２５４・人欠 360 480 2 2 2 6 771
1840 16 7850 通所リハⅡ２５５・人欠 360 480 2 2 2 7 874
1841 16 7851 通所リハⅡ２５１・人欠・延１ 480 540 2 2 2 3 511
1842 16 7852 通所リハⅡ２５２・人欠・延１ 480 540 2 2 2 4 615
1843 16 7853 通所リハⅡ２５３・人欠・延１ 480 540 2 2 2 5 718
1844 16 7854 通所リハⅡ２５４・人欠・延１ 480 540 2 2 2 6 821
1845 16 7855 通所リハⅡ２５５・人欠・延１ 480 540 2 2 2 7 924
1846 16 7856 通所リハⅡ２５１・人欠・延２ 540 600 2 2 2 3 561
1847 16 7857 通所リハⅡ２５２・人欠・延２ 540 600 2 2 2 4 665
1848 16 7858 通所リハⅡ２５３・人欠・延２ 540 600 2 2 2 5 768
1849 16 7859 通所リハⅡ２５４・人欠・延２ 540 600 2 2 2 6 871
1850 16 7860 通所リハⅡ２５５・人欠・延２ 540 600 2 2 2 7 974
1851 16 7861 通所リハⅡ２５１・人欠・延２ 600 660 2 2 2 3 561
1852 16 7862 通所リハⅡ２５２・人欠・延２ 600 660 2 2 2 4 665
1853 16 7863 通所リハⅡ２５３・人欠・延２ 600 660 2 2 2 5 768
1854 16 7864 通所リハⅡ２５４・人欠・延２ 600 660 2 2 2 6 871
1855 16 7865 通所リハⅡ２５５・人欠・延２ 600 660 2 2 2 7 974
1856 16 7866 通所リハⅡ２５１・人欠・延２ 660 720 2 2 2 3 561
1857 16 7867 通所リハⅡ２５２・人欠・延２ 660 720 2 2 2 4 665
1858 16 7868 通所リハⅡ２５３・人欠・延２ 660 720 2 2 2 5 768
1859 16 7869 通所リハⅡ２５４・人欠・延２ 660 720 2 2 2 6 871
1860 16 7870 通所リハⅡ２５５・人欠・延２ 660 720 2 2 2 7 974
1861 16 7871 通所リハⅡ２５１・人欠・延２ 720 780 2 2 2 3 561
1862 16 7872 通所リハⅡ２５２・人欠・延２ 720 780 2 2 2 4 665
1863 16 7873 通所リハⅡ２５３・人欠・延２ 720 780 2 2 2 5 768
1864 16 7874 通所リハⅡ２５４・人欠・延２ 720 780 2 2 2 6 871
1865 16 7875 通所リハⅡ２５５・人欠・延２ 720 780 2 2 2 7 974
1866 16 7876 通所リハⅡ２５１・人欠・延２ 780 840 2 2 2 3 561
1867 16 7877 通所リハⅡ２５２・人欠・延２ 780 840 2 2 2 4 665
1868 16 7878 通所リハⅡ２５３・人欠・延２ 780 840 2 2 2 5 768
1869 16 7879 通所リハⅡ２５４・人欠・延２ 780 840 2 2 2 6 871
1870 16 7880 通所リハⅡ２５５・人欠・延２ 780 840 2 2 2 7 974
1871 16 7881 通所リハⅢ１１１・人欠 60 120 2 3 1 3 181
1872 16 7882 通所リハⅢ１１２・人欠 60 120 2 3 1 4 201
1873 16 7883 通所リハⅢ１１３・人欠 60 120 2 3 1 5 221
1874 16 7884 通所リハⅢ１１４・人欠 60 120 2 3 1 6 241
1875 16 7885 通所リハⅢ１１５・人欠 60 120 2 3 1 7 261
1876 16 7886 通所リハⅢ１２１・人欠 120 180 2 3 1 3 190
1877 16 7887 通所リハⅢ１２２・人欠 120 180 2 3 1 4 228
1878 16 7888 通所リハⅢ１２３・人欠 120 180 2 3 1 5 265
1879 16 7889 通所リハⅢ１２４・人欠 120 180 2 3 1 6 304
1880 16 7890 通所リハⅢ１２５・人欠 120 180 2 3 1 7 341
1881 16 7891 通所リハⅢ１３１・人欠 180 240 2 3 1 3 258
1882 16 7892 通所リハⅢ１３２・人欠 180 240 2 3 1 4 310
1883 16 7893 通所リハⅢ１３３・人欠 180 240 2 3 1 5 361
1884 16 7894 通所リハⅢ１３４・人欠 180 240 2 3 1 6 413
1885 16 7895 通所リハⅢ１３５・人欠 180 240 2 3 1 7 465
1886 16 7896 通所リハⅢ１４１・人欠 240 360 2 3 1 3 336
1887 16 7897 通所リハⅢ１４２・人欠 240 360 2 3 1 4 408
1888 16 7898 通所リハⅢ１４３・人欠 240 360 2 3 1 5 480
1889 16 7899 通所リハⅢ１４４・人欠 240 360 2 3 1 6 552
1890 16 7900 通所リハⅢ１４５・人欠 240 360 2 3 1 7 624
1891 16 7901 通所リハⅢ１５１・人欠 360 480 2 3 1 3 449
1892 16 7902 通所リハⅢ１５２・人欠 360 480 2 3 1 4 550
1893 16 7903 通所リハⅢ１５３・人欠 360 480 2 3 1 5 650
1894 16 7904 通所リハⅢ１５４・人欠 360 480 2 3 1 6 750
1895 16 7905 通所リハⅢ１５５・人欠 360 480 2 3 1 7 851
1896 16 7906 通所リハⅢ１５１・人欠・延１ 480 540 2 3 1 3 499
1897 16 7907 通所リハⅢ１５２・人欠・延１ 480 540 2 3 1 4 600
1898 16 7908 通所リハⅢ１５３・人欠・延１ 480 540 2 3 1 5 700
1899 16 7909 通所リハⅢ１５４・人欠・延１ 480 540 2 3 1 6 800
1900 16 7910 通所リハⅢ１５５・人欠・延１ 480 540 2 3 1 7 901
1901 16 7911 通所リハⅢ１５１・人欠・延２ 540 600 2 3 1 3 549
1902 16 7912 通所リハⅢ１５２・人欠・延２ 540 600 2 3 1 4 650
1903 16 7913 通所リハⅢ１５３・人欠・延２ 540 600 2 3 1 5 750
1904 16 7914 通所リハⅢ１５４・人欠・延２ 540 600 2 3 1 6 850
1905 16 7915 通所リハⅢ１５５・人欠・延２ 540 600 2 3 1 7 951
1906 16 7916 通所リハⅢ１５１・人欠・延２ 600 660 2 3 1 3 549
1907 16 7917 通所リハⅢ１５２・人欠・延２ 600 660 2 3 1 4 650
1908 16 7918 通所リハⅢ１５３・人欠・延２ 600 660 2 3 1 5 750
1909 16 7919 通所リハⅢ１５４・人欠・延２ 600 660 2 3 1 6 850
1910 16 7920 通所リハⅢ１５５・人欠・延２ 600 660 2 3 1 7 951
1911 16 7921 通所リハⅢ１５１・人欠・延２ 660 720 2 3 1 3 549
1912 16 7922 通所リハⅢ１５２・人欠・延２ 660 720 2 3 1 4 650
1913 16 7923 通所リハⅢ１５３・人欠・延２ 660 720 2 3 1 5 750
1914 16 7924 通所リハⅢ１５４・人欠・延２ 660 720 2 3 1 6 850
1915 16 7925 通所リハⅢ１５５・人欠・延２ 660 720 2 3 1 7 951
1916 16 7926 通所リハⅢ１５１・人欠・延２ 720 780 2 3 1 3 549
1917 16 7927 通所リハⅢ１５２・人欠・延２ 720 780 2 3 1 4 650
1918 16 7928 通所リハⅢ１５３・人欠・延２ 720 780 2 3 1 5 750
1919 16 7929 通所リハⅢ１５４・人欠・延２ 720 780 2 3 1 6 850
1920 16 7930 通所リハⅢ１５５・人欠・延２ 720 780 2 3 1 7 951
1921 16 7931 通所リハⅢ１５１・人欠・延２ 780 840 2 3 1 3 549
1922 16 7932 通所リハⅢ１５２・人欠・延２ 780 840 2 3 1 4 650
1923 16 7933 通所リハⅢ１５３・人欠・延２ 780 840 2 3 1 5 750
1924 16 7934 通所リハⅢ１５４・人欠・延２ 780 840 2 3 1 6 850
1925 16 7935 通所リハⅢ１５５・人欠・延２ 780 840 2 3 1 7 951
1926 16 7936 通所リハⅢ２１１・人欠 60 120 2 3 2 3 181
1927 16 7937 通所リハⅢ２１２・人欠 60 120 2 3 2 4 201
1928 16 7938 通所リハⅢ２１３・人欠 60 120 2 3 2 5 221
1929 16 7939 通所リハⅢ２１４・人欠 60 120 2 3 2 6 241
1930 16 7940 通所リハⅢ２１５・人欠 60 120 2 3 2 7 261
1931 16 7941 通所リハⅢ２２１・人欠 120 180 2 3 2 3 190
1932 16 7942 通所リハⅢ２２２・人欠 120 180 2 3 2 4 228
1933 16 7943 通所リハⅢ２２３・人欠 120 180 2 3 2 5 265
1934 16 7944 通所リハⅢ２２４・人欠 120 180 2 3 2 6 304
1935 16 7945 通所リハⅢ２２５・人欠 120 180 2 3 2 7 341
1936 16 7946 通所リハⅢ２３１・人欠 180 240 2 3 2 3 258
1937 16 7947 通所リハⅢ２３２・人欠 180 240 2 3 2 4 310
1938 16 7948 通所リハⅢ２３３・人欠 180 240 2 3 2 5 361
1939 16 7949 通所リハⅢ２３４・人欠 180 240 2 3 2 6 413
1940 16 7950 通所リハⅢ２３５・人欠 180 240 2 3 2 7 465
1941 16 7951 通所リハⅢ２４１・人欠 240 360 2 3 2 3 336
1942 16 7952 通所リハⅢ２４２・人欠 240 360 2 3 2 4 408
1943 16 7953 通所リハⅢ２４３・人欠 240 360 2 3 2 5 480
1944 16 7954 通所リハⅢ２４４・人欠 240 360 2 3 2 6 552
1945 16 7955 通所リハⅢ２４５・人欠 240 360 2 3 2 7 624
1946 16 7956 通所リハⅢ２５１・人欠 360 480 2 3 2 3 449
1947 16 7957 通所リハⅢ２５２・人欠 360 480 2 3 2 4 550
1948 16 7958 通所リハⅢ２５３・人欠 360 480 2 3 2 5 650
1949 16 7959 通所リハⅢ２５４・人欠 360 480 2 3 2 6 750
1950 16 7960 通所リハⅢ２５５・人欠 360 480 2 3 2 7 851
1951 16 7961 通所リハⅢ２５１・人欠・延１ 480 540 2 3 2 3 499
1952 16 7962 通所リハⅢ２５２・人欠・延１ 480 540 2 3 2 4 600
1953 16 7963 通所リハⅢ２５３・人欠・延１ 480 540 2 3 2 5 700
1954 16 7964 通所リハⅢ２５４・人欠・延１ 480 540 2 3 2 6 800
1955 16 7965 通所リハⅢ２５５・人欠・延１ 480 540 2 3 2 7 901
1956 16 7966 通所リハⅢ２５１・人欠・延２ 540 600 2 3 2 3 549
1957 16 7967 通所リハⅢ２５２・人欠・延２ 540 600 2 3 2 4 650
1958 16 7968 通所リハⅢ２５３・人欠・延２ 540 600 2 3 2 5 750
1959 16 7969 通所リハⅢ２５４・人欠・延２ 540 600 2 3 2 6 850
1960 16 7970 通所リハⅢ２５５・人欠・延２ 540 600 2 3 2 7 951
1961 16 7971 通所リハⅢ２５１・人欠・延２ 600 660 2 3 2 3 549
1962 16 7972 通所リハⅢ２５２・人欠・延２ 600 660 2 3 2 4 650
1963 16 7973 通所リハⅢ２５３・人欠・延２ 600 660 2 3 2 5 750
1964 16 7974 通所リハⅢ２５４・人欠・延２ 600 660 2 3 2 6 850
1965 16 7975 通所リハⅢ２５５・人欠・延２ 600 660 2 3 2 7 951
1966 16 7976 通所リハⅢ２５１・人欠・延２ 660 720 2 3 2 3 549
1967 16 7977 通所リハⅢ２５２・人欠・延２ 660 720 2 3 2 4 650
1968 16 7978 通所リハⅢ２５３・人欠・延２ 660 720 2 3 2 5 750
1969 16 7979 通所リハⅢ２５４・人欠・延２ 660 720 2 3 2 6 850
1970 16 7980 通所リハⅢ２５５・人欠・延２ 660 720 2 3 2 7 951
1971 16 7981 通所リハⅢ２５１・人欠・延２ 720 780 2 3 2 3 549
1972 16 7982 通所リハⅢ２５２・人欠・延２ 720 780 2 3 2 4 650
1973 16 7983 通所リハⅢ２５３・人欠・延２ 720 780 2 3 2 5 750
1974 16 7984 通所リハⅢ２５４・人欠・延２ 720 780 2 3 2 6 850
1975 16 7985 通所リハⅢ２５５・人欠・延２ 720 780 2 3 2 7 951
1976 16 7986 通所リハⅢ２５１・人欠・延２ 780 840 2 3 2 3 549
1977 16 7987 通所リハⅢ２５２・人欠・延２ 780 840 2 3 2 4 650
1978 16 7988 通所リハⅢ２５３・人欠・延２ 780 840 2 3 2 5 750
1979 16 7989 通所リハⅢ２５４・人欠・延２ 780 840 2 3 2 6 850
1980 16 7990 通所リハⅢ２５５・人欠・延２ 780 840 2 3 2 7 951
