1 22 1111 老短Ⅰⅰ１ _ _ 1 1 1 1 1 3 750
2 22 1115 老短Ⅰⅰ１・夜 _ _ 1 1 6 1 1 3 728
3 22 1121 老短Ⅰⅰ２ _ _ 1 1 1 1 1 4 797
4 22 1125 老短Ⅰⅰ２・夜 _ _ 1 1 6 1 1 4 773
5 22 1131 老短Ⅰⅰ３ _ _ 1 1 1 1 1 5 860
6 22 1135 老短Ⅰⅰ３・夜 _ _ 1 1 6 1 1 5 834
7 22 1141 老短Ⅰⅰ４ _ _ 1 1 1 1 1 6 912
8 22 1145 老短Ⅰⅰ４・夜 _ _ 1 1 6 1 1 6 885
9 22 1151 老短Ⅰⅰ５ _ _ 1 1 1 1 1 7 965
10 22 1155 老短Ⅰⅰ５・夜 _ _ 1 1 6 1 1 7 936
11 22 1601 老短Ⅰⅱ１ _ _ 1 1 1 1 1 3 779
12 22 1602 老短Ⅰⅱ１・夜 _ _ 1 1 6 1 1 3 756
13 22 1603 老短Ⅰⅱ２ _ _ 1 1 1 1 1 4 851
14 22 1604 老短Ⅰⅱ２・夜 _ _ 1 1 6 1 1 4 825
15 22 1605 老短Ⅰⅱ３ _ _ 1 1 1 1 1 5 913
16 22 1606 老短Ⅰⅱ３・夜 _ _ 1 1 6 1 1 5 886
17 22 1607 老短Ⅰⅱ４ _ _ 1 1 1 1 1 6 970
18 22 1608 老短Ⅰⅱ４・夜 _ _ 1 1 6 1 1 6 941
19 22 1609 老短Ⅰⅱ５ _ _ 1 1 1 1 1 7 1025
20 22 1610 老短Ⅰⅱ５・夜 _ _ 1 1 6 1 1 7 994
21 22 1311 老短Ⅰⅲ１ _ _ 1 1 1 1 1 3 826
22 22 1315 老短Ⅰⅲ１・夜 _ _ 1 1 6 1 1 3 801
23 22 1321 老短Ⅰⅲ２ _ _ 1 1 1 1 1 4 874
24 22 1325 老短Ⅰⅲ２・夜 _ _ 1 1 6 1 1 4 848
25 22 1331 老短Ⅰⅲ３ _ _ 1 1 1 1 1 5 937
26 22 1335 老短Ⅰⅲ３・夜 _ _ 1 1 6 1 1 5 909
27 22 1341 老短Ⅰⅲ４ _ _ 1 1 1 1 1 6 990
28 22 1345 老短Ⅰⅲ４・夜 _ _ 1 1 6 1 1 6 960
29 22 1351 老短Ⅰⅲ５ _ _ 1 1 1 1 1 7 1043
30 22 1355 老短Ⅰⅲ５・夜 _ _ 1 1 6 1 1 7 1012
31 22 1611 老短Ⅰⅳ１ _ _ 1 1 1 1 1 3 859
32 22 1612 老短Ⅰⅳ１・夜 _ _ 1 1 6 1 1 3 833
33 22 1613 老短Ⅰⅳ２ _ _ 1 1 1 1 1 4 933
34 22 1614 老短Ⅰⅳ２・夜 _ _ 1 1 6 1 1 4 905
35 22 1615 老短Ⅰⅳ３ _ _ 1 1 1 1 1 5 996
36 22 1616 老短Ⅰⅳ３・夜 _ _ 1 1 6 1 1 5 966
37 22 1617 老短Ⅰⅳ４ _ _ 1 1 1 1 1 6 1052
38 22 1618 老短Ⅰⅳ４・夜 _ _ 1 1 6 1 1 6 1020
39 22 1619 老短Ⅰⅳ５ _ _ 1 1 1 1 1 7 1108
40 22 1620 老短Ⅰⅳ５・夜 _ _ 1 1 6 1 1 7 1075
41 22 3111 老短Ⅱⅰ１ _ _ 5 1 1 1 1 3 775
42 22 3115 老短Ⅱⅰ１・夜 _ _ 5 1 6 1 1 3 752
43 22 3121 老短Ⅱⅰ２ _ _ 5 1 1 1 1 4 858
44 22 3125 老短Ⅱⅰ２・夜 _ _ 5 1 6 1 1 4 832
45 22 3131 老短Ⅱⅰ３ _ _ 5 1 1 1 1 5 973
46 22 3135 老短Ⅱⅰ３・夜 _ _ 5 1 6 1 1 5 944
47 22 3141 老短Ⅱⅰ４ _ _ 5 1 1 1 1 6 1049
48 22 3145 老短Ⅱⅰ４・夜 _ _ 5 1 6 1 1 6 1018
49 22 3151 老短Ⅱⅰ５ _ _ 5 1 1 1 1 7 1125
50 22 3155 老短Ⅱⅰ５・夜 _ _ 5 1 6 1 1 7 1091
51 22 4401 老短Ⅱⅱ１ _ _ 5 1 1 1 1 3 775
52 22 4402 老短Ⅱⅱ１・夜 _ _ 5 1 6 1 1 3 752
53 22 4403 老短Ⅱⅱ２ _ _ 5 1 1 1 1 4 858
54 22 4404 老短Ⅱⅱ２・夜 _ _ 5 1 6 1 1 4 832
55 22 4405 老短Ⅱⅱ３ _ _ 5 1 1 1 1 5 1042
56 22 4406 老短Ⅱⅱ３・夜 _ _ 5 1 6 1 1 5 1011
57 22 4407 老短Ⅱⅱ４ _ _ 5 1 1 1 1 6 1118
58 22 4408 老短Ⅱⅱ４・夜 _ _ 5 1 6 1 1 6 1084
59 22 4409 老短Ⅱⅱ５ _ _ 5 1 1 1 1 7 1194
60 22 4410 老短Ⅱⅱ５・夜 _ _ 5 1 6 1 1 7 1158
61 22 3211 老短Ⅱⅲ１ _ _ 5 1 1 1 1 3 854
62 22 3215 老短Ⅱⅲ１・夜 _ _ 5 1 6 1 1 3 828
63 22 3221 老短Ⅱⅲ２ _ _ 5 1 1 1 1 4 937
64 22 3225 老短Ⅱⅲ２・夜 _ _ 5 1 6 1 1 4 909
65 22 3231 老短Ⅱⅲ３ _ _ 5 1 1 1 1 5 1052
66 22 3235 老短Ⅱⅲ３・夜 _ _ 5 1 6 1 1 5 1020
67 22 3241 老短Ⅱⅲ４ _ _ 5 1 1 1 1 6 1128
68 22 3245 老短Ⅱⅲ４・夜 _ _ 5 1 6 1 1 6 1094
69 22 3251 老短Ⅱⅲ５ _ _ 5 1 1 1 1 7 1204
70 22 3255 老短Ⅱⅲ５・夜 _ _ 5 1 6 1 1 7 1168
71 22 4411 老短Ⅱⅳ１ _ _ 5 1 1 1 1 3 854
72 22 4412 老短Ⅱⅳ１・夜 _ _ 5 1 6 1 1 3 828
73 22 4413 老短Ⅱⅳ２ _ _ 5 1 1 1 1 4 937
74 22 4414 老短Ⅱⅳ２・夜 _ _ 5 1 6 1 1 4 909
75 22 4415 老短Ⅱⅳ３ _ _ 5 1 1 1 1 5 1121
76 22 4416 老短Ⅱⅳ３・夜 _ _ 5 1 6 1 1 5 1087
77 22 4417 老短Ⅱⅳ４ _ _ 5 1 1 1 1 6 1197
78 22 4418 老短Ⅱⅳ４・夜 _ _ 5 1 6 1 1 6 1161
79 22 4419 老短Ⅱⅳ５ _ _ 5 1 1 1 1 7 1273
80 22 4420 老短Ⅱⅳ５・夜 _ _ 5 1 6 1 1 7 1235
81 22 3311 老短Ⅲⅰ１ _ _ 7 1 1 1 1 3 775
82 22 3315 老短Ⅲⅰ１・夜 _ _ 7 1 6 1 1 3 752
83 22 3321 老短Ⅲⅰ２ _ _ 7 1 1 1 1 4 852
84 22 3325 老短Ⅲⅰ２・夜 _ _ 7 1 6 1 1 4 826
85 22 3331 老短Ⅲⅰ３ _ _ 7 1 1 1 1 5 946
86 22 3335 老短Ⅲⅰ３・夜 _ _ 7 1 6 1 1 5 918
87 22 3341 老短Ⅲⅰ４ _ _ 7 1 1 1 1 6 1022
88 22 3345 老短Ⅲⅰ４・夜 _ _ 7 1 6 1 1 6 991
89 22 3351 老短Ⅲⅰ５ _ _ 7 1 1 1 1 7 1098
90 22 3355 老短Ⅲⅰ５・夜 _ _ 7 1 6 1 1 7 1065
91 22 4421 老短Ⅲⅱ１ _ _ 7 1 1 1 1 3 775
92 22 4422 老短Ⅲⅱ１・夜 _ _ 7 1 6 1 1 3 752
93 22 4423 老短Ⅲⅱ２ _ _ 7 1 1 1 1 4 852
94 22 4424 老短Ⅲⅱ２・夜 _ _ 7 1 6 1 1 4 826
95 22 4425 老短Ⅲⅱ３ _ _ 7 1 1 1 1 5 1015
96 22 4426 老短Ⅲⅱ３・夜 _ _ 7 1 6 1 1 5 985
97 22 4427 老短Ⅲⅱ４ _ _ 7 1 1 1 1 6 1091
98 22 4428 老短Ⅲⅱ４・夜 _ _ 7 1 6 1 1 6 1058
99 22 4429 老短Ⅲⅱ５ _ _ 7 1 1 1 1 7 1167
100 22 4430 老短Ⅲⅱ５・夜 _ _ 7 1 6 1 1 7 1132
101 22 3411 老短Ⅲⅲ１ _ _ 7 1 1 1 1 3 854
102 22 3415 老短Ⅲⅲ１・夜 _ _ 7 1 6 1 1 3 828
103 22 3421 老短Ⅲⅲ２ _ _ 7 1 1 1 1 4 931
104 22 3425 老短Ⅲⅲ２・夜 _ _ 7 1 6 1 1 4 903
105 22 3431 老短Ⅲⅲ３ _ _ 7 1 1 1 1 5 1025
106 22 3435 老短Ⅲⅲ３・夜 _ _ 7 1 6 1 1 5 994
107 22 3441 老短Ⅲⅲ４ _ _ 7 1 1 1 1 6 1101
108 22 3445 老短Ⅲⅲ４・夜 _ _ 7 1 6 1 1 6 1068
109 22 3451 老短Ⅲⅲ５ _ _ 7 1 1 1 1 7 1177
110 22 3455 老短Ⅲⅲ５・夜 _ _ 7 1 6 1 1 7 1142
111 22 4431 老短Ⅲⅳ１ _ _ 7 1 1 1 1 3 854
112 22 4432 老短Ⅲⅳ１・夜 _ _ 7 1 6 1 1 3 828
113 22 4433 老短Ⅲⅳ２ _ _ 7 1 1 1 1 4 931
114 22 4434 老短Ⅲⅳ２・夜 _ _ 7 1 6 1 1 4 903
115 22 4435 老短Ⅲⅳ３ _ _ 7 1 1 1 1 5 1094
116 22 4436 老短Ⅲⅳ３・夜 _ _ 7 1 6 1 1 5 1061
117 22 4437 老短Ⅲⅳ４ _ _ 7 1 1 1 1 6 1170
118 22 4438 老短Ⅲⅳ４・夜 _ _ 7 1 6 1 1 6 1135
119 22 4439 老短Ⅲⅳ５ _ _ 7 1 1 1 1 7 1246
120 22 4440 老短Ⅲⅳ５・夜 _ _ 7 1 6 1 1 7 1209
121 22 1411 ユ老短Ⅰⅰ１ _ _ 2 2 1 1 1 3 829
122 22 1413 ユ老短Ⅰⅰ１・夜 _ _ 2 2 6 1 1 3 804
123 22 1421 ユ老短Ⅰⅰ２ _ _ 2 2 1 1 1 4 876
124 22 1423 ユ老短Ⅰⅰ２・夜 _ _ 2 2 6 1 1 4 850
125 22 1431 ユ老短Ⅰⅰ３ _ _ 2 2 1 1 1 5 940
126 22 1433 ユ老短Ⅰⅰ３・夜 _ _ 2 2 6 1 1 5 912
127 22 1441 ユ老短Ⅰⅰ４ _ _ 2 2 1 1 1 6 993
128 22 1443 ユ老短Ⅰⅰ４・夜 _ _ 2 2 6 1 1 6 963
129 22 1451 ユ老短Ⅰⅰ５ _ _ 2 2 1 1 1 7 1046
130 22 1453 ユ老短Ⅰⅰ５・夜 _ _ 2 2 6 1 1 7 1015
131 22 1621 ユ老短Ⅰⅱ１ _ _ 2 2 1 1 1 3 862
132 22 1622 ユ老短Ⅰⅱ１・夜 _ _ 2 2 6 1 1 3 836
133 22 1623 ユ老短Ⅰⅱ２ _ _ 2 2 1 1 1 4 936
134 22 1624 ユ老短Ⅰⅱ２・夜 _ _ 2 2 6 1 1 4 908
135 22 1625 ユ老短Ⅰⅱ３ _ _ 2 2 1 1 1 5 999
136 22 1626 ユ老短Ⅰⅱ３・夜 _ _ 2 2 6 1 1 5 969
137 22 1627 ユ老短Ⅰⅱ４ _ _ 2 2 1 1 1 6 1055
138 22 1628 ユ老短Ⅰⅱ４・夜 _ _ 2 2 6 1 1 6 1023
139 22 1629 ユ老短Ⅰⅱ５ _ _ 2 2 1 1 1 7 1111
140 22 1630 ユ老短Ⅰⅱ５・夜 _ _ 2 2 6 1 1 7 1078
141 22 1511 ユ老短Ⅰⅲ１ _ _ 2 2 1 1 1 3 829
142 22 1513 ユ老短Ⅰⅲ１・夜 _ _ 2 2 6 1 1 3 804
143 22 1521 ユ老短Ⅰⅲ２ _ _ 2 2 1 1 1 4 876
144 22 1523 ユ老短Ⅰⅲ２・夜 _ _ 2 2 6 1 1 4 850
145 22 1531 ユ老短Ⅰⅲ３ _ _ 2 2 1 1 1 5 940
146 22 1533 ユ老短Ⅰⅲ３・夜 _ _ 2 2 6 1 1 5 912
147 22 1541 ユ老短Ⅰⅲ４ _ _ 2 2 1 1 1 6 993
148 22 1543 ユ老短Ⅰⅲ４・夜 _ _ 2 2 6 1 1 6 963
149 22 1551 ユ老短Ⅰⅲ５ _ _ 2 2 1 1 1 7 1046
150 22 1553 ユ老短Ⅰⅲ５・夜 _ _ 2 2 6 1 1 7 1015
151 22 1631 ユ老短Ⅰⅳ１ _ _ 2 2 1 1 1 3 862
152 22 1632 ユ老短Ⅰⅳ１・夜 _ _ 2 2 6 1 1 3 836
153 22 1633 ユ老短Ⅰⅳ２ _ _ 2 2 1 1 1 4 936
154 22 1634 ユ老短Ⅰⅳ２・夜 _ _ 2 2 6 1 1 4 908
155 22 1635 ユ老短Ⅰⅳ３ _ _ 2 2 1 1 1 5 999
156 22 1636 ユ老短Ⅰⅳ３・夜 _ _ 2 2 6 1 1 5 969
157 22 1637 ユ老短Ⅰⅳ４ _ _ 2 2 1 1 1 6 1055
158 22 1638 ユ老短Ⅰⅳ４・夜 _ _ 2 2 6 1 1 6 1023
159 22 1639 ユ老短Ⅰⅳ５ _ _ 2 2 1 1 1 7 1111
160 22 1640 ユ老短Ⅰⅳ５・夜 _ _ 2 2 6 1 1 7 1078
161 22 3511 ユ老短Ⅱⅰ１ _ _ 6 2 1 1 1 3 936
162 22 3513 ユ老短Ⅱⅰ１・夜 _ _ 6 2 6 1 1 3 908
163 22 3521 ユ老短Ⅱⅰ２ _ _ 6 2 1 1 1 4 1019
164 22 3523 ユ老短Ⅱⅰ２・夜 _ _ 6 2 6 1 1 4 988
165 22 3531 ユ老短Ⅱⅰ３ _ _ 6 2 1 1 1 5 1134
166 22 3533 ユ老短Ⅱⅰ３・夜 _ _ 6 2 6 1 1 5 1100
167 22 3541 ユ老短Ⅱⅰ４ _ _ 6 2 1 1 1 6 1210
168 22 3543 ユ老短Ⅱⅰ４・夜 _ _ 6 2 6 1 1 6 1174
169 22 3551 ユ老短Ⅱⅰ５ _ _ 6 2 1 1 1 7 1286
170 22 3553 ユ老短Ⅱⅰ５・夜 _ _ 6 2 6 1 1 7 1247
171 22 4441 ユ老短Ⅱⅱ１ _ _ 6 2 1 1 1 3 936
172 22 4442 ユ老短Ⅱⅱ１・夜 _ _ 6 2 6 1 1 3 908
173 22 4443 ユ老短Ⅱⅱ２ _ _ 6 2 1 1 1 4 1019
174 22 4444 ユ老短Ⅱⅱ２・夜 _ _ 6 2 6 1 1 4 988
175 22 4445 ユ老短Ⅱⅱ３ _ _ 6 2 1 1 1 5 1203
176 22 4446 ユ老短Ⅱⅱ３・夜 _ _ 6 2 6 1 1 5 1167
177 22 4447 ユ老短Ⅱⅱ４ _ _ 6 2 1 1 1 6 1279
178 22 4448 ユ老短Ⅱⅱ４・夜 _ _ 6 2 6 1 1 6 1241
179 22 4449 ユ老短Ⅱⅱ５ _ _ 6 2 1 1 1 7 1355
180 22 4450 ユ老短Ⅱⅱ５・夜 _ _ 6 2 6 1 1 7 1314
181 22 3611 ユ老短Ⅱⅲ１ _ _ 6 2 1 1 1 3 936
182 22 3613 ユ老短Ⅱⅲ１・夜 _ _ 6 2 6 1 1 3 908
183 22 3621 ユ老短Ⅱⅲ２ _ _ 6 2 1 1 1 4 1019
184 22 3623 ユ老短Ⅱⅲ２・夜 _ _ 6 2 6 1 1 4 988
185 22 3631 ユ老短Ⅱⅲ３ _ _ 6 2 1 1 1 5 1134
186 22 3633 ユ老短Ⅱⅲ３・夜 _ _ 6 2 6 1 1 5 1100
187 22 3641 ユ老短Ⅱⅲ４ _ _ 6 2 1 1 1 6 1210
188 22 3643 ユ老短Ⅱⅲ４・夜 _ _ 6 2 6 1 1 6 1174
189 22 3651 ユ老短Ⅱⅲ５ _ _ 6 2 1 1 1 7 1286
190 22 3653 ユ老短Ⅱⅲ５・夜 _ _ 6 2 6 1 1 7 1247
191 22 4451 ユ老短Ⅱⅳ１ _ _ 6 2 1 1 1 3 936
192 22 4452 ユ老短Ⅱⅳ１・夜 _ _ 6 2 6 1 1 3 908
193 22 4453 ユ老短Ⅱⅳ２ _ _ 6 2 1 1 1 4 1019
194 22 4454 ユ老短Ⅱⅳ２・夜 _ _ 6 2 6 1 1 4 988
195 22 4455 ユ老短Ⅱⅳ３ _ _ 6 2 1 1 1 5 1203
196 22 4456 ユ老短Ⅱⅳ３・夜 _ _ 6 2 6 1 1 5 1167
197 22 4457 ユ老短Ⅱⅳ４ _ _ 6 2 1 1 1 6 1279
198 22 4458 ユ老短Ⅱⅳ４・夜 _ _ 6 2 6 1 1 6 1241
199 22 4459 ユ老短Ⅱⅳ５ _ _ 6 2 1 1 1 7 1355
200 22 4460 ユ老短Ⅱⅳ５・夜 _ _ 6 2 6 1 1 7 1314
201 22 3711 ユ老短Ⅲⅰ１ _ _ 8 2 1 1 1 3 936
202 22 3713 ユ老短Ⅲⅰ１・夜 _ _ 8 2 6 1 1 3 908
203 22 3721 ユ老短Ⅲⅰ２ _ _ 8 2 1 1 1 4 1013
204 22 3723 ユ老短Ⅲⅰ２・夜 _ _ 8 2 6 1 1 4 983
205 22 3731 ユ老短Ⅲⅰ３ _ _ 8 2 1 1 1 5 1107
206 22 3733 ユ老短Ⅲⅰ３・夜 _ _ 8 2 6 1 1 5 1074
207 22 3741 ユ老短Ⅲⅰ４ _ _ 8 2 1 1 1 6 1183
208 22 3743 ユ老短Ⅲⅰ４・夜 _ _ 8 2 6 1 1 6 1148
209 22 3751 ユ老短Ⅲⅰ５ _ _ 8 2 1 1 1 7 1259
210 22 3753 ユ老短Ⅲⅰ５・夜 _ _ 8 2 6 1 1 7 1221
211 22 4461 ユ老短Ⅲⅱ１ _ _ 8 2 1 1 1 3 936
212 22 4462 ユ老短Ⅲⅱ１・夜 _ _ 8 2 6 1 1 3 908
213 22 4463 ユ老短Ⅲⅱ２ _ _ 8 2 1 1 1 4 1013
214 22 4464 ユ老短Ⅲⅱ２・夜 _ _ 8 2 6 1 1 4 983
215 22 4465 ユ老短Ⅲⅱ３ _ _ 8 2 1 1 1 5 1176
216 22 4466 ユ老短Ⅲⅱ３・夜 _ _ 8 2 6 1 1 5 1141
217 22 4467 ユ老短Ⅲⅱ４ _ _ 8 2 1 1 1 6 1252
218 22 4468 ユ老短Ⅲⅱ４・夜 _ _ 8 2 6 1 1 6 1214
219 22 4469 ユ老短Ⅲⅱ５ _ _ 8 2 1 1 1 7 1328
220 22 4470 ユ老短Ⅲⅱ５・夜 _ _ 8 2 6 1 1 7 1288
221 22 3811 ユ老短Ⅲⅲ１ _ _ 8 2 1 1 1 3 936
222 22 3813 ユ老短Ⅲⅲ１・夜 _ _ 8 2 6 1 1 3 908
223 22 3821 ユ老短Ⅲⅲ２ _ _ 8 2 1 1 1 4 1013
224 22 3823 ユ老短Ⅲⅲ２・夜 _ _ 8 2 6 1 1 4 983
225 22 3831 ユ老短Ⅲⅲ３ _ _ 8 2 1 1 1 5 1107
226 22 3833 ユ老短Ⅲⅲ３・夜 _ _ 8 2 6 1 1 5 1074
227 22 3841 ユ老短Ⅲⅲ４ _ _ 8 2 1 1 1 6 1183
228 22 3843 ユ老短Ⅲⅲ４・夜 _ _ 8 2 6 1 1 6 1148
229 22 3851 ユ老短Ⅲⅲ５ _ _ 8 2 1 1 1 7 1259
230 22 3853 ユ老短Ⅲⅲ５・夜 _ _ 8 2 6 1 1 7 1221
231 22 4471 ユ老短Ⅲⅳ１ _ _ 8 2 1 1 1 3 936
232 22 4472 ユ老短Ⅲⅳ１・夜 _ _ 8 2 6 1 1 3 908
233 22 4473 ユ老短Ⅲⅳ２ _ _ 8 2 1 1 1 4 1013
234 22 4474 ユ老短Ⅲⅳ２・夜 _ _ 8 2 6 1 1 4 983
235 22 4475 ユ老短Ⅲⅳ３ _ _ 8 2 1 1 1 5 1176
236 22 4476 ユ老短Ⅲⅳ３・夜 _ _ 8 2 6 1 1 5 1141
237 22 4477 ユ老短Ⅲⅳ４ _ _ 8 2 1 1 1 6 1252
238 22 4478 ユ老短Ⅲⅳ４・夜 _ _ 8 2 6 1 1 6 1214
239 22 4479 ユ老短Ⅲⅳ５ _ _ 8 2 1 1 1 7 1328
240 22 4480 ユ老短Ⅲⅳ５・夜 _ _ 8 2 6 1 1 7 1288
241 22 3009 ユ老短Ⅰⅰ１・未 _ _ 2 1 1 1 1 3 804
242 22 3013 ユ老短Ⅰⅰ１・夜・未 _ _ 2 1 6 1 1 3 780
243 22 3017 ユ老短Ⅰⅰ２・未 _ _ 2 1 1 1 1 4 850
244 22 3021 ユ老短Ⅰⅰ２・夜・未 _ _ 2 1 6 1 1 4 825
245 22 3025 ユ老短Ⅰⅰ３・未 _ _ 2 1 1 1 1 5 912
246 22 3029 ユ老短Ⅰⅰ３・夜・未 _ _ 2 1 6 1 1 5 885
247 22 3033 ユ老短Ⅰⅰ４・未 _ _ 2 1 1 1 1 6 963
248 22 3037 ユ老短Ⅰⅰ４・夜・未 _ _ 2 1 6 1 1 6 934
249 22 3041 ユ老短Ⅰⅰ５・未 _ _ 2 1 1 1 1 7 1015
250 22 3045 ユ老短Ⅰⅰ５・夜・未 _ _ 2 1 6 1 1 7 985
251 22 1641 ユ老短Ⅰⅱ１・未 _ _ 2 1 1 1 1 3 836
252 22 1642 ユ老短Ⅰⅱ１・夜・未 _ _ 2 1 6 1 1 3 811
253 22 1643 ユ老短Ⅰⅱ２・未 _ _ 2 1 1 1 1 4 908
254 22 1644 ユ老短Ⅰⅱ２・夜・未 _ _ 2 1 6 1 1 4 881
255 22 1645 ユ老短Ⅰⅱ３・未 _ _ 2 1 1 1 1 5 969
256 22 1646 ユ老短Ⅰⅱ３・夜・未 _ _ 2 1 6 1 1 5 940
257 22 1647 ユ老短Ⅰⅱ４・未 _ _ 2 1 1 1 1 6 1023
258 22 1648 ユ老短Ⅰⅱ４・夜・未 _ _ 2 1 6 1 1 6 992
259 22 1649 ユ老短Ⅰⅱ５・未 _ _ 2 1 1 1 1 7 1078
260 22 1650 ユ老短Ⅰⅱ５・夜・未 _ _ 2 1 6 1 1 7 1046
261 22 3057 ユ老短Ⅰⅲ１・未 _ _ 2 1 1 1 1 3 804
262 22 3061 ユ老短Ⅰⅲ１・夜・未 _ _ 2 1 6 1 1 3 780
263 22 3065 ユ老短Ⅰⅲ２・未 _ _ 2 1 1 1 1 4 850
264 22 3069 ユ老短Ⅰⅲ２・夜・未 _ _ 2 1 6 1 1 4 825
265 22 3073 ユ老短Ⅰⅲ３・未 _ _ 2 1 1 1 1 5 912
266 22 3077 ユ老短Ⅰⅲ３・夜・未 _ _ 2 1 6 1 1 5 885
267 22 3081 ユ老短Ⅰⅲ４・未 _ _ 2 1 1 1 1 6 963
268 22 3085 ユ老短Ⅰⅲ４・夜・未 _ _ 2 1 6 1 1 6 934
269 22 3089 ユ老短Ⅰⅲ５・未 _ _ 2 1 1 1 1 7 1015
270 22 3093 ユ老短Ⅰⅲ５・夜・未 _ _ 2 1 6 1 1 7 985
271 22 1651 ユ老短Ⅰⅳ１・未 _ _ 2 1 1 1 1 3 836
272 22 1652 ユ老短Ⅰⅳ１・夜・未 _ _ 2 1 6 1 1 3 811
273 22 1653 ユ老短Ⅰⅳ２・未 _ _ 2 1 1 1 1 4 908
274 22 1654 ユ老短Ⅰⅳ２・夜・未 _ _ 2 1 6 1 1 4 881
275 22 1655 ユ老短Ⅰⅳ３・未 _ _ 2 1 1 1 1 5 969
276 22 1656 ユ老短Ⅰⅳ３・夜・未 _ _ 2 1 6 1 1 5 940
277 22 1657 ユ老短Ⅰⅳ４・未 _ _ 2 1 1 1 1 6 1023
278 22 1658 ユ老短Ⅰⅳ４・夜・未 _ _ 2 1 6 1 1 6 992
279 22 1659 ユ老短Ⅰⅳ５・未 _ _ 2 1 1 1 1 7 1078
280 22 1660 ユ老短Ⅰⅳ５・夜・未 _ _ 2 1 6 1 1 7 1046
281 22 4011 ユ老短Ⅱⅰ１・未 _ _ 6 1 1 1 1 3 908
282 22 4013 ユ老短Ⅱⅰ１・夜・未 _ _ 6 1 6 1 1 3 881
283 22 4021 ユ老短Ⅱⅰ２・未 _ _ 6 1 1 1 1 4 988
284 22 4023 ユ老短Ⅱⅰ２・夜・未 _ _ 6 1 6 1 1 4 958
285 22 4031 ユ老短Ⅱⅰ３・未 _ _ 6 1 1 1 1 5 1100
286 22 4033 ユ老短Ⅱⅰ３・夜・未 _ _ 6 1 6 1 1 5 1067
287 22 4041 ユ老短Ⅱⅰ４・未 _ _ 6 1 1 1 1 6 1174
288 22 4043 ユ老短Ⅱⅰ４・夜・未 _ _ 6 1 6 1 1 6 1139
289 22 4051 ユ老短Ⅱⅰ５・未 _ _ 6 1 1 1 1 7 1247
290 22 4053 ユ老短Ⅱⅰ５・夜・未 _ _ 6 1 6 1 1 7 1210
291 22 4481 ユ老短Ⅱⅱ１・未 _ _ 6 1 1 1 1 3 908
292 22 4482 ユ老短Ⅱⅱ１・夜・未 _ _ 6 1 6 1 1 3 881
293 22 4483 ユ老短Ⅱⅱ２・未 _ _ 6 1 1 1 1 4 988
294 22 4484 ユ老短Ⅱⅱ２・夜・未 _ _ 6 1 6 1 1 4 958
295 22 4485 ユ老短Ⅱⅱ３・未 _ _ 6 1 1 1 1 5 1167
296 22 4486 ユ老短Ⅱⅱ３・夜・未 _ _ 6 1 6 1 1 5 1132
297 22 4487 ユ老短Ⅱⅱ４・未 _ _ 6 1 1 1 1 6 1241
298 22 4488 ユ老短Ⅱⅱ４・夜・未 _ _ 6 1 6 1 1 6 1204
299 22 4489 ユ老短Ⅱⅱ５・未 _ _ 6 1 1 1 1 7 1314
300 22 4490 ユ老短Ⅱⅱ５・夜・未 _ _ 6 1 6 1 1 7 1275
301 22 4111 ユ老短Ⅱⅲ１・未 _ _ 6 1 1 1 1 3 908
302 22 4113 ユ老短Ⅱⅲ１・夜・未 _ _ 6 1 6 1 1 3 881
303 22 4121 ユ老短Ⅱⅲ２・未 _ _ 6 1 1 1 1 4 988
304 22 4123 ユ老短Ⅱⅲ２・夜・未 _ _ 6 1 6 1 1 4 958
305 22 4131 ユ老短Ⅱⅲ３・未 _ _ 6 1 1 1 1 5 1100
306 22 4133 ユ老短Ⅱⅲ３・夜・未 _ _ 6 1 6 1 1 5 1067
307 22 4141 ユ老短Ⅱⅲ４・未 _ _ 6 1 1 1 1 6 1174
308 22 4143 ユ老短Ⅱⅲ４・夜・未 _ _ 6 1 6 1 1 6 1139
309 22 4151 ユ老短Ⅱⅲ５・未 _ _ 6 1 1 1 1 7 1247
310 22 4153 ユ老短Ⅱⅲ５・夜・未 _ _ 6 1 6 1 1 7 1210
311 22 4491 ユ老短Ⅱⅳ１・未 _ _ 6 1 1 1 1 3 908
312 22 4492 ユ老短Ⅱⅳ１・夜・未 _ _ 6 1 6 1 1 3 881
313 22 4493 ユ老短Ⅱⅳ２・未 _ _ 6 1 1 1 1 4 988
314 22 4494 ユ老短Ⅱⅳ２・夜・未 _ _ 6 1 6 1 1 4 958
315 22 4495 ユ老短Ⅱⅳ３・未 _ _ 6 1 1 1 1 5 1167
316 22 4496 ユ老短Ⅱⅳ３・夜・未 _ _ 6 1 6 1 1 5 1132
317 22 4497 ユ老短Ⅱⅳ４・未 _ _ 6 1 1 1 1 6 1241
318 22 4498 ユ老短Ⅱⅳ４・夜・未 _ _ 6 1 6 1 1 6 1204
319 22 4499 ユ老短Ⅱⅳ５・未 _ _ 6 1 1 1 1 7 1314
320 22 4500 ユ老短Ⅱⅳ５・夜・未 _ _ 6 1 6 1 1 7 1275
321 22 4211 ユ老短Ⅲⅰ１・未 _ _ 8 1 1 1 1 3 908
322 22 4213 ユ老短Ⅲⅰ１・夜・未 _ _ 8 1 6 1 1 3 881
323 22 4221 ユ老短Ⅲⅰ２・未 _ _ 8 1 1 1 1 4 983
324 22 4223 ユ老短Ⅲⅰ２・夜・未 _ _ 8 1 6 1 1 4 954
325 22 4231 ユ老短Ⅲⅰ３・未 _ _ 8 1 1 1 1 5 1074
326 22 4233 ユ老短Ⅲⅰ３・夜・未 _ _ 8 1 6 1 1 5 1042
327 22 4241 ユ老短Ⅲⅰ４・未 _ _ 8 1 1 1 1 6 1148
328 22 4243 ユ老短Ⅲⅰ４・夜・未 _ _ 8 1 6 1 1 6 1114
329 22 4251 ユ老短Ⅲⅰ５・未 _ _ 8 1 1 1 1 7 1221
330 22 4253 ユ老短Ⅲⅰ５・夜・未 _ _ 8 1 6 1 1 7 1184
331 22 4501 ユ老短Ⅲⅱ１・未 _ _ 8 1 1 1 1 3 908
332 22 4502 ユ老短Ⅲⅱ１・夜・未 _ _ 8 1 6 1 1 3 881
333 22 4503 ユ老短Ⅲⅱ２・未 _ _ 8 1 1 1 1 4 983
334 22 4504 ユ老短Ⅲⅱ２・夜・未 _ _ 8 1 6 1 1 4 954
335 22 4505 ユ老短Ⅲⅱ３・未 _ _ 8 1 1 1 1 5 1141
336 22 4506 ユ老短Ⅲⅱ３・夜・未 _ _ 8 1 6 1 1 5 1107
337 22 4507 ユ老短Ⅲⅱ４・未 _ _ 8 1 1 1 1 6 1214
338 22 4508 ユ老短Ⅲⅱ４・夜・未 _ _ 8 1 6 1 1 6 1178
339 22 4509 ユ老短Ⅲⅱ５・未 _ _ 8 1 1 1 1 7 1288
340 22 4510 ユ老短Ⅲⅱ５・夜・未 _ _ 8 1 6 1 1 7 1249
341 22 4311 ユ老短Ⅲⅲ１・未 _ _ 8 1 1 1 1 3 908
342 22 4313 ユ老短Ⅲⅲ１・夜・未 _ _ 8 1 6 1 1 3 881
343 22 4321 ユ老短Ⅲⅲ２・未 _ _ 8 1 1 1 1 4 983
344 22 4323 ユ老短Ⅲⅲ２・夜・未 _ _ 8 1 6 1 1 4 954
345 22 4331 ユ老短Ⅲⅲ３・未 _ _ 8 1 1 1 1 5 1074
346 22 4333 ユ老短Ⅲⅲ３・夜・未 _ _ 8 1 6 1 1 5 1042
347 22 4341 ユ老短Ⅲⅲ４・未 _ _ 8 1 1 1 1 6 1148
348 22 4343 ユ老短Ⅲⅲ４・夜・未 _ _ 8 1 6 1 1 6 1114
349 22 4351 ユ老短Ⅲⅲ５・未 _ _ 8 1 1 1 1 7 1221
350 22 4353 ユ老短Ⅲⅲ５・夜・未 _ _ 8 1 6 1 1 7 1184
351 22 4511 ユ老短Ⅲⅳ１・未 _ _ 8 1 1 1 1 3 908
352 22 4512 ユ老短Ⅲⅳ１・夜・未 _ _ 8 1 6 1 1 3 881
353 22 4513 ユ老短Ⅲⅳ２・未 _ _ 8 1 1 1 1 4 983
354 22 4514 ユ老短Ⅲⅳ２・夜・未 _ _ 8 1 6 1 1 4 954
355 22 4515 ユ老短Ⅲⅳ３・未 _ _ 8 1 1 1 1 5 1141
356 22 4516 ユ老短Ⅲⅳ３・夜・未 _ _ 8 1 6 1 1 5 1107
357 22 4517 ユ老短Ⅲⅳ４・未 _ _ 8 1 1 1 1 6 1214
358 22 4518 ユ老短Ⅲⅳ４・夜・未 _ _ 8 1 6 1 1 6 1178
359 22 4519 ユ老短Ⅲⅳ５・未 _ _ 8 1 1 1 1 7 1288
360 22 4520 ユ老短Ⅲⅳ５・夜・未 _ _ 8 1 6 1 1 7 1249
361 22 1561 特定老短１ 120 240 1 1 1 1 1 _ 650
362 22 1565 特定老短１・夜 120 240 1 1 6 1 1 _ 631
363 22 1571 特定老短２ 240 360 1 1 1 1 1 _ 900
364 22 1572 特定老短２・夜 240 360 1 1 6 1 1 _ 873
365 22 1581 特定老短３ 360 480 1 1 1 1 1 _ 1250
366 22 1582 特定老短３・夜 360 480 1 1 6 1 1 _ 1213
367 22 8011 老短Ⅰⅰ１・超 _ _ 1 1 1 2 1 3 525
368 22 8015 老短Ⅰⅰ１・夜・超 _ _ 1 1 6 2 1 3 510
369 22 8021 老短Ⅰⅰ２・超 _ _ 1 1 1 2 1 4 558
370 22 8025 老短Ⅰⅰ２・夜・超 _ _ 1 1 6 2 1 4 541
371 22 8031 老短Ⅰⅰ３・超 _ _ 1 1 1 2 1 5 602
372 22 8035 老短Ⅰⅰ３・夜・超 _ _ 1 1 6 2 1 5 584
373 22 8041 老短Ⅰⅰ４・超 _ _ 1 1 1 2 1 6 638
374 22 8045 老短Ⅰⅰ４・夜・超 _ _ 1 1 6 2 1 6 620
375 22 8051 老短Ⅰⅰ５・超 _ _ 1 1 1 2 1 7 676
376 22 8055 老短Ⅰⅰ５・夜・超 _ _ 1 1 6 2 1 7 655
377 22 8501 老短Ⅰⅱ１・超 _ _ 1 1 1 2 1 3 545
378 22 8502 老短Ⅰⅱ１・夜・超 _ _ 1 1 6 2 1 3 529
379 22 8503 老短Ⅰⅱ２・超 _ _ 1 1 1 2 1 4 596
380 22 8504 老短Ⅰⅱ２・夜・超 _ _ 1 1 6 2 1 4 578
381 22 8505 老短Ⅰⅱ３・超 _ _ 1 1 1 2 1 5 639
382 22 8506 老短Ⅰⅱ３・夜・超 _ _ 1 1 6 2 1 5 620
383 22 8507 老短Ⅰⅱ４・超 _ _ 1 1 1 2 1 6 679
384 22 8508 老短Ⅰⅱ４・夜・超 _ _ 1 1 6 2 1 6 659
385 22 8509 老短Ⅰⅱ５・超 _ _ 1 1 1 2 1 7 718
386 22 8510 老短Ⅰⅱ５・夜・超 _ _ 1 1 6 2 1 7 696
387 22 8211 老短Ⅰⅲ１・超 _ _ 1 1 1 2 1 3 578
388 22 8215 老短Ⅰⅲ１・夜・超 _ _ 1 1 6 2 1 3 561
389 22 8221 老短Ⅰⅲ２・超 _ _ 1 1 1 2 1 4 612
390 22 8225 老短Ⅰⅲ２・夜・超 _ _ 1 1 6 2 1 4 594
391 22 8231 老短Ⅰⅲ３・超 _ _ 1 1 1 2 1 5 656
392 22 8235 老短Ⅰⅲ３・夜・超 _ _ 1 1 6 2 1 5 636
393 22 8241 老短Ⅰⅲ４・超 _ _ 1 1 1 2 1 6 693
394 22 8245 老短Ⅰⅲ４・夜・超 _ _ 1 1 6 2 1 6 672
395 22 8251 老短Ⅰⅲ５・超 _ _ 1 1 1 2 1 7 730
396 22 8255 老短Ⅰⅲ５・夜・超 _ _ 1 1 6 2 1 7 708
397 22 8511 老短Ⅰⅳ１・超 _ _ 1 1 1 2 1 3 601
398 22 8512 老短Ⅰⅳ１・夜・超 _ _ 1 1 6 2 1 3 583
399 22 8513 老短Ⅰⅳ２・超 _ _ 1 1 1 2 1 4 653
400 22 8514 老短Ⅰⅳ２・夜・超 _ _ 1 1 6 2 1 4 634
401 22 8515 老短Ⅰⅳ３・超 _ _ 1 1 1 2 1 5 697
402 22 8516 老短Ⅰⅳ３・夜・超 _ _ 1 1 6 2 1 5 676
403 22 8517 老短Ⅰⅳ４・超 _ _ 1 1 1 2 1 6 736
404 22 8518 老短Ⅰⅳ４・夜・超 _ _ 1 1 6 2 1 6 714
405 22 8519 老短Ⅰⅳ５・超 _ _ 1 1 1 2 1 7 776
406 22 8520 老短Ⅰⅳ５・夜・超 _ _ 1 1 6 2 1 7 753
407 22 7209 老短Ⅱⅰ１・超 _ _ 5 1 1 2 1 3 543
408 22 7213 老短Ⅱⅰ１・夜・超 _ _ 5 1 6 2 1 3 526
409 22 7217 老短Ⅱⅰ２・超 _ _ 5 1 1 2 1 4 601
410 22 7221 老短Ⅱⅰ２・夜・超 _ _ 5 1 6 2 1 4 582
411 22 7225 老短Ⅱⅰ３・超 _ _ 5 1 1 2 1 5 681
412 22 7229 老短Ⅱⅰ３・夜・超 _ _ 5 1 6 2 1 5 661
413 22 7233 老短Ⅱⅰ４・超 _ _ 5 1 1 2 1 6 734
414 22 7237 老短Ⅱⅰ４・夜・超 _ _ 5 1 6 2 1 6 713
415 22 7241 老短Ⅱⅰ５・超 _ _ 5 1 1 2 1 7 788
416 22 7245 老短Ⅱⅰ５・夜・超 _ _ 5 1 6 2 1 7 764
417 22 5001 老短Ⅱⅱ１・超 _ _ 5 1 1 2 1 3 543
418 22 5002 老短Ⅱⅱ１・夜・超 _ _ 5 1 6 2 1 3 526
419 22 5003 老短Ⅱⅱ２・超 _ _ 5 1 1 2 1 4 601
420 22 5004 老短Ⅱⅱ２・夜・超 _ _ 5 1 6 2 1 4 582
421 22 5005 老短Ⅱⅱ３・超 _ _ 5 1 1 2 1 5 729
422 22 5006 老短Ⅱⅱ３・夜・超 _ _ 5 1 6 2 1 5 708
423 22 5007 老短Ⅱⅱ４・超 _ _ 5 1 1 2 1 6 783
424 22 5008 老短Ⅱⅱ４・夜・超 _ _ 5 1 6 2 1 6 759
425 22 5009 老短Ⅱⅱ５・超 _ _ 5 1 1 2 1 7 836
426 22 5010 老短Ⅱⅱ５・夜・超 _ _ 5 1 6 2 1 7 811
427 22 7257 老短Ⅱⅲ１・超 _ _ 5 1 1 2 1 3 598
428 22 7261 老短Ⅱⅲ１・夜・超 _ _ 5 1 6 2 1 3 580
429 22 7265 老短Ⅱⅲ２・超 _ _ 5 1 1 2 1 4 656
430 22 7269 老短Ⅱⅲ２・夜・超 _ _ 5 1 6 2 1 4 636
431 22 7273 老短Ⅱⅲ３・超 _ _ 5 1 1 2 1 5 736
432 22 7277 老短Ⅱⅲ３・夜・超 _ _ 5 1 6 2 1 5 714
433 22 7281 老短Ⅱⅲ４・超 _ _ 5 1 1 2 1 6 790
434 22 7285 老短Ⅱⅲ４・夜・超 _ _ 5 1 6 2 1 6 766
435 22 7289 老短Ⅱⅲ５・超 _ _ 5 1 1 2 1 7 843
436 22 7293 老短Ⅱⅲ５・夜・超 _ _ 5 1 6 2 1 7 818
437 22 5011 老短Ⅱⅳ１・超 _ _ 5 1 1 2 1 3 598
438 22 5012 老短Ⅱⅳ１・夜・超 _ _ 5 1 6 2 1 3 580
439 22 5013 老短Ⅱⅳ２・超 _ _ 5 1 1 2 1 4 656
440 22 5014 老短Ⅱⅳ２・夜・超 _ _ 5 1 6 2 1 4 636
441 22 5015 老短Ⅱⅳ３・超 _ _ 5 1 1 2 1 5 785
442 22 5016 老短Ⅱⅳ３・夜・超 _ _ 5 1 6 2 1 5 761
443 22 5017 老短Ⅱⅳ４・超 _ _ 5 1 1 2 1 6 838
444 22 5018 老短Ⅱⅳ４・夜・超 _ _ 5 1 6 2 1 6 813
445 22 5019 老短Ⅱⅳ５・超 _ _ 5 1 1 2 1 7 891
446 22 5020 老短Ⅱⅳ５・夜・超 _ _ 5 1 6 2 1 7 865
447 22 7305 老短Ⅲⅰ１・超 _ _ 7 1 1 2 1 3 543
448 22 7309 老短Ⅲⅰ１・夜・超 _ _ 7 1 6 2 1 3 526
449 22 7313 老短Ⅲⅰ２・超 _ _ 7 1 1 2 1 4 596
450 22 7317 老短Ⅲⅰ２・夜・超 _ _ 7 1 6 2 1 4 578
451 22 7321 老短Ⅲⅰ３・超 _ _ 7 1 1 2 1 5 662
452 22 7325 老短Ⅲⅰ３・夜・超 _ _ 7 1 6 2 1 5 643
453 22 7329 老短Ⅲⅰ４・超 _ _ 7 1 1 2 1 6 715
454 22 7333 老短Ⅲⅰ４・夜・超 _ _ 7 1 6 2 1 6 694
455 22 7337 老短Ⅲⅰ５・超 _ _ 7 1 1 2 1 7 769
456 22 7341 老短Ⅲⅰ５・夜・超 _ _ 7 1 6 2 1 7 746
457 22 5021 老短Ⅲⅱ１・超 _ _ 7 1 1 2 1 3 543
458 22 5022 老短Ⅲⅱ１・夜・超 _ _ 7 1 6 2 1 3 526
459 22 5023 老短Ⅲⅱ２・超 _ _ 7 1 1 2 1 4 596
460 22 5024 老短Ⅲⅱ２・夜・超 _ _ 7 1 6 2 1 4 578
461 22 5025 老短Ⅲⅱ３・超 _ _ 7 1 1 2 1 5 711
462 22 5026 老短Ⅲⅱ３・夜・超 _ _ 7 1 6 2 1 5 690
463 22 5027 老短Ⅲⅱ４・超 _ _ 7 1 1 2 1 6 764
464 22 5028 老短Ⅲⅱ４・夜・超 _ _ 7 1 6 2 1 6 741
465 22 5029 老短Ⅲⅱ５・超 _ _ 7 1 1 2 1 7 817
466 22 5030 老短Ⅲⅱ５・夜・超 _ _ 7 1 6 2 1 7 792
467 22 7353 老短Ⅲⅲ１・超 _ _ 7 1 1 2 1 3 598
468 22 7357 老短Ⅲⅲ１・夜・超 _ _ 7 1 6 2 1 3 580
469 22 7361 老短Ⅲⅲ２・超 _ _ 7 1 1 2 1 4 652
470 22 7365 老短Ⅲⅲ２・夜・超 _ _ 7 1 6 2 1 4 632
471 22 7369 老短Ⅲⅲ３・超 _ _ 7 1 1 2 1 5 718
472 22 7373 老短Ⅲⅲ３・夜・超 _ _ 7 1 6 2 1 5 696
473 22 7377 老短Ⅲⅲ４・超 _ _ 7 1 1 2 1 6 771
474 22 7381 老短Ⅲⅲ４・夜・超 _ _ 7 1 6 2 1 6 748
475 22 7385 老短Ⅲⅲ５・超 _ _ 7 1 1 2 1 7 824
476 22 7389 老短Ⅲⅲ５・夜・超 _ _ 7 1 6 2 1 7 799
477 22 5031 老短Ⅲⅳ１・超 _ _ 7 1 1 2 1 3 598
478 22 5032 老短Ⅲⅳ１・夜・超 _ _ 7 1 6 2 1 3 580
479 22 5033 老短Ⅲⅳ２・超 _ _ 7 1 1 2 1 4 652
480 22 5034 老短Ⅲⅳ２・夜・超 _ _ 7 1 6 2 1 4 632
481 22 5035 老短Ⅲⅳ３・超 _ _ 7 1 1 2 1 5 766
482 22 5036 老短Ⅲⅳ３・夜・超 _ _ 7 1 6 2 1 5 743
483 22 5037 老短Ⅲⅳ４・超 _ _ 7 1 1 2 1 6 819
484 22 5038 老短Ⅲⅳ４・夜・超 _ _ 7 1 6 2 1 6 795
485 22 5039 老短Ⅲⅳ５・超 _ _ 7 1 1 2 1 7 872
486 22 5040 老短Ⅲⅳ５・夜・超 _ _ 7 1 6 2 1 7 846
487 22 8311 ユ老短Ⅰⅰ１・超 _ _ 2 2 1 2 1 3 580
488 22 8313 ユ老短Ⅰⅰ１・夜・超 _ _ 2 2 6 2 1 3 563
489 22 8321 ユ老短Ⅰⅰ２・超 _ _ 2 2 1 2 1 4 613
490 22 8323 ユ老短Ⅰⅰ２・夜・超 _ _ 2 2 6 2 1 4 595
491 22 8331 ユ老短Ⅰⅰ３・超 _ _ 2 2 1 2 1 5 658
492 22 8333 ユ老短Ⅰⅰ３・夜・超 _ _ 2 2 6 2 1 5 638
493 22 8341 ユ老短Ⅰⅰ４・超 _ _ 2 2 1 2 1 6 695
494 22 8343 ユ老短Ⅰⅰ４・夜・超 _ _ 2 2 6 2 1 6 674
495 22 8351 ユ老短Ⅰⅰ５・超 _ _ 2 2 1 2 1 7 732
496 22 8353 ユ老短Ⅰⅰ５・夜・超 _ _ 2 2 6 2 1 7 711
497 22 8521 ユ老短Ⅰⅱ１・超 _ _ 2 2 1 2 1 3 603
498 22 8522 ユ老短Ⅰⅱ１・夜・超 _ _ 2 2 6 2 1 3 585
499 22 8523 ユ老短Ⅰⅱ２・超 _ _ 2 2 1 2 1 4 655
500 22 8524 ユ老短Ⅰⅱ２・夜・超 _ _ 2 2 6 2 1 4 636
501 22 8525 ユ老短Ⅰⅱ３・超 _ _ 2 2 1 2 1 5 699
502 22 8526 ユ老短Ⅰⅱ３・夜・超 _ _ 2 2 6 2 1 5 678
503 22 8527 ユ老短Ⅰⅱ４・超 _ _ 2 2 1 2 1 6 739
504 22 8528 ユ老短Ⅰⅱ４・夜・超 _ _ 2 2 6 2 1 6 716
505 22 8529 ユ老短Ⅰⅱ５・超 _ _ 2 2 1 2 1 7 778
506 22 8530 ユ老短Ⅰⅱ５・夜・超 _ _ 2 2 6 2 1 7 755
507 22 8411 ユ老短Ⅰⅲ１・超 _ _ 2 2 1 2 1 3 580
508 22 8413 ユ老短Ⅰⅲ１・夜・超 _ _ 2 2 6 2 1 3 563
509 22 8421 ユ老短Ⅰⅲ２・超 _ _ 2 2 1 2 1 4 613
510 22 8423 ユ老短Ⅰⅲ２・夜・超 _ _ 2 2 6 2 1 4 595
511 22 8431 ユ老短Ⅰⅲ３・超 _ _ 2 2 1 2 1 5 658
512 22 8433 ユ老短Ⅰⅲ３・夜・超 _ _ 2 2 6 2 1 5 638
513 22 8441 ユ老短Ⅰⅲ４・超 _ _ 2 2 1 2 1 6 695
514 22 8443 ユ老短Ⅰⅲ４・夜・超 _ _ 2 2 6 2 1 6 674
515 22 8451 ユ老短Ⅰⅲ５・超 _ _ 2 2 1 2 1 7 732
516 22 8453 ユ老短Ⅰⅲ５・夜・超 _ _ 2 2 6 2 1 7 711
517 22 8531 ユ老短Ⅰⅳ１・超 _ _ 2 2 1 2 1 3 603
518 22 8532 ユ老短Ⅰⅳ１・夜・超 _ _ 2 2 6 2 1 3 585
519 22 8533 ユ老短Ⅰⅳ２・超 _ _ 2 2 1 2 1 4 655
520 22 8534 ユ老短Ⅰⅳ２・夜・超 _ _ 2 2 6 2 1 4 636
521 22 8535 ユ老短Ⅰⅳ３・超 _ _ 2 2 1 2 1 5 699
522 22 8536 ユ老短Ⅰⅳ３・夜・超 _ _ 2 2 6 2 1 5 678
523 22 8537 ユ老短Ⅰⅳ４・超 _ _ 2 2 1 2 1 6 739
524 22 8538 ユ老短Ⅰⅳ４・夜・超 _ _ 2 2 6 2 1 6 716
525 22 8539 ユ老短Ⅰⅳ５・超 _ _ 2 2 1 2 1 7 778
526 22 8540 ユ老短Ⅰⅳ５・夜・超 _ _ 2 2 6 2 1 7 755
527 22 7397 ユ老短Ⅱⅰ１・超 _ _ 6 2 1 2 1 3 655
528 22 7399 ユ老短Ⅱⅰ１・夜・超 _ _ 6 2 6 2 1 3 636
529 22 7401 ユ老短Ⅱⅰ２・超 _ _ 6 2 1 2 1 4 713
530 22 7403 ユ老短Ⅱⅰ２・夜・超 _ _ 6 2 6 2 1 4 692
531 22 7405 ユ老短Ⅱⅰ３・超 _ _ 6 2 1 2 1 5 794
532 22 7407 ユ老短Ⅱⅰ３・夜・超 _ _ 6 2 6 2 1 5 770
533 22 7409 ユ老短Ⅱⅰ４・超 _ _ 6 2 1 2 1 6 847
534 22 7411 ユ老短Ⅱⅰ４・夜・超 _ _ 6 2 6 2 1 6 822
535 22 7413 ユ老短Ⅱⅰ５・超 _ _ 6 2 1 2 1 7 900
536 22 7415 ユ老短Ⅱⅰ５・夜・超 _ _ 6 2 6 2 1 7 873
537 22 5041 ユ老短Ⅱⅱ１・超 _ _ 6 2 1 2 1 3 655
538 22 5042 ユ老短Ⅱⅱ１・夜・超 _ _ 6 2 6 2 1 3 636
539 22 5043 ユ老短Ⅱⅱ２・超 _ _ 6 2 1 2 1 4 713
540 22 5044 ユ老短Ⅱⅱ２・夜・超 _ _ 6 2 6 2 1 4 692
541 22 5045 ユ老短Ⅱⅱ３・超 _ _ 6 2 1 2 1 5 842
542 22 5046 ユ老短Ⅱⅱ３・夜・超 _ _ 6 2 6 2 1 5 817
543 22 5047 ユ老短Ⅱⅱ４・超 _ _ 6 2 1 2 1 6 895
544 22 5048 ユ老短Ⅱⅱ４・夜・超 _ _ 6 2 6 2 1 6 869
545 22 5049 ユ老短Ⅱⅱ５・超 _ _ 6 2 1 2 1 7 949
546 22 5050 ユ老短Ⅱⅱ５・夜・超 _ _ 6 2 6 2 1 7 920
547 22 7421 ユ老短Ⅱⅲ１・超 _ _ 6 2 1 2 1 3 655
548 22 7423 ユ老短Ⅱⅲ１・夜・超 _ _ 6 2 6 2 1 3 636
549 22 7425 ユ老短Ⅱⅲ２・超 _ _ 6 2 1 2 1 4 713
550 22 7427 ユ老短Ⅱⅲ２・夜・超 _ _ 6 2 6 2 1 4 692
551 22 7429 ユ老短Ⅱⅲ３・超 _ _ 6 2 1 2 1 5 794
552 22 7431 ユ老短Ⅱⅲ３・夜・超 _ _ 6 2 6 2 1 5 770
553 22 7433 ユ老短Ⅱⅲ４・超 _ _ 6 2 1 2 1 6 847
554 22 7435 ユ老短Ⅱⅲ４・夜・超 _ _ 6 2 6 2 1 6 822
555 22 7437 ユ老短Ⅱⅲ５・超 _ _ 6 2 1 2 1 7 900
556 22 7439 ユ老短Ⅱⅲ５・夜・超 _ _ 6 2 6 2 1 7 873
557 22 5051 ユ老短Ⅱⅳ１・超 _ _ 6 2 1 2 1 3 655
558 22 5052 ユ老短Ⅱⅳ１・夜・超 _ _ 6 2 6 2 1 3 636
559 22 5053 ユ老短Ⅱⅳ２・超 _ _ 6 2 1 2 1 4 713
560 22 5054 ユ老短Ⅱⅳ２・夜・超 _ _ 6 2 6 2 1 4 692
561 22 5055 ユ老短Ⅱⅳ３・超 _ _ 6 2 1 2 1 5 842
562 22 5056 ユ老短Ⅱⅳ３・夜・超 _ _ 6 2 6 2 1 5 817
563 22 5057 ユ老短Ⅱⅳ４・超 _ _ 6 2 1 2 1 6 895
564 22 5058 ユ老短Ⅱⅳ４・夜・超 _ _ 6 2 6 2 1 6 869
565 22 5059 ユ老短Ⅱⅳ５・超 _ _ 6 2 1 2 1 7 949
566 22 5060 ユ老短Ⅱⅳ５・夜・超 _ _ 6 2 6 2 1 7 920
567 22 7445 ユ老短Ⅲⅰ１・超 _ _ 8 2 1 2 1 3 655
568 22 7447 ユ老短Ⅲⅰ１・夜・超 _ _ 8 2 6 2 1 3 636
569 22 7449 ユ老短Ⅲⅰ２・超 _ _ 8 2 1 2 1 4 709
570 22 7451 ユ老短Ⅲⅰ２・夜・超 _ _ 8 2 6 2 1 4 688
571 22 7453 ユ老短Ⅲⅰ３・超 _ _ 8 2 1 2 1 5 775
572 22 7455 ユ老短Ⅲⅰ３・夜・超 _ _ 8 2 6 2 1 5 752
573 22 7457 ユ老短Ⅲⅰ４・超 _ _ 8 2 1 2 1 6 828
574 22 7459 ユ老短Ⅲⅰ４・夜・超 _ _ 8 2 6 2 1 6 804
575 22 7461 ユ老短Ⅲⅰ５・超 _ _ 8 2 1 2 1 7 881
576 22 7463 ユ老短Ⅲⅰ５・夜・超 _ _ 8 2 6 2 1 7 855
577 22 5061 ユ老短Ⅲⅱ１・超 _ _ 8 2 1 2 1 3 655
578 22 5062 ユ老短Ⅲⅱ１・夜・超 _ _ 8 2 6 2 1 3 636
579 22 5063 ユ老短Ⅲⅱ２・超 _ _ 8 2 1 2 1 4 709
580 22 5064 ユ老短Ⅲⅱ２・夜・超 _ _ 8 2 6 2 1 4 688
581 22 5065 ユ老短Ⅲⅱ３・超 _ _ 8 2 1 2 1 5 823
582 22 5066 ユ老短Ⅲⅱ３・夜・超 _ _ 8 2 6 2 1 5 799
583 22 5067 ユ老短Ⅲⅱ４・超 _ _ 8 2 1 2 1 6 876
584 22 5068 ユ老短Ⅲⅱ４・夜・超 _ _ 8 2 6 2 1 6 850
585 22 5069 ユ老短Ⅲⅱ５・超 _ _ 8 2 1 2 1 7 930
586 22 5070 ユ老短Ⅲⅱ５・夜・超 _ _ 8 2 6 2 1 7 902
587 22 7469 ユ老短Ⅲⅲ１・超 _ _ 8 2 1 2 1 3 655
588 22 7471 ユ老短Ⅲⅲ１・夜・超 _ _ 8 2 6 2 1 3 636
589 22 7473 ユ老短Ⅲⅲ２・超 _ _ 8 2 1 2 1 4 709
590 22 7475 ユ老短Ⅲⅲ２・夜・超 _ _ 8 2 6 2 1 4 688
591 22 7477 ユ老短Ⅲⅲ３・超 _ _ 8 2 1 2 1 5 775
592 22 7479 ユ老短Ⅲⅲ３・夜・超 _ _ 8 2 6 2 1 5 752
593 22 7481 ユ老短Ⅲⅲ４・超 _ _ 8 2 1 2 1 6 828
594 22 7483 ユ老短Ⅲⅲ４・夜・超 _ _ 8 2 6 2 1 6 804
595 22 7485 ユ老短Ⅲⅲ５・超 _ _ 8 2 1 2 1 7 881
596 22 7487 ユ老短Ⅲⅲ５・夜・超 _ _ 8 2 6 2 1 7 855
597 22 5071 ユ老短Ⅲⅳ１・超 _ _ 8 2 1 2 1 3 655
598 22 5072 ユ老短Ⅲⅳ１・夜・超 _ _ 8 2 6 2 1 3 636
599 22 5073 ユ老短Ⅲⅳ２・超 _ _ 8 2 1 2 1 4 709
600 22 5074 ユ老短Ⅲⅳ２・夜・超 _ _ 8 2 6 2 1 4 688
601 22 5075 ユ老短Ⅲⅳ３・超 _ _ 8 2 1 2 1 5 823
602 22 5076 ユ老短Ⅲⅳ３・夜・超 _ _ 8 2 6 2 1 5 799
603 22 5077 ユ老短Ⅲⅳ４・超 _ _ 8 2 1 2 1 6 876
604 22 5078 ユ老短Ⅲⅳ４・夜・超 _ _ 8 2 6 2 1 6 850
605 22 5079 ユ老短Ⅲⅳ５・超 _ _ 8 2 1 2 1 7 930
606 22 5080 ユ老短Ⅲⅳ５・夜・超 _ _ 8 2 6 2 1 7 902
607 22 7009 ユ老短Ⅰⅰ１・超・未 _ _ 2 1 1 2 1 3 563
608 22 7013 ユ老短Ⅰⅰ１・夜・超・未 _ _ 2 1 6 2 1 3 546
609 22 7017 ユ老短Ⅰⅰ２・超・未 _ _ 2 1 1 2 1 4 595
610 22 7021 ユ老短Ⅰⅰ２・夜・超・未 _ _ 2 1 6 2 1 4 577
611 22 7025 ユ老短Ⅰⅰ３・超・未 _ _ 2 1 1 2 1 5 638
612 22 7029 ユ老短Ⅰⅰ３・夜・超・未 _ _ 2 1 6 2 1 5 619
613 22 7033 ユ老短Ⅰⅰ４・超・未 _ _ 2 1 1 2 1 6 674
614 22 7037 ユ老短Ⅰⅰ４・夜・超・未 _ _ 2 1 6 2 1 6 654
615 22 7041 ユ老短Ⅰⅰ５・超・未 _ _ 2 1 1 2 1 7 710
616 22 7045 ユ老短Ⅰⅰ５・夜・超・未 _ _ 2 1 6 2 1 7 690
617 22 8541 ユ老短Ⅰⅱ１・超・未 _ _ 2 1 1 2 1 3 585
618 22 8542 ユ老短Ⅰⅱ１・夜・超・未 _ _ 2 1 6 2 1 3 567
619 22 8543 ユ老短Ⅰⅱ２・超・未 _ _ 2 1 1 2 1 4 635
620 22 8544 ユ老短Ⅰⅱ２・夜・超・未 _ _ 2 1 6 2 1 4 617
621 22 8545 ユ老短Ⅰⅱ３・超・未 _ _ 2 1 1 2 1 5 678
622 22 8546 ユ老短Ⅰⅱ３・夜・超・未 _ _ 2 1 6 2 1 5 658
623 22 8547 ユ老短Ⅰⅱ４・超・未 _ _ 2 1 1 2 1 6 717
624 22 8548 ユ老短Ⅰⅱ４・夜・超・未 _ _ 2 1 6 2 1 6 695
625 22 8549 ユ老短Ⅰⅱ５・超・未 _ _ 2 1 1 2 1 7 755
626 22 8550 ユ老短Ⅰⅱ５・夜・超・未 _ _ 2 1 6 2 1 7 732
627 22 7057 ユ老短Ⅰⅲ１・超・未 _ _ 2 1 1 2 1 3 563
628 22 7061 ユ老短Ⅰⅲ１・夜・超・未 _ _ 2 1 6 2 1 3 546
629 22 7065 ユ老短Ⅰⅲ２・超・未 _ _ 2 1 1 2 1 4 595
630 22 7069 ユ老短Ⅰⅲ２・夜・超・未 _ _ 2 1 6 2 1 4 577
631 22 7073 ユ老短Ⅰⅲ３・超・未 _ _ 2 1 1 2 1 5 638
632 22 7077 ユ老短Ⅰⅲ３・夜・超・未 _ _ 2 1 6 2 1 5 619
633 22 7081 ユ老短Ⅰⅲ４・超・未 _ _ 2 1 1 2 1 6 674
634 22 7085 ユ老短Ⅰⅲ４・夜・超・未 _ _ 2 1 6 2 1 6 654
635 22 7089 ユ老短Ⅰⅲ５・超・未 _ _ 2 1 1 2 1 7 710
636 22 7093 ユ老短Ⅰⅲ５・夜・超・未 _ _ 2 1 6 2 1 7 690
637 22 8551 ユ老短Ⅰⅳ１・超・未 _ _ 2 1 1 2 1 3 585
638 22 8552 ユ老短Ⅰⅳ１・夜・超・未 _ _ 2 1 6 2 1 3 567
639 22 8553 ユ老短Ⅰⅳ２・超・未 _ _ 2 1 1 2 1 4 635
640 22 8554 ユ老短Ⅰⅳ２・夜・超・未 _ _ 2 1 6 2 1 4 617
641 22 8555 ユ老短Ⅰⅳ３・超・未 _ _ 2 1 1 2 1 5 678
642 22 8556 ユ老短Ⅰⅳ３・夜・超・未 _ _ 2 1 6 2 1 5 658
643 22 8557 ユ老短Ⅰⅳ４・超・未 _ _ 2 1 1 2 1 6 717
644 22 8558 ユ老短Ⅰⅳ４・夜・超・未 _ _ 2 1 6 2 1 6 695
645 22 8559 ユ老短Ⅰⅳ５・超・未 _ _ 2 1 1 2 1 7 755
646 22 8560 ユ老短Ⅰⅳ５・夜・超・未 _ _ 2 1 6 2 1 7 732
647 22 7493 ユ老短Ⅱⅰ１・超・未 _ _ 6 1 1 2 1 3 635
648 22 7495 ユ老短Ⅱⅰ１・夜・超・未 _ _ 6 1 6 2 1 3 617
649 22 7497 ユ老短Ⅱⅰ２・超・未 _ _ 6 1 1 2 1 4 692
650 22 7499 ユ老短Ⅱⅰ２・夜・超・未 _ _ 6 1 6 2 1 4 671
651 22 7501 ユ老短Ⅱⅰ３・超・未 _ _ 6 1 1 2 1 5 770
652 22 7503 ユ老短Ⅱⅰ３・夜・超・未 _ _ 6 1 6 2 1 5 747
653 22 7505 ユ老短Ⅱⅰ４・超・未 _ _ 6 1 1 2 1 6 822
654 22 7507 ユ老短Ⅱⅰ４・夜・超・未 _ _ 6 1 6 2 1 6 797
655 22 7509 ユ老短Ⅱⅰ５・超・未 _ _ 6 1 1 2 1 7 873
656 22 7511 ユ老短Ⅱⅰ５・夜・超・未 _ _ 6 1 6 2 1 7 847
657 22 5081 ユ老短Ⅱⅱ１・超・未 _ _ 6 1 1 2 1 3 635
658 22 5082 ユ老短Ⅱⅱ１・夜・超・未 _ _ 6 1 6 2 1 3 617
659 22 5083 ユ老短Ⅱⅱ２・超・未 _ _ 6 1 1 2 1 4 692
660 22 5084 ユ老短Ⅱⅱ２・夜・超・未 _ _ 6 1 6 2 1 4 671
661 22 5085 ユ老短Ⅱⅱ３・超・未 _ _ 6 1 1 2 1 5 817
662 22 5086 ユ老短Ⅱⅱ３・夜・超・未 _ _ 6 1 6 2 1 5 792
663 22 5087 ユ老短Ⅱⅱ４・超・未 _ _ 6 1 1 2 1 6 868
664 22 5088 ユ老短Ⅱⅱ４・夜・超・未 _ _ 6 1 6 2 1 6 843
665 22 5089 ユ老短Ⅱⅱ５・超・未 _ _ 6 1 1 2 1 7 921
666 22 5090 ユ老短Ⅱⅱ５・夜・超・未 _ _ 6 1 6 2 1 7 892
667 22 7517 ユ老短Ⅱⅲ１・超・未 _ _ 6 1 1 2 1 3 635
668 22 7519 ユ老短Ⅱⅲ１・夜・超・未 _ _ 6 1 6 2 1 3 617
669 22 7521 ユ老短Ⅱⅲ２・超・未 _ _ 6 1 1 2 1 4 692
670 22 7523 ユ老短Ⅱⅲ２・夜・超・未 _ _ 6 1 6 2 1 4 671
671 22 7525 ユ老短Ⅱⅲ３・超・未 _ _ 6 1 1 2 1 5 770
672 22 7527 ユ老短Ⅱⅲ３・夜・超・未 _ _ 6 1 6 2 1 5 747
673 22 7529 ユ老短Ⅱⅲ４・超・未 _ _ 6 1 1 2 1 6 822
674 22 7531 ユ老短Ⅱⅲ４・夜・超・未 _ _ 6 1 6 2 1 6 797
675 22 7533 ユ老短Ⅱⅲ５・超・未 _ _ 6 1 1 2 1 7 873
676 22 7535 ユ老短Ⅱⅲ５・夜・超・未 _ _ 6 1 6 2 1 7 847
677 22 5091 ユ老短Ⅱⅳ１・超・未 _ _ 6 1 1 2 1 3 635
678 22 5092 ユ老短Ⅱⅳ１・夜・超・未 _ _ 6 1 6 2 1 3 617
679 22 5093 ユ老短Ⅱⅳ２・超・未 _ _ 6 1 1 2 1 4 692
680 22 5094 ユ老短Ⅱⅳ２・夜・超・未 _ _ 6 1 6 2 1 4 671
681 22 5095 ユ老短Ⅱⅳ３・超・未 _ _ 6 1 1 2 1 5 817
682 22 5096 ユ老短Ⅱⅳ３・夜・超・未 _ _ 6 1 6 2 1 5 792
683 22 5097 ユ老短Ⅱⅳ４・超・未 _ _ 6 1 1 2 1 6 868
684 22 5098 ユ老短Ⅱⅳ４・夜・超・未 _ _ 6 1 6 2 1 6 843
685 22 5099 ユ老短Ⅱⅳ５・超・未 _ _ 6 1 1 2 1 7 921
686 22 5100 ユ老短Ⅱⅳ５・夜・超・未 _ _ 6 1 6 2 1 7 892
687 22 7541 ユ老短Ⅲⅰ１・超・未 _ _ 8 1 1 2 1 3 635
688 22 7543 ユ老短Ⅲⅰ１・夜・超・未 _ _ 8 1 6 2 1 3 617
689 22 7545 ユ老短Ⅲⅰ２・超・未 _ _ 8 1 1 2 1 4 688
690 22 7547 ユ老短Ⅲⅰ２・夜・超・未 _ _ 8 1 6 2 1 4 667
691 22 7549 ユ老短Ⅲⅰ３・超・未 _ _ 8 1 1 2 1 5 752
692 22 7551 ユ老短Ⅲⅰ３・夜・超・未 _ _ 8 1 6 2 1 5 729
693 22 7553 ユ老短Ⅲⅰ４・超・未 _ _ 8 1 1 2 1 6 803
694 22 7555 ユ老短Ⅲⅰ４・夜・超・未 _ _ 8 1 6 2 1 6 780
695 22 7557 ユ老短Ⅲⅰ５・超・未 _ _ 8 1 1 2 1 7 855
696 22 7559 ユ老短Ⅲⅰ５・夜・超・未 _ _ 8 1 6 2 1 7 829
697 22 5101 ユ老短Ⅲⅱ１・超・未 _ _ 8 1 1 2 1 3 635
698 22 5102 ユ老短Ⅲⅱ１・夜・超・未 _ _ 8 1 6 2 1 3 617
699 22 5103 ユ老短Ⅲⅱ２・超・未 _ _ 8 1 1 2 1 4 688
700 22 5104 ユ老短Ⅲⅱ２・夜・超・未 _ _ 8 1 6 2 1 4 667
701 22 5105 ユ老短Ⅲⅱ３・超・未 _ _ 8 1 1 2 1 5 798
702 22 5106 ユ老短Ⅲⅱ３・夜・超・未 _ _ 8 1 6 2 1 5 775
703 22 5107 ユ老短Ⅲⅱ４・超・未 _ _ 8 1 1 2 1 6 850
704 22 5108 ユ老短Ⅲⅱ４・夜・超・未 _ _ 8 1 6 2 1 6 825
705 22 5109 ユ老短Ⅲⅱ５・超・未 _ _ 8 1 1 2 1 7 902
706 22 5110 ユ老短Ⅲⅱ５・夜・超・未 _ _ 8 1 6 2 1 7 875
707 22 7565 ユ老短Ⅲⅲ１・超・未 _ _ 8 1 1 2 1 3 635
708 22 7567 ユ老短Ⅲⅲ１・夜・超・未 _ _ 8 1 6 2 1 3 617
709 22 7569 ユ老短Ⅲⅲ２・超・未 _ _ 8 1 1 2 1 4 688
710 22 7571 ユ老短Ⅲⅲ２・夜・超・未 _ _ 8 1 6 2 1 4 667
711 22 7573 ユ老短Ⅲⅲ３・超・未 _ _ 8 1 1 2 1 5 752
712 22 7575 ユ老短Ⅲⅲ３・夜・超・未 _ _ 8 1 6 2 1 5 729
713 22 7577 ユ老短Ⅲⅲ４・超・未 _ _ 8 1 1 2 1 6 803
714 22 7579 ユ老短Ⅲⅲ４・夜・超・未 _ _ 8 1 6 2 1 6 780
715 22 7581 ユ老短Ⅲⅲ５・超・未 _ _ 8 1 1 2 1 7 855
716 22 7583 ユ老短Ⅲⅲ５・夜・超・未 _ _ 8 1 6 2 1 7 829
717 22 5111 ユ老短Ⅲⅳ１・超・未 _ _ 8 1 1 2 1 3 635
718 22 5112 ユ老短Ⅲⅳ１・夜・超・未 _ _ 8 1 6 2 1 3 617
719 22 5113 ユ老短Ⅲⅳ２・超・未 _ _ 8 1 1 2 1 4 688
720 22 5114 ユ老短Ⅲⅳ２・夜・超・未 _ _ 8 1 6 2 1 4 667
721 22 5115 ユ老短Ⅲⅳ３・超・未 _ _ 8 1 1 2 1 5 798
722 22 5116 ユ老短Ⅲⅳ３・夜・超・未 _ _ 8 1 6 2 1 5 775
723 22 5117 ユ老短Ⅲⅳ４・超・未 _ _ 8 1 1 2 1 6 850
724 22 5118 ユ老短Ⅲⅳ４・夜・超・未 _ _ 8 1 6 2 1 6 825
725 22 5119 ユ老短Ⅲⅳ５・超・未 _ _ 8 1 1 2 1 7 902
726 22 5120 ユ老短Ⅲⅳ５・夜・超・未 _ _ 8 1 6 2 1 7 875
727 22 8461 特定老短１・超 120 240 1 1 1 2 1 _ 455
728 22 8465 特定老短１・夜・超 120 240 1 1 6 2 1 _ 442
729 22 8471 特定老短２・超 240 360 1 1 1 2 1 _ 630
730 22 8472 特定老短２・夜・超 240 360 1 1 6 2 1 _ 611
731 22 8473 特定老短３・超 360 480 1 1 1 2 1 _ 875
732 22 8474 特定老短３・夜・超 360 480 1 1 6 2 1 _ 849
733 22 9011 老短Ⅰⅰ１・欠 _ _ 1 1 1 1 2 3 525
734 22 9015 老短Ⅰⅰ１・夜・欠 _ _ 1 1 6 1 2 3 510
735 22 9021 老短Ⅰⅰ２・欠 _ _ 1 1 1 1 2 4 558
736 22 9025 老短Ⅰⅰ２・夜・欠 _ _ 1 1 6 1 2 4 541
737 22 9031 老短Ⅰⅰ３・欠 _ _ 1 1 1 1 2 5 602
738 22 9035 老短Ⅰⅰ３・夜・欠 _ _ 1 1 6 1 2 5 584
739 22 9041 老短Ⅰⅰ４・欠 _ _ 1 1 1 1 2 6 638
740 22 9045 老短Ⅰⅰ４・夜・欠 _ _ 1 1 6 1 2 6 620
741 22 9051 老短Ⅰⅰ５・欠 _ _ 1 1 1 1 2 7 676
742 22 9055 老短Ⅰⅰ５・夜・欠 _ _ 1 1 6 1 2 7 655
743 22 9501 老短Ⅰⅱ１・欠 _ _ 1 1 1 1 2 3 545
744 22 9502 老短Ⅰⅱ１・夜・欠 _ _ 1 1 6 1 2 3 529
745 22 9503 老短Ⅰⅱ２・欠 _ _ 1 1 1 1 2 4 596
746 22 9504 老短Ⅰⅱ２・夜・欠 _ _ 1 1 6 1 2 4 578
747 22 9505 老短Ⅰⅱ３・欠 _ _ 1 1 1 1 2 5 639
748 22 9506 老短Ⅰⅱ３・夜・欠 _ _ 1 1 6 1 2 5 620
749 22 9507 老短Ⅰⅱ４・欠 _ _ 1 1 1 1 2 6 679
750 22 9508 老短Ⅰⅱ４・夜・欠 _ _ 1 1 6 1 2 6 659
751 22 9509 老短Ⅰⅱ５・欠 _ _ 1 1 1 1 2 7 718
752 22 9510 老短Ⅰⅱ５・夜・欠 _ _ 1 1 6 1 2 7 696
753 22 9211 老短Ⅰⅲ１・欠 _ _ 1 1 1 1 2 3 578
754 22 9215 老短Ⅰⅲ１・夜・欠 _ _ 1 1 6 1 2 3 561
755 22 9221 老短Ⅰⅲ２・欠 _ _ 1 1 1 1 2 4 612
756 22 9225 老短Ⅰⅲ２・夜・欠 _ _ 1 1 6 1 2 4 594
757 22 9231 老短Ⅰⅲ３・欠 _ _ 1 1 1 1 2 5 656
758 22 9235 老短Ⅰⅲ３・夜・欠 _ _ 1 1 6 1 2 5 636
759 22 9241 老短Ⅰⅲ４・欠 _ _ 1 1 1 1 2 6 693
760 22 9245 老短Ⅰⅲ４・夜・欠 _ _ 1 1 6 1 2 6 672
761 22 9251 老短Ⅰⅲ５・欠 _ _ 1 1 1 1 2 7 730
762 22 9255 老短Ⅰⅲ５・夜・欠 _ _ 1 1 6 1 2 7 708
763 22 9511 老短Ⅰⅳ１・欠 _ _ 1 1 1 1 2 3 601
764 22 9512 老短Ⅰⅳ１・夜・欠 _ _ 1 1 6 1 2 3 583
765 22 9513 老短Ⅰⅳ２・欠 _ _ 1 1 1 1 2 4 653
766 22 9514 老短Ⅰⅳ２・夜・欠 _ _ 1 1 6 1 2 4 634
767 22 9515 老短Ⅰⅳ３・欠 _ _ 1 1 1 1 2 5 697
768 22 9516 老短Ⅰⅳ３・夜・欠 _ _ 1 1 6 1 2 5 676
769 22 9517 老短Ⅰⅳ４・欠 _ _ 1 1 1 1 2 6 736
770 22 9518 老短Ⅰⅳ４・夜・欠 _ _ 1 1 6 1 2 6 714
771 22 9519 老短Ⅰⅳ５・欠 _ _ 1 1 1 1 2 7 776
772 22 9520 老短Ⅰⅳ５・夜・欠 _ _ 1 1 6 1 2 7 753
773 22 7609 老短Ⅱⅰ１・欠 _ _ 5 1 1 1 2 3 543
774 22 7613 老短Ⅱⅰ１・夜・欠 _ _ 5 1 6 1 2 3 526
775 22 7617 老短Ⅱⅰ２・欠 _ _ 5 1 1 1 2 4 601
776 22 7621 老短Ⅱⅰ２・夜・欠 _ _ 5 1 6 1 2 4 582
777 22 7625 老短Ⅱⅰ３・欠 _ _ 5 1 1 1 2 5 681
778 22 7629 老短Ⅱⅰ３・夜・欠 _ _ 5 1 6 1 2 5 661
779 22 7633 老短Ⅱⅰ４・欠 _ _ 5 1 1 1 2 6 734
780 22 7637 老短Ⅱⅰ４・夜・欠 _ _ 5 1 6 1 2 6 713
781 22 7641 老短Ⅱⅰ５・欠 _ _ 5 1 1 1 2 7 788
782 22 7645 老短Ⅱⅰ５・夜・欠 _ _ 5 1 6 1 2 7 764
783 22 5127 老短Ⅱⅱ１・欠 _ _ 5 1 1 1 2 3 543
784 22 5128 老短Ⅱⅱ１・夜・欠 _ _ 5 1 6 1 2 3 526
785 22 5129 老短Ⅱⅱ２・欠 _ _ 5 1 1 1 2 4 601
786 22 5130 老短Ⅱⅱ２・夜・欠 _ _ 5 1 6 1 2 4 582
787 22 5131 老短Ⅱⅱ３・欠 _ _ 5 1 1 1 2 5 729
788 22 5132 老短Ⅱⅱ３・夜・欠 _ _ 5 1 6 1 2 5 708
789 22 5133 老短Ⅱⅱ４・欠 _ _ 5 1 1 1 2 6 783
790 22 5134 老短Ⅱⅱ４・夜・欠 _ _ 5 1 6 1 2 6 759
791 22 5135 老短Ⅱⅱ５・欠 _ _ 5 1 1 1 2 7 836
792 22 5136 老短Ⅱⅱ５・夜・欠 _ _ 5 1 6 1 2 7 811
793 22 7657 老短Ⅱⅲ１・欠 _ _ 5 1 1 1 2 3 598
794 22 7661 老短Ⅱⅲ１・夜・欠 _ _ 5 1 6 1 2 3 580
795 22 7665 老短Ⅱⅲ２・欠 _ _ 5 1 1 1 2 4 656
796 22 7669 老短Ⅱⅲ２・夜・欠 _ _ 5 1 6 1 2 4 636
797 22 7673 老短Ⅱⅲ３・欠 _ _ 5 1 1 1 2 5 736
798 22 7677 老短Ⅱⅲ３・夜・欠 _ _ 5 1 6 1 2 5 714
799 22 7681 老短Ⅱⅲ４・欠 _ _ 5 1 1 1 2 6 790
800 22 7685 老短Ⅱⅲ４・夜・欠 _ _ 5 1 6 1 2 6 766
801 22 7689 老短Ⅱⅲ５・欠 _ _ 5 1 1 1 2 7 843
802 22 7693 老短Ⅱⅲ５・夜・欠 _ _ 5 1 6 1 2 7 818
803 22 5137 老短Ⅱⅳ１・欠 _ _ 5 1 1 1 2 3 598
804 22 5138 老短Ⅱⅳ１・夜・欠 _ _ 5 1 6 1 2 3 580
805 22 5139 老短Ⅱⅳ２・欠 _ _ 5 1 1 1 2 4 656
806 22 5140 老短Ⅱⅳ２・夜・欠 _ _ 5 1 6 1 2 4 636
807 22 5141 老短Ⅱⅳ３・欠 _ _ 5 1 1 1 2 5 785
808 22 5142 老短Ⅱⅳ３・夜・欠 _ _ 5 1 6 1 2 5 761
809 22 5143 老短Ⅱⅳ４・欠 _ _ 5 1 1 1 2 6 838
810 22 5144 老短Ⅱⅳ４・夜・欠 _ _ 5 1 6 1 2 6 813
811 22 5145 老短Ⅱⅳ５・欠 _ _ 5 1 1 1 2 7 891
812 22 5146 老短Ⅱⅳ５・夜・欠 _ _ 5 1 6 1 2 7 865
813 22 7705 老短Ⅲⅰ１・欠 _ _ 7 1 1 1 2 3 543
814 22 7709 老短Ⅲⅰ１・夜・欠 _ _ 7 1 6 1 2 3 526
815 22 7713 老短Ⅲⅰ２・欠 _ _ 7 1 1 1 2 4 596
816 22 7717 老短Ⅲⅰ２・夜・欠 _ _ 7 1 6 1 2 4 578
817 22 7721 老短Ⅲⅰ３・欠 _ _ 7 1 1 1 2 5 662
818 22 7725 老短Ⅲⅰ３・夜・欠 _ _ 7 1 6 1 2 5 643
819 22 7729 老短Ⅲⅰ４・欠 _ _ 7 1 1 1 2 6 715
820 22 7733 老短Ⅲⅰ４・夜・欠 _ _ 7 1 6 1 2 6 694
821 22 7737 老短Ⅲⅰ５・欠 _ _ 7 1 1 1 2 7 769
822 22 7741 老短Ⅲⅰ５・夜・欠 _ _ 7 1 6 1 2 7 746
823 22 5147 老短Ⅲⅱ１・欠 _ _ 7 1 1 1 2 3 543
824 22 5148 老短Ⅲⅱ１・夜・欠 _ _ 7 1 6 1 2 3 526
825 22 5149 老短Ⅲⅱ２・欠 _ _ 7 1 1 1 2 4 596
826 22 5150 老短Ⅲⅱ２・夜・欠 _ _ 7 1 6 1 2 4 578
827 22 5151 老短Ⅲⅱ３・欠 _ _ 7 1 1 1 2 5 711
828 22 5152 老短Ⅲⅱ３・夜・欠 _ _ 7 1 6 1 2 5 690
829 22 5153 老短Ⅲⅱ４・欠 _ _ 7 1 1 1 2 6 764
830 22 5154 老短Ⅲⅱ４・夜・欠 _ _ 7 1 6 1 2 6 741
831 22 5155 老短Ⅲⅱ５・欠 _ _ 7 1 1 1 2 7 817
832 22 5156 老短Ⅲⅱ５・夜・欠 _ _ 7 1 6 1 2 7 792
833 22 7753 老短Ⅲⅲ１・欠 _ _ 7 1 1 1 2 3 598
834 22 7757 老短Ⅲⅲ１・夜・欠 _ _ 7 1 6 1 2 3 580
835 22 7761 老短Ⅲⅲ２・欠 _ _ 7 1 1 1 2 4 652
836 22 7765 老短Ⅲⅲ２・夜・欠 _ _ 7 1 6 1 2 4 632
837 22 7769 老短Ⅲⅲ３・欠 _ _ 7 1 1 1 2 5 718
838 22 7773 老短Ⅲⅲ３・夜・欠 _ _ 7 1 6 1 2 5 696
839 22 7777 老短Ⅲⅲ４・欠 _ _ 7 1 1 1 2 6 771
840 22 7781 老短Ⅲⅲ４・夜・欠 _ _ 7 1 6 1 2 6 748
841 22 7785 老短Ⅲⅲ５・欠 _ _ 7 1 1 1 2 7 824
842 22 7789 老短Ⅲⅲ５・夜・欠 _ _ 7 1 6 1 2 7 799
843 22 5157 老短Ⅲⅳ１・欠 _ _ 7 1 1 1 2 3 598
844 22 5158 老短Ⅲⅳ１・夜・欠 _ _ 7 1 6 1 2 3 580
845 22 5159 老短Ⅲⅳ２・欠 _ _ 7 1 1 1 2 4 652
846 22 5160 老短Ⅲⅳ２・夜・欠 _ _ 7 1 6 1 2 4 632
847 22 5161 老短Ⅲⅳ３・欠 _ _ 7 1 1 1 2 5 766
848 22 5162 老短Ⅲⅳ３・夜・欠 _ _ 7 1 6 1 2 5 743
849 22 5163 老短Ⅲⅳ４・欠 _ _ 7 1 1 1 2 6 819
850 22 5164 老短Ⅲⅳ４・夜・欠 _ _ 7 1 6 1 2 6 795
851 22 5165 老短Ⅲⅳ５・欠 _ _ 7 1 1 1 2 7 872
852 22 5166 老短Ⅲⅳ５・夜・欠 _ _ 7 1 6 1 2 7 846
853 22 9311 ユ老短Ⅰⅰ１・欠 _ _ 2 2 1 1 2 3 580
854 22 9313 ユ老短Ⅰⅰ１・夜・欠 _ _ 2 2 6 1 2 3 563
855 22 9321 ユ老短Ⅰⅰ２・欠 _ _ 2 2 1 1 2 4 613
856 22 9323 ユ老短Ⅰⅰ２・夜・欠 _ _ 2 2 6 1 2 4 595
857 22 9331 ユ老短Ⅰⅰ３・欠 _ _ 2 2 1 1 2 5 658
858 22 9333 ユ老短Ⅰⅰ３・夜・欠 _ _ 2 2 6 1 2 5 638
859 22 9341 ユ老短Ⅰⅰ４・欠 _ _ 2 2 1 1 2 6 695
860 22 9343 ユ老短Ⅰⅰ４・夜・欠 _ _ 2 2 6 1 2 6 674
861 22 9351 ユ老短Ⅰⅰ５・欠 _ _ 2 2 1 1 2 7 732
862 22 9353 ユ老短Ⅰⅰ５・夜・欠 _ _ 2 2 6 1 2 7 711
863 22 9521 ユ老短Ⅰⅱ１・欠 _ _ 2 2 1 1 2 3 603
864 22 9522 ユ老短Ⅰⅱ１・夜・欠 _ _ 2 2 6 1 2 3 585
865 22 9523 ユ老短Ⅰⅱ２・欠 _ _ 2 2 1 1 2 4 655
866 22 9524 ユ老短Ⅰⅱ２・夜・欠 _ _ 2 2 6 1 2 4 636
867 22 9525 ユ老短Ⅰⅱ３・欠 _ _ 2 2 1 1 2 5 699
868 22 9526 ユ老短Ⅰⅱ３・夜・欠 _ _ 2 2 6 1 2 5 678
869 22 9527 ユ老短Ⅰⅱ４・欠 _ _ 2 2 1 1 2 6 739
870 22 9528 ユ老短Ⅰⅱ４・夜・欠 _ _ 2 2 6 1 2 6 716
871 22 9529 ユ老短Ⅰⅱ５・欠 _ _ 2 2 1 1 2 7 778
872 22 9530 ユ老短Ⅰⅱ５・夜・欠 _ _ 2 2 6 1 2 7 755
873 22 9411 ユ老短Ⅰⅲ１・欠 _ _ 2 2 1 1 2 3 580
874 22 9413 ユ老短Ⅰⅲ１・夜・欠 _ _ 2 2 6 1 2 3 563
875 22 9421 ユ老短Ⅰⅲ２・欠 _ _ 2 2 1 1 2 4 613
876 22 9423 ユ老短Ⅰⅲ２・夜・欠 _ _ 2 2 6 1 2 4 595
877 22 9431 ユ老短Ⅰⅲ３・欠 _ _ 2 2 1 1 2 5 658
878 22 9433 ユ老短Ⅰⅲ３・夜・欠 _ _ 2 2 6 1 2 5 638
879 22 9441 ユ老短Ⅰⅲ４・欠 _ _ 2 2 1 1 2 6 695
880 22 9443 ユ老短Ⅰⅲ４・夜・欠 _ _ 2 2 6 1 2 6 674
881 22 9451 ユ老短Ⅰⅲ５・欠 _ _ 2 2 1 1 2 7 732
882 22 9453 ユ老短Ⅰⅲ５・夜・欠 _ _ 2 2 6 1 2 7 711
883 22 9531 ユ老短Ⅰⅳ１・欠 _ _ 2 2 1 1 2 3 603
884 22 9532 ユ老短Ⅰⅳ１・夜・欠 _ _ 2 2 6 1 2 3 585
885 22 9533 ユ老短Ⅰⅳ２・欠 _ _ 2 2 1 1 2 4 655
886 22 9534 ユ老短Ⅰⅳ２・夜・欠 _ _ 2 2 6 1 2 4 636
887 22 9535 ユ老短Ⅰⅳ３・欠 _ _ 2 2 1 1 2 5 699
888 22 9536 ユ老短Ⅰⅳ３・夜・欠 _ _ 2 2 6 1 2 5 678
889 22 9537 ユ老短Ⅰⅳ４・欠 _ _ 2 2 1 1 2 6 739
890 22 9538 ユ老短Ⅰⅳ４・夜・欠 _ _ 2 2 6 1 2 6 716
891 22 9539 ユ老短Ⅰⅳ５・欠 _ _ 2 2 1 1 2 7 778
892 22 9540 ユ老短Ⅰⅳ５・夜・欠 _ _ 2 2 6 1 2 7 755
893 22 7797 ユ老短Ⅱⅰ１・欠 _ _ 6 2 1 1 2 3 655
894 22 7799 ユ老短Ⅱⅰ１・夜・欠 _ _ 6 2 6 1 2 3 636
895 22 7801 ユ老短Ⅱⅰ２・欠 _ _ 6 2 1 1 2 4 713
896 22 7803 ユ老短Ⅱⅰ２・夜・欠 _ _ 6 2 6 1 2 4 692
897 22 7805 ユ老短Ⅱⅰ３・欠 _ _ 6 2 1 1 2 5 794
898 22 7807 ユ老短Ⅱⅰ３・夜・欠 _ _ 6 2 6 1 2 5 770
899 22 7809 ユ老短Ⅱⅰ４・欠 _ _ 6 2 1 1 2 6 847
900 22 7811 ユ老短Ⅱⅰ４・夜・欠 _ _ 6 2 6 1 2 6 822
901 22 7813 ユ老短Ⅱⅰ５・欠 _ _ 6 2 1 1 2 7 900
902 22 7815 ユ老短Ⅱⅰ５・夜・欠 _ _ 6 2 6 1 2 7 873
903 22 5167 ユ老短Ⅱⅱ１・欠 _ _ 6 2 1 1 2 3 655
904 22 5168 ユ老短Ⅱⅱ１・夜・欠 _ _ 6 2 6 1 2 3 636
905 22 5169 ユ老短Ⅱⅱ２・欠 _ _ 6 2 1 1 2 4 713
906 22 5170 ユ老短Ⅱⅱ２・夜・欠 _ _ 6 2 6 1 2 4 692
907 22 5171 ユ老短Ⅱⅱ３・欠 _ _ 6 2 1 1 2 5 842
908 22 5172 ユ老短Ⅱⅱ３・夜・欠 _ _ 6 2 6 1 2 5 817
909 22 5173 ユ老短Ⅱⅱ４・欠 _ _ 6 2 1 1 2 6 895
910 22 5174 ユ老短Ⅱⅱ４・夜・欠 _ _ 6 2 6 1 2 6 869
911 22 5175 ユ老短Ⅱⅱ５・欠 _ _ 6 2 1 1 2 7 949
912 22 5176 ユ老短Ⅱⅱ５・夜・欠 _ _ 6 2 6 1 2 7 920
913 22 7821 ユ老短Ⅱⅲ１・欠 _ _ 6 2 1 1 2 3 655
914 22 7823 ユ老短Ⅱⅲ１・夜・欠 _ _ 6 2 6 1 2 3 636
915 22 7825 ユ老短Ⅱⅲ２・欠 _ _ 6 2 1 1 2 4 713
916 22 7827 ユ老短Ⅱⅲ２・夜・欠 _ _ 6 2 6 1 2 4 692
917 22 7829 ユ老短Ⅱⅲ３・欠 _ _ 6 2 1 1 2 5 794
918 22 7831 ユ老短Ⅱⅲ３・夜・欠 _ _ 6 2 6 1 2 5 770
919 22 7833 ユ老短Ⅱⅲ４・欠 _ _ 6 2 1 1 2 6 847
920 22 7835 ユ老短Ⅱⅲ４・夜・欠 _ _ 6 2 6 1 2 6 822
921 22 7837 ユ老短Ⅱⅲ５・欠 _ _ 6 2 1 1 2 7 900
922 22 7839 ユ老短Ⅱⅲ５・夜・欠 _ _ 6 2 6 1 2 7 873
923 22 5177 ユ老短Ⅱⅳ１・欠 _ _ 6 2 1 1 2 3 655
924 22 5178 ユ老短Ⅱⅳ１・夜・欠 _ _ 6 2 6 1 2 3 636
925 22 5179 ユ老短Ⅱⅳ２・欠 _ _ 6 2 1 1 2 4 713
926 22 5180 ユ老短Ⅱⅳ２・夜・欠 _ _ 6 2 6 1 2 4 692
927 22 5181 ユ老短Ⅱⅳ３・欠 _ _ 6 2 1 1 2 5 842
928 22 5182 ユ老短Ⅱⅳ３・夜・欠 _ _ 6 2 6 1 2 5 817
929 22 5183 ユ老短Ⅱⅳ４・欠 _ _ 6 2 1 1 2 6 895
930 22 5184 ユ老短Ⅱⅳ４・夜・欠 _ _ 6 2 6 1 2 6 869
931 22 5185 ユ老短Ⅱⅳ５・欠 _ _ 6 2 1 1 2 7 949
932 22 5186 ユ老短Ⅱⅳ５・夜・欠 _ _ 6 2 6 1 2 7 920
933 22 7845 ユ老短Ⅲⅰ１・欠 _ _ 8 2 1 1 2 3 655
934 22 7847 ユ老短Ⅲⅰ１・夜・欠 _ _ 8 2 6 1 2 3 636
935 22 7849 ユ老短Ⅲⅰ２・欠 _ _ 8 2 1 1 2 4 709
936 22 7851 ユ老短Ⅲⅰ２・夜・欠 _ _ 8 2 6 1 2 4 688
937 22 7853 ユ老短Ⅲⅰ３・欠 _ _ 8 2 1 1 2 5 775
938 22 7855 ユ老短Ⅲⅰ３・夜・欠 _ _ 8 2 6 1 2 5 752
939 22 7857 ユ老短Ⅲⅰ４・欠 _ _ 8 2 1 1 2 6 828
940 22 7859 ユ老短Ⅲⅰ４・夜・欠 _ _ 8 2 6 1 2 6 804
941 22 7861 ユ老短Ⅲⅰ５・欠 _ _ 8 2 1 1 2 7 881
942 22 7863 ユ老短Ⅲⅰ５・夜・欠 _ _ 8 2 6 1 2 7 855
943 22 5187 ユ老短Ⅲⅱ１・欠 _ _ 8 2 1 1 2 3 655
944 22 5188 ユ老短Ⅲⅱ１・夜・欠 _ _ 8 2 6 1 2 3 636
945 22 5189 ユ老短Ⅲⅱ２・欠 _ _ 8 2 1 1 2 4 709
946 22 5190 ユ老短Ⅲⅱ２・夜・欠 _ _ 8 2 6 1 2 4 688
947 22 5191 ユ老短Ⅲⅱ３・欠 _ _ 8 2 1 1 2 5 823
948 22 5192 ユ老短Ⅲⅱ３・夜・欠 _ _ 8 2 6 1 2 5 799
949 22 5193 ユ老短Ⅲⅱ４・欠 _ _ 8 2 1 1 2 6 876
950 22 5194 ユ老短Ⅲⅱ４・夜・欠 _ _ 8 2 6 1 2 6 850
951 22 5195 ユ老短Ⅲⅱ５・欠 _ _ 8 2 1 1 2 7 930
952 22 5196 ユ老短Ⅲⅱ５・夜・欠 _ _ 8 2 6 1 2 7 902
953 22 7869 ユ老短Ⅲⅲ１・欠 _ _ 8 2 1 1 2 3 655
954 22 7871 ユ老短Ⅲⅲ１・夜・欠 _ _ 8 2 6 1 2 3 636
955 22 7873 ユ老短Ⅲⅲ２・欠 _ _ 8 2 1 1 2 4 709
956 22 7875 ユ老短Ⅲⅲ２・夜・欠 _ _ 8 2 6 1 2 4 688
957 22 7877 ユ老短Ⅲⅲ３・欠 _ _ 8 2 1 1 2 5 775
958 22 7879 ユ老短Ⅲⅲ３・夜・欠 _ _ 8 2 6 1 2 5 752
959 22 7881 ユ老短Ⅲⅲ４・欠 _ _ 8 2 1 1 2 6 828
960 22 7883 ユ老短Ⅲⅲ４・夜・欠 _ _ 8 2 6 1 2 6 804
961 22 7885 ユ老短Ⅲⅲ５・欠 _ _ 8 2 1 1 2 7 881
962 22 7887 ユ老短Ⅲⅲ５・夜・欠 _ _ 8 2 6 1 2 7 855
963 22 5197 ユ老短Ⅲⅳ１・欠 _ _ 8 2 1 1 2 3 655
964 22 5198 ユ老短Ⅲⅳ１・夜・欠 _ _ 8 2 6 1 2 3 636
965 22 5199 ユ老短Ⅲⅳ２・欠 _ _ 8 2 1 1 2 4 709
966 22 5200 ユ老短Ⅲⅳ２・夜・欠 _ _ 8 2 6 1 2 4 688
967 22 5201 ユ老短Ⅲⅳ３・欠 _ _ 8 2 1 1 2 5 823
968 22 5202 ユ老短Ⅲⅳ３・夜・欠 _ _ 8 2 6 1 2 5 799
969 22 5203 ユ老短Ⅲⅳ４・欠 _ _ 8 2 1 1 2 6 876
970 22 5204 ユ老短Ⅲⅳ４・夜・欠 _ _ 8 2 6 1 2 6 850
971 22 5205 ユ老短Ⅲⅳ５・欠 _ _ 8 2 1 1 2 7 930
972 22 5206 ユ老短Ⅲⅳ５・夜・欠 _ _ 8 2 6 1 2 7 902
973 22 7105 ユ老短Ⅰⅰ１・欠・未 _ _ 2 1 1 1 2 3 563
974 22 7109 ユ老短Ⅰⅰ１・夜・欠・未 _ _ 2 1 6 1 2 3 546
975 22 7113 ユ老短Ⅰⅰ２・欠・未 _ _ 2 1 1 1 2 4 595
976 22 7117 ユ老短Ⅰⅰ２・夜・欠・未 _ _ 2 1 6 1 2 4 577
977 22 7121 ユ老短Ⅰⅰ３・欠・未 _ _ 2 1 1 1 2 5 638
978 22 7125 ユ老短Ⅰⅰ３・夜・欠・未 _ _ 2 1 6 1 2 5 619
979 22 7129 ユ老短Ⅰⅰ４・欠・未 _ _ 2 1 1 1 2 6 674
980 22 7133 ユ老短Ⅰⅰ４・夜・欠・未 _ _ 2 1 6 1 2 6 654
981 22 7137 ユ老短Ⅰⅰ５・欠・未 _ _ 2 1 1 1 2 7 710
982 22 7141 ユ老短Ⅰⅰ５・夜・欠・未 _ _ 2 1 6 1 2 7 690
983 22 9541 ユ老短Ⅰⅱ１・欠・未 _ _ 2 1 1 1 2 3 585
984 22 9542 ユ老短Ⅰⅱ１・夜・欠・未 _ _ 2 1 6 1 2 3 567
985 22 9543 ユ老短Ⅰⅱ２・欠・未 _ _ 2 1 1 1 2 4 635
986 22 9544 ユ老短Ⅰⅱ２・夜・欠・未 _ _ 2 1 6 1 2 4 617
987 22 9545 ユ老短Ⅰⅱ３・欠・未 _ _ 2 1 1 1 2 5 678
988 22 9546 ユ老短Ⅰⅱ３・夜・欠・未 _ _ 2 1 6 1 2 5 658
989 22 9547 ユ老短Ⅰⅱ４・欠・未 _ _ 2 1 1 1 2 6 717
990 22 9548 ユ老短Ⅰⅱ４・夜・欠・未 _ _ 2 1 6 1 2 6 695
991 22 9549 ユ老短Ⅰⅱ５・欠・未 _ _ 2 1 1 1 2 7 755
992 22 9550 ユ老短Ⅰⅱ５・夜・欠・未 _ _ 2 1 6 1 2 7 732
993 22 7153 ユ老短Ⅰⅲ１・欠・未 _ _ 2 1 1 1 2 3 563
994 22 7157 ユ老短Ⅰⅲ１・夜・欠・未 _ _ 2 1 6 1 2 3 546
995 22 7161 ユ老短Ⅰⅲ２・欠・未 _ _ 2 1 1 1 2 4 595
996 22 7165 ユ老短Ⅰⅲ２・夜・欠・未 _ _ 2 1 6 1 2 4 577
997 22 7169 ユ老短Ⅰⅲ３・欠・未 _ _ 2 1 1 1 2 5 638
998 22 7173 ユ老短Ⅰⅲ３・夜・欠・未 _ _ 2 1 6 1 2 5 619
999 22 7177 ユ老短Ⅰⅲ４・欠・未 _ _ 2 1 1 1 2 6 674
1000 22 7181 ユ老短Ⅰⅲ４・夜・欠・未 _ _ 2 1 6 1 2 6 654
1001 22 7185 ユ老短Ⅰⅲ５・欠・未 _ _ 2 1 1 1 2 7 710
1002 22 7189 ユ老短Ⅰⅲ５・夜・欠・未 _ _ 2 1 6 1 2 7 690
1003 22 9551 ユ老短Ⅰⅳ１・欠・未 _ _ 2 1 1 1 2 3 585
1004 22 9552 ユ老短Ⅰⅳ１・夜・欠・未 _ _ 2 1 6 1 2 3 567
1005 22 9553 ユ老短Ⅰⅳ２・欠・未 _ _ 2 1 1 1 2 4 635
1006 22 9554 ユ老短Ⅰⅳ２・夜・欠・未 _ _ 2 1 6 1 2 4 617
1007 22 9555 ユ老短Ⅰⅳ３・欠・未 _ _ 2 1 1 1 2 5 678
1008 22 9556 ユ老短Ⅰⅳ３・夜・欠・未 _ _ 2 1 6 1 2 5 658
1009 22 9557 ユ老短Ⅰⅳ４・欠・未 _ _ 2 1 1 1 2 6 717
1010 22 9558 ユ老短Ⅰⅳ４・夜・欠・未 _ _ 2 1 6 1 2 6 695
1011 22 9559 ユ老短Ⅰⅳ５・欠・未 _ _ 2 1 1 1 2 7 755
1012 22 9560 ユ老短Ⅰⅳ５・夜・欠・未 _ _ 2 1 6 1 2 7 732
1013 22 7893 ユ老短Ⅱⅰ１・欠・未 _ _ 6 1 1 1 2 3 635
1014 22 7895 ユ老短Ⅱⅰ１・夜・欠・未 _ _ 6 1 6 1 2 3 617
1015 22 7897 ユ老短Ⅱⅰ２・欠・未 _ _ 6 1 1 1 2 4 692
1016 22 7899 ユ老短Ⅱⅰ２・夜・欠・未 _ _ 6 1 6 1 2 4 671
1017 22 7901 ユ老短Ⅱⅰ３・欠・未 _ _ 6 1 1 1 2 5 770
1018 22 7903 ユ老短Ⅱⅰ３・夜・欠・未 _ _ 6 1 6 1 2 5 747
1019 22 7905 ユ老短Ⅱⅰ４・欠・未 _ _ 6 1 1 1 2 6 822
1020 22 7907 ユ老短Ⅱⅰ４・夜・欠・未 _ _ 6 1 6 1 2 6 797
1021 22 7909 ユ老短Ⅱⅰ５・欠・未 _ _ 6 1 1 1 2 7 873
1022 22 7911 ユ老短Ⅱⅰ５・夜・欠・未 _ _ 6 1 6 1 2 7 847
1023 22 5207 ユ老短Ⅱⅱ１・欠・未 _ _ 6 1 1 1 2 3 635
1024 22 5208 ユ老短Ⅱⅱ１・夜・欠・未 _ _ 6 1 6 1 2 3 617
1025 22 5209 ユ老短Ⅱⅱ２・欠・未 _ _ 6 1 1 1 2 4 692
1026 22 5210 ユ老短Ⅱⅱ２・夜・欠・未 _ _ 6 1 6 1 2 4 671
1027 22 5211 ユ老短Ⅱⅱ３・欠・未 _ _ 6 1 1 1 2 5 817
1028 22 5212 ユ老短Ⅱⅱ３・夜・欠・未 _ _ 6 1 6 1 2 5 792
1029 22 5213 ユ老短Ⅱⅱ４・欠・未 _ _ 6 1 1 1 2 6 868
1030 22 5214 ユ老短Ⅱⅱ４・夜・欠・未 _ _ 6 1 6 1 2 6 843
1031 22 5215 ユ老短Ⅱⅱ５・欠・未 _ _ 6 1 1 1 2 7 921
1032 22 5216 ユ老短Ⅱⅱ５・夜・欠・未 _ _ 6 1 6 1 2 7 892
1033 22 7917 ユ老短Ⅱⅲ１・欠・未 _ _ 6 1 1 1 2 3 635
1034 22 7919 ユ老短Ⅱⅲ１・夜・欠・未 _ _ 6 1 6 1 2 3 617
1035 22 7921 ユ老短Ⅱⅲ２・欠・未 _ _ 6 1 1 1 2 4 692
1036 22 7923 ユ老短Ⅱⅲ２・夜・欠・未 _ _ 6 1 6 1 2 4 671
1037 22 7925 ユ老短Ⅱⅲ３・欠・未 _ _ 6 1 1 1 2 5 770
1038 22 7927 ユ老短Ⅱⅲ３・夜・欠・未 _ _ 6 1 6 1 2 5 747
1039 22 7929 ユ老短Ⅱⅲ４・欠・未 _ _ 6 1 1 1 2 6 822
1040 22 7931 ユ老短Ⅱⅲ４・夜・欠・未 _ _ 6 1 6 1 2 6 797
1041 22 7933 ユ老短Ⅱⅲ５・欠・未 _ _ 6 1 1 1 2 7 873
1042 22 7935 ユ老短Ⅱⅲ５・夜・欠・未 _ _ 6 1 6 1 2 7 847
1043 22 5217 ユ老短Ⅱⅳ１・欠・未 _ _ 6 1 1 1 2 3 635
1044 22 5218 ユ老短Ⅱⅳ１・夜・欠・未 _ _ 6 1 6 1 2 3 617
1045 22 5219 ユ老短Ⅱⅳ２・欠・未 _ _ 6 1 1 1 2 4 692
1046 22 5220 ユ老短Ⅱⅳ２・夜・欠・未 _ _ 6 1 6 1 2 4 671
1047 22 5221 ユ老短Ⅱⅳ３・欠・未 _ _ 6 1 1 1 2 5 817
1048 22 5222 ユ老短Ⅱⅳ３・夜・欠・未 _ _ 6 1 6 1 2 5 792
1049 22 5223 ユ老短Ⅱⅳ４・欠・未 _ _ 6 1 1 1 2 6 868
1050 22 5224 ユ老短Ⅱⅳ４・夜・欠・未 _ _ 6 1 6 1 2 6 843
1051 22 5225 ユ老短Ⅱⅳ５・欠・未 _ _ 6 1 1 1 2 7 921
1052 22 5226 ユ老短Ⅱⅳ５・夜・欠・未 _ _ 6 1 6 1 2 7 892
1053 22 7941 ユ老短Ⅲⅰ１・欠・未 _ _ 8 1 1 1 2 3 635
1054 22 7943 ユ老短Ⅲⅰ１・夜・欠・未 _ _ 8 1 6 1 2 3 617
1055 22 7945 ユ老短Ⅲⅰ２・欠・未 _ _ 8 1 1 1 2 4 688
1056 22 7947 ユ老短Ⅲⅰ２・夜・欠・未 _ _ 8 1 6 1 2 4 667
1057 22 7949 ユ老短Ⅲⅰ３・欠・未 _ _ 8 1 1 1 2 5 752
1058 22 7951 ユ老短Ⅲⅰ３・夜・欠・未 _ _ 8 1 6 1 2 5 729
1059 22 7953 ユ老短Ⅲⅰ４・欠・未 _ _ 8 1 1 1 2 6 803
1060 22 7955 ユ老短Ⅲⅰ４・夜・欠・未 _ _ 8 1 6 1 2 6 780
1061 22 7957 ユ老短Ⅲⅰ５・欠・未 _ _ 8 1 1 1 2 7 855
1062 22 7959 ユ老短Ⅲⅰ５・夜・欠・未 _ _ 8 1 6 1 2 7 829
1063 22 5227 ユ老短Ⅲⅱ１・欠・未 _ _ 8 1 1 1 2 3 635
1064 22 5228 ユ老短Ⅲⅱ１・夜・欠・未 _ _ 8 1 6 1 2 3 617
1065 22 5229 ユ老短Ⅲⅱ２・欠・未 _ _ 8 1 1 1 2 4 688
1066 22 5230 ユ老短Ⅲⅱ２・夜・欠・未 _ _ 8 1 6 1 2 4 667
1067 22 5231 ユ老短Ⅲⅱ３・欠・未 _ _ 8 1 1 1 2 5 798
1068 22 5232 ユ老短Ⅲⅱ３・夜・欠・未 _ _ 8 1 6 1 2 5 775
1069 22 5233 ユ老短Ⅲⅱ４・欠・未 _ _ 8 1 1 1 2 6 850
1070 22 5234 ユ老短Ⅲⅱ４・夜・欠・未 _ _ 8 1 6 1 2 6 825
1071 22 5235 ユ老短Ⅲⅱ５・欠・未 _ _ 8 1 1 1 2 7 902
1072 22 5236 ユ老短Ⅲⅱ５・夜・欠・未 _ _ 8 1 6 1 2 7 875
1073 22 7965 ユ老短Ⅲⅲ１・欠・未 _ _ 8 1 1 1 2 3 635
1074 22 7967 ユ老短Ⅲⅲ１・夜・欠・未 _ _ 8 1 6 1 2 3 617
1075 22 7969 ユ老短Ⅲⅲ２・欠・未 _ _ 8 1 1 1 2 4 688
1076 22 7971 ユ老短Ⅲⅲ２・夜・欠・未 _ _ 8 1 6 1 2 4 667
1077 22 7973 ユ老短Ⅲⅲ３・欠・未 _ _ 8 1 1 1 2 5 752
1078 22 7975 ユ老短Ⅲⅲ３・夜・欠・未 _ _ 8 1 6 1 2 5 729
1079 22 7977 ユ老短Ⅲⅲ４・欠・未 _ _ 8 1 1 1 2 6 803
1080 22 7979 ユ老短Ⅲⅲ４・夜・欠・未 _ _ 8 1 6 1 2 6 780
1081 22 7981 ユ老短Ⅲⅲ５・欠・未 _ _ 8 1 1 1 2 7 855
1082 22 7983 ユ老短Ⅲⅲ５・夜・欠・未 _ _ 8 1 6 1 2 7 829
1083 22 5237 ユ老短Ⅲⅳ１・欠・未 _ _ 8 1 1 1 2 3 635
1084 22 5238 ユ老短Ⅲⅳ１・夜・欠・未 _ _ 8 1 6 1 2 3 617
1085 22 5239 ユ老短Ⅲⅳ２・欠・未 _ _ 8 1 1 1 2 4 688
1086 22 5240 ユ老短Ⅲⅳ２・夜・欠・未 _ _ 8 1 6 1 2 4 667
1087 22 5241 ユ老短Ⅲⅳ３・欠・未 _ _ 8 1 1 1 2 5 798
1088 22 5242 ユ老短Ⅲⅳ３・夜・欠・未 _ _ 8 1 6 1 2 5 775
1089 22 5243 ユ老短Ⅲⅳ４・欠・未 _ _ 8 1 1 1 2 6 850
1090 22 5244 ユ老短Ⅲⅳ４・夜・欠・未 _ _ 8 1 6 1 2 6 825
1091 22 5245 ユ老短Ⅲⅳ５・欠・未 _ _ 8 1 1 1 2 7 902
1092 22 5246 ユ老短Ⅲⅳ５・夜・欠・未 _ _ 8 1 6 1 2 7 875
1093 22 9461 特定老短１・欠 120 240 1 1 1 1 2 _ 455
1094 22 9465 特定老短１・夜・欠 120 240 1 1 6 1 2 _ 442
1095 22 9471 特定老短２・欠 240 360 1 1 1 1 2 _ 630
1096 22 9472 特定老短２・夜・欠 240 360 1 1 6 1 2 _ 611
1097 22 9473 特定老短３・欠 360 480 1 1 1 1 2 _ 875
1098 22 9474 特定老短３・夜・欠 360 480 1 1 6 1 2 _ 849
