1 00000201 2012 01 11 0029 グランクレール・ケアサービス馬事公苑 1211 身体介護２ 402 0 402 11 4422 0 4422 4422 0 11.26 49791 90 44811 4980 0 n n 0 1 20141121132220 00078
1 00000202 2012 01 11 0029 グランクレール・ケアサービス馬事公苑 1111 身体介護１ 254 0 254 78 19812 0 19812 19812 0 11.26 223083 90 200774 22309 0 n n 0 1 20141121134536 00078
1 00000203 2012 01 11 0029 グランクレール・ケアサービス馬事公苑 1111 身体介護１ 254 0 254 10 2540 0 2540 2540 0 11.26 28600 90 25740 2860 0 n n 0 1 20141121141700 00078
1 00000204 2012 01 11 0029 グランクレール・ケアサービス馬事公苑 1111 身体介護１ 254 0 254 41 10414 0 10414 10414 0 11.26 117261 90 105534 11727 0 n n 0 1 20141121191343 00078
1 00000205 2012 01 11 0029 グランクレール・ケアサービス馬事公苑 1311 身体介護３ 584 0 584 7 4088 0 4088 4088 0 11.26 46030 90 41427 4603 0 n n 0 1 20141121191701 00078
1 00000206 2012 01 11 0029 グランクレール・ケアサービス馬事公苑 1211 身体介護２ 402 0 402 10 4020 0 4020 4020 0 11.26 45265 90 40738 4527 0 n n 0 1 20141121192753 00078
1 00000213 2012 01 11 0029 グランクレール・ケアサービス馬事公苑 1211 身体介護２ 402 0 402 7 2814 0 2814 2814 0 11.26 31685 90 28516 3169 0 n n 0 1 20141124132430 00078
2 00000201 2012 01 11 0029 グランクレール・ケアサービス馬事公苑 7211 生活援助２ 229 0 229 6 1374 0 1374 1374 0 11.26 15471 90 13923 1548 0 n n 0 1 20141121132220 00078
2 00000202 2012 01 11 0029 グランクレール・ケアサービス馬事公苑 1112 身体介護１・夜 318 0 318 30 9540 0 9540 9540 0 11.26 107420 90 96678 10742 0 n n 0 1 20141121134536 00078
2 00000203 2012 01 11 0029 グランクレール・ケアサービス馬事公苑 1112 身体介護１・夜 318 0 318 15 4770 0 4770 4770 0 11.26 53710 90 48339 5371 0 n n 0 1 20141121141700 00078
2 00000204 2012 01 11 0029 グランクレール・ケアサービス馬事公苑 1112 身体介護１・夜 318 0 318 29 9222 0 9222 9066 156 11.26 102083 90 91874 10209 1756 n n 0 1 20141121191343 00078
2 00000205 2012 01 11 0029 グランクレール・ケアサービス馬事公苑 7211 生活援助２ 229 0 229 3 687 0 687 687 0 11.26 7735 90 6961 774 0 n n 0 1 20141121191701 00078
2 00000206 2012 01 11 0029 グランクレール・ケアサービス馬事公苑 7311 生活援助３ 291 0 291 7 2037 0 2037 2037 0 11.26 22936 90 20642 2294 0 n n 0 1 20141121192753 00078
2 00000213 2012 01 11 0029 グランクレール・ケアサービス馬事公苑 4111 身体１生活１ 337 0 337 9 3033 0 3033 3033 0 11.26 34151 90 30735 3416 0 n n 0 1 20141124132430 00078
3 00000202 2012 01 11 0029 グランクレール・ケアサービス馬事公苑 1221 身体介護２・２人 804 0 804 9 7236 0 7236 6478 758 11.26 72942 90 65647 7295 8535 n n 0 1 20141121134536 00078
3 00000203 2012 01 11 0029 グランクレール・ケアサービス馬事公苑 1211 身体介護２ 402 0 402 9 3618 0 3618 3618 0 11.26 40738 90 36664 4074 0 n n 0 1 20141121141700 00078
3 00000204 2012 01 11 0029 グランクレール・ケアサービス馬事公苑 4111 身体１生活１ 337 0 337 4 1348 0 1348 0 1348 11.26 0 90 0 0 15178 n n 0 1 20141121191343 00078
3 00000205 2012 01 11 0029 グランクレール・ケアサービス馬事公苑 7311 生活援助３ 291 0 291 1 291 0 291 291 0 11.26 3276 90 2948 328 0 n n 0 1 20141121191701 00078
4 00000203 2012 01 11 0029 グランクレール・ケアサービス馬事公苑 4111 身体１生活１ 337 0 337 34 11458 0 11458 11458 0 11.26 129017 90 116115 12902 0 n n 0 1 20141121141700 00078
5 00000203 2012 01 11 0029 グランクレール・ケアサービス馬事公苑 6111 身体３生活１ 667 0 667 4 2668 0 2668 2668 0 11.26 30041 90 27036 3005 0 n g 0 1 20141121141700 00078
6 00000203 2012 01 11 0029 グランクレール・ケアサービス馬事公苑 7311 生活援助３ 291 0 291 1 291 0 291 291 0 11.26 3276 90 2948 328 0 n n 0 1 20141121141700 00078
