00000201 2012 01 06 10:00 10:59 11 7211 0029 11.26 1 229 1 20141121132220 00078
00000201 2012 01 06 16:00 16:59 11 1211 0029 11.26 1 402 1 20141121132220 00078
00000201 2012 01 08 16:00 16:59 11 1211 0029 11.26 1 402 1 20141121132220 00078
00000201 2012 01 10 10:00 10:59 11 7211 0029 11.26 1 229 1 20141121132220 00078
00000201 2012 01 10 16:00 16:59 11 1211 0029 11.26 1 402 1 20141121132220 00078
00000201 2012 01 13 10:00 10:59 11 7211 0029 11.26 1 229 1 20141121132220 00078
00000201 2012 01 13 16:00 16:59 11 1211 0029 11.26 1 402 1 20141121132220 00078
00000201 2012 01 15 16:00 16:59 11 1211 0029 11.26 1 402 1 20141121132220 00078
00000201 2012 01 17 16:00 16:59 11 1211 0029 11.26 1 402 1 20141121132220 00078
00000201 2012 01 22 16:00 16:59 11 1211 0029 11.26 1 402 1 20141121132220 00078
00000201 2012 01 24 10:00 10:59 11 7211 0029 11.26 1 229 1 20141121132220 00078
00000201 2012 01 24 16:00 16:59 11 1211 0029 11.26 1 402 1 20141121132220 00078
00000201 2012 01 27 10:00 10:59 11 7211 0029 11.26 1 229 1 20141121132220 00078
00000201 2012 01 27 16:00 16:59 11 1211 0029 11.26 1 402 1 20141121132220 00078
00000201 2012 01 29 16:00 16:59 11 1211 0029 11.26 1 402 1 20141121132220 00078
00000201 2012 01 31 10:00 10:59 11 7211 0029 11.26 1 229 1 20141121132220 00078
00000201 2012 01 31 16:00 16:59 11 1211 0029 11.26 1 402 1 20141121132220 00078
00000202 2012 01 01 08:00 08:29 11 1111 0029 11.26 1 254 1 20141121134536 00078
00000202 2012 01 01 15:00 15:29 11 1111 0029 11.26 1 254 1 20141121134536 00078
00000202 2012 01 01 19:30 19:59 11 1112 0029 11.26 1 318 1 20141121134536 00078
00000202 2012 01 02 09:00 09:29 11 1111 0029 11.26 1 254 1 20141121134536 00078
00000202 2012 01 02 15:30 16:29 11 1221 0029 11.26 1 804 1 20141121134536 00078
00000202 2012 01 02 19:20 19:44 11 1112 0029 11.26 1 318 1 20141121134536 00078
00000202 2012 01 03 08:00 08:29 11 1111 0029 11.26 1 254 1 20141121134536 00078
00000202 2012 01 03 13:00 13:29 11 1111 0029 11.26 1 254 1 20141121134536 00078
00000202 2012 01 03 15:30 15:59 11 1111 0029 11.26 1 254 1 20141121134536 00078
00000202 2012 01 03 19:30 19:59 11 1112 0029 11.26 1 318 1 20141121134536 00078
00000202 2012 01 04 08:00 08:29 11 1111 0029 11.26 1 254 1 20141121134536 00078
00000202 2012 01 04 13:00 13:29 11 1111 0029 11.26 1 254 1 20141121134536 00078
00000202 2012 01 04 15:30 16:29 11 1221 0029 11.26 1 804 1 20141121134536 00078
00000202 2012 01 04 19:30 19:59 11 1112 0029 11.26 1 318 1 20141121134536 00078
00000202 2012 01 05 08:00 08:29 11 1111 0029 11.26 1 254 1 20141121134536 00078
00000202 2012 01 05 13:00 13:29 11 1111 0029 11.26 1 254 1 20141121134536 00078
00000202 2012 01 05 15:30 15:59 11 1111 0029 11.26 1 254 1 20141121134536 00078
00000202 2012 01 05 19:30 19:59 11 1112 0029 11.26 1 318 1 20141121134536 00078
00000202 2012 01 06 08:00 08:29 11 1111 0029 11.26 1 254 1 20141121134536 00078
00000202 2012 01 06 13:00 13:29 11 1111 0029 11.26 1 254 1 20141121134536 00078
00000202 2012 01 06 19:30 19:59 11 1112 0029 11.26 1 318 1 20141121134536 00078
00000202 2012 01 07 08:00 08:29 11 1111 0029 11.26 1 254 1 20141121134536 00078
00000202 2012 01 07 13:00 13:29 11 1111 0029 11.26 1 254 1 20141121134536 00078
00000202 2012 01 07 15:30 15:59 11 1111 0029 11.26 1 254 1 20141121134536 00078
00000202 2012 01 07 19:30 19:59 11 1112 0029 11.26 1 318 1 20141121134536 00078
00000202 2012 01 08 08:00 08:29 11 1111 0029 11.26 1 254 1 20141121134536 00078
00000202 2012 01 08 13:00 13:29 11 1111 0029 11.26 1 254 1 20141121134536 00078
00000202 2012 01 08 15:30 15:59 11 1111 0029 11.26 1 254 1 20141121134536 00078
00000202 2012 01 08 19:30 19:59 11 1112 0029 11.26 1 318 1 20141121134536 00078
00000202 2012 01 09 08:00 08:29 11 1111 0029 11.26 1 254 1 20141121134536 00078
00000202 2012 01 09 13:00 13:29 11 1111 0029 11.26 1 254 1 20141121134536 00078
00000202 2012 01 09 15:30 16:29 11 1221 0029 11.26 1 804 1 20141121134536 00078
00000202 2012 01 09 19:30 19:59 11 1112 0029 11.26 1 318 1 20141121134536 00078
00000202 2012 01 10 08:00 08:29 11 1111 0029 11.26 1 254 1 20141121134536 00078
00000202 2012 01 10 13:00 13:29 11 1111 0029 11.26 1 254 1 20141121134536 00078
00000202 2012 01 10 15:30 15:59 11 1111 0029 11.26 1 254 1 20141121134536 00078
00000202 2012 01 10 19:30 19:59 11 1112 0029 11.26 1 318 1 20141121134536 00078
00000202 2012 01 11 08:00 08:29 11 1111 0029 11.26 1 254 1 20141121134536 00078
00000202 2012 01 11 13:00 13:29 11 1111 0029 11.26 1 254 1 20141121134536 00078
00000202 2012 01 11 15:30 16:29 11 1221 0029 11.26 1 804 1 20141121134536 00078
00000202 2012 01 11 19:30 19:59 11 1112 0029 11.26 1 318 1 20141121134536 00078
00000202 2012 01 12 08:00 08:29 11 1111 0029 11.26 1 254 1 20141121134536 00078
00000202 2012 01 12 13:00 13:29 11 1111 0029 11.26 1 254 1 20141121134536 00078
00000202 2012 01 12 15:30 15:59 11 1111 0029 11.26 1 254 1 20141121134536 00078
00000202 2012 01 12 19:30 19:59 11 1112 0029 11.26 1 318 1 20141121134536 00078
00000202 2012 01 13 08:00 08:29 11 1111 0029 11.26 1 254 1 20141121134536 00078
00000202 2012 01 13 13:00 13:29 11 1111 0029 11.26 1 254 1 20141121134536 00078
00000202 2012 01 13 19:30 19:59 11 1112 0029 11.26 1 318 1 20141121134536 00078
00000202 2012 01 14 09:00 09:29 11 1111 0029 11.26 1 254 1 20141121134536 00078
00000202 2012 01 14 13:00 13:29 11 1111 0029 11.26 1 254 1 20141121134536 00078
00000202 2012 01 14 15:30 15:59 11 1111 0029 11.26 1 254 1 20141121134536 00078
00000202 2012 01 14 19:30 19:59 11 1112 0029 11.26 1 318 1 20141121134536 00078
00000202 2012 01 15 08:00 08:29 11 1111 0029 11.26 1 254 1 20141121134536 00078
00000202 2012 01 15 13:00 13:29 11 1111 0029 11.26 1 254 1 20141121134536 00078
00000202 2012 01 15 15:30 15:59 11 1111 0029 11.26 1 254 1 20141121134536 00078
00000202 2012 01 15 19:30 19:59 11 1112 0029 11.26 1 318 1 20141121134536 00078
00000202 2012 01 16 08:00 08:29 11 1111 0029 11.26 1 254 1 20141121134536 00078
00000202 2012 01 16 13:00 13:29 11 1111 0029 11.26 1 254 1 20141121134536 00078
00000202 2012 01 16 15:30 16:29 11 1221 0029 11.26 1 804 1 20141121134536 00078
00000202 2012 01 16 19:30 19:59 11 1112 0029 11.26 1 318 1 20141121134536 00078
00000202 2012 01 17 08:00 08:29 11 1111 0029 11.26 1 254 1 20141121134536 00078
00000202 2012 01 17 13:00 13:29 11 1111 0029 11.26 1 254 1 20141121134536 00078
00000202 2012 01 17 15:30 15:59 11 1111 0029 11.26 1 254 1 20141121134536 00078
00000202 2012 01 17 19:30 19:59 11 1112 0029 11.26 1 318 1 20141121134536 00078
00000202 2012 01 18 08:00 08:29 11 1111 0029 11.26 1 254 1 20141121134536 00078
00000202 2012 01 18 13:00 13:29 11 1111 0029 11.26 1 254 1 20141121134536 00078
00000202 2012 01 18 15:30 16:29 11 1221 0029 11.26 1 804 1 20141121134536 00078
00000202 2012 01 18 19:30 19:59 11 1112 0029 11.26 1 318 1 20141121134536 00078
00000202 2012 01 19 08:00 08:29 11 1111 0029 11.26 1 254 1 20141121134536 00078
00000202 2012 01 19 13:00 13:29 11 1111 0029 11.26 1 254 1 20141121134536 00078
00000202 2012 01 19 15:30 15:59 11 1111 0029 11.26 1 254 1 20141121134536 00078
00000202 2012 01 19 19:30 19:59 11 1112 0029 11.26 1 318 1 20141121134536 00078
00000202 2012 01 20 08:00 08:29 11 1111 0029 11.26 1 254 1 20141121134536 00078
00000202 2012 01 20 13:00 13:29 11 1111 0029 11.26 1 254 1 20141121134536 00078
00000202 2012 01 20 19:30 19:59 11 1112 0029 11.26 1 318 1 20141121134536 00078
00000202 2012 01 21 08:00 08:29 11 1111 0029 11.26 1 254 1 20141121134536 00078
00000202 2012 01 21 13:00 13:29 11 1111 0029 11.26 1 254 1 20141121134536 00078
00000202 2012 01 21 15:30 15:59 11 1111 0029 11.26 1 254 1 20141121134536 00078
00000202 2012 01 21 19:30 19:59 11 1112 0029 11.26 1 318 1 20141121134536 00078
00000202 2012 01 22 08:00 08:29 11 1111 0029 11.26 1 254 1 20141121134536 00078
00000202 2012 01 22 13:00 13:29 11 1111 0029 11.26 1 254 1 20141121134536 00078
00000202 2012 01 22 15:30 15:59 11 1111 0029 11.26 1 254 1 20141121134536 00078
00000202 2012 01 22 19:30 19:59 11 1112 0029 11.26 1 318 1 20141121134536 00078
00000202 2012 01 23 08:00 08:29 11 1111 0029 11.26 1 254 1 20141121134536 00078
00000202 2012 01 23 13:00 13:29 11 1111 0029 11.26 1 254 1 20141121134536 00078
00000202 2012 01 23 15:30 16:29 11 1221 0029 11.26 1 804 1 20141121134536 00078
00000202 2012 01 23 19:30 19:59 11 1112 0029 11.26 1 318 1 20141121134536 00078
00000202 2012 01 24 08:00 08:29 11 1111 0029 11.26 1 254 1 20141121134536 00078
00000202 2012 01 24 13:00 13:29 11 1111 0029 11.26 1 254 1 20141121134536 00078
00000202 2012 01 24 15:30 15:59 11 1111 0029 11.26 1 254 1 20141121134536 00078
00000202 2012 01 25 08:00 08:29 11 1111 0029 11.26 1 254 1 20141121134536 00078
00000202 2012 01 25 13:00 13:29 11 1111 0029 11.26 1 254 1 20141121134536 00078
00000202 2012 01 25 15:30 16:29 11 1221 0029 11.26 1 804 1 20141121134536 00078
00000202 2012 01 25 19:30 19:59 11 1112 0029 11.26 1 318 1 20141121134536 00078
00000202 2012 01 26 08:00 08:29 11 1111 0029 11.26 1 254 1 20141121134536 00078
00000202 2012 01 26 13:00 13:29 11 1111 0029 11.26 1 254 1 20141121134536 00078
00000202 2012 01 26 15:30 15:59 11 1111 0029 11.26 1 254 1 20141121134536 00078
00000202 2012 01 26 19:30 19:59 11 1112 0029 11.26 1 318 1 20141121134536 00078
00000202 2012 01 27 08:00 08:29 11 1111 0029 11.26 1 254 1 20141121134536 00078
00000202 2012 01 27 13:00 13:29 11 1111 0029 11.26 1 254 1 20141121134536 00078
00000202 2012 01 27 19:30 19:59 11 1112 0029 11.26 1 318 1 20141121134536 00078
00000202 2012 01 28 08:00 08:29 11 1111 0029 11.26 1 254 1 20141121134536 00078
00000202 2012 01 28 13:00 13:29 11 1111 0029 11.26 1 254 1 20141121134536 00078
00000202 2012 01 28 15:30 15:59 11 1111 0029 11.26 1 254 1 20141121134536 00078
00000202 2012 01 28 19:30 19:59 11 1112 0029 11.26 1 318 1 20141121134536 00078
00000202 2012 01 29 08:00 08:29 11 1111 0029 11.26 1 254 1 20141121134536 00078
00000202 2012 01 29 13:00 13:29 11 1111 0029 11.26 1 254 1 20141121134536 00078
00000202 2012 01 29 15:30 15:59 11 1111 0029 11.26 1 254 1 20141121134536 00078
00000202 2012 01 29 19:30 19:59 11 1112 0029 11.26 1 318 1 20141121134536 00078
00000202 2012 01 30 08:00 08:29 11 1111 0029 11.26 1 254 1 20141121134536 00078
00000202 2012 01 30 13:00 13:29 11 1111 0029 11.26 1 254 1 20141121134536 00078
00000202 2012 01 30 15:30 16:29 11 1221 0029 11.26 1 804 1 20141121134536 00078
00000202 2012 01 30 19:30 19:59 11 1112 0029 11.26 1 318 1 20141121134536 00078
00000202 2012 01 31 09:00 09:29 11 1111 0029 11.26 1 254 1 20141121134536 00078
00000202 2012 01 31 13:00 13:29 11 1111 0029 11.26 1 254 1 20141121134536 00078
00000202 2012 01 31 15:30 15:59 11 1111 0029 11.26 1 254 1 20141121134536 00078
00000202 2012 01 31 19:30 19:59 11 1112 0029 11.26 1 318 1 20141121134536 00078
00000203 2012 01 01 08:30 09:29 11 4111 0029 11.26 1 337 1 20141121141700 00078
00000203 2012 01 01 14:00 14:59 11 1211 0029 11.26 1 402 1 20141121141700 00078
00000203 2012 01 01 19:00 19:29 11 1112 0029 11.26 1 318 1 20141121141700 00078
00000203 2012 01 02 08:00 08:59 11 4111 0029 11.26 1 337 1 20141121141700 00078
00000203 2012 01 02 13:00 14:29 11 7311 0029 11.26 1 291 1 20141121141700 00078
00000203 2012 01 03 19:00 19:29 11 1112 0029 11.26 1 318 1 20141121141700 00078
00000203 2012 01 04 08:30 09:29 11 4111 0029 11.26 1 337 1 20141121141700 00078
00000203 2012 01 04 14:00 14:59 11 1211 0029 11.26 1 402 1 20141121141700 00078
00000203 2012 01 04 19:00 19:29 11 1112 0029 11.26 1 318 1 20141121141700 00078
00000203 2012 01 05 08:30 09:29 11 4111 0029 11.26 1 337 1 20141121141700 00078
00000203 2012 01 05 14:00 14:29 11 1111 0029 11.26 1 254 1 20141121141700 00078
00000203 2012 01 06 08:30 09:29 11 4111 0029 11.26 1 337 1 20141121141700 00078
00000203 2012 01 06 14:00 14:59 11 4111 0029 11.26 1 337 1 20141121141700 00078
00000203 2012 01 07 08:30 09:29 11 4111 0029 11.26 1 337 1 20141121141700 00078
00000203 2012 01 07 14:00 14:29 11 1111 0029 11.26 1 254 1 20141121141700 00078
00000203 2012 01 07 19:00 19:29 11 1112 0029 11.26 1 318 1 20141121141700 00078
00000203 2012 01 08 08:30 09:29 11 4111 0029 11.26 1 337 1 20141121141700 00078
00000203 2012 01 08 14:00 14:59 11 1211 0029 11.26 1 402 1 20141121141700 00078
00000203 2012 01 09 08:30 09:29 11 4111 0029 11.26 1 337 1 20141121141700 00078
00000203 2012 01 09 13:00 14:59 11 6111 0029 11.26 1 667 1 20141121141700 00078
00000203 2012 01 09 19:00 19:29 11 1112 0029 11.26 1 318 1 20141121141700 00078
00000203 2012 01 10 08:30 09:29 11 4111 0029 11.26 1 337 1 20141121141700 00078
00000203 2012 01 10 12:15 12:44 11 1111 0029 11.26 1 254 1 20141121141700 00078
00000203 2012 01 11 08:30 09:29 11 4111 0029 11.26 1 337 1 20141121141700 00078
00000203 2012 01 11 14:00 14:59 11 1211 0029 11.26 1 402 1 20141121141700 00078
00000203 2012 01 12 08:30 09:29 11 4111 0029 11.26 1 337 1 20141121141700 00078
00000203 2012 01 12 14:00 14:29 11 1111 0029 11.26 1 254 1 20141121141700 00078
00000203 2012 01 13 08:30 09:29 11 4111 0029 11.26 1 337 1 20141121141700 00078
00000203 2012 01 13 14:00 14:59 11 4111 0029 11.26 1 337 1 20141121141700 00078
00000203 2012 01 14 08:00 08:59 11 4111 0029 11.26 1 337 1 20141121141700 00078
00000203 2012 01 14 14:00 14:29 11 1111 0029 11.26 1 254 1 20141121141700 00078
00000203 2012 01 14 19:00 19:29 11 1112 0029 11.26 1 318 1 20141121141700 00078
00000203 2012 01 15 08:30 09:29 11 4111 0029 11.26 1 337 1 20141121141700 00078
00000203 2012 01 15 14:00 14:59 11 1211 0029 11.26 1 402 1 20141121141700 00078
00000203 2012 01 16 08:30 09:29 11 4111 0029 11.26 1 337 1 20141121141700 00078
00000203 2012 01 16 13:00 14:59 11 6111 0029 11.26 1 667 1 20141121141700 00078
00000203 2012 01 16 19:00 19:29 11 1112 0029 11.26 1 318 1 20141121141700 00078
00000203 2012 01 17 08:30 09:29 11 4111 0029 11.26 1 337 1 20141121141700 00078
00000203 2012 01 17 14:30 14:59 11 1111 0029 11.26 1 254 1 20141121141700 00078
00000203 2012 01 17 19:00 19:29 11 1112 0029 11.26 1 318 1 20141121141700 00078
00000203 2012 01 18 08:30 09:29 11 4111 0029 11.26 1 337 1 20141121141700 00078
00000203 2012 01 18 14:00 14:59 11 1211 0029 11.26 1 402 1 20141121141700 00078
00000203 2012 01 19 08:30 09:29 11 4111 0029 11.26 1 337 1 20141121141700 00078
00000203 2012 01 19 13:30 14:29 11 4111 0029 11.26 1 337 1 20141121141700 00078
00000203 2012 01 19 19:00 19:29 11 1112 0029 11.26 1 318 1 20141121141700 00078
00000203 2012 01 20 08:30 09:29 11 4111 0029 11.26 1 337 1 20141121141700 00078
00000203 2012 01 20 14:00 14:59 11 4111 0029 11.26 1 337 1 20141121141700 00078
00000203 2012 01 21 08:30 09:29 11 4111 0029 11.26 1 337 1 20141121141700 00078
00000203 2012 01 21 14:00 14:29 11 1111 0029 11.26 1 254 1 20141121141700 00078
00000203 2012 01 21 19:00 19:29 11 1112 0029 11.26 1 318 1 20141121141700 00078
00000203 2012 01 22 08:30 09:29 11 4111 0029 11.26 1 337 1 20141121141700 00078
00000203 2012 01 23 08:30 09:29 11 4111 0029 11.26 1 337 1 20141121141700 00078
00000203 2012 01 23 13:00 14:59 11 6111 0029 11.26 1 667 1 20141121141700 00078
00000203 2012 01 23 19:00 19:29 11 1112 0029 11.26 1 318 1 20141121141700 00078
00000203 2012 01 24 08:30 09:29 11 4111 0029 11.26 1 337 1 20141121141700 00078
00000203 2012 01 24 14:00 14:29 11 1111 0029 11.26 1 254 1 20141121141700 00078
00000203 2012 01 25 14:00 14:59 11 1211 0029 11.26 1 402 1 20141121141700 00078
00000203 2012 01 25 19:00 19:29 11 1112 0029 11.26 1 318 1 20141121141700 00078
00000203 2012 01 26 08:30 09:29 11 4111 0029 11.26 1 337 1 20141121141700 00078
00000203 2012 01 26 14:00 14:29 11 1111 0029 11.26 1 254 1 20141121141700 00078
00000203 2012 01 27 08:30 09:29 11 4111 0029 11.26 1 337 1 20141121141700 00078
00000203 2012 01 27 14:00 14:59 11 4111 0029 11.26 1 337 1 20141121141700 00078
00000203 2012 01 27 19:00 19:29 11 1112 0029 11.26 1 318 1 20141121141700 00078
00000203 2012 01 28 08:30 09:29 11 4111 0029 11.26 1 337 1 20141121141700 00078
00000203 2012 01 28 14:00 14:29 11 1111 0029 11.26 1 254 1 20141121141700 00078
00000203 2012 01 28 19:00 19:29 11 1112 0029 11.26 1 318 1 20141121141700 00078
00000203 2012 01 29 08:30 09:29 11 4111 0029 11.26 1 337 1 20141121141700 00078
00000203 2012 01 29 14:00 14:59 11 1211 0029 11.26 1 402 1 20141121141700 00078
00000203 2012 01 30 08:30 09:29 11 4111 0029 11.26 1 337 1 20141121141700 00078
00000203 2012 01 30 13:00 14:59 11 6111 0029 11.26 1 667 1 20141121141700 00078
00000203 2012 01 31 08:00 08:59 11 4111 0029 11.26 1 337 1 20141121141700 00078
00000203 2012 01 31 14:00 14:59 11 1211 0029 11.26 1 402 1 20141121141700 00078
00000203 2012 01 31 19:00 19:29 11 1112 0029 11.26 1 318 1 20141121141700 00078
00000204 2012 01 01 14:30 14:59 11 1111 0029 11.26 1 254 1 20141121191343 00078
00000204 2012 01 01 20:00 20:29 11 1112 0029 11.26 1 318 1 20141121191343 00078
00000204 2012 01 02 10:00 10:29 11 1111 0029 11.26 1 254 1 20141121191343 00078
00000204 2012 01 02 14:30 14:59 11 1111 0029 11.26 1 254 1 20141121191343 00078
00000204 2012 01 02 20:00 20:29 11 1112 0029 11.26 1 318 1 20141121191343 00078
00000204 2012 01 03 10:00 10:29 11 1111 0029 11.26 1 254 1 20141121191343 00078
00000204 2012 01 03 14:30 14:59 11 1111 0029 11.26 1 254 1 20141121191343 00078
00000204 2012 01 03 20:00 20:29 11 1112 0029 11.26 1 318 1 20141121191343 00078
00000204 2012 01 04 20:00 20:29 11 1112 0029 11.26 1 318 1 20141121191343 00078
00000204 2012 01 05 10:00 10:29 11 1111 0029 11.26 1 254 1 20141121191343 00078
00000204 2012 01 05 14:30 14:59 11 1111 0029 11.26 1 254 1 20141121191343 00078
00000204 2012 01 05 20:00 20:29 11 1112 0029 11.26 1 318 1 20141121191343 00078
00000204 2012 01 06 09:30 09:59 11 1111 0029 11.26 1 254 1 20141121191343 00078
00000204 2012 01 06 20:00 20:29 11 1112 0029 11.26 1 318 1 20141121191343 00078
00000204 2012 01 07 10:00 10:29 11 1111 0029 11.26 1 254 1 20141121191343 00078
00000204 2012 01 07 14:30 15:29 11 4111 0029 11.26 1 337 1 20141121191343 00078
00000204 2012 01 07 20:00 20:29 11 1112 0029 11.26 1 318 1 20141121191343 00078
00000204 2012 01 08 10:00 10:29 11 1111 0029 11.26 1 254 1 20141121191343 00078
00000204 2012 01 08 14:30 14:59 11 1111 0029 11.26 1 254 1 20141121191343 00078
00000204 2012 01 08 20:00 20:29 11 1112 0029 11.26 1 318 1 20141121191343 00078
00000204 2012 01 09 10:00 10:29 11 1111 0029 11.26 1 254 1 20141121191343 00078
00000204 2012 01 09 14:30 14:59 11 1111 0029 11.26 1 254 1 20141121191343 00078
00000204 2012 01 09 20:00 20:29 11 1112 0029 11.26 1 318 1 20141121191343 00078
00000204 2012 01 10 09:30 09:59 11 1111 0029 11.26 1 254 1 20141121191343 00078
00000204 2012 01 10 20:00 20:29 11 1112 0029 11.26 1 318 1 20141121191343 00078
00000204 2012 01 11 20:00 20:29 11 1112 0029 11.26 1 318 1 20141121191343 00078
00000204 2012 01 12 10:00 10:29 11 1111 0029 11.26 1 254 1 20141121191343 00078
00000204 2012 01 12 14:30 14:59 11 1111 0029 11.26 1 254 1 20141121191343 00078
00000204 2012 01 12 20:00 20:29 11 1112 0029 11.26 1 318 1 20141121191343 00078
00000204 2012 01 13 09:30 09:59 11 1111 0029 11.26 1 254 1 20141121191343 00078
00000204 2012 01 14 10:00 10:29 11 1111 0029 11.26 1 254 1 20141121191343 00078
00000204 2012 01 14 14:30 15:29 11 4111 0029 11.26 1 337 1 20141121191343 00078
00000204 2012 01 14 20:00 20:29 11 1112 0029 11.26 1 318 1 20141121191343 00078
00000204 2012 01 15 10:00 10:29 11 1111 0029 11.26 1 254 1 20141121191343 00078
00000204 2012 01 15 14:30 14:59 11 1111 0029 11.26 1 254 1 20141121191343 00078
00000204 2012 01 15 20:00 20:29 11 1112 0029 11.26 1 318 1 20141121191343 00078
00000204 2012 01 16 10:00 10:29 11 1111 0029 11.26 1 254 1 20141121191343 00078
00000204 2012 01 16 14:30 14:59 11 1111 0029 11.26 1 254 1 20141121191343 00078
00000204 2012 01 16 20:00 20:29 11 1112 0029 11.26 1 318 1 20141121191343 00078
00000204 2012 01 17 09:30 09:59 11 1111 0029 11.26 1 254 1 20141121191343 00078
00000204 2012 01 17 20:00 20:29 11 1112 0029 11.26 1 318 1 20141121191343 00078
00000204 2012 01 18 20:00 20:29 11 1112 0029 11.26 1 318 1 20141121191343 00078
00000204 2012 01 19 10:00 10:29 11 1111 0029 11.26 1 254 1 20141121191343 00078
00000204 2012 01 19 14:30 14:59 11 1111 0029 11.26 1 254 1 20141121191343 00078
00000204 2012 01 19 20:00 20:29 11 1112 0029 11.26 1 318 1 20141121191343 00078
00000204 2012 01 20 09:30 09:59 11 1111 0029 11.26 1 254 1 20141121191343 00078
00000204 2012 01 20 20:00 20:29 11 1112 0029 11.26 1 318 1 20141121191343 00078
00000204 2012 01 21 10:00 10:29 11 1111 0029 11.26 1 254 1 20141121191343 00078
00000204 2012 01 21 14:30 15:29 11 4111 0029 11.26 1 337 1 20141121191343 00078
00000204 2012 01 21 20:00 20:29 11 1112 0029 11.26 1 318 1 20141121191343 00078
00000204 2012 01 22 10:00 10:29 11 1111 0029 11.26 1 254 1 20141121191343 00078
00000204 2012 01 22 14:30 14:59 11 1111 0029 11.26 1 254 1 20141121191343 00078
00000204 2012 01 22 20:00 20:29 11 1112 0029 11.26 1 318 1 20141121191343 00078
00000204 2012 01 23 10:00 10:29 11 1111 0029 11.26 1 254 1 20141121191343 00078
00000204 2012 01 23 14:30 14:59 11 1111 0029 11.26 1 254 1 20141121191343 00078
00000204 2012 01 23 20:00 20:29 11 1112 0029 11.26 1 318 1 20141121191343 00078
00000204 2012 01 24 09:30 09:59 11 1111 0029 11.26 1 254 1 20141121191343 00078
00000204 2012 01 25 20:00 20:29 11 1112 0029 11.26 1 318 1 20141121191343 00078
00000204 2012 01 26 10:00 10:29 11 1111 0029 11.26 1 254 1 20141121191343 00078
00000204 2012 01 26 13:30 13:59 11 1111 0029 11.26 1 254 1 20141121191343 00078
00000204 2012 01 26 20:00 20:29 11 1112 0029 11.26 1 318 1 20141121191343 00078
00000204 2012 01 27 09:30 09:59 11 1111 0029 11.26 1 254 1 20141121191343 00078
00000204 2012 01 27 20:00 20:29 11 1112 0029 11.26 1 318 1 20141121191343 00078
00000204 2012 01 28 10:00 10:29 11 1111 0029 11.26 1 254 1 20141121191343 00078
00000204 2012 01 28 13:30 14:29 11 4111 0029 11.26 1 337 1 20141121191343 00078
00000204 2012 01 28 20:00 20:29 11 1112 0029 11.26 1 318 1 20141121191343 00078
00000204 2012 01 29 10:00 10:29 11 1111 0029 11.26 1 254 1 20141121191343 00078
00000204 2012 01 29 14:30 14:59 11 1111 0029 11.26 1 254 1 20141121191343 00078
00000204 2012 01 29 20:00 20:29 11 1112 0029 11.26 1 318 1 20141121191343 00078
00000204 2012 01 30 10:00 10:29 11 1111 0029 11.26 1 254 1 20141121191343 00078
00000204 2012 01 30 14:30 14:59 11 1111 0029 11.26 1 254 1 20141121191343 00078
00000204 2012 01 30 20:00 20:29 11 1112 0029 11.26 1 318 1 20141121191343 00078
00000204 2012 01 31 09:30 09:59 11 1111 0029 11.26 1 254 1 20141121191343 00078
00000204 2012 01 31 20:00 20:29 11 1112 0029 11.26 1 318 1 20141121191343 00078
00000205 2012 01 05 14:30 15:59 11 7311 0029 11.26 1 291 1 20141121191701 00078
00000205 2012 01 06 14:30 15:59 11 1311 0029 11.26 1 584 1 20141121191701 00078
00000205 2012 01 10 14:30 15:59 11 1311 0029 11.26 1 584 1 20141121191701 00078
00000205 2012 01 12 14:30 15:29 11 7211 0029 11.26 1 229 1 20141121191701 00078
00000205 2012 01 13 14:30 15:59 11 1311 0029 11.26 1 584 1 20141121191701 00078
00000205 2012 01 17 14:30 15:59 11 1311 0029 11.26 1 584 1 20141121191701 00078
00000205 2012 01 19 14:30 15:29 11 7211 0029 11.26 1 229 1 20141121191701 00078
00000205 2012 01 20 14:30 15:59 11 1311 0029 11.26 1 584 1 20141121191701 00078
00000205 2012 01 24 14:30 15:59 11 1311 0029 11.26 1 584 1 20141121191701 00078
00000205 2012 01 26 14:30 15:29 11 7211 0029 11.26 1 229 1 20141121191701 00078
00000205 2012 01 27 14:30 15:59 11 1311 0029 11.26 1 584 1 20141121191701 00078
00000206 2012 01 04 17:00 17:59 11 1211 0029 11.26 1 402 1 20141121192753 00078
00000206 2012 01 05 16:30 17:59 11 7311 0029 11.26 1 291 1 20141121192753 00078
00000206 2012 01 07 16:30 17:29 11 1211 0029 11.26 1 402 1 20141121192753 00078
00000206 2012 01 08 16:30 17:59 11 7311 0029 11.26 1 291 1 20141121192753 00078
00000206 2012 01 09 17:00 17:59 11 1211 0029 11.26 1 402 1 20141121192753 00078
00000206 2012 01 12 16:30 17:59 11 7311 0029 11.26 1 291 1 20141121192753 00078
00000206 2012 01 14 16:30 17:29 11 1211 0029 11.26 1 402 1 20141121192753 00078
00000206 2012 01 15 16:30 17:59 11 7311 0029 11.26 1 291 1 20141121192753 00078
00000206 2012 01 16 17:00 17:59 11 1211 0029 11.26 1 402 1 20141121192753 00078
00000206 2012 01 18 17:00 17:59 11 1211 0029 11.26 1 402 1 20141121192753 00078
00000206 2012 01 19 16:30 17:59 11 7311 0029 11.26 1 291 1 20141121192753 00078
00000206 2012 01 21 16:30 17:29 11 1211 0029 11.26 1 402 1 20141121192753 00078
00000206 2012 01 23 17:00 17:59 11 1211 0029 11.26 1 402 1 20141121192753 00078
00000206 2012 01 26 16:30 17:59 11 7311 0029 11.26 1 291 1 20141121192753 00078
00000206 2012 01 28 16:30 17:29 11 1211 0029 11.26 1 402 1 20141121192753 00078
00000206 2012 01 29 16:30 17:59 11 7311 0029 11.26 1 291 1 20141121192753 00078
00000206 2012 01 30 17:00 17:59 11 1211 0029 11.26 1 402 1 20141121192753 00078
00000207 2012 01 10 14:00 14:59 61 1111 0107 11.26 1 1234 1 20141124125315 00078
00000207 2012 01 17 14:00 14:59 61 1111 0107 11.26 1 1234 1 20141124125315 00078
00000207 2012 01 24 14:00 14:59 61 1111 0107 11.26 1 1234 1 20141124125315 00078
00000207 2012 01 31 14:00 14:59 61 1111 0107 11.26 1 1234 1 20141124125315 00078
00000209 2012 01 06 10:45 11:44 61 1211 0107 11.26 1 2468 1 20141124125456 00078
00000209 2012 01 09 10:45 11:44 61 1211 0107 11.26 1 2468 1 20141124125456 00078
00000209 2012 01 13 10:45 11:44 61 1211 0107 11.26 1 2468 1 20141124125456 00078
00000209 2012 01 16 10:45 11:44 61 1211 0107 11.26 1 2468 1 20141124125456 00078
00000209 2012 01 20 10:45 11:44 61 1211 0107 11.26 1 2468 1 20141124125456 00078
00000209 2012 01 23 10:45 11:44 61 1211 0107 11.26 1 2468 1 20141124125456 00078
00000209 2012 01 27 10:45 11:44 61 1211 0107 11.26 1 2468 1 20141124125456 00078
00000209 2012 01 30 10:45 11:44 61 1211 0107 11.26 1 2468 1 20141124125456 00078
00000212 2012 01 11 13:00 13:59 61 1111 0107 11.26 1 1234 1 20141124125602 00078
00000212 2012 01 18 13:00 13:59 61 1111 0107 11.26 1 1234 1 20141124125602 00078
00000212 2012 01 25 13:00 13:59 61 1111 0107 11.26 1 1234 1 20141124125602 00078
00000213 2012 01 03 10:45 11:44 11 4111 0029 11.26 1 337 1 20141124132430 00078
00000213 2012 01 07 10:45 11:44 11 4111 0029 11.26 1 337 1 20141124132430 00078
00000213 2012 01 07 16:00 16:59 11 1211 0029 11.26 1 402 1 20141124132430 00078
00000213 2012 01 10 10:45 11:44 11 4111 0029 11.26 1 337 1 20141124132430 00078
00000213 2012 01 10 16:00 16:59 11 1211 0029 11.26 1 402 1 20141124132430 00078
00000213 2012 01 14 10:45 11:44 11 4111 0029 11.26 1 337 1 20141124132430 00078
00000213 2012 01 17 10:00 10:59 11 4111 0029 11.26 1 337 1 20141124132430 00078
00000213 2012 01 17 10:45 11:44 11 4111 0029 11.26 1 337 1 20141124125956 00078
00000213 2012 01 17 16:00 16:59 11 1211 0029 11.26 1 402 1 20141124132430 00078
00000213 2012 01 21 10:45 11:44 11 4111 0029 11.26 1 337 1 20141124132430 00078
00000213 2012 01 21 16:00 16:59 11 1211 0029 11.26 1 402 1 20141124132430 00078
00000213 2012 01 24 10:45 11:44 11 4111 0029 11.26 1 337 1 20141124132430 00078
00000213 2012 01 24 16:00 16:59 11 1211 0029 11.26 1 402 1 20141124132430 00078
00000213 2012 01 28 10:45 11:44 11 4111 0029 11.26 1 337 1 20141124132430 00078
00000213 2012 01 28 16:00 16:59 11 1211 0029 11.26 1 402 1 20141124132430 00078
00000213 2012 01 31 10:45 11:44 11 4111 0029 11.26 1 337 1 20141124132430 00078
00000213 2012 01 31 16:00 16:59 11 1211 0029 11.26 1 402 1 20141124132430 00078
00000214 2012 01 04 10:45 11:44 61 1111 0107 11.26 1 1234 1 20141124130103 00078
00000214 2012 01 11 10:45 11:44 61 1111 0107 11.26 1 1234 1 20141124130103 00078
00000214 2012 01 18 10:45 11:44 61 1111 0107 11.26 1 1234 1 20141124130103 00078
00000214 2012 01 25 10:45 11:44 61 1111 0107 11.26 1 1234 1 20141124130103 00078
00000215 2012 01 06 13:30 14:29 61 1111 0107 11.26 1 1234 1 20141124130526 00078
00000215 2012 01 13 13:30 14:29 61 1111 0107 11.26 1 1234 1 20141124130526 00078
00000215 2012 01 20 13:30 14:29 61 1111 0107 11.26 1 1234 1 20141124130526 00078
00000215 2012 01 27 13:30 14:29 61 1111 0107 11.26 1 1234 1 20141124130526 00078
00000216 2012 01 05 13:30 14:29 61 1111 0107 11.26 1 1234 1 20141124130642 00078
00000216 2012 01 12 13:30 14:29 61 1111 0107 11.26 1 1234 1 20141124130642 00078
00000216 2012 01 26 13:30 14:29 61 1111 0107 11.26 1 1234 1 20141124130642 00078
