1 00000203 2013 11 11 0029 グランクレール・ケアサービス馬事公苑 1111 身体介護１ 254 0 254 8 2032 0 2032 2032 0 11.26 22880 90 20592 2288 0 n n 0 1 20140702143401 00078
1 00000204 2013 11 11 0029 グランクレール・ケアサービス馬事公苑 1111 身体介護１ 254 0 254 38 9652 0 9652 9652 0 11.26 108681 90 97812 10869 0 n n 0 1 20140702181756 00078
1 00000205 2013 11 11 0029 グランクレール・ケアサービス馬事公苑 1311 身体介護３ 584 0 584 9 5256 0 5256 5256 0 11.26 59182 90 53263 5919 0 n n 0 1 20140702191324 00078
1 00000213 2013 11 11 0029 グランクレール・ケアサービス馬事公苑 1211 身体介護２ 402 0 402 13 5226 0 5226 5226 0 11.26 58844 90 52959 5885 0 n n 0 1 20140703135307 00078
1 00000215 2013 11 11 0029 グランクレール・ケアサービス馬事公苑 7311 生活援助３ 235 0 235 4 940 0 940 940 0 11.26 10584 90 9525 1059 0 n n 0 1 20140703144316 00078
1 00000216 2013 11 11 0029 グランクレール・ケアサービス馬事公苑 1211 身体介護２ 402 0 402 12 4824 0 4824 4824 0 11.26 54318 90 48886 5432 0 n n 0 1 20140703153558 00078
1 00000224 2013 11 11 0029 グランクレール・ケアサービス馬事公苑 1211 身体介護２ 402 0 402 7 2814 0 2814 2814 0 11.26 31685 90 28516 3169 0 n n 0 1 20140703164504 00078
1 00000230 2013 11 11 0029 グランクレール・ケアサービス馬事公苑 1112 身体介護１・夜 318 0 318 22 6996 0 6996 6996 0 11.26 78774 90 70896 7878 0 n n 0 1 20140808163835 00078
1 00000240 2013 11 11 0029 グランクレール・ケアサービス馬事公苑 7311 生活援助３ 235 0 235 4 940 0 940 940 0 11.26 10584 90 9525 1059 0 n n 0 1 20140704145328 00077
2 00000203 2013 11 11 0029 グランクレール・ケアサービス馬事公苑 1112 身体介護１・夜 318 0 318 27 8586 0 8586 8586 0 11.26 96678 90 87010 9668 0 n n 0 1 20140702143401 00078
2 00000204 2013 11 11 0029 グランクレール・ケアサービス馬事公苑 1112 身体介護１・夜 318 0 318 30 9540 0 9540 9540 0 11.26 107420 90 96678 10742 0 n n 0 1 20140702181756 00078
2 00000205 2013 11 11 0029 グランクレール・ケアサービス馬事公苑 7311 生活援助３ 235 0 235 4 940 0 940 940 0 11.26 10584 90 9525 1059 0 n n 0 1 20140702191324 00078
2 00000213 2013 11 11 0029 グランクレール・ケアサービス馬事公苑 7311 生活援助３ 235 0 235 9 2115 0 2115 2115 0 11.26 23814 90 21432 2382 0 n n 0 1 20140703135307 00078
2 00000215 2013 11 11 0029 グランクレール・ケアサービス馬事公苑 6271 訪問介護処遇改善加算Ⅰ 38 0 38 1 38 38 0.04 38 0 11.26 427 90 384 43 0 a g 0 1 20140703144316 00078
2 00000216 2013 11 11 0029 グランクレール・ケアサービス馬事公苑 7311 生活援助３ 235 0 235 4 940 0 940 940 0 11.26 10584 90 9525 1059 0 n n 0 1 20140703153558 00078
2 00000224 2013 11 11 0029 グランクレール・ケアサービス馬事公苑 7311 生活援助３ 235 0 235 4 940 0 940 940 0 11.26 10584 90 9525 1059 0 n n 0 1 20140703164504 00078
2 00000230 2013 11 11 0029 グランクレール・ケアサービス馬事公苑 6271 訪問介護処遇改善加算Ⅰ 280 0 280 1 280 280 0.04 280 0 11.26 3152 90 2836 316 0 a g 0 1 20140808163835 00078
2 00000240 2013 11 11 0029 グランクレール・ケアサービス馬事公苑 6271 訪問介護処遇改善加算Ⅰ 38 0 38 1 38 38 0.04 38 0 11.26 427 90 384 43 0 a g 0 1 20140704145328 00077
3 00000203 2013 11 11 0029 グランクレール・ケアサービス馬事公苑 1211 身体介護２ 402 0 402 8 3216 0 3216 3216 0 11.26 36212 90 32590 3622 0 n n 0 1 20140702143401 00078
3 00000204 2013 11 11 0029 グランクレール・ケアサービス馬事公苑 4111 身体１生活１ 324 0 324 5 1620 0 1620 1620 0 11.26 18241 90 16416 1825 0 n n 0 1 20140702181756 00078
3 00000205 2013 11 11 0029 グランクレール・ケアサービス馬事公苑 6271 訪問介護処遇改善加算Ⅰ 248 0 248 1 248 248 0.04 248 0 11.26 2792 90 2512 280 0 a g 0 1 20140702191324 00078
3 00000213 2013 11 11 0029 グランクレール・ケアサービス馬事公苑 6271 訪問介護処遇改善加算Ⅰ 294 0 294 1 294 294 0.04 294 0 11.26 3310 90 2979 331 0 a g 0 1 20140703135307 00078
3 00000216 2013 11 11 0029 グランクレール・ケアサービス馬事公苑 6271 訪問介護処遇改善加算Ⅰ 231 0 231 1 231 231 0.04 231 0 11.26 2601 90 2340 261 0 a g 0 1 20140703153558 00078
3 00000224 2013 11 11 0029 グランクレール・ケアサービス馬事公苑 6271 訪問介護処遇改善加算Ⅰ 150 0 150 1 150 150 0.04 150 0 11.26 1689 90 1520 169 0 a g 0 1 20140703164504 00078
4 00000203 2013 11 11 0029 グランクレール・ケアサービス馬事公苑 4111 身体１生活１ 324 0 324 42 13608 0 13608 13608 0 11.26 153226 90 137903 15323 0 n n 0 1 20140702143401 00078
4 00000204 2013 11 11 0029 グランクレール・ケアサービス馬事公苑 6271 訪問介護処遇改善加算Ⅰ 832 0 832 1 832 832 0.04 832 0 11.26 9368 90 8431 937 0 a g 0 1 20140702181756 00078
5 00000203 2013 11 11 0029 グランクレール・ケアサービス馬事公苑 6271 訪問介護処遇改善加算Ⅰ 1098 0 1098 1 1098 1098 0.04 1098 0 11.26 12363 90 11126 1237 0 a g 0 1 20140702143401 00078
