000001652014031 00000165 2014 03 18 15 1241 08:55 13:00 0257 1 461 0 _ _ 1 1 20140618102116 24
000001652014031 00000165 2014 03 22 15 1241 08:55 13:00 0257 1 461 0 _ _ 1 1 20140618102116 24
000001652014031 00000165 2014 03 25 15 1241 08:55 13:00 0257 1 461 0 _ _ 1 1 20140618102116 24
000001652014031 00000165 2014 03 29 15 1241 08:55 13:00 0257 1 461 0 _ _ 1 1 20140618102116 24
000001652014041 00000165 2014 04 03 11 7311 15:45 16:45 0070 1 236 0 _ _ 1 1 20140618103019 24
000001652014041 00000165 2014 04 10 11 7311 15:45 16:45 0070 1 236 0 _ _ 1 1 20140618103019 24
000001652014042 00000165 2014 04 03 11 4001 _ _ 0070 1 200 0 _ _ 1 1 20140618103019 24
000001652014043 00000165 2014 04 01 15 1241 08:55 13:00 0257 1 464 0 _ _ 1 1 20140618103019 24
000001652014043 00000165 2014 04 05 15 1241 08:55 13:00 0257 1 464 0 _ _ 1 1 20140618103019 24
000001652014043 00000165 2014 04 08 15 1241 08:55 13:00 0257 1 464 0 _ _ 1 1 20140618103019 24
000001652014043 00000165 2014 04 12 15 1241 08:55 13:00 0257 1 464 0 _ _ 1 1 20140618103019 24
000001652014043 00000165 2014 04 19 15 1241 08:55 13:00 0257 1 464 0 _ _ 1 1 20140618103019 24
000001652014043 00000165 2014 04 22 15 1241 08:55 13:00 0257 1 464 0 _ _ 1 1 20140618103019 24
000001652014043 00000165 2014 04 30 15 1241 08:55 13:00 0257 1 464 0 _ _ 1 1 20140618103019 24
000001652014051 00000165 2014 05 15 11 7311 15:45 16:45 0070 1 236 0 _ _ 1 1 20140818180156 24
000001652014051 00000165 2014 05 29 11 7311 15:45 16:45 0070 1 236 0 _ _ 1 1 20140818180156 24
000001652014052 00000165 2014 05 22 11 7311 16:00 17:00 0070 1 236 0 _ _ 1 1 20140818180156 24
000001652014053 00000165 2014 05 08 11 7311 16:20 17:20 0070 1 236 0 _ _ 1 1 20140818180156 24
000001652014054 00000165 2014 05 10 15 1241 08:55 13:00 0257 1 464 0 _ _ 1 1 20140818180156 24
000001652014054 00000165 2014 05 13 15 1241 08:55 13:00 0257 1 464 0 _ _ 1 1 20140818180156 24
000001652014054 00000165 2014 05 17 15 1241 08:55 13:00 0257 1 464 0 _ _ 1 1 20140818180156 24
000001652014054 00000165 2014 05 24 15 1241 08:55 13:00 0257 1 464 0 _ _ 1 1 20140818180156 24
000001652014054 00000165 2014 05 27 15 1241 08:55 13:00 0257 1 464 0 _ _ 1 1 20140818180156 24
000001652014054 00000165 2014 05 31 15 1241 08:55 13:00 0257 1 464 0 _ _ 1 1 20140818180156 24
000001652014061 00000165 2014 06 05 11 7311 15:45 16:44 0070 1 236 0 _ _ _ 1 20140703200146 11
000001652014061 00000165 2014 06 19 11 7311 15:45 16:44 0070 1 236 0 _ _ _ 1 20140703200146 11
000001652014061 00000165 2014 06 26 11 7311 15:45 16:44 0070 1 236 0 _ _ _ 1 20140703200146 11
000001652014062 00000165 2014 06 12 11 7311 15:58 16:44 0070 1 236 0 _ _ _ 1 20140703200146 11
000001652014063 00000165 2014 06 03 15 1241 08:55 13:00 0257 1 464 0 _ _ _ 1 20140703200146 11
000001652014063 00000165 2014 06 07 15 1241 08:55 13:00 0257 1 464 0 _ _ _ 1 20140703200146 11
000001652014063 00000165 2014 06 10 15 1241 08:55 13:00 0257 1 464 0 _ _ _ 1 20140703200146 11
000001652014063 00000165 2014 06 14 15 1241 08:55 13:00 0257 1 464 0 _ _ _ 1 20140703200146 11
000001652014063 00000165 2014 06 24 15 1241 08:55 13:00 0257 1 464 0 _ _ _ 1 20140703200146 11
000001652014063 00000165 2014 06 28 15 1241 08:55 13:00 0257 1 464 0 _ _ _ 1 20140703200146 11
000001652014071 00000165 2014 07 10 11 7311 15:45 16:44 0070 1 236 0 _ _ 1 1 20140802150547 11
000001652014071 00000165 2014 07 17 11 7311 15:45 16:44 0070 1 236 0 _ _ 1 1 20140802150547 11
000001652014071 00000165 2014 07 31 11 7311 15:45 16:44 0070 1 236 0 _ _ 1 1 20140802150547 11
000001652014072 00000165 2014 07 24 11 7311 15:48 16:47 0070 1 236 0 _ _ 1 1 20140802150547 11
000001652014073 00000165 2014 07 12 15 1241 08:55 13:00 0257 1 464 0 _ _ 1 1 20140802150547 11
000001652014073 00000165 2014 07 15 15 1241 08:55 13:00 0257 1 464 0 _ _ 1 1 20140802150547 11
000001652014073 00000165 2014 07 19 15 1241 08:55 13:00 0257 1 464 0 _ _ 1 1 20140802150547 11
000001652014073 00000165 2014 07 29 15 1241 08:55 13:00 0257 1 464 0 _ _ 1 1 20140802150547 11
000001652014081 00000165 2014 08 23 11 7311 15:00 15:59 0070 1 236 0 _ _ 1 1 20140903141833 11
000001652014082 00000165 2014 08 07 11 7311 15:45 16:44 0070 1 236 0 _ _ 1 1 20140903141833 11
000001652014082 00000165 2014 08 28 11 7311 15:45 16:44 0070 1 236 0 _ _ 1 1 20140903141833 11
000001652014083 00000165 2014 08 02 15 1241 08:55 13:00 0257 1 464 0 _ _ 1 1 20140903141833 11
000001652014083 00000165 2014 08 05 15 1241 08:55 13:00 0257 1 464 0 _ _ 1 1 20140903141833 11
000001652014083 00000165 2014 08 19 15 1241 08:55 13:00 0257 1 464 0 _ _ 1 1 20140903141833 11
000001652014083 00000165 2014 08 26 15 1241 08:55 13:00 0257 1 464 0 _ _ 1 1 20140903141833 11
000001652014083 00000165 2014 08 30 15 1241 08:55 13:00 0257 1 464 0 _ _ 1 1 20140903141833 11
000001652014084 00000165 2014 08 08 15 1241 14:00 17:05 0257 1 464 0 _ _ 1 1 20140903141833 11
000001652014091 00000165 2014 09 04 11 7311 15:45 16:44 0070 1 236 0 _ _ 1 1 20141001170128 11
000001652014091 00000165 2014 09 11 11 7311 15:45 16:44 0070 1 236 0 _ _ 1 1 20141001170128 11
000001652014091 00000165 2014 09 18 11 7311 15:45 16:44 0070 1 236 0 _ _ 1 1 20141001170128 11
000001652014091 00000165 2014 09 25 11 7311 15:45 16:44 0070 1 236 0 _ _ 1 1 20141001170128 11
000001652014092 00000165 2014 09 02 15 1241 08:55 13:00 0257 1 464 0 _ _ 1 1 20141001170128 11
000001652014092 00000165 2014 09 06 15 1241 08:55 13:00 0257 1 464 0 _ _ 1 1 20141001170128 11
000001652014092 00000165 2014 09 30 15 1241 08:55 13:00 0257 1 464 0 _ _ 1 1 20141001170128 11
000001652014101 00000165 2014 10 02 11 7311 15:45 16:44 0070 1 236 0 _ _ 1 1 20141101160032 11
000001652014101 00000165 2014 10 09 11 7311 15:45 16:44 0070 1 236 0 _ _ 1 1 20141101160032 11
000001652014101 00000165 2014 10 23 11 7311 15:45 16:44 0070 1 236 0 _ _ 1 1 20141101160032 11
000001652014101 00000165 2014 10 30 11 7311 15:45 16:44 0070 1 236 0 _ _ 1 1 20141101160032 11
000001652014102 00000165 2014 10 04 15 1241 08:55 13:00 0257 1 464 0 _ _ 1 1 20141101160032 11
000001652014111 00000165 2014 11 26 11 7311 11:00 11:59 0070 1 236 0 _ _ 1 1 20141202170752 11
000001652014112 00000165 2014 11 15 11 7311 14:00 14:59 0070 1 236 0 _ _ 1 1 20141202170752 11
000001652014113 00000165 2014 11 06 11 7311 15:45 16:44 0070 1 236 0 _ _ 1 1 20141202170752 11
000001652014113 00000165 2014 11 20 11 7311 15:45 16:44 0070 1 236 0 _ _ 1 1 20141202170752 11
000001652014121 00000165 2014 12 05 13 1521 11:00 11:59 0023 1 286 0 _ _ 1 1 20141206192142 11
000001652014121 00000165 2014 12 12 13 1521 11:00 11:59 0023 1 286 0 _ _ 1 1 20141206192142 11
000001652014121 00000165 2014 12 19 13 1521 11:00 11:59 0023 1 286 0 _ _ 1 1 20141206192142 11
000001652014121 00000165 2014 12 26 13 1521 11:00 11:59 0023 1 286 0 _ _ 1 1 20141206192142 11
000001652014122 00000165 2014 12 05 13 4002 _ _ 0023 1 300 0 _ _ 1 1 20141206192142 11
000001652014123 00000165 2014 12 05 13 6101 _ _ 0023 1 6 0 _ _ 1 1 20141206192142 11
000001652014123 00000165 2014 12 12 13 6101 _ _ 0023 1 6 0 _ _ 1 1 20141206192142 11
000001652014123 00000165 2014 12 19 13 6101 _ _ 0023 1 6 0 _ _ 1 1 20141206192142 11
000001652014123 00000165 2014 12 26 13 6101 _ _ 0023 1 6 0 _ _ 1 1 20141206192142 11
000001652014124 00000165 2014 12 04 11 7311 15:45 16:44 0070 1 236 0 _ _ 1 1 20141206192142 11
000001652014124 00000165 2014 12 11 11 7311 15:45 16:44 0070 1 236 0 _ _ 1 1 20141206192142 11
000001652014124 00000165 2014 12 18 11 7311 15:45 16:44 0070 1 236 0 _ _ 1 1 20141206192142 11
000001652014124 00000165 2014 12 25 11 7311 15:45 16:44 0070 1 236 0 _ _ 1 1 20141206192142 11
000001652015011 00000165 2015 01 09 13 1521 11:00 11:59 0023 1 286 0 _ _ _ 1 20141206192418 11
000001652015011 00000165 2015 01 16 13 1521 11:00 11:59 0023 1 286 0 _ _ _ 1 20141206192418 11
000001652015011 00000165 2015 01 23 13 1521 11:00 11:59 0023 1 286 0 _ _ _ 1 20141206192418 11
000001652015011 00000165 2015 01 30 13 1521 11:00 11:59 0023 1 286 0 _ _ _ 1 20141206192418 11
000001652015012 00000165 2015 01 09 13 6101 _ _ 0023 1 6 0 _ _ _ 1 20141206192418 11
000001652015012 00000165 2015 01 16 13 6101 _ _ 0023 1 6 0 _ _ _ 1 20141206192418 11
000001652015012 00000165 2015 01 23 13 6101 _ _ 0023 1 6 0 _ _ _ 1 20141206192418 11
000001652015012 00000165 2015 01 30 13 6101 _ _ 0023 1 6 0 _ _ _ 1 20141206192418 11
000001652015013 00000165 2015 01 01 11 7311 15:45 16:44 0070 1 236 0 _ _ _ 1 20141206192418 11
000001652015013 00000165 2015 01 08 11 7311 15:45 16:44 0070 1 236 0 _ _ _ 1 20141206192418 11
000001652015013 00000165 2015 01 15 11 7311 15:45 16:44 0070 1 236 0 _ _ _ 1 20141206192418 11
000001652015013 00000165 2015 01 22 11 7311 15:45 16:44 0070 1 236 0 _ _ _ 1 20141206192418 11
000001652015013 00000165 2015 01 29 11 7311 15:45 16:44 0070 1 236 0 _ _ _ 1 20141206192418 11
