000001702014041 00000170 2014 04 30 15 2441 10:00 17:10 0260 1 695 0 _ _ 1 1 20140618152006 24
000001702014042 00000170 2014 04 30 15 5301 _ _ 0260 1 50 0 _ _ 1 1 20140618152006 24
000001702014043 00000170 2014 04 30 15 5052 _ _ 0260 1 50 0 _ _ 1 1 20140618152006 24
000001702014044 00000170 2014 04 30 15 5611 _ _ 0260 1 -94 0 _ _ 1 1 20140618152006 24
000001702014051 00000170 2014 05 14 15 2441 10:00 17:10 0260 1 695 0 _ _ 1 1 20140812152521 24
000001702014051 00000170 2014 05 21 15 2441 10:00 17:10 0260 1 695 0 _ _ 1 1 20140812152521 24
000001702014051 00000170 2014 05 24 15 2441 10:00 17:10 0260 1 695 0 _ _ 1 1 20140812152521 24
000001702014051 00000170 2014 05 28 15 2441 10:00 17:10 0260 1 695 0 _ _ 1 1 20140812152521 24
000001702014051 00000170 2014 05 31 15 2441 10:00 17:10 0260 1 695 0 _ _ 1 1 20140812152521 24
000001702014052 00000170 2014 05 14 15 5051 _ _ 0260 1 42 0 _ _ 1 1 20140812152521 24
000001702014052 00000170 2014 05 21 15 5051 _ _ 0260 1 42 0 _ _ 1 1 20140812152521 24
000001702014052 00000170 2014 05 28 15 5051 _ _ 0260 1 42 0 _ _ 1 1 20140812152521 24
000001702014053 00000170 2014 05 14 15 5052 _ _ 0260 1 50 0 _ _ 1 1 20140812152521 24
000001702014053 00000170 2014 05 21 15 5052 _ _ 0260 1 50 0 _ _ 1 1 20140812152521 24
000001702014053 00000170 2014 05 24 15 5052 _ _ 0260 1 50 0 _ _ 1 1 20140812152521 24
000001702014053 00000170 2014 05 28 15 5052 _ _ 0260 1 50 0 _ _ 1 1 20140812152521 24
000001702014053 00000170 2014 05 31 15 5052 _ _ 0260 1 50 0 _ _ 1 1 20140812152521 24
000001702014054 00000170 2014 05 14 15 5301 _ _ 0260 1 50 0 _ _ 1 1 20140812152521 24
000001702014054 00000170 2014 05 21 15 5301 _ _ 0260 1 50 0 _ _ 1 1 20140812152521 24
000001702014054 00000170 2014 05 24 15 5301 _ _ 0260 1 50 0 _ _ 1 1 20140812152521 24
000001702014054 00000170 2014 05 28 15 5301 _ _ 0260 1 50 0 _ _ 1 1 20140812152521 24
000001702014054 00000170 2014 05 31 15 5301 _ _ 0260 1 50 0 _ _ 1 1 20140812152521 24
000001702014055 00000170 2014 05 14 15 5611 _ _ 0260 1 -94 0 _ _ 1 1 20140812152521 24
000001702014055 00000170 2014 05 21 15 5611 _ _ 0260 1 -94 0 _ _ 1 1 20140812152521 24
000001702014055 00000170 2014 05 24 15 5611 _ _ 0260 1 -94 0 _ _ 1 1 20140812152521 24
000001702014055 00000170 2014 05 28 15 5611 _ _ 0260 1 -94 0 _ _ 1 1 20140812152521 24
000001702014055 00000170 2014 05 31 15 5611 _ _ 0260 1 -94 0 _ _ 1 1 20140812152521 24
000001702014061 00000170 2014 06 04 15 2441 10:00 17:10 0260 1 695 0 _ _ 1 1 20140702160729 24
000001702014061 00000170 2014 06 07 15 2441 10:00 17:10 0260 1 695 0 _ _ 1 1 20140702160729 24
000001702014061 00000170 2014 06 11 15 2441 10:00 17:10 0260 1 695 0 _ _ 1 1 20140702160729 24
000001702014061 00000170 2014 06 14 15 2441 10:00 17:10 0260 1 695 0 _ _ 1 1 20140702160729 24
000001702014061 00000170 2014 06 18 15 2441 10:00 17:10 0260 1 695 0 _ _ 1 1 20140702160729 24
000001702014061 00000170 2014 06 21 15 2441 10:00 17:10 0260 1 695 0 _ _ 1 1 20140702160729 24
000001702014061 00000170 2014 06 25 15 2441 10:00 17:10 0260 1 695 0 _ _ 1 1 20140702160729 24
000001702014061 00000170 2014 06 28 15 2441 10:00 17:10 0260 1 695 0 _ _ 1 1 20140702160729 24
000001702014062 00000170 2014 06 04 15 5051 _ _ 0260 1 42 0 _ _ 1 1 20140702160729 24
000001702014062 00000170 2014 06 11 15 5051 _ _ 0260 1 42 0 _ _ 1 1 20140702160729 24
000001702014062 00000170 2014 06 18 15 5051 _ _ 0260 1 42 0 _ _ 1 1 20140702160729 24
000001702014062 00000170 2014 06 25 15 5051 _ _ 0260 1 42 0 _ _ 1 1 20140702160729 24
000001702014063 00000170 2014 06 04 15 5052 _ _ 0260 1 50 0 _ _ 1 1 20140702160729 24
000001702014063 00000170 2014 06 07 15 5052 _ _ 0260 1 50 0 _ _ 1 1 20140702160729 24
000001702014063 00000170 2014 06 11 15 5052 _ _ 0260 1 50 0 _ _ 1 1 20140702160729 24
000001702014063 00000170 2014 06 14 15 5052 _ _ 0260 1 50 0 _ _ 1 1 20140702160729 24
000001702014063 00000170 2014 06 18 15 5052 _ _ 0260 1 50 0 _ _ 1 1 20140702160729 24
000001702014063 00000170 2014 06 21 15 5052 _ _ 0260 1 50 0 _ _ 1 1 20140702160729 24
000001702014063 00000170 2014 06 25 15 5052 _ _ 0260 1 50 0 _ _ 1 1 20140702160729 24
000001702014063 00000170 2014 06 28 15 5052 _ _ 0260 1 50 0 _ _ 1 1 20140702160729 24
000001702014064 00000170 2014 06 04 15 5301 _ _ 0260 1 50 0 _ _ 1 1 20140702160729 24
000001702014064 00000170 2014 06 07 15 5301 _ _ 0260 1 50 0 _ _ 1 1 20140702160729 24
000001702014064 00000170 2014 06 11 15 5301 _ _ 0260 1 50 0 _ _ 1 1 20140702160729 24
000001702014064 00000170 2014 06 14 15 5301 _ _ 0260 1 50 0 _ _ 1 1 20140702160729 24
000001702014064 00000170 2014 06 18 15 5301 _ _ 0260 1 50 0 _ _ 1 1 20140702160729 24
000001702014064 00000170 2014 06 21 15 5301 _ _ 0260 1 50 0 _ _ 1 1 20140702160729 24
000001702014064 00000170 2014 06 25 15 5301 _ _ 0260 1 50 0 _ _ 1 1 20140702160729 24
000001702014064 00000170 2014 06 28 15 5301 _ _ 0260 1 50 0 _ _ 1 1 20140702160729 24
000001702014065 00000170 2014 06 04 15 5611 _ _ 0260 1 -94 0 _ _ 1 1 20140702160729 24
000001702014065 00000170 2014 06 07 15 5611 _ _ 0260 1 -94 0 _ _ 1 1 20140702160729 24
000001702014065 00000170 2014 06 11 15 5611 _ _ 0260 1 -94 0 _ _ 1 1 20140702160729 24
000001702014065 00000170 2014 06 14 15 5611 _ _ 0260 1 -94 0 _ _ 1 1 20140702160729 24
000001702014065 00000170 2014 06 18 15 5611 _ _ 0260 1 -94 0 _ _ 1 1 20140702160729 24
000001702014065 00000170 2014 06 21 15 5611 _ _ 0260 1 -94 0 _ _ 1 1 20140702160729 24
000001702014065 00000170 2014 06 25 15 5611 _ _ 0260 1 -94 0 _ _ 1 1 20140702160729 24
000001702014065 00000170 2014 06 28 15 5611 _ _ 0260 1 -94 0 _ _ 1 1 20140702160729 24
000001702014071 00000170 2014 07 02 15 2441 10:00 17:10 0260 1 695 0 _ _ 1 1 20140802180612 24
000001702014071 00000170 2014 07 05 15 2441 10:00 17:10 0260 1 695 0 _ _ 1 1 20140802180612 24
000001702014071 00000170 2014 07 09 15 2441 10:00 17:10 0260 1 695 0 _ _ 1 1 20140802180612 24
000001702014071 00000170 2014 07 12 15 2441 10:00 17:10 0260 1 695 0 _ _ 1 1 20140802180612 24
000001702014071 00000170 2014 07 16 15 2441 10:00 17:10 0260 1 695 0 _ _ 1 1 20140802180612 24
000001702014071 00000170 2014 07 19 15 2441 10:00 17:10 0260 1 695 0 _ _ 1 1 20140802180612 24
000001702014071 00000170 2014 07 23 15 2441 10:00 17:10 0260 1 695 0 _ _ 1 1 20140802180612 24
000001702014071 00000170 2014 07 26 15 2441 10:00 17:10 0260 1 695 0 _ _ 1 1 20140802180612 24
000001702014071 00000170 2014 07 30 15 2441 10:00 17:10 0260 1 695 0 _ _ 1 1 20140802180612 24
000001702014072 00000170 2014 07 02 15 5051 _ _ 0260 1 42 0 _ _ 1 1 20140802180612 24
000001702014072 00000170 2014 07 09 15 5051 _ _ 0260 1 42 0 _ _ 1 1 20140802180612 24
000001702014072 00000170 2014 07 16 15 5051 _ _ 0260 1 42 0 _ _ 1 1 20140802180612 24
000001702014072 00000170 2014 07 23 15 5051 _ _ 0260 1 42 0 _ _ 1 1 20140802180612 24
000001702014072 00000170 2014 07 30 15 5051 _ _ 0260 1 42 0 _ _ 1 1 20140802180612 24
000001702014073 00000170 2014 07 02 15 5052 _ _ 0260 1 50 0 _ _ 1 1 20140802180612 24
000001702014073 00000170 2014 07 05 15 5052 _ _ 0260 1 50 0 _ _ 1 1 20140802180612 24
000001702014073 00000170 2014 07 09 15 5052 _ _ 0260 1 50 0 _ _ 1 1 20140802180612 24
000001702014073 00000170 2014 07 12 15 5052 _ _ 0260 1 50 0 _ _ 1 1 20140802180612 24
000001702014073 00000170 2014 07 16 15 5052 _ _ 0260 1 50 0 _ _ 1 1 20140802180612 24
000001702014073 00000170 2014 07 19 15 5052 _ _ 0260 1 50 0 _ _ 1 1 20140802180612 24
000001702014073 00000170 2014 07 23 15 5052 _ _ 0260 1 50 0 _ _ 1 1 20140802180612 24
000001702014073 00000170 2014 07 26 15 5052 _ _ 0260 1 50 0 _ _ 1 1 20140802180612 24
000001702014073 00000170 2014 07 30 15 5052 _ _ 0260 1 50 0 _ _ 1 1 20140802180612 24
000001702014074 00000170 2014 07 02 15 5301 _ _ 0260 1 50 0 _ _ 1 1 20140802180612 24
000001702014074 00000170 2014 07 05 15 5301 _ _ 0260 1 50 0 _ _ 1 1 20140802180612 24
000001702014074 00000170 2014 07 09 15 5301 _ _ 0260 1 50 0 _ _ 1 1 20140802180612 24
000001702014074 00000170 2014 07 12 15 5301 _ _ 0260 1 50 0 _ _ 1 1 20140802180612 24
000001702014074 00000170 2014 07 16 15 5301 _ _ 0260 1 50 0 _ _ 1 1 20140802180612 24
000001702014074 00000170 2014 07 19 15 5301 _ _ 0260 1 50 0 _ _ 1 1 20140802180612 24
000001702014074 00000170 2014 07 23 15 5301 _ _ 0260 1 50 0 _ _ 1 1 20140802180612 24
000001702014074 00000170 2014 07 26 15 5301 _ _ 0260 1 50 0 _ _ 1 1 20140802180612 24
000001702014074 00000170 2014 07 30 15 5301 _ _ 0260 1 50 0 _ _ 1 1 20140802180612 24
000001702014075 00000170 2014 07 02 15 5611 _ _ 0260 1 -94 0 _ _ 1 1 20140802180612 24
000001702014075 00000170 2014 07 05 15 5611 _ _ 0260 1 -94 0 _ _ 1 1 20140802180612 24
000001702014075 00000170 2014 07 09 15 5611 _ _ 0260 1 -94 0 _ _ 1 1 20140802180612 24
000001702014075 00000170 2014 07 12 15 5611 _ _ 0260 1 -94 0 _ _ 1 1 20140802180612 24
000001702014075 00000170 2014 07 16 15 5611 _ _ 0260 1 -94 0 _ _ 1 1 20140802180612 24
000001702014075 00000170 2014 07 19 15 5611 _ _ 0260 1 -94 0 _ _ 1 1 20140802180612 24
000001702014075 00000170 2014 07 23 15 5611 _ _ 0260 1 -94 0 _ _ 1 1 20140802180612 24
000001702014075 00000170 2014 07 26 15 5611 _ _ 0260 1 -94 0 _ _ 1 1 20140802180612 24
000001702014075 00000170 2014 07 30 15 5611 _ _ 0260 1 -94 0 _ _ 1 1 20140802180612 24
000001702014081 00000170 2014 08 02 15 2441 10:00 17:10 0260 1 695 0 _ _ 1 1 20140904114619 24
000001702014081 00000170 2014 08 06 15 2441 10:00 17:10 0260 1 695 0 _ _ 1 1 20140904114619 24
000001702014081 00000170 2014 08 09 15 2441 10:00 17:10 0260 1 695 0 _ _ 1 1 20140904114619 24
000001702014081 00000170 2014 08 13 15 2441 10:00 17:10 0260 1 695 0 _ _ 1 1 20140904114619 24
000001702014081 00000170 2014 08 16 15 2441 10:00 17:10 0260 1 695 0 _ _ 1 1 20140904114619 24
000001702014081 00000170 2014 08 20 15 2441 10:00 17:10 0260 1 695 0 _ _ 1 1 20140904114619 24
000001702014081 00000170 2014 08 23 15 2441 10:00 17:10 0260 1 695 0 _ _ 1 1 20140904114619 24
000001702014081 00000170 2014 08 27 15 2441 10:00 17:10 0260 1 695 0 _ _ 1 1 20140904114619 24
000001702014081 00000170 2014 08 30 15 2441 10:00 17:10 0260 1 695 0 _ _ 1 1 20140904114619 24
000001702014082 00000170 2014 08 06 15 5051 _ _ 0260 1 42 0 _ _ 1 1 20140904114619 24
000001702014082 00000170 2014 08 13 15 5051 _ _ 0260 1 42 0 _ _ 1 1 20140904114619 24
000001702014082 00000170 2014 08 20 15 5051 _ _ 0260 1 42 0 _ _ 1 1 20140904114619 24
000001702014082 00000170 2014 08 27 15 5051 _ _ 0260 1 42 0 _ _ 1 1 20140904114619 24
000001702014083 00000170 2014 08 02 15 5052 _ _ 0260 1 50 0 _ _ 1 1 20140904114619 24
000001702014083 00000170 2014 08 06 15 5052 _ _ 0260 1 50 0 _ _ 1 1 20140904114619 24
000001702014083 00000170 2014 08 09 15 5052 _ _ 0260 1 50 0 _ _ 1 1 20140904114619 24
000001702014083 00000170 2014 08 13 15 5052 _ _ 0260 1 50 0 _ _ 1 1 20140904114619 24
000001702014083 00000170 2014 08 16 15 5052 _ _ 0260 1 50 0 _ _ 1 1 20140904114619 24
000001702014083 00000170 2014 08 20 15 5052 _ _ 0260 1 50 0 _ _ 1 1 20140904114619 24
000001702014083 00000170 2014 08 23 15 5052 _ _ 0260 1 50 0 _ _ 1 1 20140904114619 24
000001702014083 00000170 2014 08 27 15 5052 _ _ 0260 1 50 0 _ _ 1 1 20140904114619 24
000001702014083 00000170 2014 08 30 15 5052 _ _ 0260 1 50 0 _ _ 1 1 20140904114619 24
000001702014084 00000170 2014 08 02 15 5301 _ _ 0260 1 50 0 _ _ 1 1 20140904114619 24
000001702014084 00000170 2014 08 06 15 5301 _ _ 0260 1 50 0 _ _ 1 1 20140904114619 24
000001702014084 00000170 2014 08 09 15 5301 _ _ 0260 1 50 0 _ _ 1 1 20140904114619 24
000001702014084 00000170 2014 08 13 15 5301 _ _ 0260 1 50 0 _ _ 1 1 20140904114619 24
000001702014084 00000170 2014 08 16 15 5301 _ _ 0260 1 50 0 _ _ 1 1 20140904114619 24
000001702014084 00000170 2014 08 20 15 5301 _ _ 0260 1 50 0 _ _ 1 1 20140904114619 24
000001702014084 00000170 2014 08 23 15 5301 _ _ 0260 1 50 0 _ _ 1 1 20140904114619 24
000001702014084 00000170 2014 08 27 15 5301 _ _ 0260 1 50 0 _ _ 1 1 20140904114619 24
000001702014084 00000170 2014 08 30 15 5301 _ _ 0260 1 50 0 _ _ 1 1 20140904114619 24
000001702014085 00000170 2014 08 02 15 5611 _ _ 0260 1 -94 0 _ _ 1 1 20140904114619 24
000001702014085 00000170 2014 08 06 15 5611 _ _ 0260 1 -94 0 _ _ 1 1 20140904114619 24
000001702014085 00000170 2014 08 09 15 5611 _ _ 0260 1 -94 0 _ _ 1 1 20140904114619 24
000001702014085 00000170 2014 08 13 15 5611 _ _ 0260 1 -94 0 _ _ 1 1 20140904114619 24
000001702014085 00000170 2014 08 16 15 5611 _ _ 0260 1 -94 0 _ _ 1 1 20140904114619 24
000001702014085 00000170 2014 08 20 15 5611 _ _ 0260 1 -94 0 _ _ 1 1 20140904114619 24
000001702014085 00000170 2014 08 23 15 5611 _ _ 0260 1 -94 0 _ _ 1 1 20140904114619 24
000001702014085 00000170 2014 08 27 15 5611 _ _ 0260 1 -94 0 _ _ 1 1 20140904114619 24
000001702014085 00000170 2014 08 30 15 5611 _ _ 0260 1 -94 0 _ _ 1 1 20140904114619 24
000001702014091 00000170 2014 09 03 15 2441 10:00 17:10 0260 1 695 0 _ _ 1 1 20141004140605 24
000001702014091 00000170 2014 09 06 15 2441 10:00 17:10 0260 1 695 0 _ _ 1 1 20141004140605 24
000001702014091 00000170 2014 09 10 15 2441 10:00 17:10 0260 1 695 0 _ _ 1 1 20141004140605 24
000001702014091 00000170 2014 09 13 15 2441 10:00 17:10 0260 1 695 0 _ _ 1 1 20141004140605 24
000001702014091 00000170 2014 09 17 15 2441 10:00 17:10 0260 1 695 0 _ _ 1 1 20141004140605 24
000001702014091 00000170 2014 09 20 15 2441 10:00 17:10 0260 1 695 0 _ _ 1 1 20141004140605 24
000001702014091 00000170 2014 09 24 15 2441 10:00 17:10 0260 1 695 0 _ _ 1 1 20141004140605 24
000001702014091 00000170 2014 09 27 15 2441 10:00 17:10 0260 1 695 0 _ _ 1 1 20141004140605 24
000001702014092 00000170 2014 09 03 15 5051 _ _ 0260 1 42 0 _ _ 1 1 20141004140605 24
000001702014092 00000170 2014 09 10 15 5051 _ _ 0260 1 42 0 _ _ 1 1 20141004140605 24
000001702014092 00000170 2014 09 17 15 5051 _ _ 0260 1 42 0 _ _ 1 1 20141004140605 24
000001702014092 00000170 2014 09 24 15 5051 _ _ 0260 1 42 0 _ _ 1 1 20141004140605 24
000001702014093 00000170 2014 09 03 15 5052 _ _ 0260 1 50 0 _ _ 1 1 20141004140605 24
000001702014093 00000170 2014 09 06 15 5052 _ _ 0260 1 50 0 _ _ 1 1 20141004140605 24
000001702014093 00000170 2014 09 10 15 5052 _ _ 0260 1 50 0 _ _ 1 1 20141004140605 24
000001702014093 00000170 2014 09 13 15 5052 _ _ 0260 1 50 0 _ _ 1 1 20141004140605 24
000001702014093 00000170 2014 09 17 15 5052 _ _ 0260 1 50 0 _ _ 1 1 20141004140605 24
000001702014093 00000170 2014 09 20 15 5052 _ _ 0260 1 50 0 _ _ 1 1 20141004140605 24
000001702014093 00000170 2014 09 24 15 5052 _ _ 0260 1 50 0 _ _ 1 1 20141004140605 24
000001702014093 00000170 2014 09 27 15 5052 _ _ 0260 1 50 0 _ _ 1 1 20141004140605 24
000001702014094 00000170 2014 09 03 15 5301 _ _ 0260 1 50 0 _ _ 1 1 20141004140605 24
000001702014094 00000170 2014 09 06 15 5301 _ _ 0260 1 50 0 _ _ 1 1 20141004140605 24
000001702014094 00000170 2014 09 10 15 5301 _ _ 0260 1 50 0 _ _ 1 1 20141004140605 24
000001702014094 00000170 2014 09 13 15 5301 _ _ 0260 1 50 0 _ _ 1 1 20141004140605 24
000001702014094 00000170 2014 09 17 15 5301 _ _ 0260 1 50 0 _ _ 1 1 20141004140605 24
000001702014094 00000170 2014 09 20 15 5301 _ _ 0260 1 50 0 _ _ 1 1 20141004140605 24
000001702014094 00000170 2014 09 24 15 5301 _ _ 0260 1 50 0 _ _ 1 1 20141004140605 24
000001702014094 00000170 2014 09 27 15 5301 _ _ 0260 1 50 0 _ _ 1 1 20141004140605 24
000001702014095 00000170 2014 09 03 15 5611 _ _ 0260 1 -94 0 _ _ 1 1 20141004140605 24
000001702014095 00000170 2014 09 06 15 5611 _ _ 0260 1 -94 0 _ _ 1 1 20141004140605 24
000001702014095 00000170 2014 09 10 15 5611 _ _ 0260 1 -94 0 _ _ 1 1 20141004140605 24
000001702014095 00000170 2014 09 13 15 5611 _ _ 0260 1 -94 0 _ _ 1 1 20141004140605 24
000001702014095 00000170 2014 09 17 15 5611 _ _ 0260 1 -94 0 _ _ 1 1 20141004140605 24
000001702014095 00000170 2014 09 20 15 5611 _ _ 0260 1 -94 0 _ _ 1 1 20141004140605 24
000001702014095 00000170 2014 09 24 15 5611 _ _ 0260 1 -94 0 _ _ 1 1 20141004140605 24
000001702014095 00000170 2014 09 27 15 5611 _ _ 0260 1 -94 0 _ _ 1 1 20141004140605 24
000001702014101 00000170 2014 10 01 15 2441 10:00 17:10 0260 1 695 0 _ _ 1 1 20141104124110 24
000001702014101 00000170 2014 10 04 15 2441 10:00 17:10 0260 1 695 0 _ _ 1 1 20141104124110 24
000001702014101 00000170 2014 10 08 15 2441 10:00 17:10 0260 1 695 0 _ _ 1 1 20141104124110 24
000001702014101 00000170 2014 10 11 15 2441 10:00 17:10 0260 1 695 0 _ _ 1 1 20141104124110 24
000001702014101 00000170 2014 10 15 15 2441 10:00 17:10 0260 1 695 0 _ _ 1 1 20141104124110 24
000001702014101 00000170 2014 10 18 15 2441 10:00 17:10 0260 1 695 0 _ _ 1 1 20141104124110 24
000001702014101 00000170 2014 10 22 15 2441 10:00 17:10 0260 1 695 0 _ _ 1 1 20141104124110 24
000001702014101 00000170 2014 10 25 15 2441 10:00 17:10 0260 1 695 0 _ _ 1 1 20141104124110 24
000001702014101 00000170 2014 10 29 15 2441 10:00 17:10 0260 1 695 0 _ _ 1 1 20141104124110 24
000001702014102 00000170 2014 10 01 15 5051 _ _ 0260 1 42 0 _ _ 1 1 20141104124110 24
000001702014102 00000170 2014 10 04 15 5051 _ _ 0260 1 42 0 _ _ 1 1 20141104124110 24
000001702014102 00000170 2014 10 08 15 5051 _ _ 0260 1 42 0 _ _ 1 1 20141104124110 24
000001702014102 00000170 2014 10 11 15 5051 _ _ 0260 1 42 0 _ _ 1 1 20141104124110 24
000001702014102 00000170 2014 10 15 15 5051 _ _ 0260 1 42 0 _ _ 1 1 20141104124110 24
000001702014102 00000170 2014 10 18 15 5051 _ _ 0260 1 42 0 _ _ 1 1 20141104124110 24
000001702014102 00000170 2014 10 22 15 5051 _ _ 0260 1 42 0 _ _ 1 1 20141104124110 24
000001702014102 00000170 2014 10 25 15 5051 _ _ 0260 1 42 0 _ _ 1 1 20141104124110 24
000001702014102 00000170 2014 10 29 15 5051 _ _ 0260 1 42 0 _ _ 1 1 20141104124110 24
000001702014103 00000170 2014 10 01 15 5052 _ _ 0260 1 50 0 _ _ 1 1 20141104124110 24
000001702014103 00000170 2014 10 04 15 5052 _ _ 0260 1 50 0 _ _ 1 1 20141104124110 24
000001702014103 00000170 2014 10 08 15 5052 _ _ 0260 1 50 0 _ _ 1 1 20141104124110 24
000001702014103 00000170 2014 10 11 15 5052 _ _ 0260 1 50 0 _ _ 1 1 20141104124110 24
000001702014103 00000170 2014 10 15 15 5052 _ _ 0260 1 50 0 _ _ 1 1 20141104124110 24
000001702014103 00000170 2014 10 18 15 5052 _ _ 0260 1 50 0 _ _ 1 1 20141104124110 24
000001702014103 00000170 2014 10 22 15 5052 _ _ 0260 1 50 0 _ _ 1 1 20141104124110 24
000001702014103 00000170 2014 10 25 15 5052 _ _ 0260 1 50 0 _ _ 1 1 20141104124110 24
000001702014103 00000170 2014 10 29 15 5052 _ _ 0260 1 50 0 _ _ 1 1 20141104124110 24
000001702014104 00000170 2014 10 01 15 5301 _ _ 0260 1 50 0 _ _ 1 1 20141104124110 24
000001702014104 00000170 2014 10 04 15 5301 _ _ 0260 1 50 0 _ _ 1 1 20141104124110 24
000001702014104 00000170 2014 10 08 15 5301 _ _ 0260 1 50 0 _ _ 1 1 20141104124110 24
000001702014104 00000170 2014 10 11 15 5301 _ _ 0260 1 50 0 _ _ 1 1 20141104124110 24
000001702014104 00000170 2014 10 15 15 5301 _ _ 0260 1 50 0 _ _ 1 1 20141104124110 24
000001702014104 00000170 2014 10 18 15 5301 _ _ 0260 1 50 0 _ _ 1 1 20141104124110 24
000001702014104 00000170 2014 10 22 15 5301 _ _ 0260 1 50 0 _ _ 1 1 20141104124110 24
000001702014104 00000170 2014 10 25 15 5301 _ _ 0260 1 50 0 _ _ 1 1 20141104124110 24
000001702014104 00000170 2014 10 29 15 5301 _ _ 0260 1 50 0 _ _ 1 1 20141104124110 24
000001702014105 00000170 2014 10 01 15 5611 _ _ 0260 1 -94 0 _ _ 1 1 20141104124110 24
000001702014105 00000170 2014 10 04 15 5611 _ _ 0260 1 -94 0 _ _ 1 1 20141104124110 24
000001702014105 00000170 2014 10 08 15 5611 _ _ 0260 1 -94 0 _ _ 1 1 20141104124110 24
000001702014105 00000170 2014 10 11 15 5611 _ _ 0260 1 -94 0 _ _ 1 1 20141104124110 24
000001702014105 00000170 2014 10 15 15 5611 _ _ 0260 1 -94 0 _ _ 1 1 20141104124110 24
000001702014105 00000170 2014 10 18 15 5611 _ _ 0260 1 -94 0 _ _ 1 1 20141104124110 24
000001702014105 00000170 2014 10 22 15 5611 _ _ 0260 1 -94 0 _ _ 1 1 20141104124110 24
000001702014105 00000170 2014 10 25 15 5611 _ _ 0260 1 -94 0 _ _ 1 1 20141104124110 24
000001702014105 00000170 2014 10 29 15 5611 _ _ 0260 1 -94 0 _ _ 1 1 20141104124110 24
000001702014111 00000170 2014 11 01 15 2441 10:00 17:10 0260 1 695 0 _ _ 1 1 20141203121649 24
000001702014111 00000170 2014 11 05 15 2441 10:00 17:10 0260 1 695 0 _ _ 1 1 20141203121649 24
000001702014111 00000170 2014 11 08 15 2441 10:00 17:10 0260 1 695 0 _ _ 1 1 20141203121649 24
000001702014111 00000170 2014 11 12 15 2441 10:00 17:10 0260 1 695 0 _ _ 1 1 20141203121649 24
000001702014111 00000170 2014 11 15 15 2441 10:00 17:10 0260 1 695 0 _ _ 1 1 20141203121649 24
000001702014111 00000170 2014 11 19 15 2441 10:00 17:10 0260 1 695 0 _ _ 1 1 20141203121649 24
000001702014111 00000170 2014 11 22 15 2441 10:00 17:10 0260 1 695 0 _ _ 1 1 20141203121649 24
000001702014111 00000170 2014 11 26 15 2441 10:00 17:10 0260 1 695 0 _ _ 1 1 20141203121649 24
000001702014111 00000170 2014 11 29 15 2441 10:00 17:10 0260 1 695 0 _ _ 1 1 20141203121649 24
000001702014112 00000170 2014 11 05 15 5051 _ _ 0260 1 42 0 _ _ 1 1 20141203121649 24
000001702014112 00000170 2014 11 12 15 5051 _ _ 0260 1 42 0 _ _ 1 1 20141203121649 24
000001702014112 00000170 2014 11 19 15 5051 _ _ 0260 1 42 0 _ _ 1 1 20141203121649 24
000001702014112 00000170 2014 11 26 15 5051 _ _ 0260 1 42 0 _ _ 1 1 20141203121649 24
000001702014113 00000170 2014 11 01 15 5052 _ _ 0260 1 50 0 _ _ 1 1 20141203121649 24
000001702014113 00000170 2014 11 05 15 5052 _ _ 0260 1 50 0 _ _ 1 1 20141203121649 24
000001702014113 00000170 2014 11 08 15 5052 _ _ 0260 1 50 0 _ _ 1 1 20141203121649 24
000001702014113 00000170 2014 11 12 15 5052 _ _ 0260 1 50 0 _ _ 1 1 20141203121649 24
000001702014113 00000170 2014 11 15 15 5052 _ _ 0260 1 50 0 _ _ 1 1 20141203121649 24
000001702014113 00000170 2014 11 19 15 5052 _ _ 0260 1 50 0 _ _ 1 1 20141203121649 24
000001702014113 00000170 2014 11 22 15 5052 _ _ 0260 1 50 0 _ _ 1 1 20141203121649 24
000001702014113 00000170 2014 11 26 15 5052 _ _ 0260 1 50 0 _ _ 1 1 20141203121649 24
000001702014113 00000170 2014 11 29 15 5052 _ _ 0260 1 50 0 _ _ 1 1 20141203121649 24
000001702014114 00000170 2014 11 01 15 5301 _ _ 0260 1 50 0 _ _ 1 1 20141203121649 24
000001702014114 00000170 2014 11 05 15 5301 _ _ 0260 1 50 0 _ _ 1 1 20141203121649 24
000001702014114 00000170 2014 11 08 15 5301 _ _ 0260 1 50 0 _ _ 1 1 20141203121649 24
000001702014114 00000170 2014 11 12 15 5301 _ _ 0260 1 50 0 _ _ 1 1 20141203121649 24
000001702014114 00000170 2014 11 15 15 5301 _ _ 0260 1 50 0 _ _ 1 1 20141203121649 24
000001702014114 00000170 2014 11 19 15 5301 _ _ 0260 1 50 0 _ _ 1 1 20141203121649 24
000001702014114 00000170 2014 11 22 15 5301 _ _ 0260 1 50 0 _ _ 1 1 20141203121649 24
000001702014114 00000170 2014 11 26 15 5301 _ _ 0260 1 50 0 _ _ 1 1 20141203121649 24
000001702014114 00000170 2014 11 29 15 5301 _ _ 0260 1 50 0 _ _ 1 1 20141203121649 24
000001702014115 00000170 2014 11 01 15 5611 _ _ 0260 1 -94 0 _ _ 1 1 20141203121649 24
000001702014115 00000170 2014 11 05 15 5611 _ _ 0260 1 -94 0 _ _ 1 1 20141203121649 24
000001702014115 00000170 2014 11 08 15 5611 _ _ 0260 1 -94 0 _ _ 1 1 20141203121649 24
000001702014115 00000170 2014 11 12 15 5611 _ _ 0260 1 -94 0 _ _ 1 1 20141203121649 24
000001702014115 00000170 2014 11 15 15 5611 _ _ 0260 1 -94 0 _ _ 1 1 20141203121649 24
000001702014115 00000170 2014 11 19 15 5611 _ _ 0260 1 -94 0 _ _ 1 1 20141203121649 24
000001702014115 00000170 2014 11 22 15 5611 _ _ 0260 1 -94 0 _ _ 1 1 20141203121649 24
000001702014115 00000170 2014 11 26 15 5611 _ _ 0260 1 -94 0 _ _ 1 1 20141203121649 24
000001702014115 00000170 2014 11 29 15 5611 _ _ 0260 1 -94 0 _ _ 1 1 20141203121649 24
000001702014121 00000170 2014 12 03 15 2441 10:00 17:10 0260 1 695 0 _ _ 1 1 20141115104617 24
000001702014121 00000170 2014 12 06 15 2441 10:00 17:10 0260 1 695 0 _ _ 1 1 20141115104617 24
000001702014121 00000170 2014 12 10 15 2441 10:00 17:10 0260 1 695 0 _ _ 1 1 20141115104617 24
000001702014121 00000170 2014 12 13 15 2441 10:00 17:10 0260 1 695 0 _ _ 1 1 20141115104617 24
000001702014121 00000170 2014 12 17 15 2441 10:00 17:10 0260 1 695 0 _ _ 1 1 20141115104617 24
000001702014121 00000170 2014 12 20 15 2441 10:00 17:10 0260 1 695 0 _ _ 1 1 20141115104617 24
000001702014121 00000170 2014 12 24 15 2441 10:00 17:10 0260 1 695 0 _ _ 1 1 20141115104617 24
000001702014121 00000170 2014 12 27 15 2441 10:00 17:10 0260 1 695 0 _ _ 1 1 20141115104617 24
000001702014122 00000170 2014 12 03 15 5301 _ _ 0260 1 50 0 _ _ 1 1 20141115104617 24
000001702014122 00000170 2014 12 06 15 5301 _ _ 0260 1 50 0 _ _ 1 1 20141115104617 24
000001702014122 00000170 2014 12 10 15 5301 _ _ 0260 1 50 0 _ _ 1 1 20141115104617 24
000001702014122 00000170 2014 12 13 15 5301 _ _ 0260 1 50 0 _ _ 1 1 20141115104617 24
000001702014122 00000170 2014 12 17 15 5301 _ _ 0260 1 50 0 _ _ 1 1 20141115104617 24
000001702014122 00000170 2014 12 20 15 5301 _ _ 0260 1 50 0 _ _ 1 1 20141115104617 24
000001702014122 00000170 2014 12 24 15 5301 _ _ 0260 1 50 0 _ _ 1 1 20141115104617 24
000001702014122 00000170 2014 12 27 15 5301 _ _ 0260 1 50 0 _ _ 1 1 20141115104617 24
000001702014123 00000170 2014 12 03 15 5051 _ _ 0260 1 42 0 _ _ 1 1 20141115104617 24
000001702014123 00000170 2014 12 06 15 5051 _ _ 0260 1 42 0 _ _ 1 1 20141115104617 24
000001702014123 00000170 2014 12 10 15 5051 _ _ 0260 1 42 0 _ _ 1 1 20141115104617 24
000001702014123 00000170 2014 12 13 15 5051 _ _ 0260 1 42 0 _ _ 1 1 20141115104617 24
000001702014123 00000170 2014 12 17 15 5051 _ _ 0260 1 42 0 _ _ 1 1 20141115104617 24
000001702014123 00000170 2014 12 20 15 5051 _ _ 0260 1 42 0 _ _ 1 1 20141115104617 24
000001702014123 00000170 2014 12 24 15 5051 _ _ 0260 1 42 0 _ _ 1 1 20141115104617 24
000001702014123 00000170 2014 12 27 15 5051 _ _ 0260 1 42 0 _ _ 1 1 20141115104617 24
000001702014124 00000170 2014 12 03 15 5052 _ _ 0260 1 50 0 _ _ 1 1 20141115104617 24
000001702014124 00000170 2014 12 06 15 5052 _ _ 0260 1 50 0 _ _ 1 1 20141115104617 24
000001702014124 00000170 2014 12 10 15 5052 _ _ 0260 1 50 0 _ _ 1 1 20141115104617 24
000001702014124 00000170 2014 12 13 15 5052 _ _ 0260 1 50 0 _ _ 1 1 20141115104617 24
000001702014124 00000170 2014 12 17 15 5052 _ _ 0260 1 50 0 _ _ 1 1 20141115104617 24
000001702014124 00000170 2014 12 20 15 5052 _ _ 0260 1 50 0 _ _ 1 1 20141115104617 24
000001702014124 00000170 2014 12 24 15 5052 _ _ 0260 1 50 0 _ _ 1 1 20141115104617 24
000001702014124 00000170 2014 12 27 15 5052 _ _ 0260 1 50 0 _ _ 1 1 20141115104617 24
000001702014125 00000170 2014 12 03 15 5611 _ _ 0260 1 -94 0 _ _ 1 1 20141115104617 24
000001702014125 00000170 2014 12 06 15 5611 _ _ 0260 1 -94 0 _ _ 1 1 20141115104617 24
000001702014125 00000170 2014 12 10 15 5611 _ _ 0260 1 -94 0 _ _ 1 1 20141115104617 24
000001702014125 00000170 2014 12 13 15 5611 _ _ 0260 1 -94 0 _ _ 1 1 20141115104617 24
000001702014125 00000170 2014 12 17 15 5611 _ _ 0260 1 -94 0 _ _ 1 1 20141115104617 24
000001702014125 00000170 2014 12 20 15 5611 _ _ 0260 1 -94 0 _ _ 1 1 20141115104617 24
000001702014125 00000170 2014 12 24 15 5611 _ _ 0260 1 -94 0 _ _ 1 1 20141115104617 24
000001702014125 00000170 2014 12 27 15 5611 _ _ 0260 1 -94 0 _ _ 1 1 20141115104617 24
