000001092014081 00000109 2014 08 01 61 1211 16:20 17:19 0055 1 2452 0 _ _ _ 1 20140804103641 88
000001092014081 00000109 2014 08 05 61 1211 16:20 17:19 0055 1 2452 0 _ _ _ 1 20140804103641 88
000001092014081 00000109 2014 08 08 61 1211 16:20 17:19 0055 1 2452 0 _ _ _ 1 20140804103641 88
000001092014081 00000109 2014 08 12 61 1211 16:20 17:19 0055 1 2452 0 _ _ _ 1 20140804103641 88
000001092014081 00000109 2014 08 15 61 1211 16:20 17:19 0055 1 2452 0 _ _ _ 1 20140804103641 88
000001092014081 00000109 2014 08 19 61 1211 16:20 17:19 0055 1 2452 0 _ _ _ 1 20140804103641 88
000001092014081 00000109 2014 08 22 61 1211 16:20 17:19 0055 1 2452 0 _ _ _ 1 20140804103641 88
000001092014081 00000109 2014 08 26 61 1211 16:20 17:19 0055 1 2452 0 _ _ _ 1 20140804103641 88
000001092014081 00000109 2014 08 29 61 1211 16:20 17:19 0055 1 2452 0 _ _ _ 1 20140804103641 88
000001092014082 00000109 2014 08 01 67 1007 _ _ 0066 1 200 0 _ _ _ 1 20140804103641 88
000001092014083 00000109 2014 08 01 67 1009 _ _ 0066 1 200 0 _ _ _ 1 20140804103641 88
000001092014091 00000109 2014 09 02 61 1211 16:20 17:19 0055 1 2452 0 _ _ _ 1 20140811143844 88
000001092014091 00000109 2014 09 05 61 1211 16:20 17:19 0055 1 2452 0 _ _ _ 1 20140811143844 88
000001092014091 00000109 2014 09 09 61 1211 16:20 17:19 0055 1 2452 0 _ _ _ 1 20140811143844 88
000001092014091 00000109 2014 09 12 61 1211 16:20 17:19 0055 1 2452 0 _ _ _ 1 20140811143844 88
000001092014091 00000109 2014 09 16 61 1211 16:20 17:19 0055 1 2452 0 _ _ _ 1 20140811143844 88
000001092014091 00000109 2014 09 19 61 1211 16:20 17:19 0055 1 2452 0 _ _ _ 1 20140811143844 88
000001092014091 00000109 2014 09 23 61 1211 16:20 17:19 0055 1 2452 0 _ _ _ 1 20140811143844 88
000001092014091 00000109 2014 09 26 61 1211 16:20 17:19 0055 1 2452 0 _ _ _ 1 20140811143844 88
000001092014091 00000109 2014 09 30 61 1211 16:20 17:19 0055 1 2452 0 _ _ _ 1 20140811143844 88
000001092014092 00000109 2014 09 01 67 1007 _ _ 0066 1 200 0 _ _ _ 1 20140811143844 88
000001092014093 00000109 2014 09 01 67 1009 _ _ 0066 1 200 0 _ _ _ 1 20140811143844 88
