1 00000117 2013 12 11 0070 グランクレール・ケアサービス横浜 5111 身体２生活１ 472 0 472 6 2832 0 2832 2832 0 10.84 30698 90 27628 3070 0 n n 0 1 20140701154507 00034
1 00000117 2014 01 11 0070 グランクレール・ケアサービス横浜 5111 身体２生活１ 472 0 472 8 3776 0 3776 3776 0 10.84 40931 90 36837 4094 0 n n 0 1 20140616204326 00034
1 00000117 2014 02 11 0070 グランクレール・ケアサービス横浜 5111 身体２生活１ 472 0 472 8 3776 0 3776 3776 0 10.84 40931 90 36837 4094 0 n n 0 1 20140616205522 00034
1 00000117 2014 03 11 0070 グランクレール・ケアサービス横浜 5111 身体２生活１ 472 0 472 9 4248 0 4248 4248 0 10.84 46048 90 41443 4605 0 n n 0 1 20140617101649 00034
1 00000117 2014 04 11 0070 グランクレール・ケアサービス横浜 5111 身体２生活１ 474 0 474 9 4266 0 4266 4266 0 10.84 46243 90 41618 4625 0 n n 0 1 20140617102755 00034
1 00000117 2014 05 11 0070 グランクレール・ケアサービス横浜 5111 身体２生活１ 474 0 474 9 4266 0 4266 4266 0 10.84 46243 90 41618 4625 0 n n 0 1 20140818154936 00034
1 00000117 2014 06 11 0070 グランクレール・ケアサービス横浜 5111 身体２生活１ 474 0 474 8 3792 0 3792 3792 0 10.84 41105 90 36994 4111 0 n n 0 1 20140701100457 00034
1 00000117 2014 07 11 0070 グランクレール・ケアサービス横浜 5111 身体２生活１ 474 0 474 9 4266 0 4266 4266 0 10.84 46243 90 41618 4625 0 n n 0 1 20140731104812 00035
1 00000117 2014 08 11 0070 グランクレール・ケアサービス横浜 5111 身体２生活１ 474 0 474 10 4740 0 4740 4740 0 10.84 51381 90 46242 5139 0 n n 0 1 20140818132848 00037
2 00000117 2013 12 11 0070 グランクレール・ケアサービス横浜 6271 訪問介護処遇改善加算Ⅰ 113 0 113 1 113 113 0.04 113 0 10.84 1224 90 1101 123 0 a g 0 1 20140701154507 00034
2 00000117 2014 01 11 0070 グランクレール・ケアサービス横浜 6271 訪問介護処遇改善加算Ⅰ 151 0 151 1 151 151 0.04 151 0 10.84 1636 90 1472 164 0 a g 0 1 20140616204326 00034
2 00000117 2014 02 11 0070 グランクレール・ケアサービス横浜 6271 訪問介護処遇改善加算Ⅰ 151 0 151 1 151 151 0.04 151 0 10.84 1636 90 1472 164 0 a g 0 1 20140616205522 00034
2 00000117 2014 03 11 0070 グランクレール・ケアサービス横浜 6271 訪問介護処遇改善加算Ⅰ 170 0 170 1 170 170 0.04 170 0 10.84 1842 90 1657 185 0 a g 0 1 20140617101649 00034
2 00000117 2014 04 11 0070 グランクレール・ケアサービス横浜 6271 訪問介護処遇改善加算Ⅰ 171 0 171 1 171 171 0.04 171 0 10.84 1853 90 1667 186 0 a g 0 1 20140617102755 00034
2 00000117 2014 05 11 0070 グランクレール・ケアサービス横浜 6271 訪問介護処遇改善加算Ⅰ 171 0 171 1 171 171 0.04 171 0 10.84 1853 90 1667 186 0 a g 0 1 20140818154936 00034
2 00000117 2014 06 11 0070 グランクレール・ケアサービス横浜 6271 訪問介護処遇改善加算Ⅰ 152 0 152 1 152 152 0.04 152 0 10.84 1647 90 1482 165 0 a g 0 1 20140701100457 00034
2 00000117 2014 07 11 0070 グランクレール・ケアサービス横浜 6271 訪問介護処遇改善加算Ⅰ 171 0 171 1 171 171 0.04 171 0 10.84 1853 90 1667 186 0 a g 0 1 20140731104812 00035
2 00000117 2014 08 11 0070 グランクレール・ケアサービス横浜 6271 訪問介護処遇改善加算Ⅰ 190 0 190 1 190 190 0.04 190 0 10.84 2059 90 1853 206 0 a g 0 1 20140818132848 00037
