1 00000201 2011 03 11 0029 グランクレール・ケアサービス馬事公苑 1211 身体介護２ 402 0 402 11 4422 0 4422 4422 0 11.26 49791 90 44811 4980 0 n n 0 1 20141128135315 00078
1 00000201 2011 04 11 0029 グランクレール・ケアサービス馬事公苑 1211 身体介護２ 402 0 402 12 4824 0 4824 4824 0 11.26 54318 90 48886 5432 0 n n 0 1 20141128135210 00078
1 00000201 2011 05 11 0029 グランクレール・ケアサービス馬事公苑 1211 身体介護２ 402 0 402 14 5628 0 5628 5628 0 11.26 63371 90 57033 6338 0 n n 0 1 20141128135606 00078
1 00000201 2011 06 11 0029 グランクレール・ケアサービス馬事公苑 1211 身体介護２ 402 0 402 11 4422 0 4422 4422 0 11.26 49791 90 44811 4980 0 n n 0 1 20141128135844 00078
1 00000201 2011 07 11 0029 グランクレール・ケアサービス馬事公苑 1211 身体介護２ 402 0 402 12 4824 0 4824 4824 0 11.26 54318 90 48886 5432 0 n n 0 1 20141128140056 00078
1 00000201 2011 08 11 0029 グランクレール・ケアサービス馬事公苑 1211 身体介護２ 402 0 402 9 3618 0 3618 3618 0 11.26 40738 90 36664 4074 0 n n 0 1 20141128140252 00078
1 00000201 2011 09 11 0029 グランクレール・ケアサービス馬事公苑 1211 身体介護２ 402 0 402 12 4824 0 4824 4824 0 11.26 54318 90 48886 5432 0 n n 0 1 20141128140418 00078
1 00000201 2011 10 11 0029 グランクレール・ケアサービス馬事公苑 1211 身体介護２ 402 0 402 12 4824 0 4824 4824 0 11.26 54318 90 48886 5432 0 n n 0 1 20141128140841 00078
1 00000201 2011 11 11 0029 グランクレール・ケアサービス馬事公苑 1211 身体介護２ 402 0 402 12 4824 0 4824 4824 0 11.26 54318 90 48886 5432 0 n n 0 1 20141126120332 00078
1 00000201 2011 12 11 0029 グランクレール・ケアサービス馬事公苑 1211 身体介護２ 402 0 402 12 4824 0 4824 4824 0 11.26 54318 90 48886 5432 0 n n 0 1 20141125131302 00078
1 00000201 2012 01 11 0029 グランクレール・ケアサービス馬事公苑 1211 身体介護２ 402 0 402 11 4422 0 4422 4422 0 11.26 49791 90 44811 4980 0 n n 0 1 20141121132220 00078
1 00000201 2012 02 11 0029 グランクレール・ケアサービス馬事公苑 1211 身体介護２ 402 0 402 11 4422 0 4422 4422 0 11.26 49791 90 44811 4980 0 n n 0 1 20141119152450 00078
1 00000201 2012 03 11 0029 グランクレール・ケアサービス馬事公苑 1211 身体介護２ 402 0 402 12 4824 0 4824 4824 0 11.26 54318 90 48886 5432 0 n n 0 1 20141112144333 00078
1 00000201 2012 04 11 0029 グランクレール・ケアサービス馬事公苑 1211 身体介護２ 402 0 402 11 4422 0 4422 4422 0 11.26 49791 90 44811 4980 0 n n 0 1 20140710171003 00078
1 00000201 2012 05 11 0029 グランクレール・ケアサービス馬事公苑 1211 身体介護２ 402 0 402 11 4422 0 4422 4422 0 11.26 49791 90 44811 4980 0 n n 0 1 20140710172607 00078
1 00000201 2012 06 11 0029 グランクレール・ケアサービス馬事公苑 1211 身体介護２ 402 0 402 10 4020 0 4020 4020 0 11.26 45265 90 40738 4527 0 n n 0 1 20140710173924 00078
1 00000201 2012 07 11 0029 グランクレール・ケアサービス馬事公苑 1211 身体介護２ 402 0 402 11 4422 0 4422 4422 0 11.26 49791 90 44811 4980 0 n n 0 1 20140710174923 00078
1 00000201 2012 08 11 0029 グランクレール・ケアサービス馬事公苑 1211 身体介護２ 402 0 402 13 5226 0 5226 5226 0 11.26 58844 90 52959 5885 0 n n 0 1 20140710181723 00078
1 00000201 2012 09 11 0029 グランクレール・ケアサービス馬事公苑 1211 身体介護２ 402 0 402 10 4020 0 4020 4020 0 11.26 45265 90 40738 4527 0 n n 0 1 20140710182925 00078
1 00000201 2012 10 11 0029 グランクレール・ケアサービス馬事公苑 1211 身体介護２ 402 0 402 7 2814 0 2814 2814 0 11.26 31685 90 28516 3169 0 n n 0 1 20140710183910 00078
2 00000201 2011 03 11 0029 グランクレール・ケアサービス馬事公苑 7211 生活援助２ 229 0 229 6 1374 0 1374 1374 0 11.26 15471 90 13923 1548 0 n n 0 1 20141128135315 00078
2 00000201 2011 04 11 0029 グランクレール・ケアサービス馬事公苑 7211 生活援助２ 229 0 229 6 1374 0 1374 1374 0 11.26 15471 90 13923 1548 0 n n 0 1 20141128135210 00078
2 00000201 2011 05 11 0029 グランクレール・ケアサービス馬事公苑 7211 生活援助２ 229 0 229 7 1603 0 1603 1603 0 11.26 18049 90 16244 1805 0 n n 0 1 20141128135606 00078
2 00000201 2011 06 11 0029 グランクレール・ケアサービス馬事公苑 7211 生活援助２ 229 0 229 5 1145 0 1145 1145 0 11.26 12892 90 11602 1290 0 n n 0 1 20141128135844 00078
2 00000201 2011 07 11 0029 グランクレール・ケアサービス馬事公苑 7211 生活援助２ 229 0 229 6 1374 0 1374 1374 0 11.26 15471 90 13923 1548 0 n n 0 1 20141128140056 00078
2 00000201 2011 08 11 0029 グランクレール・ケアサービス馬事公苑 7211 生活援助２ 229 0 229 4 916 0 916 916 0 11.26 10314 90 9282 1032 0 n n 0 1 20141128140252 00078
2 00000201 2011 09 11 0029 グランクレール・ケアサービス馬事公苑 7211 生活援助２ 229 0 229 6 1374 0 1374 1374 0 11.26 15471 90 13923 1548 0 n n 0 1 20141128140418 00078
2 00000201 2011 10 11 0029 グランクレール・ケアサービス馬事公苑 7211 生活援助２ 229 0 229 5 1145 0 1145 1145 0 11.26 12892 90 11602 1290 0 n n 0 1 20141128140841 00078
2 00000201 2011 11 11 0029 グランクレール・ケアサービス馬事公苑 7211 生活援助２ 229 0 229 6 1374 0 1374 1374 0 11.26 15471 90 13923 1548 0 n n 0 1 20141126120332 00078
2 00000201 2011 12 11 0029 グランクレール・ケアサービス馬事公苑 7211 生活援助２ 229 0 229 6 1374 0 1374 1374 0 11.26 15471 90 13923 1548 0 n n 0 1 20141125131302 00078
2 00000201 2012 01 11 0029 グランクレール・ケアサービス馬事公苑 7211 生活援助２ 229 0 229 6 1374 0 1374 1374 0 11.26 15471 90 13923 1548 0 n n 0 1 20141121132220 00078
2 00000201 2012 02 11 0029 グランクレール・ケアサービス馬事公苑 7211 生活援助２ 229 0 229 5 1145 0 1145 1145 0 11.26 12892 90 11602 1290 0 n n 0 1 20141119152450 00078
2 00000201 2012 03 11 0029 グランクレール・ケアサービス馬事公苑 7211 生活援助２ 229 0 229 6 1374 0 1374 1374 0 11.26 15471 90 13923 1548 0 n n 0 1 20141112144333 00078
2 00000201 2012 04 11 0029 グランクレール・ケアサービス馬事公苑 7311 生活援助３ 235 0 235 5 1175 0 1175 1175 0 11.26 13230 90 11907 1323 0 n n 0 1 20140710171003 00078
2 00000201 2012 05 11 0029 グランクレール・ケアサービス馬事公苑 7311 生活援助３ 235 0 235 6 1410 0 1410 1410 0 11.26 15876 90 14288 1588 0 n n 0 1 20140710172607 00078
2 00000201 2012 06 11 0029 グランクレール・ケアサービス馬事公苑 7311 生活援助３ 235 0 235 5 1175 0 1175 1175 0 11.26 13230 90 11907 1323 0 n n 0 1 20140710173924 00078
2 00000201 2012 07 11 0029 グランクレール・ケアサービス馬事公苑 7311 生活援助３ 235 0 235 5 1175 0 1175 1175 0 11.26 13230 90 11907 1323 0 n n 0 1 20140710174923 00078
2 00000201 2012 08 11 0029 グランクレール・ケアサービス馬事公苑 7311 生活援助３ 235 0 235 6 1410 0 1410 1410 0 11.26 15876 90 14288 1588 0 n n 0 1 20140710181723 00078
2 00000201 2012 09 11 0029 グランクレール・ケアサービス馬事公苑 7311 生活援助３ 235 0 235 3 705 0 705 705 0 11.26 7938 90 7144 794 0 n n 0 1 20140710182925 00078
2 00000201 2012 10 11 0029 グランクレール・ケアサービス馬事公苑 7311 生活援助３ 235 0 235 3 705 0 705 705 0 11.26 7938 90 7144 794 0 n n 0 1 20140710183910 00078
3 00000201 2012 04 11 0029 グランクレール・ケアサービス馬事公苑 6271 訪問介護処遇改善加算Ⅰ 224 0 224 1 224 224 0.04 224 0 11.26 2522 90 2269 253 0 a g 0 1 20140710171003 00078
3 00000201 2012 05 11 0029 グランクレール・ケアサービス馬事公苑 6271 訪問介護処遇改善加算Ⅰ 233 0 233 1 233 233 0.04 233 0 11.26 2623 90 2360 263 0 a g 0 1 20140710172607 00078
3 00000201 2012 06 11 0029 グランクレール・ケアサービス馬事公苑 6271 訪問介護処遇改善加算Ⅰ 208 0 208 1 208 208 0.04 208 0 11.26 2342 90 2107 235 0 a g 0 1 20140710173924 00078
3 00000201 2012 07 11 0029 グランクレール・ケアサービス馬事公苑 6271 訪問介護処遇改善加算Ⅰ 224 0 224 1 224 224 0.04 224 0 11.26 2522 90 2269 253 0 a g 0 1 20140710174923 00078
3 00000201 2012 08 11 0029 グランクレール・ケアサービス馬事公苑 6271 訪問介護処遇改善加算Ⅰ 265 0 265 1 265 265 0.04 265 0 11.26 2983 90 2684 299 0 a g 0 1 20140710181723 00078
3 00000201 2012 09 11 0029 グランクレール・ケアサービス馬事公苑 6271 訪問介護処遇改善加算Ⅰ 189 0 189 1 189 189 0.04 189 0 11.26 2128 90 1915 213 0 a g 0 1 20140710182925 00078
3 00000201 2012 10 11 0029 グランクレール・ケアサービス馬事公苑 6271 訪問介護処遇改善加算Ⅰ 141 0 141 1 141 141 0.04 141 0 11.26 1587 90 1428 159 0 a g 0 1 20140710183910 00078
