00000201 0029 2011 03 1 1 20141128135315 00078
00000201 0029 2011 04 1 1 20141128135210 00078
00000201 0029 2011 05 1 1 20141128135606 00078
00000201 0029 2011 06 1 1 20141128135844 00078
00000201 0029 2011 07 1 1 20141128140056 00078
00000201 0029 2011 08 1 1 20141128140252 00078
00000201 0029 2011 09 1 1 20141128140418 00078
00000201 0029 2011 10 1 1 20141128140841 00078
00000201 0029 2011 11 1 1 20141126120332 00078
00000201 0029 2011 12 1 1 20141125131302 00078
00000201 0029 2012 01 1 1 20141121132220 00078
00000201 0029 2012 02 1 1 20141119152450 00078
00000201 0029 2012 03 1 1 20141112144333 00078
00000201 0029 2012 04 1 1 20140710171003 00078
00000201 0029 2012 05 1 1 20140710172607 00078
00000201 0029 2012 06 1 1 20140710173924 00078
00000201 0029 2012 07 1 1 20140710174923 00078
00000201 0029 2012 08 1 1 20140710181723 00078
00000201 0029 2012 09 1 1 20140710182925 00078
00000201 0029 2012 10 1 1 20140710183910 00078
