00000201 0029 2011 03 _ 1 20141128135315 00078
00000201 0029 2011 04 _ 1 20141128135210 00078
00000201 0029 2011 05 _ 1 20141128135606 00078
00000201 0029 2011 06 _ 1 20141128135844 00078
00000201 0029 2011 07 _ 1 20141128140056 00078
00000201 0029 2011 08 _ 1 20141128140252 00078
00000201 0029 2011 09 _ 1 20141128140418 00078
00000201 0029 2011 10 _ 1 20141128140841 00078
00000201 0029 2011 11 _ 1 20141126120332 00078
00000201 0029 2011 12 _ 1 20141125131302 00078
00000201 0029 2012 01 _ 1 20141121132220 00078
00000201 0029 2012 02 _ 1 20141119152450 00078
00000201 0029 2012 03 _ 1 20141112144333 00078
00000201 0029 2012 04 _ 1 20140710171003 00078
00000201 0029 2012 05 _ 1 20140710172607 00078
00000201 0029 2012 06 _ 1 20140710173924 00078
00000201 0029 2012 07 _ 1 20140710174923 00078
00000201 0029 2012 08 _ 1 20140710181723 00078
00000201 0029 2012 09 _ 1 20140710182925 00078
00000201 0029 2012 10 _ 1 20140710183910 00078
