00000070 2012 10 1 1 00030 1 20140808121202 00030
00000070 2012 11 1 1 00030 1 20140808121943 00030
00000070 2012 12 1 1 00030 1 20140808122439 00030
00000070 2013 01 1 1 00030 1 20140724172842 00030
00000070 2013 02 1 1 00030 1 20140724173132 00030
00000070 2013 03 1 1 00030 1 20140724173455 00030
00000070 2013 04 1 1 00030 1 20140724173955 00030
00000070 2013 05 1 1 00030 1 20140724174322 00030
00000070 2013 06 1 1 00030 1 20140724174608 00030
00000070 2013 07 1 1 00030 1 20140724175042 00030
