00000066 2013 01 1 1 00030 1 20140724140228 00030
00000066 2013 02 1 1 00030 1 20140724140742 00030
00000066 2013 03 1 1 00030 1 20140724141059 00030
00000066 2013 04 1 1 00030 1 20140724141711 00030
00000066 2013 05 1 1 00030 1 20140724142227 00030
00000066 2013 06 1 1 00030 1 20140724142445 00030
00000066 2013 07 1 1 00030 1 20140724142643 00030
00000066 2013 08 1 1 00030 1 20140724143641 00030
00000066 2013 09 1 1 00013 1 20140626181148 00030
00000066 2013 10 1 1 00013 1 20140626181425 00030
00000066 2013 11 1 1 00013 1 20140626181639 00030
00000066 2013 12 1 1 00013 1 20140626181853 00030
00000066 2014 01 1 1 00013 1 20140612185241 00030
00000066 2014 02 1 1 00013 1 20140612185209 00030
00000066 2014 03 1 1 00013 1 20140612185131 00030
00000066 2014 04 1 1 00013 1 20140612185508 00030
00000066 2014 05 1 1 00013 1 20140812113128 00030
