000000662013011 00000066 2013 01 09 64 2111 09:00 09:40 0013 1 305 0 _ _ 1 1 20140724140228 24
000000662013011 00000066 2013 01 16 64 2111 09:00 09:40 0013 1 305 0 _ _ 1 1 20140724140228 24
000000662013011 00000066 2013 01 23 64 2111 09:00 09:40 0013 1 305 0 _ _ 1 1 20140724140228 24
000000662013011 00000066 2013 01 31 64 2111 09:00 09:40 0013 1 305 0 _ _ 1 1 20140724140228 24
000000662013012 00000066 2013 01 09 64 6101 _ _ 0013 1 6 0 _ _ 1 1 20140724140228 24
000000662013012 00000066 2013 01 16 64 6101 _ _ 0013 1 6 0 _ _ 1 1 20140724140228 24
000000662013012 00000066 2013 01 23 64 6101 _ _ 0013 1 6 0 _ _ 1 1 20140724140228 24
000000662013012 00000066 2013 01 31 64 6101 _ _ 0013 1 6 0 _ _ 1 1 20140724140228 24
000000662013021 00000066 2013 02 07 64 2111 14:00 14:40 0013 1 305 0 _ _ 1 1 20140724140742 24
000000662013021 00000066 2013 02 14 64 2111 14:00 14:40 0013 1 305 0 _ _ 1 1 20140724140742 24
000000662013021 00000066 2013 02 21 64 2111 14:00 14:40 0013 1 305 0 _ _ 1 1 20140724140742 24
000000662013021 00000066 2013 02 28 64 2111 14:00 14:40 0013 1 305 0 _ _ 1 1 20140724140742 24
000000662013022 00000066 2013 02 07 64 6101 _ _ 0013 1 6 0 _ _ 1 1 20140724140742 24
000000662013022 00000066 2013 02 14 64 6101 _ _ 0013 1 6 0 _ _ 1 1 20140724140742 24
000000662013022 00000066 2013 02 21 64 6101 _ _ 0013 1 6 0 _ _ 1 1 20140724140742 24
000000662013022 00000066 2013 02 28 64 6101 _ _ 0013 1 6 0 _ _ 1 1 20140724140742 24
000000662013031 00000066 2013 03 07 64 2111 14:00 14:40 0013 1 305 0 _ _ 1 1 20140724141059 24
000000662013031 00000066 2013 03 14 64 2111 14:00 14:40 0013 1 305 0 _ _ 1 1 20140724141059 24
000000662013031 00000066 2013 03 18 64 2111 14:00 14:40 0013 1 305 0 _ _ 1 1 20140724141059 24
000000662013031 00000066 2013 03 21 64 2111 14:00 14:40 0013 1 305 0 _ _ 1 1 20140724141059 24
000000662013031 00000066 2013 03 28 64 2111 14:00 14:40 0013 1 305 0 _ _ 1 1 20140724141059 24
000000662013032 00000066 2013 03 07 64 6101 _ _ 0013 1 6 0 _ _ 1 1 20140724141059 24
000000662013032 00000066 2013 03 14 64 6101 _ _ 0013 1 6 0 _ _ 1 1 20140724141059 24
000000662013032 00000066 2013 03 18 64 6101 _ _ 0013 1 6 0 _ _ 1 1 20140724141059 24
000000662013032 00000066 2013 03 21 64 6101 _ _ 0013 1 6 0 _ _ 1 1 20140724141059 24
000000662013032 00000066 2013 03 28 64 6101 _ _ 0013 1 6 0 _ _ 1 1 20140724141059 24
000000662013041 00000066 2013 04 04 64 2111 14:00 14:40 0013 1 305 0 _ _ 1 1 20140724141711 24
000000662013041 00000066 2013 04 11 64 2111 14:00 14:40 0013 1 305 0 _ _ 1 1 20140724141711 24
000000662013041 00000066 2013 04 18 64 2111 14:00 14:40 0013 1 305 0 _ _ 1 1 20140724141711 24
000000662013041 00000066 2013 04 25 64 2111 14:00 14:40 0013 1 305 0 _ _ 1 1 20140724141711 24
000000662013042 00000066 2013 04 04 64 6101 _ _ 0013 1 6 0 _ _ 1 1 20140724141711 24
000000662013042 00000066 2013 04 11 64 6101 _ _ 0013 1 6 0 _ _ 1 1 20140724141711 24
000000662013042 00000066 2013 04 18 64 6101 _ _ 0013 1 6 0 _ _ 1 1 20140724141711 24
000000662013042 00000066 2013 04 25 64 6101 _ _ 0013 1 6 0 _ _ 1 1 20140724141711 24
000000662013051 00000066 2013 05 02 64 2111 14:00 14:40 0013 1 305 0 _ _ 1 1 20140724142227 24
000000662013051 00000066 2013 05 09 64 2111 14:00 14:40 0013 1 305 0 _ _ 1 1 20140724142227 24
000000662013051 00000066 2013 05 16 64 2111 14:00 14:40 0013 1 305 0 _ _ 1 1 20140724142227 24
000000662013051 00000066 2013 05 23 64 2111 14:00 14:40 0013 1 305 0 _ _ 1 1 20140724142227 24
000000662013051 00000066 2013 05 30 64 2111 14:00 14:40 0013 1 305 0 _ _ 1 1 20140724142227 24
000000662013052 00000066 2013 05 02 64 6101 _ _ 0013 1 6 0 _ _ 1 1 20140724142227 24
000000662013052 00000066 2013 05 09 64 6101 _ _ 0013 1 6 0 _ _ 1 1 20140724142227 24
000000662013052 00000066 2013 05 16 64 6101 _ _ 0013 1 6 0 _ _ 1 1 20140724142227 24
000000662013052 00000066 2013 05 23 64 6101 _ _ 0013 1 6 0 _ _ 1 1 20140724142227 24
000000662013052 00000066 2013 05 30 64 6101 _ _ 0013 1 6 0 _ _ 1 1 20140724142227 24
000000662013061 00000066 2013 06 06 64 2111 13:20 14:00 0013 1 305 0 _ _ 1 1 20140724142445 24
000000662013061 00000066 2013 06 13 64 2111 13:20 14:00 0013 1 305 0 _ _ 1 1 20140724142445 24
000000662013061 00000066 2013 06 20 64 2111 13:20 14:00 0013 1 305 0 _ _ 1 1 20140724142445 24
000000662013061 00000066 2013 06 27 64 2111 13:20 14:00 0013 1 305 0 _ _ 1 1 20140724142445 24
000000662013062 00000066 2013 06 06 64 6101 _ _ 0013 1 6 0 _ _ 1 1 20140724142445 24
000000662013062 00000066 2013 06 13 64 6101 _ _ 0013 1 6 0 _ _ 1 1 20140724142445 24
000000662013062 00000066 2013 06 20 64 6101 _ _ 0013 1 6 0 _ _ 1 1 20140724142445 24
000000662013062 00000066 2013 06 27 64 6101 _ _ 0013 1 6 0 _ _ 1 1 20140724142445 24
000000662013071 00000066 2013 07 04 64 2111 13:20 14:00 0013 1 305 0 _ _ 1 1 20140724142643 24
000000662013071 00000066 2013 07 11 64 2111 13:20 14:00 0013 1 305 0 _ _ 1 1 20140724142643 24
000000662013071 00000066 2013 07 18 64 2111 13:20 14:00 0013 1 305 0 _ _ 1 1 20140724142643 24
000000662013071 00000066 2013 07 25 64 2111 13:20 14:00 0013 1 305 0 _ _ 1 1 20140724142643 24
000000662013072 00000066 2013 07 04 64 6101 _ _ 0013 1 6 0 _ _ 1 1 20140724142643 24
000000662013072 00000066 2013 07 11 64 6101 _ _ 0013 1 6 0 _ _ 1 1 20140724142643 24
000000662013072 00000066 2013 07 18 64 6101 _ _ 0013 1 6 0 _ _ 1 1 20140724142643 24
000000662013072 00000066 2013 07 25 64 6101 _ _ 0013 1 6 0 _ _ 1 1 20140724142643 24
000000662013081 00000066 2013 08 01 64 2111 13:20 14:00 0013 1 305 0 _ _ 1 1 20140724143641 24
000000662013081 00000066 2013 08 08 64 2111 13:20 14:00 0013 1 305 0 _ _ 1 1 20140724143641 24
000000662013081 00000066 2013 08 15 64 2111 13:20 14:00 0013 1 305 0 _ _ 1 1 20140724143641 24
000000662013081 00000066 2013 08 22 64 2111 13:20 14:00 0013 1 305 0 _ _ 1 1 20140724143641 24
000000662013081 00000066 2013 08 29 64 2111 13:20 14:00 0013 1 305 0 _ _ 1 1 20140724143641 24
000000662013082 00000066 2013 08 01 64 6101 _ _ 0013 1 6 0 _ _ 1 1 20140724143641 24
000000662013082 00000066 2013 08 08 64 6101 _ _ 0013 1 6 0 _ _ 1 1 20140724143641 24
000000662013082 00000066 2013 08 15 64 6101 _ _ 0013 1 6 0 _ _ 1 1 20140724143641 24
000000662013082 00000066 2013 08 22 64 6101 _ _ 0013 1 6 0 _ _ 1 1 20140724143641 24
000000662013082 00000066 2013 08 29 64 6101 _ _ 0013 1 6 0 _ _ 1 1 20140724143641 24
000000662013091 00000066 2013 09 12 64 2111 13:20 14:00 0013 1 305 0 _ _ 1 1 20140626181148 24
000000662013091 00000066 2013 09 19 64 2111 13:20 14:00 0013 1 305 0 _ _ 1 1 20140626181148 24
000000662013091 00000066 2013 09 26 64 2111 13:20 14:00 0013 1 305 0 _ _ 1 1 20140626181148 24
000000662013092 00000066 2013 09 12 64 6101 _ _ 0013 1 6 0 _ _ 1 1 20140626181148 24
000000662013092 00000066 2013 09 19 64 6101 _ _ 0013 1 6 0 _ _ 1 1 20140626181148 24
000000662013092 00000066 2013 09 26 64 6101 _ _ 0013 1 6 0 _ _ 1 1 20140626181148 24
000000662013101 00000066 2013 10 03 64 2111 13:20 14:00 0013 1 305 0 _ _ 1 1 20140626181425 24
000000662013101 00000066 2013 10 10 64 2111 13:20 14:00 0013 1 305 0 _ _ 1 1 20140626181425 24
000000662013101 00000066 2013 10 17 64 2111 13:20 14:00 0013 1 305 0 _ _ 1 1 20140626181425 24
000000662013101 00000066 2013 10 24 64 2111 13:20 14:00 0013 1 305 0 _ _ 1 1 20140626181425 24
000000662013101 00000066 2013 10 31 64 2111 13:20 14:00 0013 1 305 0 _ _ 1 1 20140626181425 24
000000662013102 00000066 2013 10 03 64 6101 _ _ 0013 1 6 0 _ _ 1 1 20140626181425 24
000000662013102 00000066 2013 10 10 64 6101 _ _ 0013 1 6 0 _ _ 1 1 20140626181425 24
000000662013102 00000066 2013 10 17 64 6101 _ _ 0013 1 6 0 _ _ 1 1 20140626181425 24
000000662013102 00000066 2013 10 24 64 6101 _ _ 0013 1 6 0 _ _ 1 1 20140626181425 24
000000662013102 00000066 2013 10 31 64 6101 _ _ 0013 1 6 0 _ _ 1 1 20140626181425 24
000000662013111 00000066 2013 11 07 64 2111 13:20 14:00 0013 1 305 0 _ _ 1 1 20140626181639 24
000000662013111 00000066 2013 11 14 64 2111 13:20 14:00 0013 1 305 0 _ _ 1 1 20140626181639 24
000000662013111 00000066 2013 11 21 64 2111 13:20 14:00 0013 1 305 0 _ _ 1 1 20140626181639 24
000000662013111 00000066 2013 11 28 64 2111 13:20 14:00 0013 1 305 0 _ _ 1 1 20140626181639 24
000000662013112 00000066 2013 11 07 64 6101 _ _ 0013 1 6 0 _ _ 1 1 20140626181639 24
000000662013112 00000066 2013 11 14 64 6101 _ _ 0013 1 6 0 _ _ 1 1 20140626181639 24
000000662013112 00000066 2013 11 21 64 6101 _ _ 0013 1 6 0 _ _ 1 1 20140626181639 24
000000662013112 00000066 2013 11 28 64 6101 _ _ 0013 1 6 0 _ _ 1 1 20140626181639 24
000000662013121 00000066 2013 12 05 64 2111 13:20 14:00 0013 1 305 0 _ _ 1 1 20140626181853 24
000000662013121 00000066 2013 12 12 64 2111 13:20 14:00 0013 1 305 0 _ _ 1 1 20140626181853 24
000000662013121 00000066 2013 12 19 64 2111 13:20 14:00 0013 1 305 0 _ _ 1 1 20140626181853 24
000000662013121 00000066 2013 12 26 64 2111 13:20 14:00 0013 1 305 0 _ _ 1 1 20140626181853 24
000000662013122 00000066 2013 12 05 64 6101 _ _ 0013 1 6 0 _ _ 1 1 20140626181853 24
000000662013122 00000066 2013 12 12 64 6101 _ _ 0013 1 6 0 _ _ 1 1 20140626181853 24
000000662013122 00000066 2013 12 19 64 6101 _ _ 0013 1 6 0 _ _ 1 1 20140626181853 24
000000662013122 00000066 2013 12 26 64 6101 _ _ 0013 1 6 0 _ _ 1 1 20140626181853 24
000000662014011 00000066 2014 01 09 64 2111 13:20 14:00 0013 1 305 0 _ _ 1 1 20140612185241 24
000000662014011 00000066 2014 01 16 64 2111 13:20 14:00 0013 1 305 0 _ _ 1 1 20140612185241 24
000000662014011 00000066 2014 01 23 64 2111 13:20 14:00 0013 1 305 0 _ _ 1 1 20140612185241 24
000000662014011 00000066 2014 01 30 64 2111 13:20 14:00 0013 1 305 0 _ _ 1 1 20140612185241 24
000000662014012 00000066 2014 01 09 64 6101 _ _ 0013 1 6 0 _ _ 1 1 20140612185241 24
000000662014012 00000066 2014 01 16 64 6101 _ _ 0013 1 6 0 _ _ 1 1 20140612185241 24
000000662014012 00000066 2014 01 23 64 6101 _ _ 0013 1 6 0 _ _ 1 1 20140612185241 24
000000662014012 00000066 2014 01 30 64 6101 _ _ 0013 1 6 0 _ _ 1 1 20140612185241 24
000000662014021 00000066 2014 02 06 64 2111 13:20 14:00 0013 1 305 0 _ _ 1 1 20140612185209 24
000000662014021 00000066 2014 02 13 64 2111 13:20 14:00 0013 1 305 0 _ _ 1 1 20140612185209 24
000000662014021 00000066 2014 02 20 64 2111 13:20 14:00 0013 1 305 0 _ _ 1 1 20140612185209 24
000000662014021 00000066 2014 02 27 64 2111 13:20 14:00 0013 1 305 0 _ _ 1 1 20140612185209 24
000000662014022 00000066 2014 02 06 64 6101 _ _ 0013 1 6 0 _ _ 1 1 20140612185209 24
000000662014022 00000066 2014 02 13 64 6101 _ _ 0013 1 6 0 _ _ 1 1 20140612185209 24
000000662014022 00000066 2014 02 20 64 6101 _ _ 0013 1 6 0 _ _ 1 1 20140612185209 24
000000662014022 00000066 2014 02 27 64 6101 _ _ 0013 1 6 0 _ _ 1 1 20140612185209 24
000000662014031 00000066 2014 03 06 64 2111 13:20 14:00 0013 1 305 0 _ _ 1 1 20140612185131 24
000000662014031 00000066 2014 03 13 64 2111 13:20 14:00 0013 1 305 0 _ _ 1 1 20140612185131 24
000000662014031 00000066 2014 03 20 64 2111 13:20 14:00 0013 1 305 0 _ _ 1 1 20140612185131 24
000000662014031 00000066 2014 03 27 64 2111 13:20 14:00 0013 1 305 0 _ _ 1 1 20140612185131 24
000000662014032 00000066 2014 03 06 64 6101 _ _ 0013 1 6 0 _ _ 1 1 20140612185131 24
000000662014032 00000066 2014 03 13 64 6101 _ _ 0013 1 6 0 _ _ 1 1 20140612185131 24
000000662014032 00000066 2014 03 20 64 6101 _ _ 0013 1 6 0 _ _ 1 1 20140612185131 24
000000662014032 00000066 2014 03 27 64 6101 _ _ 0013 1 6 0 _ _ 1 1 20140612185131 24
000000662014041 00000066 2014 04 03 64 2111 13:20 14:00 0013 1 307 0 _ _ 1 1 20140612185508 24
000000662014041 00000066 2014 04 10 64 2111 13:20 14:00 0013 1 307 0 _ _ 1 1 20140612185508 24
000000662014041 00000066 2014 04 17 64 2111 13:20 14:00 0013 1 307 0 _ _ 1 1 20140612185508 24
000000662014041 00000066 2014 04 24 64 2111 13:20 14:00 0013 1 307 0 _ _ 1 1 20140612185508 24
000000662014042 00000066 2014 04 03 64 6101 _ _ 0013 1 6 0 _ _ 1 1 20140612185508 24
000000662014042 00000066 2014 04 10 64 6101 _ _ 0013 1 6 0 _ _ 1 1 20140612185508 24
000000662014042 00000066 2014 04 17 64 6101 _ _ 0013 1 6 0 _ _ 1 1 20140612185508 24
000000662014042 00000066 2014 04 24 64 6101 _ _ 0013 1 6 0 _ _ 1 1 20140612185508 24
000000662014051 00000066 2014 05 01 64 2111 13:20 14:00 0013 1 307 0 _ _ 1 1 20140812113128 24
000000662014051 00000066 2014 05 08 64 2111 13:20 14:00 0013 1 307 0 _ _ 1 1 20140812113128 24
000000662014051 00000066 2014 05 15 64 2111 13:20 14:00 0013 1 307 0 _ _ 1 1 20140812113128 24
000000662014051 00000066 2014 05 22 64 2111 13:20 14:00 0013 1 307 0 _ _ 1 1 20140812113128 24
000000662014051 00000066 2014 05 29 64 2111 13:20 14:00 0013 1 307 0 _ _ 1 1 20140812113128 24
000000662014052 00000066 2014 05 01 64 6101 _ _ 0013 1 6 0 _ _ 1 1 20140812113128 24
000000662014052 00000066 2014 05 08 64 6101 _ _ 0013 1 6 0 _ _ 1 1 20140812113128 24
000000662014052 00000066 2014 05 15 64 6101 _ _ 0013 1 6 0 _ _ 1 1 20140812113128 24
000000662014052 00000066 2014 05 22 64 6101 _ _ 0013 1 6 0 _ _ 1 1 20140812113128 24
000000662014052 00000066 2014 05 29 64 6101 _ _ 0013 1 6 0 _ _ 1 1 20140812113128 24
