00000226 00002 00002 05 _ _ _ 1 0 0 0 _ _ 0 0 9 20140817113626 00049
00000226 00002 00003 05 _ _ _ 1 0 0 0 _ _ 0 0 9 20140817113626 00049
00000226 00002 00004 05 _ _ _ 1 0 0 0 _ _ 0 0 9 20140817113626 00049
00000226 00003 00002 05 26 8 平成26年8月31日 1 0 0 0 _ 今月は自費の散歩は中止しているため、パーソナルトレーニングを行なっております。腰の具合は変わらず見られております。 0 0 1 20140817113409 00049
00000226 00003 00003 05 _ _ _ 1 0 0 0 _ _ 0 0 1 20140817113409 00049
00000226 00003 00004 05 _ _ _ 1 0 0 0 _ _ 0 0 1 20140817113409 00049
00000226 00004 00002 05 26 8 平成26年8月31日 1 0 1 0 _ 今月は自費の散歩は中止しているため、パーソナルトレーニングを行なっております。腰の具合は変わらず見られております。2日(土)はお腹の調子を崩されましたが、その後はお変わりなく過ごされております。また、腰の状態が良くないとの事で、12日、19日はパーソナルトレーニングを中止しております。26日は無理の無い範囲でトレーニングを行なえたと喜んでおられました。ご自宅で運動をするため、昇降台を購入されたの事で、こちらも無理の無い範囲で行なっておられます。 0 0 1 20141030195314 00049
00000226 00004 00003 05 26 9 平成26年9月30日 1 0 1 0 _ 別紙参照 0 0 1 20141030195314 00049
00000226 00004 00004 05 26 10 平成26年10月31日 1 0 1 1 _ 腰椎圧迫骨折のため、現在自費サービスと併用し通常サービスを行っております。14日予定していた関中HP受診は、ご家族様と三浦Drと相談し延期となっております。自費サービスについては、居室内の環境整備やシャワー浴対応等幅広く実施しております。現在も坐薬と湿布、痛み止めを内服しております。28日腹部周りの痛みがあるとの事。肋間神経痛ではないかと三浦Dr、訪問マッサージの方からお話をうけたとの事。今月は思った以上に良くならないと気にされておりました。そのため、来月中旬まで自費サービス（朝・日中）をお願いしたいと依頼を受け、今後も朝30分、午後１時間の枠を提供していきます。 0 0 1 20141030195314 00049
00000226 00005 00005 05 26 11 平成26年11月30日 1 0 1 0 _ 胸椎圧迫骨折後の状況は、少しずつ回復しておりますが依然として痛みは聞かれております。来月より要介護2となり、入浴サービスも開始する事となりました。27日は関東HP受診されMRIの検査に行かれております。結果は来月の17日にわかるため、再度関東HP受診されるとの事です。 0 0 1 20141208135847 00049
00000226 00005 00006 05 26 12 平成26年12月31日 4 0 1 0 _ 今月より、入浴開始しておりますが、ご自身のペースで入浴できております。また掃除の時間も早まり開始しておりますが問題ございません。保険外で自費サービスを行っておりますが、掃除や買い物等行っております。今後も状況を確認しながら実施していきます。 0 0 1 20141208135847 00049
00000226 00005 00007 05 _ _ _ 1 0 0 0 _ _ 0 0 1 20141208135847 00049
