00000034 2011 09 3 16580 1 20141103143804 00077
00000034 2011 10 3 16580 1 20141103144947 00077
00000034 2011 11 3 16580 1 20141103150541 00077
00000034 2011 12 3 16580 1 20141103150828 00077
00000034 2012 01 3 16580 1 20141016162012 00077
00000034 2012 02 3 16580 1 20141016162432 00077
00000034 2012 03 3 16580 1 20141016162655 00077
00000034 2012 04 3 16580 1 20140801183429 00030
00000034 2012 05 3 16580 1 20140801183600 00030
00000034 2012 06 3 16580 1 20140801183858 00030
00000034 2012 07 3 16580 1 20140801184326 00030
00000034 2012 08 3 16580 1 20140801184235 00030
00000034 2012 09 3 16580 1 20140801184712 00030
00000034 2012 10 3 16580 1 20140801184846 00030
00000034 2012 11 3 16580 1 20140801185020 00030
00000034 2012 12 3 16580 1 20140801185103 00030
00000034 2013 01 3 16580 1 20140722150242 00030
00000034 2013 02 3 16580 1 20140722151139 00030
00000034 2013 03 3 16580 1 20140722151742 00030
00000034 2013 04 3 16580 1 20140722153353 00030
00000034 2013 05 3 16580 1 20140722153741 00030
00000034 2013 06 3 16580 1 20140722154242 00030
00000034 2013 07 3 16580 1 20140722154635 00030
00000034 2013 08 3 16580 1 20140722155142 00030
00000034 2013 09 3 16580 1 20140625173020 00030
00000034 2013 10 3 16580 1 20140625174903 00030
00000034 2013 11 3 16580 1 20140625175155 00030
00000034 2013 12 3 16580 1 20140625175426 00030
00000034 2014 01 3 16580 1 20140724121924 00078
00000034 2014 02 3 16580 1 20140616211552 00078
00000034 2014 03 3 16580 1 20140616211524 00078
00000034 2014 04 3 16692 1 20140616211437 00078
00000034 2014 05 3 16692 1 20140811180558 00030
00000034 2014 06 3 16692 1 20140702171255 00031
00000034 2014 07 3 16692 1 20140804103506 00031
00000034 2014 08 3 16692 1 20140901115133 00031
00000034 2014 09 3 16692 1 20141003174330 00031
00000034 2014 10 3 16692 1 20141103110625 00031
00000034 2014 11 3 16692 1 20141202184835 00031
00000034 2014 12 3 16692 1 20141115130635 00031
