00000034 2011 09 1 1 00031 1 20141103143539 00077
00000034 2011 10 1 1 00031 1 20141103144936 00077
00000034 2011 11 1 1 00031 1 20141103150457 00077
00000034 2011 12 1 1 00031 1 20141103150816 00077
00000034 2012 01 1 1 00031 1 20141016161954 00077
00000034 2012 02 1 1 00031 1 20141016162331 00077
00000034 2012 03 1 1 00031 1 20141016162638 00077
00000034 2012 04 1 1 00031 1 20140801183417 00030
00000034 2012 05 1 1 00031 1 20140801183540 00030
00000034 2012 06 1 1 00031 1 20140801183846 00030
00000034 2012 07 1 1 00031 1 20140801184050 00030
00000034 2012 08 1 1 00031 1 20140801184222 00030
00000034 2012 09 1 1 00031 1 20140801184645 00030
00000034 2012 10 1 1 00031 1 20140801184813 00030
00000034 2012 11 1 1 00031 1 20140801184940 00030
00000034 2012 12 1 1 00031 1 20140801185051 00030
00000034 2013 01 1 1 00031 1 20140722150232 00030
00000034 2013 02 1 1 00031 1 20140722151125 00030
00000034 2013 03 1 1 00031 1 20140722151723 00030
00000034 2013 04 1 1 00031 1 20140722153341 00030
00000034 2013 05 1 1 00031 1 20140722153712 00030
00000034 2013 06 1 1 00031 1 20140722154122 00030
00000034 2013 07 1 _ 00031 1 20140722154605 00030
00000034 2013 08 1 1 00031 1 20140722155129 00030
00000034 2013 09 1 1 00031 1 20140625173008 00030
00000034 2013 10 1 1 00031 1 20140625174849 00030
00000034 2013 11 1 1 00031 1 20140625175128 00030
00000034 2013 12 1 1 00031 1 20140625175415 00030
00000034 2014 01 1 1 00031 1 20140724121908 00078
00000034 2014 02 1 1 00031 1 20140616211537 00078
00000034 2014 03 1 1 00031 1 20140616211509 00078
00000034 2014 04 1 1 00031 1 20140616204305 00078
00000034 2014 05 1 1 00031 1 20140811180526 00030
00000034 2014 06 1 1 00031 1 20140702171203 00031
00000034 2014 07 1 1 00031 1 20140804103356 00031
00000034 2014 08 1 1 00031 1 20140901115016 00031
00000034 2014 09 1 1 00031 1 20141003174224 00031
00000034 2014 10 1 1 00031 1 20141103110526 00031
00000034 2014 11 1 1 00031 1 20141202184744 00031
00000034 2014 12 1 _ 00031 1 20141115130614 00031
