00000051 2012 04 00033 1 20140804184854 00030
00000051 2012 05 00033 1 20140804185331 00030
00000051 2012 06 00033 1 20140806113527 00030
00000051 2012 07 00033 1 20140806114425 00030
00000051 2012 08 00033 1 20140806114843 00030
00000051 2012 09 00033 1 20140806115419 00030
00000051 2012 10 00033 1 20140806115828 00030
00000051 2012 11 00033 1 20140806120231 00030
00000051 2012 12 00033 1 20140806120555 00030
00000051 2013 01 00033 1 20140723121622 00030
00000051 2013 02 00033 1 20140723122101 00030
00000051 2013 03 00033 1 20140723122523 00030
00000051 2013 04 00033 1 20140723122847 00030
00000051 2013 05 00033 1 20140723133441 00030
00000051 2013 06 00033 1 20140723133743 00030
00000051 2013 07 00033 1 20140723134210 00030
00000051 2013 08 00033 1 20140723134623 00030
00000051 2013 09 00033 1 20140626120237 00030
00000051 2013 10 00033 1 20140626120807 00030
00000051 2013 11 00033 1 20140626121337 00030
00000051 2013 12 00033 1 20140626122054 00030
00000051 2014 01 00033 1 20140618160206 00078
00000051 2014 02 00033 1 20140618160248 00078
00000051 2014 03 00033 1 20140618160310 00078
00000051 2014 04 00033 1 20140618160347 00078
00000051 2014 05 00033 1 20140815174220 00030
00000051 2014 06 00033 1 20140702144027 00033
00000051 2014 07 00033 1 20140804131541 00033
00000051 2014 08 00033 1 20140720111524 00033
