1 00000204 2014 03 11 0029 グランクレール・ケアサービス馬事公苑 1111 身体介護１ 254 0 254 30 7620 0 7620 7620 0 11.26 85801 90 77220 8581 0 n n 0 1 20140618183416 00078
1 00000213 2014 03 11 0029 グランクレール・ケアサービス馬事公苑 1211 身体介護２ 402 0 402 12 4824 0 4824 4824 0 11.26 54318 90 48886 5432 0 n n 0 1 20140729103900 00078
1 00000215 2014 03 11 0029 グランクレール・ケアサービス馬事公苑 7311 生活援助３ 235 0 235 5 1175 0 1175 1175 0 11.26 13230 90 11907 1323 0 n n 0 1 20140619133456 00078
1 00000216 2014 03 11 0029 グランクレール・ケアサービス馬事公苑 1211 身体介護２ 402 0 402 14 5628 0 5628 5628 0 11.26 63371 90 57033 6338 0 n n 0 1 20140619145339 00078
1 00000230 2014 03 11 0029 グランクレール・ケアサービス馬事公苑 1112 身体介護１・夜 318 0 318 21 6678 0 6678 6678 0 11.26 75194 90 67674 7520 0 n n 0 1 20140617212145 00049
1 00000235 2014 03 11 0029 グランクレール・ケアサービス馬事公苑 7311 生活援助３ 235 0 235 4 940 0 940 940 0 11.26 10584 90 9525 1059 0 n n 0 1 20140617195603 00049
1 00000240 2014 03 11 0029 グランクレール・ケアサービス馬事公苑 7211 生活援助２ 190 0 190 19 3610 0 3610 3610 0 11.26 40648 90 36583 4065 0 n n 0 1 20140617185050 00049
1 00000247 2014 03 11 0029 グランクレール・ケアサービス馬事公苑 7311 生活援助３ 235 0 235 4 940 0 940 940 0 11.26 10584 90 9525 1059 0 n n 0 1 20140617174342 00049
1 00000248 2014 03 11 0029 グランクレール・ケアサービス馬事公苑 1211 身体介護２ 402 0 402 8 3216 0 3216 3216 0 11.26 36212 90 32590 3622 0 n n 0 1 20140617165852 00049
2 00000204 2014 03 11 0029 グランクレール・ケアサービス馬事公苑 1112 身体介護１・夜 318 0 318 26 8268 0 8268 8268 0 11.26 93097 90 83787 9310 0 n n 0 1 20140618183416 00078
2 00000213 2014 03 11 0029 グランクレール・ケアサービス馬事公苑 7311 生活援助３ 235 0 235 9 2115 0 2115 2115 0 11.26 23814 90 21432 2382 0 n n 0 1 20140729103900 00078
2 00000215 2014 03 11 0029 グランクレール・ケアサービス馬事公苑 6271 訪問介護処遇改善加算Ⅰ 47 0 47 1 47 47 0.04 47 0 11.26 529 90 476 53 0 a g 0 1 20140619133456 00078
2 00000216 2014 03 11 0029 グランクレール・ケアサービス馬事公苑 7311 生活援助３ 235 0 235 3 705 0 705 705 0 11.26 7938 90 7144 794 0 n n 0 1 20140619145339 00078
2 00000230 2014 03 11 0029 グランクレール・ケアサービス馬事公苑 6271 訪問介護処遇改善加算Ⅰ 267 0 267 1 267 267 0.04 267 0 11.26 3006 90 2705 301 0 a g 0 1 20140617212145 00049
2 00000235 2014 03 11 0029 グランクレール・ケアサービス馬事公苑 6271 訪問介護処遇改善加算Ⅰ 38 0 38 1 38 38 0.04 38 0 11.26 427 90 384 43 0 a g 0 1 20140617195603 00049
2 00000240 2014 03 11 0029 グランクレール・ケアサービス馬事公苑 7311 生活援助３ 235 0 235 2 470 0 470 470 0 11.26 5292 90 4762 530 0 n n 0 1 20140617185050 00049
2 00000247 2014 03 11 0029 グランクレール・ケアサービス馬事公苑 6271 訪問介護処遇改善加算Ⅰ 38 0 38 1 38 38 0.04 38 0 11.26 427 90 384 43 0 a g 0 1 20140617174342 00049
2 00000248 2014 03 11 0029 グランクレール・ケアサービス馬事公苑 7211 生活援助２ 190 0 190 5 950 0 950 950 0 11.26 10697 90 9627 1070 0 n n 0 1 20140617165852 00049
3 00000204 2014 03 11 0029 グランクレール・ケアサービス馬事公苑 4111 身体１生活１ 324 0 324 5 1620 0 1620 1620 0 11.26 18241 90 16416 1825 0 n n 0 1 20140618183416 00078
3 00000213 2014 03 11 0029 グランクレール・ケアサービス馬事公苑 6271 訪問介護処遇改善加算Ⅰ 278 0 278 1 278 278 0.04 278 0 11.26 3130 90 2817 313 0 a g 0 1 20140729103900 00078
3 00000216 2014 03 11 0029 グランクレール・ケアサービス馬事公苑 6271 訪問介護処遇改善加算Ⅰ 253 0 253 1 253 253 0.04 253 0 11.26 2848 90 2563 285 0 a g 0 1 20140619145339 00078
3 00000240 2014 03 11 0029 グランクレール・ケアサービス馬事公苑 6271 訪問介護処遇改善加算Ⅰ 163 0 163 1 163 163 0.04 163 0 11.26 1835 90 1651 184 0 a g 0 1 20140617185050 00049
3 00000248 2014 03 11 0029 グランクレール・ケアサービス馬事公苑 6271 訪問介護処遇改善加算Ⅰ 167 0 167 1 167 167 0.04 167 0 11.26 1880 90 1692 188 0 a g 0 1 20140617165852 00049
4 00000204 2014 03 11 0029 グランクレール・ケアサービス馬事公苑 6271 訪問介護処遇改善加算Ⅰ 700 0 700 1 700 700 0.04 700 0 11.26 7882 90 7093 789 0 a g 0 1 20140618183416 00078
