00000120 2013 12 1 1 00013 1 20140701162146 00030
00000120 2014 01 1 1 00013 1 20140617120938 00030
00000120 2014 02 1 1 00013 1 20140617121156 00030
00000120 2014 03 1 1 00013 1 20140617121525 00030
00000120 2014 04 1 1 00013 1 20140617121751 00030
00000120 2014 05 1 1 00013 1 20140818162031 00030
00000120 2014 06 _ 1 00013 1 20140703180957 00013
00000120 2014 07 1 1 00013 1 20140802145806 00013
00000120 2014 08 1 1 00013 1 20140903141158 00013
00000120 2014 09 1 1 00013 1 20141001170639 00013
00000120 2014 10 1 1 00013 1 20141101154259 00013
00000120 2014 11 1 1 00097 1 20141201184442 00097
00000120 2014 12 1 _ 00097 1 20141117140700 00097
