1 00000002 2013 09 11 0070 グランクレール・ケアサービス横浜 1311 身体介護３ 584 0 584 1 584 0 584 584 0 10.84 6330 90 5697 633 0 n n 0 1 20140814144013 00034
1 00000013 2013 09 11 0070 グランクレール・ケアサービス横浜 7311 生活援助３ 235 0 235 8 1880 0 1880 1880 0 10.84 20379 90 18341 2038 0 n n 0 1 20140625114721 00034
1 00000015 2013 09 11 0070 グランクレール・ケアサービス横浜 6111 身体３生活１ 654 0 654 4 2616 0 2616 2616 0 10.84 28357 90 25521 2836 0 n g 0 1 20140625120825 00034
1 00000018 2013 09 11 0070 グランクレール・ケアサービス横浜 7311 生活援助３ 235 0 235 4 940 0 940 940 0 10.84 10189 90 9170 1019 0 n n 0 1 20140625142919 00034
1 00000022 2013 09 11 0070 グランクレール・ケアサービス横浜 1211 身体介護２ 402 0 402 4 1608 0 1608 1608 0 10.84 17430 90 15687 1743 0 n n 0 1 20140625145043 00034
1 00000025 2013 09 11 0070 グランクレール・ケアサービス横浜 5211 身体２生活２ 542 0 542 9 4878 0 4878 4878 0 10.84 52877 90 47589 5288 0 n n 0 1 20140625152546 00034
1 00000026 2013 09 11 0070 グランクレール・ケアサービス横浜 7311 生活援助３ 235 0 235 5 1175 0 1175 1175 0 10.84 12737 90 11463 1274 0 n n 0 1 20140625154029 00034
1 00000027 2013 09 11 0070 グランクレール・ケアサービス横浜 7311 生活援助３ 235 0 235 9 2115 0 2115 2115 0 10.84 22926 90 20633 2293 0 n n 0 1 20140625160907 00034
1 00000046 2013 09 11 0070 グランクレール・ケアサービス横浜 1311 身体介護３ 584 0 584 2 1168 0 1168 1168 0 10.84 12661 90 11394 1267 0 n n 0 1 20140625183808 00034
1 00000058 2013 09 11 0070 グランクレール・ケアサービス横浜 7311 生活援助３ 235 0 235 5 1175 0 1175 1175 0 10.84 12737 90 11463 1274 0 n n 0 1 20140626133905 00034
1 00000062 2013 09 11 0070 グランクレール・ケアサービス横浜 7311 生活援助３ 235 0 235 5 1175 0 1175 1175 0 10.84 12737 90 11463 1274 0 n n 0 1 20140626164916 00034
1 00000067 2013 09 11 0070 グランクレール・ケアサービス横浜 7211 生活援助２ 190 0 190 4 760 0 760 760 0 10.84 8238 90 7414 824 0 n n 0 1 20140626182716 00034
1 00000079 2013 09 11 0070 グランクレール・ケアサービス横浜 7311 生活援助３ 235 0 235 4 940 0 940 940 0 10.84 10189 90 9170 1019 0 n n 0 1 20140627144546 00034
1 00000082 2013 09 11 0070 グランクレール・ケアサービス横浜 5111 身体２生活１ 472 0 472 8 3776 0 3776 3776 0 10.84 40931 90 36837 4094 0 n n 0 1 20140627152948 00034
1 00000090 2013 09 11 0070 グランクレール・ケアサービス横浜 1311 身体介護３ 584 0 584 9 5256 0 5256 5256 0 10.84 56975 90 51277 5698 0 n n 0 1 20140627181237 00034
1 00000093 2013 09 11 0070 グランクレール・ケアサービス横浜 1211 身体介護２ 402 0 402 4 1608 0 1608 1608 0 10.84 17430 90 15687 1743 0 n n 0 1 20140630104848 00034
1 00000097 2013 09 11 0070 グランクレール・ケアサービス横浜 5111 身体２生活１ 472 0 472 2 944 0 944 944 0 10.84 10232 90 9208 1024 0 n n 0 1 20140630151716 00034
1 00000110 2013 09 11 0070 グランクレール・ケアサービス横浜 7311 生活援助３ 235 0 235 6 1410 0 1410 1410 0 10.84 15284 90 13755 1529 0 n n 0 1 20140701110627 00034
2 00000002 2013 09 11 0070 グランクレール・ケアサービス横浜 7311 生活援助３ 235 0 235 5 1175 0 1175 1175 0 10.84 12737 90 11463 1274 0 n n 0 1 20140814144013 00034
2 00000013 2013 09 11 0070 グランクレール・ケアサービス横浜 6271 訪問介護処遇改善加算Ⅰ 75 0 75 1 75 75 0.04 75 0 10.84 813 90 731 82 0 a g 0 1 20140625114721 00034
2 00000015 2013 09 11 0070 グランクレール・ケアサービス横浜 7311 生活援助３ 235 0 235 2 470 0 470 470 0 10.84 5094 90 4584 510 0 n n 0 1 20140625120825 00034
2 00000018 2013 09 11 0070 グランクレール・ケアサービス横浜 6271 訪問介護処遇改善加算Ⅰ 38 0 38 1 38 38 0.04 38 0 10.84 411 90 369 42 0 a g 0 1 20140625142919 00034
2 00000022 2013 09 11 0070 グランクレール・ケアサービス横浜 6271 訪問介護処遇改善加算Ⅰ 64 0 64 1 64 64 0.04 64 0 10.84 693 90 623 70 0 a g 0 1 20140625145043 00034
2 00000025 2013 09 11 0070 グランクレール・ケアサービス横浜 6271 訪問介護処遇改善加算Ⅰ 195 0 195 1 195 195 0.04 195 0 10.84 2113 90 1901 212 0 a g 0 1 20140625152546 00034
2 00000026 2013 09 11 0070 グランクレール・ケアサービス横浜 6271 訪問介護処遇改善加算Ⅰ 47 0 47 1 47 47 0.04 47 0 10.84 509 90 458 51 0 a g 0 1 20140625154029 00034
2 00000027 2013 09 11 0070 グランクレール・ケアサービス横浜 6271 訪問介護処遇改善加算Ⅰ 85 0 85 1 85 85 0.04 85 0 10.84 921 90 828 93 0 a g 0 1 20140625160907 00034
2 00000046 2013 09 11 0070 グランクレール・ケアサービス横浜 7311 生活援助３ 235 0 235 4 940 0 940 940 0 10.84 10189 90 9170 1019 0 n n 0 1 20140625183808 00034
2 00000058 2013 09 11 0070 グランクレール・ケアサービス横浜 6271 訪問介護処遇改善加算Ⅰ 47 0 47 1 47 47 0.04 47 0 10.84 509 90 458 51 0 a g 0 1 20140626133905 00034
2 00000062 2013 09 11 0070 グランクレール・ケアサービス横浜 6271 訪問介護処遇改善加算Ⅰ 47 0 47 1 47 47 0.04 47 0 10.84 509 90 458 51 0 a g 0 1 20140626164916 00034
2 00000067 2013 09 11 0070 グランクレール・ケアサービス横浜 6271 訪問介護処遇改善加算Ⅰ 30 0 30 1 30 30 0.04 30 0 10.84 325 90 292 33 0 a g 0 1 20140626182716 00034
2 00000079 2013 09 11 0070 グランクレール・ケアサービス横浜 6271 訪問介護処遇改善加算Ⅰ 38 0 38 1 38 38 0.04 38 0 10.84 411 90 369 42 0 a g 0 1 20140627144546 00034
2 00000082 2013 09 11 0070 グランクレール・ケアサービス横浜 6271 訪問介護処遇改善加算Ⅰ 151 0 151 1 151 151 0.04 151 0 10.84 1636 90 1472 164 0 a g 0 1 20140627152948 00034
2 00000090 2013 09 11 0070 グランクレール・ケアサービス横浜 7311 生活援助３ 235 0 235 4 940 0 940 940 0 10.84 10189 90 9170 1019 0 n n 0 1 20140627181237 00034
2 00000093 2013 09 11 0070 グランクレール・ケアサービス横浜 7311 生活援助３ 235 0 235 4 940 0 940 940 0 10.84 10189 90 9170 1019 0 n n 0 1 20140630104848 00034
2 00000097 2013 09 11 0070 グランクレール・ケアサービス横浜 6271 訪問介護処遇改善加算Ⅰ 38 0 38 1 38 38 0.04 38 0 10.84 411 90 369 42 0 a g 0 1 20140630151716 00034
2 00000110 2013 09 11 0070 グランクレール・ケアサービス横浜 6271 訪問介護処遇改善加算Ⅰ 56 0 56 1 56 56 0.04 56 0 10.84 607 90 546 61 0 a g 0 1 20140701110627 00034
3 00000002 2013 09 11 0070 グランクレール・ケアサービス横浜 6271 訪問介護処遇改善加算Ⅰ 70 0 70 1 70 70 0.04 70 0 10.84 758 90 682 76 0 a g 0 1 20140814144013 00034
3 00000015 2013 09 11 0070 グランクレール・ケアサービス横浜 6271 訪問介護処遇改善加算Ⅰ 123 0 123 1 123 123 0.04 123 0 10.84 1333 90 1199 134 0 a g 0 1 20140625120825 00034
3 00000046 2013 09 11 0070 グランクレール・ケアサービス横浜 6271 訪問介護処遇改善加算Ⅰ 84 0 84 1 84 84 0.04 84 0 10.84 910 90 819 91 0 a g 0 1 20140625183808 00034
3 00000090 2013 09 11 0070 グランクレール・ケアサービス横浜 6271 訪問介護処遇改善加算Ⅰ 248 0 248 1 248 248 0.04 248 0 10.84 2688 90 2419 269 0 a g 0 1 20140627181237 00034
3 00000093 2013 09 11 0070 グランクレール・ケアサービス横浜 6271 訪問介護処遇改善加算Ⅰ 102 0 102 1 102 102 0.04 102 0 10.84 1105 90 994 111 0 a g 0 1 20140630104848 00034
