00000027 2013 02 00031 1 20140718172119 00030
00000027 2013 03 00031 1 20140718174051 00030
00000027 2013 04 00031 1 20140819163555 00030
00000027 2013 05 00031 1 20140718180244 00030
00000027 2013 06 00031 1 20140718181042 00030
00000027 2013 07 00031 1 20140722112242 00030
00000027 2013 08 00031 1 20140722113931 00030
00000027 2013 09 00031 1 20140625161133 00030
00000027 2013 10 00031 1 20140625161839 00030
00000027 2013 11 00031 1 20140625162708 00030
00000027 2013 12 00031 1 20140625163949 00030
00000027 2014 01 00031 1 20140616211221 00078
00000027 2014 02 00031 1 20140616211154 00078
00000027 2014 03 00031 1 20140616211115 00078
00000027 2014 04 00031 1 20140616211031 00078
00000027 2014 05 00031 1 20140812134627 00030
00000027 2015 05 00031 1 20150505102321 00241
