00000027 2013 02 1 1 00031 1 20140718172105 00030
00000027 2013 03 1 1 00031 1 20140718174038 00030
00000027 2013 04 1 1 00031 1 20140819163449 00030
00000027 2013 05 1 1 00031 1 20140718180225 00030
00000027 2013 06 1 1 00031 1 20140718181031 00030
00000027 2013 07 1 1 00031 1 20140722112212 00030
00000027 2013 08 1 1 00031 1 20140722113918 00030
00000027 2013 09 1 1 00031 1 20140625161059 00030
00000027 2013 10 1 1 00031 1 20140625161827 00030
00000027 2013 11 1 1 00031 1 20140625162654 00030
00000027 2013 12 1 1 00031 1 20140625163937 00030
00000027 2014 01 1 1 00031 1 20140616211208 00078
00000027 2014 02 1 1 00031 1 20140616211140 00078
00000027 2014 03 1 1 00031 1 20140616211053 00078
00000027 2014 04 1 1 00031 1 20140616204039 00078
00000027 2014 05 1 1 00031 1 20140812134609 00030
00000027 2015 05 1 _ 00031 1 20150505102222 00241
