000000272013021 00000027 2013 02 06 13 1111 11:30 11:59 0026 1 472 0 _ _ 1 1 20140718172105 24
000000272013021 00000027 2013 02 13 13 1111 11:30 11:59 0026 1 472 0 _ _ 1 1 20140718172105 24
000000272013021 00000027 2013 02 20 13 1111 11:30 11:59 0026 1 472 0 _ _ 1 1 20140718172105 24
000000272013021 00000027 2013 02 27 13 1111 11:30 11:59 0026 1 472 0 _ _ 1 1 20140718172105 24
000000272013022 00000027 2013 02 01 13 4002 _ _ 0026 1 300 0 _ _ 1 1 20140718172105 24
000000272013023 00000027 2013 02 07 15 1241 09:00 12:05 0067 1 461 0 _ _ 1 1 20140718172105 24
000000272013023 00000027 2013 02 14 15 1241 09:00 12:05 0067 1 461 0 _ _ 1 1 20140718172105 24
000000272013023 00000027 2013 02 28 15 1241 09:00 12:05 0067 1 461 0 _ _ 1 1 20140718172105 24
000000272013024 00000027 2013 02 07 15 5051 _ _ 0067 1 42 0 _ _ 1 1 20140718172105 24
000000272013024 00000027 2013 02 14 15 5051 _ _ 0067 1 42 0 _ _ 1 1 20140718172105 24
000000272013024 00000027 2013 02 28 15 5051 _ _ 0067 1 42 0 _ _ 1 1 20140718172105 24
000000272013025 00000027 2013 02 06 11 7311 09:30 10:30 0070 1 235 0 _ _ 1 1 20140718172105 24
000000272013025 00000027 2013 02 13 11 7311 09:30 10:30 0070 1 235 0 _ _ 1 1 20140718172105 24
000000272013025 00000027 2013 02 20 11 7311 09:30 10:30 0070 1 235 0 _ _ 1 1 20140718172105 24
000000272013025 00000027 2013 02 27 11 7311 09:30 10:30 0070 1 235 0 _ _ 1 1 20140718172105 24
000000272013026 00000027 2013 02 03 11 7311 10:00 10:59 0070 1 235 0 _ _ 1 1 20140718172105 24
000000272013026 00000027 2013 02 10 11 7311 10:00 10:59 0070 1 235 0 _ _ 1 1 20140718172105 24
000000272013026 00000027 2013 02 17 11 7311 10:00 10:59 0070 1 235 0 _ _ 1 1 20140718172105 24
000000272013026 00000027 2013 02 24 11 7311 10:00 10:59 0070 1 235 0 _ _ 1 1 20140718172105 24
000000272013031 00000027 2013 03 06 13 1111 11:30 11:59 0026 1 472 0 _ _ 1 1 20140718174038 24
000000272013031 00000027 2013 03 13 13 1111 11:30 11:59 0026 1 472 0 _ _ 1 1 20140718174038 24
000000272013031 00000027 2013 03 27 13 1111 11:30 11:59 0026 1 472 0 _ _ 1 1 20140718174038 24
000000272013032 00000027 2013 03 21 15 1241 09:00 12:05 0067 1 461 0 _ _ 1 1 20140718174038 24
000000272013032 00000027 2013 03 28 15 1241 09:00 12:05 0067 1 461 0 _ _ 1 1 20140718174038 24
000000272013033 00000027 2013 03 21 15 5051 _ _ 0067 1 42 0 _ _ 1 1 20140718174038 24
000000272013033 00000027 2013 03 28 15 5051 _ _ 0067 1 42 0 _ _ 1 1 20140718174038 24
000000272013034 00000027 2013 03 06 11 7311 09:30 10:30 0070 1 235 0 _ _ 1 1 20140718174038 24
000000272013034 00000027 2013 03 13 11 7311 09:30 10:30 0070 1 235 0 _ _ 1 1 20140718174038 24
000000272013034 00000027 2013 03 20 11 7311 09:30 10:30 0070 1 235 0 _ _ 1 1 20140718174038 24
000000272013034 00000027 2013 03 27 11 7311 09:30 10:30 0070 1 235 0 _ _ 1 1 20140718174038 24
000000272013035 00000027 2013 03 31 11 7311 09:55 10:55 0070 1 235 0 _ _ 1 1 20140718174038 24
000000272013036 00000027 2013 03 03 11 7311 10:00 11:00 0070 1 235 0 _ _ 1 1 20140718174038 24
000000272013036 00000027 2013 03 10 11 7311 10:00 11:00 0070 1 235 0 _ _ 1 1 20140718174038 24
000000272013036 00000027 2013 03 17 11 7311 10:00 11:00 0070 1 235 0 _ _ 1 1 20140718174038 24
000000272013036 00000027 2013 03 24 11 7311 10:00 11:00 0070 1 235 0 _ _ 1 1 20140718174038 24
000000272013041 00000027 2013 04 03 13 1111 11:30 11:59 0026 1 472 0 _ _ 1 1 20140819163449 24
000000272013041 00000027 2013 04 10 13 1111 11:30 11:59 0026 1 472 0 _ _ 1 1 20140819163449 24
000000272013041 00000027 2013 04 17 13 1111 11:30 11:59 0026 1 472 0 _ _ 1 1 20140819163449 24
000000272013041 00000027 2013 04 24 13 1111 11:30 11:59 0026 1 472 0 _ _ 1 1 20140819163449 24
000000272013042 00000027 2013 04 04 15 1241 09:00 12:05 0067 1 461 0 _ _ 1 1 20140819163449 24
000000272013042 00000027 2013 04 11 15 1241 09:00 12:05 0067 1 461 0 _ _ 1 1 20140819163449 24
000000272013043 00000027 2013 04 04 15 5051 _ _ 0067 1 42 0 _ _ 1 1 20140819163449 24
000000272013043 00000027 2013 04 11 15 5051 _ _ 0067 1 42 0 _ _ 1 1 20140819163449 24
000000272013044 00000027 2013 04 03 11 7311 09:30 10:30 0070 1 235 0 _ _ 1 1 20140819163449 24
000000272013044 00000027 2013 04 10 11 7311 09:30 10:30 0070 1 235 0 _ _ 1 1 20140819163449 24
000000272013044 00000027 2013 04 17 11 7311 09:30 10:30 0070 1 235 0 _ _ 1 1 20140819163449 24
000000272013045 00000027 2013 04 25 11 7311 09:40 10:30 0070 1 235 0 _ _ 1 1 20140819163449 24
000000272013046 00000027 2013 04 07 11 7311 10:00 11:00 0070 1 235 0 _ _ 1 1 20140819163449 24
000000272013046 00000027 2013 04 14 11 7311 10:00 11:00 0070 1 235 0 _ _ 1 1 20140819163449 24
000000272013046 00000027 2013 04 21 11 7311 10:00 11:00 0070 1 235 0 _ _ 1 1 20140819163449 24
000000272013046 00000027 2013 04 28 11 7311 10:00 11:00 0070 1 235 0 _ _ 1 1 20140819163449 24
000000272013051 00000027 2013 05 01 13 1111 11:30 11:59 0026 1 472 0 _ _ 1 1 20140718180225 24
000000272013051 00000027 2013 05 08 13 1111 11:30 11:59 0026 1 472 0 _ _ 1 1 20140718180225 24
000000272013051 00000027 2013 05 15 13 1111 11:30 11:59 0026 1 472 0 _ _ 1 1 20140718180225 24
000000272013051 00000027 2013 05 22 13 1111 11:30 11:59 0026 1 472 0 _ _ 1 1 20140718180225 24
000000272013052 00000027 2013 05 29 11 7311 09:15 10:00 0070 1 235 0 _ _ 1 1 20140718180225 24
000000272013053 00000027 2013 05 01 11 7311 09:30 10:30 0070 1 235 0 _ _ 1 1 20140718180225 24
000000272013053 00000027 2013 05 08 11 7311 09:30 10:30 0070 1 235 0 _ _ 1 1 20140718180225 24
000000272013053 00000027 2013 05 15 11 7311 09:30 10:30 0070 1 235 0 _ _ 1 1 20140718180225 24
000000272013053 00000027 2013 05 22 11 7311 09:30 10:30 0070 1 235 0 _ _ 1 1 20140718180225 24
000000272013054 00000027 2013 05 05 11 7311 10:00 11:00 0070 1 235 0 _ _ 1 1 20140718180225 24
000000272013054 00000027 2013 05 12 11 7311 10:00 11:00 0070 1 235 0 _ _ 1 1 20140718180225 24
000000272013054 00000027 2013 05 19 11 7311 10:00 11:00 0070 1 235 0 _ _ 1 1 20140718180225 24
000000272013054 00000027 2013 05 26 11 7311 10:00 11:00 0070 1 235 0 _ _ 1 1 20140718180225 24
000000272013055 00000027 2013 05 19 11 7311 10:00 11:05 0070 1 235 0 _ _ 1 1 20140718180225 24
000000272013061 00000027 2013 06 05 13 1111 11:30 11:59 0026 1 472 0 _ _ 1 1 20140718181031 24
000000272013061 00000027 2013 06 12 13 1111 11:30 11:59 0026 1 472 0 _ _ 1 1 20140718181031 24
000000272013061 00000027 2013 06 19 13 1111 11:30 11:59 0026 1 472 0 _ _ 1 1 20140718181031 24
000000272013062 00000027 2013 06 12 11 7311 09:30 10:30 0070 1 235 0 _ _ 1 1 20140718181031 24
000000272013063 00000027 2013 06 02 11 7311 10:00 11:00 0070 1 235 0 _ _ 1 1 20140718181031 24
000000272013063 00000027 2013 06 09 11 7311 10:00 11:00 0070 1 235 0 _ _ 1 1 20140718181031 24
000000272013063 00000027 2013 06 16 11 7311 10:00 11:00 0070 1 235 0 _ _ 1 1 20140718181031 24
000000272013063 00000027 2013 06 23 11 7311 10:00 11:00 0070 1 235 0 _ _ 1 1 20140718181031 24
000000272013063 00000027 2013 06 30 11 7311 10:00 11:00 0070 1 235 0 _ _ 1 1 20140718181031 24
000000272013064 00000027 2013 06 19 11 7311 10:40 11:29 0070 1 235 0 _ _ 1 1 20140718181031 24
000000272013065 00000027 2013 06 06 11 7311 10:45 11:45 0070 1 235 0 _ _ 1 1 20140718181031 24
000000272013071 00000027 2013 07 03 13 1111 11:30 11:59 0026 1 472 0 _ _ 1 1 20140722112212 24
000000272013071 00000027 2013 07 10 13 1111 11:30 11:59 0026 1 472 0 _ _ 1 1 20140722112212 24
000000272013071 00000027 2013 07 17 13 1111 11:30 11:59 0026 1 472 0 _ _ 1 1 20140722112212 24
000000272013071 00000027 2013 07 24 13 1111 11:30 11:59 0026 1 472 0 _ _ 1 1 20140722112212 24
000000272013071 00000027 2013 07 31 13 1111 11:30 11:59 0026 1 472 0 _ _ 1 1 20140722112212 24
000000272013072 00000027 2013 07 03 11 7311 09:30 10:30 0070 1 235 0 _ _ 1 1 20140722112212 24
000000272013072 00000027 2013 07 10 11 7311 09:30 10:30 0070 1 235 0 _ _ 1 1 20140722112212 24
000000272013072 00000027 2013 07 17 11 7311 09:30 10:30 0070 1 235 0 _ _ 1 1 20140722112212 24
000000272013072 00000027 2013 07 24 11 7311 09:30 10:30 0070 1 235 0 _ _ 1 1 20140722112212 24
000000272013072 00000027 2013 07 31 11 7311 09:30 10:30 0070 1 235 0 _ _ 1 1 20140722112212 24
000000272013073 00000027 2013 07 07 11 7311 10:00 11:00 0070 1 235 0 _ _ 1 1 20140722112212 24
000000272013073 00000027 2013 07 14 11 7311 10:00 11:00 0070 1 235 0 _ _ 1 1 20140722112212 24
000000272013073 00000027 2013 07 21 11 7311 10:00 11:00 0070 1 235 0 _ _ 1 1 20140722112212 24
000000272013073 00000027 2013 07 28 11 7311 10:00 11:00 0070 1 235 0 _ _ 1 1 20140722112212 24
000000272013081 00000027 2013 08 07 13 1111 11:30 11:59 0026 1 472 0 _ _ 1 1 20140722113918 24
000000272013081 00000027 2013 08 14 13 1111 11:30 11:59 0026 1 472 0 _ _ 1 1 20140722113918 24
000000272013081 00000027 2013 08 21 13 1111 11:30 11:59 0026 1 472 0 _ _ 1 1 20140722113918 24
000000272013082 00000027 2013 08 07 11 7311 09:30 10:30 0070 1 235 0 _ _ 1 1 20140722113918 24
000000272013082 00000027 2013 08 14 11 7311 09:30 10:30 0070 1 235 0 _ _ 1 1 20140722113918 24
000000272013082 00000027 2013 08 21 11 7311 09:30 10:30 0070 1 235 0 _ _ 1 1 20140722113918 24
000000272013082 00000027 2013 08 28 11 7311 09:30 10:30 0070 1 235 0 _ _ 1 1 20140722113918 24
000000272013083 00000027 2013 08 04 11 7311 10:00 11:00 0070 1 235 0 _ _ 1 1 20140722113918 24
000000272013083 00000027 2013 08 11 11 7311 10:00 11:00 0070 1 235 0 _ _ 1 1 20140722113918 24
000000272013083 00000027 2013 08 18 11 7311 10:00 11:00 0070 1 235 0 _ _ 1 1 20140722113918 24
000000272013083 00000027 2013 08 25 11 7311 10:00 11:00 0070 1 235 0 _ _ 1 1 20140722113918 24
000000272013091 00000027 2013 09 04 13 1111 11:30 11:59 0026 1 472 0 _ _ 1 1 20140625161059 24
000000272013091 00000027 2013 09 11 13 1111 11:30 11:59 0026 1 472 0 _ _ 1 1 20140625161059 24
000000272013091 00000027 2013 09 18 13 1111 11:30 11:59 0026 1 472 0 _ _ 1 1 20140625161059 24
000000272013091 00000027 2013 09 25 13 1111 11:30 11:59 0026 1 472 0 _ _ 1 1 20140625161059 24
000000272013092 00000027 2013 09 04 11 7311 09:30 10:30 0070 1 235 0 _ _ 1 1 20140625161059 24
000000272013092 00000027 2013 09 11 11 7311 09:30 10:30 0070 1 235 0 _ _ 1 1 20140625161059 24
000000272013092 00000027 2013 09 18 11 7311 09:30 10:30 0070 1 235 0 _ _ 1 1 20140625161059 24
000000272013092 00000027 2013 09 25 11 7311 09:30 10:30 0070 1 235 0 _ _ 1 1 20140625161059 24
000000272013093 00000027 2013 09 01 11 7311 10:00 11:00 0070 1 235 0 _ _ 1 1 20140625161059 24
000000272013093 00000027 2013 09 08 11 7311 10:00 11:00 0070 1 235 0 _ _ 1 1 20140625161059 24
000000272013093 00000027 2013 09 15 11 7311 10:00 11:00 0070 1 235 0 _ _ 1 1 20140625161059 24
000000272013093 00000027 2013 09 22 11 7311 10:00 11:00 0070 1 235 0 _ _ 1 1 20140625161059 24
000000272013093 00000027 2013 09 29 11 7311 10:00 11:00 0070 1 235 0 _ _ 1 1 20140625161059 24
000000272013101 00000027 2013 10 02 13 1111 11:30 11:59 0026 1 472 0 _ _ 1 1 20140625161827 24
000000272013101 00000027 2013 10 09 13 1111 11:30 11:59 0026 1 472 0 _ _ 1 1 20140625161827 24
000000272013101 00000027 2013 10 16 13 1111 11:30 11:59 0026 1 472 0 _ _ 1 1 20140625161827 24
000000272013101 00000027 2013 10 23 13 1111 11:30 11:59 0026 1 472 0 _ _ 1 1 20140625161827 24
000000272013101 00000027 2013 10 30 13 1111 11:30 11:59 0026 1 472 0 _ _ 1 1 20140625161827 24
000000272013102 00000027 2013 10 02 11 7311 09:30 10:30 0070 1 235 0 _ _ 1 1 20140625161827 24
000000272013102 00000027 2013 10 09 11 7311 09:30 10:30 0070 1 235 0 _ _ 1 1 20140625161827 24
000000272013102 00000027 2013 10 16 11 7311 09:30 10:30 0070 1 235 0 _ _ 1 1 20140625161827 24
000000272013102 00000027 2013 10 23 11 7311 09:30 10:30 0070 1 235 0 _ _ 1 1 20140625161827 24
000000272013102 00000027 2013 10 30 11 7311 09:30 10:30 0070 1 235 0 _ _ 1 1 20140625161827 24
000000272013103 00000027 2013 10 06 11 7311 10:00 11:00 0070 1 235 0 _ _ 1 1 20140625161827 24
000000272013103 00000027 2013 10 13 11 7311 10:00 11:00 0070 1 235 0 _ _ 1 1 20140625161827 24
000000272013103 00000027 2013 10 20 11 7311 10:00 11:00 0070 1 235 0 _ _ 1 1 20140625161827 24
000000272013103 00000027 2013 10 27 11 7311 10:00 11:00 0070 1 235 0 _ _ 1 1 20140625161827 24
000000272013111 00000027 2013 11 06 13 1111 11:30 11:59 0026 1 472 0 _ _ 1 1 20140625162654 24
000000272013111 00000027 2013 11 13 13 1111 11:30 11:59 0026 1 472 0 _ _ 1 1 20140625162654 24
000000272013111 00000027 2013 11 20 13 1111 11:30 11:59 0026 1 472 0 _ _ 1 1 20140625162654 24
000000272013111 00000027 2013 11 27 13 1111 11:30 11:59 0026 1 472 0 _ _ 1 1 20140625162654 24
000000272013112 00000027 2013 11 21 15 1241 13:30 16:35 0067 1 461 0 _ _ 1 1 20140625162654 24
000000272013112 00000027 2013 11 28 15 1241 13:30 16:35 0067 1 461 0 _ _ 1 1 20140625162654 24
000000272013113 00000027 2013 11 01 15 5051 _ _ 0067 1 42 0 _ _ 1 1 20140625162654 24
000000272013113 00000027 2013 11 21 15 5051 _ _ 0067 1 42 0 _ _ 1 1 20140625162654 24
000000272013113 00000027 2013 11 28 15 5051 _ _ 0067 1 42 0 _ _ 1 1 20140625162654 24
000000272013114 00000027 2013 11 06 11 7311 09:30 10:30 0070 1 235 0 _ _ 1 1 20140625162654 24
000000272013114 00000027 2013 11 13 11 7311 09:30 10:30 0070 1 235 0 _ _ 1 1 20140625162654 24
000000272013114 00000027 2013 11 20 11 7311 09:30 10:30 0070 1 235 0 _ _ 1 1 20140625162654 24
000000272013114 00000027 2013 11 27 11 7311 09:30 10:30 0070 1 235 0 _ _ 1 1 20140625162654 24
000000272013115 00000027 2013 11 03 11 7311 10:00 11:00 0070 1 235 0 _ _ 1 1 20140625162654 24
000000272013115 00000027 2013 11 10 11 7311 10:00 11:00 0070 1 235 0 _ _ 1 1 20140625162654 24
000000272013115 00000027 2013 11 17 11 7311 10:00 11:00 0070 1 235 0 _ _ 1 1 20140625162654 24
000000272013115 00000027 2013 11 24 11 7311 10:00 11:00 0070 1 235 0 _ _ 1 1 20140625162654 24
000000272013121 00000027 2013 12 11 13 1111 11:30 11:59 0026 1 472 0 _ _ 1 1 20140625163937 24
000000272013121 00000027 2013 12 18 13 1111 11:30 11:59 0026 1 472 0 _ _ 1 1 20140625163937 24
000000272013121 00000027 2013 12 25 13 1111 11:30 11:59 0026 1 472 0 _ _ 1 1 20140625163937 24
000000272013122 00000027 2013 12 26 15 1241 13:30 16:35 0067 1 461 0 _ _ 1 1 20140625163937 24
000000272013123 00000027 2013 12 26 15 5051 _ _ 0067 1 42 0 _ _ 1 1 20140625163937 24
000000272013124 00000027 2013 12 03 11 7311 09:30 10:30 0070 1 235 0 _ _ 1 1 20140625163937 24
000000272013124 00000027 2013 12 11 11 7311 09:30 10:30 0070 1 235 0 _ _ 1 1 20140625163937 24
000000272013124 00000027 2013 12 18 11 7311 09:30 10:30 0070 1 235 0 _ _ 1 1 20140625163937 24
000000272013124 00000027 2013 12 25 11 7311 09:30 10:30 0070 1 235 0 _ _ 1 1 20140625163937 24
000000272013125 00000027 2013 12 01 11 7311 10:00 11:00 0070 1 235 0 _ _ 1 1 20140625163937 24
000000272013125 00000027 2013 12 08 11 7311 10:00 11:00 0070 1 235 0 _ _ 1 1 20140625163937 24
000000272013125 00000027 2013 12 15 11 7311 10:00 11:00 0070 1 235 0 _ _ 1 1 20140625163937 24
000000272013125 00000027 2013 12 22 11 7311 10:00 11:00 0070 1 235 0 _ _ 1 1 20140625163937 24
000000272013125 00000027 2013 12 29 11 7311 10:00 11:00 0070 1 235 0 _ _ 1 1 20140625163937 24
000000272014011 00000027 2014 01 08 11 7311 09:30 10:30 0070 1 235 0 _ _ 1 1 20140616211208 78
000000272014011 00000027 2014 01 15 11 7311 09:30 10:30 0070 1 235 0 _ _ 1 1 20140616211208 78
000000272014011 00000027 2014 01 22 11 7311 09:30 10:30 0070 1 235 0 _ _ 1 1 20140616211208 78
000000272014012 00000027 2014 01 05 11 7311 10:00 11:00 0070 1 235 0 _ _ 1 1 20140616211208 78
000000272014012 00000027 2014 01 19 11 7311 10:00 11:00 0070 1 235 0 _ _ 1 1 20140616211208 78
000000272014012 00000027 2014 01 26 11 7311 10:00 11:00 0070 1 235 0 _ _ 1 1 20140616211208 78
000000272014013 00000027 2014 01 12 11 7311 10:05 11:05 0070 1 235 0 _ _ 1 1 20140616211208 78
000000272014014 00000027 2014 01 30 11 7311 10:45 11:45 0070 1 235 0 _ _ 1 1 20140616211208 78
000000272014015 00000027 2014 01 08 13 1111 11:30 11:59 0026 1 472 0 _ _ 1 1 20140616211208 78
000000272014015 00000027 2014 01 15 13 1111 11:30 11:59 0026 1 472 0 _ _ 1 1 20140616211208 78
000000272014015 00000027 2014 01 22 13 1111 11:30 11:59 0026 1 472 0 _ _ 1 1 20140616211208 78
000000272014015 00000027 2014 01 29 13 1111 11:30 11:59 0026 1 472 0 _ _ 1 1 20140616211208 78
000000272014021 00000027 2014 02 05 11 7311 09:30 10:30 0070 1 235 0 _ _ 1 1 20140616211140 78
000000272014021 00000027 2014 02 12 11 7311 09:30 10:30 0070 1 235 0 _ _ 1 1 20140616211140 78
000000272014021 00000027 2014 02 19 11 7311 09:30 10:30 0070 1 235 0 _ _ 1 1 20140616211140 78
000000272014021 00000027 2014 02 26 11 7311 09:30 10:30 0070 1 235 0 _ _ 1 1 20140616211140 78
000000272014022 00000027 2014 02 02 11 7311 10:00 11:00 0070 1 235 0 _ _ 1 1 20140616211140 78
000000272014022 00000027 2014 02 09 11 7311 10:00 11:00 0070 1 235 0 _ _ 1 1 20140616211140 78
000000272014022 00000027 2014 02 16 11 7311 10:00 11:00 0070 1 235 0 _ _ 1 1 20140616211140 78
000000272014022 00000027 2014 02 23 11 7311 10:00 11:00 0070 1 235 0 _ _ 1 1 20140616211140 78
000000272014023 00000027 2014 02 05 13 1111 11:30 11:59 0026 1 472 0 _ _ 1 1 20140616211140 78
000000272014023 00000027 2014 02 12 13 1111 11:30 11:59 0026 1 472 0 _ _ 1 1 20140616211140 78
000000272014023 00000027 2014 02 19 13 1111 11:30 11:59 0026 1 472 0 _ _ 1 1 20140616211140 78
000000272014023 00000027 2014 02 26 13 1111 11:30 11:59 0026 1 472 0 _ _ 1 1 20140616211140 78
000000272014031 00000027 2014 03 12 11 7311 09:30 10:30 0070 1 235 0 _ _ 1 1 20140616211053 78
000000272014031 00000027 2014 03 19 11 7311 09:30 10:30 0070 1 235 0 _ _ 1 1 20140616211053 78
0000002720140310 00000027 2014 03 01 17 1004 _ _ 0037 1 50 0 _ _ 1 1 20140616211053 78
0000002720140311 00000027 2014 03 01 17 1004 _ _ 0037 1 30 0 _ _ 1 1 20140616211053 78
000000272014032 00000027 2014 03 02 11 7311 10:00 11:00 0070 1 235 0 _ _ 1 1 20140616211053 78
000000272014032 00000027 2014 03 09 11 7311 10:00 11:00 0070 1 235 0 _ _ 1 1 20140616211053 78
000000272014032 00000027 2014 03 16 11 7311 10:00 11:00 0070 1 235 0 _ _ 1 1 20140616211053 78
000000272014033 00000027 2014 03 05 13 1111 10:00 10:29 0026 1 472 0 _ _ 1 1 20140616211053 78
000000272014033 00000027 2014 03 06 13 1111 10:00 10:29 0026 1 472 0 _ _ 1 1 20140616211053 78
000000272014033 00000027 2014 03 08 13 1111 10:00 10:29 0026 1 472 0 _ _ 1 1 20140616211053 78
000000272014033 00000027 2014 03 09 13 1111 10:00 10:29 0026 1 472 0 _ _ 1 1 20140616211053 78
000000272014033 00000027 2014 03 10 13 1111 10:00 10:29 0026 1 472 0 _ _ 1 1 20140616211053 78
000000272014033 00000027 2014 03 11 13 1111 10:00 10:29 0026 1 472 0 _ _ 1 1 20140616211053 78
000000272014033 00000027 2014 03 12 13 1111 10:00 10:29 0026 1 472 0 _ _ 1 1 20140616211053 78
000000272014033 00000027 2014 03 21 13 1111 10:00 10:29 0026 1 472 0 _ _ 1 1 20140616211053 78
000000272014033 00000027 2014 03 22 13 1111 10:00 10:29 0026 1 472 0 _ _ 1 1 20140616211053 78
000000272014033 00000027 2014 03 26 13 1111 10:00 10:29 0026 1 472 0 _ _ 1 1 20140616211053 78
000000272014034 00000027 2014 03 07 13 1211 11:00 11:59 0026 1 830 0 _ _ 1 1 20140616211053 78
000000272014034 00000027 2014 03 23 13 1211 11:00 11:59 0026 1 830 0 _ _ 1 1 20140616211053 78
000000272014034 00000027 2014 03 29 13 1211 11:00 11:59 0026 1 830 0 _ _ 1 1 20140616211053 78
000000272014035 00000027 2014 03 22 13 1111 17:00 17:29 0026 1 472 0 _ _ 1 1 20140616211053 78
000000272014036 00000027 2014 03 01 13 3100 _ _ 0026 1 540 0 _ _ 1 1 20140616211053 78
000000272014037 00000027 2014 03 01 17 1003 _ _ 0037 1 900 0 _ _ 1 1 20140616211053 78
000000272014038 00000027 2014 03 01 17 1004 _ _ 0037 1 200 0 _ _ 1 1 20140616211053 78
000000272014039 00000027 2014 03 01 17 1007 _ _ 0037 1 200 0 _ _ 1 1 20140616211053 78
000000272014041 00000027 2014 04 02 13 1211 11:00 11:59 0026 1 834 0 _ _ 1 1 20140616204039 78
000000272014041 00000027 2014 04 09 13 1211 11:00 11:59 0026 1 834 0 _ _ 1 1 20140616204039 78
000000272014041 00000027 2014 04 16 13 1211 11:00 11:59 0026 1 834 0 _ _ 1 1 20140616204039 78
000000272014041 00000027 2014 04 30 13 1211 11:00 11:59 0026 1 834 0 _ _ 1 1 20140616204039 78
000000272014042 00000027 2014 04 01 13 3100 _ _ 0026 1 540 0 _ _ 1 1 20140616204039 78
000000272014043 00000027 2014 04 12 13 1211 10:00 10:59 0026 1 834 0 _ _ 1 1 20140616204039 78
000000272014043 00000027 2014 04 19 13 1211 10:00 10:59 0026 1 834 0 _ _ 1 1 20140616204039 78
000000272014043 00000027 2014 04 26 13 1211 10:00 10:59 0026 1 834 0 _ _ 1 1 20140616204039 78
000000272014044 00000027 2014 04 01 13 1211 13:30 14:29 0026 1 834 0 _ _ 1 1 20140616204039 78
000000272014044 00000027 2014 04 25 13 1211 13:30 14:29 0026 1 834 0 _ _ 1 1 20140616204039 78
000000272014045 00000027 2014 04 01 17 1003 _ _ 0037 1 900 0 _ _ 1 1 20140616204039 78
000000272014046 00000027 2014 04 01 17 1004 _ _ 0037 1 200 0 _ _ 1 1 20140616204039 78
000000272014047 00000027 2014 04 01 17 1007 _ _ 0037 1 200 0 _ _ 1 1 20140616204039 78
000000272014048 00000027 2014 04 01 17 1004 _ _ 0037 1 50 0 _ _ 1 1 20140616204039 78
000000272014049 00000027 2014 04 01 17 1004 _ _ 0037 1 30 0 _ _ 1 1 20140616204039 78
000000272014051 00000027 2014 05 07 13 1211 11:00 11:59 0026 1 834 0 _ _ 1 1 20140812134609 24
000000272014051 00000027 2014 05 09 13 1211 11:00 11:59 0026 1 834 0 _ _ 1 1 20140812134609 24
000000272014051 00000027 2014 05 14 13 1211 11:00 11:59 0026 1 834 0 _ _ 1 1 20140812134609 24
000000272014051 00000027 2014 05 16 13 1211 11:00 11:59 0026 1 834 0 _ _ 1 1 20140812134609 24
000000272014051 00000027 2014 05 21 13 1211 11:00 11:59 0026 1 834 0 _ _ 1 1 20140812134609 24
000000272014051 00000027 2014 05 28 13 1211 11:00 11:59 0026 1 834 0 _ _ 1 1 20140812134609 24
000000272014052 00000027 2014 05 01 13 3100 _ _ 0026 1 540 0 _ _ 1 1 20140812134609 24
000000272014053 00000027 2014 05 24 13 1111 10:00 10:29 0026 1 474 0 _ _ 1 1 20140812134609 24
000000272014054 00000027 2014 05 01 17 1003 _ _ 0037 1 900 0 _ _ 1 1 20140812134609 24
000000272014055 00000027 2014 05 01 17 1004 _ _ 0037 1 30 0 _ _ 1 1 20140812134609 24
000000272014056 00000027 2014 05 01 17 1004 _ _ 0037 1 50 0 _ _ 1 1 20140812134609 24
000000272014057 00000027 2014 05 01 17 1004 _ _ 0037 1 200 0 _ _ 1 1 20140812134609 24
000000272014058 00000027 2014 05 01 17 1007 _ _ 0037 1 200 0 _ _ 1 1 20140812134609 24
000000272015051 00000027 2015 05 03 11 7311 10:00 11:00 0070 1 225 0 _ _ 1 1 20150505102222 161
000000272015051 00000027 2015 05 10 11 7311 10:00 11:00 0070 1 225 0 _ _ 1 1 20150505102222 161
000000272015051 00000027 2015 05 17 11 7311 10:00 11:00 0070 1 225 0 _ _ 1 1 20150505102222 161
000000272015051 00000027 2015 05 24 11 7311 10:00 11:00 0070 1 225 0 _ _ 1 1 20150505102222 161
000000272015051 00000027 2015 05 31 11 7311 10:00 11:00 0070 1 225 0 _ _ 1 1 20150505102222 161
000000272015052 00000027 2015 05 06 11 7311 09:30 10:30 0070 1 225 0 _ _ 1 1 20150505102222 161
000000272015052 00000027 2015 05 13 11 7311 09:30 10:30 0070 1 225 0 _ _ 1 1 20150505102222 161
000000272015052 00000027 2015 05 20 11 7311 09:30 10:30 0070 1 225 0 _ _ 1 1 20150505102222 161
000000272015052 00000027 2015 05 27 11 7311 09:30 10:30 0070 1 225 0 _ _ 1 1 20150505102222 161
000000272015053 00000027 2015 05 06 13 1111 11:30 11:59 0026 1 463 0 _ _ 1 1 20150505102222 161
000000272015053 00000027 2015 05 13 13 1111 11:30 11:59 0026 1 463 0 _ _ 1 1 20150505102222 161
000000272015053 00000027 2015 05 20 13 1111 11:30 11:59 0026 1 463 0 _ _ 1 1 20150505102222 161
000000272015053 00000027 2015 05 27 13 1111 11:30 11:59 0026 1 463 0 _ _ 1 1 20150505102222 161
000000272015054 00000027 2015 05 05 15 1242 09:00 12:15 0251 1 488 0 _ _ 1 1 20150505102222 161
000000272015054 00000027 2015 05 12 15 1242 09:00 12:15 0251 1 488 0 _ _ 1 1 20150505102222 161
000000272015054 00000027 2015 05 19 15 1242 09:00 12:15 0251 1 488 0 _ _ 1 1 20150505102222 161
000000272015054 00000027 2015 05 26 15 1242 09:00 12:15 0251 1 488 0 _ _ 1 1 20150505102222 161
000000272015055 00000027 2015 05 05 15 5052 09:00 12:15 0251 1 56 0 _ _ 1 1 20150505102222 161
000000272015055 00000027 2015 05 12 15 5052 09:00 12:15 0251 1 56 0 _ _ 1 1 20150505102222 161
000000272015055 00000027 2015 05 19 15 5052 09:00 12:15 0251 1 56 0 _ _ 1 1 20150505102222 161
000000272015055 00000027 2015 05 26 15 5052 09:00 12:15 0251 1 56 0 _ _ 1 1 20150505102222 161
