1 00000081 2013 03 61 0073 グランクレール・ケアサービス横浜 1111 予防訪問介護Ⅰ 1220 0 1220 2 1220 0 1220 1220 0 10.84 13224 90 11901 1323 0 n n 0 1 20140725153020 00034
1 00000081 2013 04 61 0073 グランクレール・ケアサービス横浜 1111 予防訪問介護Ⅰ 1220 0 1220 2 1220 0 1220 1220 0 10.84 13224 90 11901 1323 0 n n 0 1 20140725153118 00034
1 00000081 2013 05 61 0073 グランクレール・ケアサービス横浜 1111 予防訪問介護Ⅰ 1220 0 1220 2 1220 0 1220 1220 0 10.84 13224 90 11901 1323 0 n n 0 1 20140725153226 00034
1 00000081 2013 06 61 0073 グランクレール・ケアサービス横浜 1111 予防訪問介護Ⅰ 1220 0 1220 2 1220 0 1220 1220 0 10.84 13224 90 11901 1323 0 n n 0 1 20140725153313 00034
1 00000081 2013 07 61 0073 グランクレール・ケアサービス横浜 1111 予防訪問介護Ⅰ 1220 0 1220 2 1220 0 1220 1220 0 10.84 13224 90 11901 1323 0 n n 0 1 20140725154932 00034
1 00000081 2013 08 61 0073 グランクレール・ケアサービス横浜 1111 予防訪問介護Ⅰ 1220 0 1220 1 1220 0 1220 1220 0 10.84 13224 90 11901 1323 0 n n 0 1 20140725153709 00034
1 00000081 2013 09 61 0073 グランクレール・ケアサービス横浜 1111 予防訪問介護Ⅰ 1220 0 1220 2 1220 0 1220 1220 0 10.84 13224 90 11901 1323 0 n n 0 1 20140627151435 00034
1 00000081 2013 10 61 0073 グランクレール・ケアサービス横浜 1111 予防訪問介護Ⅰ 1220 0 1220 2 1220 0 1220 1220 0 10.84 13224 90 11901 1323 0 n n 0 1 20140627151524 00034
1 00000081 2013 11 61 0073 グランクレール・ケアサービス横浜 1111 予防訪問介護Ⅰ 1220 0 1220 2 1220 0 1220 1220 0 10.84 13224 90 11901 1323 0 n n 0 1 20140627151615 00034
1 00000081 2013 12 61 0073 グランクレール・ケアサービス横浜 1111 予防訪問介護Ⅰ 1220 0 1220 2 1220 0 1220 1220 0 10.84 13224 90 11901 1323 0 n n 0 1 20140627151656 00034
1 00000081 2014 01 61 0073 グランクレール・ケアサービス横浜 1111 予防訪問介護Ⅰ 1220 0 1220 3 1220 0 1220 1220 0 10.84 13224 90 11901 1323 0 n n 0 1 20140623101257 00034
1 00000081 2014 02 61 0073 グランクレール・ケアサービス横浜 1111 予防訪問介護Ⅰ 1220 0 1220 2 1220 0 1220 1220 0 10.84 13224 90 11901 1323 0 n n 0 1 20140620101043 00078
1 00000081 2014 03 61 0073 グランクレール・ケアサービス横浜 1111 予防訪問介護Ⅰ 1220 0 1220 2 1220 0 1220 1220 0 10.84 13224 90 11901 1323 0 n n 0 1 20140620101144 00078
1 00000081 2014 04 61 0073 グランクレール・ケアサービス横浜 1111 予防訪問介護Ⅰ 1226 0 1226 2 1226 0 1226 1226 0 10.84 13289 90 11960 1329 0 n n 0 1 20140620101220 00078
1 00000081 2014 05 61 0073 グランクレール・ケアサービス横浜 1111 予防訪問介護Ⅰ 1226 0 1226 3 1226 0 1226 1226 0 10.84 13289 90 11960 1329 0 n n 0 1 20140818105135 00034
1 00000081 2014 06 61 0073 グランクレール・ケアサービス横浜 1111 予防訪問介護Ⅰ 1226 0 1226 1 1226 0 1226 1226 0 10.84 13289 90 11960 1329 0 n n 0 1 20140625122446 00038
2 00000081 2013 03 61 0073 グランクレール・ケアサービス横浜 6271 予防訪問介護処遇改善加算Ⅰ 49 0 49 1 49 0 49 49 0 10.84 531 90 477 54 0 a g 0 1 20140725153020 00034
2 00000081 2013 04 61 0073 グランクレール・ケアサービス横浜 6271 予防訪問介護処遇改善加算Ⅰ 49 0 49 1 49 0 49 49 0 10.84 531 90 477 54 0 a g 0 1 20140725153118 00034
2 00000081 2013 05 61 0073 グランクレール・ケアサービス横浜 6271 予防訪問介護処遇改善加算Ⅰ 49 0 49 1 49 0 49 49 0 10.84 531 90 477 54 0 a g 0 1 20140725153226 00034
2 00000081 2013 06 61 0073 グランクレール・ケアサービス横浜 6271 予防訪問介護処遇改善加算Ⅰ 49 0 49 1 49 0 49 49 0 10.84 531 90 477 54 0 a g 0 1 20140725153313 00034
2 00000081 2013 07 61 0073 グランクレール・ケアサービス横浜 6271 予防訪問介護処遇改善加算Ⅰ 49 0 49 1 49 0 49 49 0 10.84 531 90 477 54 0 a g 0 1 20140725154932 00034
2 00000081 2013 08 61 0073 グランクレール・ケアサービス横浜 6271 予防訪問介護処遇改善加算Ⅰ 49 0 49 1 49 0 49 49 0 10.84 531 90 477 54 0 a g 0 1 20140725153709 00034
2 00000081 2013 09 61 0073 グランクレール・ケアサービス横浜 6271 予防訪問介護処遇改善加算Ⅰ 49 0 49 1 49 0 49 49 0 10.84 531 90 477 54 0 a g 0 1 20140627151435 00034
2 00000081 2013 10 61 0073 グランクレール・ケアサービス横浜 6271 予防訪問介護処遇改善加算Ⅰ 49 0 49 1 49 0 49 49 0 10.84 531 90 477 54 0 a g 0 1 20140627151524 00034
2 00000081 2013 11 61 0073 グランクレール・ケアサービス横浜 6271 予防訪問介護処遇改善加算Ⅰ 49 0 49 1 49 0 49 49 0 10.84 531 90 477 54 0 a g 0 1 20140627151615 00034
2 00000081 2013 12 61 0073 グランクレール・ケアサービス横浜 6271 予防訪問介護処遇改善加算Ⅰ 49 0 49 1 49 0 49 49 0 10.84 531 90 477 54 0 a g 0 1 20140627151656 00034
2 00000081 2014 01 61 0073 グランクレール・ケアサービス横浜 6271 予防訪問介護処遇改善加算Ⅰ 49 0 49 1 49 0 49 49 0 10.84 531 90 477 54 0 a g 0 1 20140623101257 00034
2 00000081 2014 02 61 0073 グランクレール・ケアサービス横浜 6271 予防訪問介護処遇改善加算Ⅰ 49 0 49 1 49 0 49 49 0 10.84 531 90 477 54 0 a g 0 1 20140620101043 00078
2 00000081 2014 03 61 0073 グランクレール・ケアサービス横浜 6271 予防訪問介護処遇改善加算Ⅰ 49 0 49 1 49 0 49 49 0 10.84 531 90 477 54 0 a g 0 1 20140620101144 00078
2 00000081 2014 04 61 0073 グランクレール・ケアサービス横浜 6271 予防訪問介護処遇改善加算Ⅰ 49 0 49 1 49 0 49 49 0 10.84 531 90 477 54 0 a g 0 1 20140620101220 00078
2 00000081 2014 05 61 0073 グランクレール・ケアサービス横浜 6271 予防訪問介護処遇改善加算Ⅰ 49 0 49 1 49 0 49 49 0 10.84 531 90 477 54 0 a g 0 1 20140818105135 00034
2 00000081 2014 06 61 0073 グランクレール・ケアサービス横浜 6271 予防訪問介護処遇改善加算Ⅰ 49 0 49 1 49 0 49 49 0 10.84 531 90 477 54 0 a g 0 1 20140625122446 00038
