00000140 2014 04 1 1 00013 1 20140618112819 00030
00000140 2014 05 1 1 00013 1 20140811182943 00030
00000140 2014 06 _ 1 00013 1 20140703210208 00013
00000140 2014 07 _ 1 00013 1 20140803175634 00013
00000140 2014 08 1 1 00013 1 20140903153413 00013
00000140 2014 09 1 1 00013 1 20141003122810 00013
00000140 2014 10 1 1 00013 1 20141101183024 00013
00000140 2014 11 1 1 00013 1 20141202211528 00013
00000140 2014 12 1 _ 00013 1 20141205160039 00013
00000140 2015 01 _ _ 00013 1 20141206182225 00013
