000001402014041 00000140 2014 04 27 17 1001 _ _ 0058 1 600 0 _ _ 1 1 20140618112819 24
000001402014051 00000140 2014 05 25 11 1112 06:40 07:00 0070 1 319 0 _ _ 1 1 20140811182943 24
000001402014051 00000140 2014 05 26 11 1112 06:40 07:00 0070 1 319 0 _ _ 1 1 20140811182943 24
000001402014051 00000140 2014 05 29 11 1112 06:40 07:00 0070 1 319 0 _ _ 1 1 20140811182943 24
000001402014051 00000140 2014 05 30 11 1112 06:40 07:00 0070 1 319 0 _ _ 1 1 20140811182943 24
000001402014051 00000140 2014 05 31 11 1112 06:40 07:00 0070 1 319 0 _ _ 1 1 20140811182943 24
0000014020140510 00000140 2014 05 27 11 1112 07:30 07:50 0070 1 319 0 _ _ 1 1 20140811182943 24
0000014020140511 00000140 2014 05 01 17 1002 _ _ 0058 1 300 0 _ _ 1 1 20140811182943 24
000001402014052 00000140 2014 05 24 11 1211 14:00 14:45 0070 1 404 0 _ _ 1 1 20140811182943 24
000001402014052 00000140 2014 05 31 11 1211 14:00 14:45 0070 1 404 0 _ _ 1 1 20140811182943 24
000001402014053 00000140 2014 05 24 11 4001 _ _ 0070 1 200 0 _ _ 1 1 20140811182943 24
000001402014054 00000140 2014 05 28 11 5111 14:45 15:50 0070 1 474 0 _ _ 1 1 20140811182943 24
000001402014055 00000140 2014 05 24 11 1112 20:00 20:20 0070 1 319 0 _ _ 1 1 20140811182943 24
000001402014055 00000140 2014 05 25 11 1112 20:00 20:20 0070 1 319 0 _ _ 1 1 20140811182943 24
000001402014055 00000140 2014 05 26 11 1112 20:00 20:20 0070 1 319 0 _ _ 1 1 20140811182943 24
000001402014055 00000140 2014 05 27 11 1112 20:00 20:20 0070 1 319 0 _ _ 1 1 20140811182943 24
000001402014055 00000140 2014 05 28 11 1112 20:00 20:20 0070 1 319 0 _ _ 1 1 20140811182943 24
000001402014055 00000140 2014 05 29 11 1112 20:00 20:20 0070 1 319 0 _ _ 1 1 20140811182943 24
000001402014055 00000140 2014 05 30 11 1112 20:00 20:20 0070 1 319 0 _ _ 1 1 20140811182943 24
000001402014055 00000140 2014 05 31 11 1112 20:00 20:20 0070 1 319 0 _ _ 1 1 20140811182943 24
000001402014056 00000140 2014 05 23 13 1501 15:15 15:55 0259 1 318 0 _ _ 1 1 20140811182943 24
000001402014056 00000140 2014 05 27 13 1501 15:15 15:55 0259 1 318 0 _ _ 1 1 20140811182943 24
000001402014056 00000140 2014 05 30 13 1501 15:15 15:55 0259 1 318 0 _ _ 1 1 20140811182943 24
000001402014057 00000140 2014 05 27 13 4002 _ _ 0259 1 300 0 _ _ 1 1 20140811182943 24
000001402014058 00000140 2014 05 01 17 1001 _ _ 0058 1 600 0 _ _ 1 1 20140811182943 24
000001402014059 00000140 2014 05 27 11 1112 06:30 06:50 0070 1 319 0 _ _ 1 1 20140811182943 24
000001402014071 00000140 2014 07 14 11 1113 05:00 05:20 0070 1 383 0 _ _ _ 1 20140803175634 11
0000014020140710 00000140 2014 07 23 11 1112 20:10 20:39 0070 1 319 0 _ _ _ 1 20140803175634 11
0000014020140710 00000140 2014 07 28 11 1112 20:10 20:39 0070 1 319 0 _ _ _ 1 20140803175634 11
0000014020140711 00000140 2014 07 01 13 1501 15:15 15:55 0259 1 318 0 _ _ _ 1 20140803175634 11
0000014020140711 00000140 2014 07 08 13 1501 15:15 15:55 0259 1 318 0 _ _ _ 1 20140803175634 11
0000014020140711 00000140 2014 07 11 13 1501 15:15 15:55 0259 1 318 0 _ _ _ 1 20140803175634 11
0000014020140711 00000140 2014 07 15 13 1501 15:15 15:55 0259 1 318 0 _ _ _ 1 20140803175634 11
0000014020140711 00000140 2014 07 18 13 1501 15:15 15:55 0259 1 318 0 _ _ _ 1 20140803175634 11
0000014020140711 00000140 2014 07 22 13 1501 15:15 15:55 0259 1 318 0 _ _ _ 1 20140803175634 11
0000014020140711 00000140 2014 07 25 13 1501 15:15 15:55 0259 1 318 0 _ _ _ 1 20140803175634 11
0000014020140711 00000140 2014 07 29 13 1501 15:15 15:55 0259 1 318 0 _ _ _ 1 20140803175634 11
0000014020140712 00000140 2014 07 01 17 1001 _ _ 0058 1 600 0 _ _ _ 1 20140803175634 11
0000014020140713 00000140 2014 07 01 17 1002 _ _ 0058 1 300 0 _ _ _ 1 20140803175634 11
0000014020140714 00000140 2014 07 04 13 1501 13:00 13:39 0259 1 318 0 _ _ _ 1 20140803175634 11
000001402014072 00000140 2014 07 08 11 1113 05:05 05:25 0070 1 383 0 _ _ _ 1 20140803175634 11
000001402014073 00000140 2014 07 13 11 1113 05:40 06:00 0070 1 383 0 _ _ _ 1 20140803175634 11
000001402014074 00000140 2014 07 01 11 1112 06:30 06:50 0070 1 319 0 _ _ _ 1 20140803175634 11
000001402014074 00000140 2014 07 02 11 1112 06:30 06:50 0070 1 319 0 _ _ _ 1 20140803175634 11
000001402014074 00000140 2014 07 03 11 1112 06:30 06:50 0070 1 319 0 _ _ _ 1 20140803175634 11
000001402014074 00000140 2014 07 04 11 1112 06:30 06:50 0070 1 319 0 _ _ _ 1 20140803175634 11
000001402014074 00000140 2014 07 05 11 1112 06:30 06:50 0070 1 319 0 _ _ _ 1 20140803175634 11
000001402014074 00000140 2014 07 06 11 1112 06:30 06:50 0070 1 319 0 _ _ _ 1 20140803175634 11
000001402014074 00000140 2014 07 09 11 1112 06:30 06:50 0070 1 319 0 _ _ _ 1 20140803175634 11
000001402014074 00000140 2014 07 10 11 1112 06:30 06:50 0070 1 319 0 _ _ _ 1 20140803175634 11
000001402014074 00000140 2014 07 11 11 1112 06:30 06:50 0070 1 319 0 _ _ _ 1 20140803175634 11
000001402014074 00000140 2014 07 12 11 1112 06:30 06:50 0070 1 319 0 _ _ _ 1 20140803175634 11
000001402014074 00000140 2014 07 15 11 1112 06:30 06:50 0070 1 319 0 _ _ _ 1 20140803175634 11
000001402014074 00000140 2014 07 16 11 1112 06:30 06:50 0070 1 319 0 _ _ _ 1 20140803175634 11
000001402014074 00000140 2014 07 17 11 1112 06:30 06:50 0070 1 319 0 _ _ _ 1 20140803175634 11
000001402014074 00000140 2014 07 18 11 1112 06:30 06:50 0070 1 319 0 _ _ _ 1 20140803175634 11
000001402014074 00000140 2014 07 19 11 1112 06:30 06:50 0070 1 319 0 _ _ _ 1 20140803175634 11
000001402014074 00000140 2014 07 20 11 1112 06:30 06:50 0070 1 319 0 _ _ _ 1 20140803175634 11
000001402014074 00000140 2014 07 21 11 1112 06:30 06:50 0070 1 319 0 _ _ _ 1 20140803175634 11
000001402014074 00000140 2014 07 22 11 1112 06:30 06:50 0070 1 319 0 _ _ _ 1 20140803175634 11
000001402014074 00000140 2014 07 23 11 1112 06:30 06:50 0070 1 319 0 _ _ _ 1 20140803175634 11
000001402014074 00000140 2014 07 24 11 1112 06:30 06:50 0070 1 319 0 _ _ _ 1 20140803175634 11
000001402014074 00000140 2014 07 25 11 1112 06:30 06:50 0070 1 319 0 _ _ _ 1 20140803175634 11
000001402014074 00000140 2014 07 26 11 1112 06:30 06:50 0070 1 319 0 _ _ _ 1 20140803175634 11
000001402014074 00000140 2014 07 27 11 1112 06:30 06:50 0070 1 319 0 _ _ _ 1 20140803175634 11
000001402014074 00000140 2014 07 28 11 1112 06:30 06:50 0070 1 319 0 _ _ _ 1 20140803175634 11
000001402014074 00000140 2014 07 29 11 1112 06:30 06:50 0070 1 319 0 _ _ _ 1 20140803175634 11
000001402014074 00000140 2014 07 30 11 1112 06:30 06:50 0070 1 319 0 _ _ _ 1 20140803175634 11
000001402014074 00000140 2014 07 31 11 1112 06:30 06:50 0070 1 319 0 _ _ _ 1 20140803175634 11
000001402014075 00000140 2014 07 05 11 1211 14:00 14:45 0070 1 404 0 _ _ _ 1 20140803175634 11
000001402014075 00000140 2014 07 12 11 1211 14:00 14:45 0070 1 404 0 _ _ _ 1 20140803175634 11
000001402014075 00000140 2014 07 19 11 1211 14:00 14:45 0070 1 404 0 _ _ _ 1 20140803175634 11
000001402014075 00000140 2014 07 26 11 1211 14:00 14:45 0070 1 404 0 _ _ _ 1 20140803175634 11
000001402014076 00000140 2014 07 09 11 5111 14:00 15:05 0070 1 474 0 _ _ _ 1 20140803175634 11
000001402014076 00000140 2014 07 16 11 5111 14:00 15:05 0070 1 474 0 _ _ _ 1 20140803175634 11
000001402014076 00000140 2014 07 23 11 5111 14:00 15:05 0070 1 474 0 _ _ _ 1 20140803175634 11
000001402014076 00000140 2014 07 30 11 5111 14:00 15:05 0070 1 474 0 _ _ _ 1 20140803175634 11
000001402014077 00000140 2014 07 02 11 5111 14:45 15:50 0070 1 474 0 _ _ _ 1 20140803175634 11
000001402014078 00000140 2014 07 01 11 1112 20:00 20:20 0070 1 319 0 _ _ _ 1 20140803175634 11
000001402014078 00000140 2014 07 08 11 1112 20:00 20:20 0070 1 319 0 _ _ _ 1 20140803175634 11
000001402014078 00000140 2014 07 09 11 1112 20:00 20:20 0070 1 319 0 _ _ _ 1 20140803175634 11
000001402014078 00000140 2014 07 10 11 1112 20:00 20:20 0070 1 319 0 _ _ _ 1 20140803175634 11
000001402014078 00000140 2014 07 14 11 1112 20:00 20:20 0070 1 319 0 _ _ _ 1 20140803175634 11
000001402014078 00000140 2014 07 15 11 1112 20:00 20:20 0070 1 319 0 _ _ _ 1 20140803175634 11
000001402014078 00000140 2014 07 20 11 1112 20:00 20:20 0070 1 319 0 _ _ _ 1 20140803175634 11
000001402014078 00000140 2014 07 21 11 1112 20:00 20:20 0070 1 319 0 _ _ _ 1 20140803175634 11
000001402014078 00000140 2014 07 26 11 1112 20:00 20:20 0070 1 319 0 _ _ _ 1 20140803175634 11
000001402014078 00000140 2014 07 27 11 1112 20:00 20:20 0070 1 319 0 _ _ _ 1 20140803175634 11
000001402014078 00000140 2014 07 30 11 1112 20:00 20:20 0070 1 319 0 _ _ _ 1 20140803175634 11
000001402014078 00000140 2014 07 31 11 1112 20:00 20:20 0070 1 319 0 _ _ _ 1 20140803175634 11
000001402014079 00000140 2014 07 02 11 1112 20:00 20:29 0070 1 319 0 _ _ _ 1 20140803175634 11
000001402014079 00000140 2014 07 03 11 1112 20:00 20:29 0070 1 319 0 _ _ _ 1 20140803175634 11
000001402014079 00000140 2014 07 04 11 1112 20:00 20:29 0070 1 319 0 _ _ _ 1 20140803175634 11
000001402014079 00000140 2014 07 05 11 1112 20:00 20:29 0070 1 319 0 _ _ _ 1 20140803175634 11
000001402014079 00000140 2014 07 06 11 1112 20:00 20:29 0070 1 319 0 _ _ _ 1 20140803175634 11
000001402014079 00000140 2014 07 07 11 1112 20:00 20:29 0070 1 319 0 _ _ _ 1 20140803175634 11
000001402014079 00000140 2014 07 11 11 1112 20:00 20:29 0070 1 319 0 _ _ _ 1 20140803175634 11
000001402014079 00000140 2014 07 12 11 1112 20:00 20:29 0070 1 319 0 _ _ _ 1 20140803175634 11
000001402014079 00000140 2014 07 13 11 1112 20:00 20:29 0070 1 319 0 _ _ _ 1 20140803175634 11
000001402014079 00000140 2014 07 16 11 1112 20:00 20:29 0070 1 319 0 _ _ _ 1 20140803175634 11
000001402014079 00000140 2014 07 17 11 1112 20:00 20:29 0070 1 319 0 _ _ _ 1 20140803175634 11
000001402014079 00000140 2014 07 18 11 1112 20:00 20:29 0070 1 319 0 _ _ _ 1 20140803175634 11
000001402014079 00000140 2014 07 19 11 1112 20:00 20:29 0070 1 319 0 _ _ _ 1 20140803175634 11
000001402014079 00000140 2014 07 22 11 1112 20:00 20:29 0070 1 319 0 _ _ _ 1 20140803175634 11
000001402014079 00000140 2014 07 24 11 1112 20:00 20:29 0070 1 319 0 _ _ _ 1 20140803175634 11
000001402014079 00000140 2014 07 25 11 1112 20:00 20:29 0070 1 319 0 _ _ _ 1 20140803175634 11
000001402014079 00000140 2014 07 29 11 1112 20:00 20:29 0070 1 319 0 _ _ _ 1 20140803175634 11
000001402014081 00000140 2014 08 13 11 1113 05:10 05:30 0070 1 383 0 _ _ 1 1 20140903153413 11
0000014020140810 00000140 2014 08 01 11 1112 20:00 20:29 0070 1 319 0 _ _ 1 1 20140903153413 11
0000014020140810 00000140 2014 08 02 11 1112 20:00 20:29 0070 1 319 0 _ _ 1 1 20140903153413 11
0000014020140810 00000140 2014 08 03 11 1112 20:00 20:29 0070 1 319 0 _ _ 1 1 20140903153413 11
0000014020140810 00000140 2014 08 04 11 1112 20:00 20:29 0070 1 319 0 _ _ 1 1 20140903153413 11
0000014020140810 00000140 2014 08 07 11 1112 20:00 20:29 0070 1 319 0 _ _ 1 1 20140903153413 11
0000014020140810 00000140 2014 08 09 11 1112 20:00 20:29 0070 1 319 0 _ _ 1 1 20140903153413 11
0000014020140810 00000140 2014 08 10 11 1112 20:00 20:29 0070 1 319 0 _ _ 1 1 20140903153413 11
0000014020140810 00000140 2014 08 11 11 1112 20:00 20:29 0070 1 319 0 _ _ 1 1 20140903153413 11
0000014020140810 00000140 2014 08 12 11 1112 20:00 20:29 0070 1 319 0 _ _ 1 1 20140903153413 11
0000014020140810 00000140 2014 08 16 11 1112 20:00 20:29 0070 1 319 0 _ _ 1 1 20140903153413 11
0000014020140810 00000140 2014 08 17 11 1112 20:00 20:29 0070 1 319 0 _ _ 1 1 20140903153413 11
0000014020140810 00000140 2014 08 18 11 1112 20:00 20:29 0070 1 319 0 _ _ 1 1 20140903153413 11
0000014020140810 00000140 2014 08 21 11 1112 20:00 20:29 0070 1 319 0 _ _ 1 1 20140903153413 11
0000014020140810 00000140 2014 08 22 11 1112 20:00 20:29 0070 1 319 0 _ _ 1 1 20140903153413 11
0000014020140810 00000140 2014 08 23 11 1112 20:00 20:29 0070 1 319 0 _ _ 1 1 20140903153413 11
0000014020140810 00000140 2014 08 24 11 1112 20:00 20:29 0070 1 319 0 _ _ 1 1 20140903153413 11
0000014020140810 00000140 2014 08 27 11 1112 20:00 20:29 0070 1 319 0 _ _ 1 1 20140903153413 11
0000014020140810 00000140 2014 08 28 11 1112 20:00 20:29 0070 1 319 0 _ _ 1 1 20140903153413 11
0000014020140810 00000140 2014 08 29 11 1112 20:00 20:29 0070 1 319 0 _ _ 1 1 20140903153413 11
0000014020140810 00000140 2014 08 30 11 1112 20:00 20:29 0070 1 319 0 _ _ 1 1 20140903153413 11
0000014020140810 00000140 2014 08 31 11 1112 20:00 20:29 0070 1 319 0 _ _ 1 1 20140903153413 11
0000014020140811 00000140 2014 08 08 13 1501 13:00 13:40 0259 1 318 0 _ _ 1 1 20140903153413 11
0000014020140811 00000140 2014 08 15 13 1501 13:00 13:40 0259 1 318 0 _ _ 1 1 20140903153413 11
0000014020140811 00000140 2014 08 22 13 1501 13:00 13:40 0259 1 318 0 _ _ 1 1 20140903153413 11
0000014020140811 00000140 2014 08 29 13 1501 13:00 13:40 0259 1 318 0 _ _ 1 1 20140903153413 11
0000014020140812 00000140 2014 08 01 13 1501 15:15 15:55 0259 1 318 0 _ _ 1 1 20140903153413 11
0000014020140812 00000140 2014 08 05 13 1501 15:15 15:55 0259 1 318 0 _ _ 1 1 20140903153413 11
0000014020140812 00000140 2014 08 12 13 1501 15:15 15:55 0259 1 318 0 _ _ 1 1 20140903153413 11
0000014020140812 00000140 2014 08 19 13 1501 15:15 15:55 0259 1 318 0 _ _ 1 1 20140903153413 11
0000014020140812 00000140 2014 08 26 13 1501 15:15 15:55 0259 1 318 0 _ _ 1 1 20140903153413 11
0000014020140813 00000140 2014 08 01 17 1001 _ _ 0058 1 600 0 _ _ 1 1 20140903153413 11
0000014020140814 00000140 2014 08 01 17 1002 _ _ 0058 1 420 0 _ _ 1 1 20140903153413 11
000001402014082 00000140 2014 08 11 11 1112 06:00 06:29 0070 1 319 0 _ _ 1 1 20140903153413 11
000001402014083 00000140 2014 08 26 11 1112 06:20 06:40 0070 1 319 0 _ _ 1 1 20140903153413 11
000001402014084 00000140 2014 08 21 11 1112 06:25 06:45 0070 1 319 0 _ _ 1 1 20140903153413 11
000001402014085 00000140 2014 08 01 11 1112 06:30 06:50 0070 1 319 0 _ _ 1 1 20140903153413 11
000001402014085 00000140 2014 08 02 11 1112 06:30 06:50 0070 1 319 0 _ _ 1 1 20140903153413 11
000001402014085 00000140 2014 08 03 11 1112 06:30 06:50 0070 1 319 0 _ _ 1 1 20140903153413 11
000001402014085 00000140 2014 08 04 11 1112 06:30 06:50 0070 1 319 0 _ _ 1 1 20140903153413 11
000001402014085 00000140 2014 08 05 11 1112 06:30 06:50 0070 1 319 0 _ _ 1 1 20140903153413 11
000001402014085 00000140 2014 08 06 11 1112 06:30 06:50 0070 1 319 0 _ _ 1 1 20140903153413 11
000001402014085 00000140 2014 08 07 11 1112 06:30 06:50 0070 1 319 0 _ _ 1 1 20140903153413 11
000001402014085 00000140 2014 08 08 11 1112 06:30 06:50 0070 1 319 0 _ _ 1 1 20140903153413 11
000001402014085 00000140 2014 08 09 11 1112 06:30 06:50 0070 1 319 0 _ _ 1 1 20140903153413 11
000001402014085 00000140 2014 08 10 11 1112 06:30 06:50 0070 1 319 0 _ _ 1 1 20140903153413 11
000001402014085 00000140 2014 08 12 11 1112 06:30 06:50 0070 1 319 0 _ _ 1 1 20140903153413 11
000001402014085 00000140 2014 08 14 11 1112 06:30 06:50 0070 1 319 0 _ _ 1 1 20140903153413 11
000001402014085 00000140 2014 08 15 11 1112 06:30 06:50 0070 1 319 0 _ _ 1 1 20140903153413 11
000001402014085 00000140 2014 08 16 11 1112 06:30 06:50 0070 1 319 0 _ _ 1 1 20140903153413 11
000001402014085 00000140 2014 08 17 11 1112 06:30 06:50 0070 1 319 0 _ _ 1 1 20140903153413 11
000001402014085 00000140 2014 08 18 11 1112 06:30 06:50 0070 1 319 0 _ _ 1 1 20140903153413 11
000001402014085 00000140 2014 08 19 11 1112 06:30 06:50 0070 1 319 0 _ _ 1 1 20140903153413 11
000001402014085 00000140 2014 08 20 11 1112 06:30 06:50 0070 1 319 0 _ _ 1 1 20140903153413 11
000001402014085 00000140 2014 08 22 11 1112 06:30 06:50 0070 1 319 0 _ _ 1 1 20140903153413 11
000001402014085 00000140 2014 08 23 11 1112 06:30 06:50 0070 1 319 0 _ _ 1 1 20140903153413 11
000001402014085 00000140 2014 08 24 11 1112 06:30 06:50 0070 1 319 0 _ _ 1 1 20140903153413 11
000001402014085 00000140 2014 08 25 11 1112 06:30 06:50 0070 1 319 0 _ _ 1 1 20140903153413 11
000001402014085 00000140 2014 08 27 11 1112 06:30 06:50 0070 1 319 0 _ _ 1 1 20140903153413 11
000001402014085 00000140 2014 08 28 11 1112 06:30 06:50 0070 1 319 0 _ _ 1 1 20140903153413 11
000001402014085 00000140 2014 08 29 11 1112 06:30 06:50 0070 1 319 0 _ _ 1 1 20140903153413 11
000001402014085 00000140 2014 08 30 11 1112 06:30 06:50 0070 1 319 0 _ _ 1 1 20140903153413 11
000001402014085 00000140 2014 08 31 11 1112 06:30 06:50 0070 1 319 0 _ _ 1 1 20140903153413 11
000001402014086 00000140 2014 08 02 11 1211 14:00 14:45 0070 1 404 0 _ _ 1 1 20140903153413 11
000001402014086 00000140 2014 08 09 11 1211 14:00 14:45 0070 1 404 0 _ _ 1 1 20140903153413 11
000001402014086 00000140 2014 08 16 11 1211 14:00 14:45 0070 1 404 0 _ _ 1 1 20140903153413 11
000001402014086 00000140 2014 08 23 11 1211 14:00 14:45 0070 1 404 0 _ _ 1 1 20140903153413 11
000001402014086 00000140 2014 08 30 11 1211 14:00 14:45 0070 1 404 0 _ _ 1 1 20140903153413 11
000001402014087 00000140 2014 08 06 11 5111 14:00 15:05 0070 1 474 0 _ _ 1 1 20140903153413 11
000001402014087 00000140 2014 08 20 11 5111 14:00 15:05 0070 1 474 0 _ _ 1 1 20140903153413 11
000001402014087 00000140 2014 08 27 11 5111 14:00 15:05 0070 1 474 0 _ _ 1 1 20140903153413 11
000001402014088 00000140 2014 08 13 11 5111 15:30 16:35 0070 1 474 0 _ _ 1 1 20140903153413 11
000001402014089 00000140 2014 08 05 11 1112 20:00 20:20 0070 1 319 0 _ _ 1 1 20140903153413 11
000001402014089 00000140 2014 08 06 11 1112 20:00 20:20 0070 1 319 0 _ _ 1 1 20140903153413 11
000001402014089 00000140 2014 08 08 11 1112 20:00 20:20 0070 1 319 0 _ _ 1 1 20140903153413 11
000001402014089 00000140 2014 08 13 11 1112 20:00 20:20 0070 1 319 0 _ _ 1 1 20140903153413 11
000001402014089 00000140 2014 08 14 11 1112 20:00 20:20 0070 1 319 0 _ _ 1 1 20140903153413 11
000001402014089 00000140 2014 08 15 11 1112 20:00 20:20 0070 1 319 0 _ _ 1 1 20140903153413 11
000001402014089 00000140 2014 08 19 11 1112 20:00 20:20 0070 1 319 0 _ _ 1 1 20140903153413 11
000001402014089 00000140 2014 08 20 11 1112 20:00 20:20 0070 1 319 0 _ _ 1 1 20140903153413 11
000001402014089 00000140 2014 08 25 11 1112 20:00 20:20 0070 1 319 0 _ _ 1 1 20140903153413 11
000001402014089 00000140 2014 08 26 11 1112 20:00 20:20 0070 1 319 0 _ _ 1 1 20140903153413 11
000001402014091 00000140 2014 09 03 11 1112 06:20 06:40 0070 1 319 0 _ _ 1 1 20141003122810 11
0000014020140910 00000140 2014 09 02 13 1501 15:15 15:55 0259 1 318 0 _ _ 1 1 20141003122810 11
0000014020140910 00000140 2014 09 09 13 1501 15:15 15:55 0259 1 318 0 _ _ 1 1 20141003122810 11
0000014020140910 00000140 2014 09 16 13 1501 15:15 15:55 0259 1 318 0 _ _ 1 1 20141003122810 11
0000014020140910 00000140 2014 09 30 13 1501 15:15 15:55 0259 1 318 0 _ _ 1 1 20141003122810 11
0000014020140911 00000140 2014 09 01 17 1001 _ _ 0058 1 600 0 _ _ 1 1 20141003122810 11
0000014020140912 00000140 2014 09 01 17 1002 _ _ 0058 1 420 0 _ _ 1 1 20141003122810 11
000001402014092 00000140 2014 09 01 11 1112 06:30 06:50 0070 1 319 0 _ _ 1 1 20141003122810 11
000001402014092 00000140 2014 09 02 11 1112 06:30 06:50 0070 1 319 0 _ _ 1 1 20141003122810 11
000001402014092 00000140 2014 09 04 11 1112 06:30 06:50 0070 1 319 0 _ _ 1 1 20141003122810 11
000001402014092 00000140 2014 09 05 11 1112 06:30 06:50 0070 1 319 0 _ _ 1 1 20141003122810 11
000001402014092 00000140 2014 09 06 11 1112 06:30 06:50 0070 1 319 0 _ _ 1 1 20141003122810 11
000001402014092 00000140 2014 09 07 11 1112 06:30 06:50 0070 1 319 0 _ _ 1 1 20141003122810 11
000001402014092 00000140 2014 09 08 11 1112 06:30 06:50 0070 1 319 0 _ _ 1 1 20141003122810 11
000001402014092 00000140 2014 09 09 11 1112 06:30 06:50 0070 1 319 0 _ _ 1 1 20141003122810 11
000001402014092 00000140 2014 09 10 11 1112 06:30 06:50 0070 1 319 0 _ _ 1 1 20141003122810 11
000001402014092 00000140 2014 09 11 11 1112 06:30 06:50 0070 1 319 0 _ _ 1 1 20141003122810 11
000001402014092 00000140 2014 09 12 11 1112 06:30 06:50 0070 1 319 0 _ _ 1 1 20141003122810 11
000001402014092 00000140 2014 09 13 11 1112 06:30 06:50 0070 1 319 0 _ _ 1 1 20141003122810 11
000001402014092 00000140 2014 09 14 11 1112 06:30 06:50 0070 1 319 0 _ _ 1 1 20141003122810 11
000001402014092 00000140 2014 09 15 11 1112 06:30 06:50 0070 1 319 0 _ _ 1 1 20141003122810 11
000001402014092 00000140 2014 09 16 11 1112 06:30 06:50 0070 1 319 0 _ _ 1 1 20141003122810 11
000001402014092 00000140 2014 09 17 11 1112 06:30 06:50 0070 1 319 0 _ _ 1 1 20141003122810 11
000001402014092 00000140 2014 09 18 11 1112 06:30 06:50 0070 1 319 0 _ _ 1 1 20141003122810 11
000001402014092 00000140 2014 09 19 11 1112 06:30 06:50 0070 1 319 0 _ _ 1 1 20141003122810 11
000001402014092 00000140 2014 09 20 11 1112 06:30 06:50 0070 1 319 0 _ _ 1 1 20141003122810 11
000001402014092 00000140 2014 09 21 11 1112 06:30 06:50 0070 1 319 0 _ _ 1 1 20141003122810 11
000001402014092 00000140 2014 09 22 11 1112 06:30 06:50 0070 1 319 0 _ _ 1 1 20141003122810 11
000001402014092 00000140 2014 09 23 11 1112 06:30 06:50 0070 1 319 0 _ _ 1 1 20141003122810 11
000001402014092 00000140 2014 09 24 11 1112 06:30 06:50 0070 1 319 0 _ _ 1 1 20141003122810 11
000001402014092 00000140 2014 09 25 11 1112 06:30 06:50 0070 1 319 0 _ _ 1 1 20141003122810 11
000001402014092 00000140 2014 09 26 11 1112 06:30 06:50 0070 1 319 0 _ _ 1 1 20141003122810 11
000001402014092 00000140 2014 09 27 11 1112 06:30 06:50 0070 1 319 0 _ _ 1 1 20141003122810 11
000001402014092 00000140 2014 09 28 11 1112 06:30 06:50 0070 1 319 0 _ _ 1 1 20141003122810 11
000001402014092 00000140 2014 09 29 11 1112 06:30 06:50 0070 1 319 0 _ _ 1 1 20141003122810 11
000001402014092 00000140 2014 09 30 11 1112 06:30 06:50 0070 1 319 0 _ _ 1 1 20141003122810 11
000001402014093 00000140 2014 09 06 11 1211 14:00 14:45 0070 1 404 0 _ _ 1 1 20141003122810 11
000001402014093 00000140 2014 09 13 11 1211 14:00 14:45 0070 1 404 0 _ _ 1 1 20141003122810 11
000001402014093 00000140 2014 09 20 11 1211 14:00 14:45 0070 1 404 0 _ _ 1 1 20141003122810 11
000001402014093 00000140 2014 09 27 11 1211 14:00 14:45 0070 1 404 0 _ _ 1 1 20141003122810 11
000001402014094 00000140 2014 09 03 11 5111 14:00 15:05 0070 1 474 0 _ _ 1 1 20141003122810 11
000001402014094 00000140 2014 09 10 11 5111 14:00 15:05 0070 1 474 0 _ _ 1 1 20141003122810 11
000001402014094 00000140 2014 09 17 11 5111 14:00 15:05 0070 1 474 0 _ _ 1 1 20141003122810 11
000001402014094 00000140 2014 09 24 11 5111 14:00 15:05 0070 1 474 0 _ _ 1 1 20141003122810 11
000001402014095 00000140 2014 09 07 11 1112 19:40 20:00 0070 1 319 0 _ _ 1 1 20141003122810 11
000001402014095 00000140 2014 09 27 11 1112 19:40 20:00 0070 1 319 0 _ _ 1 1 20141003122810 11
000001402014096 00000140 2014 09 02 11 1112 20:00 20:20 0070 1 319 0 _ _ 1 1 20141003122810 11
000001402014096 00000140 2014 09 03 11 1112 20:00 20:20 0070 1 319 0 _ _ 1 1 20141003122810 11
000001402014096 00000140 2014 09 04 11 1112 20:00 20:20 0070 1 319 0 _ _ 1 1 20141003122810 11
000001402014096 00000140 2014 09 05 11 1112 20:00 20:20 0070 1 319 0 _ _ 1 1 20141003122810 11
000001402014096 00000140 2014 09 06 11 1112 20:00 20:20 0070 1 319 0 _ _ 1 1 20141003122810 11
000001402014096 00000140 2014 09 08 11 1112 20:00 20:20 0070 1 319 0 _ _ 1 1 20141003122810 11
000001402014096 00000140 2014 09 09 11 1112 20:00 20:20 0070 1 319 0 _ _ 1 1 20141003122810 11
000001402014096 00000140 2014 09 10 11 1112 20:00 20:20 0070 1 319 0 _ _ 1 1 20141003122810 11
000001402014096 00000140 2014 09 11 11 1112 20:00 20:20 0070 1 319 0 _ _ 1 1 20141003122810 11
000001402014096 00000140 2014 09 12 11 1112 20:00 20:20 0070 1 319 0 _ _ 1 1 20141003122810 11
000001402014096 00000140 2014 09 13 11 1112 20:00 20:20 0070 1 319 0 _ _ 1 1 20141003122810 11
000001402014096 00000140 2014 09 14 11 1112 20:00 20:20 0070 1 319 0 _ _ 1 1 20141003122810 11
000001402014096 00000140 2014 09 15 11 1112 20:00 20:20 0070 1 319 0 _ _ 1 1 20141003122810 11
000001402014096 00000140 2014 09 16 11 1112 20:00 20:20 0070 1 319 0 _ _ 1 1 20141003122810 11
000001402014096 00000140 2014 09 17 11 1112 20:00 20:20 0070 1 319 0 _ _ 1 1 20141003122810 11
000001402014096 00000140 2014 09 18 11 1112 20:00 20:20 0070 1 319 0 _ _ 1 1 20141003122810 11
000001402014096 00000140 2014 09 19 11 1112 20:00 20:20 0070 1 319 0 _ _ 1 1 20141003122810 11
000001402014096 00000140 2014 09 20 11 1112 20:00 20:20 0070 1 319 0 _ _ 1 1 20141003122810 11
000001402014096 00000140 2014 09 21 11 1112 20:00 20:20 0070 1 319 0 _ _ 1 1 20141003122810 11
000001402014096 00000140 2014 09 22 11 1112 20:00 20:20 0070 1 319 0 _ _ 1 1 20141003122810 11
000001402014096 00000140 2014 09 23 11 1112 20:00 20:20 0070 1 319 0 _ _ 1 1 20141003122810 11
000001402014096 00000140 2014 09 24 11 1112 20:00 20:20 0070 1 319 0 _ _ 1 1 20141003122810 11
000001402014096 00000140 2014 09 25 11 1112 20:00 20:20 0070 1 319 0 _ _ 1 1 20141003122810 11
000001402014096 00000140 2014 09 28 11 1112 20:00 20:20 0070 1 319 0 _ _ 1 1 20141003122810 11
000001402014096 00000140 2014 09 29 11 1112 20:00 20:20 0070 1 319 0 _ _ 1 1 20141003122810 11
000001402014096 00000140 2014 09 30 11 1112 20:00 20:20 0070 1 319 0 _ _ 1 1 20141003122810 11
000001402014097 00000140 2014 09 01 11 1112 20:00 20:29 0070 1 319 0 _ _ 1 1 20141003122810 11
000001402014097 00000140 2014 09 26 11 1112 20:00 20:29 0070 1 319 0 _ _ 1 1 20141003122810 11
000001402014098 00000140 2014 09 05 13 1501 13:00 13:39 0259 1 318 0 _ _ 1 1 20141003122810 11
000001402014098 00000140 2014 09 12 13 1501 13:00 13:39 0259 1 318 0 _ _ 1 1 20141003122810 11
000001402014098 00000140 2014 09 26 13 1501 13:00 13:39 0259 1 318 0 _ _ 1 1 20141003122810 11
000001402014099 00000140 2014 09 25 13 1501 14:30 15:09 0259 1 318 0 _ _ 1 1 20141003122810 11
000001402014101 00000140 2014 10 01 11 1112 06:30 06:50 0070 1 319 0 _ _ 1 1 20141101183024 11
000001402014101 00000140 2014 10 02 11 1112 06:30 06:50 0070 1 319 0 _ _ 1 1 20141101183024 11
000001402014101 00000140 2014 10 03 11 1112 06:30 06:50 0070 1 319 0 _ _ 1 1 20141101183024 11
000001402014101 00000140 2014 10 04 11 1112 06:30 06:50 0070 1 319 0 _ _ 1 1 20141101183024 11
000001402014101 00000140 2014 10 06 11 1112 06:30 06:50 0070 1 319 0 _ _ 1 1 20141101183024 11
000001402014101 00000140 2014 10 07 11 1112 06:30 06:50 0070 1 319 0 _ _ 1 1 20141101183024 11
000001402014101 00000140 2014 10 08 11 1112 06:30 06:50 0070 1 319 0 _ _ 1 1 20141101183024 11
000001402014101 00000140 2014 10 09 11 1112 06:30 06:50 0070 1 319 0 _ _ 1 1 20141101183024 11
000001402014101 00000140 2014 10 10 11 1112 06:30 06:50 0070 1 319 0 _ _ 1 1 20141101183024 11
000001402014101 00000140 2014 10 11 11 1112 06:30 06:50 0070 1 319 0 _ _ 1 1 20141101183024 11
000001402014101 00000140 2014 10 12 11 1112 06:30 06:50 0070 1 319 0 _ _ 1 1 20141101183024 11
000001402014101 00000140 2014 10 13 11 1112 06:30 06:50 0070 1 319 0 _ _ 1 1 20141101183024 11
000001402014101 00000140 2014 10 14 11 1112 06:30 06:50 0070 1 319 0 _ _ 1 1 20141101183024 11
000001402014101 00000140 2014 10 15 11 1112 06:30 06:50 0070 1 319 0 _ _ 1 1 20141101183024 11
000001402014101 00000140 2014 10 16 11 1112 06:30 06:50 0070 1 319 0 _ _ 1 1 20141101183024 11
000001402014101 00000140 2014 10 17 11 1112 06:30 06:50 0070 1 319 0 _ _ 1 1 20141101183024 11
000001402014101 00000140 2014 10 18 11 1112 06:30 06:50 0070 1 319 0 _ _ 1 1 20141101183024 11
000001402014101 00000140 2014 10 19 11 1112 06:30 06:50 0070 1 319 0 _ _ 1 1 20141101183024 11
000001402014101 00000140 2014 10 20 11 1112 06:30 06:50 0070 1 319 0 _ _ 1 1 20141101183024 11
000001402014101 00000140 2014 10 21 11 1112 06:30 06:50 0070 1 319 0 _ _ 1 1 20141101183024 11
000001402014101 00000140 2014 10 22 11 1112 06:30 06:50 0070 1 319 0 _ _ 1 1 20141101183024 11
000001402014101 00000140 2014 10 23 11 1112 06:30 06:50 0070 1 319 0 _ _ 1 1 20141101183024 11
000001402014101 00000140 2014 10 24 11 1112 06:30 06:50 0070 1 319 0 _ _ 1 1 20141101183024 11
000001402014101 00000140 2014 10 25 11 1112 06:30 06:50 0070 1 319 0 _ _ 1 1 20141101183024 11
000001402014101 00000140 2014 10 26 11 1112 06:30 06:50 0070 1 319 0 _ _ 1 1 20141101183024 11
000001402014101 00000140 2014 10 27 11 1112 06:30 06:50 0070 1 319 0 _ _ 1 1 20141101183024 11
000001402014101 00000140 2014 10 28 11 1112 06:30 06:50 0070 1 319 0 _ _ 1 1 20141101183024 11
000001402014101 00000140 2014 10 29 11 1112 06:30 06:50 0070 1 319 0 _ _ 1 1 20141101183024 11
000001402014101 00000140 2014 10 30 11 1112 06:30 06:50 0070 1 319 0 _ _ 1 1 20141101183024 11
000001402014101 00000140 2014 10 31 11 1112 06:30 06:50 0070 1 319 0 _ _ 1 1 20141101183024 11
000001402014102 00000140 2014 10 04 11 1211 14:00 14:45 0070 1 404 0 _ _ 1 1 20141101183024 11
000001402014102 00000140 2014 10 11 11 1211 14:00 14:45 0070 1 404 0 _ _ 1 1 20141101183024 11
000001402014102 00000140 2014 10 18 11 1211 14:00 14:45 0070 1 404 0 _ _ 1 1 20141101183024 11
000001402014102 00000140 2014 10 25 11 1211 14:00 14:45 0070 1 404 0 _ _ 1 1 20141101183024 11
000001402014103 00000140 2014 10 01 11 5111 14:00 15:05 0070 1 474 0 _ _ 1 1 20141101183024 11
000001402014103 00000140 2014 10 08 11 5111 14:00 15:05 0070 1 474 0 _ _ 1 1 20141101183024 11
000001402014103 00000140 2014 10 15 11 5111 14:00 15:05 0070 1 474 0 _ _ 1 1 20141101183024 11
000001402014103 00000140 2014 10 22 11 5111 14:00 15:05 0070 1 474 0 _ _ 1 1 20141101183024 11
000001402014103 00000140 2014 10 29 11 5111 14:00 15:05 0070 1 474 0 _ _ 1 1 20141101183024 11
000001402014104 00000140 2014 10 01 11 1112 20:00 20:20 0070 1 319 0 _ _ 1 1 20141101183024 11
000001402014104 00000140 2014 10 02 11 1112 20:00 20:20 0070 1 319 0 _ _ 1 1 20141101183024 11
000001402014104 00000140 2014 10 03 11 1112 20:00 20:20 0070 1 319 0 _ _ 1 1 20141101183024 11
000001402014104 00000140 2014 10 04 11 1112 20:00 20:20 0070 1 319 0 _ _ 1 1 20141101183024 11
000001402014104 00000140 2014 10 05 11 1112 20:00 20:20 0070 1 319 0 _ _ 1 1 20141101183024 11
000001402014104 00000140 2014 10 06 11 1112 20:00 20:20 0070 1 319 0 _ _ 1 1 20141101183024 11
000001402014104 00000140 2014 10 07 11 1112 20:00 20:20 0070 1 319 0 _ _ 1 1 20141101183024 11
000001402014104 00000140 2014 10 08 11 1112 20:00 20:20 0070 1 319 0 _ _ 1 1 20141101183024 11
000001402014104 00000140 2014 10 09 11 1112 20:00 20:20 0070 1 319 0 _ _ 1 1 20141101183024 11
000001402014104 00000140 2014 10 10 11 1112 20:00 20:20 0070 1 319 0 _ _ 1 1 20141101183024 11
000001402014104 00000140 2014 10 11 11 1112 20:00 20:20 0070 1 319 0 _ _ 1 1 20141101183024 11
000001402014104 00000140 2014 10 12 11 1112 20:00 20:20 0070 1 319 0 _ _ 1 1 20141101183024 11
000001402014104 00000140 2014 10 13 11 1112 20:00 20:20 0070 1 319 0 _ _ 1 1 20141101183024 11
000001402014104 00000140 2014 10 14 11 1112 20:00 20:20 0070 1 319 0 _ _ 1 1 20141101183024 11
000001402014104 00000140 2014 10 15 11 1112 20:00 20:20 0070 1 319 0 _ _ 1 1 20141101183024 11
000001402014104 00000140 2014 10 16 11 1112 20:00 20:20 0070 1 319 0 _ _ 1 1 20141101183024 11
000001402014104 00000140 2014 10 17 11 1112 20:00 20:20 0070 1 319 0 _ _ 1 1 20141101183024 11
000001402014104 00000140 2014 10 18 11 1112 20:00 20:20 0070 1 319 0 _ _ 1 1 20141101183024 11
000001402014104 00000140 2014 10 19 11 1112 20:00 20:20 0070 1 319 0 _ _ 1 1 20141101183024 11
000001402014104 00000140 2014 10 20 11 1112 20:00 20:20 0070 1 319 0 _ _ 1 1 20141101183024 11
000001402014104 00000140 2014 10 21 11 1112 20:00 20:20 0070 1 319 0 _ _ 1 1 20141101183024 11
000001402014104 00000140 2014 10 22 11 1112 20:00 20:20 0070 1 319 0 _ _ 1 1 20141101183024 11
000001402014104 00000140 2014 10 23 11 1112 20:00 20:20 0070 1 319 0 _ _ 1 1 20141101183024 11
000001402014104 00000140 2014 10 24 11 1112 20:00 20:20 0070 1 319 0 _ _ 1 1 20141101183024 11
000001402014104 00000140 2014 10 25 11 1112 20:00 20:20 0070 1 319 0 _ _ 1 1 20141101183024 11
000001402014104 00000140 2014 10 26 11 1112 20:00 20:20 0070 1 319 0 _ _ 1 1 20141101183024 11
000001402014104 00000140 2014 10 27 11 1112 20:00 20:20 0070 1 319 0 _ _ 1 1 20141101183024 11
000001402014104 00000140 2014 10 28 11 1112 20:00 20:20 0070 1 319 0 _ _ 1 1 20141101183024 11
000001402014104 00000140 2014 10 29 11 1112 20:00 20:20 0070 1 319 0 _ _ 1 1 20141101183024 11
000001402014104 00000140 2014 10 30 11 1112 20:00 20:20 0070 1 319 0 _ _ 1 1 20141101183024 11
000001402014104 00000140 2014 10 31 11 1112 20:00 20:20 0070 1 319 0 _ _ 1 1 20141101183024 11
000001402014105 00000140 2014 10 03 13 1501 13:00 13:39 0259 1 318 0 _ _ 1 1 20141101183024 11
000001402014105 00000140 2014 10 10 13 1501 13:00 13:39 0259 1 318 0 _ _ 1 1 20141101183024 11
000001402014105 00000140 2014 10 17 13 1501 13:00 13:39 0259 1 318 0 _ _ 1 1 20141101183024 11
000001402014105 00000140 2014 10 24 13 1501 13:00 13:39 0259 1 318 0 _ _ 1 1 20141101183024 11
000001402014105 00000140 2014 10 31 13 1501 13:00 13:39 0259 1 318 0 _ _ 1 1 20141101183024 11
000001402014106 00000140 2014 10 07 13 1501 15:15 15:54 0259 1 318 0 _ _ 1 1 20141101183024 11
000001402014106 00000140 2014 10 14 13 1501 15:15 15:54 0259 1 318 0 _ _ 1 1 20141101183024 11
000001402014106 00000140 2014 10 21 13 1501 15:15 15:54 0259 1 318 0 _ _ 1 1 20141101183024 11
000001402014106 00000140 2014 10 28 13 1501 15:15 15:54 0259 1 318 0 _ _ 1 1 20141101183024 11
000001402014107 00000140 2014 10 01 17 1001 _ _ 0058 1 600 0 _ _ 1 1 20141101183024 11
000001402014108 00000140 2014 10 01 17 1002 _ _ 0058 1 420 0 _ _ 1 1 20141101183024 11
000001402014111 00000140 2014 11 01 11 1112 06:30 06:50 0070 1 319 0 _ _ 1 1 20141202211528 11
000001402014111 00000140 2014 11 02 11 1112 06:30 06:50 0070 1 319 0 _ _ 1 1 20141202211528 11
000001402014111 00000140 2014 11 03 11 1112 06:30 06:50 0070 1 319 0 _ _ 1 1 20141202211528 11
000001402014111 00000140 2014 11 04 11 1112 06:30 06:50 0070 1 319 0 _ _ 1 1 20141202211528 11
000001402014111 00000140 2014 11 06 11 1112 06:30 06:50 0070 1 319 0 _ _ 1 1 20141202211528 11
000001402014111 00000140 2014 11 07 11 1112 06:30 06:50 0070 1 319 0 _ _ 1 1 20141202211528 11
000001402014111 00000140 2014 11 08 11 1112 06:30 06:50 0070 1 319 0 _ _ 1 1 20141202211528 11
000001402014111 00000140 2014 11 09 11 1112 06:30 06:50 0070 1 319 0 _ _ 1 1 20141202211528 11
000001402014111 00000140 2014 11 10 11 1112 06:30 06:50 0070 1 319 0 _ _ 1 1 20141202211528 11
000001402014111 00000140 2014 11 11 11 1112 06:30 06:50 0070 1 319 0 _ _ 1 1 20141202211528 11
000001402014111 00000140 2014 11 12 11 1112 06:30 06:50 0070 1 319 0 _ _ 1 1 20141202211528 11
000001402014111 00000140 2014 11 13 11 1112 06:30 06:50 0070 1 319 0 _ _ 1 1 20141202211528 11
000001402014111 00000140 2014 11 14 11 1112 06:30 06:50 0070 1 319 0 _ _ 1 1 20141202211528 11
000001402014111 00000140 2014 11 15 11 1112 06:30 06:50 0070 1 319 0 _ _ 1 1 20141202211528 11
000001402014111 00000140 2014 11 16 11 1112 06:30 06:50 0070 1 319 0 _ _ 1 1 20141202211528 11
000001402014111 00000140 2014 11 17 11 1112 06:30 06:50 0070 1 319 0 _ _ 1 1 20141202211528 11
000001402014111 00000140 2014 11 18 11 1112 06:30 06:50 0070 1 319 0 _ _ 1 1 20141202211528 11
000001402014111 00000140 2014 11 19 11 1112 06:30 06:50 0070 1 319 0 _ _ 1 1 20141202211528 11
000001402014111 00000140 2014 11 20 11 1112 06:30 06:50 0070 1 319 0 _ _ 1 1 20141202211528 11
000001402014111 00000140 2014 11 21 11 1112 06:30 06:50 0070 1 319 0 _ _ 1 1 20141202211528 11
000001402014111 00000140 2014 11 22 11 1112 06:30 06:50 0070 1 319 0 _ _ 1 1 20141202211528 11
000001402014111 00000140 2014 11 23 11 1112 06:30 06:50 0070 1 319 0 _ _ 1 1 20141202211528 11
000001402014111 00000140 2014 11 25 11 1112 06:30 06:50 0070 1 319 0 _ _ 1 1 20141202211528 11
000001402014111 00000140 2014 11 26 11 1112 06:30 06:50 0070 1 319 0 _ _ 1 1 20141202211528 11
000001402014111 00000140 2014 11 27 11 1112 06:30 06:50 0070 1 319 0 _ _ 1 1 20141202211528 11
000001402014111 00000140 2014 11 28 11 1112 06:30 06:50 0070 1 319 0 _ _ 1 1 20141202211528 11
000001402014111 00000140 2014 11 29 11 1112 06:30 06:50 0070 1 319 0 _ _ 1 1 20141202211528 11
000001402014111 00000140 2014 11 30 11 1112 06:30 06:50 0070 1 319 0 _ _ 1 1 20141202211528 11
0000014020141110 00000140 2014 11 04 13 1501 15:15 15:54 0259 1 318 0 _ _ 1 1 20141202211528 11
0000014020141110 00000140 2014 11 11 13 1501 15:15 15:54 0259 1 318 0 _ _ 1 1 20141202211528 11
0000014020141110 00000140 2014 11 18 13 1501 15:15 15:54 0259 1 318 0 _ _ 1 1 20141202211528 11
0000014020141110 00000140 2014 11 25 13 1501 15:15 15:54 0259 1 318 0 _ _ 1 1 20141202211528 11
0000014020141111 00000140 2014 11 01 17 1001 _ _ 0058 1 600 0 _ _ 1 1 20141202211528 11
0000014020141112 00000140 2014 11 01 17 1002 _ _ 0058 1 420 0 _ _ 1 1 20141202211528 11
000001402014112 00000140 2014 11 05 11 1112 06:40 07:00 0070 1 319 0 _ _ 1 1 20141202211528 11
000001402014113 00000140 2014 11 24 11 1112 07:10 07:30 0070 1 319 0 _ _ 1 1 20141202211528 11
000001402014114 00000140 2014 11 01 11 1211 14:00 14:45 0070 1 404 0 _ _ 1 1 20141202211528 11
000001402014114 00000140 2014 11 08 11 1211 14:00 14:45 0070 1 404 0 _ _ 1 1 20141202211528 11
000001402014114 00000140 2014 11 15 11 1211 14:00 14:45 0070 1 404 0 _ _ 1 1 20141202211528 11
000001402014114 00000140 2014 11 22 11 1211 14:00 14:45 0070 1 404 0 _ _ 1 1 20141202211528 11
000001402014114 00000140 2014 11 26 11 1211 14:00 14:45 0070 1 404 0 _ _ 1 1 20141202211528 11
000001402014115 00000140 2014 11 05 11 5111 14:00 15:05 0070 1 474 0 _ _ 1 1 20141202211528 11
000001402014115 00000140 2014 11 12 11 5111 14:00 15:05 0070 1 474 0 _ _ 1 1 20141202211528 11
000001402014115 00000140 2014 11 20 11 5111 14:00 15:05 0070 1 474 0 _ _ 1 1 20141202211528 11
000001402014115 00000140 2014 11 29 11 5111 14:00 15:05 0070 1 474 0 _ _ 1 1 20141202211528 11
000001402014116 00000140 2014 11 19 11 1112 19:00 19:20 0070 1 319 0 _ _ 1 1 20141202211528 11
000001402014116 00000140 2014 11 23 11 1112 19:00 19:20 0070 1 319 0 _ _ 1 1 20141202211528 11
000001402014117 00000140 2014 11 21 11 1112 19:20 19:40 0070 1 319 0 _ _ 1 1 20141202211528 11
000001402014118 00000140 2014 11 01 11 1112 20:00 20:20 0070 1 319 0 _ _ 1 1 20141202211528 11
000001402014118 00000140 2014 11 02 11 1112 20:00 20:20 0070 1 319 0 _ _ 1 1 20141202211528 11
000001402014118 00000140 2014 11 03 11 1112 20:00 20:20 0070 1 319 0 _ _ 1 1 20141202211528 11
000001402014118 00000140 2014 11 04 11 1112 20:00 20:20 0070 1 319 0 _ _ 1 1 20141202211528 11
000001402014118 00000140 2014 11 05 11 1112 20:00 20:20 0070 1 319 0 _ _ 1 1 20141202211528 11
000001402014118 00000140 2014 11 06 11 1112 20:00 20:20 0070 1 319 0 _ _ 1 1 20141202211528 11
000001402014118 00000140 2014 11 07 11 1112 20:00 20:20 0070 1 319 0 _ _ 1 1 20141202211528 11
000001402014118 00000140 2014 11 08 11 1112 20:00 20:20 0070 1 319 0 _ _ 1 1 20141202211528 11
000001402014118 00000140 2014 11 09 11 1112 20:00 20:20 0070 1 319 0 _ _ 1 1 20141202211528 11
000001402014118 00000140 2014 11 10 11 1112 20:00 20:20 0070 1 319 0 _ _ 1 1 20141202211528 11
000001402014118 00000140 2014 11 11 11 1112 20:00 20:20 0070 1 319 0 _ _ 1 1 20141202211528 11
000001402014118 00000140 2014 11 12 11 1112 20:00 20:20 0070 1 319 0 _ _ 1 1 20141202211528 11
000001402014118 00000140 2014 11 13 11 1112 20:00 20:20 0070 1 319 0 _ _ 1 1 20141202211528 11
000001402014118 00000140 2014 11 14 11 1112 20:00 20:20 0070 1 319 0 _ _ 1 1 20141202211528 11
000001402014118 00000140 2014 11 15 11 1112 20:00 20:20 0070 1 319 0 _ _ 1 1 20141202211528 11
000001402014118 00000140 2014 11 16 11 1112 20:00 20:20 0070 1 319 0 _ _ 1 1 20141202211528 11
000001402014118 00000140 2014 11 17 11 1112 20:00 20:20 0070 1 319 0 _ _ 1 1 20141202211528 11
000001402014118 00000140 2014 11 18 11 1112 20:00 20:20 0070 1 319 0 _ _ 1 1 20141202211528 11
000001402014118 00000140 2014 11 20 11 1112 20:00 20:20 0070 1 319 0 _ _ 1 1 20141202211528 11
000001402014118 00000140 2014 11 22 11 1112 20:00 20:20 0070 1 319 0 _ _ 1 1 20141202211528 11
000001402014118 00000140 2014 11 24 11 1112 20:00 20:20 0070 1 319 0 _ _ 1 1 20141202211528 11
000001402014118 00000140 2014 11 25 11 1112 20:00 20:20 0070 1 319 0 _ _ 1 1 20141202211528 11
000001402014118 00000140 2014 11 26 11 1112 20:00 20:20 0070 1 319 0 _ _ 1 1 20141202211528 11
000001402014118 00000140 2014 11 27 11 1112 20:00 20:20 0070 1 319 0 _ _ 1 1 20141202211528 11
000001402014118 00000140 2014 11 28 11 1112 20:00 20:20 0070 1 319 0 _ _ 1 1 20141202211528 11
000001402014118 00000140 2014 11 29 11 1112 20:00 20:20 0070 1 319 0 _ _ 1 1 20141202211528 11
000001402014118 00000140 2014 11 30 11 1112 20:00 20:20 0070 1 319 0 _ _ 1 1 20141202211528 11
000001402014119 00000140 2014 11 07 13 1501 13:00 13:39 0259 1 318 0 _ _ 1 1 20141202211528 11
000001402014119 00000140 2014 11 14 13 1501 13:00 13:39 0259 1 318 0 _ _ 1 1 20141202211528 11
000001402014119 00000140 2014 11 21 13 1501 13:00 13:39 0259 1 318 0 _ _ 1 1 20141202211528 11
000001402014119 00000140 2014 11 28 13 1501 13:00 13:39 0259 1 318 0 _ _ 1 1 20141202211528 11
000001402014121 00000140 2014 12 01 11 1112 06:30 06:50 0070 1 319 0 _ _ 1 1 20141205160039 11
000001402014121 00000140 2014 12 02 11 1112 06:30 06:50 0070 1 319 0 _ _ 1 1 20141205160039 11
000001402014121 00000140 2014 12 03 11 1112 06:30 06:50 0070 1 319 0 _ _ 1 1 20141205160039 11
000001402014121 00000140 2014 12 04 11 1112 06:30 06:50 0070 1 319 0 _ _ 1 1 20141205160039 11
000001402014121 00000140 2014 12 05 11 1112 06:30 06:50 0070 1 319 0 _ _ 1 1 20141205160039 11
000001402014121 00000140 2014 12 06 11 1112 06:30 06:50 0070 1 319 0 _ _ 1 1 20141205160039 11
000001402014121 00000140 2014 12 07 11 1112 06:30 06:50 0070 1 319 0 _ _ 1 1 20141205160039 11
000001402014121 00000140 2014 12 08 11 1112 06:30 06:50 0070 1 319 0 _ _ 1 1 20141205160039 11
000001402014121 00000140 2014 12 09 11 1112 06:30 06:50 0070 1 319 0 _ _ 1 1 20141205160039 11
000001402014121 00000140 2014 12 10 11 1112 06:30 06:50 0070 1 319 0 _ _ 1 1 20141205160039 11
000001402014121 00000140 2014 12 11 11 1112 06:30 06:50 0070 1 319 0 _ _ 1 1 20141205160039 11
000001402014121 00000140 2014 12 12 11 1112 06:30 06:50 0070 1 319 0 _ _ 1 1 20141205160039 11
000001402014121 00000140 2014 12 13 11 1112 06:30 06:50 0070 1 319 0 _ _ 1 1 20141205160039 11
000001402014121 00000140 2014 12 14 11 1112 06:30 06:50 0070 1 319 0 _ _ 1 1 20141205160039 11
000001402014121 00000140 2014 12 15 11 1112 06:30 06:50 0070 1 319 0 _ _ 1 1 20141205160039 11
000001402014121 00000140 2014 12 16 11 1112 06:30 06:50 0070 1 319 0 _ _ 1 1 20141205160039 11
000001402014121 00000140 2014 12 17 11 1112 06:30 06:50 0070 1 319 0 _ _ 1 1 20141205160039 11
000001402014121 00000140 2014 12 18 11 1112 06:30 06:50 0070 1 319 0 _ _ 1 1 20141205160039 11
000001402014121 00000140 2014 12 19 11 1112 06:30 06:50 0070 1 319 0 _ _ 1 1 20141205160039 11
000001402014121 00000140 2014 12 20 11 1112 06:30 06:50 0070 1 319 0 _ _ 1 1 20141205160039 11
000001402014121 00000140 2014 12 21 11 1112 06:30 06:50 0070 1 319 0 _ _ 1 1 20141205160039 11
000001402014121 00000140 2014 12 22 11 1112 06:30 06:50 0070 1 319 0 _ _ 1 1 20141205160039 11
000001402014121 00000140 2014 12 23 11 1112 06:30 06:50 0070 1 319 0 _ _ 1 1 20141205160039 11
000001402014121 00000140 2014 12 24 11 1112 06:30 06:50 0070 1 319 0 _ _ 1 1 20141205160039 11
000001402014121 00000140 2014 12 25 11 1112 06:30 06:50 0070 1 319 0 _ _ 1 1 20141205160039 11
000001402014121 00000140 2014 12 26 11 1112 06:30 06:50 0070 1 319 0 _ _ 1 1 20141205160039 11
000001402014121 00000140 2014 12 27 11 1112 06:30 06:50 0070 1 319 0 _ _ 1 1 20141205160039 11
000001402014121 00000140 2014 12 28 11 1112 06:30 06:50 0070 1 319 0 _ _ 1 1 20141205160039 11
000001402014121 00000140 2014 12 29 11 1112 06:30 06:50 0070 1 319 0 _ _ 1 1 20141205160039 11
000001402014121 00000140 2014 12 30 11 1112 06:30 06:50 0070 1 319 0 _ _ 1 1 20141205160039 11
000001402014121 00000140 2014 12 31 11 1112 06:30 06:50 0070 1 319 0 _ _ 1 1 20141205160039 11
000001402014122 00000140 2014 12 06 11 1211 14:00 14:45 0070 1 404 0 _ _ 1 1 20141205160039 11
000001402014122 00000140 2014 12 13 11 1211 14:00 14:45 0070 1 404 0 _ _ 1 1 20141205160039 11
000001402014122 00000140 2014 12 20 11 1211 14:00 14:45 0070 1 404 0 _ _ 1 1 20141205160039 11
000001402014122 00000140 2014 12 27 11 1211 14:00 14:45 0070 1 404 0 _ _ 1 1 20141205160039 11
000001402014123 00000140 2014 12 03 11 5111 14:00 15:05 0070 1 474 0 _ _ 1 1 20141205160039 11
000001402014123 00000140 2014 12 10 11 5111 14:00 15:05 0070 1 474 0 _ _ 1 1 20141205160039 11
000001402014123 00000140 2014 12 17 11 5111 14:00 15:05 0070 1 474 0 _ _ 1 1 20141205160039 11
000001402014123 00000140 2014 12 24 11 5111 14:00 15:05 0070 1 474 0 _ _ 1 1 20141205160039 11
000001402014123 00000140 2014 12 31 11 5111 14:00 15:05 0070 1 474 0 _ _ 1 1 20141205160039 11
000001402014124 00000140 2014 12 01 11 1112 20:00 20:20 0070 1 319 0 _ _ 1 1 20141205160039 11
000001402014124 00000140 2014 12 02 11 1112 20:00 20:20 0070 1 319 0 _ _ 1 1 20141205160039 11
000001402014124 00000140 2014 12 03 11 1112 20:00 20:20 0070 1 319 0 _ _ 1 1 20141205160039 11
000001402014124 00000140 2014 12 04 11 1112 20:00 20:20 0070 1 319 0 _ _ 1 1 20141205160039 11
000001402014124 00000140 2014 12 05 11 1112 20:00 20:20 0070 1 319 0 _ _ 1 1 20141205160039 11
000001402014124 00000140 2014 12 06 11 1112 20:00 20:20 0070 1 319 0 _ _ 1 1 20141205160039 11
000001402014124 00000140 2014 12 07 11 1112 20:00 20:20 0070 1 319 0 _ _ 1 1 20141205160039 11
000001402014124 00000140 2014 12 08 11 1112 20:00 20:20 0070 1 319 0 _ _ 1 1 20141205160039 11
000001402014124 00000140 2014 12 09 11 1112 20:00 20:20 0070 1 319 0 _ _ 1 1 20141205160039 11
000001402014124 00000140 2014 12 10 11 1112 20:00 20:20 0070 1 319 0 _ _ 1 1 20141205160039 11
000001402014124 00000140 2014 12 11 11 1112 20:00 20:20 0070 1 319 0 _ _ 1 1 20141205160039 11
000001402014124 00000140 2014 12 12 11 1112 20:00 20:20 0070 1 319 0 _ _ 1 1 20141205160039 11
000001402014124 00000140 2014 12 13 11 1112 20:00 20:20 0070 1 319 0 _ _ 1 1 20141205160039 11
000001402014124 00000140 2014 12 14 11 1112 20:00 20:20 0070 1 319 0 _ _ 1 1 20141205160039 11
000001402014124 00000140 2014 12 15 11 1112 20:00 20:20 0070 1 319 0 _ _ 1 1 20141205160039 11
000001402014124 00000140 2014 12 16 11 1112 20:00 20:20 0070 1 319 0 _ _ 1 1 20141205160039 11
000001402014124 00000140 2014 12 17 11 1112 20:00 20:20 0070 1 319 0 _ _ 1 1 20141205160039 11
000001402014124 00000140 2014 12 18 11 1112 20:00 20:20 0070 1 319 0 _ _ 1 1 20141205160039 11
000001402014124 00000140 2014 12 19 11 1112 20:00 20:20 0070 1 319 0 _ _ 1 1 20141205160039 11
000001402014124 00000140 2014 12 20 11 1112 20:00 20:20 0070 1 319 0 _ _ 1 1 20141205160039 11
000001402014124 00000140 2014 12 21 11 1112 20:00 20:20 0070 1 319 0 _ _ 1 1 20141205160039 11
000001402014124 00000140 2014 12 22 11 1112 20:00 20:20 0070 1 319 0 _ _ 1 1 20141205160039 11
000001402014124 00000140 2014 12 23 11 1112 20:00 20:20 0070 1 319 0 _ _ 1 1 20141205160039 11
000001402014124 00000140 2014 12 24 11 1112 20:00 20:20 0070 1 319 0 _ _ 1 1 20141205160039 11
000001402014124 00000140 2014 12 25 11 1112 20:00 20:20 0070 1 319 0 _ _ 1 1 20141205160039 11
000001402014124 00000140 2014 12 26 11 1112 20:00 20:20 0070 1 319 0 _ _ 1 1 20141205160039 11
000001402014124 00000140 2014 12 27 11 1112 20:00 20:20 0070 1 319 0 _ _ 1 1 20141205160039 11
000001402014124 00000140 2014 12 28 11 1112 20:00 20:20 0070 1 319 0 _ _ 1 1 20141205160039 11
000001402014124 00000140 2014 12 29 11 1112 20:00 20:20 0070 1 319 0 _ _ 1 1 20141205160039 11
000001402014124 00000140 2014 12 30 11 1112 20:00 20:20 0070 1 319 0 _ _ 1 1 20141205160039 11
000001402014124 00000140 2014 12 31 11 1112 20:00 20:20 0070 1 319 0 _ _ 1 1 20141205160039 11
000001402014125 00000140 2014 12 05 13 1501 13:00 13:39 0259 1 318 0 _ _ 1 1 20141205160039 11
000001402014125 00000140 2014 12 12 13 1501 13:00 13:39 0259 1 318 0 _ _ 1 1 20141205160039 11
000001402014125 00000140 2014 12 19 13 1501 13:00 13:39 0259 1 318 0 _ _ 1 1 20141205160039 11
000001402014125 00000140 2014 12 26 13 1501 13:00 13:39 0259 1 318 0 _ _ 1 1 20141205160039 11
000001402014126 00000140 2014 12 02 13 1501 15:15 15:55 0259 1 318 0 _ _ 1 1 20141205160039 11
000001402014127 00000140 2014 12 01 17 1001 _ _ 0058 1 600 0 _ _ 1 1 20141205160039 11
000001402014128 00000140 2014 12 01 17 1002 _ _ 0058 1 420 0 _ _ 1 1 20141205160039 11
000001402014129 00000140 2014 12 09 13 1501 15:30 16:09 0259 1 318 0 _ _ 1 1 20141205160039 11
000001402014129 00000140 2014 12 16 13 1501 15:30 16:09 0259 1 318 0 _ _ 1 1 20141205160039 11
000001402014129 00000140 2014 12 23 13 1501 15:30 16:09 0259 1 318 0 _ _ 1 1 20141205160039 11
000001402014129 00000140 2014 12 30 13 1501 15:30 16:09 0259 1 318 0 _ _ 1 1 20141205160039 11
000001402015011 00000140 2015 01 01 11 1112 06:30 06:50 0070 1 319 0 _ _ _ 1 20141206182225 11
000001402015011 00000140 2015 01 02 11 1112 06:30 06:50 0070 1 319 0 _ _ _ 1 20141206182225 11
000001402015011 00000140 2015 01 03 11 1112 06:30 06:50 0070 1 319 0 _ _ _ 1 20141206182225 11
000001402015011 00000140 2015 01 04 11 1112 06:30 06:50 0070 1 319 0 _ _ _ 1 20141206182225 11
000001402015011 00000140 2015 01 05 11 1112 06:30 06:50 0070 1 319 0 _ _ _ 1 20141206182225 11
000001402015011 00000140 2015 01 06 11 1112 06:30 06:50 0070 1 319 0 _ _ _ 1 20141206182225 11
000001402015011 00000140 2015 01 07 11 1112 06:30 06:50 0070 1 319 0 _ _ _ 1 20141206182225 11
000001402015011 00000140 2015 01 08 11 1112 06:30 06:50 0070 1 319 0 _ _ _ 1 20141206182225 11
000001402015011 00000140 2015 01 09 11 1112 06:30 06:50 0070 1 319 0 _ _ _ 1 20141206182225 11
000001402015011 00000140 2015 01 10 11 1112 06:30 06:50 0070 1 319 0 _ _ _ 1 20141206182225 11
000001402015011 00000140 2015 01 11 11 1112 06:30 06:50 0070 1 319 0 _ _ _ 1 20141206182225 11
000001402015011 00000140 2015 01 12 11 1112 06:30 06:50 0070 1 319 0 _ _ _ 1 20141206182225 11
000001402015011 00000140 2015 01 13 11 1112 06:30 06:50 0070 1 319 0 _ _ _ 1 20141206182225 11
000001402015011 00000140 2015 01 14 11 1112 06:30 06:50 0070 1 319 0 _ _ _ 1 20141206182225 11
000001402015011 00000140 2015 01 15 11 1112 06:30 06:50 0070 1 319 0 _ _ _ 1 20141206182225 11
000001402015011 00000140 2015 01 16 11 1112 06:30 06:50 0070 1 319 0 _ _ _ 1 20141206182225 11
000001402015011 00000140 2015 01 17 11 1112 06:30 06:50 0070 1 319 0 _ _ _ 1 20141206182225 11
000001402015011 00000140 2015 01 18 11 1112 06:30 06:50 0070 1 319 0 _ _ _ 1 20141206182225 11
000001402015011 00000140 2015 01 19 11 1112 06:30 06:50 0070 1 319 0 _ _ _ 1 20141206182225 11
000001402015011 00000140 2015 01 20 11 1112 06:30 06:50 0070 1 319 0 _ _ _ 1 20141206182225 11
000001402015011 00000140 2015 01 21 11 1112 06:30 06:50 0070 1 319 0 _ _ _ 1 20141206182225 11
000001402015011 00000140 2015 01 22 11 1112 06:30 06:50 0070 1 319 0 _ _ _ 1 20141206182225 11
000001402015011 00000140 2015 01 23 11 1112 06:30 06:50 0070 1 319 0 _ _ _ 1 20141206182225 11
000001402015011 00000140 2015 01 24 11 1112 06:30 06:50 0070 1 319 0 _ _ _ 1 20141206182225 11
000001402015011 00000140 2015 01 25 11 1112 06:30 06:50 0070 1 319 0 _ _ _ 1 20141206182225 11
000001402015011 00000140 2015 01 26 11 1112 06:30 06:50 0070 1 319 0 _ _ _ 1 20141206182225 11
000001402015011 00000140 2015 01 27 11 1112 06:30 06:50 0070 1 319 0 _ _ _ 1 20141206182225 11
000001402015011 00000140 2015 01 28 11 1112 06:30 06:50 0070 1 319 0 _ _ _ 1 20141206182225 11
000001402015011 00000140 2015 01 29 11 1112 06:30 06:50 0070 1 319 0 _ _ _ 1 20141206182225 11
000001402015011 00000140 2015 01 30 11 1112 06:30 06:50 0070 1 319 0 _ _ _ 1 20141206182225 11
000001402015011 00000140 2015 01 31 11 1112 06:30 06:50 0070 1 319 0 _ _ _ 1 20141206182225 11
000001402015012 00000140 2015 01 01 11 1112 20:00 20:20 0070 1 319 0 _ _ _ 1 20141206182225 11
000001402015012 00000140 2015 01 02 11 1112 20:00 20:20 0070 1 319 0 _ _ _ 1 20141206182225 11
000001402015012 00000140 2015 01 03 11 1112 20:00 20:20 0070 1 319 0 _ _ _ 1 20141206182225 11
000001402015012 00000140 2015 01 04 11 1112 20:00 20:20 0070 1 319 0 _ _ _ 1 20141206182225 11
000001402015012 00000140 2015 01 05 11 1112 20:00 20:20 0070 1 319 0 _ _ _ 1 20141206182225 11
000001402015012 00000140 2015 01 06 11 1112 20:00 20:20 0070 1 319 0 _ _ _ 1 20141206182225 11
000001402015012 00000140 2015 01 07 11 1112 20:00 20:20 0070 1 319 0 _ _ _ 1 20141206182225 11
000001402015012 00000140 2015 01 08 11 1112 20:00 20:20 0070 1 319 0 _ _ _ 1 20141206182225 11
000001402015012 00000140 2015 01 09 11 1112 20:00 20:20 0070 1 319 0 _ _ _ 1 20141206182225 11
000001402015012 00000140 2015 01 10 11 1112 20:00 20:20 0070 1 319 0 _ _ _ 1 20141206182225 11
000001402015012 00000140 2015 01 11 11 1112 20:00 20:20 0070 1 319 0 _ _ _ 1 20141206182225 11
000001402015012 00000140 2015 01 12 11 1112 20:00 20:20 0070 1 319 0 _ _ _ 1 20141206182225 11
000001402015012 00000140 2015 01 13 11 1112 20:00 20:20 0070 1 319 0 _ _ _ 1 20141206182225 11
000001402015012 00000140 2015 01 14 11 1112 20:00 20:20 0070 1 319 0 _ _ _ 1 20141206182225 11
000001402015012 00000140 2015 01 15 11 1112 20:00 20:20 0070 1 319 0 _ _ _ 1 20141206182225 11
000001402015012 00000140 2015 01 16 11 1112 20:00 20:20 0070 1 319 0 _ _ _ 1 20141206182225 11
000001402015012 00000140 2015 01 17 11 1112 20:00 20:20 0070 1 319 0 _ _ _ 1 20141206182225 11
000001402015012 00000140 2015 01 18 11 1112 20:00 20:20 0070 1 319 0 _ _ _ 1 20141206182225 11
000001402015012 00000140 2015 01 19 11 1112 20:00 20:20 0070 1 319 0 _ _ _ 1 20141206182225 11
000001402015012 00000140 2015 01 20 11 1112 20:00 20:20 0070 1 319 0 _ _ _ 1 20141206182225 11
000001402015012 00000140 2015 01 21 11 1112 20:00 20:20 0070 1 319 0 _ _ _ 1 20141206182225 11
000001402015012 00000140 2015 01 22 11 1112 20:00 20:20 0070 1 319 0 _ _ _ 1 20141206182225 11
000001402015012 00000140 2015 01 23 11 1112 20:00 20:20 0070 1 319 0 _ _ _ 1 20141206182225 11
000001402015012 00000140 2015 01 24 11 1112 20:00 20:20 0070 1 319 0 _ _ _ 1 20141206182225 11
000001402015012 00000140 2015 01 25 11 1112 20:00 20:20 0070 1 319 0 _ _ _ 1 20141206182225 11
000001402015012 00000140 2015 01 26 11 1112 20:00 20:20 0070 1 319 0 _ _ _ 1 20141206182225 11
000001402015012 00000140 2015 01 27 11 1112 20:00 20:20 0070 1 319 0 _ _ _ 1 20141206182225 11
000001402015012 00000140 2015 01 28 11 1112 20:00 20:20 0070 1 319 0 _ _ _ 1 20141206182225 11
000001402015012 00000140 2015 01 29 11 1112 20:00 20:20 0070 1 319 0 _ _ _ 1 20141206182225 11
000001402015012 00000140 2015 01 30 11 1112 20:00 20:20 0070 1 319 0 _ _ _ 1 20141206182225 11
000001402015012 00000140 2015 01 31 11 1112 20:00 20:20 0070 1 319 0 _ _ _ 1 20141206182225 11
000001402015013 00000140 2015 01 03 11 1211 14:00 14:45 0070 1 404 0 _ _ _ 1 20141206182225 11
000001402015013 00000140 2015 01 10 11 1211 14:00 14:45 0070 1 404 0 _ _ _ 1 20141206182225 11
000001402015013 00000140 2015 01 17 11 1211 14:00 14:45 0070 1 404 0 _ _ _ 1 20141206182225 11
000001402015013 00000140 2015 01 24 11 1211 14:00 14:45 0070 1 404 0 _ _ _ 1 20141206182225 11
000001402015013 00000140 2015 01 31 11 1211 14:00 14:45 0070 1 404 0 _ _ _ 1 20141206182225 11
000001402015014 00000140 2015 01 07 11 5111 14:00 15:05 0070 1 474 0 _ _ _ 1 20141206182225 11
000001402015014 00000140 2015 01 14 11 5111 14:00 15:05 0070 1 474 0 _ _ _ 1 20141206182225 11
000001402015014 00000140 2015 01 21 11 5111 14:00 15:05 0070 1 474 0 _ _ _ 1 20141206182225 11
000001402015014 00000140 2015 01 28 11 5111 14:00 15:05 0070 1 474 0 _ _ _ 1 20141206182225 11
000001402015015 00000140 2015 01 06 13 1501 15:30 16:09 0259 1 318 0 _ _ _ 1 20141206182225 11
000001402015015 00000140 2015 01 13 13 1501 15:30 16:09 0259 1 318 0 _ _ _ 1 20141206182225 11
000001402015015 00000140 2015 01 20 13 1501 15:30 16:09 0259 1 318 0 _ _ _ 1 20141206182225 11
000001402015015 00000140 2015 01 27 13 1501 15:30 16:09 0259 1 318 0 _ _ _ 1 20141206182225 11
000001402015016 00000140 2015 01 09 13 1501 13:00 13:39 0259 1 318 0 _ _ _ 1 20141206182225 11
000001402015016 00000140 2015 01 16 13 1501 13:00 13:39 0259 1 318 0 _ _ _ 1 20141206182225 11
000001402015016 00000140 2015 01 23 13 1501 13:00 13:39 0259 1 318 0 _ _ _ 1 20141206182225 11
000001402015016 00000140 2015 01 30 13 1501 13:00 13:39 0259 1 318 0 _ _ _ 1 20141206182225 11
000001402015017 00000140 2015 01 01 17 1001 _ _ 0058 1 600 0 _ _ _ 1 20141206182225 11
000001402015018 00000140 2015 01 01 17 1002 _ _ 0058 1 420 0 _ _ _ 1 20141206182225 11
