000000022014061 00000002 2014 06 07 61 1111 09:30 10:29 0073 1 1226 0 _ _ 1 1 20140702150249 25
000000022014061 00000002 2014 06 14 61 1111 09:30 10:29 0073 1 1226 0 _ _ 1 1 20140702150249 25
000000022014061 00000002 2014 06 21 61 1111 09:30 10:29 0073 1 1226 0 _ _ 1 1 20140702150249 25
000000022014061 00000002 2014 06 28 61 1111 09:30 10:29 0073 1 1226 0 _ _ 1 1 20140702150249 25
000000022014062 00000002 2014 06 02 63 1211 09:30 10:29 0263 1 834 0 _ _ 1 1 20140702150249 25
000000022014062 00000002 2014 06 09 63 1211 09:30 10:29 0263 1 834 0 _ _ 1 1 20140702150249 25
000000022014062 00000002 2014 06 23 63 1211 09:30 10:29 0263 1 834 0 _ _ 1 1 20140702150249 25
000000022014062 00000002 2014 06 28 63 1211 09:30 10:29 0263 1 834 0 _ _ 1 1 20140702150249 25
000000022014064 00000002 2014 06 01 63 3100 _ _ 0263 1 540 0 _ _ 1 1 20140702150249 25
000000022014071 00000002 2014 07 05 61 1111 09:30 10:29 0073 1 1226 0 _ _ 1 1 20140803161236 25
000000022014071 00000002 2014 07 12 61 1111 09:30 10:29 0073 1 1226 0 _ _ 1 1 20140803161236 25
000000022014071 00000002 2014 07 19 61 1111 09:30 10:29 0073 1 1226 0 _ _ 1 1 20140803161236 25
000000022014071 00000002 2014 07 26 61 1111 09:30 10:29 0073 1 1226 0 _ _ 1 1 20140803161236 25
000000022014072 00000002 2014 07 14 63 1221 13:30 14:29 0263 1 751 0 _ _ 1 1 20140803161236 25
000000022014073 00000002 2014 07 01 63 3100 _ _ 0263 1 540 0 _ _ 1 1 20140803161236 25
000000022014074 00000002 2014 07 28 63 1221 09:30 10:29 0263 1 751 0 _ _ 1 1 20140803161236 25
000000022014075 00000002 2014 07 07 63 1121 13:30 13:59 0263 1 427 0 _ _ 1 1 20140803161236 25
000000022014081 00000002 2014 08 02 61 1111 09:30 10:29 0073 1 1226 0 _ _ 1 1 20140721180755 25
000000022014081 00000002 2014 08 09 61 1111 09:30 10:29 0073 1 1226 0 _ _ 1 1 20140721180755 25
000000022014081 00000002 2014 08 16 61 1111 09:30 10:29 0073 1 1226 0 _ _ 1 1 20140721180755 25
000000022014081 00000002 2014 08 23 61 1111 09:30 10:29 0073 1 1226 0 _ _ 1 1 20140721180755 25
000000022014081 00000002 2014 08 30 61 1111 09:30 10:29 0073 1 1226 0 _ _ 1 1 20140721180755 25
000000022014082 00000002 2014 08 04 63 1211 13:30 14:29 0263 1 834 0 _ _ 1 1 20140721180755 25
000000022014082 00000002 2014 08 11 63 1211 13:30 14:29 0263 1 834 0 _ _ 1 1 20140721180755 25
000000022014082 00000002 2014 08 18 63 1211 13:30 14:29 0263 1 834 0 _ _ 1 1 20140721180755 25
000000022014082 00000002 2014 08 25 63 1211 13:30 14:29 0263 1 834 0 _ _ 1 1 20140721180755 25
000000022014083 00000002 2014 08 01 63 3100 _ _ 0263 1 540 0 _ _ 1 1 20140721180755 25
000000022014091 00000002 2014 09 06 61 1111 09:30 10:29 0073 1 1226 0 _ _ 1 1 20140815154755 25
000000022014091 00000002 2014 09 13 61 1111 09:30 10:29 0073 1 1226 0 _ _ 1 1 20140815154755 25
000000022014091 00000002 2014 09 20 61 1111 09:30 10:29 0073 1 1226 0 _ _ 1 1 20140815154755 25
000000022014091 00000002 2014 09 27 61 1111 09:30 10:29 0073 1 1226 0 _ _ 1 1 20140815154755 25
000000022014092 00000002 2014 09 01 63 1211 13:30 14:29 0263 1 834 0 _ _ 1 1 20140815154755 25
000000022014092 00000002 2014 09 08 63 1211 13:30 14:29 0263 1 834 0 _ _ 1 1 20140815154755 25
000000022014092 00000002 2014 09 16 63 1211 13:30 14:29 0263 1 834 0 _ _ 1 1 20140815154755 25
000000022014092 00000002 2014 09 22 63 1211 13:30 14:29 0263 1 834 0 _ _ 1 1 20140815154755 25
000000022014092 00000002 2014 09 29 63 1211 13:30 14:29 0263 1 834 0 _ _ 1 1 20140815154755 25
