00000018 2014 06 03 15:15 16:14 11 7311 0070 10.84 1 236 1 20140701101000 00034
00000018 2014 06 06 14:45 15:44 11 4111 0070 10.84 1 325 1 20140701101000 00034
00000018 2014 06 10 15:15 16:14 11 7311 0070 10.84 1 236 1 20140701101000 00034
00000018 2014 06 17 15:15 16:14 11 7311 0070 10.84 1 236 1 20140701101000 00034
00000018 2014 06 20 14:45 15:44 11 7311 0070 10.84 1 236 1 20140701101000 00034
00000018 2014 06 25 14:00 14:59 11 7311 0070 10.84 1 236 1 20140701101000 00034
00000018 2014 06 27 14:45 15:44 11 7311 0070 10.84 1 236 1 20140701101000 00034
00000018 2014 07 02 14:00 14:59 11 7311 0070 10.84 1 236 1 20140731103732 00035
00000018 2014 07 09 15:00 15:59 11 7311 0070 10.84 1 236 1 20140731103732 00035
00000018 2014 07 16 14:00 14:59 11 7311 0070 10.84 1 236 1 20140731103732 00035
00000018 2014 07 23 14:00 14:59 11 7311 0070 10.84 1 236 1 20140731103732 00035
00000018 2014 07 30 14:00 14:59 11 7311 0070 10.84 1 236 1 20140731103732 00035
