1 00000207 2014 06 11 0029 グランクレール・ケアサービス馬事公苑 7311 生活援助３ 236 0 236 4 944 0 944 944 0 11.26 10629 90 9566 1063 0 n n 0 1 20140630140107 00078
1 00000213 2014 06 11 0029 グランクレール・ケアサービス馬事公苑 1211 身体介護２ 404 0 404 13 5252 0 5252 5252 0 11.26 59137 90 53223 5914 0 n n 0 1 20140628161829 00049
1 00000215 2014 06 11 0029 グランクレール・ケアサービス馬事公苑 7311 生活援助３ 236 0 236 5 1180 0 1180 1180 0 11.26 13286 90 11957 1329 0 n n 0 1 20140630135606 00078
1 00000216 2014 06 11 0029 グランクレール・ケアサービス馬事公苑 1211 身体介護２ 404 0 404 13 5252 0 5252 5252 0 11.26 59137 90 53223 5914 0 n n 0 1 20140630140709 00078
1 00000221 2014 06 11 0029 グランクレール・ケアサービス馬事公苑 7311 生活援助３ 236 0 236 4 944 0 944 944 0 11.26 10629 90 9566 1063 0 n n 0 1 20140630141512 00078
1 00000235 2014 06 11 0029 グランクレール・ケアサービス馬事公苑 7311 生活援助３ 236 0 236 4 944 0 944 944 0 11.26 10629 90 9566 1063 0 n n 0 1 20140630141142 00078
1 00000240 2014 06 11 0029 グランクレール・ケアサービス馬事公苑 7211 生活援助２ 191 0 191 28 5348 0 5348 5348 0 11.26 60218 90 54196 6022 0 n n 0 1 20140628161747 00049
1 00000247 2014 06 11 0029 グランクレール・ケアサービス馬事公苑 7311 生活援助３ 236 0 236 4 944 0 944 944 0 11.26 10629 90 9566 1063 0 n n 0 1 20140630141317 00078
1 00000248 2014 06 11 0029 グランクレール・ケアサービス馬事公苑 1211 身体介護２ 404 0 404 9 3636 0 3636 3636 0 11.26 40941 90 36846 4095 0 n n 0 1 20140628161440 00049
1 00000253 2014 06 11 0029 グランクレール・ケアサービス馬事公苑 1211 身体介護２ 404 0 404 5 2020 0 2020 2020 0 11.26 22745 90 20470 2275 0 n n 0 1 20140627172533 00049
1 00000572 2014 06 11 0029 グランクレール・ケアサービス馬事公苑 5311 身体２生活３ 614 0 614 30 18420 0 18420 16692 1728 11.26 187951 90 169155 18796 19458 n n 0 1 20140630114205 00078
2 00000207 2014 06 11 0029 グランクレール・ケアサービス馬事公苑 6271 訪問介護処遇改善加算Ⅰ 38 0 38 1 38 38 0.04 38 0 11.26 427 90 384 43 0 a g 0 1 20140630140107 00078
2 00000213 2014 06 11 0029 グランクレール・ケアサービス馬事公苑 7311 生活援助３ 236 0 236 8 1888 0 1888 1888 0 11.26 21258 90 19132 2126 0 n n 0 1 20140628161829 00049
2 00000215 2014 06 11 0029 グランクレール・ケアサービス馬事公苑 6271 訪問介護処遇改善加算Ⅰ 47 0 47 1 47 47 0.04 47 0 11.26 529 90 476 53 0 a g 0 1 20140630135606 00078
2 00000216 2014 06 11 0029 グランクレール・ケアサービス馬事公苑 7311 生活援助３ 236 0 236 4 944 0 944 944 0 11.26 10629 90 9566 1063 0 n n 0 1 20140630140709 00078
2 00000221 2014 06 11 0029 グランクレール・ケアサービス馬事公苑 6271 訪問介護処遇改善加算Ⅰ 38 0 38 1 38 38 0.04 38 0 11.26 427 90 384 43 0 a g 0 1 20140630141512 00078
2 00000235 2014 06 11 0029 グランクレール・ケアサービス馬事公苑 6271 訪問介護処遇改善加算Ⅰ 38 0 38 1 38 38 0.04 38 0 11.26 427 90 384 43 0 a g 0 1 20140630141142 00078
2 00000240 2014 06 11 0029 グランクレール・ケアサービス馬事公苑 7311 生活援助３ 236 0 236 4 944 0 944 944 0 11.26 10629 90 9566 1063 0 n n 0 1 20140628161747 00049
2 00000247 2014 06 11 0029 グランクレール・ケアサービス馬事公苑 6271 訪問介護処遇改善加算Ⅰ 38 0 38 1 38 38 0.04 38 0 11.26 427 90 384 43 0 a g 0 1 20140630141317 00078
2 00000248 2014 06 11 0029 グランクレール・ケアサービス馬事公苑 7211 生活援助２ 191 0 191 4 764 0 764 764 0 11.26 8602 90 7741 861 0 n n 0 1 20140628161440 00049
2 00000253 2014 06 11 0029 グランクレール・ケアサービス馬事公苑 7311 生活援助３ 236 0 236 2 472 0 472 472 0 11.26 5314 90 4782 532 0 n n 0 1 20140627172533 00049
2 00000572 2014 06 11 0029 グランクレール・ケアサービス馬事公苑 7311 生活援助３ 236 0 236 30 7080 0 7080 0 7080 11.26 0 90 0 0 79720 n n 0 1 20140630114205 00078
3 00000213 2014 06 11 0029 グランクレール・ケアサービス馬事公苑 6271 訪問介護処遇改善加算Ⅰ 286 0 286 1 286 286 0.04 286 0 11.26 3220 90 2898 322 0 a g 0 1 20140628161829 00049
3 00000216 2014 06 11 0029 グランクレール・ケアサービス馬事公苑 6271 訪問介護処遇改善加算Ⅰ 248 0 248 1 248 248 0.04 248 0 11.26 2792 90 2512 280 0 a g 0 1 20140630140709 00078
3 00000240 2014 06 11 0029 グランクレール・ケアサービス馬事公苑 6271 訪問介護処遇改善加算Ⅰ 252 0 252 1 252 252 0.04 252 0 11.26 2837 90 2553 284 0 a g 0 1 20140628161747 00049
3 00000248 2014 06 11 0029 グランクレール・ケアサービス馬事公苑 6271 訪問介護処遇改善加算Ⅰ 176 0 176 1 176 176 0.04 176 0 11.26 1981 90 1782 199 0 a g 0 1 20140628161440 00049
3 00000253 2014 06 11 0029 グランクレール・ケアサービス馬事公苑 6271 訪問介護処遇改善加算Ⅰ 100 0 100 1 100 100 0.04 100 0 11.26 1126 90 1013 113 0 a g 0 1 20140627172533 00049
3 00000572 2014 06 11 0029 グランクレール・ケアサービス馬事公苑 6271 訪問介護処遇改善加算Ⅰ 1020 0 1020 1 1020 1020 0.04 1020 0 11.26 11485 90 10336 1149 0 a g 0 1 20140630114205 00078
