1 77 1111 複合型サービス１ 3 1 1 13255 m
2 77 1113 複合型サービス１・過少 3 1 1 9279 m
3 77 1121 複合型サービス２ 4 1 1 18150 m
4 77 1123 複合型サービス２・過少 4 1 1 12705 m
5 77 1131 複合型サービス３ 5 1 1 25111 m
6 77 1133 複合型サービス３・過少 5 1 1 17578 m
7 77 1141 複合型サービス４ 6 1 1 28347 m
8 77 1143 複合型サービス４・過少 6 1 1 19843 m
9 77 1151 複合型サービス５ 7 1 1 31934 m
10 77 1153 複合型サービス５・過少 7 1 1 22354 m
11 77 8011 複合型サービス１・定超 3 2 1 9279 m
12 77 8013 複合型サービス１・定超・過少 3 2 1 6495 m
13 77 8021 複合型サービス２・定超 4 2 1 12705 m
14 77 8023 複合型サービス２・定超・過少 4 2 1 8894 m
15 77 8031 複合型サービス３・定超 5 2 1 17578 m
16 77 8033 複合型サービス３・定超・過少 5 2 1 12305 m
17 77 8041 複合型サービス４・定超 6 2 1 19843 m
18 77 8043 複合型サービス４・定超・過少 6 2 1 13890 m
19 77 8051 複合型サービス５・定超 7 2 1 22354 m
20 77 8053 複合型サービス５・定超・過少 7 2 1 15648 m
21 77 9011 複合型サービス１・人欠 3 1 2 9279 m
22 77 9013 複合型サービス１・人欠・過少 3 1 2 6495 m
23 77 9021 複合型サービス２・人欠 4 1 2 12705 m
24 77 9023 複合型サービス２・人欠・過少 4 1 2 8894 m
25 77 9031 複合型サービス３・人欠 5 1 2 17578 m
26 77 9033 複合型サービス３・人欠・過少 5 1 2 12305 m
27 77 9041 複合型サービス４・人欠 6 1 2 19843 m
28 77 9043 複合型サービス４・人欠・過少 6 1 2 13890 m
29 77 9051 複合型サービス５・人欠 7 1 2 22354 m
30 77 9053 複合型サービス５・人欠・過少 7 1 2 15648 m
31 77 1112 複合型サービス１・日割 3 1 1 436 d
32 77 1114 複合型サービス１・少・日割 3 1 1 305 d
33 77 1122 複合型サービス２・日割 4 1 1 597 d
34 77 1124 複合型サービス２・少・日割 4 1 1 418 d
35 77 1132 複合型サービス３・日割 5 1 1 826 d
36 77 1134 複合型サービス３・少・日割 5 1 1 578 d
37 77 1142 複合型サービス４・日割 6 1 1 932 d
38 77 1144 複合型サービス４・少・日割 6 1 1 653 d
39 77 1152 複合型サービス５・日割 7 1 1 1050 d
40 77 1154 複合型サービス５・少・日割 7 1 1 735 d
41 77 8012 複合型サービス１・超・日割 3 2 1 305 d
42 77 8014 複合型サービス１・超・少・日割 3 2 1 214 d
43 77 8022 複合型サービス２・超・日割 4 2 1 418 d
44 77 8024 複合型サービス２・超・少・日割 4 2 1 293 d
45 77 8032 複合型サービス３・超・日割 5 2 1 578 d
46 77 8034 複合型サービス３・超・少・日割 5 2 1 405 d
47 77 8042 複合型サービス４・超・日割 6 2 1 653 d
48 77 8044 複合型サービス４・超・少・日割 6 2 1 457 d
49 77 8052 複合型サービス５・超・日割 7 2 1 735 d
50 77 8054 複合型サービス５・超・少・日割 7 2 1 515 d
51 77 9012 複合型サービス１・欠・日割 3 1 2 305 d
52 77 9014 複合型サービス１・欠・少・日割 3 1 2 214 d
53 77 9022 複合型サービス２・欠・日割 4 1 2 418 d
54 77 9024 複合型サービス２・欠・少・日割 4 1 2 293 d
55 77 9032 複合型サービス３・欠・日割 5 1 2 578 d
56 77 9034 複合型サービス３・欠・少・日割 5 1 2 405 d
57 77 9042 複合型サービス４・欠・日割 6 1 2 653 d
58 77 9044 複合型サービス４・欠・少・日割 6 1 2 457 d
59 77 9052 複合型サービス５・欠・日割 7 1 2 735 d
60 77 9054 複合型サービス５・欠・少・日割 7 1 2 515 d
