1 31 1111 医師居宅療養管理指導Ⅰ１ 1111 500
2 31 1113 医師居宅療養管理指導Ⅰ２ 1113 450
3 31 1112 医師居宅療養管理指導Ⅱ１ 1112 290
4 31 1114 医師居宅療養管理指導Ⅱ２ 1114 261
5 31 2111 歯科医師居宅療養管理指導Ⅰ 2111 500
6 31 2112 歯科医師居宅療養管理指導Ⅱ 2112 450
7 31 1221 薬剤師居宅療養Ⅰ１ 1221 550
8 31 1222 薬剤師居宅療養Ⅰ１・特薬 1222 650
9 31 1251 薬剤師居宅療養Ⅰ２ 1251 385
10 31 1252 薬剤師居宅療養Ⅰ２・特薬 1252 485
11 31 1223 薬剤師居宅療養Ⅱ１ 1223 500
12 31 1224 薬剤師居宅療養Ⅱ１・特薬 1224 600
13 31 1255 薬剤師居宅療養Ⅱ２ 1255 500
14 31 1256 薬剤師居宅療養Ⅱ２・特薬 1256 600
15 31 1225 薬剤師居宅療養Ⅱ３ 1225 350
16 31 1226 薬剤師居宅療養Ⅱ３・特薬 1226 450
17 31 1253 薬剤師居宅療養Ⅱ４ 1253 350
18 31 1254 薬剤師居宅療養Ⅱ４・特薬 1254 450
19 31 1131 管理栄養士居宅療養Ⅰ 1131 530
20 31 1132 管理栄養士居宅療養Ⅱ 1132 450
21 31 1241 歯科衛生士等居宅療養Ⅰ 1241 350
22 31 1243 歯科衛生士等居宅療養Ⅱ 1243 300
23 31 1261 看護職員居宅療養Ⅰ 1261 400
24 31 1262 看護職員居宅療養Ⅰ・准看 1262 360
25 31 1263 看護職員居宅療養Ⅱ 1263 360
26 31 1264 看護職員居宅療養Ⅱ・准看 1264 324
