00000201 2012 05 01 16:00 16:59 11 1211 0029 11.26 1 402 1 20140710172607 00078
00000201 2012 05 04 10:00 10:59 11 7311 0029 11.26 1 235 1 20140710172607 00078
00000201 2012 05 04 16:00 16:59 11 1211 0029 11.26 1 402 1 20140710172607 00078
00000201 2012 05 06 16:00 16:59 11 1211 0029 11.26 1 402 1 20140710172607 00078
00000201 2012 05 08 10:00 10:59 11 7311 0029 11.26 1 235 1 20140710172607 00078
00000201 2012 05 08 16:00 16:59 11 1211 0029 11.26 1 402 1 20140710172607 00078
00000201 2012 05 11 10:00 10:59 11 7311 0029 11.26 1 235 1 20140710172607 00078
00000201 2012 05 13 16:00 16:59 11 1211 0029 11.26 1 402 1 20140710172607 00078
00000201 2012 05 15 16:00 16:59 11 1211 0029 11.26 1 402 1 20140710172607 00078
00000201 2012 05 20 16:00 16:59 11 1211 0029 11.26 1 402 1 20140710172607 00078
00000201 2012 05 22 10:00 10:59 11 7311 0029 11.26 1 235 1 20140710172607 00078
00000201 2012 05 22 16:00 16:59 11 1211 0029 11.26 1 402 1 20140710172607 00078
00000201 2012 05 25 10:00 10:59 11 7311 0029 11.26 1 235 1 20140710172607 00078
00000201 2012 05 25 16:00 16:59 11 1211 0029 11.26 1 402 1 20140710172607 00078
00000201 2012 05 27 16:00 16:59 11 1211 0029 11.26 1 402 1 20140710172607 00078
00000201 2012 05 29 10:00 10:59 11 7311 0029 11.26 1 235 1 20140710172607 00078
00000201 2012 05 29 16:00 16:59 11 1211 0029 11.26 1 402 1 20140710172607 00078
00000202 2012 05 01 08:00 08:29 11 1111 0029 11.26 1 254 1 20140711121451 00078
00000202 2012 05 01 13:00 13:29 11 1111 0029 11.26 1 254 1 20140711121451 00078
00000202 2012 05 01 15:30 15:59 11 1111 0029 11.26 1 254 1 20140711121451 00078
00000202 2012 05 01 19:30 19:59 11 1112 0029 11.26 1 318 1 20140711121451 00078
00000202 2012 05 02 08:00 08:29 11 1111 0029 11.26 1 254 1 20140711121451 00078
00000202 2012 05 02 13:00 13:29 11 1111 0029 11.26 1 254 1 20140711121451 00078
00000202 2012 05 02 15:30 16:29 11 1221 0029 11.26 1 804 1 20140711121451 00078
00000202 2012 05 02 19:30 19:59 11 1112 0029 11.26 1 318 1 20140711121451 00078
00000202 2012 05 03 08:00 08:29 11 1111 0029 11.26 1 254 1 20140711121451 00078
00000202 2012 05 03 13:00 13:29 11 1111 0029 11.26 1 254 1 20140711121451 00078
00000202 2012 05 03 15:30 15:59 11 1111 0029 11.26 1 254 1 20140711121451 00078
00000202 2012 05 03 19:30 19:59 11 1112 0029 11.26 1 318 1 20140711121451 00078
00000202 2012 05 04 08:00 08:29 11 1111 0029 11.26 1 254 1 20140711121451 00078
00000202 2012 05 04 13:00 13:29 11 1111 0029 11.26 1 254 1 20140711121451 00078
00000202 2012 05 04 19:30 19:59 11 1112 0029 11.26 1 318 1 20140711121451 00078
00000202 2012 05 05 08:00 08:29 11 1111 0029 11.26 1 254 1 20140711121451 00078
00000202 2012 05 05 15:30 15:59 11 1111 0029 11.26 1 254 1 20140711121451 00078
00000202 2012 05 05 19:30 19:59 11 1112 0029 11.26 1 318 1 20140711121451 00078
00000202 2012 05 06 08:00 08:29 11 1111 0029 11.26 1 254 1 20140711121451 00078
00000202 2012 05 06 13:00 13:29 11 1111 0029 11.26 1 254 1 20140711121451 00078
00000202 2012 05 06 15:30 15:59 11 1111 0029 11.26 1 254 1 20140711121451 00078
00000202 2012 05 06 19:30 19:59 11 1112 0029 11.26 1 318 1 20140711121451 00078
00000202 2012 05 07 08:00 08:29 11 1111 0029 11.26 1 254 1 20140711121451 00078
00000202 2012 05 07 13:00 13:29 11 1111 0029 11.26 1 254 1 20140711121451 00078
00000202 2012 05 07 15:30 16:29 11 1221 0029 11.26 1 804 1 20140711121451 00078
00000202 2012 05 07 19:30 19:59 11 1112 0029 11.26 1 318 1 20140711121451 00078
00000202 2012 05 08 08:00 08:29 11 1111 0029 11.26 1 254 1 20140711121451 00078
00000202 2012 05 08 13:00 13:29 11 1111 0029 11.26 1 254 1 20140711121451 00078
00000202 2012 05 08 15:30 15:59 11 1111 0029 11.26 1 254 1 20140711121451 00078
00000202 2012 05 08 19:30 19:59 11 1112 0029 11.26 1 318 1 20140711121451 00078
00000202 2012 05 09 08:00 08:29 11 1111 0029 11.26 1 254 1 20140711121451 00078
00000202 2012 05 09 13:00 13:29 11 1111 0029 11.26 1 254 1 20140711121451 00078
00000202 2012 05 09 15:30 16:29 11 1221 0029 11.26 1 804 1 20140711121451 00078
00000202 2012 05 09 19:30 19:59 11 1112 0029 11.26 1 318 1 20140711121451 00078
00000202 2012 05 10 08:00 08:29 11 1111 0029 11.26 1 254 1 20140711121451 00078
00000202 2012 05 10 13:00 13:29 11 1111 0029 11.26 1 254 1 20140711121451 00078
00000202 2012 05 10 15:30 15:59 11 1111 0029 11.26 1 254 1 20140711121451 00078
00000202 2012 05 10 19:30 19:59 11 1112 0029 11.26 1 318 1 20140711121451 00078
00000202 2012 05 11 08:00 08:29 11 1111 0029 11.26 1 254 1 20140711121451 00078
00000202 2012 05 11 13:00 13:29 11 1111 0029 11.26 1 254 1 20140711121451 00078
00000202 2012 05 11 19:30 19:59 11 1112 0029 11.26 1 318 1 20140711121451 00078
00000202 2012 05 12 08:00 08:29 11 1111 0029 11.26 1 254 1 20140711121451 00078
00000202 2012 05 12 13:00 13:29 11 1111 0029 11.26 1 254 1 20140711121451 00078
00000202 2012 05 12 15:30 15:59 11 1111 0029 11.26 1 254 1 20140711121451 00078
00000202 2012 05 12 19:30 19:59 11 1112 0029 11.26 1 318 1 20140711121451 00078
00000202 2012 05 13 08:00 08:29 11 1111 0029 11.26 1 254 1 20140711121451 00078
00000202 2012 05 13 13:00 13:29 11 1111 0029 11.26 1 254 1 20140711121451 00078
00000202 2012 05 13 16:00 16:29 11 1111 0029 11.26 1 254 1 20140711121451 00078
00000202 2012 05 13 19:30 19:59 11 1112 0029 11.26 1 318 1 20140711121451 00078
00000202 2012 05 14 08:00 08:29 11 1111 0029 11.26 1 254 1 20140711121451 00078
00000202 2012 05 14 13:00 13:29 11 1111 0029 11.26 1 254 1 20140711121451 00078
00000202 2012 05 14 15:30 16:29 11 1221 0029 11.26 1 804 1 20140711121451 00078
00000202 2012 05 14 19:30 19:59 11 1112 0029 11.26 1 318 1 20140711121451 00078
00000202 2012 05 15 08:00 08:29 11 1111 0029 11.26 1 254 1 20140711121451 00078
00000202 2012 05 15 13:00 13:29 11 1111 0029 11.26 1 254 1 20140711121451 00078
00000202 2012 05 15 15:30 15:59 11 1111 0029 11.26 1 254 1 20140711121451 00078
00000202 2012 05 15 19:30 19:59 11 1112 0029 11.26 1 318 1 20140711121451 00078
00000202 2012 05 16 08:00 08:29 11 1111 0029 11.26 1 254 1 20140711121451 00078
00000202 2012 05 16 13:00 13:29 11 1111 0029 11.26 1 254 1 20140711121451 00078
00000202 2012 05 16 15:30 16:29 11 1221 0029 11.26 1 804 1 20140711121451 00078
00000202 2012 05 16 19:30 19:59 11 1112 0029 11.26 1 318 1 20140711121451 00078
00000202 2012 05 17 08:00 08:29 11 1111 0029 11.26 1 254 1 20140711121451 00078
00000202 2012 05 17 13:00 13:29 11 1111 0029 11.26 1 254 1 20140711121451 00078
00000202 2012 05 17 15:30 15:59 11 1111 0029 11.26 1 254 1 20140711121451 00078
00000202 2012 05 17 19:30 19:59 11 1112 0029 11.26 1 318 1 20140711121451 00078
00000202 2012 05 18 08:00 08:29 11 1111 0029 11.26 1 254 1 20140711121451 00078
00000202 2012 05 18 13:00 13:29 11 1111 0029 11.26 1 254 1 20140711121451 00078
00000202 2012 05 18 19:30 19:59 11 1112 0029 11.26 1 318 1 20140711121451 00078
00000202 2012 05 19 08:00 08:29 11 1111 0029 11.26 1 254 1 20140711121451 00078
00000202 2012 05 19 13:00 13:29 11 1111 0029 11.26 1 254 1 20140711121451 00078
00000202 2012 05 19 15:30 15:59 11 1111 0029 11.26 1 254 1 20140711121451 00078
00000202 2012 05 19 19:30 19:59 11 1112 0029 11.26 1 318 1 20140711121451 00078
00000202 2012 05 20 08:00 08:29 11 1111 0029 11.26 1 254 1 20140711121451 00078
00000202 2012 05 20 13:00 13:29 11 1111 0029 11.26 1 254 1 20140711121451 00078
00000202 2012 05 20 15:30 15:59 11 1111 0029 11.26 1 254 1 20140711121451 00078
00000202 2012 05 20 19:30 19:59 11 1112 0029 11.26 1 318 1 20140711121451 00078
00000202 2012 05 21 08:00 08:29 11 1111 0029 11.26 1 254 1 20140711121451 00078
00000202 2012 05 21 13:00 13:29 11 1111 0029 11.26 1 254 1 20140711121451 00078
00000202 2012 05 21 15:30 16:29 11 1221 0029 11.26 1 804 1 20140711121451 00078
00000202 2012 05 21 19:30 19:59 11 1112 0029 11.26 1 318 1 20140711121451 00078
00000202 2012 05 22 08:00 08:29 11 1111 0029 11.26 1 254 1 20140711121451 00078
00000202 2012 05 22 13:00 13:29 11 1111 0029 11.26 1 254 1 20140711121451 00078
00000202 2012 05 22 15:30 15:59 11 1111 0029 11.26 1 254 1 20140711121451 00078
00000202 2012 05 22 19:30 19:59 11 1112 0029 11.26 1 318 1 20140711121451 00078
00000202 2012 05 23 08:00 08:29 11 1111 0029 11.26 1 254 1 20140711121451 00078
00000202 2012 05 23 13:00 13:29 11 1111 0029 11.26 1 254 1 20140711121451 00078
00000202 2012 05 23 15:30 16:29 11 1221 0029 11.26 1 804 1 20140711121451 00078
00000202 2012 05 23 19:30 19:59 11 1112 0029 11.26 1 318 1 20140711121451 00078
00000202 2012 05 24 08:00 08:29 11 1111 0029 11.26 1 254 1 20140711121451 00078
00000202 2012 05 24 15:30 15:59 11 1111 0029 11.26 1 254 1 20140711121451 00078
00000202 2012 05 24 19:30 19:59 11 1112 0029 11.26 1 318 1 20140711121451 00078
00000202 2012 05 25 08:00 08:29 11 1111 0029 11.26 1 254 1 20140711121451 00078
00000202 2012 05 25 13:00 13:29 11 1111 0029 11.26 1 254 1 20140711121451 00078
00000202 2012 05 25 15:30 15:59 11 1111 0029 11.26 1 254 1 20140711121451 00078
00000202 2012 05 25 19:30 19:59 11 1112 0029 11.26 1 318 1 20140711121451 00078
00000202 2012 05 26 08:00 08:29 11 1111 0029 11.26 1 254 1 20140711121451 00078
00000202 2012 05 26 13:00 13:29 11 1111 0029 11.26 1 254 1 20140711121451 00078
00000202 2012 05 26 15:30 15:59 11 1111 0029 11.26 1 254 1 20140711121451 00078
00000202 2012 05 26 19:30 20:29 11 1212 0029 11.26 1 503 1 20140711121451 00078
00000202 2012 05 27 08:00 08:29 11 1111 0029 11.26 1 254 1 20140711121451 00078
00000202 2012 05 27 13:00 13:29 11 1111 0029 11.26 1 254 1 20140711121451 00078
00000202 2012 05 27 15:30 15:59 11 1111 0029 11.26 1 254 1 20140711121451 00078
00000202 2012 05 27 19:30 19:59 11 1112 0029 11.26 1 318 1 20140711121451 00078
00000202 2012 05 28 08:00 08:29 11 1111 0029 11.26 1 254 1 20140711121451 00078
00000202 2012 05 28 13:00 13:29 11 1111 0029 11.26 1 254 1 20140711121451 00078
00000202 2012 05 28 15:30 16:29 11 1211 0029 11.26 1 402 1 20140711121451 00078
00000202 2012 05 28 19:30 19:59 11 1112 0029 11.26 1 318 1 20140711121451 00078
00000202 2012 05 29 08:00 08:29 11 1111 0029 11.26 1 254 1 20140711121451 00078
00000202 2012 05 29 13:00 13:29 11 1111 0029 11.26 1 254 1 20140711121451 00078
00000202 2012 05 29 15:30 15:59 11 1111 0029 11.26 1 254 1 20140711121451 00078
00000202 2012 05 29 19:30 19:59 11 1112 0029 11.26 1 318 1 20140711121451 00078
00000202 2012 05 30 08:00 08:29 11 1111 0029 11.26 1 254 1 20140711121451 00078
00000202 2012 05 30 13:00 13:29 11 1111 0029 11.26 1 254 1 20140711121451 00078
00000202 2012 05 30 15:30 16:29 11 1221 0029 11.26 1 804 1 20140711121451 00078
00000202 2012 05 30 19:30 19:59 11 1112 0029 11.26 1 318 1 20140711121451 00078
00000202 2012 05 31 08:00 08:29 11 1111 0029 11.26 1 254 1 20140711121451 00078
00000202 2012 05 31 13:00 13:29 11 1111 0029 11.26 1 254 1 20140711121451 00078
00000202 2012 05 31 15:30 15:59 11 1111 0029 11.26 1 254 1 20140711121451 00078
00000202 2012 05 31 19:30 19:59 11 1112 0029 11.26 1 318 1 20140711121451 00078
00000203 2012 05 01 08:30 09:29 11 4111 0029 11.26 1 324 1 20140714113607 00078
00000203 2012 05 01 14:00 14:29 11 1111 0029 11.26 1 254 1 20140714113607 00078
00000203 2012 05 01 19:00 19:29 11 1112 0029 11.26 1 318 1 20140714113607 00078
00000203 2012 05 02 08:30 09:29 11 4111 0029 11.26 1 324 1 20140714113607 00078
00000203 2012 05 02 14:00 14:59 11 1211 0029 11.26 1 402 1 20140714113607 00078
00000203 2012 05 02 19:00 19:29 11 1112 0029 11.26 1 318 1 20140714113607 00078
00000203 2012 05 03 08:30 09:29 11 4111 0029 11.26 1 324 1 20140714113607 00078
00000203 2012 05 03 14:00 14:29 11 1111 0029 11.26 1 254 1 20140714113607 00078
00000203 2012 05 03 19:00 19:29 11 1112 0029 11.26 1 318 1 20140714113607 00078
00000203 2012 05 04 08:30 09:29 11 4111 0029 11.26 1 324 1 20140714113607 00078
00000203 2012 05 04 14:00 14:59 11 4111 0029 11.26 1 324 1 20140714113607 00078
00000203 2012 05 04 19:00 19:29 11 1112 0029 11.26 1 318 1 20140714113607 00078
00000203 2012 05 05 08:30 09:29 11 4111 0029 11.26 1 324 1 20140714113607 00078
00000203 2012 05 05 14:00 14:29 11 1111 0029 11.26 1 254 1 20140714113607 00078
00000203 2012 05 05 19:00 19:29 11 1112 0029 11.26 1 318 1 20140714113607 00078
00000203 2012 05 06 08:30 09:29 11 4111 0029 11.26 1 324 1 20140714113607 00078
00000203 2012 05 06 14:00 14:59 11 1211 0029 11.26 1 402 1 20140714113607 00078
00000203 2012 05 06 19:00 19:29 11 1112 0029 11.26 1 318 1 20140714113607 00078
00000203 2012 05 07 08:30 09:29 11 4111 0029 11.26 1 324 1 20140714113607 00078
00000203 2012 05 07 13:00 14:59 11 6111 0029 11.26 1 654 1 20140714113607 00078
00000203 2012 05 07 19:00 19:29 11 1112 0029 11.26 1 318 1 20140714113607 00078
00000203 2012 05 08 08:30 09:29 11 4111 0029 11.26 1 324 1 20140714113607 00078
00000203 2012 05 08 14:00 14:29 11 1111 0029 11.26 1 254 1 20140714113607 00078
00000203 2012 05 09 08:30 09:29 11 4111 0029 11.26 1 324 1 20140714113607 00078
00000203 2012 05 09 14:00 14:59 11 1211 0029 11.26 1 402 1 20140714113607 00078
00000203 2012 05 09 19:00 19:29 11 1112 0029 11.26 1 318 1 20140714113607 00078
00000203 2012 05 10 08:30 09:29 11 4111 0029 11.26 1 324 1 20140714113607 00078
00000203 2012 05 10 14:00 14:29 11 1111 0029 11.26 1 254 1 20140714113607 00078
00000203 2012 05 11 08:30 09:29 11 4111 0029 11.26 1 324 1 20140714113607 00078
00000203 2012 05 11 14:00 14:59 11 4111 0029 11.26 1 324 1 20140714113607 00078
00000203 2012 05 11 19:00 19:29 11 1112 0029 11.26 1 318 1 20140714113607 00078
00000203 2012 05 12 08:30 09:29 11 4111 0029 11.26 1 324 1 20140714113607 00078
00000203 2012 05 12 14:00 14:29 11 1111 0029 11.26 1 254 1 20140714113607 00078
00000203 2012 05 12 19:00 19:29 11 1112 0029 11.26 1 318 1 20140714113607 00078
00000203 2012 05 13 08:30 09:29 11 4111 0029 11.26 1 324 1 20140714113607 00078
00000203 2012 05 13 14:00 14:59 11 1211 0029 11.26 1 402 1 20140714113607 00078
00000203 2012 05 13 19:00 19:29 11 1112 0029 11.26 1 318 1 20140714113607 00078
00000203 2012 05 14 08:30 09:29 11 4111 0029 11.26 1 324 1 20140714113607 00078
00000203 2012 05 14 13:00 14:59 11 4311 0029 11.26 1 464 1 20140714113607 00078
00000203 2012 05 14 19:00 19:29 11 1112 0029 11.26 1 318 1 20140714113607 00078
00000203 2012 05 15 08:30 09:29 11 4111 0029 11.26 1 324 1 20140714113607 00078
00000203 2012 05 15 14:00 14:29 11 1111 0029 11.26 1 254 1 20140714113607 00078
00000203 2012 05 15 19:00 19:29 11 1112 0029 11.26 1 318 1 20140714113607 00078
00000203 2012 05 16 08:30 09:29 11 4111 0029 11.26 1 324 1 20140714113607 00078
00000203 2012 05 16 14:00 14:59 11 1211 0029 11.26 1 402 1 20140714113607 00078
00000203 2012 05 16 19:00 19:29 11 1112 0029 11.26 1 318 1 20140714113607 00078
00000203 2012 05 17 08:30 09:29 11 4111 0029 11.26 1 324 1 20140714113607 00078
00000203 2012 05 17 14:00 14:29 11 1111 0029 11.26 1 254 1 20140714113607 00078
00000203 2012 05 17 19:00 19:29 11 1112 0029 11.26 1 318 1 20140714113607 00078
00000203 2012 05 18 08:30 09:29 11 4111 0029 11.26 1 324 1 20140714113607 00078
00000203 2012 05 18 14:00 14:59 11 4111 0029 11.26 1 324 1 20140714113607 00078
00000203 2012 05 18 19:00 19:29 11 1112 0029 11.26 1 318 1 20140714113607 00078
00000203 2012 05 19 08:30 09:29 11 4111 0029 11.26 1 324 1 20140714113607 00078
00000203 2012 05 19 14:00 14:29 11 1111 0029 11.26 1 254 1 20140714113607 00078
00000203 2012 05 19 19:00 19:29 11 1112 0029 11.26 1 318 1 20140714113607 00078
00000203 2012 05 20 08:30 09:29 11 4111 0029 11.26 1 324 1 20140714113607 00078
00000203 2012 05 20 14:00 14:59 11 1211 0029 11.26 1 402 1 20140714113607 00078
00000203 2012 05 20 19:00 19:29 11 1112 0029 11.26 1 318 1 20140714113607 00078
00000203 2012 05 21 08:30 09:29 11 4111 0029 11.26 1 324 1 20140714113607 00078
00000203 2012 05 21 13:00 14:59 11 4311 0029 11.26 1 464 1 20140714113607 00078
00000203 2012 05 21 19:00 19:29 11 1112 0029 11.26 1 318 1 20140714113607 00078
00000203 2012 05 22 08:30 09:29 11 4111 0029 11.26 1 324 1 20140714113607 00078
00000203 2012 05 22 14:00 14:29 11 1111 0029 11.26 1 254 1 20140714113607 00078
00000203 2012 05 22 19:00 19:29 11 1112 0029 11.26 1 318 1 20140714113607 00078
00000203 2012 05 23 08:30 09:29 11 4111 0029 11.26 1 324 1 20140714113607 00078
00000203 2012 05 23 14:00 14:59 11 1211 0029 11.26 1 402 1 20140714113607 00078
00000203 2012 05 23 19:00 19:29 11 1112 0029 11.26 1 318 1 20140714113607 00078
00000203 2012 05 24 08:30 09:29 11 4111 0029 11.26 1 324 1 20140714113607 00078
00000203 2012 05 24 14:00 14:29 11 1111 0029 11.26 1 254 1 20140714113607 00078
00000203 2012 05 24 19:00 19:29 11 1112 0029 11.26 1 318 1 20140714113607 00078
00000203 2012 05 25 08:30 09:29 11 4111 0029 11.26 1 324 1 20140714113607 00078
00000203 2012 05 25 14:00 14:59 11 4111 0029 11.26 1 324 1 20140714113607 00078
00000203 2012 05 25 19:00 19:29 11 1112 0029 11.26 1 318 1 20140714113607 00078
00000203 2012 05 26 08:30 09:29 11 4111 0029 11.26 1 324 1 20140714113607 00078
00000203 2012 05 26 14:00 14:29 11 1111 0029 11.26 1 254 1 20140714113607 00078
00000203 2012 05 27 08:30 09:29 11 4111 0029 11.26 1 324 1 20140714113607 00078
00000203 2012 05 27 14:00 14:59 11 1211 0029 11.26 1 402 1 20140714113607 00078
00000203 2012 05 27 19:00 19:29 11 1112 0029 11.26 1 318 1 20140714113607 00078
00000203 2012 05 28 08:30 09:29 11 4111 0029 11.26 1 324 1 20140714113607 00078
00000203 2012 05 28 13:00 14:59 11 6111 0029 11.26 1 654 1 20140714113607 00078
00000203 2012 05 28 19:00 19:29 11 1112 0029 11.26 1 318 1 20140714113607 00078
00000203 2012 05 29 08:30 09:29 11 4111 0029 11.26 1 324 1 20140714113607 00078
00000203 2012 05 29 14:00 14:29 11 1111 0029 11.26 1 254 1 20140714113607 00078
00000203 2012 05 29 19:00 19:29 11 1112 0029 11.26 1 318 1 20140714113607 00078
00000203 2012 05 30 08:30 09:29 11 4111 0029 11.26 1 324 1 20140714113607 00078
00000203 2012 05 30 14:00 14:59 11 1211 0029 11.26 1 402 1 20140714113607 00078
00000203 2012 05 30 19:00 19:29 11 1112 0029 11.26 1 318 1 20140714113607 00078
00000203 2012 05 31 08:30 09:29 11 4111 0029 11.26 1 324 1 20140714113607 00078
00000203 2012 05 31 14:00 14:29 11 1111 0029 11.26 1 254 1 20140714113607 00078
00000203 2012 05 31 19:00 19:29 11 1112 0029 11.26 1 318 1 20140714113607 00078
00000204 2012 05 01 10:00 10:29 11 1111 0029 11.26 1 254 1 20140715110452 00078
00000204 2012 05 01 14:30 14:59 11 1111 0029 11.26 1 254 1 20140715110452 00078
00000204 2012 05 01 20:00 20:29 11 1112 0029 11.26 1 318 1 20140715110452 00078
00000204 2012 05 02 20:00 20:29 11 1112 0029 11.26 1 318 1 20140715110452 00078
00000204 2012 05 03 10:00 10:29 11 1111 0029 11.26 1 254 1 20140715110452 00078
00000204 2012 05 03 14:30 14:59 11 1111 0029 11.26 1 254 1 20140715110452 00078
00000204 2012 05 03 20:00 20:29 11 1112 0029 11.26 1 318 1 20140715110452 00078
00000204 2012 05 04 09:30 09:59 11 1111 0029 11.26 1 254 1 20140715110452 00078
00000204 2012 05 04 20:00 20:29 11 1112 0029 11.26 1 318 1 20140715110452 00078
00000204 2012 05 05 10:00 10:29 11 1111 0029 11.26 1 254 1 20140715110452 00078
00000204 2012 05 05 14:30 15:29 11 4111 0029 11.26 1 324 1 20140715110452 00078
00000204 2012 05 05 20:00 20:29 11 1112 0029 11.26 1 318 1 20140715110452 00078
00000204 2012 05 06 10:00 10:29 11 1111 0029 11.26 1 254 1 20140715110452 00078
00000204 2012 05 06 14:30 14:59 11 1111 0029 11.26 1 254 1 20140715110452 00078
00000204 2012 05 06 20:00 20:29 11 1112 0029 11.26 1 318 1 20140715110452 00078
00000204 2012 05 07 09:30 09:59 11 1111 0029 11.26 1 254 1 20140715110452 00078
00000204 2012 05 07 20:00 20:29 11 1112 0029 11.26 1 318 1 20140715110452 00078
00000204 2012 05 08 10:00 10:29 11 1111 0029 11.26 1 254 1 20140715110452 00078
00000204 2012 05 08 14:30 14:59 11 1111 0029 11.26 1 254 1 20140715110452 00078
00000204 2012 05 08 20:00 20:29 11 1112 0029 11.26 1 318 1 20140715110452 00078
00000204 2012 05 09 20:00 20:29 11 1112 0029 11.26 1 318 1 20140715110452 00078
00000204 2012 05 10 10:00 10:29 11 1111 0029 11.26 1 254 1 20140715110452 00078
00000204 2012 05 10 14:30 14:59 11 1111 0029 11.26 1 254 1 20140715110452 00078
00000204 2012 05 10 20:00 20:29 11 1112 0029 11.26 1 318 1 20140715110452 00078
00000204 2012 05 11 09:30 09:59 11 1111 0029 11.26 1 254 1 20140715110452 00078
00000204 2012 05 11 20:00 20:29 11 1112 0029 11.26 1 318 1 20140715110452 00078
00000204 2012 05 12 10:00 10:29 11 1111 0029 11.26 1 254 1 20140715110452 00078
00000204 2012 05 12 14:30 15:29 11 4111 0029 11.26 1 324 1 20140715110452 00078
00000204 2012 05 12 20:00 20:29 11 1112 0029 11.26 1 318 1 20140715110452 00078
00000204 2012 05 13 10:00 10:29 11 1111 0029 11.26 1 254 1 20140715110452 00078
00000204 2012 05 13 14:30 14:59 11 1111 0029 11.26 1 254 1 20140715110452 00078
00000204 2012 05 13 20:00 20:29 11 1112 0029 11.26 1 318 1 20140715110452 00078
00000204 2012 05 14 09:30 09:59 11 1111 0029 11.26 1 254 1 20140715110452 00078
00000204 2012 05 14 20:00 20:29 11 1112 0029 11.26 1 318 1 20140715110452 00078
00000204 2012 05 15 10:00 10:29 11 1111 0029 11.26 1 254 1 20140715110452 00078
00000204 2012 05 15 14:30 14:59 11 1111 0029 11.26 1 254 1 20140715110452 00078
00000204 2012 05 15 20:00 20:29 11 1112 0029 11.26 1 318 1 20140715110452 00078
00000204 2012 05 16 20:00 20:29 11 1112 0029 11.26 1 318 1 20140715110452 00078
00000204 2012 05 17 10:00 10:29 11 1111 0029 11.26 1 254 1 20140715110452 00078
00000204 2012 05 17 14:30 14:59 11 1111 0029 11.26 1 254 1 20140715110452 00078
00000204 2012 05 17 20:00 20:29 11 1112 0029 11.26 1 318 1 20140715110452 00078
00000204 2012 05 18 09:30 09:59 11 1111 0029 11.26 1 254 1 20140715110452 00078
00000204 2012 05 18 20:00 20:29 11 1112 0029 11.26 1 318 1 20140715110452 00078
00000204 2012 05 19 10:00 10:29 11 1111 0029 11.26 1 254 1 20140715110452 00078
00000204 2012 05 19 14:30 15:29 11 4111 0029 11.26 1 324 1 20140715110452 00078
00000204 2012 05 19 20:00 20:29 11 1112 0029 11.26 1 318 1 20140715110452 00078
00000204 2012 05 20 10:00 10:29 11 1111 0029 11.26 1 254 1 20140715110452 00078
00000204 2012 05 20 14:30 14:59 11 1111 0029 11.26 1 254 1 20140715110452 00078
00000204 2012 05 20 20:00 20:29 11 1112 0029 11.26 1 318 1 20140715110452 00078
00000204 2012 05 21 09:30 09:59 11 1111 0029 11.26 1 254 1 20140715110452 00078
00000204 2012 05 21 20:00 20:29 11 1112 0029 11.26 1 318 1 20140715110452 00078
00000204 2012 05 22 20:00 20:29 11 1112 0029 11.26 1 318 1 20140715110452 00078
00000204 2012 05 23 10:00 10:29 11 1111 0029 11.26 1 254 1 20140715110452 00078
00000204 2012 05 23 20:00 20:29 11 1112 0029 11.26 1 318 1 20140715110452 00078
00000204 2012 05 24 10:00 10:29 11 1111 0029 11.26 1 254 1 20140715110452 00078
00000204 2012 05 24 14:30 14:59 11 1111 0029 11.26 1 254 1 20140715110452 00078
00000204 2012 05 24 20:00 20:29 11 1112 0029 11.26 1 318 1 20140715110452 00078
00000204 2012 05 25 09:30 09:59 11 1111 0029 11.26 1 254 1 20140715110452 00078
00000204 2012 05 25 20:00 20:29 11 1112 0029 11.26 1 318 1 20140715110452 00078
00000204 2012 05 26 10:00 10:29 11 1111 0029 11.26 1 254 1 20140715110452 00078
00000204 2012 05 26 14:30 15:29 11 4111 0029 11.26 1 324 1 20140715110452 00078
00000204 2012 05 26 20:30 20:59 11 1112 0029 11.26 1 318 1 20140715110452 00078
00000204 2012 05 27 10:00 10:29 11 1111 0029 11.26 1 254 1 20140715110452 00078
00000204 2012 05 27 14:30 14:59 11 1111 0029 11.26 1 254 1 20140715110452 00078
00000204 2012 05 27 20:00 20:29 11 1112 0029 11.26 1 318 1 20140715110452 00078
00000204 2012 05 28 09:30 09:59 11 1111 0029 11.26 1 254 1 20140715110452 00078
00000204 2012 05 28 20:00 20:29 11 1112 0029 11.26 1 318 1 20140715110452 00078
00000204 2012 05 29 10:00 10:29 11 1111 0029 11.26 1 254 1 20140715110452 00078
00000204 2012 05 29 14:30 14:59 11 1111 0029 11.26 1 254 1 20140715110452 00078
00000204 2012 05 29 20:00 20:29 11 1112 0029 11.26 1 318 1 20140715110452 00078
00000204 2012 05 30 20:00 20:29 11 1112 0029 11.26 1 318 1 20140715110452 00078
00000204 2012 05 31 10:00 10:29 11 1111 0029 11.26 1 254 1 20140715110452 00078
00000204 2012 05 31 14:30 14:59 11 1111 0029 11.26 1 254 1 20140715110452 00078
00000204 2012 05 31 20:00 20:29 11 1112 0029 11.26 1 318 1 20140715110452 00078
00000205 2012 05 01 14:30 15:59 11 1311 0029 11.26 1 584 1 20140715161257 00078
00000205 2012 05 03 14:30 15:29 11 7311 0029 11.26 1 235 1 20140715161257 00078
00000205 2012 05 04 14:30 15:59 11 1311 0029 11.26 1 584 1 20140715161257 00078
00000205 2012 05 08 14:30 15:59 11 1311 0029 11.26 1 584 1 20140715161257 00078
00000205 2012 05 10 14:30 15:29 11 7311 0029 11.26 1 235 1 20140715161257 00078
00000205 2012 05 11 14:30 15:59 11 1311 0029 11.26 1 584 1 20140715161257 00078
00000205 2012 05 15 14:30 15:59 11 1311 0029 11.26 1 584 1 20140715161257 00078
00000205 2012 05 17 14:30 15:29 11 7311 0029 11.26 1 235 1 20140715161257 00078
00000205 2012 05 18 14:30 15:59 11 1311 0029 11.26 1 584 1 20140715161257 00078
00000205 2012 05 22 14:30 15:59 11 1311 0029 11.26 1 584 1 20140715161257 00078
00000205 2012 05 24 14:30 15:29 11 7311 0029 11.26 1 235 1 20140715161257 00078
00000205 2012 05 29 14:30 15:59 11 1311 0029 11.26 1 584 1 20140715161257 00078
00000205 2012 05 31 14:30 15:29 11 7311 0029 11.26 1 235 1 20140715161257 00078
00000206 2012 05 02 17:00 17:59 11 1211 0029 11.26 1 402 1 20140715175841 00078
00000206 2012 05 03 16:30 17:29 11 7311 0029 11.26 1 235 1 20140715175841 00078
00000206 2012 05 05 16:30 17:29 11 1211 0029 11.26 1 402 1 20140715175841 00078
00000206 2012 05 06 16:30 17:29 11 7311 0029 11.26 1 235 1 20140715175841 00078
00000206 2012 05 07 17:00 17:59 11 1211 0029 11.26 1 402 1 20140715175841 00078
00000206 2012 05 09 17:00 17:59 11 1211 0029 11.26 1 402 1 20140715175841 00078
00000206 2012 05 12 16:30 17:29 11 1211 0029 11.26 1 402 1 20140715175841 00078
00000206 2012 05 13 16:30 17:29 11 7311 0029 11.26 1 235 1 20140715175841 00078
00000206 2012 05 17 16:30 17:29 11 7311 0029 11.26 1 235 1 20140715175841 00078
00000206 2012 05 19 16:30 17:29 11 1211 0029 11.26 1 402 1 20140715175841 00078
00000206 2012 05 20 16:30 17:29 11 7311 0029 11.26 1 235 1 20140715175841 00078
00000206 2012 05 21 17:00 17:59 11 1211 0029 11.26 1 402 1 20140715175841 00078
00000206 2012 05 23 17:00 17:59 11 1211 0029 11.26 1 402 1 20140715175841 00078
00000206 2012 05 26 16:30 17:29 11 1211 0029 11.26 1 402 1 20140715175841 00078
00000206 2012 05 27 16:30 17:29 11 7311 0029 11.26 1 235 1 20140715175841 00078
00000206 2012 05 28 17:00 17:59 11 1211 0029 11.26 1 402 1 20140715175841 00078
00000206 2012 05 30 17:00 17:59 11 1211 0029 11.26 1 402 1 20140715175841 00078
00000207 2012 05 01 14:00 14:59 61 1111 0107 11.26 1 1220 1 20140716101737 00078
00000207 2012 05 08 14:00 14:59 61 1111 0107 11.26 1 1220 1 20140716101737 00078
00000207 2012 05 15 14:00 14:59 61 1111 0107 11.26 1 1220 1 20140716101737 00078
00000207 2012 05 29 14:00 14:59 61 1111 0107 11.26 1 1220 1 20140716101737 00078
00000209 2012 05 04 10:45 11:44 61 1211 0107 11.26 1 2440 1 20140716105754 00078
00000209 2012 05 11 10:45 11:44 61 1211 0107 11.26 1 2440 1 20140716105754 00078
00000209 2012 05 14 10:45 11:44 61 1211 0107 11.26 1 2440 1 20140716105754 00078
00000209 2012 05 18 10:45 11:44 61 1211 0107 11.26 1 2440 1 20140716105754 00078
00000209 2012 05 21 10:45 11:44 61 1211 0107 11.26 1 2440 1 20140716105754 00078
00000209 2012 05 25 10:45 11:44 61 1211 0107 11.26 1 2440 1 20140716105754 00078
00000212 2012 05 02 13:00 13:59 61 1111 0107 11.26 1 1220 1 20140716172504 00078
00000212 2012 05 09 13:00 13:59 61 1111 0107 11.26 1 1220 1 20140716172504 00078
00000212 2012 05 16 13:00 13:59 61 1111 0107 11.26 1 1220 1 20140716172504 00078
00000212 2012 05 23 13:00 13:59 61 1111 0107 11.26 1 1220 1 20140716172504 00078
00000213 2012 05 01 10:45 11:44 11 7311 0029 11.26 1 235 1 20140716143408 00078
00000213 2012 05 01 16:00 16:59 11 1211 0029 11.26 1 402 1 20140716143408 00078
00000213 2012 05 05 10:45 11:44 11 7311 0029 11.26 1 235 1 20140716143408 00078
00000213 2012 05 05 16:00 16:59 11 1211 0029 11.26 1 402 1 20140716143408 00078
00000213 2012 05 08 10:45 11:44 11 7311 0029 11.26 1 235 1 20140716143408 00078
00000213 2012 05 08 16:00 16:59 11 1211 0029 11.26 1 402 1 20140716143408 00078
00000213 2012 05 12 10:45 11:44 11 7311 0029 11.26 1 235 1 20140716143408 00078
00000213 2012 05 12 16:00 16:59 11 1211 0029 11.26 1 402 1 20140716143408 00078
00000213 2012 05 15 10:45 11:44 11 7311 0029 11.26 1 235 1 20140716143408 00078
00000213 2012 05 15 16:00 16:59 11 1211 0029 11.26 1 402 1 20140716143408 00078
00000213 2012 05 19 10:45 11:44 11 7311 0029 11.26 1 235 1 20140716143408 00078
00000213 2012 05 19 16:00 16:59 11 1211 0029 11.26 1 402 1 20140716143408 00078
00000213 2012 05 22 10:45 11:44 11 7311 0029 11.26 1 235 1 20140716143408 00078
00000213 2012 05 22 16:00 16:59 11 1211 0029 11.26 1 402 1 20140716143408 00078
00000213 2012 05 26 10:45 11:44 11 7311 0029 11.26 1 235 1 20140716143408 00078
00000213 2012 05 26 16:00 16:59 11 1211 0029 11.26 1 402 1 20140716143408 00078
00000213 2012 05 29 10:45 11:44 11 7311 0029 11.26 1 235 1 20140716143408 00078
00000213 2012 05 29 16:00 16:59 11 1211 0029 11.26 1 402 1 20140716143408 00078
00000214 2012 05 02 10:45 11:44 61 1111 0107 11.26 1 1220 1 20140716175720 00078
00000214 2012 05 09 10:45 11:44 61 1111 0107 11.26 1 1220 1 20140716175720 00078
00000214 2012 05 16 10:45 11:44 61 1111 0107 11.26 1 1220 1 20140716175720 00078
00000214 2012 05 23 10:45 11:44 61 1111 0107 11.26 1 1220 1 20140716175720 00078
00000214 2012 05 30 10:45 11:44 61 1111 0107 11.26 1 1220 1 20140716175720 00078
00000215 2012 05 04 13:00 14:29 61 1111 0107 11.26 1 1220 1 20140716162235 00078
00000215 2012 05 11 13:00 14:29 61 1111 0107 11.26 1 1220 1 20140716162235 00078
00000215 2012 05 18 13:00 14:29 61 1111 0107 11.26 1 1220 1 20140716162235 00078
00000215 2012 05 25 13:00 14:29 61 1111 0107 11.26 1 1220 1 20140716162235 00078
00000216 2012 05 11 15:00 15:59 61 1111 0107 11.26 1 1220 1 20140716183321 00078
00000216 2012 05 24 13:30 14:29 61 1111 0107 11.26 1 1220 1 20140716183321 00078
00000216 2012 05 31 13:30 14:29 61 1111 0107 11.26 1 1220 1 20140716183321 00078
00000218 2012 05 06 10:45 11:45 61 1111 0107 11.26 1 1220 1 20140729155134 00078
00000218 2012 05 13 10:45 11:45 61 1111 0107 11.26 1 1220 1 20140729155134 00078
00000218 2012 05 20 10:45 11:45 61 1111 0107 11.26 1 1220 1 20140729155134 00078
00000218 2012 05 27 10:45 11:45 61 1111 0107 11.26 1 1220 1 20140729155134 00078
00000221 2012 05 03 10:45 11:30 61 1111 0107 11.26 1 1220 1 20140729182607 00078
00000221 2012 05 17 10:45 11:30 61 1111 0107 11.26 1 1220 1 20140729182607 00078
00000221 2012 05 24 10:45 11:30 61 1111 0107 11.26 1 1220 1 20140729182607 00078
00000221 2012 05 31 10:45 11:30 61 1111 0107 11.26 1 1220 1 20140729182607 00078
