000001542014051 00000154 2014 05 01 65 1121 1 09:30 12:15 0271 1 4236 0 _ _ 1 20140811173214 24
000001542014051 00000154 2014 05 08 65 1121 1 09:30 12:15 0271 1 4236 0 _ _ 1 20140811173214 24
000001542014051 00000154 2014 05 29 65 1121 1 09:30 12:15 0271 1 4236 0 _ _ 1 20140811173214 24
000001542014052 00000154 2014 05 01 65 5002 1 _ _ 0271 1 225 0 _ _ 1 20140811173214 24
000001542014052 00000154 2014 05 08 65 5002 1 _ _ 0271 1 225 0 _ _ 1 20140811173214 24
000001542014052 00000154 2014 05 29 65 5002 1 _ _ 0271 1 225 0 _ _ 1 20140811173214 24
000001542014061 00000154 2014 06 05 65 1121 1 09:30 12:15 0271 1 4236 0 _ _ 1 20140702150639 25
000001542014061 00000154 2014 06 12 65 1121 1 09:30 12:15 0271 1 4236 0 _ _ 1 20140702150639 25
000001542014061 00000154 2014 06 19 65 1121 1 09:30 12:15 0271 1 4236 0 _ _ 1 20140702150639 25
000001542014061 00000154 2014 06 26 65 1121 1 09:30 12:15 0271 1 4236 0 _ _ 1 20140702150639 25
000001542014062 00000154 2014 06 05 65 5002 1 _ _ 0271 1 225 0 _ _ 1 20140702150639 25
000001542014062 00000154 2014 06 12 65 5002 1 _ _ 0271 1 225 0 _ _ 1 20140702150639 25
000001542014062 00000154 2014 06 19 65 5002 1 _ _ 0271 1 225 0 _ _ 1 20140702150639 25
000001542014062 00000154 2014 06 26 65 5002 1 _ _ 0271 1 225 0 _ _ 1 20140702150639 25
000001542014081 00000154 2014 08 07 65 1121 1 09:30 12:15 0271 1 4236 0 _ _ 1 20140901153246 25
000001542014081 00000154 2014 08 14 65 1121 1 09:30 12:15 0271 1 4236 0 _ _ 1 20140901153246 25
000001542014081 00000154 2014 08 21 65 1121 1 09:30 12:15 0271 1 4236 0 _ _ 1 20140901153246 25
000001542014081 00000154 2014 08 28 65 1121 1 09:30 12:15 0271 1 4236 0 _ _ 1 20140901153246 25
000001542014082 00000154 2014 08 07 65 5002 1 _ _ 0271 1 225 0 _ _ 1 20140901153246 25
000001542014082 00000154 2014 08 14 65 5002 1 _ _ 0271 1 225 0 _ _ 1 20140901153246 25
000001542014082 00000154 2014 08 21 65 5002 1 _ _ 0271 1 225 0 _ _ 1 20140901153246 25
000001542014082 00000154 2014 08 28 65 5002 1 _ _ 0271 1 225 0 _ _ 1 20140901153246 25
000001542014091 00000154 2014 09 04 65 1121 1 09:00 12:15 0271 1 4236 0 _ _ 1 20141001165103 25
000001542014091 00000154 2014 09 11 65 1121 1 09:00 12:15 0271 1 4236 0 _ _ 1 20141001165103 25
000001542014091 00000154 2014 09 25 65 1121 1 09:00 12:15 0271 1 4236 0 _ _ 1 20141001165103 25
000001542014092 00000154 2014 09 04 65 5002 1 _ _ 0271 1 225 0 _ _ 1 20141001165103 25
000001542014092 00000154 2014 09 11 65 5002 1 _ _ 0271 1 225 0 _ _ 1 20141001165103 25
000001542014092 00000154 2014 09 25 65 5002 1 _ _ 0271 1 225 0 _ _ 1 20141001165103 25
000001542014101 00000154 2014 10 02 65 1111 1 09:00 12:15 0271 1 2115 0 _ _ 1 20141101115708 25
000001542014101 00000154 2014 10 09 65 1111 1 09:00 12:15 0271 1 2115 0 _ _ 1 20141101115708 25
000001542014101 00000154 2014 10 16 65 1111 1 09:00 12:15 0271 1 2115 0 _ _ 1 20141101115708 25
000001542014101 00000154 2014 10 23 65 1111 1 09:00 12:15 0271 1 2115 0 _ _ 1 20141101115708 25
000001542014101 00000154 2014 10 30 65 1111 1 09:00 12:15 0271 1 2115 0 _ _ 1 20141101115708 25
000001542014102 00000154 2014 10 02 65 5002 1 _ _ 0271 1 225 0 _ _ 1 20141101115708 25
000001542014102 00000154 2014 10 09 65 5002 1 _ _ 0271 1 225 0 _ _ 1 20141101115708 25
000001542014102 00000154 2014 10 16 65 5002 1 _ _ 0271 1 225 0 _ _ 1 20141101115708 25
000001542014102 00000154 2014 10 23 65 5002 1 _ _ 0271 1 225 0 _ _ 1 20141101115708 25
000001542014102 00000154 2014 10 30 65 5002 1 _ _ 0271 1 225 0 _ _ 1 20141101115708 25
000001542014111 00000154 2014 11 06 65 1111 1 09:00 12:15 0271 1 2115 0 _ _ 1 20141202160223 25
000001542014111 00000154 2014 11 13 65 1111 1 09:00 12:15 0271 1 2115 0 _ _ 1 20141202160223 25
000001542014111 00000154 2014 11 20 65 1111 1 09:00 12:15 0271 1 2115 0 _ _ 1 20141202160223 25
000001542014111 00000154 2014 11 27 65 1111 1 09:00 12:15 0271 1 2115 0 _ _ 1 20141202160223 25
000001542014112 00000154 2014 11 06 65 5002 1 _ _ 0271 1 225 0 _ _ 1 20141202160223 25
000001542014112 00000154 2014 11 13 65 5002 1 _ _ 0271 1 225 0 _ _ 1 20141202160223 25
000001542014112 00000154 2014 11 20 65 5002 1 _ _ 0271 1 225 0 _ _ 1 20141202160223 25
000001542014112 00000154 2014 11 27 65 5002 1 _ _ 0271 1 225 0 _ _ 1 20141202160223 25
