00000202 0029 2011 03 _ 1 20141126174117 00078
00000202 0029 2011 04 _ 1 20141128134145 00078
00000202 0029 2011 05 _ 1 20141128121921 00078
00000202 0029 2011 06 _ 1 20141128115823 00078
00000202 0029 2011 07 _ 1 20141128151824 00078
00000202 0029 2011 08 _ 1 20141128164819 00078
00000202 0029 2011 09 _ 1 20141128181429 00078
00000202 0029 2011 10 _ 1 20141127165059 00078
00000202 0029 2011 11 _ 1 20141127134725 00078
00000202 0029 2011 12 _ 1 20141125134224 00078
00000202 0029 2012 01 _ 1 20141121134536 00078
00000202 0029 2012 02 _ 1 20141119161255 00078
00000202 0029 2012 03 _ 1 20141112150453 00078
