000011972014091 00001197 2014 09 01 11 4001 1 11:00 12:00 0359 1 200 0 _ _ 1 20141002170710 39
000011972014092 00001197 2014 09 18 11 7311 1 11:00 12:00 0359 1 236 0 _ _ 1 20141002170710 39
000011972014092 00001197 2014 09 25 11 7311 1 11:00 12:00 0359 1 236 0 _ _ 1 20141002170710 39
000011972014101 00001197 2014 10 02 11 7311 1 11:00 12:00 0359 1 236 0 _ _ 1 20141104084810 39
000011972014101 00001197 2014 10 09 11 7311 1 11:00 12:00 0359 1 236 0 _ _ 1 20141104084810 39
000011972014101 00001197 2014 10 13 11 7311 1 11:00 12:00 0359 1 236 0 _ _ 1 20141104084810 39
000011972014101 00001197 2014 10 16 11 7311 1 11:00 12:00 0359 1 236 0 _ _ 1 20141104084810 39
000011972014101 00001197 2014 10 23 11 7311 1 11:00 12:00 0359 1 236 0 _ _ 1 20141104084810 39
000011972014101 00001197 2014 10 30 11 7311 1 11:00 12:00 0359 1 236 0 _ _ 1 20141104084810 39
000011972014111 00001197 2014 11 06 11 7311 1 11:00 12:00 0359 1 236 0 _ _ 1 20141202135820 39
000011972014111 00001197 2014 11 13 11 7311 1 11:00 12:00 0359 1 236 0 _ _ 1 20141202135820 39
000011972014111 00001197 2014 11 20 11 7311 1 11:00 12:00 0359 1 236 0 _ _ 1 20141202135820 39
000011972014111 00001197 2014 11 27 11 7311 1 11:00 12:00 0359 1 236 0 _ _ 1 20141202135820 39
