00000201 2011 03 4 19480 1 20141128135345 00078
00000201 2011 04 4 19480 1 20141128135235 00078
00000201 2011 05 4 19480 1 20141128135631 00078
00000201 2011 06 4 19480 1 20141128135908 00078
00000201 2011 07 4 19480 1 20141128140133 00078
00000201 2011 08 4 19480 1 20141128140318 00078
00000201 2011 09 4 19480 1 20141128140450 00078
00000201 2011 10 4 19480 1 20141128140905 00078
00000201 2011 11 4 19480 1 20141126120011 00078
00000201 2011 12 6 30600 1 20141125143635 00078
00000201 2012 01 6 30600 1 20141124131056 00078
00000201 2012 02 6 30600 1 20141119183352 00078
00000201 2012 03 6 30600 1 20141119135020 00078
00000201 2012 04 6 30600 1 20140710171604 00078
00000201 2012 05 6 30600 1 20140710172729 00078
00000201 2012 06 6 30600 1 20140710174009 00078
00000201 2012 07 6 30600 1 20140710175021 00078
00000201 2012 08 6 30600 1 20140710181804 00078
00000201 2012 09 6 30600 1 20140710183010 00078
00000201 2012 10 6 30600 1 20140710183953 00078
