000002012011031 00000201 2011 03 04 11 7211 1 10:00 10:59 0029 1 229 0 _ _ 1 20141128135331 78
000002012011031 00000201 2011 03 08 11 7211 1 10:00 10:59 0029 1 229 0 _ _ 1 20141128135331 78
000002012011031 00000201 2011 03 11 11 7211 1 10:00 10:59 0029 1 229 0 _ _ 1 20141128135331 78
000002012011031 00000201 2011 03 22 11 7211 1 10:00 10:59 0029 1 229 0 _ _ 1 20141128135331 78
000002012011031 00000201 2011 03 29 11 7211 1 10:00 10:59 0029 1 229 0 _ _ 1 20141128135331 78
000002012011032 00000201 2011 03 25 11 7211 1 13:00 13:59 0029 1 229 0 _ _ 1 20141128135331 78
000002012011033 00000201 2011 03 01 11 1211 1 16:00 16:59 0029 1 402 0 _ _ 1 20141128135331 78
000002012011033 00000201 2011 03 04 11 1211 1 16:00 16:59 0029 1 402 0 _ _ 1 20141128135331 78
000002012011033 00000201 2011 03 06 11 1211 1 16:00 16:59 0029 1 402 0 _ _ 1 20141128135331 78
000002012011033 00000201 2011 03 08 11 1211 1 16:00 16:59 0029 1 402 0 _ _ 1 20141128135331 78
000002012011033 00000201 2011 03 13 11 1211 1 16:00 16:59 0029 1 402 0 _ _ 1 20141128135331 78
000002012011033 00000201 2011 03 15 11 1211 1 16:00 16:59 0029 1 402 0 _ _ 1 20141128135331 78
000002012011033 00000201 2011 03 20 11 1211 1 16:00 16:59 0029 1 402 0 _ _ 1 20141128135331 78
000002012011033 00000201 2011 03 22 11 1211 1 16:00 16:59 0029 1 402 0 _ _ 1 20141128135331 78
000002012011033 00000201 2011 03 25 11 1211 1 16:00 16:59 0029 1 402 0 _ _ 1 20141128135331 78
000002012011033 00000201 2011 03 27 11 1211 1 16:00 16:59 0029 1 402 0 _ _ 1 20141128135331 78
000002012011033 00000201 2011 03 29 11 1211 1 16:00 16:59 0029 1 402 0 _ _ 1 20141128135331 78
000002012011034 00000201 2011 03 01 17 1007 1 _ _ 0235 1 300 0 _ _ 1 20141128135331 78
000002012011041 00000201 2011 04 01 11 7211 1 10:00 10:59 0029 1 229 0 _ _ 1 20141128135223 78
000002012011041 00000201 2011 04 12 11 7211 1 10:00 10:59 0029 1 229 0 _ _ 1 20141128135223 78
000002012011041 00000201 2011 04 22 11 7211 1 10:00 10:59 0029 1 229 0 _ _ 1 20141128135223 78
000002012011041 00000201 2011 04 26 11 7211 1 10:00 10:59 0029 1 229 0 _ _ 1 20141128135223 78
000002012011041 00000201 2011 04 29 11 7211 1 10:00 10:59 0029 1 229 0 _ _ 1 20141128135223 78
000002012011042 00000201 2011 04 15 11 7211 1 10:10 11:09 0029 1 229 0 _ _ 1 20141128135223 78
000002012011043 00000201 2011 04 03 11 1211 1 16:00 16:49 0029 1 402 0 _ _ 1 20141128135223 78
000002012011044 00000201 2011 04 01 11 1211 1 16:00 16:59 0029 1 402 0 _ _ 1 20141128135223 78
000002012011044 00000201 2011 04 05 11 1211 1 16:00 16:59 0029 1 402 0 _ _ 1 20141128135223 78
000002012011044 00000201 2011 04 10 11 1211 1 16:00 16:59 0029 1 402 0 _ _ 1 20141128135223 78
000002012011044 00000201 2011 04 12 11 1211 1 16:00 16:59 0029 1 402 0 _ _ 1 20141128135223 78
000002012011044 00000201 2011 04 15 11 1211 1 16:00 16:59 0029 1 402 0 _ _ 1 20141128135223 78
000002012011044 00000201 2011 04 17 11 1211 1 16:00 16:59 0029 1 402 0 _ _ 1 20141128135223 78
000002012011044 00000201 2011 04 19 11 1211 1 16:00 16:59 0029 1 402 0 _ _ 1 20141128135223 78
000002012011044 00000201 2011 04 22 11 1211 1 16:00 16:59 0029 1 402 0 _ _ 1 20141128135223 78
000002012011044 00000201 2011 04 24 11 1211 1 16:00 16:59 0029 1 402 0 _ _ 1 20141128135223 78
000002012011044 00000201 2011 04 26 11 1211 1 16:00 16:59 0029 1 402 0 _ _ 1 20141128135223 78
000002012011044 00000201 2011 04 29 11 1211 1 16:00 16:59 0029 1 402 0 _ _ 1 20141128135223 78
000002012011045 00000201 2011 04 01 17 1007 1 _ _ 0235 1 300 0 _ _ 1 20141128135223 78
000002012011051 00000201 2011 05 06 11 7211 1 10:00 10:59 0029 1 229 0 _ _ 1 20141128135618 78
000002012011051 00000201 2011 05 10 11 7211 1 10:00 10:59 0029 1 229 0 _ _ 1 20141128135618 78
000002012011051 00000201 2011 05 13 11 7211 1 10:00 10:59 0029 1 229 0 _ _ 1 20141128135618 78
000002012011051 00000201 2011 05 20 11 7211 1 10:00 10:59 0029 1 229 0 _ _ 1 20141128135618 78
000002012011051 00000201 2011 05 24 11 7211 1 10:00 10:59 0029 1 229 0 _ _ 1 20141128135618 78
000002012011051 00000201 2011 05 27 11 7211 1 10:00 10:59 0029 1 229 0 _ _ 1 20141128135618 78
000002012011051 00000201 2011 05 31 11 7211 1 10:00 10:59 0029 1 229 0 _ _ 1 20141128135618 78
000002012011052 00000201 2011 05 01 11 1211 1 16:00 16:59 0029 1 402 0 _ _ 1 20141128135618 78
000002012011052 00000201 2011 05 03 11 1211 1 16:00 16:59 0029 1 402 0 _ _ 1 20141128135618 78
000002012011052 00000201 2011 05 06 11 1211 1 16:00 16:59 0029 1 402 0 _ _ 1 20141128135618 78
000002012011052 00000201 2011 05 08 11 1211 1 16:00 16:59 0029 1 402 0 _ _ 1 20141128135618 78
000002012011052 00000201 2011 05 10 11 1211 1 16:00 16:59 0029 1 402 0 _ _ 1 20141128135618 78
000002012011052 00000201 2011 05 13 11 1211 1 16:00 16:59 0029 1 402 0 _ _ 1 20141128135618 78
000002012011052 00000201 2011 05 15 11 1211 1 16:00 16:59 0029 1 402 0 _ _ 1 20141128135618 78
000002012011052 00000201 2011 05 17 11 1211 1 16:00 16:59 0029 1 402 0 _ _ 1 20141128135618 78
000002012011052 00000201 2011 05 20 11 1211 1 16:00 16:59 0029 1 402 0 _ _ 1 20141128135618 78
000002012011052 00000201 2011 05 22 11 1211 1 16:00 16:59 0029 1 402 0 _ _ 1 20141128135618 78
000002012011052 00000201 2011 05 24 11 1211 1 16:00 16:59 0029 1 402 0 _ _ 1 20141128135618 78
000002012011052 00000201 2011 05 27 11 1211 1 16:00 16:59 0029 1 402 0 _ _ 1 20141128135618 78
000002012011052 00000201 2011 05 29 11 1211 1 16:00 16:59 0029 1 402 0 _ _ 1 20141128135618 78
000002012011052 00000201 2011 05 31 11 1211 1 16:00 16:59 0029 1 402 0 _ _ 1 20141128135618 78
000002012011053 00000201 2011 05 01 17 1007 1 _ _ 0235 1 300 0 _ _ 1 20141128135618 78
000002012011061 00000201 2011 06 03 11 7211 1 10:00 10:59 0029 1 229 0 _ _ 1 20141128135855 78
000002012011061 00000201 2011 06 14 11 7211 1 10:00 10:59 0029 1 229 0 _ _ 1 20141128135855 78
000002012011061 00000201 2011 06 17 11 7211 1 10:00 10:59 0029 1 229 0 _ _ 1 20141128135855 78
000002012011061 00000201 2011 06 24 11 7211 1 10:00 10:59 0029 1 229 0 _ _ 1 20141128135855 78
000002012011061 00000201 2011 06 28 11 7211 1 10:00 10:59 0029 1 229 0 _ _ 1 20141128135855 78
000002012011062 00000201 2011 06 03 11 1211 1 16:00 16:59 0029 1 402 0 _ _ 1 20141128135855 78
000002012011062 00000201 2011 06 05 11 1211 1 16:00 16:59 0029 1 402 0 _ _ 1 20141128135855 78
000002012011062 00000201 2011 06 07 11 1211 1 16:00 16:59 0029 1 402 0 _ _ 1 20141128135855 78
000002012011062 00000201 2011 06 12 11 1211 1 16:00 16:59 0029 1 402 0 _ _ 1 20141128135855 78
000002012011062 00000201 2011 06 14 11 1211 1 16:00 16:59 0029 1 402 0 _ _ 1 20141128135855 78
000002012011062 00000201 2011 06 16 11 1211 1 16:00 16:59 0029 1 402 0 _ _ 1 20141128135855 78
000002012011062 00000201 2011 06 19 11 1211 1 16:00 16:59 0029 1 402 0 _ _ 1 20141128135855 78
000002012011062 00000201 2011 06 21 11 1211 1 16:00 16:59 0029 1 402 0 _ _ 1 20141128135855 78
000002012011062 00000201 2011 06 24 11 1211 1 16:00 16:59 0029 1 402 0 _ _ 1 20141128135855 78
000002012011062 00000201 2011 06 28 11 1211 1 16:00 16:59 0029 1 402 0 _ _ 1 20141128135855 78
000002012011063 00000201 2011 06 26 11 1211 1 16:15 17:14 0029 1 402 0 _ _ 1 20141128135855 78
000002012011064 00000201 2011 06 01 17 1007 1 _ _ 0235 1 300 0 _ _ 1 20141128135855 78
000002012011071 00000201 2011 07 01 11 7211 1 10:00 10:59 0029 1 229 0 _ _ 1 20141128140124 78
000002012011071 00000201 2011 07 08 11 7211 1 10:00 10:59 0029 1 229 0 _ _ 1 20141128140124 78
000002012011071 00000201 2011 07 12 11 7211 1 10:00 10:59 0029 1 229 0 _ _ 1 20141128140124 78
000002012011071 00000201 2011 07 15 11 7211 1 10:00 10:59 0029 1 229 0 _ _ 1 20141128140124 78
000002012011071 00000201 2011 07 22 11 7211 1 10:00 10:59 0029 1 229 0 _ _ 1 20141128140124 78
000002012011071 00000201 2011 07 26 11 7211 1 10:00 10:59 0029 1 229 0 _ _ 1 20141128140124 78
000002012011072 00000201 2011 07 01 11 1211 1 16:00 16:59 0029 1 402 0 _ _ 1 20141128140124 78
000002012011072 00000201 2011 07 03 11 1211 1 16:00 16:59 0029 1 402 0 _ _ 1 20141128140124 78
000002012011072 00000201 2011 07 05 11 1211 1 16:00 16:59 0029 1 402 0 _ _ 1 20141128140124 78
000002012011072 00000201 2011 07 08 11 1211 1 16:00 16:59 0029 1 402 0 _ _ 1 20141128140124 78
000002012011072 00000201 2011 07 10 11 1211 1 16:00 16:59 0029 1 402 0 _ _ 1 20141128140124 78
000002012011072 00000201 2011 07 12 11 1211 1 16:00 16:59 0029 1 402 0 _ _ 1 20141128140124 78
000002012011072 00000201 2011 07 15 11 1211 1 16:00 16:59 0029 1 402 0 _ _ 1 20141128140124 78
000002012011072 00000201 2011 07 19 11 1211 1 16:00 16:59 0029 1 402 0 _ _ 1 20141128140124 78
000002012011072 00000201 2011 07 22 11 1211 1 16:00 16:59 0029 1 402 0 _ _ 1 20141128140124 78
000002012011072 00000201 2011 07 24 11 1211 1 16:00 16:59 0029 1 402 0 _ _ 1 20141128140124 78
000002012011072 00000201 2011 07 26 11 1211 1 16:00 16:59 0029 1 402 0 _ _ 1 20141128140124 78
000002012011072 00000201 2011 07 31 11 1211 1 16:00 16:59 0029 1 402 0 _ _ 1 20141128140124 78
000002012011073 00000201 2011 07 01 17 1007 1 _ _ 0235 1 300 0 _ _ 1 20141128140124 78
000002012011081 00000201 2011 08 19 11 7211 1 10:00 10:59 0029 1 229 0 _ _ 1 20141128140306 78
000002012011081 00000201 2011 08 23 11 7211 1 10:00 10:59 0029 1 229 0 _ _ 1 20141128140306 78
000002012011081 00000201 2011 08 30 11 7211 1 10:00 10:59 0029 1 229 0 _ _ 1 20141128140306 78
000002012011082 00000201 2011 08 06 11 7211 1 13:00 13:59 0029 1 229 0 _ _ 1 20141128140306 78
000002012011083 00000201 2011 08 02 11 1211 1 16:00 16:59 0029 1 402 0 _ _ 1 20141128140306 78
000002012011083 00000201 2011 08 05 11 1211 1 16:00 16:59 0029 1 402 0 _ _ 1 20141128140306 78
000002012011083 00000201 2011 08 14 11 1211 1 16:00 16:59 0029 1 402 0 _ _ 1 20141128140306 78
000002012011083 00000201 2011 08 16 11 1211 1 16:00 16:59 0029 1 402 0 _ _ 1 20141128140306 78
000002012011083 00000201 2011 08 19 11 1211 1 16:00 16:59 0029 1 402 0 _ _ 1 20141128140306 78
000002012011083 00000201 2011 08 21 11 1211 1 16:00 16:59 0029 1 402 0 _ _ 1 20141128140306 78
000002012011083 00000201 2011 08 23 11 1211 1 16:00 16:59 0029 1 402 0 _ _ 1 20141128140306 78
000002012011083 00000201 2011 08 28 11 1211 1 16:00 16:59 0029 1 402 0 _ _ 1 20141128140306 78
000002012011083 00000201 2011 08 30 11 1211 1 16:00 16:59 0029 1 402 0 _ _ 1 20141128140306 78
000002012011084 00000201 2011 08 02 11 1211 1 17:00 17:59 0029 1 402 0 _ _ 1 20141128140306 78
000002012011085 00000201 2011 08 01 17 1007 1 _ _ 0235 1 300 0 _ _ 1 20141128140306 78
000002012011091 00000201 2011 09 02 11 7211 1 10:00 10:59 0029 1 229 0 _ _ 1 20141128140430 78
000002012011091 00000201 2011 09 09 11 7211 1 10:00 10:59 0029 1 229 0 _ _ 1 20141128140430 78
000002012011091 00000201 2011 09 13 11 7211 1 10:00 10:59 0029 1 229 0 _ _ 1 20141128140430 78
000002012011091 00000201 2011 09 16 11 7211 1 10:00 10:59 0029 1 229 0 _ _ 1 20141128140430 78
000002012011091 00000201 2011 09 23 11 7211 1 10:00 10:59 0029 1 229 0 _ _ 1 20141128140430 78
000002012011091 00000201 2011 09 27 11 7211 1 10:00 10:59 0029 1 229 0 _ _ 1 20141128140430 78
000002012011092 00000201 2011 09 02 11 1211 1 16:00 16:59 0029 1 402 0 _ _ 1 20141128140430 78
000002012011092 00000201 2011 09 04 11 1211 1 16:00 16:59 0029 1 402 0 _ _ 1 20141128140430 78
000002012011092 00000201 2011 09 06 11 1211 1 16:00 16:59 0029 1 402 0 _ _ 1 20141128140430 78
000002012011092 00000201 2011 09 09 11 1211 1 16:00 16:59 0029 1 402 0 _ _ 1 20141128140430 78
000002012011092 00000201 2011 09 11 11 1211 1 16:00 16:59 0029 1 402 0 _ _ 1 20141128140430 78
000002012011092 00000201 2011 09 13 11 1211 1 16:00 16:59 0029 1 402 0 _ _ 1 20141128140430 78
000002012011092 00000201 2011 09 16 11 1211 1 16:00 16:59 0029 1 402 0 _ _ 1 20141128140430 78
000002012011092 00000201 2011 09 18 11 1211 1 16:00 16:59 0029 1 402 0 _ _ 1 20141128140430 78
000002012011092 00000201 2011 09 20 11 1211 1 16:00 16:59 0029 1 402 0 _ _ 1 20141128140430 78
000002012011092 00000201 2011 09 23 11 1211 1 16:00 16:59 0029 1 402 0 _ _ 1 20141128140430 78
000002012011092 00000201 2011 09 25 11 1211 1 16:00 16:59 0029 1 402 0 _ _ 1 20141128140430 78
000002012011092 00000201 2011 09 27 11 1211 1 16:00 16:59 0029 1 402 0 _ _ 1 20141128140430 78
000002012011093 00000201 2011 09 12 15 2442 1 09:30 15:59 0222 1 789 0 _ _ 1 20141128140430 78
000002012011093 00000201 2011 09 15 15 2442 1 09:30 15:59 0222 1 789 0 _ _ 1 20141128140430 78
000002012011093 00000201 2011 09 22 15 2442 1 09:30 15:59 0222 1 789 0 _ _ 1 20141128140430 78
000002012011093 00000201 2011 09 26 15 2442 1 09:30 15:59 0222 1 789 0 _ _ 1 20141128140430 78
000002012011093 00000201 2011 09 29 15 2442 1 09:30 15:59 0222 1 789 0 _ _ 1 20141128140430 78
000002012011094 00000201 2011 09 12 15 5050 1 _ _ 0222 1 27 0 _ _ 1 20141128140430 78
000002012011094 00000201 2011 09 15 15 5050 1 _ _ 0222 1 27 0 _ _ 1 20141128140430 78
000002012011094 00000201 2011 09 22 15 5050 1 _ _ 0222 1 27 0 _ _ 1 20141128140430 78
000002012011094 00000201 2011 09 26 15 5050 1 _ _ 0222 1 27 0 _ _ 1 20141128140430 78
000002012011094 00000201 2011 09 29 15 5050 1 _ _ 0222 1 27 0 _ _ 1 20141128140430 78
000002012011095 00000201 2011 09 15 15 5301 1 _ _ 0222 1 50 0 _ _ 1 20141128140430 78
000002012011095 00000201 2011 09 29 15 5301 1 _ _ 0222 1 50 0 _ _ 1 20141128140430 78
000002012011096 00000201 2011 09 01 17 1007 1 _ _ 0235 1 300 0 _ _ 1 20141128140430 78
000002012011101 00000201 2011 10 07 11 7211 1 10:00 10:59 0029 1 229 0 _ _ 1 20141128140853 78
000002012011101 00000201 2011 10 11 11 7211 1 10:00 10:59 0029 1 229 0 _ _ 1 20141128140853 78
000002012011101 00000201 2011 10 14 11 7211 1 10:00 10:59 0029 1 229 0 _ _ 1 20141128140853 78
000002012011101 00000201 2011 10 21 11 7211 1 10:00 10:59 0029 1 229 0 _ _ 1 20141128140853 78
000002012011101 00000201 2011 10 25 11 7211 1 10:00 10:59 0029 1 229 0 _ _ 1 20141128140853 78
000002012011102 00000201 2011 10 14 11 1211 1 15:00 15:59 0029 1 402 0 _ _ 1 20141128140853 78
000002012011103 00000201 2011 10 14 11 1211 1 15:30 16:29 0029 1 402 0 _ _ 1 20141128140853 78
000002012011104 00000201 2011 10 02 11 1211 1 16:00 16:59 0029 1 402 0 _ _ 1 20141128140853 78
000002012011104 00000201 2011 10 04 11 1211 1 16:00 16:59 0029 1 402 0 _ _ 1 20141128140853 78
000002012011104 00000201 2011 10 07 11 1211 1 16:00 16:59 0029 1 402 0 _ _ 1 20141128140853 78
000002012011104 00000201 2011 10 09 11 1211 1 16:00 16:59 0029 1 402 0 _ _ 1 20141128140853 78
000002012011104 00000201 2011 10 11 11 1211 1 16:00 16:59 0029 1 402 0 _ _ 1 20141128140853 78
000002012011104 00000201 2011 10 16 11 1211 1 16:00 16:59 0029 1 402 0 _ _ 1 20141128140853 78
000002012011104 00000201 2011 10 18 11 1211 1 16:00 16:59 0029 1 402 0 _ _ 1 20141128140853 78
000002012011104 00000201 2011 10 21 11 1211 1 16:00 16:59 0029 1 402 0 _ _ 1 20141128140853 78
000002012011104 00000201 2011 10 23 11 1211 1 16:00 16:59 0029 1 402 0 _ _ 1 20141128140853 78
000002012011104 00000201 2011 10 25 11 1211 1 16:00 16:59 0029 1 402 0 _ _ 1 20141128140853 78
000002012011104 00000201 2011 10 30 11 1211 1 16:00 16:59 0029 1 402 0 _ _ 1 20141128140853 78
000002012011105 00000201 2011 10 03 15 2442 1 09:30 15:59 0222 1 789 0 _ _ 1 20141128140853 78
000002012011105 00000201 2011 10 06 15 2442 1 09:30 15:59 0222 1 789 0 _ _ 1 20141128140853 78
000002012011105 00000201 2011 10 10 15 2442 1 09:30 15:59 0222 1 789 0 _ _ 1 20141128140853 78
000002012011105 00000201 2011 10 17 15 2442 1 09:30 15:59 0222 1 789 0 _ _ 1 20141128140853 78
000002012011105 00000201 2011 10 20 15 2442 1 09:30 15:59 0222 1 789 0 _ _ 1 20141128140853 78
000002012011105 00000201 2011 10 24 15 2442 1 09:30 15:59 0222 1 789 0 _ _ 1 20141128140853 78
000002012011105 00000201 2011 10 27 15 2442 1 09:30 15:59 0222 1 789 0 _ _ 1 20141128140853 78
000002012011105 00000201 2011 10 31 15 2442 1 09:30 15:59 0222 1 789 0 _ _ 1 20141128140853 78
000002012011106 00000201 2011 10 03 15 5050 1 _ _ 0222 1 27 0 _ _ 1 20141128140853 78
000002012011106 00000201 2011 10 06 15 5050 1 _ _ 0222 1 27 0 _ _ 1 20141128140853 78
000002012011106 00000201 2011 10 10 15 5050 1 _ _ 0222 1 27 0 _ _ 1 20141128140853 78
000002012011106 00000201 2011 10 17 15 5050 1 _ _ 0222 1 27 0 _ _ 1 20141128140853 78
000002012011106 00000201 2011 10 20 15 5050 1 _ _ 0222 1 27 0 _ _ 1 20141128140853 78
000002012011106 00000201 2011 10 24 15 5050 1 _ _ 0222 1 27 0 _ _ 1 20141128140853 78
000002012011106 00000201 2011 10 27 15 5050 1 _ _ 0222 1 27 0 _ _ 1 20141128140853 78
000002012011106 00000201 2011 10 31 15 5050 1 _ _ 0222 1 27 0 _ _ 1 20141128140853 78
000002012011107 00000201 2011 10 06 15 5301 1 _ _ 0222 1 50 0 _ _ 1 20141128140853 78
000002012011107 00000201 2011 10 20 15 5301 1 _ _ 0222 1 50 0 _ _ 1 20141128140853 78
000002012011107 00000201 2011 10 27 15 5301 1 _ _ 0222 1 50 0 _ _ 1 20141128140853 78
000002012011108 00000201 2011 10 01 17 1007 1 _ _ 0236 1 300 0 _ _ 1 20141128140853 78
000002012011111 00000201 2011 11 04 11 7211 1 10:00 10:59 0029 1 229 0 _ _ 1 20141126120513 78
000002012011111 00000201 2011 11 08 11 7211 1 10:00 10:59 0029 1 229 0 _ _ 1 20141126120513 78
000002012011111 00000201 2011 11 11 11 7211 1 10:00 10:59 0029 1 229 0 _ _ 1 20141126120513 78
000002012011111 00000201 2011 11 18 11 7211 1 10:00 10:59 0029 1 229 0 _ _ 1 20141126120513 78
000002012011111 00000201 2011 11 22 11 7211 1 10:00 10:59 0029 1 229 0 _ _ 1 20141126120513 78
000002012011111 00000201 2011 11 29 11 7211 1 10:00 10:59 0029 1 229 0 _ _ 1 20141126120513 78
000002012011112 00000201 2011 11 01 11 1211 1 16:00 16:59 0029 1 402 0 _ _ 1 20141126120513 78
000002012011112 00000201 2011 11 04 11 1211 1 16:00 16:59 0029 1 402 0 _ _ 1 20141126120513 78
000002012011112 00000201 2011 11 06 11 1211 1 16:00 16:59 0029 1 402 0 _ _ 1 20141126120513 78
000002012011112 00000201 2011 11 08 11 1211 1 16:00 16:59 0029 1 402 0 _ _ 1 20141126120513 78
000002012011112 00000201 2011 11 11 11 1211 1 16:00 16:59 0029 1 402 0 _ _ 1 20141126120513 78
000002012011112 00000201 2011 11 13 11 1211 1 16:00 16:59 0029 1 402 0 _ _ 1 20141126120513 78
000002012011112 00000201 2011 11 15 11 1211 1 16:00 16:59 0029 1 402 0 _ _ 1 20141126120513 78
000002012011112 00000201 2011 11 18 11 1211 1 16:00 16:59 0029 1 402 0 _ _ 1 20141126120513 78
000002012011112 00000201 2011 11 20 11 1211 1 16:00 16:59 0029 1 402 0 _ _ 1 20141126120513 78
000002012011112 00000201 2011 11 22 11 1211 1 16:00 16:59 0029 1 402 0 _ _ 1 20141126120513 78
000002012011112 00000201 2011 11 27 11 1211 1 16:00 16:59 0029 1 402 0 _ _ 1 20141126120513 78
000002012011112 00000201 2011 11 29 11 1211 1 16:00 16:59 0029 1 402 0 _ _ 1 20141126120513 78
000002012011113 00000201 2011 11 03 15 2442 1 09:30 15:59 0222 1 789 0 _ _ 1 20141126120513 78
000002012011113 00000201 2011 11 07 15 2442 1 09:30 15:59 0222 1 789 0 _ _ 1 20141126120513 78
000002012011113 00000201 2011 11 10 15 2442 1 09:30 15:59 0222 1 789 0 _ _ 1 20141126120513 78
000002012011113 00000201 2011 11 14 15 2442 1 09:30 15:59 0222 1 789 0 _ _ 1 20141126120513 78
000002012011113 00000201 2011 11 17 15 2442 1 09:30 15:59 0222 1 789 0 _ _ 1 20141126120513 78
000002012011113 00000201 2011 11 21 15 2442 1 09:30 15:59 0222 1 789 0 _ _ 1 20141126120513 78
000002012011113 00000201 2011 11 24 15 2442 1 09:30 15:59 0222 1 789 0 _ _ 1 20141126120513 78
000002012011113 00000201 2011 11 28 15 2442 1 09:30 15:59 0222 1 789 0 _ _ 1 20141126120513 78
000002012011114 00000201 2011 11 03 15 5050 1 _ _ 0222 1 27 0 _ _ 1 20141126120513 78
000002012011114 00000201 2011 11 07 15 5050 1 _ _ 0222 1 27 0 _ _ 1 20141126120513 78
000002012011114 00000201 2011 11 10 15 5050 1 _ _ 0222 1 27 0 _ _ 1 20141126120513 78
000002012011114 00000201 2011 11 14 15 5050 1 _ _ 0222 1 27 0 _ _ 1 20141126120513 78
000002012011114 00000201 2011 11 17 15 5050 1 _ _ 0222 1 27 0 _ _ 1 20141126120513 78
000002012011114 00000201 2011 11 21 15 5050 1 _ _ 0222 1 27 0 _ _ 1 20141126120513 78
000002012011114 00000201 2011 11 24 15 5050 1 _ _ 0222 1 27 0 _ _ 1 20141126120513 78
000002012011114 00000201 2011 11 28 15 5050 1 _ _ 0222 1 27 0 _ _ 1 20141126120513 78
000002012011115 00000201 2011 11 03 15 5301 1 _ _ 0222 1 50 0 _ _ 1 20141126120513 78
000002012011115 00000201 2011 11 10 15 5301 1 _ _ 0222 1 50 0 _ _ 1 20141126120513 78
000002012011115 00000201 2011 11 17 15 5301 1 _ _ 0222 1 50 0 _ _ 1 20141126120513 78
000002012011115 00000201 2011 11 24 15 5301 1 _ _ 0222 1 50 0 _ _ 1 20141126120513 78
000002012011116 00000201 2011 11 01 17 1007 1 _ _ 0236 1 300 0 _ _ 1 20141126120513 78
000002012011121 00000201 2011 12 02 11 7211 1 10:00 10:59 0029 1 229 0 _ _ 1 20141125143611 78
000002012011121 00000201 2011 12 09 11 7211 1 10:00 10:59 0029 1 229 0 _ _ 1 20141125143611 78
000002012011121 00000201 2011 12 13 11 7211 1 10:00 10:59 0029 1 229 0 _ _ 1 20141125143611 78
000002012011121 00000201 2011 12 23 11 7211 1 10:00 10:59 0029 1 229 0 _ _ 1 20141125143611 78
000002012011121 00000201 2011 12 27 11 7211 1 10:00 10:59 0029 1 229 0 _ _ 1 20141125143611 78
000002012011121 00000201 2011 12 30 11 7211 1 10:00 10:59 0029 1 229 0 _ _ 1 20141125143611 78
000002012011122 00000201 2011 12 25 11 1211 1 15:00 15:59 0029 1 402 0 _ _ 1 20141125143611 78
000002012011122 00000201 2011 12 30 11 1211 1 15:00 15:59 0029 1 402 0 _ _ 1 20141125143611 78
000002012011123 00000201 2011 12 02 11 1211 1 16:00 16:59 0029 1 402 0 _ _ 1 20141125143611 78
000002012011123 00000201 2011 12 04 11 1211 1 16:00 16:59 0029 1 402 0 _ _ 1 20141125143611 78
000002012011123 00000201 2011 12 06 11 1211 1 16:00 16:59 0029 1 402 0 _ _ 1 20141125143611 78
000002012011123 00000201 2011 12 09 11 1211 1 16:00 16:59 0029 1 402 0 _ _ 1 20141125143611 78
000002012011123 00000201 2011 12 11 11 1211 1 16:00 16:59 0029 1 402 0 _ _ 1 20141125143611 78
000002012011123 00000201 2011 12 13 11 1211 1 16:00 16:59 0029 1 402 0 _ _ 1 20141125143611 78
000002012011123 00000201 2011 12 18 11 1211 1 16:00 16:59 0029 1 402 0 _ _ 1 20141125143611 78
000002012011123 00000201 2011 12 20 11 1211 1 16:00 16:59 0029 1 402 0 _ _ 1 20141125143611 78
000002012011123 00000201 2011 12 23 11 1211 1 16:00 16:59 0029 1 402 0 _ _ 1 20141125143611 78
000002012011123 00000201 2011 12 27 11 1211 1 16:00 16:59 0029 1 402 0 _ _ 1 20141125143611 78
000002012011124 00000201 2011 12 01 15 2444 1 09:30 15:59 0222 1 1013 0 _ _ 1 20141125143611 78
000002012011124 00000201 2011 12 05 15 2444 1 09:30 15:59 0222 1 1013 0 _ _ 1 20141125143611 78
000002012011124 00000201 2011 12 08 15 2444 1 09:30 15:59 0222 1 1013 0 _ _ 1 20141125143611 78
000002012011124 00000201 2011 12 15 15 2444 1 09:30 15:59 0222 1 1013 0 _ _ 1 20141125143611 78
000002012011124 00000201 2011 12 19 15 2444 1 09:30 15:59 0222 1 1013 0 _ _ 1 20141125143611 78
000002012011124 00000201 2011 12 22 15 2444 1 09:30 15:59 0222 1 1013 0 _ _ 1 20141125143611 78
000002012011124 00000201 2011 12 26 15 2444 1 09:30 15:59 0222 1 1013 0 _ _ 1 20141125143611 78
000002012011125 00000201 2011 12 01 15 5050 1 09:30 15:59 0222 1 27 0 _ _ 1 20141125143611 78
000002012011125 00000201 2011 12 05 15 5050 1 09:30 15:59 0222 1 27 0 _ _ 1 20141125143611 78
000002012011125 00000201 2011 12 08 15 5050 1 09:30 15:59 0222 1 27 0 _ _ 1 20141125143611 78
000002012011125 00000201 2011 12 15 15 5050 1 09:30 15:59 0222 1 27 0 _ _ 1 20141125143611 78
000002012011125 00000201 2011 12 19 15 5050 1 09:30 15:59 0222 1 27 0 _ _ 1 20141125143611 78
000002012011125 00000201 2011 12 22 15 5050 1 09:30 15:59 0222 1 27 0 _ _ 1 20141125143611 78
000002012011125 00000201 2011 12 26 15 5050 1 09:30 15:59 0222 1 27 0 _ _ 1 20141125143611 78
000002012011126 00000201 2011 12 01 15 5301 1 09:30 15:59 0222 1 50 0 _ _ 1 20141125143611 78
000002012011126 00000201 2011 12 08 15 5301 1 09:30 15:59 0222 1 50 0 _ _ 1 20141125143611 78
000002012011126 00000201 2011 12 15 15 5301 1 09:30 15:59 0222 1 50 0 _ _ 1 20141125143611 78
000002012011126 00000201 2011 12 22 15 5301 1 09:30 15:59 0222 1 50 0 _ _ 1 20141125143611 78
000002012011127 00000201 2011 12 01 17 1007 1 _ _ 0219 1 300 0 _ _ 1 20141125143611 78
000002012012011 00000201 2012 01 06 11 7211 1 10:00 10:59 0029 1 229 0 _ _ 1 20141124131026 78
000002012012011 00000201 2012 01 10 11 7211 1 10:00 10:59 0029 1 229 0 _ _ 1 20141124131026 78
000002012012011 00000201 2012 01 13 11 7211 1 10:00 10:59 0029 1 229 0 _ _ 1 20141124131026 78
000002012012011 00000201 2012 01 24 11 7211 1 10:00 10:59 0029 1 229 0 _ _ 1 20141124131026 78
000002012012011 00000201 2012 01 27 11 7211 1 10:00 10:59 0029 1 229 0 _ _ 1 20141124131026 78
000002012012011 00000201 2012 01 31 11 7211 1 10:00 10:59 0029 1 229 0 _ _ 1 20141124131026 78
000002012012012 00000201 2012 01 06 11 1211 1 16:00 16:59 0029 1 402 0 _ _ 1 20141124131026 78
000002012012012 00000201 2012 01 08 11 1211 1 16:00 16:59 0029 1 402 0 _ _ 1 20141124131026 78
000002012012012 00000201 2012 01 10 11 1211 1 16:00 16:59 0029 1 402 0 _ _ 1 20141124131026 78
000002012012012 00000201 2012 01 13 11 1211 1 16:00 16:59 0029 1 402 0 _ _ 1 20141124131026 78
000002012012012 00000201 2012 01 15 11 1211 1 16:00 16:59 0029 1 402 0 _ _ 1 20141124131026 78
000002012012012 00000201 2012 01 17 11 1211 1 16:00 16:59 0029 1 402 0 _ _ 1 20141124131026 78
000002012012012 00000201 2012 01 22 11 1211 1 16:00 16:59 0029 1 402 0 _ _ 1 20141124131026 78
000002012012012 00000201 2012 01 24 11 1211 1 16:00 16:59 0029 1 402 0 _ _ 1 20141124131026 78
000002012012012 00000201 2012 01 27 11 1211 1 16:00 16:59 0029 1 402 0 _ _ 1 20141124131026 78
000002012012012 00000201 2012 01 29 11 1211 1 16:00 16:59 0029 1 402 0 _ _ 1 20141124131026 78
000002012012012 00000201 2012 01 31 11 1211 1 16:00 16:59 0029 1 402 0 _ _ 1 20141124131026 78
000002012012013 00000201 2012 01 05 15 2444 1 09:30 15:59 0222 1 1013 0 _ _ 1 20141124131026 78
000002012012013 00000201 2012 01 09 15 2444 1 09:30 15:59 0222 1 1013 0 _ _ 1 20141124131026 78
000002012012013 00000201 2012 01 12 15 2444 1 09:30 15:59 0222 1 1013 0 _ _ 1 20141124131026 78
000002012012013 00000201 2012 01 16 15 2444 1 09:30 15:59 0222 1 1013 0 _ _ 1 20141124131026 78
000002012012013 00000201 2012 01 19 15 2444 1 09:30 15:59 0222 1 1013 0 _ _ 1 20141124131026 78
000002012012013 00000201 2012 01 23 15 2444 1 09:30 15:59 0222 1 1013 0 _ _ 1 20141124131026 78
000002012012013 00000201 2012 01 26 15 2444 1 09:30 15:59 0222 1 1013 0 _ _ 1 20141124131026 78
000002012012013 00000201 2012 01 30 15 2444 1 09:30 15:59 0222 1 1013 0 _ _ 1 20141124131026 78
000002012012014 00000201 2012 01 05 15 5050 1 09:30 15:59 0222 1 27 0 _ _ 1 20141124131026 78
000002012012014 00000201 2012 01 09 15 5050 1 09:30 15:59 0222 1 27 0 _ _ 1 20141124131026 78
000002012012014 00000201 2012 01 12 15 5050 1 09:30 15:59 0222 1 27 0 _ _ 1 20141124131026 78
000002012012014 00000201 2012 01 16 15 5050 1 09:30 15:59 0222 1 27 0 _ _ 1 20141124131026 78
000002012012014 00000201 2012 01 19 15 5050 1 09:30 15:59 0222 1 27 0 _ _ 1 20141124131026 78
000002012012014 00000201 2012 01 23 15 5050 1 09:30 15:59 0222 1 27 0 _ _ 1 20141124131026 78
000002012012014 00000201 2012 01 26 15 5050 1 09:30 15:59 0222 1 27 0 _ _ 1 20141124131026 78
000002012012014 00000201 2012 01 30 15 5050 1 09:30 15:59 0222 1 27 0 _ _ 1 20141124131026 78
000002012012015 00000201 2012 01 05 15 5301 1 09:30 15:59 0222 1 50 0 _ _ 1 20141124131026 78
000002012012015 00000201 2012 01 12 15 5301 1 09:30 15:59 0222 1 50 0 _ _ 1 20141124131026 78
000002012012015 00000201 2012 01 19 15 5301 1 09:30 15:59 0222 1 50 0 _ _ 1 20141124131026 78
000002012012015 00000201 2012 01 26 15 5301 1 09:30 15:59 0222 1 50 0 _ _ 1 20141124131026 78
000002012012016 00000201 2012 01 01 17 1007 1 _ _ 0219 1 300 0 _ _ 1 20141124131026 78
000002012012021 00000201 2012 02 03 11 7211 1 10:00 10:59 0029 1 229 0 _ _ 1 20141119183332 78
000002012012021 00000201 2012 02 10 11 7211 1 10:00 10:59 0029 1 229 0 _ _ 1 20141119183332 78
000002012012021 00000201 2012 02 14 11 7211 1 10:00 10:59 0029 1 229 0 _ _ 1 20141119183332 78
000002012012021 00000201 2012 02 24 11 7211 1 10:00 10:59 0029 1 229 0 _ _ 1 20141119183332 78
000002012012021 00000201 2012 02 28 11 7211 1 10:00 10:59 0029 1 229 0 _ _ 1 20141119183332 78
000002012012022 00000201 2012 02 03 11 1211 1 16:00 16:59 0029 1 402 0 _ _ 1 20141119183332 78
000002012012022 00000201 2012 02 05 11 1211 1 16:00 16:59 0029 1 402 0 _ _ 1 20141119183332 78
000002012012022 00000201 2012 02 07 11 1211 1 16:00 16:59 0029 1 402 0 _ _ 1 20141119183332 78
000002012012022 00000201 2012 02 10 11 1211 1 16:00 16:59 0029 1 402 0 _ _ 1 20141119183332 78
000002012012022 00000201 2012 02 12 11 1211 1 16:00 16:59 0029 1 402 0 _ _ 1 20141119183332 78
000002012012022 00000201 2012 02 14 11 1211 1 16:00 16:59 0029 1 402 0 _ _ 1 20141119183332 78
000002012012022 00000201 2012 02 19 11 1211 1 16:00 16:59 0029 1 402 0 _ _ 1 20141119183332 78
000002012012022 00000201 2012 02 21 11 1211 1 16:00 16:59 0029 1 402 0 _ _ 1 20141119183332 78
000002012012022 00000201 2012 02 24 11 1211 1 16:00 16:59 0029 1 402 0 _ _ 1 20141119183332 78
000002012012022 00000201 2012 02 26 11 1211 1 16:00 16:59 0029 1 402 0 _ _ 1 20141119183332 78
000002012012022 00000201 2012 02 28 11 1211 1 16:00 16:59 0029 1 402 0 _ _ 1 20141119183332 78
000002012012023 00000201 2012 02 06 15 5301 1 09:00 16:59 0222 1 50 0 _ _ 1 20141119183332 78
000002012012023 00000201 2012 02 13 15 5301 1 09:00 16:59 0222 1 50 0 _ _ 1 20141119183332 78
000002012012023 00000201 2012 02 20 15 5301 1 09:00 16:59 0222 1 50 0 _ _ 1 20141119183332 78
000002012012023 00000201 2012 02 27 15 5301 1 09:00 16:59 0222 1 50 0 _ _ 1 20141119183332 78
000002012012024 00000201 2012 02 02 15 2444 1 09:30 15:59 0222 _ 1013 0 _ _ 1 20141119183332 78
000002012012024 00000201 2012 02 06 15 2444 1 09:30 15:59 0222 _ 1013 0 _ _ 1 20141119183332 78
000002012012024 00000201 2012 02 09 15 2444 1 09:30 15:59 0222 _ 1013 0 _ _ 1 20141119183332 78
000002012012024 00000201 2012 02 13 15 2444 1 09:30 15:59 0222 _ 1013 0 _ _ 1 20141119183332 78
000002012012024 00000201 2012 02 16 15 2444 1 09:30 15:59 0222 _ 1013 0 _ _ 1 20141119183332 78
000002012012024 00000201 2012 02 20 15 2444 1 09:30 15:59 0222 _ 1013 0 _ _ 1 20141119183332 78
000002012012024 00000201 2012 02 23 15 2444 1 09:30 15:59 0222 _ 1013 0 _ _ 1 20141119183332 78
000002012012024 00000201 2012 02 27 15 2444 1 09:30 15:59 0222 _ 1013 0 _ _ 1 20141119183332 78
000002012012025 00000201 2012 02 02 15 5050 1 09:30 15:59 0222 1 27 0 _ _ 1 20141119183332 78
000002012012025 00000201 2012 02 06 15 5050 1 09:30 15:59 0222 1 27 0 _ _ 1 20141119183332 78
000002012012025 00000201 2012 02 09 15 5050 1 09:30 15:59 0222 1 27 0 _ _ 1 20141119183332 78
000002012012025 00000201 2012 02 13 15 5050 1 09:30 15:59 0222 1 27 0 _ _ 1 20141119183332 78
000002012012025 00000201 2012 02 16 15 5050 1 09:30 15:59 0222 1 27 0 _ _ 1 20141119183332 78
000002012012025 00000201 2012 02 20 15 5050 1 09:30 15:59 0222 1 27 0 _ _ 1 20141119183332 78
000002012012025 00000201 2012 02 23 15 5050 1 09:30 15:59 0222 1 27 0 _ _ 1 20141119183332 78
000002012012025 00000201 2012 02 27 15 5050 1 09:30 15:59 0222 1 27 0 _ _ 1 20141119183332 78
000002012012026 00000201 2012 02 01 17 1007 1 _ _ 0219 1 300 0 _ _ 1 20141119183332 78
000002012012031 00000201 2012 03 02 11 7211 1 10:00 10:59 0029 1 229 0 _ _ 1 20141119134746 78
000002012012031 00000201 2012 03 09 11 7211 1 10:00 10:59 0029 1 229 0 _ _ 1 20141119134746 78
000002012012031 00000201 2012 03 13 11 7211 1 10:00 10:59 0029 1 229 0 _ _ 1 20141119134746 78
000002012012031 00000201 2012 03 23 11 7211 1 10:00 10:59 0029 1 229 0 _ _ 1 20141119134746 78
000002012012031 00000201 2012 03 27 11 7211 1 10:00 10:59 0029 1 229 0 _ _ 1 20141119134746 78
000002012012031 00000201 2012 03 30 11 7211 1 10:00 10:59 0029 1 229 0 _ _ 1 20141119134746 78
000002012012032 00000201 2012 03 02 11 1211 1 16:00 16:59 0029 1 402 0 _ _ 1 20141119134746 78
000002012012032 00000201 2012 03 04 11 1211 1 16:00 16:59 0029 1 402 0 _ _ 1 20141119134746 78
000002012012032 00000201 2012 03 06 11 1211 1 16:00 16:59 0029 1 402 0 _ _ 1 20141119134746 78
000002012012032 00000201 2012 03 09 11 1211 1 16:00 16:59 0029 1 402 0 _ _ 1 20141119134746 78
000002012012032 00000201 2012 03 11 11 1211 1 16:00 16:59 0029 1 402 0 _ _ 1 20141119134746 78
000002012012032 00000201 2012 03 13 11 1211 1 16:00 16:59 0029 1 402 0 _ _ 1 20141119134746 78
000002012012032 00000201 2012 03 18 11 1211 1 16:00 16:59 0029 1 402 0 _ _ 1 20141119134746 78
000002012012032 00000201 2012 03 20 11 1211 1 16:00 16:59 0029 1 402 0 _ _ 1 20141119134746 78
000002012012032 00000201 2012 03 23 11 1211 1 16:00 16:59 0029 1 402 0 _ _ 1 20141119134746 78
000002012012032 00000201 2012 03 25 11 1211 1 16:00 16:59 0029 1 402 0 _ _ 1 20141119134746 78
000002012012032 00000201 2012 03 27 11 1211 1 16:00 16:59 0029 1 402 0 _ _ 1 20141119134746 78
000002012012032 00000201 2012 03 30 11 1211 1 16:00 16:59 0029 1 402 0 _ _ 1 20141119134746 78
000002012012033 00000201 2012 03 01 15 5301 1 09:00 16:59 0222 1 50 0 _ _ 1 20141119134746 78
000002012012033 00000201 2012 03 08 15 5301 1 09:00 16:59 0222 1 50 0 _ _ 1 20141119134746 78
000002012012033 00000201 2012 03 15 15 5301 1 09:00 16:59 0222 1 50 0 _ _ 1 20141119134746 78
000002012012033 00000201 2012 03 22 15 5301 1 09:00 16:59 0222 1 50 0 _ _ 1 20141119134746 78
000002012012033 00000201 2012 03 29 15 5301 1 09:00 16:59 0222 1 50 0 _ _ 1 20141119134746 78
000002012012034 00000201 2012 03 01 15 2444 1 09:30 15:59 0222 1 1013 0 _ _ 1 20141119134746 78
000002012012034 00000201 2012 03 05 15 2444 1 09:30 15:59 0222 1 1013 0 _ _ 1 20141119134746 78
000002012012034 00000201 2012 03 08 15 2444 1 09:30 15:59 0222 1 1013 0 _ _ 1 20141119134746 78
000002012012034 00000201 2012 03 12 15 2444 1 09:30 15:59 0222 1 1013 0 _ _ 1 20141119134746 78
000002012012034 00000201 2012 03 15 15 2444 1 09:30 15:59 0222 1 1013 0 _ _ 1 20141119134746 78
000002012012034 00000201 2012 03 19 15 2444 1 09:30 15:59 0222 1 1013 0 _ _ 1 20141119134746 78
000002012012034 00000201 2012 03 22 15 2444 1 09:30 15:59 0222 1 1013 0 _ _ 1 20141119134746 78
000002012012034 00000201 2012 03 26 15 2444 1 09:30 15:59 0222 1 1013 0 _ _ 1 20141119134746 78
000002012012034 00000201 2012 03 29 15 2444 1 09:30 15:59 0222 1 1013 0 _ _ 1 20141119134746 78
000002012012035 00000201 2012 03 01 15 5050 1 _ _ 0222 1 27 0 _ _ 1 20141119134746 78
000002012012035 00000201 2012 03 05 15 5050 1 _ _ 0222 1 27 0 _ _ 1 20141119134746 78
000002012012035 00000201 2012 03 08 15 5050 1 _ _ 0222 1 27 0 _ _ 1 20141119134746 78
000002012012035 00000201 2012 03 12 15 5050 1 _ _ 0222 1 27 0 _ _ 1 20141119134746 78
000002012012035 00000201 2012 03 15 15 5050 1 _ _ 0222 1 27 0 _ _ 1 20141119134746 78
000002012012035 00000201 2012 03 19 15 5050 1 _ _ 0222 1 27 0 _ _ 1 20141119134746 78
000002012012035 00000201 2012 03 22 15 5050 1 _ _ 0222 1 27 0 _ _ 1 20141119134746 78
000002012012035 00000201 2012 03 26 15 5050 1 _ _ 0222 1 27 0 _ _ 1 20141119134746 78
000002012012035 00000201 2012 03 29 15 5050 1 _ _ 0222 1 27 0 _ _ 1 20141119134746 78
000002012012036 00000201 2012 03 01 17 1001 1 _ _ 0236 1 300 0 _ _ 1 20141119134746 78
000002012012041 00000201 2012 04 06 11 7311 1 10:00 10:59 0029 1 235 0 _ _ 1 20140710171022 78
000002012012041 00000201 2012 04 10 11 7311 1 10:00 10:59 0029 1 235 0 _ _ 1 20140710171022 78
000002012012041 00000201 2012 04 13 11 7311 1 10:00 10:59 0029 1 235 0 _ _ 1 20140710171022 78
000002012012041 00000201 2012 04 24 11 7311 1 10:00 10:59 0029 1 235 0 _ _ 1 20140710171022 78
000002012012041 00000201 2012 04 27 11 7311 1 10:00 10:59 0029 1 235 0 _ _ 1 20140710171022 78
000002012012042 00000201 2012 04 01 11 1211 1 16:00 16:59 0029 1 402 0 _ _ 1 20140710171022 78
000002012012042 00000201 2012 04 03 11 1211 1 16:00 16:59 0029 1 402 0 _ _ 1 20140710171022 78
000002012012042 00000201 2012 04 06 11 1211 1 16:00 16:59 0029 1 402 0 _ _ 1 20140710171022 78
000002012012042 00000201 2012 04 08 11 1211 1 16:00 16:59 0029 1 402 0 _ _ 1 20140710171022 78
000002012012042 00000201 2012 04 10 11 1211 1 16:00 16:59 0029 1 402 0 _ _ 1 20140710171022 78
000002012012042 00000201 2012 04 13 11 1211 1 16:00 16:59 0029 1 402 0 _ _ 1 20140710171022 78
000002012012042 00000201 2012 04 15 11 1211 1 16:00 16:59 0029 1 402 0 _ _ 1 20140710171022 78
000002012012042 00000201 2012 04 17 11 1211 1 16:00 16:59 0029 1 402 0 _ _ 1 20140710171022 78
000002012012042 00000201 2012 04 22 11 1211 1 16:00 16:59 0029 1 402 0 _ _ 1 20140710171022 78
000002012012042 00000201 2012 04 27 11 1211 1 16:00 16:59 0029 1 402 0 _ _ 1 20140710171022 78
000002012012042 00000201 2012 04 29 11 1211 1 16:00 16:59 0029 1 402 0 _ _ 1 20140710171022 78
000002012012043 00000201 2012 04 02 15 2444 1 09:30 17:29 0222 1 1063 0 _ _ 1 20140710171022 78
000002012012043 00000201 2012 04 05 15 2444 1 09:30 17:29 0222 1 1063 0 _ _ 1 20140710171022 78
000002012012043 00000201 2012 04 09 15 2444 1 09:30 17:29 0222 1 1063 0 _ _ 1 20140710171022 78
000002012012043 00000201 2012 04 12 15 2444 1 09:30 17:29 0222 1 1063 0 _ _ 1 20140710171022 78
000002012012043 00000201 2012 04 16 15 2444 1 09:30 17:29 0222 1 1063 0 _ _ 1 20140710171022 78
000002012012043 00000201 2012 04 19 15 2444 1 09:30 17:29 0222 1 1063 0 _ _ 1 20140710171022 78
000002012012043 00000201 2012 04 23 15 2444 1 09:30 17:29 0222 1 1063 0 _ _ 1 20140710171022 78
000002012012043 00000201 2012 04 26 15 2444 1 09:30 17:29 0222 1 1063 0 _ _ 1 20140710171022 78
000002012012043 00000201 2012 04 30 15 2444 1 09:30 17:29 0222 1 1063 0 _ _ 1 20140710171022 78
000002012012044 00000201 2012 04 05 15 5301 1 09:30 17:29 0222 1 50 0 _ _ 1 20140710171022 78
000002012012044 00000201 2012 04 12 15 5301 1 09:30 17:29 0222 1 50 0 _ _ 1 20140710171022 78
000002012012044 00000201 2012 04 19 15 5301 1 09:30 17:29 0222 1 50 0 _ _ 1 20140710171022 78
000002012012044 00000201 2012 04 26 15 5301 1 09:30 17:29 0222 1 50 0 _ _ 1 20140710171022 78
000002012012045 00000201 2012 04 01 17 1007 1 _ _ 0236 1 300 0 _ _ 1 20140710171022 78
000002012012051 00000201 2012 05 04 11 7311 1 10:00 10:59 0029 1 235 0 _ _ 1 20140710172716 78
000002012012051 00000201 2012 05 08 11 7311 1 10:00 10:59 0029 1 235 0 _ _ 1 20140710172716 78
000002012012051 00000201 2012 05 11 11 7311 1 10:00 10:59 0029 1 235 0 _ _ 1 20140710172716 78
000002012012051 00000201 2012 05 22 11 7311 1 10:00 10:59 0029 1 235 0 _ _ 1 20140710172716 78
000002012012051 00000201 2012 05 25 11 7311 1 10:00 10:59 0029 1 235 0 _ _ 1 20140710172716 78
000002012012051 00000201 2012 05 29 11 7311 1 10:00 10:59 0029 1 235 0 _ _ 1 20140710172716 78
000002012012052 00000201 2012 05 01 11 1211 1 16:00 16:59 0029 1 402 0 _ _ 1 20140710172716 78
000002012012052 00000201 2012 05 04 11 1211 1 16:00 16:59 0029 1 402 0 _ _ 1 20140710172716 78
000002012012052 00000201 2012 05 06 11 1211 1 16:00 16:59 0029 1 402 0 _ _ 1 20140710172716 78
000002012012052 00000201 2012 05 08 11 1211 1 16:00 16:59 0029 1 402 0 _ _ 1 20140710172716 78
000002012012052 00000201 2012 05 13 11 1211 1 16:00 16:59 0029 1 402 0 _ _ 1 20140710172716 78
000002012012052 00000201 2012 05 15 11 1211 1 16:00 16:59 0029 1 402 0 _ _ 1 20140710172716 78
000002012012052 00000201 2012 05 20 11 1211 1 16:00 16:59 0029 1 402 0 _ _ 1 20140710172716 78
000002012012052 00000201 2012 05 22 11 1211 1 16:00 16:59 0029 1 402 0 _ _ 1 20140710172716 78
000002012012052 00000201 2012 05 25 11 1211 1 16:00 16:59 0029 1 402 0 _ _ 1 20140710172716 78
000002012012052 00000201 2012 05 27 11 1211 1 16:00 16:59 0029 1 402 0 _ _ 1 20140710172716 78
000002012012052 00000201 2012 05 29 11 1211 1 16:00 16:59 0029 1 402 0 _ _ 1 20140710172716 78
000002012012053 00000201 2012 05 03 15 2444 1 09:30 17:29 0222 1 1063 0 _ _ 1 20140710172716 78
000002012012053 00000201 2012 05 07 15 2444 1 09:30 17:29 0222 1 1063 0 _ _ 1 20140710172716 78
000002012012053 00000201 2012 05 10 15 2444 1 09:30 17:29 0222 1 1063 0 _ _ 1 20140710172716 78
000002012012053 00000201 2012 05 21 15 2444 1 09:30 17:29 0222 1 1063 0 _ _ 1 20140710172716 78
000002012012053 00000201 2012 05 28 15 2444 1 09:30 17:29 0222 1 1063 0 _ _ 1 20140710172716 78
000002012012053 00000201 2012 05 31 15 2444 1 09:30 17:29 0222 1 1063 0 _ _ 1 20140710172716 78
000002012012054 00000201 2012 05 03 15 5301 1 09:30 17:29 0222 1 50 0 _ _ 1 20140710172716 78
000002012012054 00000201 2012 05 10 15 5301 1 09:30 17:29 0222 1 50 0 _ _ 1 20140710172716 78
000002012012054 00000201 2012 05 24 15 5301 1 09:30 17:29 0222 1 50 0 _ _ 1 20140710172716 78
000002012012054 00000201 2012 05 31 15 5301 1 09:30 17:29 0222 1 50 0 _ _ 1 20140710172716 78
000002012012055 00000201 2012 05 24 15 2344 1 11:30 17:29 0222 1 920 0 _ _ 1 20140710172716 78
000002012012056 00000201 2012 05 01 17 1007 1 _ _ 0236 1 300 0 _ _ 1 20140710172716 78
000002012012061 00000201 2012 06 01 11 7311 1 10:00 10:59 0029 1 235 0 _ _ 1 20140710173957 78
000002012012061 00000201 2012 06 08 11 7311 1 10:00 10:59 0029 1 235 0 _ _ 1 20140710173957 78
000002012012061 00000201 2012 06 12 11 7311 1 10:00 10:59 0029 1 235 0 _ _ 1 20140710173957 78
000002012012061 00000201 2012 06 22 11 7311 1 10:00 10:59 0029 1 235 0 _ _ 1 20140710173957 78
000002012012061 00000201 2012 06 26 11 7311 1 10:00 10:59 0029 1 235 0 _ _ 1 20140710173957 78
000002012012062 00000201 2012 06 01 11 1211 1 16:00 16:59 0029 1 402 0 _ _ 1 20140710173957 78
000002012012062 00000201 2012 06 03 11 1211 1 16:00 16:59 0029 1 402 0 _ _ 1 20140710173957 78
000002012012062 00000201 2012 06 05 11 1211 1 16:00 16:59 0029 1 402 0 _ _ 1 20140710173957 78
000002012012062 00000201 2012 06 08 11 1211 1 16:00 16:59 0029 1 402 0 _ _ 1 20140710173957 78
000002012012062 00000201 2012 06 10 11 1211 1 16:00 16:59 0029 1 402 0 _ _ 1 20140710173957 78
000002012012062 00000201 2012 06 12 11 1211 1 16:00 16:59 0029 1 402 0 _ _ 1 20140710173957 78
000002012012062 00000201 2012 06 19 11 1211 1 16:00 16:59 0029 1 402 0 _ _ 1 20140710173957 78
000002012012062 00000201 2012 06 22 11 1211 1 16:00 16:59 0029 1 402 0 _ _ 1 20140710173957 78
000002012012062 00000201 2012 06 24 11 1211 1 16:00 16:59 0029 1 402 0 _ _ 1 20140710173957 78
000002012012062 00000201 2012 06 26 11 1211 1 16:00 16:59 0029 1 402 0 _ _ 1 20140710173957 78
000002012012063 00000201 2012 06 04 15 2444 1 09:00 16:59 0222 1 1063 0 _ _ 1 20140710173957 78
000002012012063 00000201 2012 06 07 15 2444 1 09:00 16:59 0222 1 1063 0 _ _ 1 20140710173957 78
000002012012063 00000201 2012 06 11 15 2444 1 09:00 16:59 0222 1 1063 0 _ _ 1 20140710173957 78
000002012012063 00000201 2012 06 14 15 2444 1 09:00 16:59 0222 1 1063 0 _ _ 1 20140710173957 78
000002012012063 00000201 2012 06 18 15 2444 1 09:00 16:59 0222 1 1063 0 _ _ 1 20140710173957 78
000002012012063 00000201 2012 06 21 15 2444 1 09:00 16:59 0222 1 1063 0 _ _ 1 20140710173957 78
000002012012063 00000201 2012 06 25 15 2444 1 09:00 16:59 0222 1 1063 0 _ _ 1 20140710173957 78
000002012012063 00000201 2012 06 28 15 2444 1 09:00 16:59 0222 1 1063 0 _ _ 1 20140710173957 78
000002012012064 00000201 2012 06 07 15 5301 1 09:00 16:59 0222 1 50 0 _ _ 1 20140710173957 78
000002012012064 00000201 2012 06 14 15 5301 1 09:00 16:59 0222 1 50 0 _ _ 1 20140710173957 78
000002012012064 00000201 2012 06 21 15 5301 1 09:00 16:59 0222 1 50 0 _ _ 1 20140710173957 78
000002012012064 00000201 2012 06 28 15 5301 1 09:00 16:59 0222 1 50 0 _ _ 1 20140710173957 78
000002012012065 00000201 2012 06 01 17 1007 1 _ _ 0219 1 300 0 _ _ 1 20140710173957 78
000002012012071 00000201 2012 07 06 11 7311 1 10:00 10:59 0029 1 235 0 _ _ 1 20140710175009 78
000002012012071 00000201 2012 07 10 11 7311 1 10:00 10:59 0029 1 235 0 _ _ 1 20140710175009 78
000002012012071 00000201 2012 07 13 11 7311 1 10:00 10:59 0029 1 235 0 _ _ 1 20140710175009 78
000002012012071 00000201 2012 07 24 11 7311 1 10:00 10:59 0029 1 235 0 _ _ 1 20140710175009 78
000002012012071 00000201 2012 07 31 11 7311 1 10:00 10:59 0029 1 235 0 _ _ 1 20140710175009 78
000002012012072 00000201 2012 07 01 11 1211 1 16:00 16:59 0029 1 402 0 _ _ 1 20140710175009 78
000002012012072 00000201 2012 07 03 11 1211 1 16:00 16:59 0029 1 402 0 _ _ 1 20140710175009 78
000002012012072 00000201 2012 07 06 11 1211 1 16:00 16:59 0029 1 402 0 _ _ 1 20140710175009 78
000002012012072 00000201 2012 07 08 11 1211 1 16:00 16:59 0029 1 402 0 _ _ 1 20140710175009 78
000002012012072 00000201 2012 07 10 11 1211 1 16:00 16:59 0029 1 402 0 _ _ 1 20140710175009 78
000002012012072 00000201 2012 07 13 11 1211 1 16:00 16:59 0029 1 402 0 _ _ 1 20140710175009 78
000002012012072 00000201 2012 07 15 11 1211 1 16:00 16:59 0029 1 402 0 _ _ 1 20140710175009 78
000002012012072 00000201 2012 07 17 11 1211 1 16:00 16:59 0029 1 402 0 _ _ 1 20140710175009 78
000002012012072 00000201 2012 07 24 11 1211 1 16:00 16:59 0029 1 402 0 _ _ 1 20140710175009 78
000002012012072 00000201 2012 07 29 11 1211 1 16:00 16:59 0029 1 402 0 _ _ 1 20140710175009 78
000002012012072 00000201 2012 07 31 11 1211 1 16:00 16:59 0029 1 402 0 _ _ 1 20140710175009 78
000002012012073 00000201 2012 07 02 15 2444 1 09:00 16:59 0222 1 1063 0 _ _ 1 20140710175009 78
000002012012073 00000201 2012 07 05 15 2444 1 09:00 16:59 0222 1 1063 0 _ _ 1 20140710175009 78
000002012012073 00000201 2012 07 09 15 2444 1 09:00 16:59 0222 1 1063 0 _ _ 1 20140710175009 78
000002012012073 00000201 2012 07 12 15 2444 1 09:00 16:59 0222 1 1063 0 _ _ 1 20140710175009 78
000002012012073 00000201 2012 07 16 15 2444 1 09:00 16:59 0222 1 1063 0 _ _ 1 20140710175009 78
000002012012073 00000201 2012 07 26 15 2444 1 09:00 16:59 0222 1 1063 0 _ _ 1 20140710175009 78
000002012012073 00000201 2012 07 30 15 2444 1 09:00 16:59 0222 1 1063 0 _ _ 1 20140710175009 78
000002012012074 00000201 2012 07 05 15 5301 1 09:00 16:59 0222 1 50 0 _ _ 1 20140710175009 78
000002012012074 00000201 2012 07 12 15 5301 1 09:00 16:59 0222 1 50 0 _ _ 1 20140710175009 78
000002012012074 00000201 2012 07 26 15 5301 1 09:00 16:59 0222 1 50 0 _ _ 1 20140710175009 78
000002012012075 00000201 2012 07 01 17 1007 1 _ _ 0219 1 300 0 _ _ 1 20140710175009 78
000002012012081 00000201 2012 08 03 11 7311 1 10:00 10:59 0029 1 235 0 _ _ 1 20140710181751 78
000002012012081 00000201 2012 08 10 11 7311 1 10:00 10:59 0029 1 235 0 _ _ 1 20140710181751 78
000002012012081 00000201 2012 08 14 11 7311 1 10:00 10:59 0029 1 235 0 _ _ 1 20140710181751 78
000002012012081 00000201 2012 08 17 11 7311 1 10:00 10:59 0029 1 235 0 _ _ 1 20140710181751 78
000002012012081 00000201 2012 08 28 11 7311 1 10:00 10:59 0029 1 235 0 _ _ 1 20140710181751 78
000002012012081 00000201 2012 08 31 11 7311 1 10:00 10:59 0029 1 235 0 _ _ 1 20140710181751 78
000002012012082 00000201 2012 08 17 11 1211 1 13:00 13:59 0029 1 402 0 _ _ 1 20140710181751 78
000002012012083 00000201 2012 08 03 11 1211 1 16:00 16:59 0029 1 402 0 _ _ 1 20140710181751 78
000002012012083 00000201 2012 08 05 11 1211 1 16:00 16:59 0029 1 402 0 _ _ 1 20140710181751 78
000002012012083 00000201 2012 08 07 11 1211 1 16:00 16:59 0029 1 402 0 _ _ 1 20140710181751 78
000002012012083 00000201 2012 08 10 11 1211 1 16:00 16:59 0029 1 402 0 _ _ 1 20140710181751 78
000002012012083 00000201 2012 08 12 11 1211 1 16:00 16:59 0029 1 402 0 _ _ 1 20140710181751 78
000002012012083 00000201 2012 08 14 11 1211 1 16:00 16:59 0029 1 402 0 _ _ 1 20140710181751 78
000002012012083 00000201 2012 08 17 11 1211 1 16:00 16:59 0029 1 402 0 _ _ 1 20140710181751 78
000002012012083 00000201 2012 08 19 11 1211 1 16:00 16:59 0029 1 402 0 _ _ 1 20140710181751 78
000002012012083 00000201 2012 08 21 11 1211 1 16:00 16:59 0029 1 402 0 _ _ 1 20140710181751 78
000002012012083 00000201 2012 08 26 11 1211 1 16:00 16:59 0029 1 402 0 _ _ 1 20140710181751 78
000002012012083 00000201 2012 08 28 11 1211 1 16:00 16:59 0029 1 402 0 _ _ 1 20140710181751 78
000002012012083 00000201 2012 08 31 11 1211 1 16:00 16:59 0029 1 402 0 _ _ 1 20140710181751 78
000002012012084 00000201 2012 08 02 15 2444 1 09:00 16:59 0222 1 1063 0 _ _ 1 20140710181751 78
000002012012084 00000201 2012 08 06 15 2444 1 09:00 16:59 0222 1 1063 0 _ _ 1 20140710181751 78
000002012012084 00000201 2012 08 09 15 2444 1 09:00 16:59 0222 1 1063 0 _ _ 1 20140710181751 78
000002012012084 00000201 2012 08 13 15 2444 1 09:00 16:59 0222 1 1063 0 _ _ 1 20140710181751 78
000002012012084 00000201 2012 08 16 15 2444 1 09:00 16:59 0222 1 1063 0 _ _ 1 20140710181751 78
000002012012084 00000201 2012 08 20 15 2444 1 09:00 16:59 0222 1 1063 0 _ _ 1 20140710181751 78
000002012012084 00000201 2012 08 23 15 2444 1 09:00 16:59 0222 1 1063 0 _ _ 1 20140710181751 78
000002012012084 00000201 2012 08 27 15 2444 1 09:00 16:59 0222 1 1063 0 _ _ 1 20140710181751 78
000002012012084 00000201 2012 08 30 15 2444 1 09:00 16:59 0222 1 1063 0 _ _ 1 20140710181751 78
000002012012085 00000201 2012 08 02 15 5301 1 09:00 16:59 0222 1 50 0 _ _ 1 20140710181751 78
000002012012085 00000201 2012 08 09 15 5301 1 09:00 16:59 0222 1 50 0 _ _ 1 20140710181751 78
000002012012085 00000201 2012 08 16 15 5301 1 09:00 16:59 0222 1 50 0 _ _ 1 20140710181751 78
000002012012085 00000201 2012 08 23 15 5301 1 09:00 16:59 0222 1 50 0 _ _ 1 20140710181751 78
000002012012085 00000201 2012 08 30 15 5301 1 09:00 16:59 0222 1 50 0 _ _ 1 20140710181751 78
000002012012086 00000201 2012 08 01 17 1007 1 _ _ 0219 1 300 0 _ _ 1 20140710181751 78
000002012012091 00000201 2012 09 21 11 1211 1 09:00 09:59 0029 1 402 0 _ _ 1 20141126120232 78
000002012012092 00000201 2012 09 07 11 7311 1 10:00 10:59 0029 1 235 0 _ _ 1 20141126120232 78
000002012012092 00000201 2012 09 25 11 7311 1 10:00 10:59 0029 1 235 0 _ _ 1 20141126120232 78
000002012012092 00000201 2012 09 28 11 7311 1 10:00 10:59 0029 1 235 0 _ _ 1 20141126120232 78
000002012012093 00000201 2012 09 02 11 1211 1 16:00 16:59 0029 1 402 0 _ _ 1 20141126120232 78
000002012012093 00000201 2012 09 04 11 1211 1 16:00 16:59 0029 1 402 0 _ _ 1 20141126120232 78
000002012012093 00000201 2012 09 07 11 1211 1 16:00 16:59 0029 1 402 0 _ _ 1 20141126120232 78
000002012012093 00000201 2012 09 09 11 1211 1 16:00 16:59 0029 1 402 0 _ _ 1 20141126120232 78
000002012012093 00000201 2012 09 18 11 1211 1 16:00 16:59 0029 1 402 0 _ _ 1 20141126120232 78
000002012012093 00000201 2012 09 23 11 1211 1 16:00 16:59 0029 1 402 0 _ _ 1 20141126120232 78
000002012012093 00000201 2012 09 25 11 1211 1 16:00 16:59 0029 1 402 0 _ _ 1 20141126120232 78
000002012012093 00000201 2012 09 28 11 1211 1 16:00 16:59 0029 1 402 0 _ _ 1 20141126120232 78
000002012012093 00000201 2012 09 30 11 1211 1 16:00 16:59 0029 1 402 0 _ _ 1 20141126120232 78
000002012012094 00000201 2012 09 03 15 2444 1 09:00 16:59 0222 1 1063 0 _ _ 1 20141126120232 78
000002012012094 00000201 2012 09 06 15 2444 1 09:00 16:59 0222 1 1063 0 _ _ 1 20141126120232 78
000002012012094 00000201 2012 09 10 15 2444 1 09:00 16:59 0222 1 1063 0 _ _ 1 20141126120232 78
000002012012094 00000201 2012 09 20 15 2444 1 09:00 16:59 0222 1 1063 0 _ _ 1 20141126120232 78
000002012012094 00000201 2012 09 22 15 2444 1 09:00 16:59 0222 1 1063 0 _ _ 1 20141126120232 78
000002012012094 00000201 2012 09 24 15 2444 1 09:00 16:59 0222 1 1063 0 _ _ 1 20141126120232 78
000002012012094 00000201 2012 09 27 15 2444 1 09:00 16:59 0222 1 1063 0 _ _ 1 20141126120232 78
000002012012094 00000201 2012 09 29 15 2444 1 09:00 16:59 0222 1 1063 0 _ _ 1 20141126120232 78
000002012012095 00000201 2012 09 06 15 5301 1 09:00 16:59 0222 1 50 0 _ _ 1 20141126120232 78
000002012012095 00000201 2012 09 20 15 5301 1 09:00 16:59 0222 1 50 0 _ _ 1 20141126120232 78
000002012012095 00000201 2012 09 27 15 5301 1 09:00 16:59 0222 1 50 0 _ _ 1 20141126120232 78
000002012012096 00000201 2012 09 01 17 1007 1 _ _ 0219 1 300 0 _ _ 1 20141126120232 78
000002012012101 00000201 2012 10 05 11 7311 1 10:00 10:59 0029 1 235 0 _ _ 1 20141126120319 78
000002012012101 00000201 2012 10 09 11 7311 1 10:00 10:59 0029 1 235 0 _ _ 1 20141126120319 78
000002012012101 00000201 2012 10 12 11 7311 1 10:00 10:59 0029 1 235 0 _ _ 1 20141126120319 78
000002012012102 00000201 2012 10 02 11 1211 1 16:00 16:59 0029 1 402 0 _ _ 1 20141126120319 78
000002012012102 00000201 2012 10 05 11 1211 1 16:00 16:59 0029 1 402 0 _ _ 1 20141126120319 78
000002012012102 00000201 2012 10 07 11 1211 1 16:00 16:59 0029 1 402 0 _ _ 1 20141126120319 78
000002012012102 00000201 2012 10 09 11 1211 1 16:00 16:59 0029 1 402 0 _ _ 1 20141126120319 78
000002012012102 00000201 2012 10 12 11 1211 1 16:00 16:59 0029 1 402 0 _ _ 1 20141126120319 78
000002012012102 00000201 2012 10 14 11 1211 1 16:00 16:59 0029 1 402 0 _ _ 1 20141126120319 78
000002012012102 00000201 2012 10 16 11 1211 1 16:00 16:59 0029 1 402 0 _ _ 1 20141126120319 78
000002012012103 00000201 2012 10 01 15 2444 1 09:00 16:59 0222 1 1063 0 _ _ 1 20141126120319 78
000002012012103 00000201 2012 10 04 15 2444 1 09:00 16:59 0222 1 1063 0 _ _ 1 20141126120319 78
000002012012103 00000201 2012 10 06 15 2444 1 09:00 16:59 0222 1 1063 0 _ _ 1 20141126120319 78
000002012012103 00000201 2012 10 08 15 2444 1 09:00 16:59 0222 1 1063 0 _ _ 1 20141126120319 78
000002012012103 00000201 2012 10 11 15 2444 1 09:00 16:59 0222 1 1063 0 _ _ 1 20141126120319 78
000002012012103 00000201 2012 10 13 15 2444 1 09:00 16:59 0222 1 1063 0 _ _ 1 20141126120319 78
000002012012103 00000201 2012 10 15 15 2444 1 09:00 16:59 0222 1 1063 0 _ _ 1 20141126120319 78
000002012012104 00000201 2012 10 04 15 5301 1 09:00 16:59 0222 1 50 0 _ _ 1 20141126120319 78
000002012012104 00000201 2012 10 11 15 5301 1 09:00 16:59 0222 1 50 0 _ _ 1 20141126120319 78
000002012012105 00000201 2012 10 01 17 1007 1 _ _ 0219 1 300 0 _ _ 1 20141126120319 78
