00000237 20130504 KihonCheckCheckList01 1 1 20140516 IKOU
00000237 20130504 KihonCheckCheckList02 0 1 20140516 IKOU
00000237 20130504 KihonCheckCheckList03 0 1 20140516 IKOU
00000237 20130504 KihonCheckCheckList04 1 1 20140516 IKOU
00000237 20130504 KihonCheckCheckList05 0 1 20140516 IKOU
00000237 20130504 KihonCheckCheckList06 2 1 20140516 IKOU
00000237 20130504 KihonCheckCheckList07 2 1 20140516 IKOU
00000237 20130504 KihonCheckCheckList08 0 1 20140516 IKOU
00000237 20130504 KihonCheckCheckList09 0 1 20140516 IKOU
00000237 20130504 KihonCheckCheckList10 2 1 20140516 IKOU
00000237 20130504 KihonCheckCheckList11 0 1 20140516 IKOU
00000237 20130504 KihonCheckCheckList12 0 1 20140516 IKOU
00000237 20130504 KihonCheckCheckList13 0 1 20140516 IKOU
00000237 20130504 KihonCheckCheckList14 4 1 20140516 IKOU
00000237 20130504 KihonCheckCheckList15 0 1 20140516 IKOU
00000237 20130504 KihonCheckCheckList16 5 1 20140516 IKOU
00000237 20130504 KihonCheckCheckList17 0 1 20140516 IKOU
00000237 20130504 KihonCheckCheckList18 0 1 20140516 IKOU
00000237 20130504 KihonCheckCheckList19 0 1 20140516 IKOU
00000237 20130504 KihonCheckCheckList20 0 1 20140516 IKOU
00000237 20130504 KihonCheckCheckList21 0 1 20140516 IKOU
00000237 20130504 KihonCheckCheckList22 0 1 20140516 IKOU
00000237 20130504 KihonCheckCheckList23 0 1 20140516 IKOU
00000237 20130504 KihonCheckCheckList24 0 1 20140516 IKOU
