1 00000201 2012 04 11 0029 グランクレール・ケアサービス馬事公苑 1211 身体介護２ 402 0 402 11 4422 0 4422 4422 0 11.26 49791 90 44811 4980 0 n n 0 1 20140710171003 00078
1 00000202 2012 04 11 0029 グランクレール・ケアサービス馬事公苑 1111 身体介護１ 254 0 254 76 19304 0 19304 19304 0 11.26 217363 90 195626 21737 0 n n 0 1 20140711112025 00078
1 00000203 2012 04 11 0029 グランクレール・ケアサービス馬事公苑 1111 身体介護１ 254 0 254 11 2794 0 2794 2794 0 11.26 31460 90 28314 3146 0 n n 0 1 20140714103549 00078
1 00000204 2012 04 11 0029 グランクレール・ケアサービス馬事公苑 1111 身体介護１ 254 0 254 37 9398 0 9398 9398 0 11.26 105821 90 95238 10583 0 n n 0 1 20140715102847 00078
1 00000205 2012 04 11 0029 グランクレール・ケアサービス馬事公苑 1311 身体介護３ 584 0 584 6 3504 0 3504 3504 0 11.26 39455 90 35509 3946 0 n n 0 1 20140715160615 00078
1 00000206 2012 04 11 0029 グランクレール・ケアサービス馬事公苑 1211 身体介護２ 402 0 402 9 3618 0 3618 3618 0 11.26 40738 90 36664 4074 0 n n 0 1 20140715174927 00078
1 00000213 2012 04 11 0029 グランクレール・ケアサービス馬事公苑 1211 身体介護２ 402 0 402 8 3216 0 3216 3216 0 11.26 36212 90 32590 3622 0 n n 0 1 20140716141734 00078
2 00000201 2012 04 11 0029 グランクレール・ケアサービス馬事公苑 7311 生活援助３ 235 0 235 5 1175 0 1175 1175 0 11.26 13230 90 11907 1323 0 n n 0 1 20140710171003 00078
2 00000202 2012 04 11 0029 グランクレール・ケアサービス馬事公苑 1112 身体介護１・夜 318 0 318 29 9222 0 9222 9222 0 11.26 103839 90 93455 10384 0 n n 0 1 20140711112025 00078
2 00000203 2012 04 11 0029 グランクレール・ケアサービス馬事公苑 1112 身体介護１・夜 318 0 318 28 8904 0 8904 8904 0 11.26 100259 90 90233 10026 0 n n 0 1 20140714103549 00078
2 00000204 2012 04 11 0029 グランクレール・ケアサービス馬事公苑 1112 身体介護１・夜 318 0 318 29 9222 0 9222 9222 0 11.26 103839 90 93455 10384 0 n n 0 1 20140715102847 00078
2 00000205 2012 04 11 0029 グランクレール・ケアサービス馬事公苑 7311 生活援助３ 235 0 235 4 940 0 940 940 0 11.26 10584 90 9525 1059 0 n n 0 1 20140715160615 00078
2 00000206 2012 04 11 0029 グランクレール・ケアサービス馬事公苑 7311 生活援助３ 235 0 235 8 1880 0 1880 1880 0 11.26 21168 90 19051 2117 0 n n 0 1 20140715174927 00078
2 00000213 2012 04 11 0029 グランクレール・ケアサービス馬事公苑 7311 生活援助３ 235 0 235 8 1880 0 1880 1880 0 11.26 21168 90 19051 2117 0 n n 0 1 20140716141734 00078
3 00000201 2012 04 11 0029 グランクレール・ケアサービス馬事公苑 6271 訪問介護処遇改善加算Ⅰ 224 0 224 1 224 224 0.04 224 0 11.26 2522 90 2269 253 0 a g 0 1 20140710171003 00078
3 00000202 2012 04 11 0029 グランクレール・ケアサービス馬事公苑 1221 身体介護２・２人 804 0 804 9 7236 0 7236 7236 0 11.26 81477 90 73329 8148 0 n n 0 1 20140711112025 00078
3 00000203 2012 04 11 0029 グランクレール・ケアサービス馬事公苑 1211 身体介護２ 402 0 402 8 3216 0 3216 3216 0 11.26 36212 90 32590 3622 0 n n 0 1 20140714103549 00078
3 00000204 2012 04 11 0029 グランクレール・ケアサービス馬事公苑 4111 身体１生活１ 324 0 324 4 1296 0 1296 860 436 11.26 9683 90 8714 969 4909 n n 0 1 20140715102847 00078
3 00000205 2012 04 11 0029 グランクレール・ケアサービス馬事公苑 6271 訪問介護処遇改善加算Ⅰ 178 0 178 1 178 178 0.04 178 0 11.26 2004 90 1803 201 0 a g 0 1 20140715160615 00078
3 00000206 2012 04 11 0029 グランクレール・ケアサービス馬事公苑 6271 訪問介護処遇改善加算Ⅰ 220 0 220 1 220 220 0.04 220 0 11.26 2477 90 2229 248 0 a g 0 1 20140715174927 00078
3 00000213 2012 04 11 0029 グランクレール・ケアサービス馬事公苑 6271 訪問介護処遇改善加算Ⅰ 204 0 204 1 204 204 0.04 204 0 11.26 2297 90 2067 230 0 a g 0 1 20140716141734 00078
4 00000202 2012 04 11 0029 グランクレール・ケアサービス馬事公苑 6271 訪問介護処遇改善加算Ⅰ 1430 0 1430 1 1430 1430 0.04 1430 0 11.26 16101 90 14490 1611 0 a g 0 1 20140711112025 00078
4 00000203 2012 04 11 0029 グランクレール・ケアサービス馬事公苑 4111 身体１生活１ 324 0 324 34 11016 0 11016 11016 0 11.26 124040 90 111636 12404 0 n n 0 1 20140714103549 00078
4 00000204 2012 04 11 0029 グランクレール・ケアサービス馬事公苑 6271 訪問介護処遇改善加算Ⅰ 797 0 797 1 797 797 0.04 797 0 11.26 8974 90 8076 898 0 a g 0 1 20140715102847 00078
5 00000203 2012 04 11 0029 グランクレール・ケアサービス馬事公苑 5111 身体２生活１ 472 0 472 1 472 0 472 472 0 11.26 5314 90 4782 532 0 n n 0 1 20140714103549 00078
6 00000203 2012 04 11 0029 グランクレール・ケアサービス馬事公苑 6111 身体３生活１ 654 0 654 5 3270 0 3270 3270 0 11.26 36820 90 33138 3682 0 n g 0 1 20140714103549 00078
7 00000203 2012 04 11 0029 グランクレール・ケアサービス馬事公苑 6271 訪問介護処遇改善加算Ⅰ 1187 0 1187 1 1187 1187 0.04 1187 0 11.26 13365 90 12028 1337 0 a g 0 1 20140714103549 00078
