00000150 2014 01 1 1 00013 1 20140617151701 00030
00000150 2014 02 1 1 00013 1 20140617155023 00030
00000150 2014 03 1 1 00013 1 20140617155807 00030
00000150 2014 04 1 1 00013 1 20140617161016 00030
00000150 2014 05 1 1 00013 1 20140818163711 00030
00000150 2014 06 _ 1 00013 1 20140703210727 00013
00000150 2014 07 1 1 00088 1 20140801192300 00088
00000150 2014 08 1 1 00088 1 20140901132514 00088
00000150 2014 09 1 1 00088 1 20141009110653 00088
00000150 2014 10 1 1 00088 1 20141102103212 00088
00000150 2014 11 1 1 00088 1 20141203163746 00088
00000150 2014 12 1 _ 00088 1 20141118112702 00088
00000150 2015 01 1 _ 00088 1 20141210170454 00088
