00000107 2013 10 3 16580 1 20140630185821 00030
00000107 2013 11 3 16580 1 20140630190813 00030
00000107 2013 12 5 26750 1 20140630191459 00030
00000107 2014 01 5 26750 1 20140616173139 00030
00000107 2014 02 5 26750 1 20140616180909 00030
00000107 2014 03 5 26750 1 20140616182039 00030
00000107 2014 04 5 26931 1 20140616182806 00030
00000107 2014 05 5 26931 1 20140626182734 00078
00000107 2014 06 5 26931 1 20140703205326 00013
00000107 2014 07 5 26931 1 20140802154839 00013
00000107 2014 08 5 26931 1 20140903150430 00013
00000107 2014 09 5 26931 1 20141003131705 00013
00000107 2014 10 5 26931 1 20141101181439 00013
00000107 2014 11 5 26931 1 20141203205134 00013
00000107 2014 12 5 26931 1 20141128223133 00013
00000107 2015 01 5 26931 1 20141206191300 00013
