000002482014061 00000248 2014 06 07 11 7211 14:10 14:54 0029 1 191 0 _ _ 1 1 20140701161258 39
000002482014061 00000248 2014 06 14 11 7211 14:10 14:54 0029 1 191 0 _ _ 1 1 20140701161258 39
000002482014061 00000248 2014 06 21 11 7211 14:10 14:54 0029 1 191 0 _ _ 1 1 20140701161258 39
000002482014061 00000248 2014 06 28 11 7211 14:10 14:54 0029 1 191 0 _ _ 1 1 20140701161258 39
000002482014063 00000248 2014 06 02 11 1211 15:20 16:19 0029 1 404 0 _ _ 1 1 20140701161258 39
000002482014063 00000248 2014 06 05 11 1211 15:20 16:19 0029 1 404 0 _ _ 1 1 20140701161258 39
000002482014063 00000248 2014 06 09 11 1211 15:20 16:19 0029 1 404 0 _ _ 1 1 20140701161258 39
000002482014063 00000248 2014 06 12 11 1211 15:20 16:19 0029 1 404 0 _ _ 1 1 20140701161258 39
000002482014063 00000248 2014 06 16 11 1211 15:20 16:19 0029 1 404 0 _ _ 1 1 20140701161258 39
000002482014063 00000248 2014 06 19 11 1211 15:20 16:19 0029 1 404 0 _ _ 1 1 20140701161258 39
000002482014063 00000248 2014 06 23 11 1211 15:20 16:19 0029 1 404 0 _ _ 1 1 20140701161258 39
000002482014063 00000248 2014 06 26 11 1211 15:20 16:19 0029 1 404 0 _ _ 1 1 20140701161258 39
000002482014063 00000248 2014 06 30 11 1211 15:20 16:19 0029 1 404 0 _ _ 1 1 20140701161258 39
000002482014064 00000248 2014 06 07 15 2242 09:20 12:29 0229 1 460 0 _ _ 1 1 20140701161258 39
000002482014064 00000248 2014 06 14 15 2242 09:20 12:29 0229 1 460 0 _ _ 1 1 20140701161258 39
000002482014064 00000248 2014 06 21 15 2242 09:20 12:29 0229 1 460 0 _ _ 1 1 20140701161258 39
000002482014064 00000248 2014 06 28 15 2242 09:20 12:29 0229 1 460 0 _ _ 1 1 20140701161258 39
000002482014065 00000248 2014 06 07 15 5052 09:20 12:30 0229 1 50 0 _ _ 1 1 20140701161258 39
000002482014065 00000248 2014 06 14 15 5052 09:20 12:30 0229 1 50 0 _ _ 1 1 20140701161258 39
000002482014065 00000248 2014 06 21 15 5052 09:20 12:30 0229 1 50 0 _ _ 1 1 20140701161258 39
000002482014065 00000248 2014 06 28 15 5052 09:20 12:30 0229 1 50 0 _ _ 1 1 20140701161258 39
000002482014066 00000248 2014 06 01 17 1007 _ _ 0217 1 1800 0 _ _ 1 1 20140701161258 39
000002482014072 00000248 2014 07 05 11 7211 14:10 14:54 0029 1 191 0 _ _ 1 1 20140802134405 39
000002482014072 00000248 2014 07 12 11 7211 14:10 14:54 0029 1 191 0 _ _ 1 1 20140802134405 39
000002482014072 00000248 2014 07 19 11 7211 14:10 14:54 0029 1 191 0 _ _ 1 1 20140802134405 39
000002482014072 00000248 2014 07 26 11 7211 14:10 14:54 0029 1 191 0 _ _ 1 1 20140802134405 39
000002482014073 00000248 2014 07 03 11 1211 15:20 16:19 0029 1 404 0 _ _ 1 1 20140802134405 39
000002482014073 00000248 2014 07 07 11 1211 15:20 16:19 0029 1 404 0 _ _ 1 1 20140802134405 39
000002482014073 00000248 2014 07 10 11 1211 15:20 16:19 0029 1 404 0 _ _ 1 1 20140802134405 39
000002482014073 00000248 2014 07 14 11 1211 15:20 16:19 0029 1 404 0 _ _ 1 1 20140802134405 39
000002482014073 00000248 2014 07 17 11 1211 15:20 16:19 0029 1 404 0 _ _ 1 1 20140802134405 39
000002482014073 00000248 2014 07 21 11 1211 15:20 16:19 0029 1 404 0 _ _ 1 1 20140802134405 39
000002482014073 00000248 2014 07 24 11 1211 15:20 16:19 0029 1 404 0 _ _ 1 1 20140802134405 39
000002482014073 00000248 2014 07 28 11 1211 15:20 16:19 0029 1 404 0 _ _ 1 1 20140802134405 39
000002482014073 00000248 2014 07 31 11 1211 15:20 16:19 0029 1 404 0 _ _ 1 1 20140802134405 39
000002482014074 00000248 2014 07 01 17 1007 _ _ 0217 1 1800 0 _ _ 1 1 20140802134405 39
000002482014081 00000248 2014 08 04 11 1211 15:20 16:19 0029 1 404 0 _ _ 1 1 20140725092251 42
000002482014081 00000248 2014 08 07 11 1211 15:20 16:19 0029 1 404 0 _ _ 1 1 20140725092251 42
000002482014081 00000248 2014 08 11 11 1211 15:20 16:19 0029 1 404 0 _ _ 1 1 20140725092251 42
000002482014081 00000248 2014 08 14 11 1211 15:20 16:19 0029 1 404 0 _ _ 1 1 20140725092251 42
000002482014081 00000248 2014 08 18 11 1211 15:20 16:19 0029 1 404 0 _ _ 1 1 20140725092251 42
000002482014081 00000248 2014 08 21 11 1211 15:20 16:19 0029 1 404 0 _ _ 1 1 20140725092251 42
000002482014081 00000248 2014 08 25 11 1211 15:20 16:19 0029 1 404 0 _ _ 1 1 20140725092251 42
000002482014081 00000248 2014 08 28 11 1211 15:20 16:19 0029 1 404 0 _ _ 1 1 20140725092251 42
000002482014082 00000248 2014 08 02 11 7211 14:10 14:54 0029 1 191 0 _ _ 1 1 20140725092251 42
000002482014082 00000248 2014 08 09 11 7211 14:10 14:54 0029 1 191 0 _ _ 1 1 20140725092251 42
000002482014082 00000248 2014 08 16 11 7211 14:10 14:54 0029 1 191 0 _ _ 1 1 20140725092251 42
000002482014082 00000248 2014 08 23 11 7211 14:10 14:54 0029 1 191 0 _ _ 1 1 20140725092251 42
000002482014082 00000248 2014 08 30 11 7211 14:10 14:54 0029 1 191 0 _ _ 1 1 20140725092251 42
000002482014083 00000248 2014 08 02 15 2242 09:30 12:34 0229 1 460 0 _ _ 1 1 20140725092251 42
000002482014083 00000248 2014 08 09 15 2242 09:30 12:34 0229 1 460 0 _ _ 1 1 20140725092251 42
000002482014083 00000248 2014 08 16 15 2242 09:30 12:34 0229 1 460 0 _ _ 1 1 20140725092251 42
000002482014083 00000248 2014 08 23 15 2242 09:30 12:34 0229 1 460 0 _ _ 1 1 20140725092251 42
000002482014083 00000248 2014 08 30 15 2242 09:30 12:34 0229 1 460 0 _ _ 1 1 20140725092251 42
000002482014084 00000248 2014 08 01 17 1007 _ _ 0217 1 1800 0 _ _ 1 1 20140725092251 42
000002482014085 00000248 2014 08 02 15 5052 _ _ 0229 1 50 0 _ _ 1 1 20140725092251 42
000002482014085 00000248 2014 08 09 15 5052 _ _ 0229 1 50 0 _ _ 1 1 20140725092251 42
000002482014085 00000248 2014 08 16 15 5052 _ _ 0229 1 50 0 _ _ 1 1 20140725092251 42
000002482014085 00000248 2014 08 23 15 5052 _ _ 0229 1 50 0 _ _ 1 1 20140725092251 42
000002482014085 00000248 2014 08 30 15 5052 _ _ 0229 1 50 0 _ _ 1 1 20140725092251 42
000002482014091 00000248 2014 09 06 11 7211 14:10 14:54 0029 1 191 0 _ _ 1 1 20140816152658 42
000002482014091 00000248 2014 09 13 11 7211 14:10 14:54 0029 1 191 0 _ _ 1 1 20140816152658 42
000002482014091 00000248 2014 09 20 11 7211 14:10 14:54 0029 1 191 0 _ _ 1 1 20140816152658 42
000002482014091 00000248 2014 09 27 11 7211 14:10 14:54 0029 1 191 0 _ _ 1 1 20140816152658 42
000002482014092 00000248 2014 09 01 11 1211 15:20 16:19 0029 1 404 0 _ _ 1 1 20140816152658 42
000002482014092 00000248 2014 09 04 11 1211 15:20 16:19 0029 1 404 0 _ _ 1 1 20140816152658 42
000002482014092 00000248 2014 09 08 11 1211 15:20 16:19 0029 1 404 0 _ _ 1 1 20140816152658 42
000002482014092 00000248 2014 09 11 11 1211 15:20 16:19 0029 1 404 0 _ _ 1 1 20140816152658 42
000002482014092 00000248 2014 09 15 11 1211 15:20 16:19 0029 1 404 0 _ _ 1 1 20140816152658 42
000002482014092 00000248 2014 09 18 11 1211 15:20 16:19 0029 1 404 0 _ _ 1 1 20140816152658 42
000002482014092 00000248 2014 09 22 11 1211 15:20 16:19 0029 1 404 0 _ _ 1 1 20140816152658 42
000002482014092 00000248 2014 09 25 11 1211 15:20 16:19 0029 1 404 0 _ _ 1 1 20140816152658 42
000002482014092 00000248 2014 09 29 11 1211 15:20 16:19 0029 1 404 0 _ _ 1 1 20140816152658 42
000002482014093 00000248 2014 09 06 15 2242 09:30 12:34 0229 1 460 0 _ _ 1 1 20140816152658 42
000002482014093 00000248 2014 09 13 15 2242 09:30 12:34 0229 1 460 0 _ _ 1 1 20140816152658 42
000002482014093 00000248 2014 09 20 15 2242 09:30 12:34 0229 1 460 0 _ _ 1 1 20140816152658 42
000002482014093 00000248 2014 09 27 15 2242 09:30 12:34 0229 1 460 0 _ _ 1 1 20140816152658 42
000002482014094 00000248 2014 09 01 17 1007 _ _ 0217 1 1800 0 _ _ 1 1 20140816152658 42
000002482014095 00000248 2014 09 06 15 5052 _ _ 0229 1 50 0 _ _ 1 1 20140816152658 42
000002482014095 00000248 2014 09 13 15 5052 _ _ 0229 1 50 0 _ _ 1 1 20140816152658 42
000002482014095 00000248 2014 09 20 15 5052 _ _ 0229 1 50 0 _ _ 1 1 20140816152658 42
000002482014095 00000248 2014 09 27 15 5052 _ _ 0229 1 50 0 _ _ 1 1 20140816152658 42
