00000159 00002 00002 05 _ _ _ 1 0 0 0 _ _ 0 0 1 20140830122811 00034
00000159 00002 00003 05 26 8 平成26年8月30日 2 0 1 0 _ _ 0 3 1 20140830122811 00034
00000159 00002 00004 05 _ _ _ 1 0 0 0 _ _ 0 0 1 20140830122811 00034
00000159 00003 00002 05 _ _ _ 1 0 0 0 _ _ 0 0 1 20140830195500 00034
00000159 00003 00003 05 26 8 平成26年8月30日 2 0 1 0 _ _ 0 3 1 20140830195500 00034
00000159 00003 00004 05 _ _ _ 1 0 0 0 _ _ 0 0 1 20140830195500 00034
00000159 00004 00002 05 _ _ _ 2 0 0 0 _ _ 0 0 1 20140830195853 00034
00000159 00004 00003 05 26 8 平成26年8月30日 2 0 1 0 _ 16日にモニタリング行っています（別紙モニタリングシート参照）。\n7月末や8月始めにペースメーカーを付けての心臓の検査等されています。\n 0 3 1 20140830195853 00034
00000159 00004 00004 05 _ _ _ 2 0 0 0 _ _ 0 0 1 20140830195853 00034
00000159 00005 00002 05 _ _ _ 2 0 0 0 _ _ 0 0 1 20140830200542 00034
00000159 00005 00003 05 26 8 平成26年8月30日 2 0 1 0 _ 16日にモニタリング行っています（別紙モニタリングシート参照）。\n7月末や8月始めにペースメーカーを付けて心臓の検査等されています。\n19日（火）は、館内の夏祭りで、花火、射的、ヨーヨー等行ったと楽しそうに話されています。\n23日（土）は、右肩にシップを貼っていました。右肩から腰にかけて痛みがあるとのこと。入浴は、いつも通り行っております。\n訪問時は、体調があまり良くないと言われますが、入浴後は、大抵気持ちよかったと笑顔見られています。 0 3 1 20140830200542 00034
00000159 00005 00004 05 _ _ _ 2 0 0 0 _ _ 0 0 1 20140830200542 00034
00000159 00006 00002 05 _ _ _ 2 0 0 0 _ _ 0 0 1 20140930100553 00034
00000159 00006 00003 05 26 8 平成26年8月30日 2 0 1 0 _ 16日にモニタリング行っています（別紙モニタリングシート参照）。\n7月末や8月始めにペースメーカーを付けて心臓の検査等されています。\n19日（火）は、館内の夏祭りで、花火、射的、ヨーヨー等行ったと楽しそうに話されています。\n23日（土）は、右肩にシップを貼っていました。右肩から腰にかけて痛みがあるとのこと。入浴は、いつも通り行っております。\n訪問時は、体調があまり良くないと言われますが、入浴後は、大抵気持ちよかったと笑顔見られています。 0 3 1 20140930100553 00034
00000159 00006 00004 05 26 9 平成26年9月29日 1 0 1 0 _ 2日(火)は、1日に行われた館内の記念コンサートがとても楽しかったと話されています。9日(火)は、ご自分で押入れを整理整頓したとヘルパーに見せてくれました。高いところもご自分で整理されてようで、ヘルパーから高い所はヘルパーに声をかけて下さいとお伝えしています。16日(火)、27日(土)の訪問時は、どちらも前日に転倒したと話されています。入浴時にあざ等はありませんでした。20日(土)は、サービス前のフロントからの電話に出ようとして転んだとおっしゃっていました。この日も問題なく入浴していますが転倒による怪我が心配されます。館内のナースの話では、居室内でも転倒していると思う。娘様に言ってほしくないので、フロントには言わないでいる。最近失禁や体重増加もみられる様子(体重は測れていないが・・・)。\n 0 3 1 20140930100553 00034
00000159 00007 00002 05 26 10 平成26年10月30日 2 0 0 0 _ _ 0 3 1 20141030152703 00035
00000159 00007 00003 05 26 8 平成26年8月30日 2 0 1 0 _ 16日にモニタリング行っています（別紙モニタリングシート参照）。\n7月末や8月始めにペースメーカーを付けて心臓の検査等されています。\n19日（火）は、館内の夏祭りで、花火、射的、ヨーヨー等行ったと楽しそうに話されています。\n23日（土）は、右肩にシップを貼っていました。右肩から腰にかけて痛みがあるとのこと。入浴は、いつも通り行っております。\n訪問時は、体調があまり良くないと言われますが、入浴後は、大抵気持ちよかったと笑顔見られています。 0 3 1 20141030152703 00035
00000159 00007 00004 05 26 9 平成26年9月29日 1 0 1 0 _ 2日(火)は、1日に行われた館内の記念コンサートがとても楽しかったと話されています。9日(火)は、ご自分で押入れを整理整頓したとヘルパーに見せてくれました。高いところもご自分で整理されてようで、ヘルパーから高い所はヘルパーに声をかけて下さいとお伝えしています。16日(火)、27日(土)の訪問時は、どちらも前日に転倒したと話されています。入浴時にあざ等はありませんでした。20日(土)は、サービス前のフロントからの電話に出ようとして転んだとおっしゃっていました。この日も問題なく入浴していますが転倒による怪我が心配されます。館内のナースの話では、居室内でも転倒していると思う。娘様に言ってほしくないので、フロントには言わないでいる。最近失禁や体重増加もみられる様子(体重は測れていないが・・・)。\n 0 3 1 20141030152703 00035
00000159 00008 00002 05 26 10 平成26年10月30日 2 0 0 0 _ _ 0 3 1 20141030152727 00035
00000159 00008 00003 05 26 8 平成26年8月30日 2 0 1 0 _ 16日にモニタリング行っています（別紙モニタリングシート参照）。\n7月末や8月始めにペースメーカーを付けて心臓の検査等されています。\n19日（火）は、館内の夏祭りで、花火、射的、ヨーヨー等行ったと楽しそうに話されています。\n23日（土）は、右肩にシップを貼っていました。右肩から腰にかけて痛みがあるとのこと。入浴は、いつも通り行っております。\n訪問時は、体調があまり良くないと言われますが、入浴後は、大抵気持ちよかったと笑顔見られています。 0 3 1 20141030152727 00035
00000159 00008 00004 05 26 9 平成26年9月29日 1 0 1 0 _ 2日(火)は、1日に行われた館内の記念コンサートがとても楽しかったと話されています。9日(火)は、ご自分で押入れを整理整頓したとヘルパーに見せてくれました。高いところもご自分で整理されてようで、ヘルパーから高い所はヘルパーに声をかけて下さいとお伝えしています。16日(火)、27日(土)の訪問時は、どちらも前日に転倒したと話されています。入浴時にあざ等はありませんでした。20日(土)は、サービス前のフロントからの電話に出ようとして転んだとおっしゃっていました。この日も問題なく入浴していますが転倒による怪我が心配されます。館内のナースの話では、居室内でも転倒していると思う。娘様に言ってほしくないので、フロントには言わないでいる。最近失禁や体重増加もみられる様子(体重は測れていないが・・・)。\n 0 3 1 20141030152727 00035
00000159 00009 00002 05 26 10 平成26年10月30日 2 0 0 0 _ 先日送付致しました照会シーご参照下さい。\n 0 3 1 20141030153745 00035
00000159 00009 00003 05 26 8 平成26年8月30日 2 0 1 0 _ 16日にモニタリング行っています（別紙モニタリングシート参照）。\n7月末や8月始めにペースメーカーを付けて心臓の検査等されています。\n19日（火）は、館内の夏祭りで、花火、射的、ヨーヨー等行ったと楽しそうに話されています。\n23日（土）は、右肩にシップを貼っていました。右肩から腰にかけて痛みがあるとのこと。入浴は、いつも通り行っております。\n訪問時は、体調があまり良くないと言われますが、入浴後は、大抵気持ちよかったと笑顔見られています。 0 3 1 20141030153745 00035
00000159 00009 00004 05 26 9 平成26年9月29日 1 0 1 0 _ 2日(火)は、1日に行われた館内の記念コンサートがとても楽しかったと話されています。9日(火)は、ご自分で押入れを整理整頓したとヘルパーに見せてくれました。高いところもご自分で整理されてようで、ヘルパーから高い所はヘルパーに声をかけて下さいとお伝えしています。16日(火)、27日(土)の訪問時は、どちらも前日に転倒したと話されています。入浴時にあざ等はありませんでした。20日(土)は、サービス前のフロントからの電話に出ようとして転んだとおっしゃっていました。この日も問題なく入浴していますが転倒による怪我が心配されます。館内のナースの話では、居室内でも転倒していると思う。娘様に言ってほしくないので、フロントには言わないでいる。最近失禁や体重増加もみられる様子(体重は測れていないが・・・)。\n 0 3 1 20141030153745 00035
00000159 00010 00005 05 26 10 平成26年10月30日 1 0 0 0 _ 先日送付致しました照会シートご参照下さい。\nその後、浴槽出入り時は必ず呼出しブザー鳴らされ、ヘルパーによる見守り行っています。\n25日サービス時、買物代行だけでも利用考えたいと伺っています。28日設置されているポジショニングバーは必要ないと話されています。\n引き続きご様子見守りながらサービス行っていきます。 0 3 1 20141030202624 00035
00000159 00010 00006 05 _ _ _ 1 0 0 0 _ _ 0 0 1 20141030202624 00035
00000159 00010 00007 05 _ _ _ 1 0 0 0 _ _ 0 0 1 20141030202624 00035
00000159 00011 00005 05 26 10 平成26年10月30日 1 0 0 0 _ 先日送付致しました照会シートご参照下さい。\nその後、浴槽出入り時は必ず呼出しブザー鳴らされ、ヘルパーによる見守り行っています。\n25日サービス時、買物代行だけでも利用考えたいと伺っています。28日設置されているポジショニングバーは必要ないと話されています。\n引き続きご様子見守りながらサービス行っていきます。 0 3 1 20141030202755 00035
00000159 00011 00006 05 _ _ _ 1 0 0 0 _ _ 0 0 1 20141030202755 00035
00000159 00011 00007 05 _ _ _ 1 0 0 0 _ _ 0 0 1 20141030202755 00035
00000159 00012 00005 05 26 10 平成26年10月30日 1 0 0 0 _ 先日送付致しました照会シートご参照下さい。\nその後、浴槽出入り時は必ず呼出しブザー鳴らされ、ヘルパーによる見守り行っています。\n25日サービス時、買物代行だけでも利用考えたいと伺っています。28日設置されているポジショニングバーは必要ないと話されています。\n引き続きご様子見守りながらサービス行っていきます。 0 3 1 20141030203240 00035
00000159 00012 00006 05 _ _ _ 1 0 0 0 _ _ 0 0 1 20141030203240 00035
00000159 00012 00007 05 _ _ _ 1 0 0 0 _ _ 0 0 1 20141030203240 00035
00000159 00013 00005 05 26 10 平成26年10月30日 2 0 0 0 _ 先日送付致しました照会シートご参照下さい。\nその後、浴槽出入り時は必ず呼出しブザー鳴らされ、ヘルパーによる見守り行っています。\n25日サービス時、買物代行だけでも利用考えたいと伺っています。28日設置されているポジショニングバーは必要ないと話されています。\n引き続きご様子見守りながらサービス行っていきます。 0 3 1 20141129201808 00034
00000159 00013 00006 05 26 11 平成26年11月29日 2 0 1 0 _ 8日にモニタリング訪問。別紙モニタリングシート参照。\n買物同行の要望があり、月途中まで、ヘルパーと一緒に行ってみる等の発言もみられましたが、買物同行は一度も行かず、入浴及び掃除の今まで通りのサービス内容となっています。浴槽のまたぎは見守るようにしています。 0 3 1 20141129201808 00034
00000159 00013 00007 05 _ _ _ 2 0 0 0 _ _ 0 0 1 20141129201808 00034
