00000159 2014 02 01 15:15 16:15 61 1321 0073 10.84 1 3870 1 20140620105721 00078
00000159 2014 02 04 12:45 13:45 61 1321 0073 10.84 1 3870 1 20140620105721 00078
00000159 2014 02 06 17:00 18:00 61 1321 0073 10.84 1 3870 1 20140620105721 00078
00000159 2014 02 08 13:30 14:30 61 1321 0073 10.84 1 3870 1 20140620105721 00078
00000159 2014 02 11 12:45 13:45 61 1321 0073 10.84 1 3870 1 20140620105721 00078
00000159 2014 02 13 17:00 18:00 61 1321 0073 10.84 1 3870 1 20140620105721 00078
00000159 2014 02 15 15:15 16:15 61 1321 0073 10.84 1 3870 1 20140620105721 00078
00000159 2014 02 20 17:00 18:00 61 1321 0073 10.84 1 3870 1 20140620105721 00078
00000159 2014 02 22 15:15 16:15 61 1321 0073 10.84 1 3870 1 20140620105721 00078
00000159 2014 02 25 12:45 13:45 61 1321 0073 10.84 1 3870 1 20140620105721 00078
00000159 2014 02 27 17:00 18:00 61 1321 0073 10.84 1 3870 1 20140620105721 00078
00000159 2014 03 01 15:15 16:15 61 1211 0073 10.84 1 2440 1 20140620110006 00078
00000159 2014 03 04 16:45 17:45 61 1211 0073 10.84 1 2440 1 20140620110006 00078
00000159 2014 03 08 15:15 16:15 61 1211 0073 10.84 1 2440 1 20140620110006 00078
00000159 2014 03 11 16:45 17:45 61 1211 0073 10.84 1 2440 1 20140620110006 00078
00000159 2014 03 15 15:15 16:15 61 1211 0073 10.84 1 2440 1 20140620110006 00078
00000159 2014 03 18 16:45 17:45 61 1211 0073 10.84 1 2440 1 20140620110006 00078
00000159 2014 03 25 16:45 17:45 61 1211 0073 10.84 1 2440 1 20140620110006 00078
00000159 2014 03 29 15:15 16:15 61 1211 0073 10.84 1 2440 1 20140620110006 00078
00000159 2014 04 01 16:45 17:45 61 1211 0073 10.84 1 2452 1 20140620110305 00078
00000159 2014 04 05 15:15 16:15 61 1211 0073 10.84 1 2452 1 20140620110305 00078
00000159 2014 04 08 16:45 17:45 61 1211 0073 10.84 1 2452 1 20140620110305 00078
00000159 2014 04 12 15:15 16:15 61 1211 0073 10.84 1 2452 1 20140620110305 00078
00000159 2014 04 15 16:45 17:45 61 1211 0073 10.84 1 2452 1 20140620110305 00078
00000159 2014 04 19 15:15 16:15 61 1211 0073 10.84 1 2452 1 20140620110305 00078
00000159 2014 04 22 16:45 17:45 61 1211 0073 10.84 1 2452 1 20140620110305 00078
00000159 2014 04 26 15:15 16:15 61 1211 0073 10.84 1 2452 1 20140620110305 00078
00000159 2014 04 29 16:45 17:45 61 1211 0073 10.84 1 2452 1 20140620110305 00078
00000159 2014 05 03 15:15 16:15 61 1211 0073 10.84 1 2452 1 20140818174530 00034
00000159 2014 05 06 16:45 17:45 61 1211 0073 10.84 1 2452 1 20140818174530 00034
00000159 2014 05 10 15:15 16:15 61 1211 0073 10.84 1 2452 1 20140818174530 00034
00000159 2014 05 10 15:15 16:45 61 1211 0073 10.84 1 2452 1 20140623173549 00034
00000159 2014 05 13 16:45 17:45 61 1211 0073 10.84 1 2452 1 20140818174530 00034
00000159 2014 05 17 15:15 16:15 61 1211 0073 10.84 1 2452 1 20140818174530 00034
00000159 2014 05 17 15:15 16:45 61 1211 0073 10.84 1 2452 1 20140623173549 00034
00000159 2014 05 20 16:45 17:45 61 1211 0073 10.84 1 2452 1 20140818174530 00034
00000159 2014 05 24 15:15 16:15 61 1211 0073 10.84 1 2452 1 20140818174530 00034
00000159 2014 05 27 16:45 17:45 61 1211 0073 10.84 1 2452 1 20140818174530 00034
00000159 2014 05 31 15:15 16:15 61 1211 0073 10.84 1 2452 1 20140818174530 00034
00000159 2014 06 10 16:45 17:44 61 1211 0073 10.84 1 2452 1 20140701101426 00078
00000159 2014 06 14 15:15 16:14 61 1211 0073 10.84 1 2452 1 20140701101426 00078
00000159 2014 06 17 16:45 17:44 61 1211 0073 10.84 1 2452 1 20140701101426 00078
00000159 2014 06 21 15:15 16:14 61 1211 0073 10.84 1 2452 1 20140701101426 00078
00000159 2014 06 24 16:45 17:44 61 1211 0073 10.84 1 2452 1 20140701101426 00078
00000159 2014 06 28 15:15 16:14 61 1211 0073 10.84 1 2452 1 20140701101426 00078
00000159 2014 07 01 16:30 17:29 61 1211 0073 10.84 1 2452 1 20140731103137 00035
00000159 2014 07 05 15:15 16:14 61 1211 0073 10.84 1 2452 1 20140731103137 00035
00000159 2014 07 12 15:15 16:14 61 1211 0073 10.84 1 2452 1 20140731103137 00035
00000159 2014 07 15 16:30 17:29 61 1211 0073 10.84 1 2452 1 20140731103137 00035
00000159 2014 07 19 15:15 16:14 61 1211 0073 10.84 1 2452 1 20140731103137 00035
00000159 2014 07 22 16:30 17:29 61 1211 0073 10.84 1 2452 1 20140731103137 00035
00000159 2014 07 26 15:15 16:14 61 1211 0073 10.84 1 2452 1 20140731103137 00035
00000159 2014 07 29 16:30 17:29 61 1211 0073 10.84 1 2452 1 20140731103137 00035
00000159 2014 08 02 15:15 16:14 61 1211 0073 10.84 1 2452 1 20140830200510 00038
00000159 2014 08 05 16:30 17:29 61 1211 0073 10.84 1 2452 1 20140830200510 00038
00000159 2014 08 09 15:15 16:14 61 1211 0073 10.84 1 2452 1 20140830200510 00038
00000159 2014 08 12 16:30 17:29 61 1211 0073 10.84 1 2452 1 20140830200510 00038
00000159 2014 08 16 15:15 16:14 61 1211 0073 10.84 1 2452 1 20140830200510 00038
00000159 2014 08 19 16:30 17:29 61 1211 0073 10.84 1 2452 1 20140830200510 00038
00000159 2014 08 23 15:15 16:14 61 1211 0073 10.84 1 2452 1 20140830200510 00038
00000159 2014 08 26 16:30 17:29 61 1211 0073 10.84 1 2452 1 20140830200510 00038
00000159 2014 08 30 15:15 16:14 61 1211 0073 10.84 1 2452 1 20140830200510 00038
00000159 2014 09 02 16:30 17:29 61 1211 0073 10.84 1 2452 1 20140930212105 00035
00000159 2014 09 06 15:15 16:14 61 1211 0073 10.84 1 2452 1 20140930212105 00035
00000159 2014 09 09 16:30 17:29 61 1211 0073 10.84 1 2452 1 20140930212105 00035
00000159 2014 09 13 15:15 16:14 61 1211 0073 10.84 1 2452 1 20140930212105 00035
00000159 2014 09 16 16:30 17:29 61 1211 0073 10.84 1 2452 1 20140930212105 00035
00000159 2014 09 20 15:15 16:14 61 1211 0073 10.84 1 2452 1 20140930212105 00035
00000159 2014 09 23 16:30 17:29 61 1211 0073 10.84 1 2452 1 20140930212105 00035
00000159 2014 09 27 15:15 16:14 61 1211 0073 10.84 1 2452 1 20140930212105 00035
00000159 2014 09 30 16:30 17:29 61 1211 0073 10.84 1 2452 1 20140930212105 00035
00000159 2014 10 04 15:15 16:14 61 1211 0073 10.84 1 2452 1 20141030195719 00038
00000159 2014 10 07 16:30 17:29 61 1211 0073 10.84 1 2452 1 20141030195719 00038
00000159 2014 10 11 15:15 16:14 61 1211 0073 10.84 1 2452 1 20141030195719 00038
00000159 2014 10 14 16:30 17:29 61 1211 0073 10.84 1 2452 1 20141030195719 00038
00000159 2014 10 18 15:15 16:14 61 1211 0073 10.84 1 2452 1 20141030195719 00038
00000159 2014 10 21 16:30 17:29 61 1211 0073 10.84 1 2452 1 20141030195719 00038
00000159 2014 10 25 15:15 16:14 61 1211 0073 10.84 1 2452 1 20141030195719 00038
00000159 2014 10 28 16:30 17:29 61 1211 0073 10.84 1 2452 1 20141030195719 00038
