00000210 2011 03 29 13:00 13:59 11 7211 0029 11.26 1 229 1 20141201190005 00078
00000210 2011 04 05 13:00 13:59 11 7211 0029 11.26 1 229 1 20141201151813 00078
00000210 2011 04 08 13:00 13:59 11 7211 0029 11.26 1 229 1 20141201151813 00078
00000210 2011 04 12 13:00 13:59 11 7211 0029 11.26 1 229 1 20141201151813 00078
00000210 2011 04 15 13:00 13:59 11 7211 0029 11.26 1 229 1 20141201151813 00078
00000210 2011 04 19 13:00 13:59 11 7211 0029 11.26 1 229 1 20141201151813 00078
00000210 2011 04 22 13:00 13:59 11 7211 0029 11.26 1 229 1 20141201151813 00078
00000210 2011 04 26 13:00 13:59 11 7211 0029 11.26 1 229 1 20141201151813 00078
00000210 2011 05 03 13:00 13:59 11 7211 0029 11.26 1 229 1 20141130185050 00078
00000210 2011 05 06 13:00 13:59 11 7211 0029 11.26 1 229 1 20141130185050 00078
00000210 2011 05 10 13:00 13:59 11 7211 0029 11.26 1 229 1 20141130185050 00078
00000210 2011 05 17 13:00 13:59 11 7211 0029 11.26 1 229 1 20141130185050 00078
00000210 2011 05 20 13:00 13:59 11 7211 0029 11.26 1 229 1 20141130185050 00078
00000210 2011 05 24 13:00 13:59 11 7211 0029 11.26 1 229 1 20141130185050 00078
00000210 2011 05 27 13:00 13:59 11 7211 0029 11.26 1 229 1 20141130185050 00078
00000210 2011 05 31 13:00 13:59 11 7211 0029 11.26 1 229 1 20141130185050 00078
00000210 2011 06 03 13:00 13:59 11 7211 0029 11.26 1 229 1 20141130165849 00078
00000210 2011 06 07 13:00 13:59 11 7211 0029 11.26 1 229 1 20141130165849 00078
00000210 2011 06 14 13:00 13:59 11 7211 0029 11.26 1 229 1 20141130165849 00078
00000210 2011 06 17 13:00 13:59 11 7211 0029 11.26 1 229 1 20141130165849 00078
00000210 2011 06 21 13:00 13:59 11 7211 0029 11.26 1 229 1 20141130165849 00078
00000210 2011 06 28 13:00 13:59 11 7211 0029 11.26 1 229 1 20141130165849 00078
00000210 2011 07 01 13:00 13:59 11 7211 0029 11.26 1 229 1 20141130145910 00078
00000210 2011 07 05 13:00 13:59 11 7211 0029 11.26 1 229 1 20141130145910 00078
00000210 2011 07 08 13:00 13:59 11 7211 0029 11.26 1 229 1 20141130145910 00078
00000210 2011 07 12 13:00 13:59 11 7211 0029 11.26 1 229 1 20141130145910 00078
00000210 2011 07 15 13:00 13:59 11 7211 0029 11.26 1 229 1 20141130145910 00078
00000210 2011 07 19 13:00 13:59 11 7211 0029 11.26 1 229 1 20141130145910 00078
00000210 2011 07 29 13:00 13:59 11 7211 0029 11.26 1 229 1 20141130145910 00078
00000210 2011 08 02 13:00 13:45 11 7211 0029 11.26 1 229 1 20141130112436 00078
00000210 2011 08 09 13:00 13:59 11 7211 0029 11.26 1 229 1 20141130112436 00078
00000210 2011 08 16 13:00 13:59 11 7211 0029 11.26 1 229 1 20141130112436 00078
00000210 2011 08 19 13:00 13:59 11 7211 0029 11.26 1 229 1 20141130112436 00078
00000210 2011 08 23 13:00 13:59 11 7211 0029 11.26 1 229 1 20141130112436 00078
00000210 2011 08 30 13:00 13:59 11 7211 0029 11.26 1 229 1 20141130112436 00078
00000210 2011 09 02 13:00 13:59 11 7211 0029 11.26 1 229 1 20141130122825 00078
00000210 2011 09 06 13:00 13:59 11 7211 0029 11.26 1 229 1 20141130122825 00078
00000210 2011 09 09 13:00 13:59 11 7211 0029 11.26 1 229 1 20141130122825 00078
00000210 2011 09 13 13:00 13:59 11 7211 0029 11.26 1 229 1 20141130122825 00078
00000210 2011 09 16 13:00 13:59 11 7211 0029 11.26 1 229 1 20141130122825 00078
00000210 2011 09 20 13:00 13:59 11 7211 0029 11.26 1 229 1 20141130122825 00078
00000210 2011 10 04 13:00 13:59 11 4111 0029 11.26 1 337 1 20141127184909 00078
00000210 2011 10 04 13:00 13:59 11 7211 0029 11.26 1 229 1 20141130122741 00078
00000210 2011 10 07 13:00 13:59 11 4111 0029 11.26 1 337 1 20141127184909 00078
00000210 2011 10 07 13:00 13:59 11 7211 0029 11.26 1 229 1 20141130122741 00078
00000210 2011 10 11 13:00 13:59 11 4111 0029 11.26 1 337 1 20141127184909 00078
00000210 2011 10 11 13:00 13:59 11 7211 0029 11.26 1 229 1 20141130122741 00078
00000210 2011 10 18 13:00 13:59 11 4111 0029 11.26 1 337 1 20141127184909 00078
00000210 2011 10 18 13:00 13:59 11 7211 0029 11.26 1 229 1 20141130122741 00078
00000210 2011 10 21 13:00 13:59 11 4111 0029 11.26 1 337 1 20141127184909 00078
00000210 2011 10 21 13:00 13:59 11 7211 0029 11.26 1 229 1 20141130122741 00078
00000210 2011 10 25 13:00 13:59 11 4111 0029 11.26 1 337 1 20141127184909 00078
00000210 2011 10 25 13:00 13:59 11 7211 0029 11.26 1 229 1 20141130122741 00078
