00000094 0070 2014 06 0000002 09 00045 _ 09:00 09:59 2 _ 0 _ 1 11 9 20140613111451 00037
00000094 0070 2014 06 0000003 09 00045 _ 09:00 09:59 2 _ 0 _ 1 11 9 20140614101052 00037
00000094 0070 2014 06 0000004 02 00037 _ 09:00 09:59 2 _ 0 _ 1 11 9 20140614101052 00037
00000094 0070 2014 06 0000005 02 00037 _ 09:00 09:59 2 _ 0 7311 1 11 1 20140624124927 00034
00000094 0070 2014 06 0000006 09 00045 _ 09:00 09:59 2 _ 0 7311 1 11 1 20140624124927 00034
00000094 0070 2014 06 0000007 16 00045 _ 09:00 09:59 2 _ 0 7311 1 11 1 20140624124927 00034
00000094 0070 2014 06 0000008 23 00038 _ 09:00 09:59 2 _ 0 7311 1 11 1 20140624124927 00034
00000094 0070 2014 06 0000009 30 00045 _ 09:00 09:59 2 _ 0 7311 1 11 1 20140630135647 00034
00000094 0073 2014 06 0000010 02 00037 _ 09:00 09:59 2 _ 0 1111 1 61 1 20140701100924 00078
00000094 0073 2014 06 0000011 09 00045 _ 09:00 09:59 2 _ 0 1111 1 61 1 20140701100924 00078
00000094 0073 2014 06 0000012 16 00045 _ 09:00 09:59 2 _ 0 1111 1 61 1 20140701100924 00078
00000094 0073 2014 06 0000013 23 00038 _ 09:00 09:59 2 _ 0 1111 1 61 1 20140701100924 00078
00000094 0073 2014 06 0000014 30 00045 _ 09:00 09:59 2 _ 0 1111 1 61 1 20140701100924 00078
00000094 0073 2014 07 0000015 07 00045 _ 09:00 09:59 2 _ 0 1111 1 61 1 20140731104652 00035
00000094 0073 2014 07 0000016 14 00045 _ 09:00 09:59 2 _ 0 1111 1 61 1 20140731104652 00035
00000094 0073 2014 07 0000017 21 00037 _ 09:00 09:57 2 _ 0 _ 1 61 9 20140721173939 00037
00000094 0073 2014 07 0000018 21 00037 _ 09:00 09:57 2 _ 0 1111 1 61 1 20140731104652 00035
00000094 0073 2014 07 0000019 28 00045 _ 09:00 09:59 2 _ 0 1111 1 61 1 20140731104652 00035
00000094 0073 2014 08 0000020 04 00035 _ 09:00 09:59 2 _ 0 1111 1 61 1 20140811105744 00037
00000094 0073 2014 08 0000021 18 00045 _ 09:00 09:59 2 _ 0 1111 1 61 1 20140818133107 00037
