00000221 20120427 KihonCheckCheckList01 0 1 20140516 IKOU
00000221 20120427 KihonCheckCheckList02 0 1 20140516 IKOU
00000221 20120427 KihonCheckCheckList03 0 1 20140516 IKOU
00000221 20120427 KihonCheckCheckList04 1 1 20140516 IKOU
00000221 20120427 KihonCheckCheckList05 0 1 20140516 IKOU
00000221 20120427 KihonCheckCheckList06 2 1 20140516 IKOU
00000221 20120427 KihonCheckCheckList07 0 1 20140516 IKOU
00000221 20120427 KihonCheckCheckList08 0 1 20140516 IKOU
00000221 20120427 KihonCheckCheckList09 2 1 20140516 IKOU
00000221 20120427 KihonCheckCheckList10 2 1 20140516 IKOU
00000221 20120427 KihonCheckCheckList11 0 1 20140516 IKOU
00000221 20120427 KihonCheckCheckList12 0 1 20140516 IKOU
00000221 20120427 KihonCheckCheckList13 0 1 20140516 IKOU
00000221 20120427 KihonCheckCheckList14 0 1 20140516 IKOU
00000221 20120427 KihonCheckCheckList15 0 1 20140516 IKOU
00000221 20120427 KihonCheckCheckList16 5 1 20140516 IKOU
00000221 20120427 KihonCheckCheckList17 0 1 20140516 IKOU
00000221 20120427 KihonCheckCheckList18 0 1 20140516 IKOU
00000221 20120427 KihonCheckCheckList19 0 1 20140516 IKOU
00000221 20120427 KihonCheckCheckList20 0 1 20140516 IKOU
00000221 20120427 KihonCheckCheckList21 0 1 20140516 IKOU
00000221 20120427 KihonCheckCheckList22 7 1 20140516 IKOU
00000221 20120427 KihonCheckCheckList23 0 1 20140516 IKOU
00000221 20120427 KihonCheckCheckList24 7 1 20140516 IKOU
00000221 20130421 KihonCheckCheckList01 0 1 20140516 IKOU
00000221 20130421 KihonCheckCheckList02 0 1 20140516 IKOU
00000221 20130421 KihonCheckCheckList03 0 1 20140516 IKOU
00000221 20130421 KihonCheckCheckList04 0 1 20140516 IKOU
00000221 20130421 KihonCheckCheckList05 0 1 20140516 IKOU
00000221 20130421 KihonCheckCheckList06 0 1 20140516 IKOU
00000221 20130421 KihonCheckCheckList07 0 1 20140516 IKOU
00000221 20130421 KihonCheckCheckList08 0 1 20140516 IKOU
00000221 20130421 KihonCheckCheckList09 0 1 20140516 IKOU
00000221 20130421 KihonCheckCheckList10 2 1 20140516 IKOU
00000221 20130421 KihonCheckCheckList11 0 1 20140516 IKOU
00000221 20130421 KihonCheckCheckList12 0 1 20140516 IKOU
00000221 20130421 KihonCheckCheckList13 4 1 20140516 IKOU
00000221 20130421 KihonCheckCheckList14 4 1 20140516 IKOU
00000221 20130421 KihonCheckCheckList15 0 1 20140516 IKOU
00000221 20130421 KihonCheckCheckList16 0 1 20140516 IKOU
00000221 20130421 KihonCheckCheckList17 0 1 20140516 IKOU
00000221 20130421 KihonCheckCheckList18 0 1 20140516 IKOU
00000221 20130421 KihonCheckCheckList19 6 1 20140516 IKOU
00000221 20130421 KihonCheckCheckList20 0 1 20140516 IKOU
00000221 20130421 KihonCheckCheckList21 0 1 20140516 IKOU
00000221 20130421 KihonCheckCheckList22 0 1 20140516 IKOU
00000221 20130421 KihonCheckCheckList23 0 1 20140516 IKOU
00000221 20130421 KihonCheckCheckList24 0 1 20140516 IKOU
