00000002 2013 12 07 09:30 10:29 11 7311 0070 10.84 1 235 1 20140814121026 00034
00000002 2013 12 14 09:30 10:29 11 7311 0070 10.84 1 235 1 20140814121026 00034
00000002 2013 12 21 09:10 10:00 11 7311 0070 10.84 1 235 1 20140814121026 00034
00000002 2013 12 28 09:30 10:29 11 7311 0070 10.84 1 235 1 20140814121026 00034
00000007 2013 12 02 14:00 15:00 61 1111 0073 10.84 1 1220 1 20140625110245 00034
00000007 2013 12 09 14:00 15:00 61 1111 0073 10.84 1 1220 1 20140625110245 00034
00000007 2013 12 16 14:00 15:00 61 1111 0073 10.84 1 1220 1 20140625110245 00034
00000007 2013 12 23 14:00 15:00 61 1111 0073 10.84 1 1220 1 20140625110245 00034
00000007 2013 12 30 14:00 15:00 61 1111 0073 10.84 1 1220 1 20140625110245 00034
00000013 2013 12 03 14:10 15:00 11 7311 0070 10.84 1 235 1 20140625115625 00034
00000013 2013 12 07 14:00 15:00 11 7311 0070 10.84 1 235 1 20140625115625 00034
00000013 2013 12 10 14:00 15:00 11 7311 0070 10.84 1 235 1 20140625115625 00034
00000013 2013 12 14 14:00 15:00 11 7311 0070 10.84 1 235 1 20140625115625 00034
00000013 2013 12 17 14:00 15:00 11 7311 0070 10.84 1 235 1 20140625115625 00034
00000013 2013 12 21 14:00 15:00 11 7311 0070 10.84 1 235 1 20140625115625 00034
00000013 2013 12 24 14:00 15:00 11 7311 0070 10.84 1 235 1 20140625115625 00034
00000013 2013 12 28 14:00 15:00 11 7311 0070 10.84 1 235 1 20140625115625 00034
00000013 2013 12 31 14:00 15:00 11 7311 0070 10.84 1 235 1 20140625115625 00034
00000015 2013 12 03 13:15 15:05 11 6111 0070 10.84 1 654 1 20140625135355 00034
00000015 2013 12 10 13:15 15:05 11 6111 0070 10.84 1 654 1 20140625135355 00034
00000015 2013 12 11 13:00 13:59 11 7311 0070 10.84 1 235 1 20140625135355 00034
00000015 2013 12 17 13:15 15:05 11 6111 0070 10.84 1 654 1 20140625135355 00034
00000015 2013 12 24 13:15 15:05 11 6111 0070 10.84 1 654 1 20140625135355 00034
00000015 2013 12 25 13:00 13:59 11 7311 0070 10.84 1 235 1 20140625135355 00034
00000016 2013 12 07 10:45 11:44 61 1111 0073 10.84 1 1220 1 20140625142258 00034
00000016 2013 12 14 10:45 11:44 61 1111 0073 10.84 1 1220 1 20140625142258 00034
00000016 2013 12 21 10:45 11:44 61 1111 0073 10.84 1 1220 1 20140625142258 00034
00000016 2013 12 28 10:45 11:44 61 1111 0073 10.84 1 1220 1 20140625142258 00034
00000018 2013 12 11 14:00 15:00 11 7311 0070 10.84 1 235 1 20140625144159 00034
00000018 2013 12 18 14:00 15:00 11 7311 0070 10.84 1 235 1 20140625144159 00034
00000018 2013 12 25 14:00 15:00 11 7311 0070 10.84 1 235 1 20140625144159 00034
00000025 2013 12 02 13:30 15:20 11 5211 0070 10.84 1 542 1 20140625153422 00034
00000025 2013 12 05 13:30 15:20 11 5211 0070 10.84 1 542 1 20140625153422 00034
00000025 2013 12 09 13:30 15:20 11 5211 0070 10.84 1 542 1 20140625153422 00034
00000025 2013 12 12 13:30 15:20 11 5211 0070 10.84 1 542 1 20140625153422 00034
00000025 2013 12 16 13:30 15:20 11 5211 0070 10.84 1 542 1 20140625153422 00034
00000025 2013 12 19 13:30 15:20 11 5211 0070 10.84 1 542 1 20140625153422 00034
00000025 2013 12 23 13:30 15:20 11 5211 0070 10.84 1 542 1 20140625153422 00034
00000025 2013 12 26 13:30 15:20 11 5211 0070 10.84 1 542 1 20140625153422 00034
00000025 2013 12 30 13:30 15:20 11 5211 0070 10.84 1 542 1 20140625153422 00034
00000026 2013 12 02 13:30 14:30 11 7311 0070 10.84 1 235 1 20140625155507 00034
00000026 2013 12 09 13:30 14:30 11 7311 0070 10.84 1 235 1 20140625155507 00034
00000026 2013 12 16 13:30 14:30 11 7311 0070 10.84 1 235 1 20140625155507 00034
00000026 2013 12 23 13:30 14:30 11 7311 0070 10.84 1 235 1 20140625155507 00034
00000026 2013 12 30 13:30 14:30 11 7311 0070 10.84 1 235 1 20140625155507 00034
00000027 2013 12 01 10:00 11:00 11 7311 0070 10.84 1 235 1 20140625163711 00034
00000027 2013 12 03 09:30 10:30 11 7311 0070 10.84 1 235 1 20140625163711 00034
00000027 2013 12 08 10:00 11:00 11 7311 0070 10.84 1 235 1 20140625163711 00034
00000027 2013 12 11 09:30 10:30 11 7311 0070 10.84 1 235 1 20140625163711 00034
00000027 2013 12 15 10:00 11:00 11 7311 0070 10.84 1 235 1 20140625163711 00034
00000027 2013 12 18 09:30 10:30 11 7311 0070 10.84 1 235 1 20140625163711 00034
00000027 2013 12 22 10:00 11:00 11 7311 0070 10.84 1 235 1 20140625163711 00034
00000027 2013 12 25 09:30 10:30 11 7311 0070 10.84 1 235 1 20140625163711 00034
00000027 2013 12 29 10:00 11:00 11 7311 0070 10.84 1 235 1 20140625163711 00034
00000035 2013 12 05 11:30 12:30 61 1111 0073 10.84 1 1220 1 20140625180455 00034
00000035 2013 12 12 11:30 12:30 61 1111 0073 10.84 1 1220 1 20140625180455 00034
00000035 2013 12 19 11:30 12:30 61 1111 0073 10.84 1 1220 1 20140625180455 00034
00000035 2013 12 26 11:30 12:30 61 1111 0073 10.84 1 1220 1 20140625180455 00034
00000042 2013 12 07 09:00 10:00 11 7311 0070 10.84 1 235 1 20140625182122 00034
00000042 2013 12 07 09:00 10:00 61 1111 0073 10.84 1 1220 1 20140820135810 00034
00000042 2013 12 14 09:00 10:00 11 7311 0070 10.84 1 235 1 20140625182122 00034
00000042 2013 12 14 09:00 10:00 61 1111 0073 10.84 1 1220 1 20140820135810 00034
00000042 2013 12 21 09:00 10:00 11 7311 0070 10.84 1 235 1 20140625182122 00034
00000042 2013 12 21 09:00 10:00 61 1111 0073 10.84 1 1220 1 20140820135810 00034
00000042 2013 12 28 09:00 10:00 11 7311 0070 10.84 1 235 1 20140625182122 00034
00000042 2013 12 28 09:00 10:00 61 1111 0073 10.84 1 1220 1 20140820135810 00034
00000046 2013 12 04 09:15 10:15 11 7311 0070 10.84 1 235 1 20140625185712 00034
00000046 2013 12 11 09:15 10:15 11 7311 0070 10.84 1 235 1 20140625185712 00034
00000046 2013 12 13 13:30 14:59 11 1311 0070 10.84 1 584 1 20140625185712 00034
00000046 2013 12 18 09:15 10:15 11 7311 0070 10.84 1 235 1 20140625185712 00034
00000046 2013 12 20 13:30 14:59 11 1311 0070 10.84 1 584 1 20140625185712 00034
00000046 2013 12 25 09:15 10:15 11 7311 0070 10.84 1 235 1 20140625185712 00034
00000047 2013 12 02 14:15 15:14 11 1211 0070 10.84 1 402 1 20140626110406 00034
00000047 2013 12 05 17:00 17:59 11 1211 0070 10.84 1 402 1 20140626110406 00034
00000047 2013 12 09 14:15 15:14 11 1211 0070 10.84 1 402 1 20140626110406 00034
00000047 2013 12 16 14:15 15:14 11 1211 0070 10.84 1 402 1 20140626110406 00034
00000047 2013 12 23 14:00 14:59 11 1211 0070 10.84 1 402 1 20140626110406 00034
00000047 2013 12 30 14:15 15:14 11 1211 0070 10.84 1 402 1 20140626110406 00034
00000048 2013 12 07 09:00 10:00 61 1211 0073 10.84 1 2440 1 20140626115338 00034
00000048 2013 12 10 09:00 10:00 61 1211 0073 10.84 1 2440 1 20140626115338 00034
00000048 2013 12 14 09:00 10:00 61 1211 0073 10.84 1 2440 1 20140626115338 00034
00000048 2013 12 21 09:00 10:00 61 1211 0073 10.84 1 2440 1 20140626115338 00034
00000048 2013 12 24 09:00 10:00 61 1211 0073 10.84 1 2440 1 20140626115338 00034
00000048 2013 12 28 09:00 10:00 61 1211 0073 10.84 1 2440 1 20140626115338 00034
00000051 2013 12 05 09:00 10:00 61 1111 0073 10.84 1 1220 1 20140626121909 00034
00000051 2013 12 12 09:00 10:00 61 1111 0073 10.84 1 1220 1 20140626121909 00034
00000051 2013 12 19 09:00 10:00 61 1111 0073 10.84 1 1220 1 20140626121909 00034
00000051 2013 12 26 09:00 10:00 61 1111 0073 10.84 1 1220 1 20140626121909 00034
00000060 2013 12 03 16:30 17:30 61 1321 0073 10.84 1 3870 1 20140626163141 00034
00000060 2013 12 05 16:00 17:00 61 1321 0073 10.84 1 3870 1 20140626163141 00034
00000060 2013 12 07 16:00 17:00 61 1321 0073 10.84 1 3870 1 20140626163141 00034
00000060 2013 12 10 16:30 17:30 61 1321 0073 10.84 1 3870 1 20140626163141 00034
00000060 2013 12 12 16:00 17:00 61 1321 0073 10.84 1 3870 1 20140626163141 00034
00000060 2013 12 14 16:00 17:00 61 1321 0073 10.84 1 3870 1 20140626163141 00034
00000060 2013 12 17 16:30 17:30 61 1321 0073 10.84 1 3870 1 20140626163141 00034
00000060 2013 12 19 16:00 17:00 61 1321 0073 10.84 1 3870 1 20140626163141 00034
00000060 2013 12 21 16:00 17:00 61 1321 0073 10.84 1 3870 1 20140626163141 00034
00000060 2013 12 24 16:30 17:30 61 1321 0073 10.84 1 3870 1 20140626163141 00034
00000060 2013 12 26 16:00 17:00 61 1321 0073 10.84 1 3870 1 20140626163141 00034
00000060 2013 12 28 16:00 17:00 61 1321 0073 10.84 1 3870 1 20140626163141 00034
00000060 2013 12 31 16:30 17:10 61 1321 0073 10.84 1 3870 1 20140626163141 00034
00000062 2013 12 01 14:00 15:00 11 7311 0070 10.84 1 235 1 20140626170934 00034
00000062 2013 12 07 17:00 18:00 11 7311 0070 10.84 1 235 1 20140626170934 00034
00000062 2013 12 15 14:00 15:00 11 7311 0070 10.84 1 235 1 20140626170934 00034
00000062 2013 12 22 14:00 15:00 11 7311 0070 10.84 1 235 1 20140626170934 00034
00000062 2013 12 29 14:00 15:00 11 7311 0070 10.84 1 235 1 20140626170934 00034
00000064 2013 12 02 10:15 11:15 61 1111 0073 10.84 1 1220 1 20140626174436 00034
00000064 2013 12 09 10:15 11:15 61 1111 0073 10.84 1 1220 1 20140626174436 00034
00000064 2013 12 16 10:15 11:15 61 1111 0073 10.84 1 1220 1 20140626174436 00034
00000064 2013 12 23 10:15 11:15 61 1111 0073 10.84 1 1220 1 20140626174436 00034
00000064 2013 12 30 10:00 11:00 61 1111 0073 10.84 1 1220 1 20140626174436 00034
00000065 2013 12 06 15:15 16:15 61 1111 0073 10.84 1 1220 1 20140626175847 00034
00000065 2013 12 13 15:15 16:15 61 1111 0073 10.84 1 1220 1 20140626175847 00034
00000065 2013 12 20 15:15 16:15 61 1111 0073 10.84 1 1220 1 20140626175847 00034
00000065 2013 12 27 15:15 16:15 61 1111 0073 10.84 1 1220 1 20140626175847 00034
00000067 2013 12 01 12:30 13:10 11 7211 0070 10.84 1 190 1 20140626190328 00034
00000067 2013 12 03 09:50 10:29 11 7211 0070 10.84 1 190 1 20140626190328 00034
00000067 2013 12 10 09:50 10:29 11 7211 0070 10.84 1 190 1 20140626190328 00034
00000067 2013 12 15 12:30 13:10 11 7211 0070 10.84 1 190 1 20140626190328 00034
00000067 2013 12 17 09:50 10:29 11 7211 0070 10.84 1 190 1 20140626190328 00034
00000067 2013 12 24 09:50 10:29 11 7211 0070 10.84 1 190 1 20140626190328 00034
00000067 2013 12 29 12:30 13:10 11 7211 0070 10.84 1 190 1 20140626190328 00034
00000070 2013 12 03 11:00 12:00 61 1211 0073 10.84 1 2440 1 20140627102710 00034
00000070 2013 12 06 13:30 14:30 61 1211 0073 10.84 1 2440 1 20140627102710 00034
00000070 2013 12 09 13:00 14:00 61 1211 0073 10.84 1 2440 1 20140627102710 00034
00000070 2013 12 13 13:30 14:30 61 1211 0073 10.84 1 2440 1 20140627102710 00034
00000070 2013 12 17 11:00 12:00 61 1211 0073 10.84 1 2440 1 20140627102710 00034
00000070 2013 12 20 13:30 14:30 61 1211 0073 10.84 1 2440 1 20140627102710 00034
00000070 2013 12 24 11:00 12:00 61 1211 0073 10.84 1 2440 1 20140627102710 00034
00000070 2013 12 27 13:30 14:30 61 1211 0073 10.84 1 2440 1 20140627102710 00034
00000071 2013 12 06 09:15 10:15 61 1211 0073 10.84 1 2440 1 20140627110655 00034
00000071 2013 12 13 09:15 10:15 61 1211 0073 10.84 1 2440 1 20140627110655 00034
00000071 2013 12 14 13:00 14:00 61 1211 0073 10.84 1 2440 1 20140627110655 00034
00000071 2013 12 20 09:15 10:15 61 1211 0073 10.84 1 2440 1 20140627110655 00034
00000071 2013 12 27 09:15 10:15 61 1211 0073 10.84 1 2440 1 20140627110655 00034
00000071 2013 12 28 13:00 14:00 61 1211 0073 10.84 1 2440 1 20140627110655 00034
00000072 2013 12 02 16:30 17:30 61 1211 0073 10.84 1 2440 1 20140627114601 00034
00000072 2013 12 06 15:45 16:45 61 1211 0073 10.84 1 2440 1 20140627114601 00034
00000072 2013 12 09 16:30 17:30 61 1211 0073 10.84 1 2440 1 20140627114601 00034
00000072 2013 12 13 15:45 16:45 61 1211 0073 10.84 1 2440 1 20140627114601 00034
00000072 2013 12 16 16:30 17:30 61 1211 0073 10.84 1 2440 1 20140627114601 00034
00000072 2013 12 20 15:45 16:45 61 1211 0073 10.84 1 2440 1 20140627114601 00034
00000072 2013 12 23 16:30 17:30 61 1211 0073 10.84 1 2440 1 20140627114601 00034
00000072 2013 12 27 15:45 16:45 61 1211 0073 10.84 1 2440 1 20140627114601 00034
00000072 2013 12 30 16:30 17:30 61 1211 0073 10.84 1 2440 1 20140627114601 00034
00000073 2013 12 02 14:45 15:30 61 1111 0073 10.84 1 1220 1 20140627120724 00034
00000073 2013 12 09 14:45 15:30 61 1111 0073 10.84 1 1220 1 20140627120724 00034
00000073 2013 12 16 14:45 15:30 61 1111 0073 10.84 1 1220 1 20140627120724 00034
00000073 2013 12 23 14:45 15:30 61 1111 0073 10.84 1 1220 1 20140627120724 00034
00000074 2013 12 06 17:00 17:45 61 1111 0073 10.84 1 1220 1 20140627134156 00034
00000074 2013 12 20 17:00 17:45 61 1111 0073 10.84 1 1220 1 20140627134156 00034
00000074 2013 12 27 17:00 17:45 61 1111 0073 10.84 1 1220 1 20140627134156 00034
00000079 2013 12 05 10:45 11:45 11 7311 0070 10.84 1 235 1 20140627145903 00034
00000079 2013 12 12 10:45 11:45 11 7311 0070 10.84 1 235 1 20140627145903 00034
00000079 2013 12 19 10:45 11:45 11 7311 0070 10.84 1 235 1 20140627145903 00034
00000079 2013 12 26 10:45 11:45 11 7311 0070 10.84 1 235 1 20140627145903 00034
00000080 2013 12 05 13:00 13:40 11 7211 0070 10.84 1 190 1 20140627150930 00034
00000080 2013 12 12 13:00 13:40 11 7211 0070 10.84 1 190 1 20140627150930 00034
00000080 2013 12 19 13:00 13:40 11 7211 0070 10.84 1 190 1 20140627150930 00034
00000080 2013 12 26 13:00 13:40 11 7211 0070 10.84 1 190 1 20140627150930 00034
00000081 2013 12 06 11:00 12:00 61 1111 0073 10.84 1 1220 1 20140627151656 00034
00000081 2013 12 20 11:00 12:00 61 1111 0073 10.84 1 1220 1 20140627151656 00034
00000082 2013 12 03 15:15 16:14 61 1211 0073 10.84 1 2440 1 20140627160453 00034
00000082 2013 12 07 15:15 16:14 61 1211 0073 10.84 1 2440 1 20140627160453 00034
00000082 2013 12 10 15:15 16:14 61 1211 0073 10.84 1 2440 1 20140627160453 00034
00000082 2013 12 14 15:15 16:14 61 1211 0073 10.84 1 2440 1 20140627160453 00034
00000082 2013 12 17 15:15 16:14 61 1211 0073 10.84 1 2440 1 20140627160453 00034
00000082 2013 12 21 15:15 16:14 61 1211 0073 10.84 1 2440 1 20140627160453 00034
00000082 2013 12 24 15:15 16:14 61 1211 0073 10.84 1 2440 1 20140627160453 00034
00000082 2013 12 28 15:15 16:14 61 1211 0073 10.84 1 2440 1 20140627160453 00034
00000082 2013 12 31 15:15 16:14 61 1211 0073 10.84 1 2440 1 20140627160453 00034
00000085 2013 12 07 13:30 14:30 61 1111 0073 10.84 1 1220 1 20140728152129 00034
00000085 2013 12 14 13:30 14:30 61 1111 0073 10.84 1 1220 1 20140728152129 00034
00000085 2013 12 21 13:30 14:30 61 1111 0073 10.84 1 1220 1 20140728152129 00034
00000085 2013 12 28 13:30 14:30 61 1111 0073 10.84 1 1220 1 20140728152129 00034
00000086 2013 12 06 16:30 17:30 61 1111 0073 10.84 1 1220 1 20140627174338 00034
00000086 2013 12 13 16:30 17:30 61 1111 0073 10.84 1 1220 1 20140627174338 00034
00000086 2013 12 20 16:30 17:30 61 1111 0073 10.84 1 1220 1 20140627174338 00034
00000086 2013 12 27 16:30 17:30 61 1111 0073 10.84 1 1220 1 20140627174338 00034
00000087 2013 12 03 13:30 14:20 61 1111 0073 10.84 1 1220 1 20140627175150 00034
00000087 2013 12 10 13:30 14:30 61 1111 0073 10.84 1 1220 1 20140627175150 00034
00000087 2013 12 17 13:30 14:30 61 1111 0073 10.84 1 1220 1 20140627175150 00034
00000087 2013 12 24 13:30 14:30 61 1111 0073 10.84 1 1220 1 20140627175150 00034
00000090 2013 12 02 11:00 12:29 11 1311 0070 10.84 1 584 1 20140627183800 00034
00000090 2013 12 03 15:45 16:44 11 7311 0070 10.84 1 235 1 20140627183800 00034
00000090 2013 12 05 11:00 12:29 11 1311 0070 10.84 1 584 1 20140627183800 00034
00000090 2013 12 09 11:00 12:29 11 1311 0070 10.84 1 584 1 20140627183800 00034
00000090 2013 12 10 15:45 16:44 11 7311 0070 10.84 1 235 1 20140627183800 00034
00000090 2013 12 11 15:00 16:00 11 7311 0070 10.84 1 235 1 20140627183800 00034
00000090 2013 12 12 11:00 12:29 11 1311 0070 10.84 1 584 1 20140627183800 00034
00000090 2013 12 16 11:00 12:29 11 1311 0070 10.84 1 584 1 20140627183800 00034
00000090 2013 12 17 15:45 16:44 11 7311 0070 10.84 1 235 1 20140627183800 00034
00000090 2013 12 18 15:00 16:00 11 7311 0070 10.84 1 235 1 20140627183800 00034
00000090 2013 12 19 11:00 12:29 11 1311 0070 10.84 1 584 1 20140627183800 00034
00000090 2013 12 23 11:00 12:29 11 1311 0070 10.84 1 584 1 20140627183800 00034
00000090 2013 12 24 15:45 16:44 11 7311 0070 10.84 1 235 1 20140627183800 00034
00000090 2013 12 25 15:00 16:00 11 7311 0070 10.84 1 235 1 20140627183800 00034
00000090 2013 12 26 11:00 12:29 11 1311 0070 10.84 1 584 1 20140627183800 00034
00000090 2013 12 30 11:00 12:29 11 1311 0070 10.84 1 584 1 20140627183800 00034
00000092 2013 12 05 09:15 10:14 61 1111 0073 10.84 1 1220 1 20140627185840 00034
00000092 2013 12 12 09:15 10:14 61 1111 0073 10.84 1 1220 1 20140627185840 00034
00000092 2013 12 19 09:15 10:14 61 1111 0073 10.84 1 1220 1 20140627185840 00034
00000092 2013 12 26 09:15 10:14 61 1111 0073 10.84 1 1220 1 20140627185840 00034
00000094 2013 12 02 09:00 10:00 61 1111 0073 10.84 1 1220 1 20140630110816 00034
00000094 2013 12 09 09:00 10:00 61 1111 0073 10.84 1 1220 1 20140630110816 00034
00000094 2013 12 16 09:00 10:00 61 1111 0073 10.84 1 1220 1 20140630110816 00034
00000094 2013 12 23 09:00 10:00 61 1111 0073 10.84 1 1220 1 20140630110816 00034
00000094 2013 12 30 09:00 10:00 61 1111 0073 10.84 1 1220 1 20140630110816 00034
00000095 2013 12 05 14:00 15:00 61 1111 0073 10.84 1 1220 1 20140630114348 00034
00000095 2013 12 12 14:00 15:00 61 1111 0073 10.84 1 1220 1 20140630114348 00034
00000095 2013 12 19 14:00 15:00 61 1111 0073 10.84 1 1220 1 20140630114348 00034
00000095 2013 12 26 14:00 15:00 61 1111 0073 10.84 1 1220 1 20140630114348 00034
00000096 2013 12 03 11:00 12:00 61 1111 0073 10.84 1 1220 1 20140630150537 00034
00000096 2013 12 17 11:00 12:00 61 1111 0073 10.84 1 1220 1 20140630150537 00034
00000096 2013 12 31 11:00 12:00 61 1111 0073 10.84 1 1220 1 20140630150537 00034
00000100 2013 12 05 16:00 17:00 61 1111 0073 10.84 1 1220 1 20140630172433 00034
00000100 2013 12 26 16:00 17:00 61 1111 0073 10.84 1 1220 1 20140630172433 00034
00000104 2013 12 02 10:15 11:15 61 1211 0073 10.84 1 2440 1 20140630181542 00034
00000107 2013 12 06 16:00 17:45 11 5211 0070 10.84 1 542 1 20140630191159 00034
00000107 2013 12 13 16:00 17:45 11 5211 0070 10.84 1 542 1 20140630191159 00034
00000107 2013 12 20 16:00 17:45 11 5211 0070 10.84 1 542 1 20140630191159 00034
00000107 2013 12 27 16:00 17:45 11 5211 0070 10.84 1 542 1 20140630191159 00034
00000110 2013 12 02 08:20 09:10 11 7311 0070 10.84 1 235 1 20140701111528 00034
00000110 2013 12 05 09:00 10:30 11 4211 0070 10.84 1 394 1 20140701111528 00034
00000110 2013 12 09 08:50 09:50 11 7311 0070 10.84 1 235 1 20140701111528 00034
00000110 2013 12 12 09:00 10:30 11 4211 0070 10.84 1 394 1 20140701111528 00034
00000110 2013 12 16 08:30 10:00 11 4211 0070 10.84 1 394 1 20140701111528 00034
00000110 2013 12 19 09:00 10:30 11 4211 0070 10.84 1 394 1 20140701111528 00034
00000110 2013 12 23 08:30 10:00 11 4211 0070 10.84 1 394 1 20140701111528 00034
00000110 2013 12 26 09:00 10:30 11 4211 0070 10.84 1 394 1 20140701111528 00034
00000110 2013 12 30 08:30 10:00 11 4211 0070 10.84 1 394 1 20140701111528 00034
00000114 2013 12 02 16:00 16:40 11 7211 0070 10.84 1 190 1 20140701140728 00034
00000114 2013 12 09 16:00 16:40 11 7211 0070 10.84 1 190 1 20140701140728 00034
00000114 2013 12 16 16:00 16:40 11 7211 0070 10.84 1 190 1 20140701140728 00034
00000114 2013 12 23 16:20 16:40 11 7211 0070 10.84 1 190 1 20140701140728 00034
00000114 2013 12 30 16:00 16:40 11 7211 0070 10.84 1 190 1 20140701140728 00034
00000117 2013 12 14 14:30 15:45 11 5111 0070 10.84 1 472 1 20140701154507 00034
00000117 2013 12 17 16:30 17:45 11 5111 0070 10.84 1 472 1 20140701154507 00034
00000117 2013 12 21 14:30 15:45 11 5111 0070 10.84 1 472 1 20140701154507 00034
00000117 2013 12 24 16:15 17:30 11 5111 0070 10.84 1 472 1 20140701154507 00034
00000117 2013 12 28 14:30 15:45 11 5111 0070 10.84 1 472 1 20140701154507 00034
00000117 2013 12 31 15:00 16:15 11 5111 0070 10.84 1 472 1 20140701154507 00034
00000118 2013 12 19 14:30 16:00 11 5111 0070 10.84 1 472 1 20140701160203 00034
00000118 2013 12 26 14:00 15:30 11 5111 0070 10.84 1 472 1 20140701160203 00034
00000120 2013 12 18 10:15 11:15 61 1111 0073 10.84 1 1220 1 20140701162107 00034
00000120 2013 12 27 11:00 12:00 61 1111 0073 10.84 1 1220 1 20140701162107 00034
