00000218 2012 02 00047 1 20141119190356 00078
00000218 2012 03 00047 1 20141119142547 00078
00000218 2012 04 00047 1 20140729154725 00078
00000218 2012 06 00047 1 20140729160550 00078
00000218 2012 07 00047 1 20140729161308 00078
00000218 2012 08 00047 1 20140729162453 00078
00000218 2012 09 00047 1 20140729163358 00078
00000218 2012 10 00047 1 20140729164151 00078
00000218 2012 11 00047 1 20140729164929 00078
00000218 2012 12 00047 1 20140729170441 00078
00000218 2013 01 00032 1 20140709135824 00078
00000218 2013 02 00032 1 20140709140440 00078
00000218 2013 03 00032 1 20140709141124 00078
00000218 2013 04 00032 1 20140709141738 00078
00000218 2013 05 00032 1 20140709142222 00078
00000218 2013 06 00032 1 20140709142902 00078
00000218 2013 07 00032 1 20140709143823 00078
00000218 2013 08 00032 1 20140709144851 00078
00000218 2013 09 00032 1 20140703155340 00078
00000218 2013 10 00032 1 20140703155913 00078
00000218 2013 11 00032 1 20140703160353 00078
00000218 2013 12 00032 1 20140703160810 00078
00000218 2014 01 00032 1 20140619153443 00078
00000218 2014 02 00032 1 20140619154138 00078
00000218 2014 03 00032 1 20140619154751 00078
00000218 2014 04 00032 1 20140619155225 00078
00000218 2014 05 00032 1 20140819111430 00078
00000218 2014 06 00047 1 20140701174748 00047
00000218 2014 07 00047 1 20140802140719 00047
00000218 2014 08 00047 1 20140901132201 00047
00000218 2014 09 00047 1 20141001140026 00047
00000218 2014 10 00047 1 20141103103020 00047
00000218 2014 11 00047 1 20141202123114 00047
00000218 2014 12 00047 1 20141117140714 00047
