00000079 2013 02 1 1 00030 1 20140725144854 00030
00000079 2013 03 1 1 00030 1 20140725145216 00030
00000079 2013 04 1 1 00030 1 20140725145540 00030
00000079 2013 05 1 1 00030 1 20140725145822 00030
00000079 2013 06 1 1 00030 1 20140725150216 00030
00000079 2013 07 1 1 00030 1 20140725150509 00030
00000079 2013 08 1 1 00030 1 20140725150928 00030
00000079 2013 09 1 1 00030 1 20140627144600 00030
00000079 2013 10 1 1 00030 1 20140627145009 00030
00000079 2013 11 1 1 00030 1 20140627145613 00030
00000079 2013 12 1 1 00030 1 20140627145922 00030
00000079 2014 01 1 1 00030 1 20140707174453 00078
00000079 2014 02 1 1 00030 1 20140616205043 00078
00000079 2014 03 1 1 00030 1 20140616205052 00078
00000079 2014 04 1 1 00030 1 20140616205100 00078
00000079 2014 05 1 1 00030 1 20140818104252 00030
00000079 2014 06 1 1 00030 1 20140703211943 00030
00000079 2014 07 1 1 00030 1 20140802173224 00030
00000079 2014 08 1 _ 00030 1 20140721165759 00030
00000079 2014 09 1 _ 00030 1 20140817164008 00030
