00001171 0070 2014 09 0000002 26 00038 _ 16:00 17:59 4 _ 0 5211 1 11 1 20140929210602 00035
00001171 0070 2014 09 0000003 29 00035 _ 13:45 15:44 4 _ 0 5211 1 11 1 20140929210602 00035
00001171 0070 2014 10 0000004 06 00038 _ 13:45 15:44 4 _ 0 5211 1 11 1 20141030200028 00035
00001171 0070 2014 10 0000005 02 00037 _ 14:30 16:29 4 _ 0 5211 1 11 1 20141030200028 00035
00001171 0070 2014 10 0000006 09 00037 _ 14:30 16:29 4 _ 0 5211 1 11 1 20141030200028 00035
00001171 0070 2014 10 0000007 21 00037 _ 16:00 17:59 4 _ 0 5211 1 11 1 20141030200028 00035
00001171 0070 2014 10 0000008 23 00037 _ 14:30 16:29 4 _ 0 5211 1 11 1 20141030200028 00035
00001171 0070 2014 10 0000009 26 00038 _ 13:30 15:29 4 _ 0 5211 1 11 1 20141030200028 00035
00001171 0070 2014 10 0000010 30 00037 _ 14:30 16:29 4 _ 0 _ 1 11 9 20141030193830 00035
00001171 0070 2014 10 0000011 30 00037 _ 14:30 16:29 4 _ 0 5211 1 11 1 20141030200028 00035
00001171 0070 2014 11 0000012 03 00037 _ 13:45 15:44 4 _ 0 5211 1 11 1 20141130151645 00038
00001171 0070 2014 11 0000013 10 00229 _ 13:45 15:44 4 _ 0 5211 1 11 1 20141130151645 00038
00001171 0070 2014 11 0000014 13 00229 _ 14:30 16:29 4 _ 0 5211 1 11 1 20141130151645 00038
00001171 0070 2014 11 0000015 17 00037 _ 13:45 15:44 4 _ 0 5211 1 11 1 20141130151645 00038
00001171 0070 2014 11 0000016 20 00229 _ 14:30 16:29 4 _ 0 5211 1 11 1 20141130151645 00038
00001171 0070 2014 11 0000017 24 00229 _ 13:45 15:44 4 _ 0 5211 1 11 1 20141130151645 00038
00001171 0070 2014 11 0000018 06 00229 _ 14:30 16:29 4 _ 0 5211 1 11 1 20141130151645 00038
00001171 0070 2014 11 0000019 28 00229 _ 16:00 17:59 4 _ 0 5211 1 11 1 20141130151645 00038
00001171 0070 2014 12 0000020 04 00229 _ 14:30 16:29 4 _ 0 5211 1 11 1 20141205190854 00037
