00000046 20111020 20111124 1 20140529000000 00078
00000046 20111028 20111124 1 20140529000000 00078
00000046 20111102 20111124 1 20140529000000 00078
00000046 20120330 20111124 1 20140529000000 00078
00000046 20121101 20111124 1 20140529000000 00078
00000046 20121102 20111124 1 20140529000000 00078
00000046 20130310 20111124 1 20140529000000 00078
00000046 20130408 20111124 1 20140529000000 00078
00000046 20130701 20130701 1 20140529000000 00078
00000046 20140301 20130701 1 20140529000000 00078
