000001412014051 00000141 2014 05 27 11 1211 14:00 14:45 0070 1 404 0 _ _ 1 1 20140811160937 24
000001412014052 00000141 2014 05 23 11 4001 14:00 14:45 0070 1 200 0 _ _ 1 1 20140811160937 24
000001412014053 00000141 2014 05 23 11 5111 14:00 15:05 0070 1 474 0 _ _ 1 1 20140811160937 24
000001412014053 00000141 2014 05 30 11 5111 14:00 15:05 0070 1 474 0 _ _ 1 1 20140811160937 24
000001412014054 00000141 2014 05 20 15 1241 09:00 12:15 0251 1 464 0 _ _ 1 1 20140811160937 24
000001412014054 00000141 2014 05 27 15 1241 09:00 12:15 0251 1 464 0 _ _ 1 1 20140811160937 24
000001412014055 00000141 2014 05 20 15 5052 _ _ 0251 1 50 0 _ _ 1 1 20140811160937 24
000001412014055 00000141 2014 05 27 15 5052 _ _ 0251 1 50 0 _ _ 1 1 20140811160937 24
000001412014061 00000141 2014 06 03 11 5111 14:00 15:05 0070 1 474 0 _ _ _ 1 20140703202444 11
000001412014062 00000141 2014 06 14 11 1211 15:30 16:15 0070 1 404 0 _ _ _ 1 20140703202444 11
000001412014062 00000141 2014 06 21 11 1211 15:30 16:15 0070 1 404 0 _ _ _ 1 20140703202444 11
000001412014062 00000141 2014 06 28 11 1211 15:30 16:15 0070 1 404 0 _ _ _ 1 20140703202444 11
000001412014063 00000141 2014 06 11 11 5111 15:30 16:35 0070 1 474 0 _ _ _ 1 20140703202444 11
000001412014063 00000141 2014 06 18 11 5111 15:30 16:35 0070 1 474 0 _ _ _ 1 20140703202444 11
000001412014063 00000141 2014 06 25 11 5111 15:30 16:35 0070 1 474 0 _ _ _ 1 20140703202444 11
000001412014064 00000141 2014 06 03 15 1241 09:00 12:15 0251 1 464 0 _ _ _ 1 20140703202444 11
000001412014064 00000141 2014 06 17 15 1241 09:00 12:15 0251 1 464 0 _ _ _ 1 20140703202444 11
000001412014064 00000141 2014 06 24 15 1241 09:00 12:15 0251 1 464 0 _ _ _ 1 20140703202444 11
000001412014065 00000141 2014 06 03 15 5052 _ _ 0251 1 50 0 _ _ _ 1 20140703202444 11
000001412014065 00000141 2014 06 17 15 5052 _ _ 0251 1 50 0 _ _ _ 1 20140703202444 11
000001412014065 00000141 2014 06 24 15 5052 _ _ 0251 1 50 0 _ _ _ 1 20140703202444 11
000001412014071 00000141 2014 07 05 11 1211 15:30 16:15 0070 1 404 0 _ _ _ 1 20140802153346 11
000001412014071 00000141 2014 07 12 11 1211 15:30 16:15 0070 1 404 0 _ _ _ 1 20140802153346 11
000001412014071 00000141 2014 07 19 11 1211 15:30 16:15 0070 1 404 0 _ _ _ 1 20140802153346 11
000001412014071 00000141 2014 07 26 11 1211 15:30 16:15 0070 1 404 0 _ _ _ 1 20140802153346 11
000001412014072 00000141 2014 07 02 11 5111 15:30 16:35 0070 1 474 0 _ _ _ 1 20140802153346 11
000001412014072 00000141 2014 07 09 11 5111 15:30 16:35 0070 1 474 0 _ _ _ 1 20140802153346 11
000001412014072 00000141 2014 07 16 11 5111 15:30 16:35 0070 1 474 0 _ _ _ 1 20140802153346 11
000001412014072 00000141 2014 07 23 11 5111 15:30 16:35 0070 1 474 0 _ _ _ 1 20140802153346 11
000001412014072 00000141 2014 07 30 11 5111 15:30 16:35 0070 1 474 0 _ _ _ 1 20140802153346 11
000001412014073 00000141 2014 07 01 15 1241 09:00 12:15 0251 1 464 0 _ _ _ 1 20140802153346 11
000001412014073 00000141 2014 07 08 15 1241 09:00 12:15 0251 1 464 0 _ _ _ 1 20140802153346 11
000001412014073 00000141 2014 07 15 15 1241 09:00 12:15 0251 1 464 0 _ _ _ 1 20140802153346 11
000001412014073 00000141 2014 07 22 15 1241 09:00 12:15 0251 1 464 0 _ _ _ 1 20140802153346 11
000001412014073 00000141 2014 07 29 15 1241 09:00 12:15 0251 1 464 0 _ _ _ 1 20140802153346 11
000001412014074 00000141 2014 07 01 15 5052 _ _ 0251 1 50 0 _ _ _ 1 20140802153346 11
000001412014074 00000141 2014 07 15 15 5052 _ _ 0251 1 50 0 _ _ _ 1 20140802153346 11
000001412014074 00000141 2014 07 22 15 5052 _ _ 0251 1 50 0 _ _ _ 1 20140802153346 11
000001412014074 00000141 2014 07 29 15 5052 _ _ 0251 1 50 0 _ _ _ 1 20140802153346 11
000001412014081 00000141 2014 08 02 11 1211 15:30 16:15 0070 1 404 0 _ _ 1 1 20140722230730 11
000001412014081 00000141 2014 08 09 11 1211 15:30 16:15 0070 1 404 0 _ _ 1 1 20140722230730 11
000001412014081 00000141 2014 08 16 11 1211 15:30 16:15 0070 1 404 0 _ _ 1 1 20140722230730 11
000001412014081 00000141 2014 08 23 11 1211 15:30 16:15 0070 1 404 0 _ _ 1 1 20140722230730 11
000001412014081 00000141 2014 08 30 11 1211 15:30 16:15 0070 1 404 0 _ _ 1 1 20140722230730 11
000001412014082 00000141 2014 08 06 11 5111 15:30 16:35 0070 1 474 0 _ _ 1 1 20140722230730 11
000001412014082 00000141 2014 08 13 11 5111 15:30 16:35 0070 1 474 0 _ _ 1 1 20140722230730 11
000001412014082 00000141 2014 08 20 11 5111 15:30 16:35 0070 1 474 0 _ _ 1 1 20140722230730 11
000001412014082 00000141 2014 08 27 11 5111 15:30 16:35 0070 1 474 0 _ _ 1 1 20140722230730 11
000001412014083 00000141 2014 08 05 15 1241 09:00 12:15 0251 1 464 0 _ _ 1 1 20140722230730 11
000001412014083 00000141 2014 08 12 15 1241 09:00 12:15 0251 1 464 0 _ _ 1 1 20140722230730 11
000001412014083 00000141 2014 08 19 15 1241 09:00 12:15 0251 1 464 0 _ _ 1 1 20140722230730 11
000001412014083 00000141 2014 08 26 15 1241 09:00 12:15 0251 1 464 0 _ _ 1 1 20140722230730 11
000001412014084 00000141 2014 08 05 15 5052 _ _ 0251 1 50 0 _ _ 1 1 20140722230730 11
000001412014084 00000141 2014 08 12 15 5052 _ _ 0251 1 50 0 _ _ 1 1 20140722230730 11
000001412014084 00000141 2014 08 19 15 5052 _ _ 0251 1 50 0 _ _ 1 1 20140722230730 11
000001412014084 00000141 2014 08 26 15 5052 _ _ 0251 1 50 0 _ _ 1 1 20140722230730 11
000001412014091 00000141 2014 09 06 11 1211 15:30 16:15 0070 1 404 0 _ _ _ 1 20140811160233 11
000001412014091 00000141 2014 09 13 11 1211 15:30 16:15 0070 1 404 0 _ _ _ 1 20140811160233 11
000001412014091 00000141 2014 09 20 11 1211 15:30 16:15 0070 1 404 0 _ _ _ 1 20140811160233 11
000001412014091 00000141 2014 09 27 11 1211 15:30 16:15 0070 1 404 0 _ _ _ 1 20140811160233 11
000001412014092 00000141 2014 09 03 11 5111 15:30 16:35 0070 1 474 0 _ _ _ 1 20140811160233 11
000001412014092 00000141 2014 09 10 11 5111 15:30 16:35 0070 1 474 0 _ _ _ 1 20140811160233 11
000001412014092 00000141 2014 09 17 11 5111 15:30 16:35 0070 1 474 0 _ _ _ 1 20140811160233 11
000001412014092 00000141 2014 09 24 11 5111 15:30 16:35 0070 1 474 0 _ _ _ 1 20140811160233 11
000001412014093 00000141 2014 09 02 15 1241 09:00 12:15 0251 1 464 0 _ _ _ 1 20140811160233 11
000001412014093 00000141 2014 09 09 15 1241 09:00 12:15 0251 1 464 0 _ _ _ 1 20140811160233 11
000001412014093 00000141 2014 09 16 15 1241 09:00 12:15 0251 1 464 0 _ _ _ 1 20140811160233 11
000001412014093 00000141 2014 09 23 15 1241 09:00 12:15 0251 1 464 0 _ _ _ 1 20140811160233 11
000001412014093 00000141 2014 09 30 15 1241 09:00 12:15 0251 1 464 0 _ _ _ 1 20140811160233 11
000001412014094 00000141 2014 09 02 15 5052 _ _ 0251 1 50 0 _ _ _ 1 20140811160233 11
000001412014094 00000141 2014 09 09 15 5052 _ _ 0251 1 50 0 _ _ _ 1 20140811160233 11
000001412014094 00000141 2014 09 16 15 5052 _ _ 0251 1 50 0 _ _ _ 1 20140811160233 11
000001412014094 00000141 2014 09 23 15 5052 _ _ 0251 1 50 0 _ _ _ 1 20140811160233 11
