000001672014041 00000167 2014 04 21 65 1111 13:30 16:30 0082 1 2115 0 _ _ 1 1 20140618104957 24
000001672014041 00000167 2014 04 28 65 1111 13:30 16:30 0082 1 2115 0 _ _ 1 1 20140618104957 24
000001672014042 00000167 2014 04 21 65 5002 _ _ 0082 1 225 0 _ _ 1 1 20140618104957 24
000001672014042 00000167 2014 04 28 65 5002 _ _ 0082 1 225 0 _ _ 1 1 20140618104957 24
000001672014051 00000167 2014 05 12 65 1111 13:30 16:30 0082 1 2115 0 _ _ 1 1 20140812164725 24
000001672014051 00000167 2014 05 19 65 1111 13:30 16:30 0082 1 2115 0 _ _ 1 1 20140812164725 24
000001672014051 00000167 2014 05 26 65 1111 13:30 16:30 0082 1 2115 0 _ _ 1 1 20140812164725 24
000001672014052 00000167 2014 05 12 65 5002 _ _ 0082 1 225 0 _ _ 1 1 20140812164725 24
000001672014052 00000167 2014 05 19 65 5002 _ _ 0082 1 225 0 _ _ 1 1 20140812164725 24
000001672014052 00000167 2014 05 26 65 5002 _ _ 0082 1 225 0 _ _ 1 1 20140812164725 24
000001672014061 00000167 2014 06 02 65 1111 13:30 16:30 0082 1 2115 0 _ _ 1 1 20140702152244 25
000001672014061 00000167 2014 06 09 65 1111 13:30 16:30 0082 1 2115 0 _ _ 1 1 20140702152244 25
000001672014061 00000167 2014 06 16 65 1111 13:30 16:30 0082 1 2115 0 _ _ 1 1 20140702152244 25
000001672014061 00000167 2014 06 23 65 1111 13:30 16:30 0082 1 2115 0 _ _ 1 1 20140702152244 25
000001672014061 00000167 2014 06 30 65 1111 13:30 16:30 0082 1 2115 0 _ _ 1 1 20140702152244 25
000001672014062 00000167 2014 06 02 65 5002 _ _ 0082 1 225 0 _ _ 1 1 20140702152244 25
000001672014062 00000167 2014 06 09 65 5002 _ _ 0082 1 225 0 _ _ 1 1 20140702152244 25
000001672014062 00000167 2014 06 16 65 5002 _ _ 0082 1 225 0 _ _ 1 1 20140702152244 25
000001672014062 00000167 2014 06 23 65 5002 _ _ 0082 1 225 0 _ _ 1 1 20140702152244 25
000001672014062 00000167 2014 06 30 65 5002 _ _ 0082 1 225 0 _ _ 1 1 20140702152244 25
000001672014071 00000167 2014 07 07 65 1111 13:30 16:30 0082 1 2115 0 _ _ 1 1 20140804110028 25
000001672014071 00000167 2014 07 14 65 1111 13:30 16:30 0082 1 2115 0 _ _ 1 1 20140804110028 25
000001672014071 00000167 2014 07 28 65 1111 13:30 16:30 0082 1 2115 0 _ _ 1 1 20140804110028 25
000001672014072 00000167 2014 07 07 65 5002 13:30 16:30 0082 1 225 0 _ _ 1 1 20140804110028 25
000001672014072 00000167 2014 07 14 65 5002 13:30 16:30 0082 1 225 0 _ _ 1 1 20140804110028 25
000001672014072 00000167 2014 07 28 65 5002 13:30 16:30 0082 1 225 0 _ _ 1 1 20140804110028 25
000001672014081 00000167 2014 08 04 65 1111 13:30 16:30 0082 1 2115 0 _ _ 1 1 20140721181941 25
000001672014081 00000167 2014 08 11 65 1111 13:30 16:30 0082 1 2115 0 _ _ 1 1 20140721181941 25
000001672014081 00000167 2014 08 18 65 1111 13:30 16:30 0082 1 2115 0 _ _ 1 1 20140721181941 25
000001672014081 00000167 2014 08 25 65 1111 13:30 16:30 0082 1 2115 0 _ _ 1 1 20140721181941 25
000001672014082 00000167 2014 08 04 65 5002 _ _ 0082 1 225 0 _ _ 1 1 20140721181941 25
000001672014082 00000167 2014 08 11 65 5002 _ _ 0082 1 225 0 _ _ 1 1 20140721181941 25
000001672014082 00000167 2014 08 18 65 5002 _ _ 0082 1 225 0 _ _ 1 1 20140721181941 25
000001672014082 00000167 2014 08 25 65 5002 _ _ 0082 1 225 0 _ _ 1 1 20140721181941 25
000001672014091 00000167 2014 09 01 65 1111 13:30 16:30 0082 1 2115 0 _ _ 1 1 20140815154216 25
000001672014091 00000167 2014 09 08 65 1111 13:30 16:30 0082 1 2115 0 _ _ 1 1 20140815154216 25
000001672014091 00000167 2014 09 22 65 1111 13:30 16:30 0082 1 2115 0 _ _ 1 1 20140815154216 25
000001672014091 00000167 2014 09 29 65 1111 13:30 16:30 0082 1 2115 0 _ _ 1 1 20140815154216 25
000001672014092 00000167 2014 09 01 65 5002 _ _ 0082 1 225 0 _ _ 1 1 20140815154216 25
000001672014092 00000167 2014 09 08 65 5002 _ _ 0082 1 225 0 _ _ 1 1 20140815154216 25
000001672014092 00000167 2014 09 22 65 5002 _ _ 0082 1 225 0 _ _ 1 1 20140815154216 25
000001672014092 00000167 2014 09 29 65 5002 _ _ 0082 1 225 0 _ _ 1 1 20140815154216 25
