00000134 00002 00002 05 26 5 平成26年5月8日 5 0 0 0 _ プラン通りに実施できています。入浴に必要な用具も揃っており、安全に入浴できています。 0 0 1 20140510153538 00014
00000134 00002 00003 05 _ _ _ 1 0 0 0 _ _ 0 0 1 20140510153538 00014
00000134 00002 00004 05 _ _ _ 1 0 0 0 _ _ 0 0 1 20140510153538 00014
00000134 00003 00002 05 26 6 平成26年6月26日 5 0 0 0 _ プラン通りに実施できています。やはり男性がサービスに入る度に「また男性なの～？」と少しご不満があるご様子です。介助に対しての拒否は見られず、「背中を流してよ」というご要望もありました。背中や足先など、手の届かない所をヘルパーが介助させて頂いております。その他の洗身、洗髪は、ご自分でされており、ほぼ見守りで対応しています。入浴中は海外旅行のことなどをヘルパーに楽しそうにお話をされています。\n16日ですが、歯の痛みが強く、入浴できないとご本人からお話あり、キャンセルとなりました。26日は、横浜総合病院口腔外科受診のため、「外出で疲れるからやめておきます」との事でキャンセルとなっています。 2 3 1 20140627161338 00014
00000134 00003 00003 05 _ _ _ 1 0 0 0 _ _ 0 0 1 20140627161338 00014
00000134 00003 00004 05 _ _ _ 1 0 0 0 _ _ 0 0 1 20140627161338 00014
00000134 00004 00002 05 26 6 平成26年6月26日 5 0 0 0 _ プラン通りに実施できています。やはり男性がサービスに入る度に「また男性なの～？」と少しご不満があるご様子です。介助に対しての拒否は見られず、「背中を流してよ」というご要望もありました。背中や足先など、手の届かない所をヘルパーが介助させて頂いております。その他の洗身、洗髪は、ご自分でされており、ほぼ見守りで対応しています。入浴中は海外旅行のことなどをヘルパーに楽しそうにお話をされています。\n16日ですが、歯の痛みが強く、入浴できないとご本人からお話あり、キャンセルとなりました。26日は、横浜総合病院口腔外科受診のため、「外出で疲れるからやめておきます」との事でキャンセルとなっています。 2 3 1 20140629112742 00014
00000134 00004 00003 05 _ _ _ 1 0 0 0 _ _ 0 0 1 20140629112742 00014
00000134 00004 00004 05 _ _ _ 1 0 0 0 _ _ 0 0 1 20140629112742 00014
00000134 00005 00002 05 26 6 平成26年6月26日 5 0 0 0 _ プラン通りに実施できています。やはり男性がサービスに入る度に「また男性なの～？」と少しご不満があるご様子です。介助に対しての拒否は見られず、「背中を流してよ」というご要望もありました。背中や足先など、手の届かない所をヘルパーが介助させて頂いております。その他の洗身、洗髪は、ご自分でされており、ほぼ見守りで対応しています。入浴中は海外旅行のことなどをヘルパーに楽しそうにお話をされています。\n16日ですが、歯の痛みが強く、入浴できないとご本人からお話あり、キャンセルとなりました。26日は、横浜総合病院口腔外科受診のため、「外出で疲れるからやめておきます」との事でキャンセルとなっています。30日ですが、当日の朝に居室にて転倒があり、医庵の受診し、医師から安静の指示がありましたので、入浴サービスキャンセルとなりました。 2 3 1 20140630143439 00014
00000134 00005 00003 05 _ _ _ 1 0 0 0 _ _ 0 0 1 20140630143439 00014
00000134 00005 00004 05 _ _ _ 1 0 0 0 _ _ 0 0 1 20140630143439 00014
00000134 00006 00002 05 26 6 平成26年6月26日 5 0 0 0 _ プラン通りに実施できています。やはり男性がサービスに入る度に「また男性なの～？」と少しご不満があるご様子です。介助に対しての拒否は見られず、「背中を流してよ」というご要望もありました。背中や足先など、手の届かない所をヘルパーが介助させて頂いております。その他の洗身、洗髪は、ご自分でされており、ほぼ見守りで対応しています。入浴中は海外旅行のことなどをヘルパーに楽しそうにお話をされています。\n16日ですが、歯の痛みが強く、入浴できないとご本人からお話あり、キャンセルとなりました。26日は、横浜総合病院口腔外科受診のため、「外出で疲れるからやめておきます」との事でキャンセルとなっています。30日は、当日の朝に居室にて転倒があり、医庵受診し、医師から安静の指示がありましたので、入浴サービスキャンセルとなりました。 2 3 1 20140730210040 00014
00000134 00006 00003 05 26 7 平成26年7月31日 3 0 0 0 _ 6/30(月)の転倒の影響で腰痛が続いており、腰背部の痛みが落ち着くまでは、しばらくシャワー浴で対応と看護師より指示が出ていますので、そのようにしています。血圧が高めのこともありました。7/21（月）の段階でもシャワー浴を継続しています。シャワー浴ですが、30分以上サービス時間がかかっているため、身体2で実績を上げています。\n7/22（火）腸閉塞により、急遽入院となりました。\nまた何かあればお知らせ下さい。 1 3 1 20140730210040 00014
00000134 00006 00004 05 _ _ _ 1 0 0 0 _ _ 0 0 1 20140730210040 00014
