000001052013101 00000105 2013 10 01 17 1001 1 _ _ 0001 1 2500 0 _ _ 1 20140630183718 24
000001052013102 00000105 2013 10 01 17 1003 1 _ _ 0058 1 900 0 _ _ 1 20140630183718 24
000001052013103 00000105 2013 10 01 17 1004 1 _ _ 0058 1 400 0 _ _ 1 20140630183718 24
000001052013104 00000105 2013 10 01 17 1004 1 _ _ 0058 1 50 0 _ _ 1 20140630183718 24
000001052013111 00000105 2013 11 01 17 1001 1 _ _ 0001 1 2500 0 _ _ 1 20140630184904 24
000001052013112 00000105 2013 11 01 17 1003 1 _ _ 0058 1 900 0 _ _ 1 20140630184904 24
000001052013113 00000105 2013 11 01 17 1004 1 _ _ 0058 1 400 0 _ _ 1 20140630184904 24
000001052013114 00000105 2013 11 01 17 1004 1 _ _ 0058 1 50 0 _ _ 1 20140630184904 24
000001052013121 00000105 2013 12 01 17 1001 1 _ _ 0001 1 1250 0 _ _ 1 20140630185136 24
000001052013122 00000105 2013 12 01 17 1003 1 _ _ 0058 1 450 0 _ _ 1 20140630185136 24
000001052013123 00000105 2013 12 01 17 1004 1 _ _ 0058 1 200 0 _ _ 1 20140630185136 24
000001052013124 00000105 2013 12 01 17 1004 1 _ _ 0058 1 25 0 _ _ 1 20140630185136 24
000001052014011 00000105 2014 01 24 17 1001 1 _ _ 0001 1 1250 0 _ _ 1 20140616171151 24
000001052014012 00000105 2014 01 25 17 1003 1 _ _ 0058 1 450 0 _ _ 1 20140616171151 24
000001052014013 00000105 2014 01 25 17 1004 1 _ _ 0058 1 25 0 _ _ 1 20140616171151 24
000001052014014 00000105 2014 01 25 17 1004 1 _ _ 0058 1 200 0 _ _ 1 20140616171151 24
000001052014021 00000105 2014 02 01 17 1001 1 _ _ 0001 1 2500 0 _ _ 1 20140616171309 24
000001052014022 00000105 2014 02 01 17 1003 1 _ _ 0058 1 900 0 _ _ 1 20140616171309 24
000001052014023 00000105 2014 02 01 17 1004 1 _ _ 0058 1 50 0 _ _ 1 20140616171309 24
000001052014024 00000105 2014 02 01 17 1004 1 _ _ 0058 1 400 0 _ _ 1 20140616171309 24
000001052014031 00000105 2014 03 01 17 1001 1 _ _ 0001 1 2500 0 _ _ 1 20140616171458 24
000001052014032 00000105 2014 03 01 17 1003 1 _ _ 0058 1 900 0 _ _ 1 20140616171458 24
000001052014033 00000105 2014 03 01 17 1004 1 _ _ 0058 1 50 0 _ _ 1 20140616171458 24
000001052014034 00000105 2014 03 01 17 1004 1 _ _ 0058 1 400 0 _ _ 1 20140616171458 24
000001052014041 00000105 2014 04 01 17 1001 1 _ _ 0001 1 2500 0 _ _ 1 20140616171628 24
