00000085 00002 00002 05 26 7 平成26年7月31日 2 0 0 0 _ ７月はめまい・耳鳴りの症状がひどいご様子でした。また、まぶしさに加え右目が明けずらくいとおっしゃっています。\n今まではめまいがあっても掃除機がけは済ませてくださっていましたが、２６日は入室時にNSが在室しており、血圧を測っていました。BP=131/54と平常でしたが、めまいひどく掃除機がけはヘルパーが行いました。\n８月１日の引越しは期待する半面準備で業者の対応や、ご自分で判断し決めていかなければならないことにお疲れのようでした。\n 0 3 1 20140731203323 00038
00000085 00002 00003 05 _ _ _ 1 0 0 0 _ _ 0 0 1 20140731203323 00038
00000085 00002 00004 05 _ _ _ 1 0 0 0 _ _ 0 0 1 20140731203323 00038
00000085 00003 00002 05 26 7 平成26年7月31日 2 0 0 0 _ ７月はめまい・耳鳴りの症状がひどいご様子でした。また、まぶしさに加え右目が明けずらいとおっしゃっています。\n今まではめまいがあっても掃除機がけは済ませてくださっていましたが、２６日は入室時にNSが在室しており、血圧を測っていました。BP=131/54と平常でしたが、めまいひどく掃除機がけはヘルパーが行いました。\n８月１日の転居は期待する半面、業者の対応などすべてご自分で判断しなければならないことにお疲れのようでした。\n 0 3 1 20140731203724 00038
00000085 00003 00003 05 _ _ _ 1 0 0 0 _ _ 0 0 1 20140731203724 00038
00000085 00003 00004 05 _ _ _ 1 0 0 0 _ _ 0 0 1 20140731203724 00038
00000085 00004 00002 05 26 7 平成26年7月31日 2 0 0 0 _ ７月はめまい・耳鳴りの症状がひどいご様子でした。また、目のまぶしさに加え右目が明けずらいとおっしゃっています。\n今まではめまいがあっても掃除機がけは済ませてくださっていましたが、２６日は入室時にNSが在室しており、血圧を測っていました。BP=131/54と平常でしたが、めまいひどく掃除機がけはヘルパーが行いました。\n８月１日の転居は期待する半面、業者の対応などすべてご自分で判断しなければならないことにお疲れのようでした。\n 0 3 1 20140802163407 00034
00000085 00004 00003 05 _ _ _ 1 0 0 0 _ _ 0 0 1 20140802163407 00034
00000085 00004 00004 05 _ _ _ 1 0 0 0 _ _ 0 0 1 20140802163407 00034
00000085 00005 00002 05 26 7 平成26年7月31日 2 0 0 0 _ ７月はめまい・耳鳴りの症状がひどいご様子でした。また、目のまぶしさに加え右目が明けずらいとおっしゃっています。\n今まではめまいがあっても掃除機がけは済ませてくださっていましたが、２６日は入室時にNSが在室しており、血圧を測っていました。BP=131/54と平常でしたが、めまいひどく掃除機がけはヘルパーが行いました。\n８月１日の転居は期待する半面、業者の対応などすべてご自分で判断しなければならないことにお疲れのようでした。\n 0 3 1 20140802163916 00034
00000085 00005 00003 05 _ _ _ 1 0 0 0 _ _ 0 0 1 20140802163916 00034
00000085 00005 00004 05 _ _ _ 1 0 0 0 _ _ 0 0 1 20140802163916 00034
00000085 00006 00002 05 26 7 平成26年7月31日 2 0 0 0 _ ７月はめまい・耳鳴りの症状がひどいご様子でした。また、目のまぶしさに加え右目が明けずらいとおっしゃっています。今まではめまいがあっても掃除機がけは済ませてくださっていましたが、２６日は入室時にNSが在室しており、血圧を測っていました。BP=131/54と平常でしたが、めまいひどく掃除機がけはヘルパーが行いました。８月１日の転居は期待する半面、業者の対応などすべてご自分で判断しなければならないことにお疲れのようでした。 0 3 1 20141004181343 00034
00000085 00006 00003 05 26 8 平成26年9月4日 2 0 0 0 _ １日に引越し終わりましたが、2日訪問時はまだ落ち着かなく緊張している様子でした。16日訪問時のお話によると、右耳がほとんど聞こえなくなり耳鼻科を受診されたそうです。処方された薬で少し良くなり、その薬がめまいにも少し効いているとのお話でした。23日は食欲がなく、無理をして昼食を少量召し上がったそうです。右目が明きにくい、めまい、耳鳴り、足の冷えなどの状態は続いていますが、掃除がけや部屋が広くなったからと雑巾がけをお手伝いしてくださいます。ヘルパー在室時、話題は限られていますがたくさんお話されます。 0 3 1 20141004181343 00034
00000085 00006 00004 05 26 9 平成26年9月27日 2 0 0 0 _ ２０日訪問時、ご本人が洗面所の掃除をされている時、右腕をレバーにぶつけ、表皮剥離がありましたが、すぐナースに処置してもらいました。２７日に皮膚科を受診し、悪化はしておらず、心配ないとのです。２７日訪問時のお話では、マリアンナ病院で脳のMRI検査を受けられたそうです。所見は年相応とのこと、めまいの原因となるものは見つからず、今後違う検査を行っていくとのお話でした。めまいや目のまぶしさ続いているようですが、サービス中は辛い顔を見せず、一緒に掃除を行っています。訪問時めまい・耳鳴り・目のまぶしさが続いていますが、ヘルパーと一緒に掃除を行うことができています。\n\n 0 3 1 20141004181343 00034
00000085 00007 00005 05 26 10 平成26年11月1日 2 0 0 0 _ 体調はめまい、ふらつき、耳鳴り、目のまぶしさ（目がくっついて開かない）、腰から脚にかけての痛みは続いています。\nベッドで休むのは楽だけれど良くなるわけではなく、動けなくなるといけないとの思いで、午前中に掃除機掛け、一緒に雑巾掛けして下さっています。部屋が広くなったこともあり、ヘルパーの気遣いもあると思います。\nシャワーチェアーを使用され自室でシャワー浴されています。\n体調悪い中でも、お一人での通院はできているようです。 0 3 1 20141201200411 00038
00000085 00007 00006 05 26 11 平成26年12月1日 2 0 1 0 _ １日は眼科を受診され、逆さまつ毛と角膜に傷がついているとのことで、目薬の処方があったそうです。右目が赤く充血していました。\n１１日に吐き気症状がありひろた内科受診したが、風邪ではなく原因が分からないとの事で、その後マリアンナ病院にて再びめまいの検査を始められています。\nめまい症状は続いており８日は掃除機もかけられないほどでしたが、他の日は掃除機がけと洗面台掃除まで済ませて下さっています。一人ではやる気がでないが、ヘルパーが来ることで頑張れるとおっしゃって下さいました。少し無理をしながらも共に行えています。\n 0 3 1 20141201200411 00038
00000085 00007 00007 05 _ _ _ 1 0 0 0 _ _ 0 0 1 20141201200411 00038
