1 00000085 2013 05 61 0073 グランクレール・ケアサービス横浜 1111 予防訪問介護Ⅰ 1220 0 1220 2 1220 0 1220 1220 0 10.84 13224 90 11901 1323 0 n n 0 1 20140725174259 00034
1 00000085 2013 06 61 0073 グランクレール・ケアサービス横浜 1111 予防訪問介護Ⅰ 1220 0 1220 5 1220 0 1220 1220 0 10.84 13224 90 11901 1323 0 n n 0 1 20140725174709 00034
1 00000085 2013 07 61 0073 グランクレール・ケアサービス横浜 1111 予防訪問介護Ⅰ 1220 0 1220 4 1220 0 1220 1220 0 10.84 13224 90 11901 1323 0 n n 0 1 20140725175119 00034
1 00000085 2013 08 61 0073 グランクレール・ケアサービス横浜 1111 予防訪問介護Ⅰ 1220 0 1220 5 1220 0 1220 1220 0 10.84 13224 90 11901 1323 0 n n 0 1 20140725175444 00034
1 00000085 2013 09 61 0073 グランクレール・ケアサービス横浜 1111 予防訪問介護Ⅰ 1220 0 1220 4 1220 0 1220 1220 0 10.84 13224 90 11901 1323 0 n n 0 1 20140728151049 00034
1 00000085 2013 10 61 0073 グランクレール・ケアサービス横浜 1111 予防訪問介護Ⅰ 1220 0 1220 4 1220 0 1220 1220 0 10.84 13224 90 11901 1323 0 n n 0 1 20140728151342 00034
1 00000085 2013 11 61 0073 グランクレール・ケアサービス横浜 1111 予防訪問介護Ⅰ 1220 0 1220 8 1220 0 1220 1220 0 10.84 13224 90 11901 1323 0 n n 0 1 20140728151743 00034
1 00000085 2013 12 61 0073 グランクレール・ケアサービス横浜 1111 予防訪問介護Ⅰ 1220 0 1220 4 1220 0 1220 1220 0 10.84 13224 90 11901 1323 0 n n 0 1 20140728152129 00034
1 00000085 2014 01 61 0073 グランクレール・ケアサービス横浜 1111 予防訪問介護Ⅰ 1220 0 1220 4 1220 0 1220 1220 0 10.84 13224 90 11901 1323 0 n n 0 1 20140613182735 00034
1 00000085 2014 02 61 0073 グランクレール・ケアサービス横浜 1111 予防訪問介護Ⅰ 1220 0 1220 2 1220 0 1220 1220 0 10.84 13224 90 11901 1323 0 n n 0 1 20140613183301 00034
1 00000085 2014 03 61 0073 グランクレール・ケアサービス横浜 1111 予防訪問介護Ⅰ 1220 0 1220 5 1220 0 1220 1220 0 10.84 13224 90 11901 1323 0 n n 0 1 20140613183526 00034
1 00000085 2014 04 61 0073 グランクレール・ケアサービス横浜 1111 予防訪問介護Ⅰ 1226 0 1226 4 1226 0 1226 1226 0 10.84 13289 90 11960 1329 0 n n 0 1 20140613183831 00034
1 00000085 2014 05 61 0073 グランクレール・ケアサービス横浜 1111 予防訪問介護Ⅰ 1226 0 1226 5 1226 0 1226 1226 0 10.84 13289 90 11960 1329 0 n n 0 1 20140818110935 00034
1 00000085 2014 06 61 0073 グランクレール・ケアサービス横浜 1111 予防訪問介護Ⅰ 1226 0 1226 4 1226 0 1226 1226 0 10.84 13289 90 11960 1329 0 n n 0 1 20140701100705 00078
1 00000085 2014 07 61 0073 グランクレール・ケアサービス横浜 1111 予防訪問介護Ⅰ 1226 0 1226 4 1226 0 1226 1226 0 10.84 13289 90 11960 1329 0 n n 0 1 20140801185515 00077
1 00000085 2014 08 61 0073 グランクレール・ケアサービス横浜 1111 予防訪問介護Ⅰ 1226 0 1226 5 1226 0 1226 1226 0 10.84 13289 90 11960 1329 0 n n 0 1 20140830202152 00038
1 00000085 2014 09 61 0073 グランクレール・ケアサービス横浜 1111 予防訪問介護Ⅰ 1226 0 1226 4 1226 0 1226 1226 0 10.84 13289 90 11960 1329 0 n n 0 1 20140927191857 00038
1 00000085 2014 10 61 0073 グランクレール・ケアサービス横浜 1111 予防訪問介護Ⅰ 1226 0 1226 4 1226 0 1226 1226 0 10.84 13289 90 11960 1329 0 n n 0 1 20141028194435 00035
1 00000085 2014 11 61 0073 グランクレール・ケアサービス横浜 1111 予防訪問介護Ⅰ 1226 0 1226 5 1226 0 1226 1226 0 10.84 13289 90 11960 1329 0 n n 0 1 20141130150332 00038
1 00000085 2014 12 61 0073 グランクレール・ケアサービス横浜 1111 予防訪問介護Ⅰ 1226 0 1226 4 1226 0 1226 1226 0 10.84 13289 90 11960 1329 0 n n 0 1 20141208151349 00171
2 00000085 2013 05 61 0073 グランクレール・ケアサービス横浜 6271 予防訪問介護処遇改善加算Ⅰ 49 0 49 1 49 0 49 49 0 10.84 531 90 477 54 0 a g 0 1 20140725174259 00034
2 00000085 2013 06 61 0073 グランクレール・ケアサービス横浜 6271 予防訪問介護処遇改善加算Ⅰ 49 0 49 1 49 0 49 49 0 10.84 531 90 477 54 0 a g 0 1 20140725174709 00034
2 00000085 2013 07 61 0073 グランクレール・ケアサービス横浜 6271 予防訪問介護処遇改善加算Ⅰ 49 0 49 1 49 0 49 49 0 10.84 531 90 477 54 0 a g 0 1 20140725175119 00034
2 00000085 2013 08 61 0073 グランクレール・ケアサービス横浜 6271 予防訪問介護処遇改善加算Ⅰ 49 0 49 1 49 0 49 49 0 10.84 531 90 477 54 0 a g 0 1 20140725175444 00034
2 00000085 2013 09 61 0073 グランクレール・ケアサービス横浜 6271 予防訪問介護処遇改善加算Ⅰ 49 0 49 1 49 0 49 49 0 10.84 531 90 477 54 0 a g 0 1 20140728151049 00034
2 00000085 2013 10 61 0073 グランクレール・ケアサービス横浜 6271 予防訪問介護処遇改善加算Ⅰ 49 0 49 1 49 0 49 49 0 10.84 531 90 477 54 0 a g 0 1 20140728151342 00034
2 00000085 2013 11 61 0073 グランクレール・ケアサービス横浜 6271 予防訪問介護処遇改善加算Ⅰ 49 0 49 1 49 0 49 49 0 10.84 531 90 477 54 0 a g 0 1 20140728151743 00034
2 00000085 2013 12 61 0073 グランクレール・ケアサービス横浜 6271 予防訪問介護処遇改善加算Ⅰ 49 0 49 1 49 0 49 49 0 10.84 531 90 477 54 0 a g 0 1 20140728152129 00034
2 00000085 2014 01 61 0073 グランクレール・ケアサービス横浜 6271 予防訪問介護処遇改善加算Ⅰ 49 0 49 1 49 0 49 49 0 10.84 531 90 477 54 0 a g 0 1 20140613182735 00034
2 00000085 2014 02 61 0073 グランクレール・ケアサービス横浜 6271 予防訪問介護処遇改善加算Ⅰ 49 0 49 1 49 0 49 49 0 10.84 531 90 477 54 0 a g 0 1 20140613183301 00034
2 00000085 2014 03 61 0073 グランクレール・ケアサービス横浜 6271 予防訪問介護処遇改善加算Ⅰ 49 0 49 1 49 0 49 49 0 10.84 531 90 477 54 0 a g 0 1 20140613183526 00034
2 00000085 2014 04 61 0073 グランクレール・ケアサービス横浜 6271 予防訪問介護処遇改善加算Ⅰ 49 0 49 1 49 0 49 49 0 10.84 531 90 477 54 0 a g 0 1 20140613183831 00034
2 00000085 2014 05 61 0073 グランクレール・ケアサービス横浜 6271 予防訪問介護処遇改善加算Ⅰ 49 0 49 1 49 0 49 49 0 10.84 531 90 477 54 0 a g 0 1 20140818110935 00034
2 00000085 2014 06 61 0073 グランクレール・ケアサービス横浜 6271 予防訪問介護処遇改善加算Ⅰ 49 0 49 1 49 0 49 49 0 10.84 531 90 477 54 0 a g 0 1 20140701100705 00078
2 00000085 2014 07 61 0073 グランクレール・ケアサービス横浜 6271 予防訪問介護処遇改善加算Ⅰ 49 0 49 1 49 0 49 49 0 10.84 531 90 477 54 0 a g 0 1 20140801185515 00077
2 00000085 2014 08 61 0073 グランクレール・ケアサービス横浜 6271 予防訪問介護処遇改善加算Ⅰ 49 0 49 1 49 0 49 49 0 10.84 531 90 477 54 0 a g 0 1 20140830202152 00038
2 00000085 2014 09 61 0073 グランクレール・ケアサービス横浜 6271 予防訪問介護処遇改善加算Ⅰ 49 0 49 1 49 0 49 49 0 10.84 531 90 477 54 0 a g 0 1 20140927191857 00038
2 00000085 2014 10 61 0073 グランクレール・ケアサービス横浜 6271 予防訪問介護処遇改善加算Ⅰ 49 0 49 1 49 0 49 49 0 10.84 531 90 477 54 0 a g 0 1 20141028194435 00035
2 00000085 2014 11 61 0073 グランクレール・ケアサービス横浜 6271 予防訪問介護処遇改善加算Ⅰ 49 0 49 1 49 0 49 49 0 10.84 531 90 477 54 0 a g 0 1 20141130150332 00038
2 00000085 2014 12 61 0073 グランクレール・ケアサービス横浜 6271 予防訪問介護処遇改善加算Ⅰ 49 0 49 1 49 0 49 49 0 10.84 531 90 477 54 0 a g 0 1 20141208151349 00171
