00000221 0029 2014 05 0000029 01 00049 _ 15:30 16:30 _ _ 0 7311 1 11 1 20140728180348 00078
00000221 0029 2014 05 0000030 08 00049 _ 16:30 17:30 _ _ 0 7311 1 11 1 20140728180348 00078
00000221 0029 2014 05 0000031 13 00050 _ 17:40 18:20 _ _ 0 7211 1 11 1 20140728180348 00078
00000221 0029 2014 05 0000032 22 000961 _ 13:00 13:59 _ _ 0 7311 1 11 1 20140728180348 00078
00000221 0029 2014 05 0000033 29 000961 _ 13:00 13:59 _ _ 0 7311 1 11 1 20140728180348 00078
00000221 0029 2014 06 0000002 05 00050 _ 13:20 14:19 _ _ 0 7311 1 11 1 20140701155914 00049
00000221 0029 2014 06 0000003 12 00052 _ 13:00 13:59 _ _ 0 7311 1 11 1 20140701155914 00049
00000221 0029 2014 06 0000004 19 00049 _ 13:00 13:59 _ _ 0 7311 1 11 1 20140701155914 00049
00000221 0029 2014 06 0000005 28 00050 _ 13:45 14:44 _ _ 0 7311 1 11 1 20140701155914 00049
00000221 0029 2014 07 0000006 04 00051 _ 13:30 14:29 2 _ 0 7311 1 11 1 20140802134927 00047
00000221 0029 2014 07 0000007 10 00052 _ 15:40 16:29 2 _ 0 7311 1 11 1 20140802134927 00047
00000221 0029 2014 07 0000008 17 00049 _ 13:00 13:59 2 _ 0 7311 1 11 1 20140802134927 00047
00000221 0029 2014 07 0000009 24 00052 _ 17:00 17:59 2 _ 0 7311 1 11 1 20140802134927 00047
00000221 0029 2014 07 0000010 31 _ _ _ _ _ _ 0 _ 1 11 9 20140731123233 00049
00000221 0029 2014 08 0000011 07 00051 _ 13:00 13:59 2 _ 0 7311 1 11 1 20140831140034 00049
00000221 0029 2014 08 0000012 12 00051 _ 17:00 17:59 2 _ 0 7311 1 11 1 20140831140034 00049
00000221 0029 2014 08 0000013 19 00051 _ 17:00 17:59 2 _ 0 7311 1 11 1 20140831140034 00049
00000221 0029 2014 08 0000014 26 00050 _ 17:20 18:19 2 _ 0 7311 1 11 1 20140831140034 00049
00000221 0029 2014 08 0000015 01 00052 _ 16:15 17:00 2 _ 0 7311 1 11 1 20140831140034 00049
00000221 0029 2014 09 0000016 10 00052 _ 15:30 16:29 2 _ 0 _ 1 11 9 20140930201604 00050
00000221 0029 2014 09 0000017 16 00048 _ 17:00 17:59 2 _ 0 7311 1 11 1 20140930204653 00049
00000221 0029 2014 09 0000018 23 _ _ _ _ 2 _ 0 _ 1 11 9 20140923190741 00049
00000221 0029 2014 09 0000019 30 _ _ _ _ _ _ 0 _ 1 11 9 20140929193937 00049
00000221 0029 2014 09 0000020 10 00052 _ 15:30 16:29 2 _ 0 7311 1 11 1 20140930204653 00049
00000221 0029 2014 10 0000021 01 00051 _ 14:10 15:09 2 _ 0 7311 1 11 1 20141031202401 00049
00000221 0029 2014 10 0000022 08 _ _ _ _ _ _ 0 _ 1 11 9 20141014102314 00049
00000221 0029 2014 10 0000023 15 _ _ _ _ _ _ 0 _ 1 11 9 20141021101018 00049
00000221 0029 2014 10 0000024 22 00048 _ 14:10 15:09 2 _ 0 7311 1 11 1 20141031202401 00049
00000221 0029 2014 10 0000025 29 00048 _ 14:10 15:09 2 _ 0 7311 1 11 1 20141031202401 00049
00000221 0029 2014 11 0000026 05 00052 _ 14:10 15:09 2 _ 0 7311 1 11 1 20141201121824 00049
00000221 0029 2014 11 0000027 12 _ _ _ _ _ _ 0 _ 1 11 9 20141114173142 00049
00000221 0029 2014 11 0000028 19 00052 _ 14:10 15:09 2 _ 0 7311 1 11 1 20141201121824 00049
00000221 0029 2014 11 0000029 26 00050 _ 15:40 16:39 2 _ 0 7311 1 11 1 20141201121824 00049
00000221 0029 2014 12 0000030 10 _ _ 14:10 15:09 2 _ 0 7311 1 11 1 20141205144553 00049
00000221 0029 2014 12 0000031 17 _ _ 14:10 15:09 2 _ 0 7311 1 11 1 20141205144553 00049
00000221 0029 2014 12 0000032 24 _ _ 14:10 15:09 2 _ 0 7311 1 11 1 20141205144553 00049
00000221 0029 2014 12 0000033 31 _ _ 14:10 15:09 2 _ 0 7311 1 11 1 20141205144553 00049
00000221 0107 2012 02 0000115 23 00101 _ 10:45 11:44 2 _ 0 1111 1 61 1 20141119182838 00078
00000221 0107 2012 03 0000112 08 00049 _ 10:45 11:44 4 _ 0 1111 1 61 1 20141119133945 00078
00000221 0107 2012 03 0000113 15 00049 _ 10:45 11:44 4 _ 0 1111 1 61 1 20141119133945 00078
00000221 0107 2012 03 0000114 22 00234 _ 10:45 11:44 4 _ 0 1111 1 61 1 20141119133945 00078
00000221 0107 2012 04 0000079 05 000961 _ 10:45 11:45 _ _ 0 1111 1 61 1 20140729182400 00078
00000221 0107 2012 04 0000080 12 00049 _ 10:45 11:45 _ _ 0 1111 1 61 1 20140729182400 00078
00000221 0107 2012 04 0000081 19 000961 _ 10:45 11:45 _ _ 0 1111 1 61 1 20140729182400 00078
00000221 0107 2012 04 0000082 26 00049 _ 10:45 11:45 _ _ 0 1111 1 61 1 20140729182400 00078
00000221 0107 2012 05 0000083 03 00049 _ 10:45 11:30 _ _ 0 1111 1 61 1 20140729182607 00078
00000221 0107 2012 05 0000084 17 000961 _ 10:45 11:30 _ _ 0 1111 1 61 1 20140729182607 00078
00000221 0107 2012 05 0000085 24 000961 _ 10:45 11:30 _ _ 0 1111 1 61 1 20140729182607 00078
00000221 0107 2012 05 0000086 31 000961 _ 10:45 11:30 _ _ 0 1111 1 61 1 20140729182607 00078
00000221 0107 2012 06 0000087 07 00050 _ 10:45 11:30 _ _ 0 1111 1 61 1 20140729183005 00078
00000221 0107 2012 06 0000088 14 00050 _ 10:45 11:30 _ _ 0 1111 1 61 1 20140729183005 00078
00000221 0107 2012 06 0000089 21 00049 _ 10:45 11:30 _ _ 0 1111 1 61 1 20140729183005 00078
00000221 0107 2012 06 0000090 28 00050 _ 10:45 11:30 _ _ 0 1111 1 61 1 20140729183005 00078
00000221 0107 2012 07 0000091 12 00101 _ 10:45 11:30 _ _ 0 1111 1 61 1 20140729183439 00078
00000221 0107 2012 07 0000092 19 00049 _ 10:45 11:30 _ _ 0 1111 1 61 1 20140729183439 00078
00000221 0107 2012 07 0000093 26 00050 _ 10:45 11:30 _ _ 0 1111 1 61 1 20140729183439 00078
00000221 0107 2012 08 0000094 02 00050 _ 10:45 11:30 _ _ 0 1111 1 61 1 20140729183853 00078
00000221 0107 2012 08 0000095 09 00049 _ 10:45 11:30 _ _ 0 1111 1 61 1 20140729183853 00078
00000221 0107 2012 08 0000096 16 00050 _ 10:45 11:30 _ _ 0 1111 1 61 1 20140729183853 00078
00000221 0107 2012 08 0000097 23 00050 _ 10:45 11:30 _ _ 0 1111 1 61 1 20140729183853 00078
00000221 0107 2012 08 0000098 30 00101 _ 10:45 11:30 _ _ 0 1111 1 61 1 20140729183853 00078
00000221 0107 2012 09 0000099 06 00050 _ 10:45 11:30 _ _ 0 1111 1 61 1 20140729184129 00078
00000221 0107 2012 09 0000100 13 00049 _ 10:45 11:30 _ _ 0 1111 1 61 1 20140729184129 00078
00000221 0107 2012 09 0000101 20 000961 _ 10:45 11:30 _ _ 0 1111 1 61 1 20140729184129 00078
00000221 0107 2012 09 0000102 27 00049 _ 10:45 11:30 _ _ 0 1111 1 61 1 20140729184129 00078
00000221 0107 2012 10 0000103 04 00049 _ 10:45 11:30 _ _ 0 1111 1 61 1 20140729184403 00078
00000221 0107 2012 10 0000104 11 00049 _ 10:45 11:30 _ _ 0 1111 1 61 1 20140729184403 00078
00000221 0107 2012 10 0000105 18 00050 _ 10:45 11:30 _ _ 0 1111 1 61 1 20140729184403 00078
00000221 0107 2012 11 0000106 01 000961 _ 10:45 11:30 _ _ 0 1111 1 61 1 20140729184631 00078
00000221 0107 2012 11 0000107 08 000961 _ 10:45 11:30 _ _ 0 1111 1 61 1 20140729184631 00078
00000221 0107 2012 12 0000108 06 00050 _ 10:45 11:30 _ _ 0 1111 1 61 1 20140729184936 00078
00000221 0107 2012 12 0000109 13 00050 _ 10:45 11:30 _ _ 0 1111 1 61 1 20140729184936 00078
00000221 0107 2012 12 0000110 20 00050 _ 10:45 11:30 _ _ 0 1111 1 61 1 20140729184936 00078
00000221 0107 2012 12 0000111 27 00051 _ 10:45 11:30 _ _ 0 1111 1 61 1 20140729184936 00078
00000221 0107 2013 01 0000049 03 00050 _ 10:45 11:29 _ _ 0 1111 1 61 1 20140709154643 00078
00000221 0107 2013 01 0000050 10 00049 _ 10:45 11:29 _ _ 0 1111 1 61 1 20140709154643 00078
00000221 0107 2013 01 0000051 17 00051 _ 10:45 11:29 _ _ 0 1111 1 61 1 20140709154643 00078
00000221 0107 2013 01 0000052 31 00049 _ 10:45 11:29 _ _ 0 1111 1 61 1 20140709154643 00078
00000221 0107 2013 02 0000053 07 00051 _ 10:45 11:29 _ _ 0 1111 1 61 1 20140709155128 00078
00000221 0107 2013 02 0000054 21 00051 _ 10:45 11:29 _ _ 0 1111 1 61 1 20140709155128 00078
00000221 0107 2013 02 0000055 28 00051 _ 10:45 11:29 _ _ 0 1111 1 61 1 20140709155128 00078
00000221 0107 2013 03 0000056 07 00049 _ 10:45 11:29 _ _ 0 1111 1 61 1 20140709155554 00078
00000221 0107 2013 03 0000057 14 00050 _ 10:45 11:29 _ _ 0 1111 1 61 1 20140709155554 00078
00000221 0107 2013 03 0000058 28 00050 _ 10:45 11:29 _ _ 0 1111 1 61 1 20140709155554 00078
00000221 0107 2013 04 0000059 04 00049 _ 10:30 11:30 _ _ 0 1111 1 61 1 20140709160051 00078
00000221 0107 2013 04 0000060 11 00051 _ 10:30 11:30 _ _ 0 1111 1 61 1 20140709160051 00078
00000221 0107 2013 04 0000061 18 00051 _ 10:30 11:30 _ _ 0 1111 1 61 1 20140709160051 00078
00000221 0107 2013 04 0000062 25 00050 _ 10:30 11:30 _ _ 0 1111 1 61 1 20140709160051 00078
00000221 0107 2013 05 0000063 02 00052 _ 10:30 11:30 _ _ 0 1111 1 61 1 20140709160451 00078
00000221 0107 2013 05 0000064 09 00052 _ 10:30 11:30 _ _ 0 1111 1 61 1 20140709160451 00078
00000221 0107 2013 05 0000065 16 00051 _ 10:30 11:30 _ _ 0 1111 1 61 1 20140709160451 00078
00000221 0107 2013 05 0000066 23 00051 _ 10:30 11:30 _ _ 0 1111 1 61 1 20140709160451 00078
00000221 0107 2013 05 0000067 30 00050 _ 10:30 11:30 _ _ 0 1111 1 61 1 20140709160451 00078
00000221 0107 2013 06 0000068 13 00050 _ 10:30 11:30 _ _ 0 1111 1 61 1 20140709160830 00078
00000221 0107 2013 06 0000069 20 00050 _ 10:30 11:30 _ _ 0 1111 1 61 1 20140709160830 00078
00000221 0107 2013 06 0000070 27 00050 _ 10:30 11:30 _ _ 0 1111 1 61 1 20140709160830 00078
00000221 0107 2013 07 0000071 04 00051 _ 10:30 11:30 _ _ 0 1111 1 61 1 20140709161133 00078
00000221 0107 2013 07 0000072 11 00050 _ 10:30 11:30 _ _ 0 1111 1 61 1 20140709161133 00078
00000221 0107 2013 07 0000073 18 00051 _ 10:30 11:30 _ _ 0 1111 1 61 1 20140709161133 00078
00000221 0107 2013 07 0000074 25 00050 _ 10:30 11:30 _ _ 0 1111 1 61 1 20140709161133 00078
00000221 0107 2013 08 0000075 08 00049 _ 10:30 11:30 _ _ 0 1111 1 61 1 20140709161415 00078
00000221 0107 2013 08 0000076 15 00049 _ 10:30 11:30 _ _ 0 1111 1 61 1 20140709161415 00078
00000221 0107 2013 08 0000077 22 00050 _ 10:30 11:30 _ _ 0 1111 1 61 1 20140709161415 00078
00000221 0107 2013 08 0000078 29 00050 _ 10:30 11:30 _ _ 0 1111 1 61 1 20140709161415 00078
00000221 0107 2013 09 0000034 05 00051 _ 10:30 11:30 _ _ 0 1111 1 61 1 20140703161113 00078
00000221 0107 2013 09 0000035 12 00050 _ 10:30 11:30 _ _ 0 1111 1 61 1 20140703161113 00078
00000221 0107 2013 09 0000036 19 00050 _ 10:30 11:30 _ _ 0 1111 1 61 1 20140703161113 00078
00000221 0107 2013 09 0000037 26 00049 _ 10:30 11:30 _ _ 0 1111 1 61 1 20140703161113 00078
00000221 0107 2013 10 0000038 03 00050 _ 10:30 11:30 _ _ 0 1111 1 61 1 20140703161311 00078
00000221 0107 2013 10 0000039 10 00051 _ 10:30 11:30 _ _ 0 1111 1 61 1 20140703161311 00078
00000221 0107 2013 10 0000040 17 00052 _ 10:30 11:30 _ _ 0 1111 1 61 1 20140703161311 00078
00000221 0107 2013 10 0000041 24 00052 _ 10:30 11:30 _ _ 0 1111 1 61 1 20140703161311 00078
00000221 0107 2013 10 0000042 31 00049 _ 10:30 11:30 _ _ 0 1111 1 61 1 20140703161311 00078
00000221 0107 2013 11 0000043 14 00050 _ 10:30 11:30 _ _ 0 1111 1 61 1 20140703161626 00078
00000221 0107 2013 11 0000044 21 00052 _ 10:30 11:30 _ _ 0 1111 1 61 1 20140703161626 00078
00000221 0107 2013 11 0000045 28 00050 _ 10:30 11:30 _ _ 0 1111 1 61 1 20140703161626 00078
00000221 0107 2013 12 0000046 12 00052 _ 10:30 11:30 _ _ 0 1111 1 61 1 20140703161937 00078
00000221 0107 2013 12 0000047 19 00052 _ 10:30 11:30 _ _ 0 1111 1 61 1 20140703161937 00078
00000221 0107 2013 12 0000048 26 00051 _ 10:30 11:30 _ _ 0 1111 1 61 1 20140703161937 00078
00000221 0107 2014 01 0000020 02 00049 _ 10:30 11:30 _ _ 0 1111 1 61 1 20140619155921 00078
00000221 0107 2014 01 0000021 09 00052 _ 10:30 11:30 _ _ 0 1111 1 61 1 20140619155921 00078
00000221 0107 2014 01 0000022 30 00052 _ 10:30 11:30 _ _ 0 1111 1 61 1 20140619155921 00078
00000221 0107 2014 02 0000023 13 00052 _ 10:30 11:30 _ _ 0 1111 1 61 1 20140619160234 00078
00000221 0107 2014 03 0000024 06 00050 _ 10:30 11:30 _ _ 0 1111 1 61 1 20140619160633 00078
00000221 0107 2014 03 0000025 13 00049 _ 10:30 11:30 _ _ 0 1111 1 61 1 20140619160633 00078
00000221 0107 2014 03 0000026 20 00051 _ 10:30 11:30 _ _ 0 1111 1 61 1 20140619160633 00078
00000221 0107 2014 04 0000027 03 00050 _ 10:30 11:30 _ _ 0 1111 1 61 1 20140619161039 00078
00000221 0107 2014 04 0000028 17 00050 _ 10:30 11:30 _ _ 0 1111 1 61 1 20140619161039 00078
