00000143 0070 2014 06 0000002 01 00017 _ 06:20 06:40 1 _ 0 1112 1 11 1 20140701102457 00078
00000143 0070 2014 06 0000003 01 00011 _ 19:20 19:40 1 _ 0 1112 1 11 1 20140701102457 00078
00000143 0070 2014 06 0000004 02 00019 _ 06:20 06:40 1 _ 0 1112 1 11 1 20140701102457 00078
00000143 0070 2014 06 0000005 03 00083 _ 06:20 06:40 1 _ 0 1112 1 11 1 20140701102457 00078
00000143 0070 2014 06 0000006 03 00082 _ 19:20 19:40 1 _ 0 1112 1 11 1 20140701102457 00078
00000143 0070 2014 06 0000007 04 00016 _ 06:20 06:40 1 _ 0 1112 1 11 1 20140701102457 00078
00000143 0070 2014 06 0000008 04 00011 00019 14:45 15:50 4 _ 0 5111 1 11 1 20140701102457 00078
00000143 0070 2014 06 0000009 04 00017 _ 19:20 19:40 1 _ 0 1112 1 11 1 20140701102457 00078
00000143 0070 2014 06 0000010 05 00015 _ 06:20 06:40 1 _ 0 1112 1 11 1 20140701102457 00078
00000143 0070 2014 06 0000011 05 00017 _ 19:20 19:40 1 _ 0 1112 1 11 1 20140701102457 00078
00000143 0070 2014 06 0000012 06 00082 _ 06:20 06:40 1 _ 0 1112 1 11 1 20140701102457 00078
00000143 0070 2014 06 0000013 06 00019 _ 19:20 19:40 1 _ 0 1112 1 11 1 20140701102457 00078
00000143 0070 2014 06 0000014 07 00017 _ 06:20 06:40 1 _ 0 1112 1 11 1 20140701102457 00078
00000143 0070 2014 06 0000015 07 00083 _ 19:20 19:40 1 _ 0 1112 1 11 1 20140701102457 00078
00000143 0070 2014 06 0000016 08 00019 _ 06:20 06:40 1 _ 0 1112 1 11 1 20140701102457 00078
00000143 0070 2014 06 0000017 08 00015 _ 19:20 19:40 1 _ 0 1112 1 11 1 20140701102457 00078
00000143 0070 2014 06 0000018 07 00016 _ 14:45 15:30 1 _ 0 1211 1 11 1 20140701102457 00078
00000143 0070 2014 06 0000019 09 00016 _ 06:20 06:40 1 _ 0 1112 1 11 1 20140701102457 00078
00000143 0070 2014 06 0000020 09 00015 _ 19:20 19:40 1 _ 0 1112 1 11 1 20140701102457 00078
00000143 0070 2014 06 0000021 10 00082 _ 06:20 06:40 1 _ 0 1112 1 11 1 20140701102457 00078
00000143 0070 2014 06 0000022 10 00017 _ 19:20 19:40 1 _ 0 1112 1 11 1 20140701102457 00078
00000143 0070 2014 06 0000023 11 00015 _ 06:20 06:40 1 _ 0 1112 1 11 1 20140701102457 00078
00000143 0070 2014 06 0000024 11 00019 00016 14:45 15:50 4 _ 0 5111 1 11 1 20140701102457 00078
00000143 0070 2014 06 0000025 11 00011 _ 19:20 19:40 1 _ 0 1112 1 11 1 20140701102457 00078
00000143 0070 2014 06 0000026 12 00017 _ 06:20 06:40 1 _ 0 1112 1 11 1 20140701102457 00078
00000143 0070 2014 06 0000027 12 00019 _ 19:20 19:40 1 _ 0 1112 1 11 1 20140701102457 00078
00000143 0070 2014 06 0000028 13 00083 _ 06:20 06:40 1 _ 0 1112 1 11 1 20140701102457 00078
00000143 0070 2014 06 0000029 13 00016 _ 19:20 19:40 1 _ 0 1112 1 11 1 20140701102457 00078
00000143 0070 2014 06 0000030 14 00019 _ 06:20 06:40 1 _ 0 1112 1 11 1 20140701102457 00078
00000143 0070 2014 06 0000031 14 00015 _ 14:45 15:30 1 _ 0 1211 1 11 1 20140701102457 00078
00000143 0070 2014 06 0000032 14 00082 _ 19:20 19:40 1 _ 0 1112 1 11 1 20140701102457 00078
00000143 0070 2014 06 0000033 15 00016 _ 06:20 06:40 1 _ 0 1112 1 11 1 20140701102457 00078
00000143 0070 2014 06 0000034 15 00015 _ 19:20 19:40 1 _ 0 1112 1 11 1 20140701102457 00078
00000143 0070 2014 06 0000035 16 00082 _ 06:20 06:40 1 _ 0 1112 1 11 1 20140701102457 00078
00000143 0070 2014 06 0000036 16 00019 _ 19:20 19:40 1 _ 0 1112 1 11 1 20140701102457 00078
00000143 0070 2014 06 0000037 17 00017 _ 06:20 06:40 1 _ 0 1112 1 11 1 20140701102457 00078
00000143 0070 2014 06 0000038 02 00082 _ 19:20 19:40 1 _ 0 1112 1 11 1 20140701102457 00078
00000143 0070 2014 06 0000039 18 00016 _ 19:20 19:40 1 _ 0 1112 1 11 1 20140701102457 00078
00000143 0070 2014 06 0000040 19 00083 _ 06:20 06:40 1 _ 0 1112 1 11 1 20140701102457 00078
00000143 0070 2014 06 0000041 19 00082 _ 19:20 19:40 1 _ 0 1112 1 11 1 20140701102457 00078
00000143 0070 2014 06 0000042 20 00016 _ 06:20 06:40 1 _ 0 1112 1 11 1 20140701102457 00078
00000143 0070 2014 06 0000043 17 00019 _ 19:20 19:40 1 _ 0 1112 1 11 1 20140701102457 00078
00000143 0070 2014 06 0000044 18 00015 _ 06:20 06:40 1 _ 0 1112 1 11 1 20140701102457 00078
00000143 0070 2014 06 0000045 18 00092 00082 14:45 15:50 4 _ 0 5111 1 11 1 20140701102457 00078
00000143 0070 2014 06 0000046 20 00019 _ 19:20 19:40 1 _ 0 1112 1 11 1 20140701102457 00078
00000143 0070 2014 06 0000047 21 00082 _ 06:20 06:40 1 _ 0 1112 1 11 1 20140701102457 00078
00000143 0070 2014 06 0000048 21 00083 _ 14:45 15:30 1 _ 0 1211 1 11 1 20140701102457 00078
00000143 0070 2014 06 0000049 21 00017 _ 19:20 19:40 1 _ 0 1112 1 11 1 20140701102457 00078
00000143 0070 2014 06 0000050 22 00011 _ 06:20 06:40 1 _ 0 1112 1 11 1 20140701102457 00078
00000143 0070 2014 06 0000051 22 00092 _ 19:20 19:40 1 _ 0 1112 1 11 1 20140701102457 00078
00000143 0070 2014 06 0000052 23 00083 _ 06:50 07:10 1 _ 0 1112 1 11 1 20140701102457 00078
00000143 0070 2014 06 0000053 23 00016 _ 19:20 19:40 1 _ 0 1112 1 11 1 20140701102457 00078
00000143 0070 2014 06 0000054 24 00015 _ 06:50 07:10 1 _ 0 1112 1 11 1 20140701102457 00078
00000143 0070 2014 06 0000055 24 00082 _ 19:20 19:40 1 _ 0 1112 1 11 1 20140701102457 00078
00000143 0070 2014 06 0000056 25 00019 _ 06:50 07:10 1 _ 0 1112 1 11 1 20140701102457 00078
00000143 0070 2014 06 0000057 25 00016 00083 14:45 15:50 4 _ 0 5111 1 11 1 20140701102457 00078
00000143 0070 2014 06 0000058 25 00082 _ 19:20 19:40 1 _ 0 1112 1 11 1 20140701102457 00078
00000143 0070 2014 06 0000059 26 00017 _ 06:50 07:10 1 _ 0 1112 1 11 1 20140701102457 00078
00000143 0070 2014 06 0000060 26 00083 _ 19:20 19:40 1 _ 0 1112 1 11 1 20140701102457 00078
00000143 0070 2014 06 0000061 27 00016 _ 06:50 07:10 1 _ 0 1112 1 11 1 20140701102457 00078
00000143 0070 2014 06 0000062 27 00015 _ 19:20 19:40 1 _ 0 1112 1 11 1 20140701102457 00078
00000143 0070 2014 06 0000063 28 00092 _ 06:50 07:10 1 _ 0 1112 1 11 1 20140701102457 00078
00000143 0070 2014 06 0000064 28 00017 _ 14:45 15:30 1 _ 0 1211 1 11 1 20140701102457 00078
00000143 0070 2014 06 0000065 28 00015 _ 19:20 19:40 1 _ 0 1112 1 11 1 20140701102457 00078
00000143 0070 2014 06 0000066 29 00019 _ 06:50 07:10 1 _ 0 1112 1 11 1 20140701102457 00078
00000143 0070 2014 06 0000067 29 00017 _ 19:20 19:40 1 _ 0 1112 1 11 1 20140701102457 00078
00000143 0070 2014 06 0000068 30 00015 _ 07:05 07:25 1 _ 0 1112 1 11 1 20140701102457 00078
00000143 0070 2014 06 0000069 30 00092 _ 19:20 19:40 1 _ 0 1112 1 11 1 20140701102457 00078
00000143 0070 2014 07 0000070 01 00017 _ 06:50 07:10 1 _ 0 1112 1 11 1 20140801112304 00034
00000143 0070 2014 07 0000071 01 00092 _ 19:20 19:40 1 _ 0 1112 1 11 1 20140801112304 00034
00000143 0070 2014 07 0000072 02 00083 _ 06:50 07:10 1 _ 0 1112 1 11 1 20140801112304 00034
00000143 0070 2014 07 0000073 02 00015 00019 14:00 15:05 4 _ 0 5111 1 11 1 20140801112304 00034
00000143 0070 2014 07 0000074 02 00082 _ 19:20 19:40 1 _ 0 1112 1 11 1 20140801112304 00034
00000143 0070 2014 07 0000075 03 00016 _ 06:50 07:10 1 _ 0 1112 1 11 1 20140801112304 00034
00000143 0070 2014 07 0000076 03 00015 _ 19:20 19:40 1 _ 0 1112 1 11 1 20140801112304 00034
00000143 0070 2014 07 0000077 04 00019 _ 06:50 07:10 1 _ 0 1112 1 11 1 20140801112304 00034
00000143 0070 2014 07 0000078 04 00017 _ 19:20 19:40 1 _ 0 1112 1 11 1 20140801112304 00034
00000143 0070 2014 07 0000079 05 00015 _ 06:50 07:10 1 _ 0 1112 1 11 1 20140801112304 00034
00000143 0070 2014 07 0000080 05 00016 _ 14:45 15:30 1 _ 0 1211 1 11 1 20140801112304 00034
00000143 0070 2014 07 0000081 05 00083 _ 19:20 19:40 1 _ 0 1112 1 11 1 20140801112304 00034
00000143 0070 2014 07 0000082 06 00092 _ 06:50 07:10 1 _ 0 1112 1 11 1 20140801112304 00034
00000143 0070 2014 07 0000083 06 00095 _ 19:20 19:40 1 _ 0 1112 1 11 1 20140801112304 00034
00000143 0070 2014 07 0000084 07 00082 _ 06:50 07:10 1 _ 0 1112 1 11 1 20140801112304 00034
00000143 0070 2014 07 0000085 07 00011 _ 19:20 19:40 1 _ 0 1112 1 11 1 20140801112304 00034
00000143 0070 2014 07 0000086 08 00083 _ 06:50 07:10 1 _ 0 1112 1 11 1 20140801112304 00034
00000143 0070 2014 07 0000087 08 00016 _ 19:20 19:40 1 _ 0 1112 1 11 1 20140801112304 00034
00000143 0070 2014 07 0000088 09 00019 _ 06:50 07:10 2 _ 0 1112 1 11 1 20140801112304 00034
00000143 0070 2014 07 0000089 09 00017 00082 14:45 15:50 1 _ 0 5111 1 11 1 20140801112304 00034
00000143 0070 2014 07 0000090 09 00092 _ 19:20 19:40 1 _ 0 1112 1 11 1 20140801112304 00034
00000143 0070 2014 07 0000091 10 00015 _ 06:50 07:10 1 _ 0 1112 1 11 1 20140801112304 00034
00000143 0070 2014 07 0000092 10 00017 _ 19:20 19:40 1 _ 0 1112 1 11 1 20140801112304 00034
00000143 0070 2014 07 0000093 11 00016 _ 06:50 07:10 1 _ 0 1112 1 11 1 20140801112304 00034
00000143 0070 2014 07 0000094 11 00095 _ 19:20 19:40 1 _ 0 1112 1 11 1 20140801112304 00034
00000143 0070 2014 07 0000095 12 00017 _ 06:50 07:10 1 _ 0 1112 1 11 1 20140801112304 00034
00000143 0070 2014 07 0000096 12 00082 _ 14:45 15:30 1 _ 0 1211 1 11 1 20140801112304 00034
00000143 0070 2014 07 0000097 12 00093 _ 19:20 19:40 1 _ 0 1112 1 11 1 20140801112304 00034
00000143 0070 2014 07 0000098 13 00092 _ 06:50 07:10 1 _ 0 1112 1 11 1 20140801112304 00034
00000143 0070 2014 07 0000099 13 00019 _ 19:20 19:40 1 _ 0 1112 1 11 1 20140801112304 00034
00000143 0070 2014 07 0000100 14 00082 _ 06:50 07:10 1 _ 0 1112 1 11 1 20140801112304 00034
00000143 0070 2014 07 0000101 14 00015 _ 19:20 19:40 1 _ 0 1112 1 11 1 20140801112304 00034
00000143 0070 2014 07 0000102 15 00016 _ 06:50 07:10 1 _ 0 1112 1 11 1 20140801112304 00034
00000143 0070 2014 07 0000103 15 00093 _ 19:20 19:40 1 _ 0 1112 1 11 1 20140801112304 00034
00000143 0070 2014 07 0000104 16 00015 _ 06:50 07:10 1 _ 0 1112 1 11 1 20140801112304 00034
00000143 0070 2014 07 0000105 16 00082 00095 14:45 15:50 4 _ 0 5111 1 11 1 20140801112304 00034
00000143 0070 2014 07 0000106 16 00092 _ 19:20 19:40 1 _ 0 1112 1 11 1 20140801112304 00034
00000143 0070 2014 07 0000107 17 00017 _ 06:50 07:10 1 _ 0 1112 1 11 1 20140801112304 00034
00000143 0070 2014 07 0000108 17 00095 _ 19:20 19:40 1 _ 0 1112 1 11 1 20140801112304 00034
00000143 0070 2014 07 0000109 18 00092 _ 06:50 07:10 1 _ 0 1112 1 11 1 20140801112304 00034
00000143 0070 2014 07 0000110 18 00093 _ 19:20 19:40 1 _ 0 1112 1 11 1 20140801112304 00034
00000143 0070 2014 07 0000111 19 00017 _ 14:45 15:30 1 _ 0 1211 1 11 1 20140801112304 00034
00000143 0070 2014 07 0000112 19 00093 _ 19:20 19:40 1 _ 0 1112 1 11 1 20140801112304 00034
00000143 0070 2014 07 0000113 20 00015 _ 06:50 07:10 1 _ 0 1112 1 11 1 20140801112304 00034
00000143 0070 2014 07 0000114 20 _ _ _ _ _ _ 0 _ 1 11 9 20140720102511 00014
00000143 0070 2014 07 0000115 19 00082 _ 06:50 07:10 1 _ 0 1112 1 11 1 20140801112304 00034
00000143 0070 2014 07 0000116 20 00095 _ 19:20 19:40 1 _ 0 1112 1 11 1 20140801112304 00034
00000143 0070 2014 07 0000117 21 00016 _ 06:50 07:10 1 _ 0 1112 1 11 1 20140801112304 00034
00000143 0070 2014 07 0000118 21 00095 _ 19:20 19:40 1 _ 0 1112 1 11 1 20140801112304 00034
00000143 0070 2014 07 0000119 22 00019 _ 06:50 07:10 1 _ 0 1112 1 11 1 20140801112304 00034
00000143 0070 2014 07 0000120 22 00083 _ 19:20 19:40 1 _ 0 1112 1 11 1 20140801112304 00034
00000143 0070 2014 07 0000121 23 00092 _ 06:50 07:10 1 _ 0 1112 1 11 1 20140801112304 00034
00000143 0070 2014 07 0000122 23 00016 00093 14:45 15:50 4 _ 0 5111 1 11 1 20140801112304 00034
00000143 0070 2014 07 0000123 23 00082 _ 19:20 19:40 1 _ 0 1112 1 11 1 20140801112304 00034
00000143 0070 2014 07 0000124 24 00017 _ 06:50 07:10 1 _ 0 1112 1 11 1 20140801112304 00034
00000143 0070 2014 07 0000125 24 00019 _ 19:20 19:40 1 _ 0 1112 1 11 1 20140801112304 00034
00000143 0070 2014 07 0000126 25 00082 _ 06:50 07:10 1 _ 0 1112 1 11 1 20140801112304 00034
00000143 0070 2014 07 0000127 25 00093 _ 19:20 19:40 1 _ 0 1112 1 11 1 20140801112304 00034
00000143 0070 2014 07 0000128 26 00083 _ 06:50 07:10 1 _ 0 1112 1 11 1 20140801112304 00034
00000143 0070 2014 07 0000129 26 00092 _ 14:45 15:30 1 _ 0 1211 1 11 1 20140801112304 00034
00000143 0070 2014 07 0000130 26 00093 _ 19:20 19:40 1 _ 0 1112 1 11 1 20140801112304 00034
00000143 0070 2014 07 0000131 27 00019 _ 06:50 07:10 1 _ 0 1112 1 11 1 20140801112304 00034
00000143 0070 2014 07 0000132 27 00016 _ 19:20 19:40 1 _ 0 1112 1 11 1 20140801112304 00034
00000143 0070 2014 07 0000133 28 00015 _ 06:50 07:10 1 _ 0 1112 1 11 1 20140801112304 00034
00000143 0070 2014 07 0000134 28 00095 _ 19:20 19:40 1 _ 0 1112 1 11 1 20140801112304 00034
00000143 0070 2014 07 0000135 29 00017 _ 06:50 07:10 1 _ 0 1112 1 11 1 20140801112304 00034
00000143 0070 2014 07 0000136 29 00095 _ 19:20 19:40 1 _ 0 1112 1 11 1 20140801112304 00034
00000143 0070 2014 07 0000137 30 00092 _ 06:50 07:10 1 _ 0 1112 1 11 1 20140801112304 00034
00000143 0070 2014 07 0000138 30 00096 00093 14:45 15:50 4 _ 0 5111 1 11 1 20140801112304 00034
00000143 0070 2014 07 0000139 30 00082 _ 19:20 19:40 1 _ 0 1112 1 11 1 20140801112304 00034
00000143 0070 2014 07 0000140 31 00016 _ 06:50 07:10 1 _ 0 1112 1 11 1 20140801112304 00034
00000143 0070 2014 07 0000141 31 00083 _ 19:20 19:40 1 _ 0 1112 1 11 1 20140801112304 00034
00000143 0070 2014 08 0000142 01 00019 _ 06:50 07:10 1 _ 0 1112 1 11 1 20140831213956 00014
00000143 0070 2014 08 0000143 01 00015 _ 19:20 19:40 1 _ 0 1112 1 11 1 20140831213956 00014
00000143 0070 2014 08 0000144 02 00082 _ 06:50 07:10 1 _ 0 1112 1 11 1 20140831213956 00014
00000143 0070 2014 08 0000145 02 00092 _ 14:45 15:30 1 _ 0 1211 1 11 1 20140831213956 00014
00000143 0070 2014 08 0000146 02 00015 _ 19:20 19:40 1 _ 0 1112 1 11 1 20140831213956 00014
00000143 0070 2014 08 0000147 03 00083 _ 06:50 07:10 1 _ 0 1112 1 11 1 20140831213956 00014
00000143 0070 2014 08 0000148 03 00093 _ 19:20 19:40 1 _ 0 1112 1 11 1 20140831213956 00014
00000143 0070 2014 08 0000149 04 00092 _ 06:50 07:10 1 _ 0 1112 1 11 1 20140831213956 00014
00000143 0070 2014 08 0000150 04 00093 _ 19:20 19:40 1 _ 0 1112 1 11 1 20140831213956 00014
00000143 0070 2014 08 0000151 05 00017 _ 06:50 07:10 1 _ 0 1112 1 11 1 20140831213956 00014
00000143 0070 2014 08 0000152 05 00015 _ 19:20 19:40 1 _ 0 1112 1 11 1 20140831213956 00014
00000143 0070 2014 08 0000153 06 00016 _ 06:50 07:10 1 _ 0 1112 1 11 1 20140831213956 00014
00000143 0070 2014 08 0000154 06 00093 00011 14:45 15:50 4 _ 0 5111 1 11 1 20140831213956 00014
00000143 0070 2014 08 0000155 06 00083 _ 19:20 19:40 1 _ 0 1112 1 11 1 20140831213956 00014
00000143 0070 2014 08 0000156 07 00015 _ 06:50 07:10 1 _ 0 1112 1 11 1 20140831213956 00014
00000143 0070 2014 08 0000157 07 00083 _ 19:20 19:40 1 _ 0 1112 1 11 1 20140831213956 00014
00000143 0070 2014 08 0000158 08 00082 _ 06:50 07:10 1 _ 0 1112 1 11 1 20140831213956 00014
00000143 0070 2014 08 0000159 08 00093 _ 19:20 19:40 1 _ 0 1112 1 11 1 20140831213956 00014
00000143 0070 2014 08 0000160 09 00019 _ 06:50 07:10 1 _ 0 1112 1 11 1 20140831213956 00014
00000143 0070 2014 08 0000161 09 00083 _ 14:45 15:30 1 _ 0 1211 1 11 1 20140831213956 00014
00000143 0070 2014 08 0000162 09 00017 _ 19:20 19:40 1 _ 0 1112 1 11 1 20140831213956 00014
00000143 0070 2014 08 0000163 10 00092 _ 06:50 07:10 1 _ 0 1112 1 11 1 20140831213956 00014
00000143 0070 2014 08 0000164 10 00096 _ 19:20 19:40 1 _ 0 1112 1 11 1 20140831213956 00014
00000143 0070 2014 08 0000165 11 00016 _ 06:50 07:10 1 _ 0 1112 1 11 1 20140831213956 00014
00000143 0070 2014 08 0000166 11 00093 _ 19:20 19:40 1 _ 0 1112 1 11 1 20140831213956 00014
00000143 0070 2014 08 0000167 12 00083 _ 06:50 07:10 1 _ 0 1112 1 11 1 20140831213956 00014
00000143 0070 2014 08 0000168 12 00082 _ 19:20 19:40 1 _ 0 1112 1 11 1 20140831213956 00014
00000143 0070 2014 08 0000169 13 00017 _ 06:50 07:10 1 _ 0 1112 1 11 1 20140831213956 00014
00000143 0070 2014 08 0000170 13 00016 00093 14:45 15:50 4 _ 0 5111 1 11 1 20140831213956 00014
00000143 0070 2014 08 0000171 13 00096 _ 19:20 19:40 1 _ 0 1112 1 11 1 20140831213956 00014
00000143 0070 2014 08 0000172 14 00019 _ 06:50 07:10 1 _ 0 1112 1 11 1 20140831213956 00014
00000143 0070 2014 08 0000173 14 00096 _ 19:20 19:40 1 _ 0 1112 1 11 1 20140831213956 00014
00000143 0070 2014 08 0000174 15 00016 _ 06:50 07:10 1 _ 0 1112 1 11 1 20140831213956 00014
00000143 0070 2014 08 0000175 15 00093 _ 19:20 19:40 1 _ 0 1112 1 11 1 20140831213956 00014
00000143 0070 2014 08 0000176 16 00092 _ 06:50 07:10 1 _ 0 1112 1 11 1 20140831213956 00014
00000143 0070 2014 08 0000177 16 00083 _ 14:45 15:30 1 _ 0 1211 1 11 1 20140831213956 00014
00000143 0070 2014 08 0000178 16 00082 _ 19:20 19:40 1 _ 0 1112 1 11 1 20140831213956 00014
00000143 0070 2014 08 0000179 17 00017 _ 06:50 07:10 1 _ 0 1112 1 11 1 20140831213956 00014
00000143 0070 2014 08 0000180 17 00082 _ 18:20 18:40 1 _ 0 1112 1 11 1 20140831213956 00014
00000143 0070 2014 08 0000181 18 00082 _ 06:50 07:10 1 _ 0 1112 1 11 1 20140831213956 00014
00000143 0070 2014 08 0000182 18 00016 _ 19:20 19:40 1 _ 0 1112 1 11 1 20140831213956 00014
00000143 0070 2014 08 0000183 19 00083 _ 06:50 07:10 1 _ 0 1112 1 11 1 20140831213956 00014
00000143 0070 2014 08 0000184 19 00092 _ 19:20 19:40 1 _ 0 1112 1 11 1 20140831213956 00014
00000143 0070 2014 08 0000185 20 00019 _ 06:50 07:10 1 _ 0 1112 1 11 1 20140831213956 00014
00000143 0070 2014 08 0000186 20 00096 00017 14:45 15:50 4 _ 0 5111 1 11 1 20140831213956 00014
00000143 0070 2014 08 0000187 20 00015 _ 19:20 19:40 1 _ 0 1112 1 11 1 20140831213956 00014
00000143 0070 2014 08 0000188 21 00092 _ 06:50 07:10 1 _ 0 1112 1 11 1 20140831213956 00014
00000143 0070 2014 08 0000189 21 00096 _ 19:20 19:40 1 _ 0 1112 1 11 1 20140831213956 00014
00000143 0070 2014 08 0000190 22 00016 _ 06:50 07:10 1 _ 0 1112 1 11 1 20140831213956 00014
00000143 0070 2014 08 0000191 22 00082 _ 19:20 19:40 1 _ 0 1112 1 11 1 20140831213956 00014
00000143 0070 2014 08 0000192 23 00015 _ 06:50 07:10 1 _ 0 1112 1 11 1 20140831213956 00014
00000143 0070 2014 08 0000193 23 00095 _ 14:45 15:30 1 _ 0 1211 1 11 1 20140831213956 00014
00000143 0070 2014 08 0000194 23 00092 _ 19:20 19:40 1 _ 0 1112 1 11 1 20140831213956 00014
00000143 0070 2014 08 0000195 24 00083 _ 06:50 07:10 1 _ 0 1112 1 11 1 20140831213956 00014
00000143 0070 2014 08 0000196 24 00019 _ 19:20 19:40 1 _ 0 1112 1 11 1 20140831213956 00014
00000143 0070 2014 08 0000197 25 00017 _ 06:50 07:10 1 _ 0 1112 1 11 1 20140831213956 00014
00000143 0070 2014 08 0000198 25 00082 _ 19:20 19:40 1 _ 0 1112 1 11 1 20140831213956 00014
00000143 0070 2014 08 0000199 26 00092 _ 06:50 07:10 1 _ 0 1112 1 11 1 20140831213956 00014
00000143 0070 2014 08 0000200 26 00096 _ 19:20 19:40 1 _ 0 1112 1 11 1 20140831213956 00014
00000143 0070 2014 08 0000201 27 00019 _ 06:50 07:10 1 _ 0 1112 1 11 1 20140831213956 00014
00000143 0070 2014 08 0000202 27 00095 00083 14:45 15:50 4 _ 0 5111 1 11 1 20140831213956 00014
00000143 0070 2014 08 0000203 27 00093 _ 19:20 19:40 1 _ 0 1112 1 11 1 20140831213956 00014
00000143 0070 2014 08 0000204 28 00015 _ 06:50 07:10 1 _ 0 1112 1 11 1 20140831213956 00014
00000143 0070 2014 08 0000205 28 00017 _ 19:20 19:40 1 _ 0 1112 1 11 1 20140831213956 00014
00000143 0070 2014 08 0000206 29 00083 _ 06:50 07:10 1 _ 0 1112 1 11 1 20140831213956 00014
00000143 0070 2014 08 0000207 29 00092 _ 19:20 19:40 1 _ 0 1112 1 11 1 20140831213956 00014
00000143 0070 2014 08 0000208 30 00017 _ 06:50 07:10 1 _ 0 1112 1 11 1 20140831213956 00014
00000143 0070 2014 08 0000209 30 00095 _ 14:45 15:30 1 _ 0 1211 1 11 1 20140831213956 00014
00000143 0070 2014 08 0000210 30 00093 _ 19:20 19:40 1 _ 0 1112 1 11 1 20140831213956 00014
00000143 0070 2014 08 0000211 31 00016 _ 06:50 07:10 1 _ 0 1112 1 11 1 20140831213956 00014
00000143 0070 2014 08 0000212 31 00096 _ 19:20 19:40 1 _ 0 1112 1 11 1 20140831213956 00014
00000143 0070 2014 09 0000213 01 00015 _ 06:50 07:10 1 _ 0 1112 1 11 1 20141001084314 00014
00000143 0070 2014 09 0000214 01 00019 _ 19:20 19:40 1 _ 0 1112 1 11 1 20141001084314 00014
00000143 0070 2014 09 0000215 02 00082 _ 06:50 07:10 1 _ 0 1112 1 11 1 20141001084314 00014
00000143 0070 2014 09 0000216 02 00011 _ 19:20 19:40 1 _ 0 1112 1 11 1 20141001084314 00014
00000143 0070 2014 09 0000217 03 00092 _ 06:50 07:10 1 _ 0 1112 1 11 1 20141001084314 00014
00000143 0070 2014 09 0000218 03 00015 00016 14:45 15:50 4 _ 0 5111 1 11 1 20141001084314 00014
00000143 0070 2014 09 0000219 03 00017 _ 19:20 19:40 1 _ 0 1112 1 11 1 20141001084314 00014
00000143 0070 2014 09 0000220 04 00019 _ 06:50 07:10 1 _ 0 1112 1 11 1 20141001084314 00014
00000143 0070 2014 09 0000221 04 00016 _ 19:20 19:40 1 _ 0 1112 1 11 1 20141001084314 00014
00000143 0070 2014 09 0000222 05 00015 _ 06:50 07:10 1 _ 0 1112 1 11 1 20141001084314 00014
00000143 0070 2014 09 0000223 05 00082 _ 19:20 19:40 1 _ 0 1112 1 11 1 20141001084314 00014
00000143 0070 2014 09 0000224 06 00017 _ 06:50 07:10 1 _ 0 1112 1 11 1 20141001084314 00014
00000143 0070 2014 09 0000225 06 00016 _ 10:00 10:45 1 _ 0 1211 1 11 1 20141001084314 00014
00000143 0070 2014 09 0000226 06 00092 _ 19:20 19:40 1 _ 0 1112 1 11 1 20141001084314 00014
00000143 0070 2014 09 0000227 07 00096 _ 06:50 07:10 1 _ 0 1112 1 11 1 20141001084314 00014
00000143 0070 2014 09 0000228 07 00095 _ 19:20 19:40 1 _ 0 1112 1 11 1 20141001084314 00014
00000143 0070 2014 09 0000229 08 00016 _ 06:50 07:10 1 _ 0 1112 1 11 1 20141001084314 00014
00000143 0070 2014 09 0000230 08 00015 _ 19:20 19:40 1 _ 0 1112 1 11 1 20141001084314 00014
00000143 0070 2014 09 0000231 09 00092 _ 06:50 07:10 1 _ 0 1112 1 11 1 20141001084314 00014
00000143 0070 2014 09 0000232 09 00019 _ 19:20 19:40 1 _ 0 1112 1 11 1 20141001084314 00014
00000143 0070 2014 09 0000233 10 00082 _ 06:50 07:10 1 _ 0 1112 1 11 1 20141001084314 00014
00000143 0070 2014 09 0000234 10 00083 00093 14:45 15:50 4 _ 0 5111 1 11 1 20141001084314 00014
00000143 0070 2014 09 0000235 10 00096 _ 19:20 19:40 1 _ 0 1112 1 11 1 20141001084314 00014
00000143 0070 2014 09 0000236 11 00015 _ 06:50 07:10 1 _ 0 1112 1 11 1 20141001084314 00014
00000143 0070 2014 09 0000237 11 00016 _ 19:20 19:40 1 _ 0 1112 1 11 1 20141001084314 00014
00000143 0070 2014 09 0000238 12 00019 _ 06:50 07:10 1 _ 0 1112 1 11 1 20141001084314 00014
00000143 0070 2014 09 0000239 12 00095 _ 19:20 19:40 1 _ 0 1112 1 11 1 20141001084314 00014
00000143 0070 2014 09 0000240 13 00017 _ 06:50 07:10 1 _ 0 1112 1 11 1 20141001084314 00014
00000143 0070 2014 09 0000241 13 00015 _ 14:45 15:30 1 _ 0 1211 1 11 1 20141001084314 00014
00000143 0070 2014 09 0000242 13 00092 _ 19:20 19:40 1 _ 0 1112 1 11 1 20141001084314 00014
00000143 0070 2014 09 0000243 14 00096 _ 06:50 07:10 1 _ 0 1112 1 11 1 20141001084314 00014
00000143 0070 2014 09 0000244 14 00019 _ 19:20 19:40 1 _ 0 1112 1 11 1 20141001084314 00014
00000143 0070 2014 09 0000245 15 00082 _ 06:50 07:10 1 _ 0 1112 1 11 1 20141001084314 00014
00000143 0070 2014 09 0000246 15 00019 _ 19:20 19:40 1 _ 0 1112 1 11 1 20141001084314 00014
00000143 0070 2014 09 0000247 16 00092 _ 06:50 07:10 1 _ 0 1112 1 11 1 20141001084314 00014
00000143 0070 2014 09 0000248 16 00016 _ 19:20 19:40 1 _ 0 1112 1 11 1 20141001084314 00014
00000143 0070 2014 09 0000249 17 00017 _ 06:50 07:10 1 _ 0 1112 1 11 1 20141001084314 00014
00000143 0070 2014 09 0000250 17 00083 00093 14:45 15:50 4 _ 0 5111 1 11 1 20141001084314 00014
00000143 0070 2014 09 0000251 17 00095 _ 19:20 19:40 1 _ 0 1112 1 11 1 20141001084314 00014
00000143 0070 2014 09 0000252 18 00019 _ 06:50 07:10 1 _ 0 1112 1 11 1 20141001084314 00014
00000143 0070 2014 09 0000253 18 00011 _ 19:20 19:40 1 _ 0 1112 1 11 1 20141001084314 00014
00000143 0070 2014 09 0000254 19 00015 _ 06:50 07:10 1 _ 0 1112 1 11 1 20141001084314 00014
00000143 0070 2014 09 0000255 19 00016 _ 19:20 19:40 1 _ 0 1112 1 11 1 20141001084314 00014
00000143 0070 2014 09 0000256 20 00083 _ 06:50 07:10 1 _ 0 1112 1 11 1 20141001084314 00014
00000143 0070 2014 09 0000257 20 00019 _ 14:45 15:30 1 _ 0 1211 1 11 1 20141001084314 00014
00000143 0070 2014 09 0000258 20 00082 _ 19:20 19:40 1 _ 0 1112 1 11 1 20141001084314 00014
00000143 0070 2014 09 0000259 21 00092 _ 06:50 07:10 1 _ 0 1112 1 11 1 20141001084314 00014
00000143 0070 2014 09 0000260 21 00095 _ 19:20 19:40 1 _ 0 1112 1 11 1 20141001084314 00014
00000143 0070 2014 09 0000261 22 00016 _ 06:50 07:10 1 _ 0 1112 1 11 1 20141001084314 00014
00000143 0070 2014 09 0000262 22 00019 _ 19:20 19:40 1 _ 0 1112 1 11 1 20141001084314 00014
00000143 0070 2014 09 0000263 23 00093 _ 06:50 07:10 1 _ 0 1112 1 11 1 20141001084314 00014
00000143 0070 2014 09 0000264 23 00015 _ 19:20 19:40 1 _ 0 1112 1 11 1 20141001084314 00014
00000143 0070 2014 09 0000265 24 00019 _ 06:50 07:10 1 _ 0 1112 1 11 1 20141001084314 00014
00000143 0070 2014 09 0000266 24 00016 00011 14:45 15:50 4 _ 0 5111 1 11 1 20141001084314 00014
00000143 0070 2014 09 0000267 24 00096 _ 19:20 19:40 1 _ 0 1112 1 11 1 20141001084314 00014
00000143 0070 2014 09 0000268 25 00015 _ 06:50 07:10 1 _ 0 1112 1 11 1 20141001084314 00014
00000143 0070 2014 09 0000269 25 00095 _ 19:20 19:40 1 _ 0 1112 1 11 1 20141001084314 00014
00000143 0070 2014 09 0000270 26 00083 _ 06:50 07:10 1 _ 0 1112 1 11 1 20141001084314 00014
00000143 0070 2014 09 0000271 26 00016 _ 19:20 19:40 1 _ 0 1112 1 11 1 20141001084314 00014
00000143 0070 2014 09 0000272 27 00017 _ 06:50 07:10 1 _ 0 1112 1 11 1 20141001084314 00014
00000143 0070 2014 09 0000273 27 00019 _ 14:45 15:30 1 _ 0 1211 1 11 1 20141001084314 00014
00000143 0070 2014 09 0000274 27 00082 _ 19:20 19:40 1 _ 0 1112 1 11 1 20141001084314 00014
00000143 0070 2014 09 0000275 28 00016 _ 06:50 07:10 1 _ 0 1112 1 11 1 20141001084314 00014
00000143 0070 2014 09 0000276 28 00093 _ 19:20 19:40 1 _ 0 1112 1 11 1 20141001084314 00014
00000143 0070 2014 09 0000277 29 00096 _ 06:50 07:10 1 _ 0 1112 1 11 1 20141001084314 00014
00000143 0070 2014 09 0000278 29 00095 _ 19:20 19:40 1 _ 0 1112 1 11 1 20141001084314 00014
00000143 0070 2014 09 0000279 30 00092 _ 06:50 07:10 1 _ 0 1112 1 11 1 20141001084314 00014
00000143 0070 2014 09 0000280 30 00011 _ 19:20 19:40 1 _ 0 1112 1 11 1 20141001084314 00014
00000143 0070 2014 10 0000281 01 00083 _ 06:50 07:10 1 _ 0 1112 1 11 1 20141101111917 00034
00000143 0070 2014 10 0000282 01 00015 00082 14:45 15:50 4 _ 0 5111 1 11 1 20141101111917 00034
00000143 0070 2014 10 0000283 01 00016 _ 19:20 19:40 1 _ 0 1112 1 11 1 20141101111917 00034
00000143 0070 2014 10 0000284 02 00093 _ 06:50 07:10 1 _ 0 1112 1 11 1 20141101111917 00034
00000143 0070 2014 10 0000285 02 00082 _ 19:20 19:40 1 _ 0 1112 1 11 1 20141101111917 00034
00000143 0070 2014 10 0000286 03 00017 _ 06:50 07:10 1 _ 0 1112 1 11 1 20141101111917 00034
00000143 0070 2014 10 0000287 03 00019 _ 19:20 19:40 1 _ 0 1112 1 11 1 20141101111917 00034
00000143 0070 2014 10 0000288 04 00016 _ 06:50 07:10 1 _ 0 1112 1 11 1 20141101111917 00034
00000143 0070 2014 10 0000289 04 00093 _ 14:45 15:30 1 _ 0 1211 1 11 1 20141101111917 00034
00000143 0070 2014 10 0000290 04 00095 _ 19:20 19:40 1 _ 0 1112 1 11 1 20141101111917 00034
00000143 0070 2014 10 0000291 05 00083 _ 06:50 07:10 1 _ 0 1112 1 11 1 20141101111917 00034
00000143 0070 2014 10 0000292 05 00015 _ 19:20 19:40 1 _ 0 1112 1 11 1 20141101111917 00034
00000143 0070 2014 10 0000293 06 00092 _ 06:50 07:10 1 _ 0 1112 1 11 1 20141101111917 00034
00000143 0070 2014 10 0000294 06 00096 _ 19:20 19:40 1 _ 0 1112 1 11 1 20141101111917 00034
00000143 0070 2014 10 0000295 07 00019 _ 06:50 07:10 1 _ 0 1112 1 11 1 20141101111917 00034
00000143 0070 2014 10 0000296 07 00082 _ 19:20 19:40 1 _ 0 1112 1 11 1 20141101111917 00034
00000143 0070 2014 10 0000297 08 00096 _ 06:50 07:10 1 _ 0 1112 1 11 1 20141101111917 00034
00000143 0070 2014 10 0000298 08 _ _ _ _ _ _ 0 _ 1 11 9 20141010214550 00014
00000143 0070 2014 10 0000299 08 00093 _ 19:20 19:40 1 _ 0 1112 1 11 1 20141101111917 00034
00000143 0070 2014 10 0000300 09 00082 _ 06:50 07:10 1 _ 0 1112 1 11 1 20141101111917 00034
00000143 0070 2014 10 0000301 09 00083 _ 19:20 19:40 1 _ 0 1112 1 11 1 20141101111917 00034
00000143 0070 2014 10 0000302 10 00093 _ 06:50 07:10 1 _ 0 1112 1 11 1 20141101111917 00034
00000143 0070 2014 10 0000303 10 00011 _ 19:20 19:40 1 _ 0 1112 1 11 1 20141101111917 00034
00000143 0070 2014 10 0000304 11 00092 _ 06:50 07:10 1 _ 0 1112 1 11 1 20141101111917 00034
00000143 0070 2014 10 0000305 11 00082 _ 14:45 15:30 1 _ 0 1211 1 11 1 20141101111917 00034
00000143 0070 2014 10 0000306 11 00015 _ 19:20 19:40 1 _ 0 1112 1 11 1 20141101111917 00034
00000143 0070 2014 10 0000307 12 00017 _ 06:50 07:10 1 _ 0 1112 1 11 1 20141101111917 00034
00000143 0070 2014 10 0000308 12 00019 _ 19:20 19:40 1 _ 0 1112 1 11 1 20141101111917 00034
00000143 0070 2014 10 0000309 13 00096 _ 06:50 07:10 1 _ 0 1112 1 11 1 20141101111917 00034
00000143 0070 2014 10 0000310 13 00093 _ 19:20 19:40 1 _ 0 1112 1 11 1 20141101111917 00034
00000143 0070 2014 10 0000311 14 00083 _ 06:50 07:10 1 _ 0 1112 1 11 1 20141101111917 00034
00000143 0070 2014 10 0000312 14 00095 _ 19:20 19:40 1 _ 0 1112 1 11 1 20141101111917 00034
00000143 0070 2014 10 0000313 15 00093 _ 06:50 07:10 1 _ 0 1112 1 11 1 20141101111917 00034
00000143 0070 2014 10 0000314 15 00096 00019 14:45 15:50 4 _ 0 5111 1 11 1 20141101111917 00034
00000143 0070 2014 10 0000315 15 00082 _ 19:20 19:40 1 _ 0 1112 1 11 1 20141101111917 00034
00000143 0070 2014 10 0000316 16 00016 _ 06:50 07:10 1 _ 0 1112 1 11 1 20141101111917 00034
00000143 0070 2014 10 0000317 16 00017 _ 19:20 19:40 1 _ 0 1112 1 11 1 20141101111917 00034
00000143 0070 2014 10 0000318 17 00019 _ 06:50 07:10 1 _ 0 1112 1 11 1 20141101111917 00034
00000143 0070 2014 10 0000319 17 00011 _ 19:20 19:40 1 _ 0 1112 1 11 1 20141101111917 00034
00000143 0070 2014 10 0000320 18 00017 _ 06:50 07:10 1 _ 0 1112 1 11 1 20141101111917 00034
00000143 0070 2014 10 0000321 18 00082 _ 14:45 15:30 1 _ 0 1211 1 11 1 20141101111917 00034
00000143 0070 2014 10 0000322 18 00083 _ 19:20 19:40 1 _ 0 1112 1 11 1 20141101111917 00034
00000143 0070 2014 10 0000323 19 00092 _ 06:50 07:10 1 _ 0 1112 1 11 1 20141101111917 00034
00000143 0070 2014 10 0000324 19 00095 _ 19:20 19:40 1 _ 0 1112 1 11 1 20141101111917 00034
00000143 0070 2014 10 0000325 20 00216 _ 06:50 07:10 1 _ 0 1112 1 11 1 20141101111917 00034
00000143 0070 2014 10 0000326 20 00016 _ 19:20 19:40 1 _ 0 1112 1 11 1 20141101111917 00034
00000143 0070 2014 10 0000327 21 00096 _ 06:50 07:10 1 _ 0 1112 1 11 1 20141101111917 00034
00000143 0070 2014 10 0000328 21 00093 _ 19:20 19:40 1 _ 0 1112 1 11 1 20141101111917 00034
00000143 0070 2014 10 0000329 22 00016 _ 06:50 07:10 1 _ 0 1112 1 11 1 20141101111917 00034
00000143 0070 2014 10 0000330 22 00092 00014 14:45 15:50 4 _ 0 5111 1 11 1 20141101111917 00034
00000143 0070 2014 10 0000331 22 00019 _ 19:20 19:40 1 _ 0 1112 1 11 1 20141101111917 00034
00000143 0070 2014 10 0000332 23 00093 _ 06:50 07:10 1 _ 0 1112 1 11 1 20141101111917 00034
00000143 0070 2014 10 0000333 23 00017 _ 19:20 19:40 1 _ 0 1112 1 11 1 20141101111917 00034
00000143 0070 2014 10 0000334 24 00015 _ 06:50 07:10 1 _ 0 1112 1 11 1 20141101111917 00034
00000143 0070 2014 10 0000335 24 00092 _ 19:20 19:40 1 _ 0 1112 1 11 1 20141101111917 00034
00000143 0070 2014 10 0000336 25 00216 _ 06:50 07:10 1 _ 0 1112 1 11 1 20141101111917 00034
00000143 0070 2014 10 0000337 25 00096 _ 14:45 15:30 1 _ 0 1211 1 11 1 20141101111917 00034
00000143 0070 2014 10 0000338 25 00083 _ 19:20 19:40 1 _ 0 1112 1 11 1 20141101111917 00034
00000143 0070 2014 10 0000339 26 00019 _ 06:50 07:10 1 _ 0 1112 1 11 1 20141101111917 00034
00000143 0070 2014 10 0000340 26 00011 _ 19:20 19:40 1 _ 0 1112 1 11 1 20141101111917 00034
00000143 0070 2014 10 0000341 27 00015 _ 06:50 07:10 1 _ 0 1112 1 11 1 20141101111917 00034
00000143 0070 2014 10 0000342 27 00017 _ 19:20 19:40 1 _ 0 1112 1 11 1 20141101111917 00034
00000143 0070 2014 10 0000343 28 00096 _ 06:50 07:10 1 _ 0 1112 1 11 1 20141101111917 00034
00000143 0070 2014 10 0000344 28 00082 _ 19:20 19:40 1 _ 0 1112 1 11 1 20141101111917 00034
00000143 0070 2014 10 0000345 29 00017 _ 06:50 07:10 1 _ 0 1112 1 11 1 20141101111917 00034
00000143 0070 2014 10 0000346 29 00015 00095 14:45 15:50 4 _ 0 5111 1 11 1 20141101111917 00034
00000143 0070 2014 10 0000347 29 00093 _ 19:20 19:40 1 _ 0 1112 1 11 1 20141101111917 00034
00000143 0070 2014 10 0000348 30 00216 _ 06:50 07:10 1 _ 0 1112 1 11 1 20141101111917 00034
00000143 0070 2014 10 0000349 30 00095 _ 19:20 19:40 1 _ 0 1112 1 11 1 20141101111917 00034
00000143 0070 2014 10 0000350 31 00083 _ 06:50 07:10 1 _ 0 1112 1 11 1 20141101111917 00034
00000143 0070 2014 10 0000351 31 00011 _ 19:20 19:40 1 _ 0 1112 1 11 1 20141101111917 00034
00000143 0070 2014 10 0000352 07 00083 00095 14:45 15:50 4 _ 0 5111 1 11 1 20141101111917 00034
00000143 0070 2014 11 0000353 01 00015 _ 06:50 07:10 1 _ 0 1112 1 11 1 20141130213327 00034
00000143 0070 2014 11 0000354 01 00096 _ 14:45 15:30 1 _ 0 1211 1 11 1 20141130213327 00034
00000143 0070 2014 11 0000355 01 00082 _ 19:20 19:40 1 _ 0 1112 1 11 1 20141130213327 00034
00000143 0070 2014 11 0000356 02 00216 _ 06:50 07:10 1 _ 0 1112 1 11 1 20141130213327 00034
00000143 0070 2014 11 0000357 02 00096 _ 19:20 19:40 1 _ 0 1112 1 11 1 20141130213327 00034
00000143 0070 2014 11 0000358 03 00017 _ 06:50 07:10 1 _ 0 1112 1 11 1 20141130213327 00034
00000143 0070 2014 11 0000359 03 00011 _ 19:20 19:40 1 _ 0 1112 1 11 1 20141130213327 00034
00000143 0070 2014 11 0000360 04 00083 _ 06:50 07:10 1 _ 0 1112 1 11 1 20141130213327 00034
00000143 0070 2014 11 0000361 04 00095 _ 19:20 19:40 1 _ 0 1112 1 11 1 20141130213327 00034
00000143 0070 2014 11 0000362 05 00216 _ 07:00 07:20 1 _ 0 1112 1 11 1 20141130213327 00034
00000143 0070 2014 11 0000363 05 00082 00096 14:45 15:50 4 _ 0 5111 1 11 1 20141130213327 00034
00000143 0070 2014 11 0000364 05 00016 _ 19:20 19:40 1 _ 0 1112 1 11 1 20141130213327 00034
00000143 0070 2014 11 0000365 06 00092 _ 06:50 07:10 1 _ 0 1112 1 11 1 20141130213327 00034
00000143 0070 2014 11 0000366 06 00093 _ 19:20 19:40 1 _ 0 1112 1 11 1 20141130213327 00034
00000143 0070 2014 11 0000367 07 00082 _ 06:50 07:10 1 _ 0 1112 1 11 1 20141130213327 00034
00000143 0070 2014 11 0000368 07 00017 _ 19:20 19:40 1 _ 0 1112 1 11 1 20141130213327 00034
00000143 0070 2014 11 0000369 08 00216 _ 06:50 07:10 1 _ 0 1112 1 11 1 20141130213327 00034
00000143 0070 2014 11 0000370 08 00092 _ 14:45 15:30 1 _ 0 1211 1 11 1 20141130213327 00034
00000143 0070 2014 11 0000371 08 00083 _ 19:20 19:40 1 _ 0 1112 1 11 1 20141130213327 00034
00000143 0070 2014 11 0000372 09 00093 _ 06:50 07:10 1 _ 0 1112 1 11 1 20141130213327 00034
00000143 0070 2014 11 0000373 09 00019 _ 19:20 19:40 1 _ 0 1112 1 11 1 20141130213327 00034
00000143 0070 2014 11 0000374 10 00083 _ 06:50 07:10 1 _ 0 1112 1 11 1 20141130213327 00034
00000143 0070 2014 11 0000375 10 00096 _ 19:20 19:40 1 _ 0 1112 1 11 1 20141130213327 00034
00000143 0070 2014 11 0000376 11 00216 _ 06:50 07:10 1 _ 0 1112 1 11 1 20141130213327 00034
00000143 0070 2014 11 0000377 11 00017 _ 19:20 19:40 1 _ 0 1112 1 11 1 20141130213327 00034
00000143 0070 2014 11 0000378 12 00016 _ 06:50 07:10 1 _ 0 1112 1 11 1 20141130213327 00034
00000143 0070 2014 11 0000379 12 00096 00082 14:45 15:50 4 _ 0 5111 1 11 1 20141130213327 00034
00000143 0070 2014 11 0000380 12 00095 _ 19:20 19:40 1 _ 0 1112 1 11 1 20141130213327 00034
00000143 0070 2014 11 0000381 13 00092 _ 06:50 07:10 1 _ 0 1112 1 11 1 20141130213327 00034
00000143 0070 2014 11 0000382 13 00019 _ 19:20 19:40 1 _ 0 1112 1 11 1 20141130213327 00034
00000143 0070 2014 11 0000383 14 00216 _ 06:50 07:10 1 _ 0 1112 1 11 1 20141130213327 00034
00000143 0070 2014 11 0000384 14 00082 _ 19:20 19:40 1 _ 0 1112 1 11 1 20141130213327 00034
00000143 0070 2014 11 0000385 15 00017 _ 06:50 07:10 1 _ 0 1112 1 11 1 20141130213327 00034
00000143 0070 2014 11 0000386 15 00015 _ 14:45 15:30 1 _ 0 1211 1 11 1 20141130213327 00034
00000143 0070 2014 11 0000387 15 00016 _ 19:20 19:40 1 _ 0 1112 1 11 1 20141130213327 00034
00000143 0070 2014 11 0000388 16 00216 _ 06:50 07:10 1 _ 0 1112 1 11 1 20141130213327 00034
00000143 0070 2014 11 0000389 16 00019 _ 19:10 19:30 1 _ 0 1112 1 11 1 20141130213327 00034
00000143 0070 2014 11 0000390 17 00096 _ 06:50 07:10 1 _ 0 1112 1 11 1 20141130213327 00034
00000143 0070 2014 11 0000391 17 00083 _ 19:20 19:40 1 _ 0 1112 1 11 1 20141130213327 00034
00000143 0070 2014 11 0000392 18 00082 _ 06:50 07:10 1 _ 0 1112 1 11 1 20141130213327 00034
00000143 0070 2014 11 0000393 18 00015 _ 19:20 19:40 1 _ 0 1112 1 11 1 20141130213327 00034
00000143 0070 2014 11 0000394 19 00216 _ 06:50 07:10 1 _ 0 1112 1 11 1 20141130213327 00034
00000143 0070 2014 11 0000395 19 00092 00096 14:45 15:50 4 _ 0 5111 1 11 1 20141130213327 00034
00000143 0070 2014 11 0000396 19 00095 _ 19:20 19:40 1 _ 0 1112 1 11 1 20141130213327 00034
00000143 0070 2014 11 0000397 20 00083 _ 06:50 07:10 1 _ 0 1112 1 11 1 20141130213327 00034
00000143 0070 2014 11 0000398 20 00017 _ 19:20 19:40 1 _ 0 1112 1 11 1 20141130213327 00034
00000143 0070 2014 11 0000399 21 00019 _ 06:50 07:10 1 _ 0 1112 1 11 1 20141130213327 00034
00000143 0070 2014 11 0000400 21 00092 _ 19:20 19:40 1 _ 0 1112 1 11 1 20141130213327 00034
00000143 0070 2014 11 0000401 22 00096 _ 06:50 07:10 1 _ 0 1112 1 11 1 20141130213327 00034
00000143 0070 2014 11 0000402 22 00095 _ 14:45 15:30 1 _ 0 1211 1 11 1 20141130213327 00034
00000143 0070 2014 11 0000403 22 00015 _ 19:20 19:40 1 _ 0 1112 1 11 1 20141130213327 00034
00000143 0070 2014 11 0000404 23 00093 _ 06:50 07:10 1 _ 0 1112 1 11 1 20141130213327 00034
00000143 0070 2014 11 0000405 23 00095 _ 19:20 19:40 1 _ 0 1112 1 11 1 20141130213327 00034
00000143 0070 2014 11 0000406 24 00092 _ 06:50 07:10 1 _ 0 1112 1 11 1 20141130213327 00034
00000143 0070 2014 11 0000407 24 00017 _ 19:20 19:40 1 _ 0 1112 1 11 1 20141130213327 00034
00000143 0070 2014 11 0000408 25 00216 _ 06:50 07:10 1 _ 0 1112 1 11 1 20141130213327 00034
00000143 0070 2014 11 0000409 25 00082 _ 19:20 19:40 1 _ 0 1112 1 11 1 20141130213327 00034
00000143 0070 2014 11 0000410 26 00019 _ 06:50 07:10 1 _ 0 1112 1 11 1 20141130213327 00034
00000143 0070 2014 11 0000411 26 00016 00011 14:45 15:50 4 _ 0 5111 1 11 1 20141130213327 00034
00000143 0070 2014 11 0000412 26 00017 _ 19:20 19:40 1 _ 0 1112 1 11 1 20141130213327 00034
00000143 0070 2014 11 0000413 27 00015 _ 06:50 07:10 1 _ 0 1112 1 11 1 20141130213327 00034
00000143 0070 2014 11 0000414 27 00092 _ 19:20 19:40 1 _ 0 1112 1 11 1 20141130213327 00034
00000143 0070 2014 11 0000415 28 00017 _ 06:50 07:10 1 _ 0 1112 1 11 1 20141130213327 00034
00000143 0070 2014 11 0000416 28 00093 _ 19:20 19:40 1 _ 0 1112 1 11 1 20141130213327 00034
00000143 0070 2014 11 0000417 29 00216 _ 06:50 07:10 1 _ 0 1112 1 11 1 20141130213327 00034
00000143 0070 2014 11 0000418 29 00096 _ 14:45 15:30 1 _ 0 1211 1 11 1 20141130213327 00034
00000143 0070 2014 11 0000419 29 00019 _ 19:20 19:40 1 _ 0 1112 1 11 1 20141130213327 00034
00000143 0070 2014 11 0000420 30 00092 _ 06:50 07:10 1 _ 0 1112 1 11 1 20141130213327 00034
00000143 0070 2014 11 0000421 30 00095 _ 19:20 19:40 1 _ 0 1112 1 11 1 20141130213327 00034
00000143 0070 2014 12 0000422 01 00216 _ 06:50 07:10 1 _ 0 1112 1 11 1 20141210171948 00014
00000143 0070 2014 12 0000423 01 00214 _ 19:20 19:40 1 _ 0 1112 1 11 1 20141210171948 00014
00000143 0070 2014 12 0000424 02 00019 _ 06:50 07:10 1 _ 0 1112 1 11 1 20141210171948 00014
00000143 0070 2014 12 0000425 02 00017 _ 19:20 19:40 1 _ 0 1112 1 11 1 20141210171948 00014
00000143 0070 2014 12 0000426 03 00216 _ 06:50 07:10 1 _ 0 1112 1 11 1 20141210171948 00014
00000143 0070 2014 12 0000427 03 00016 00093 14:45 15:50 4 _ 0 5111 1 11 1 20141210171948 00014
00000143 0070 2014 12 0000428 03 00082 _ 19:20 19:40 1 _ 0 1112 1 11 1 20141210171948 00014
00000143 0070 2014 12 0000429 04 00017 _ 07:00 07:20 1 _ 0 1112 1 11 1 20141210171948 00014
00000143 0070 2014 12 0000430 04 00015 _ 19:20 19:40 1 _ 0 1112 1 11 1 20141210171948 00014
00000143 0070 2014 12 0000431 05 00096 _ 06:50 07:10 1 _ 0 1112 1 11 1 20141210171948 00014
00000143 0070 2014 12 0000432 05 00083 _ 19:20 19:40 1 _ 0 1112 1 11 1 20141210171948 00014
00000143 0070 2014 12 0000433 06 00216 _ 06:50 07:10 1 _ 0 1112 1 11 1 20141210171948 00014
00000143 0070 2014 12 0000434 06 00011 _ 14:45 15:30 1 _ 0 1211 1 11 1 20141210171948 00014
00000143 0070 2014 12 0000435 06 00214 _ 19:20 19:40 1 _ 0 1112 1 11 1 20141210171948 00014
00000143 0070 2014 12 0000436 07 00017 _ 06:50 07:10 1 _ 0 1112 1 11 1 20141210171948 00014
00000143 0070 2014 12 0000437 07 00011 _ 19:20 19:40 1 _ 0 1112 1 11 1 20141210171948 00014
00000143 0070 2014 12 0000438 08 00083 _ 06:50 07:10 1 _ 0 1112 1 11 1 20141210171948 00014
00000143 0070 2014 12 0000439 08 00016 _ 19:20 19:40 1 _ 0 1112 1 11 1 20141210171948 00014
00000143 0070 2014 12 0000440 09 00216 _ 06:50 07:10 1 _ 0 1112 1 11 1 20141210171948 00014
00000143 0070 2014 12 0000441 09 00015 _ 19:20 19:40 1 _ 0 1112 1 11 1 20141210171948 00014
00000143 0070 2014 12 0000442 10 00016 _ 06:50 07:10 1 _ 0 1112 1 11 1 20141210171948 00014
00000143 0070 2014 12 0000443 10 _ _ 14:45 15:50 4 _ 0 5111 1 11 1 20141210171948 00014
00000143 0070 2014 12 0000444 10 _ _ 19:20 19:40 1 _ 0 1112 1 11 1 20141210171948 00014
00000143 0070 2014 12 0000445 11 _ _ 06:50 07:10 1 _ 0 1112 1 11 1 20141210171948 00014
00000143 0070 2014 12 0000446 11 _ _ 19:20 19:40 1 _ 0 1112 1 11 1 20141210171948 00014
00000143 0070 2014 12 0000447 12 _ _ 06:50 07:10 1 _ 0 1112 1 11 1 20141210171948 00014
00000143 0070 2014 12 0000448 12 _ _ 19:20 19:40 1 _ 0 1112 1 11 1 20141210171948 00014
00000143 0070 2014 12 0000449 13 _ _ 06:50 07:10 1 _ 0 1112 1 11 1 20141210171948 00014
00000143 0070 2014 12 0000450 13 _ _ 14:45 15:30 1 _ 0 1211 1 11 1 20141210171948 00014
00000143 0070 2014 12 0000451 13 _ _ 19:20 19:40 1 _ 0 1112 1 11 1 20141210171948 00014
00000143 0070 2014 12 0000452 14 _ _ 06:50 07:10 1 _ 0 1112 1 11 1 20141210171948 00014
00000143 0070 2014 12 0000453 14 _ _ 19:20 19:40 1 _ 0 1112 1 11 1 20141210171948 00014
00000143 0070 2014 12 0000454 15 _ _ 06:50 07:10 1 _ 0 1112 1 11 1 20141210171948 00014
00000143 0070 2014 12 0000455 15 _ _ 19:20 19:40 1 _ 0 1112 1 11 1 20141210171948 00014
00000143 0070 2014 12 0000456 16 _ _ 06:50 07:10 1 _ 0 1112 1 11 1 20141210171948 00014
00000143 0070 2014 12 0000457 16 _ _ 19:20 19:40 1 _ 0 1112 1 11 1 20141210171948 00014
00000143 0070 2014 12 0000458 17 _ _ 06:50 07:10 1 _ 0 1112 1 11 1 20141210171948 00014
00000143 0070 2014 12 0000459 17 _ _ 14:45 15:50 4 _ 0 5111 1 11 1 20141210171948 00014
00000143 0070 2014 12 0000460 17 _ _ 19:20 19:40 1 _ 0 1112 1 11 1 20141210171948 00014
00000143 0070 2014 12 0000461 18 _ _ 06:50 07:10 1 _ 0 1112 1 11 1 20141210171948 00014
00000143 0070 2014 12 0000462 18 _ _ 19:20 19:40 1 _ 0 1112 1 11 1 20141210171948 00014
00000143 0070 2014 12 0000463 19 _ _ 06:50 07:10 1 _ 0 1112 1 11 1 20141210171948 00014
00000143 0070 2014 12 0000464 19 _ _ 19:20 19:40 1 _ 0 1112 1 11 1 20141210171948 00014
00000143 0070 2014 12 0000465 20 _ _ 06:50 07:10 1 _ 0 1112 1 11 1 20141210171948 00014
00000143 0070 2014 12 0000466 20 _ _ 14:45 15:30 1 _ 0 1211 1 11 1 20141210171948 00014
00000143 0070 2014 12 0000467 20 _ _ 19:20 19:40 1 _ 0 1112 1 11 1 20141210171948 00014
00000143 0070 2014 12 0000468 21 _ _ 06:50 07:10 1 _ 0 1112 1 11 1 20141210171948 00014
00000143 0070 2014 12 0000469 21 _ _ 19:20 19:40 1 _ 0 1112 1 11 1 20141210171948 00014
00000143 0070 2014 12 0000470 22 _ _ 06:50 07:10 1 _ 0 1112 1 11 1 20141210171948 00014
00000143 0070 2014 12 0000471 22 _ _ 19:20 19:40 1 _ 0 1112 1 11 1 20141210171948 00014
00000143 0070 2014 12 0000472 23 _ _ 06:50 07:10 1 _ 0 1112 1 11 1 20141210171948 00014
00000143 0070 2014 12 0000473 23 _ _ 19:20 19:40 1 _ 0 1112 1 11 1 20141210171948 00014
00000143 0070 2014 12 0000474 24 _ _ 06:50 07:10 1 _ 0 1112 1 11 1 20141210171948 00014
00000143 0070 2014 12 0000475 24 _ _ 14:45 15:50 4 _ 0 5111 1 11 1 20141210171948 00014
00000143 0070 2014 12 0000476 24 _ _ 19:20 19:40 1 _ 0 1112 1 11 1 20141210171948 00014
00000143 0070 2014 12 0000477 25 _ _ 06:50 07:10 1 _ 0 1112 1 11 1 20141210171948 00014
00000143 0070 2014 12 0000478 25 _ _ 19:20 19:40 1 _ 0 1112 1 11 1 20141210171948 00014
00000143 0070 2014 12 0000479 26 _ _ 06:50 07:10 1 _ 0 1112 1 11 1 20141210171948 00014
00000143 0070 2014 12 0000480 26 _ _ 19:20 19:40 1 _ 0 1112 1 11 1 20141210171948 00014
00000143 0070 2014 12 0000481 27 _ _ 06:50 07:10 1 _ 0 1112 1 11 1 20141210171948 00014
00000143 0070 2014 12 0000482 27 _ _ 14:45 15:30 1 _ 0 1211 1 11 1 20141210171948 00014
00000143 0070 2014 12 0000483 27 _ _ 19:20 19:40 1 _ 0 1112 1 11 1 20141210171948 00014
00000143 0070 2014 12 0000484 28 _ _ 06:50 07:10 1 _ 0 1112 1 11 1 20141210171948 00014
00000143 0070 2014 12 0000485 28 _ _ 19:20 19:40 1 _ 0 1112 1 11 1 20141210171948 00014
00000143 0070 2014 12 0000486 29 _ _ 06:50 07:10 1 _ 0 1112 1 11 1 20141210171948 00014
00000143 0070 2014 12 0000487 29 _ _ 19:20 19:40 1 _ 0 1112 1 11 1 20141210171948 00014
00000143 0070 2014 12 0000488 30 _ _ 06:50 07:10 1 _ 0 1112 1 11 1 20141210171948 00014
00000143 0070 2014 12 0000489 30 _ _ 19:20 19:40 1 _ 0 1112 1 11 1 20141210171948 00014
00000143 0070 2014 12 0000490 31 _ _ 06:50 07:10 1 _ 0 1112 1 11 1 20141210171948 00014
00000143 0070 2014 12 0000491 31 _ _ 14:45 15:50 4 _ 0 5111 1 11 1 20141210171948 00014
00000143 0070 2014 12 0000492 31 _ _ 19:20 19:40 1 _ 0 1112 1 11 1 20141210171948 00014
