00000007 0070 2012 04 0000087 02 00048 _ 15:00 15:59 1 _ 0 1211 1 11 1 20140730174316 00034
00000007 0070 2012 04 0000088 09 00102 _ 15:00 15:59 1 _ 0 1211 1 11 1 20140730174316 00034
00000007 0070 2012 04 0000089 16 00048 _ 15:00 15:59 1 _ 0 1211 1 11 1 20140730174316 00034
00000007 0070 2012 04 0000090 23 00103 _ 15:00 15:59 1 _ 0 1211 1 11 1 20140730174316 00034
00000007 0070 2012 04 0000091 30 00103 _ 15:00 15:59 1 _ 0 1211 1 11 1 20140730174316 00034
00000007 0070 2012 05 0000092 07 00103 _ 15:00 15:59 1 _ 0 1211 1 11 1 20140730174557 00034
00000007 0070 2012 05 0000093 14 00103 _ 15:00 15:59 1 _ 0 1211 1 11 1 20140730174557 00034
00000007 0070 2012 05 0000094 28 00103 _ 15:00 15:59 1 _ 0 1211 1 11 1 20140730174557 00034
00000007 0070 2012 06 0000095 04 00103 _ 15:00 15:59 1 _ 0 1211 1 11 1 20140730174737 00034
00000007 0070 2012 06 0000096 11 00103 _ 15:00 15:59 2 _ 0 7311 1 11 1 20140730174737 00034
00000007 0070 2012 06 0000097 18 00103 _ 15:00 15:59 2 _ 0 7311 1 11 1 20140730174737 00034
00000007 0070 2012 06 0000098 25 00103 _ 15:00 15:59 2 _ 0 7311 1 11 1 20140730174737 00034
00000007 0070 2012 07 0000099 02 00103 _ 15:00 15:59 2 _ 0 7311 1 11 1 20140730174926 00034
00000007 0070 2012 07 0000100 09 00103 _ 15:00 15:59 2 _ 0 7311 1 11 1 20140730174926 00034
00000007 0070 2012 07 0000101 19 00102 _ 14:00 14:59 2 _ 0 7311 1 11 1 20140730174926 00034
00000007 0070 2012 07 0000102 23 00103 _ 15:00 15:59 2 _ 0 7311 1 11 1 20140730174926 00034
00000007 0070 2012 07 0000103 30 00103 _ 15:00 15:59 2 _ 0 7311 1 11 1 20140730174926 00034
00000007 0070 2012 08 0000104 06 00102 _ 15:00 15:59 2 _ 0 7311 1 11 1 20140730175055 00034
00000007 0070 2012 08 0000105 13 00037 _ 15:00 15:59 2 _ 0 7311 1 11 1 20140730175055 00034
00000007 0070 2012 08 0000106 20 00037 _ 15:00 15:59 2 _ 0 7311 1 11 1 20140730175055 00034
00000007 0070 2012 08 0000107 27 00037 _ 15:00 15:59 2 _ 0 7311 1 11 1 20140730175055 00034
00000007 0070 2012 09 0000108 03 00102 _ 15:00 15:59 2 _ 0 7311 1 11 1 20140730175226 00034
00000007 0070 2012 09 0000109 10 00037 _ 15:00 15:59 2 _ 0 7311 1 11 1 20140730175226 00034
00000007 0070 2012 09 0000110 17 00037 _ 15:00 15:59 2 _ 0 7311 1 11 1 20140730175226 00034
00000007 0070 2012 09 0000111 24 00037 _ 15:00 15:59 2 _ 0 7311 1 11 1 20140730175226 00034
00000007 0070 2012 10 0000112 08 00037 _ 15:00 15:59 2 _ 0 7311 1 11 1 20140730175350 00034
00000007 0070 2012 10 0000113 15 00037 _ 15:00 15:59 2 _ 0 7311 1 11 1 20140730175350 00034
00000007 0070 2012 10 0000114 22 00102 _ 15:00 15:59 2 _ 0 7311 1 11 1 20140730175350 00034
00000007 0070 2012 10 0000115 29 00037 _ 15:00 15:59 2 _ 0 7311 1 11 1 20140730175350 00034
00000007 0070 2012 11 0000116 09 00037 _ 17:00 17:59 2 _ 0 7311 1 11 1 20140730175525 00034
00000007 0070 2012 11 0000117 12 00102 _ 15:00 15:59 2 _ 0 7311 1 11 1 20140730175525 00034
00000007 0070 2012 11 0000118 19 00037 _ 15:00 15:59 2 _ 0 7311 1 11 1 20140730175525 00034
00000007 0070 2012 11 0000119 26 00037 _ 15:00 15:59 2 _ 0 7311 1 11 1 20140730175525 00034
00000007 0070 2012 12 0000120 03 00037 _ 15:00 15:59 2 _ 0 7311 1 11 1 20140730175649 00034
00000007 0070 2012 12 0000121 10 00037 _ 15:00 15:59 2 _ 0 7311 1 11 1 20140730175649 00034
00000007 0070 2012 12 0000122 17 00037 _ 15:00 15:59 2 _ 0 7311 1 11 1 20140730175649 00034
00000007 0070 2012 12 0000123 24 00037 _ 15:00 15:59 2 _ 0 7311 1 11 1 20140730175649 00034
00000007 0073 2012 05 0000124 07 00097 _ 15:00 15:59 _ _ 0 1111 1 61 1 20140814160018 00034
00000007 0073 2012 05 0000125 14 00097 _ 15:00 15:59 _ _ 0 1111 1 61 1 20140814160018 00034
00000007 0073 2012 05 0000126 28 00097 _ 15:00 15:59 _ _ 0 1111 1 61 1 20140814160018 00034
00000007 0073 2012 06 0000127 04 00097 _ 15:00 15:59 _ _ 0 1111 1 61 1 20140814160218 00034
00000007 0073 2012 06 0000128 11 00097 _ 15:00 15:59 _ _ 0 1111 1 61 1 20140814160218 00034
00000007 0073 2012 06 0000129 18 00097 _ 15:00 15:59 _ _ 0 1111 1 61 1 20140814160218 00034
00000007 0073 2012 06 0000130 25 00097 _ 15:00 15:59 _ _ 0 1111 1 61 1 20140814160218 00034
00000007 0073 2012 07 0000131 02 00097 _ 15:00 15:59 _ _ 0 1111 1 61 1 20140814160342 00034
00000007 0073 2012 07 0000132 09 00097 _ 15:00 15:59 _ _ 0 1111 1 61 1 20140814160342 00034
00000007 0073 2012 07 0000133 19 00102 _ 14:00 14:59 _ _ 0 1111 1 61 1 20140814160342 00034
00000007 0073 2012 07 0000134 23 00097 _ 15:00 15:59 _ _ 0 1111 1 61 1 20140814160342 00034
00000007 0073 2012 07 0000135 30 00097 _ 15:00 15:59 _ _ 0 1111 1 61 1 20140814160342 00034
00000007 0073 2012 08 0000136 06 00102 _ 15:00 15:59 _ _ 0 1111 1 61 1 20140814160446 00034
00000007 0073 2012 08 0000137 13 00037 _ 15:00 15:59 _ _ 0 1111 1 61 1 20140814160446 00034
00000007 0073 2012 08 0000138 20 00037 _ 15:00 15:59 _ _ 0 1111 1 61 1 20140814160446 00034
00000007 0073 2012 08 0000139 27 00037 _ 15:00 15:59 _ _ 0 1111 1 61 1 20140814160446 00034
00000007 0073 2012 09 0000140 03 00102 _ 15:00 15:59 _ _ 0 1111 1 61 1 20140814160549 00034
00000007 0073 2012 09 0000141 10 00037 _ 15:00 15:59 _ _ 0 1111 1 61 1 20140814160549 00034
00000007 0073 2012 09 0000142 17 00037 _ 15:00 15:59 _ _ 0 1111 1 61 1 20140814160549 00034
00000007 0073 2012 09 0000143 24 00037 _ 15:00 15:59 _ _ 0 1111 1 61 1 20140814160549 00034
00000007 0073 2012 10 0000144 08 00037 _ 15:00 15:59 _ _ 0 1111 1 61 1 20140814160652 00034
00000007 0073 2012 10 0000145 15 00037 _ 15:00 15:59 _ _ 0 1111 1 61 1 20140814160652 00034
00000007 0073 2012 10 0000146 22 00102 _ 15:00 15:59 _ _ 0 1111 1 61 1 20140814160652 00034
00000007 0073 2012 10 0000147 29 00037 _ 15:00 15:59 _ _ 0 1111 1 61 1 20140814160652 00034
00000007 0073 2012 11 0000148 09 00037 _ 17:00 17:59 _ _ 0 1111 1 61 1 20140814160754 00034
00000007 0073 2012 11 0000149 12 00102 _ 15:00 15:59 _ _ 0 1111 1 61 1 20140814160754 00034
00000007 0073 2012 11 0000150 19 00037 _ 15:00 15:59 _ _ 0 1111 1 61 1 20140814160754 00034
00000007 0073 2012 11 0000151 26 00037 _ 15:00 15:59 _ _ 0 1111 1 61 1 20140814160754 00034
00000007 0073 2012 12 0000152 03 00037 _ 15:00 15:59 _ _ 0 1111 1 61 1 20140814160848 00034
00000007 0073 2012 12 0000153 10 00037 _ 15:00 15:59 _ _ 0 1111 1 61 1 20140814160848 00034
00000007 0073 2012 12 0000154 17 00037 _ 15:00 15:59 _ _ 0 1111 1 61 1 20140814160848 00034
00000007 0073 2012 12 0000155 24 00037 _ 15:00 15:59 _ _ 0 1111 1 61 1 20140814160848 00034
00000007 0073 2013 01 0000053 07 00037 _ 15:00 15:59 _ _ 0 1111 1 61 1 20140717151238 00034
00000007 0073 2013 01 0000054 14 00037 _ 15:00 15:59 _ _ 0 1111 1 61 1 20140717151238 00034
00000007 0073 2013 01 0000055 21 00037 _ 15:00 15:59 _ _ 0 1111 1 61 1 20140717151238 00034
00000007 0073 2013 01 0000056 28 00102 _ 15:00 15:59 _ _ 0 1111 1 61 1 20140717151238 00034
00000007 0073 2013 02 0000057 04 00038 _ 15:00 15:59 _ _ 0 1111 1 61 1 20140717151358 00034
00000007 0073 2013 02 0000058 11 00102 _ 15:00 15:59 _ _ 0 1111 1 61 1 20140717151358 00034
00000007 0073 2013 02 0000059 18 00037 _ 15:00 15:59 _ _ 0 1111 1 61 1 20140717151358 00034
00000007 0073 2013 02 0000060 25 00038 _ 15:00 15:59 _ _ 0 1111 1 61 1 20140717151358 00034
00000007 0073 2013 03 0000061 04 00037 _ 15:00 15:59 _ _ 0 1111 1 61 1 20140717151500 00034
00000007 0073 2013 03 0000062 11 00102 _ 15:00 15:59 _ _ 0 1111 1 61 1 20140717151500 00034
00000007 0073 2013 03 0000063 18 00038 _ 15:00 15:59 _ _ 0 1111 1 61 1 20140717151500 00034
00000007 0073 2013 03 0000064 25 00037 _ 15:00 15:59 _ _ 0 1111 1 61 1 20140717151500 00034
00000007 0073 2013 04 0000065 01 00038 _ 15:00 15:59 _ _ 0 1111 1 61 1 20140717151634 00034
00000007 0073 2013 04 0000066 08 00038 _ 15:00 15:59 _ _ 0 1111 1 61 1 20140717151634 00034
00000007 0073 2013 04 0000067 15 00102 _ 15:00 15:59 _ _ 0 1111 1 61 1 20140717151634 00034
00000007 0073 2013 04 0000068 22 00037 _ 15:00 15:59 _ _ 0 1111 1 61 1 20140717151634 00034
00000007 0073 2013 04 0000069 29 00102 _ 15:00 15:59 _ _ 0 1111 1 61 1 20140717151634 00034
00000007 0073 2013 05 0000070 06 00038 _ 15:00 15:59 _ _ 0 1111 1 61 1 20140717152154 00034
00000007 0073 2013 05 0000071 13 00037 _ 15:00 15:59 _ _ 0 1111 1 61 1 20140717152154 00034
00000007 0073 2013 05 0000072 20 00038 _ 15:00 15:59 _ _ 0 1111 1 61 1 20140717152154 00034
00000007 0073 2013 05 0000073 27 00037 _ 15:00 15:59 _ _ 0 1111 1 61 1 20140717152154 00034
00000007 0073 2013 06 0000074 03 00034 _ 15:00 15:59 _ _ 0 1111 1 61 1 20140717152307 00034
00000007 0073 2013 06 0000075 10 00038 _ 15:00 15:59 _ _ 0 1111 1 61 1 20140717152307 00034
00000007 0073 2013 06 0000076 17 00102 _ 15:00 15:59 _ _ 0 1111 1 61 1 20140717152307 00034
00000007 0073 2013 06 0000077 24 00035 _ 15:00 15:59 _ _ 0 1111 1 61 1 20140717152307 00034
00000007 0073 2013 07 0000078 01 00102 _ 15:00 15:59 _ _ 0 1111 1 61 1 20140717152431 00034
00000007 0073 2013 07 0000079 08 00037 _ 15:00 15:59 _ _ 0 1111 1 61 1 20140717152431 00034
00000007 0073 2013 07 0000080 15 00038 _ 15:00 15:59 _ _ 0 1111 1 61 1 20140717152431 00034
00000007 0073 2013 07 0000081 22 00038 _ 15:00 15:59 _ _ 0 1111 1 61 1 20140717152431 00034
00000007 0073 2013 07 0000082 29 00037 _ 15:00 15:59 _ _ 0 1111 1 61 1 20140717152431 00034
00000007 0073 2013 08 0000083 05 00038 _ 14:00 14:59 _ _ 0 1111 1 61 1 20140717152544 00034
00000007 0073 2013 08 0000084 12 00034 _ 15:00 15:59 _ _ 0 1111 1 61 1 20140717152544 00034
00000007 0073 2013 08 0000085 19 00034 _ 15:00 15:59 _ _ 0 1111 1 61 1 20140717152544 00034
00000007 0073 2013 08 0000086 26 00037 _ 15:45 16:44 _ _ 0 1111 1 61 1 20140717152544 00034
00000007 0073 2013 09 0000036 02 00038 _ 14:00 15:00 _ _ 0 1111 1 61 1 20140625101720 00034
00000007 0073 2013 09 0000037 09 00041 _ 14:00 15:00 _ _ 0 1111 1 61 1 20140625101720 00034
00000007 0073 2013 09 0000038 16 00041 _ 14:00 15:00 _ _ 0 1111 1 61 1 20140625101720 00034
00000007 0073 2013 09 0000039 21 00037 _ 10:15 11:15 _ _ 0 1111 1 61 1 20140625101720 00034
00000007 0073 2013 09 0000040 30 00041 _ 14:00 15:00 _ _ 0 1111 1 61 1 20140625101720 00034
00000007 0073 2013 10 0000041 07 00041 _ 14:00 15:00 _ _ 0 1111 1 61 1 20140625105903 00034
00000007 0073 2013 10 0000042 14 00041 _ 14:00 15:00 _ _ 0 1111 1 61 1 20140625105903 00034
00000007 0073 2013 10 0000043 21 00041 _ 14:00 15:00 _ _ 0 1111 1 61 1 20140625105903 00034
00000007 0073 2013 10 0000044 28 00041 _ 14:00 15:00 _ _ 0 1111 1 61 1 20140625105903 00034
00000007 0073 2013 11 0000045 11 00041 _ 14:00 15:00 _ _ 0 1111 1 61 1 20140625110031 00034
00000007 0073 2013 11 0000046 18 00041 _ 14:00 15:00 _ _ 0 1111 1 61 1 20140625110031 00034
00000007 0073 2013 11 0000047 25 00041 _ 14:00 15:00 _ _ 0 1111 1 61 1 20140625110031 00034
00000007 0073 2013 12 0000048 02 00041 _ 14:00 15:00 _ _ 0 1111 1 61 1 20140625110245 00034
00000007 0073 2013 12 0000049 09 00041 _ 14:00 15:00 _ _ 0 1111 1 61 1 20140625110245 00034
00000007 0073 2013 12 0000050 16 00041 _ 14:00 15:00 _ _ 0 1111 1 61 1 20140625110245 00034
00000007 0073 2013 12 0000051 23 00041 _ 14:00 15:00 _ _ 0 1111 1 61 1 20140625110245 00034
00000007 0073 2013 12 0000052 30 00041 _ 14:00 15:00 _ _ 0 1111 1 61 1 20140625110245 00034
00000007 0073 2014 01 0000017 06 00041 _ 14:00 15:00 _ _ 0 1111 1 61 1 20140619182608 00034
00000007 0073 2014 01 0000018 17 00035 _ 14:00 15:00 _ _ 0 1111 1 61 1 20140619182608 00034
00000007 0073 2014 01 0000019 24 00038 _ 14:00 15:00 _ _ 0 1111 1 61 1 20140619182608 00034
00000007 0073 2014 01 0000020 31 00038 _ 14:00 15:00 _ _ 0 1111 1 61 1 20140619182608 00034
00000007 0073 2014 02 0000021 04 00037 _ 10:15 11:15 _ _ 0 1111 1 61 1 20140619182749 00034
00000007 0073 2014 02 0000022 14 00037 _ 13:00 14:00 _ _ 0 1111 1 61 1 20140619182749 00034
00000007 0073 2014 02 0000023 21 00035 _ 14:00 15:00 _ _ 0 1111 1 61 1 20140619182749 00034
00000007 0073 2014 02 0000024 28 00037 _ 14:00 15:00 _ _ 0 1111 1 61 1 20140619182749 00034
00000007 0073 2014 03 0000025 07 00037 _ 14:00 15:00 _ _ 0 1111 1 61 1 20140619182907 00034
00000007 0073 2014 03 0000026 14 00037 _ 14:00 15:00 _ _ 0 1111 1 61 1 20140619182907 00034
00000007 0073 2014 03 0000027 21 00037 _ 14:00 15:00 _ _ 0 1111 1 61 1 20140619182907 00034
00000007 0073 2014 03 0000028 28 00037 _ 14:00 15:00 _ _ 0 1111 1 61 1 20140619182907 00034
00000007 0073 2014 04 0000029 04 00037 _ 14:00 15:00 _ _ 0 1111 1 61 1 20140619183012 00034
00000007 0073 2014 04 0000030 13 00038 _ 11:00 12:00 _ _ 0 1111 1 61 1 20140619183012 00034
00000007 0073 2014 04 0000031 18 00037 _ 14:00 15:00 _ _ 0 1111 1 61 1 20140619183012 00034
00000007 0073 2014 04 0000032 25 00037 _ 14:00 15:00 _ _ 0 1111 1 61 1 20140619183012 00034
00000007 0073 2014 05 0000033 02 00037 _ 14:00 15:00 _ _ 0 1111 1 61 1 20140815150805 00034
00000007 0073 2014 05 0000034 09 00037 _ 14:00 15:00 _ _ 0 1111 1 61 1 20140815150805 00034
00000007 0073 2014 05 0000035 16 00037 _ 14:00 15:00 _ _ 0 1111 1 61 1 20140815150805 00034
00000007 0073 2014 05 0000156 23 00037 _ 14:00 15:00 _ _ 0 1111 1 61 1 20140815150805 00034
00000007 0073 2014 06 0000002 03 00038 _ 09:45 10:44 2 _ 0 1111 1 61 1 20140701101813 00078
00000007 0073 2014 06 0000003 06 00037 _ 14:00 14:59 2 _ 0 1111 1 61 1 20140701101813 00078
00000007 0073 2014 06 0000004 20 00035 _ 14:00 14:59 2 _ 0 1111 1 61 1 20140701101813 00078
00000007 0073 2014 06 0000005 13 00037 _ 14:00 14:59 2 _ 0 1111 1 61 1 20140701101813 00078
00000007 0073 2014 06 0000006 27 00037 _ 14:00 14:59 2 _ 0 1111 1 61 1 20140701101813 00078
00000007 0073 2014 07 0000007 05 00038 _ 11:00 11:59 2 _ 0 1111 1 61 1 20140801185101 00077
00000007 0073 2014 07 0000008 11 00035 _ 14:00 14:59 2 _ 0 _ 1 61 9 20140718181542 00035
00000007 0073 2014 07 0000009 18 00035 _ 14:00 14:59 2 _ 0 1111 1 61 1 20140801185101 00077
00000007 0073 2014 07 0000010 11 00035 _ 14:00 14:59 2 _ 0 1111 1 61 1 20140801185101 00077
00000007 0073 2014 07 0000011 25 00037 _ 14:00 14:59 2 _ 0 1111 1 61 1 20140801185101 00077
00000007 0073 2014 08 0000012 01 00037 _ 14:00 14:59 _ _ 0 1111 1 61 1 20140801174039 00037
00000007 0073 2014 08 0000013 01 _ _ 00:00 00:00 _ _ 0 _ 1 61 9 20140801174039 00037
00000007 0073 2014 08 0000014 15 00037 _ 14:00 14:59 2 _ 0 1111 1 61 1 20140815185712 00037
