00000241 0107 2014 06 0000002 05 00048 _ 11:15 11:45 _ _ 0 1111 1 61 1 20140701155527 00049
00000241 0107 2014 06 0000003 12 00048 _ 11:15 11:45 _ _ 0 1111 1 61 1 20140701155527 00049
00000241 0107 2014 06 0000004 19 00048 _ 11:15 11:45 _ _ 0 1111 1 61 1 20140701155527 00049
00000241 0107 2014 06 0000005 26 00048 _ 11:15 11:45 _ _ 0 1111 1 61 1 20140701155527 00049
00000241 0107 2014 06 0000006 02 00048 _ 14:30 15:00 _ _ 0 1111 1 61 1 20140701155527 00049
00000241 0107 2014 07 0000007 07 00048 _ 16:30 17:00 _ _ 0 1111 1 61 1 20140802121443 00047
00000241 0107 2014 07 0000008 10 00048 _ 11:15 11:45 _ _ 0 1111 1 61 1 20140802121443 00047
00000241 0107 2014 07 0000009 17 00048 _ 11:15 11:45 _ _ 0 1111 1 61 1 20140802121443 00047
00000241 0107 2014 07 0000010 24 00048 _ 11:15 11:45 _ _ 0 1111 1 61 1 20140802121443 00047
00000241 0107 2014 07 0000011 31 00048 _ 11:15 11:45 _ _ 0 1111 1 61 1 20140802121443 00047
00000241 0107 2014 08 0000012 07 00048 _ 11:15 11:45 _ _ 0 1111 1 61 1 20140816110613 00049
00000241 0107 2014 08 0000013 14 00048 _ 11:15 11:45 _ _ 0 1111 1 61 1 20140816110613 00049
00000241 0107 2014 08 0000014 21 _ _ 11:15 11:45 _ _ 0 1111 1 61 1 20140816110613 00049
00000241 0107 2014 08 0000015 28 _ _ 11:15 11:45 _ _ 0 1111 1 61 1 20140816110613 00049
