00000015 2011 06 25 16:00 16:59 11 7211 0070 10.84 1 229 1 20141017175227 00077
00000015 2011 07 02 16:00 16:59 11 7211 0070 10.84 1 229 1 20141017181010 00077
00000015 2011 07 09 15:30 16:59 11 1311 0070 10.84 1 584 1 20141017181010 00077
00000015 2011 07 16 15:30 16:29 11 7211 0070 10.84 1 229 1 20141017181010 00077
00000015 2011 07 23 15:30 16:59 11 1311 0070 10.84 1 584 1 20141017181010 00077
00000015 2011 07 30 15:30 16:29 11 7211 0070 10.84 1 229 1 20141017181010 00077
00000015 2011 08 06 15:30 16:59 11 1311 0070 10.84 1 584 1 20141017181532 00077
00000015 2011 08 13 15:30 16:29 11 7211 0070 10.84 1 229 1 20141017181532 00077
00000015 2011 08 20 15:30 16:59 11 1311 0070 10.84 1 584 1 20141017181532 00077
00000015 2011 08 27 15:30 16:29 11 7211 0070 10.84 1 229 1 20141017181532 00077
00000015 2011 09 03 15:30 16:59 11 1311 0070 10.84 1 584 1 20141017182138 00077
00000015 2011 09 10 15:30 16:29 11 7211 0070 10.84 1 229 1 20141017182138 00077
00000015 2011 09 17 15:30 16:59 11 1311 0070 10.84 1 584 1 20141017182138 00077
00000015 2011 09 24 15:30 16:29 11 7211 0070 10.84 1 229 1 20141017182138 00077
00000015 2011 10 01 15:30 16:59 11 1311 0070 10.84 1 584 1 20141017182635 00077
00000015 2011 10 08 15:30 16:29 11 7211 0070 10.84 1 229 1 20141017182635 00077
00000015 2011 10 15 15:30 16:29 11 7211 0070 10.84 1 229 1 20141017182635 00077
00000015 2011 10 22 15:30 16:59 11 1311 0070 10.84 1 584 1 20141017182635 00077
00000015 2011 10 29 15:30 16:29 11 7211 0070 10.84 1 229 1 20141017182635 00077
00000015 2011 11 05 15:30 16:59 11 1311 0070 10.84 1 584 1 20141017183113 00077
00000015 2011 11 12 15:30 16:29 11 7211 0070 10.84 1 229 1 20141017183113 00077
00000015 2011 11 19 15:30 16:29 11 7211 0070 10.84 1 229 1 20141017183113 00077
00000015 2011 11 26 15:30 16:59 11 1311 0070 10.84 1 584 1 20141017183113 00077
00000015 2011 12 03 15:30 16:29 11 7211 0070 10.84 1 229 1 20141020182207 00077
00000015 2011 12 10 15:30 16:59 11 1311 0070 10.84 1 584 1 20141020182207 00077
00000015 2011 12 17 15:30 16:29 11 7211 0070 10.84 1 229 1 20141020182207 00077
00000015 2011 12 31 15:30 16:29 11 7211 0070 10.84 1 229 1 20141020182207 00077
00000015 2012 01 07 15:30 16:29 11 7211 0070 10.84 1 229 1 20141016104409 00077
00000015 2012 01 14 15:30 16:59 11 1311 0070 10.84 1 584 1 20141016104409 00077
00000015 2012 01 21 15:30 16:29 11 7211 0070 10.84 1 229 1 20141016104409 00077
00000015 2012 01 28 15:30 16:59 11 1311 0070 10.84 1 584 1 20141016104409 00077
00000015 2012 02 04 15:30 16:29 11 7211 0070 10.84 1 229 1 20141016105937 00077
00000015 2012 02 11 15:30 16:59 11 1311 0070 10.84 1 584 1 20141016105937 00077
00000015 2012 02 18 15:30 16:29 11 7211 0070 10.84 1 229 1 20141016105937 00077
00000015 2012 03 03 15:30 16:29 11 7211 0070 10.84 1 229 1 20141016110902 00077
00000015 2012 03 10 15:30 16:59 11 1311 0070 10.84 1 584 1 20141016110902 00077
00000015 2012 03 17 15:30 16:29 11 7211 0070 10.84 1 229 1 20141016110902 00077
00000015 2012 03 24 15:30 16:59 11 1311 0070 10.84 1 584 1 20141016110902 00077
00000015 2012 03 31 15:30 16:29 11 7211 0070 10.84 1 229 1 20141016110902 00077
00000015 2012 04 07 15:30 16:59 11 1311 0070 10.84 1 584 1 20140731120651 00078
00000015 2012 04 14 15:30 16:29 11 7311 0070 10.84 1 235 1 20140731120651 00078
00000015 2012 04 21 15:30 16:59 11 1311 0070 10.84 1 584 1 20140731120651 00078
00000015 2012 04 28 15:30 16:29 11 7311 0070 10.84 1 235 1 20140731120651 00078
00000015 2012 05 05 15:30 16:59 11 1311 0070 10.84 1 584 1 20140731121659 00078
00000015 2012 05 12 15:30 16:29 11 7311 0070 10.84 1 235 1 20140731121659 00078
00000015 2012 05 19 14:30 15:29 11 1211 0070 10.84 1 402 1 20140731121659 00078
00000015 2012 05 26 15:30 16:29 11 7311 0070 10.84 1 235 1 20140731121659 00078
00000015 2012 06 02 15:30 16:29 11 7311 0070 10.84 1 235 1 20140731122254 00078
00000015 2012 06 09 15:30 16:59 11 1311 0070 10.84 1 584 1 20140731122254 00078
00000015 2012 06 16 15:30 16:29 11 7311 0070 10.84 1 235 1 20140731122254 00078
00000015 2012 06 23 15:30 16:59 11 1311 0070 10.84 1 584 1 20140731122254 00078
00000015 2012 06 30 15:30 16:29 11 7311 0070 10.84 1 235 1 20140731122254 00078
00000015 2012 07 07 15:30 16:59 11 1311 0070 10.84 1 584 1 20140731122847 00078
00000015 2012 07 14 15:30 16:29 11 7311 0070 10.84 1 235 1 20140731122847 00078
00000015 2012 07 21 15:30 16:59 11 1311 0070 10.84 1 584 1 20140731122847 00078
00000015 2012 07 28 15:30 16:29 11 7311 0070 10.84 1 235 1 20140731122847 00078
00000015 2012 08 04 15:30 16:59 11 1311 0070 10.84 1 584 1 20140731134633 00078
00000015 2012 08 11 15:30 16:29 11 7311 0070 10.84 1 235 1 20140731134633 00078
00000015 2012 08 11 15:30 16:59 11 7311 0070 10.84 1 235 1 20140731134023 00078
00000015 2012 08 25 15:30 16:29 11 7311 0070 10.84 1 235 1 20140731134633 00078
00000015 2012 08 25 15:30 16:59 11 7311 0070 10.84 1 235 1 20140731134023 00078
00000015 2012 09 01 15:30 16:59 11 1311 0070 10.84 1 584 1 20140814182048 00034
00000015 2012 09 08 15:30 16:29 11 7311 0070 10.84 1 235 1 20140814182048 00034
00000015 2012 09 16 15:15 16:44 11 1311 0070 10.84 1 584 1 20140814182048 00034
00000015 2012 09 23 15:30 16:29 11 7311 0070 10.84 1 235 1 20140814182048 00034
00000015 2012 09 29 15:30 16:59 11 1311 0070 10.84 1 584 1 20140731135935 00078
00000015 2012 09 30 15:30 16:59 11 1311 0070 10.84 1 584 1 20140814182048 00034
00000015 2012 10 07 15:30 16:29 11 7311 0070 10.84 1 235 1 20140731144941 00078
00000015 2012 10 14 15:30 16:59 11 1311 0070 10.84 1 584 1 20140731144941 00078
00000015 2012 10 21 15:30 16:59 11 1311 0070 10.84 1 584 1 20140731144941 00078
00000015 2012 10 28 15:30 16:29 11 7311 0070 10.84 1 235 1 20140731144941 00078
00000015 2012 11 04 15:30 16:29 11 7311 0070 10.84 1 235 1 20140731142007 00078
00000015 2012 11 11 15:30 16:59 11 1311 0070 10.84 1 584 1 20140731142007 00078
00000015 2012 11 18 15:30 16:59 11 1311 0070 10.84 1 584 1 20140731142007 00078
00000015 2012 11 25 15:15 17:04 11 6111 0070 10.84 1 654 1 20140731142007 00078
00000015 2012 12 02 15:30 16:29 11 7311 0070 10.84 1 235 1 20140731150310 00078
00000015 2012 12 09 15:15 17:04 11 6111 0070 10.84 1 654 1 20140731150310 00078
00000015 2012 12 16 15:15 17:04 11 6111 0070 10.84 1 654 1 20140731150310 00078
00000015 2012 12 21 13:45 15:34 11 6111 0070 10.84 1 654 1 20140731150310 00078
00000015 2012 12 30 15:15 17:04 11 6111 0070 10.84 1 654 1 20140731150310 00078
00000015 2013 01 06 15:30 16:29 11 7311 0070 10.84 1 235 1 20140717160003 00034
00000015 2013 01 13 15:15 17:04 11 6111 0070 10.84 1 654 1 20140717160003 00034
00000015 2013 01 20 15:15 17:04 11 6111 0070 10.84 1 654 1 20140717160003 00034
00000015 2013 01 27 15:15 17:04 11 6111 0070 10.84 1 654 1 20140717160003 00034
00000015 2013 02 03 15:30 16:29 11 7311 0070 10.84 1 235 1 20140717160603 00034
00000015 2013 02 10 15:15 17:04 11 6111 0070 10.84 1 654 1 20140717160603 00034
00000015 2013 02 17 15:15 17:04 11 6111 0070 10.84 1 654 1 20140717160603 00034
00000015 2013 02 24 15:15 17:04 11 6111 0070 10.84 1 654 1 20140717160603 00034
00000015 2013 03 03 15:30 16:29 11 7311 0070 10.84 1 235 1 20140717162154 00034
00000015 2013 03 10 15:15 17:04 11 6111 0070 10.84 1 654 1 20140717162154 00034
00000015 2013 03 24 15:15 17:04 11 6111 0070 10.84 1 654 1 20140717162154 00034
00000015 2013 03 31 15:15 17:04 11 6111 0070 10.84 1 654 1 20140717162154 00034
00000015 2013 04 07 15:15 17:04 11 6111 0070 10.84 1 654 1 20140717162829 00034
00000015 2013 04 10 13:00 13:59 11 7311 0070 10.84 1 235 1 20140717162829 00034
00000015 2013 04 14 15:15 17:04 11 6111 0070 10.84 1 654 1 20140717162829 00034
00000015 2013 04 21 15:15 17:04 11 6111 0070 10.84 1 654 1 20140717162829 00034
00000015 2013 04 24 13:00 13:59 11 7311 0070 10.84 1 235 1 20140717162829 00034
00000015 2013 04 28 15:15 17:04 11 6111 0070 10.84 1 654 1 20140717162829 00034
00000015 2013 05 07 13:15 15:05 11 6111 0070 10.84 1 654 1 20140717163648 00034
00000015 2013 05 08 13:00 13:59 11 7311 0070 10.84 1 235 1 20140717163648 00034
00000015 2013 05 14 13:15 15:05 11 6111 0070 10.84 1 654 1 20140717163648 00034
00000015 2013 05 21 13:15 15:05 11 6111 0070 10.84 1 654 1 20140717163648 00034
00000015 2013 05 22 13:00 13:59 11 7311 0070 10.84 1 235 1 20140717163648 00034
00000015 2013 05 28 13:45 15:35 11 6111 0070 10.84 1 654 1 20140717163648 00034
00000015 2013 06 04 13:15 15:05 11 6111 0070 10.84 1 654 1 20140717164340 00034
00000015 2013 06 11 13:15 14:19 11 7311 0070 10.84 1 235 1 20140717164340 00034
00000015 2013 06 12 13:00 13:59 11 7311 0070 10.84 1 235 1 20140717164340 00034
00000015 2013 06 18 13:15 15:05 11 6111 0070 10.84 1 654 1 20140717164340 00034
00000015 2013 06 25 13:15 15:05 11 6111 0070 10.84 1 654 1 20140717164340 00034
00000015 2013 06 26 13:00 13:59 11 7311 0070 10.84 1 235 1 20140717164340 00034
00000015 2013 07 02 13:15 15:04 11 6111 0070 10.84 1 654 1 20140717165201 00034
00000015 2013 07 09 13:15 15:04 11 6111 0070 10.84 1 654 1 20140717165201 00034
00000015 2013 07 10 13:00 13:59 11 7311 0070 10.84 1 235 1 20140717165201 00034
00000015 2013 07 16 13:15 15:04 11 6111 0070 10.84 1 654 1 20140717165201 00034
00000015 2013 07 23 13:15 15:04 11 6111 0070 10.84 1 654 1 20140717165201 00034
00000015 2013 07 24 13:00 13:59 11 7311 0070 10.84 1 235 1 20140717165201 00034
00000015 2013 07 30 13:15 15:04 11 6111 0070 10.84 1 654 1 20140717165201 00034
00000015 2013 08 06 13:15 15:04 11 6111 0070 10.84 1 654 1 20140717170049 00034
00000015 2013 08 13 13:15 15:04 11 6111 0070 10.84 1 654 1 20140717170049 00034
00000015 2013 08 14 13:10 14:09 11 7311 0070 10.84 1 235 1 20140717170049 00034
00000015 2013 08 20 13:15 15:04 11 6111 0070 10.84 1 654 1 20140717170049 00034
00000015 2013 08 27 13:15 15:04 11 6111 0070 10.84 1 654 1 20140717170049 00034
00000015 2013 08 28 13:00 13:59 11 7311 0070 10.84 1 235 1 20140717170049 00034
00000015 2013 09 03 13:15 15:05 11 6111 0070 10.84 1 654 1 20140625120825 00034
00000015 2013 09 10 13:15 15:05 11 6111 0070 10.84 1 654 1 20140625120825 00034
00000015 2013 09 11 13:00 13:59 11 7311 0070 10.84 1 235 1 20140625120825 00034
00000015 2013 09 17 13:15 15:05 11 6111 0070 10.84 1 654 1 20140625120825 00034
00000015 2013 09 25 13:45 15:45 11 6111 0070 10.84 1 654 1 20140625120825 00034
00000015 2013 09 26 14:00 15:00 11 7311 0070 10.84 1 235 1 20140625120825 00034
00000015 2013 10 01 13:15 15:05 11 6111 0070 10.84 1 654 1 20140625122007 00034
00000015 2013 10 08 13:15 15:10 11 6111 0070 10.84 1 654 1 20140625122007 00034
00000015 2013 10 09 13:00 13:59 11 7311 0070 10.84 1 235 1 20140625122007 00034
00000015 2013 10 15 13:15 15:05 11 6111 0070 10.84 1 654 1 20140625122007 00034
00000015 2013 10 22 13:15 15:05 11 6111 0070 10.84 1 654 1 20140625122007 00034
00000015 2013 10 23 13:00 13:59 11 7311 0070 10.84 1 235 1 20140625122007 00034
00000015 2013 10 29 13:15 15:05 11 6111 0070 10.84 1 654 1 20140625122007 00034
00000015 2013 11 05 13:15 15:05 11 6111 0070 10.84 1 654 1 20140625134823 00034
00000015 2013 11 12 13:15 15:05 11 6111 0070 10.84 1 654 1 20140625134823 00034
00000015 2013 11 13 13:00 13:59 11 7311 0070 10.84 1 235 1 20140625134823 00034
00000015 2013 11 19 13:15 15:05 11 6111 0070 10.84 1 654 1 20140625134823 00034
00000015 2013 11 26 13:15 15:05 11 6111 0070 10.84 1 654 1 20140625134823 00034
00000015 2013 11 27 13:00 13:59 11 7311 0070 10.84 1 235 1 20140625134823 00034
00000015 2013 12 03 13:15 15:05 11 6111 0070 10.84 1 654 1 20140625135355 00034
00000015 2013 12 10 13:15 15:05 11 6111 0070 10.84 1 654 1 20140625135355 00034
00000015 2013 12 11 13:00 13:59 11 7311 0070 10.84 1 235 1 20140625135355 00034
00000015 2013 12 17 13:15 15:05 11 6111 0070 10.84 1 654 1 20140625135355 00034
00000015 2013 12 24 13:15 15:05 11 6111 0070 10.84 1 654 1 20140625135355 00034
00000015 2013 12 25 13:00 13:59 11 7311 0070 10.84 1 235 1 20140625135355 00034
00000015 2014 01 07 13:15 15:05 11 6111 0070 10.84 1 654 1 20140611110118 00034
00000015 2014 01 08 13:00 13:59 11 7311 0070 10.84 1 235 1 20140611110118 00034
00000015 2014 01 14 13:15 15:05 11 6111 0070 10.84 1 654 1 20140611110118 00034
00000015 2014 01 15 13:00 13:59 11 7311 0070 10.84 1 235 1 20140611110118 00034
00000015 2014 01 21 13:15 15:05 11 6111 0070 10.84 1 654 1 20140611110118 00034
00000015 2014 01 22 13:00 13:59 11 7311 0070 10.84 1 235 1 20140611110118 00034
00000015 2014 01 28 13:15 15:05 11 6111 0070 10.84 1 654 1 20140611110118 00034
00000015 2014 01 29 11:00 12:00 11 7311 0070 10.84 1 235 1 20140611110118 00034
00000015 2014 02 04 13:15 15:05 11 6111 0070 10.84 1 654 1 20140611111446 00034
00000015 2014 02 05 13:00 13:59 11 7311 0070 10.84 1 235 1 20140611111446 00034
00000015 2014 02 11 13:15 15:05 11 6111 0070 10.84 1 654 1 20140611111446 00034
00000015 2014 02 12 13:00 13:59 11 7311 0070 10.84 1 235 1 20140611111446 00034
00000015 2014 02 18 13:15 14:30 11 7311 0070 10.84 1 235 1 20140611111446 00034
00000015 2014 02 19 13:00 13:59 11 7311 0070 10.84 1 235 1 20140611111446 00034
00000015 2014 02 25 13:15 15:05 11 6111 0070 10.84 1 654 1 20140611111446 00034
00000015 2014 02 26 13:00 13:59 11 7311 0070 10.84 1 235 1 20140611111446 00034
00000015 2014 03 04 13:15 15:05 11 6111 0070 10.84 1 654 1 20140611112912 00034
00000015 2014 03 05 13:00 13:59 11 7311 0070 10.84 1 235 1 20140611112912 00034
00000015 2014 03 11 13:15 15:05 11 6111 0070 10.84 1 654 1 20140611112912 00034
00000015 2014 03 12 13:00 13:59 11 7311 0070 10.84 1 235 1 20140611112912 00034
00000015 2014 03 18 13:15 15:05 11 6111 0070 10.84 1 654 1 20140611112912 00034
00000015 2014 03 19 13:00 13:59 11 7311 0070 10.84 1 235 1 20140611112912 00034
00000015 2014 03 25 13:15 15:05 11 6111 0070 10.84 1 654 1 20140611112912 00034
00000015 2014 03 26 13:00 13:59 11 7311 0070 10.84 1 235 1 20140611112912 00034
00000015 2014 04 01 13:15 15:05 11 6111 0070 10.84 1 657 1 20140611114807 00034
00000015 2014 04 02 13:00 14:00 11 7311 0070 10.84 1 236 1 20140611114807 00034
00000015 2014 04 08 13:15 15:05 11 6111 0070 10.84 1 657 1 20140611114807 00034
00000015 2014 04 09 13:00 14:00 11 7311 0070 10.84 1 236 1 20140611114807 00034
00000015 2014 04 15 13:15 15:05 11 6111 0070 10.84 1 657 1 20140611114807 00034
00000015 2014 04 16 13:00 14:00 11 7311 0070 10.84 1 236 1 20140611114807 00034
00000015 2014 04 22 13:15 15:05 11 6111 0070 10.84 1 657 1 20140611114807 00034
00000015 2014 04 23 13:00 14:00 11 7311 0070 10.84 1 236 1 20140611114807 00034
00000015 2014 04 29 13:15 14:15 11 7311 0070 10.84 1 236 1 20140611114807 00034
00000015 2014 04 30 13:00 14:00 11 7311 0070 10.84 1 236 1 20140611114807 00034
00000015 2014 05 01 13:15 14:15 11 7311 0070 10.84 1 236 1 20140620114715 00034
00000015 2014 05 06 13:30 15:05 11 6111 0070 10.84 1 657 1 20140815153815 00034
00000015 2014 05 07 13:00 13:59 11 7311 0070 10.84 1 236 1 20140815153815 00034
00000015 2014 05 07 13:00 14:00 11 7311 0070 10.84 1 236 1 20140620114715 00034
00000015 2014 05 13 13:15 14:15 11 7311 0070 10.84 1 236 1 20140815153815 00034
00000015 2014 05 14 13:00 13:59 11 7311 0070 10.84 1 236 1 20140815153815 00034
00000015 2014 05 14 13:00 14:00 11 7311 0070 10.84 1 236 1 20140620114715 00034
00000015 2014 05 20 13:15 15:05 11 6111 0070 10.84 1 657 1 20140815153815 00034
00000015 2014 05 21 13:00 13:59 11 7311 0070 10.84 1 236 1 20140815153815 00034
