00000134 0070 2014 06 0000002 02 00016 _ 13:15 14:00 1 _ 0 1211 1 11 1 20140701102707 00078
00000134 0070 2014 06 0000003 05 00083 _ 13:15 14:00 1 _ 0 1211 1 11 1 20140701102707 00078
00000134 0070 2014 06 0000004 09 00017 _ 13:15 14:00 1 _ 0 1211 1 11 1 20140701102707 00078
00000134 0070 2014 06 0000005 12 00082 _ 13:15 14:00 1 _ 0 1211 1 11 1 20140701102707 00078
00000134 0070 2014 06 0000006 19 00092 _ 13:15 14:00 1 _ 0 1211 1 11 1 20140701102707 00078
00000134 0070 2014 06 0000007 23 00017 _ 13:15 14:00 1 _ 0 1211 1 11 1 20140701102707 00078
00000134 0070 2014 07 0000008 03 00017 _ 13:15 14:00 1 _ 0 1211 1 11 1 20140731200806 00034
00000134 0070 2014 07 0000009 07 00015 _ 13:15 14:00 1 _ 0 1211 1 11 1 20140731200806 00034
00000134 0070 2014 07 0000010 14 00095 _ 14:00 14:45 1 _ 0 1211 1 11 1 20140731200806 00034
00000134 0070 2014 07 0000011 17 00019 _ 13:15 14:00 1 _ 0 1211 1 11 1 20140731200806 00034
00000134 0070 2014 07 0000012 21 00017 _ 13:15 14:00 1 _ 0 1211 1 11 1 20140731200806 00034
