1 73 1111 小規模多機能１ 1 3 1 1 11430 m
2 73 1113 小規模多機能１・過少 1 3 1 1 8001 m
3 73 1115 小規模多機能１・同一 2 3 1 1 10287 m
4 73 1117 小規模多機能１・同一・過少 2 3 1 1 7201 m
5 73 1121 小規模多機能２ 1 4 1 1 16325 m
6 73 1123 小規模多機能２・過少 1 4 1 1 11428 m
7 73 1125 小規模多機能２・同一 2 4 1 1 14693 m
8 73 1127 小規模多機能２・同一・過少 2 4 1 1 10285 m
9 73 1131 小規模多機能３ 1 5 1 1 23286 m
10 73 1133 小規模多機能３・過少 1 5 1 1 16300 m
11 73 1135 小規模多機能３・同一 2 5 1 1 20957 m
12 73 1137 小規模多機能３・同一・過少 2 5 1 1 14670 m
13 73 1141 小規模多機能４ 1 6 1 1 25597 m
14 73 1143 小規模多機能４・過少 1 6 1 1 17918 m
15 73 1145 小規模多機能４・同一 2 6 1 1 23037 m
16 73 1147 小規模多機能４・同一・過少 2 6 1 1 16126 m
17 73 1151 小規模多機能５ 1 7 1 1 28120 m
18 73 1153 小規模多機能５・過少 1 7 1 1 19684 m
19 73 1155 小規模多機能５・同一 2 7 1 1 25308 m
20 73 1157 小規模多機能５・同一・過少 2 7 1 1 17716 m
21 73 8011 小規模多機能１・定超 1 3 2 1 8001 m
22 73 8013 小規模多機能１・定超・過少 1 3 2 1 5601 m
23 73 8015 小規模多機能１・定超・同一 2 3 2 1 7201 m
24 73 8017 小規模多機能１・定超・同一・過少 2 3 2 1 5041 m
25 73 8021 小規模多機能２・定超 1 4 2 1 11428 m
26 73 8023 小規模多機能２・定超・過少 1 4 2 1 8000 m
27 73 8025 小規模多機能２・定超・同一 2 4 2 1 10285 m
28 73 8027 小規模多機能２・定超・同一・過少 2 4 2 1 7200 m
29 73 8031 小規模多機能３・定超 1 5 2 1 16300 m
30 73 8033 小規模多機能３・定超・過少 1 5 2 1 11410 m
31 73 8035 小規模多機能３・定超・同一 2 5 2 1 14670 m
32 73 8037 小規模多機能３・定超・同一・過少 2 5 2 1 10269 m
33 73 8041 小規模多機能４・定超 1 6 2 1 17918 m
34 73 8043 小規模多機能４・定超・過少 1 6 2 1 12543 m
35 73 8045 小規模多機能４・定超・同一 2 6 2 1 16126 m
36 73 8047 小規模多機能４・定超・同一・過少 2 6 2 1 11288 m
37 73 8051 小規模多機能５・定超 1 7 2 1 19684 m
38 73 8053 小規模多機能５・定超・過少 1 7 2 1 13779 m
39 73 8055 小規模多機能５・定超・同一 2 7 2 1 17716 m
40 73 8057 小規模多機能５・定超・同一・過少 2 7 2 1 12401 m
41 73 9011 小規模多機能１・人欠 1 3 1 2 8001 m
42 73 9013 小規模多機能１・人欠・過少 1 3 1 2 5601 m
43 73 9015 小規模多機能１・人欠・同一 2 3 1 2 7201 m
44 73 9017 小規模多機能１・人欠・同一・過少 2 3 1 2 5041 m
45 73 9021 小規模多機能２・人欠 1 4 1 2 11428 m
46 73 9023 小規模多機能２・人欠・過少 1 4 1 2 8000 m
47 73 9025 小規模多機能２・人欠・同一 2 4 1 2 10285 m
48 73 9027 小規模多機能２・人欠・同一・過少 2 4 1 2 7200 m
49 73 9031 小規模多機能３・人欠 1 5 1 2 16300 m
50 73 9033 小規模多機能３・人欠・過少 1 5 1 2 11410 m
51 73 9035 小規模多機能３・人欠・同一 2 5 1 2 14670 m
52 73 9037 小規模多機能３・人欠・同一・過少 2 5 1 2 10269 m
53 73 9041 小規模多機能４・人欠 1 6 1 2 17918 m
54 73 9043 小規模多機能４・人欠・過少 1 6 1 2 12543 m
55 73 9045 小規模多機能４・人欠・同一 2 6 1 2 16126 m
56 73 9047 小規模多機能４・人欠・同一・過少 2 6 1 2 11288 m
57 73 9051 小規模多機能５・人欠 1 7 1 2 19684 m
58 73 9053 小規模多機能５・人欠・過少 1 7 1 2 13779 m
59 73 9055 小規模多機能５・人欠・同一 2 7 1 2 17716 m
60 73 9057 小規模多機能５・人欠・同一・過少 2 7 1 2 12401 m
61 73 1112 小規模多機能１・日割 1 3 1 1 376 d
62 73 1114 小規模多機能１・少・日割 1 3 1 1 263 d
63 73 1116 小規模多機能１・同一・日割 2 3 1 1 338 d
64 73 1118 小規模多機能１・同一・少・日割 2 3 1 1 237 d
65 73 1122 小規模多機能２・日割 1 4 1 1 537 d
66 73 1124 小規模多機能２・少・日割 1 4 1 1 376 d
67 73 1126 小規模多機能２・同一・日割 2 4 1 1 483 d
68 73 1128 小規模多機能２・同一・少・日割 2 4 1 1 338 d
69 73 1132 小規模多機能３・日割 1 5 1 1 766 d
70 73 1134 小規模多機能３・少・日割 1 5 1 1 536 d
71 73 1136 小規模多機能３・同一・日割 2 5 1 1 689 d
72 73 1138 小規模多機能３・同一・少・日割 2 5 1 1 483 d
73 73 1142 小規模多機能４・日割 1 6 1 1 842 d
74 73 1144 小規模多機能４・少・日割 1 6 1 1 589 d
75 73 1146 小規模多機能４・同一・日割 2 6 1 1 758 d
76 73 1148 小規模多機能４・同一・少・日割 2 6 1 1 530 d
77 73 1152 小規模多機能５・日割 1 7 1 1 925 d
78 73 1154 小規模多機能５・少・日割 1 7 1 1 648 d
79 73 1156 小規模多機能５・同一・日割 2 7 1 1 833 d
80 73 1158 小規模多機能５・同一・少・日割 2 7 1 1 583 d
81 73 8012 小規模多機能１・超・日割 1 3 2 1 263 d
82 73 8014 小規模多機能１・超・少・日割 1 3 2 1 184 d
83 73 8016 小規模多機能１・超・同・日割 2 3 2 1 237 d
84 73 8018 小規模多機能１・超・同・少・日割 2 3 2 1 166 d
85 73 8022 小規模多機能２・超・日割 1 4 2 1 376 d
86 73 8024 小規模多機能２・超・少・日割 1 4 2 1 263 d
87 73 8026 小規模多機能２・超・同・日割 2 4 2 1 338 d
88 73 8028 小規模多機能２・超・同・少・日割 2 4 2 1 237 d
89 73 8032 小規模多機能３・超・日割 1 5 2 1 536 d
90 73 8034 小規模多機能３・超・少・日割 1 5 2 1 375 d
91 73 8036 小規模多機能３・超・同・日割 2 5 2 1 483 d
92 73 8038 小規模多機能３・超・同・少・日割 2 5 2 1 338 d
93 73 8042 小規模多機能４・超・日割 1 6 2 1 589 d
94 73 8044 小規模多機能４・超・少・日割 1 6 2 1 413 d
95 73 8046 小規模多機能４・超・同・日割 2 6 2 1 530 d
96 73 8048 小規模多機能４・超・同・少・日割 2 6 2 1 371 d
97 73 8052 小規模多機能５・超・日割 1 7 2 1 648 d
98 73 8054 小規模多機能５・超・少・日割 1 7 2 1 453 d
99 73 8056 小規模多機能５・超・同・日割 2 7 2 1 583 d
100 73 8058 小規模多機能５・超・同・少・日割 2 7 2 1 408 d
101 73 9012 小規模多機能１・欠・日割 1 3 1 2 263 d
102 73 9014 小規模多機能１・欠・少・日割 1 3 1 2 184 d
103 73 9016 小規模多機能１・欠・同・日割 2 3 1 2 237 d
104 73 9018 小規模多機能１・欠・同・少・日割 2 3 1 2 166 d
105 73 9022 小規模多機能２・欠・日割 1 4 1 2 376 d
106 73 9024 小規模多機能２・欠・少・日割 1 4 1 2 263 d
107 73 9026 小規模多機能２・欠・同・日割 2 4 1 2 338 d
108 73 9028 小規模多機能２・欠・同・少・日割 2 4 1 2 237 d
109 73 9032 小規模多機能３・欠・日割 1 5 1 2 536 d
110 73 9034 小規模多機能３・欠・少・日割 1 5 1 2 375 d
111 73 9036 小規模多機能３・欠・同・日割 2 5 1 2 483 d
112 73 9038 小規模多機能３・欠・同・少・日割 2 5 1 2 338 d
113 73 9042 小規模多機能４・欠・日割 1 6 1 2 589 d
114 73 9044 小規模多機能４・欠・少・日割 1 6 1 2 413 d
115 73 9046 小規模多機能４・欠・同・日割 2 6 1 2 530 d
116 73 9048 小規模多機能４・欠・同・少・日割 2 6 1 2 371 d
117 73 9052 小規模多機能５・欠・日割 1 7 1 2 648 d
118 73 9054 小規模多機能５・欠・少・日割 1 7 1 2 453 d
119 73 9056 小規模多機能５・欠・同・日割 2 7 1 2 583 d
120 73 9058 小規模多機能５・欠・同・少・日割 2 7 1 2 408 d
