1 75 1111 予小規模多機能１ 1 1 1 1 4469 m
2 75 1113 予小規模多機能１・過少 1 1 1 1 3128 m
3 75 1115 予小規模多機能１・同一 2 1 1 1 4022 m
4 75 1117 予小規模多機能１・同一・過少 2 1 1 1 2815 m
5 75 1121 予小規模多機能２ 1 2 1 1 7995 m
6 75 1123 予小規模多機能２・過少 1 2 1 1 5597 m
7 75 1125 予小規模多機能２・同一 2 2 1 1 7196 m
8 75 1127 予小規模多機能２・同一・過少 2 2 1 1 5037 m
9 75 8011 予小規模多機能１・超 1 1 2 1 3128 m
10 75 8013 予小規模多機能１・超・過少 1 1 2 1 2190 m
11 75 8015 予小規模多機能１・超・同一 2 1 2 1 2815 m
12 75 8017 予小規模多機能１・超・同一・過少 2 1 2 1 1971 m
13 75 8021 予小規模多機能２・超 1 2 2 1 5597 m
14 75 8023 予小規模多機能２・超・過少 1 2 2 1 3918 m
15 75 8025 予小規模多機能２・超・同一 2 2 2 1 5037 m
16 75 8027 予小規模多機能２・超・同一・過少 2 2 2 1 3526 m
17 75 9011 予小規模多機能１・欠 1 1 1 2 3128 m
18 75 9013 予小規模多機能１・欠・過少 1 1 1 2 2190 m
19 75 9015 予小規模多機能１・欠・同一 2 1 1 2 2815 m
20 75 9017 予小規模多機能１・欠・同一・過少 2 1 1 2 1971 m
21 75 9021 予小規模多機能２・欠 1 2 1 2 5597 m
22 75 9023 予小規模多機能２・欠・過少 1 2 1 2 3918 m
23 75 9025 予小規模多機能２・欠・同一 2 2 1 2 5037 m
24 75 9027 予小規模多機能２・欠・同一・過少 2 2 1 2 3526 m
25 75 1112 予小規模多機能１・日割 1 1 1 1 147 d
26 75 1114 予小規模多機能１・少・日割 1 1 1 1 103 d
27 75 1116 予小規模多機能１・同・日割 2 1 1 1 132 d
28 75 1118 予小規模多機能１・同・少・日割 2 1 1 1 93 d
29 75 1122 予小規模多機能２・日割 1 2 1 1 263 d
30 75 1124 予小規模多機能２・少・日割 1 2 1 1 184 d
31 75 1126 予小規模多機能２・同・日割 2 2 1 1 237 d
32 75 1128 予小規模多機能２・同・少・日割 2 2 1 1 166 d
33 75 8012 予小多機能１・超・日割 1 1 2 1 103 d
34 75 8014 予小多機能１・超・少・日割 1 1 2 1 72 d
35 75 8016 予小多機能１・超・同・日割 2 1 2 1 93 d
36 75 8018 予小多機能１・超・同・少・日割 2 1 2 1 65 d
37 75 8022 予小多機能２・超・日割 1 2 2 1 184 d
38 75 8024 予小多機能２・超・少・日割 1 2 2 1 129 d
39 75 8026 予小多機能２・超・同・日割 2 2 2 1 166 d
40 75 8028 予小多機能２・超・同・少・日割 2 2 2 1 116 d
41 75 9012 予小多機能１・欠・日割 1 1 1 2 103 d
42 75 9014 予小多機能１・欠・少・日割 1 1 1 2 72 d
43 75 9016 予小多機能１・欠・同・日割 2 1 1 2 93 d
44 75 9018 予小多機能１・欠・同・少・日割 2 1 1 2 65 d
45 75 9022 予小多機能２・欠・日割 1 2 1 2 184 d
46 75 9024 予小多機能２・欠・少・日割 1 2 1 2 129 d
47 75 9026 予小多機能２・欠・同・日割 2 2 1 2 166 d
48 75 9028 予小多機能２・欠・同・少・日割 2 2 1 2 116 d
