000002162014061 00000216 2014 06 05 11 7311 13:00 13:59 0029 1 236 0 _ _ 1 1 20140701165354 39
000002162014061 00000216 2014 06 12 11 7311 13:00 13:59 0029 1 236 0 _ _ 1 1 20140701165354 39
000002162014061 00000216 2014 06 19 11 7311 13:00 13:59 0029 1 236 0 _ _ 1 1 20140701165354 39
000002162014061 00000216 2014 06 26 11 7311 13:00 13:59 0029 1 236 0 _ _ 1 1 20140701165354 39
000002162014062 00000216 2014 06 02 11 1211 14:10 15:09 0029 1 404 0 _ _ 1 1 20140701165354 39
000002162014062 00000216 2014 06 04 11 1211 14:10 15:09 0029 1 404 0 _ _ 1 1 20140701165354 39
000002162014062 00000216 2014 06 07 11 1211 14:10 15:09 0029 1 404 0 _ _ 1 1 20140701165354 39
000002162014062 00000216 2014 06 09 11 1211 14:10 15:09 0029 1 404 0 _ _ 1 1 20140701165354 39
000002162014062 00000216 2014 06 11 11 1211 14:10 15:09 0029 1 404 0 _ _ 1 1 20140701165354 39
000002162014062 00000216 2014 06 14 11 1211 14:10 15:09 0029 1 404 0 _ _ 1 1 20140701165354 39
000002162014062 00000216 2014 06 16 11 1211 14:10 15:09 0029 1 404 0 _ _ 1 1 20140701165354 39
000002162014062 00000216 2014 06 18 11 1211 14:10 15:09 0029 1 404 0 _ _ 1 1 20140701165354 39
000002162014062 00000216 2014 06 21 11 1211 14:10 15:09 0029 1 404 0 _ _ 1 1 20140701165354 39
000002162014062 00000216 2014 06 23 11 1211 14:10 15:09 0029 1 404 0 _ _ 1 1 20140701165354 39
000002162014062 00000216 2014 06 25 11 1211 14:10 15:09 0029 1 404 0 _ _ 1 1 20140701165354 39
000002162014062 00000216 2014 06 28 11 1211 14:10 15:09 0029 1 404 0 _ _ 1 1 20140701165354 39
000002162014062 00000216 2014 06 30 11 1211 14:10 15:09 0029 1 404 0 _ _ 1 1 20140701165354 39
000002162014063 00000216 2014 06 03 15 2442 09:30 17:00 0218 1 817 0 _ _ 1 1 20140701165354 39
000002162014063 00000216 2014 06 10 15 2442 09:30 17:00 0218 1 817 0 _ _ 1 1 20140701165354 39
000002162014063 00000216 2014 06 17 15 2442 09:30 17:00 0218 1 817 0 _ _ 1 1 20140701165354 39
000002162014063 00000216 2014 06 24 15 2442 09:30 17:00 0218 1 817 0 _ _ 1 1 20140701165354 39
000002162014064 00000216 2014 06 03 15 5052 09:30 17:00 0218 1 50 0 _ _ 1 1 20140701165354 39
000002162014064 00000216 2014 06 10 15 5052 09:30 17:00 0218 1 50 0 _ _ 1 1 20140701165354 39
000002162014064 00000216 2014 06 17 15 5052 09:30 17:00 0218 1 50 0 _ _ 1 1 20140701165354 39
000002162014064 00000216 2014 06 24 15 5052 09:30 17:00 0218 1 50 0 _ _ 1 1 20140701165354 39
000002162014065 00000216 2014 06 03 15 5606 09:30 17:00 0218 1 150 0 _ _ 1 1 20140701165354 39
000002162014065 00000216 2014 06 10 15 5606 09:30 17:00 0218 1 150 0 _ _ 1 1 20140701165354 39
000002162014066 00000216 2014 06 03 15 6102 09:30 17:00 0218 1 6 0 _ _ 1 1 20140701165354 39
000002162014066 00000216 2014 06 10 15 6102 09:30 17:00 0218 1 6 0 _ _ 1 1 20140701165354 39
000002162014066 00000216 2014 06 17 15 6102 09:30 17:00 0218 1 6 0 _ _ 1 1 20140701165354 39
000002162014066 00000216 2014 06 24 15 6102 09:30 17:00 0218 1 6 0 _ _ 1 1 20140701165354 39
000002162014071 00000216 2014 07 03 11 7311 13:00 13:59 0029 1 236 0 _ _ 1 1 20140802140448 39
000002162014071 00000216 2014 07 10 11 7311 13:00 13:59 0029 1 236 0 _ _ 1 1 20140802140448 39
000002162014071 00000216 2014 07 17 11 7311 13:00 13:59 0029 1 236 0 _ _ 1 1 20140802140448 39
000002162014071 00000216 2014 07 24 11 7311 13:00 13:59 0029 1 236 0 _ _ 1 1 20140802140448 39
000002162014071 00000216 2014 07 31 11 7311 13:00 13:59 0029 1 236 0 _ _ 1 1 20140802140448 39
000002162014072 00000216 2014 07 02 11 1211 14:10 15:09 0029 1 404 0 _ _ 1 1 20140802140448 39
000002162014072 00000216 2014 07 05 11 1211 14:10 15:09 0029 1 404 0 _ _ 1 1 20140802140448 39
000002162014072 00000216 2014 07 07 11 1211 14:10 15:09 0029 1 404 0 _ _ 1 1 20140802140448 39
000002162014072 00000216 2014 07 09 11 1211 14:10 15:09 0029 1 404 0 _ _ 1 1 20140802140448 39
000002162014072 00000216 2014 07 12 11 1211 14:10 15:09 0029 1 404 0 _ _ 1 1 20140802140448 39
000002162014072 00000216 2014 07 14 11 1211 14:10 15:09 0029 1 404 0 _ _ 1 1 20140802140448 39
000002162014072 00000216 2014 07 16 11 1211 14:10 15:09 0029 1 404 0 _ _ 1 1 20140802140448 39
000002162014072 00000216 2014 07 19 11 1211 14:10 15:09 0029 1 404 0 _ _ 1 1 20140802140448 39
000002162014072 00000216 2014 07 21 11 1211 14:10 15:09 0029 1 404 0 _ _ 1 1 20140802140448 39
000002162014072 00000216 2014 07 23 11 1211 14:10 15:09 0029 1 404 0 _ _ 1 1 20140802140448 39
000002162014072 00000216 2014 07 26 11 1211 14:10 15:09 0029 1 404 0 _ _ 1 1 20140802140448 39
000002162014072 00000216 2014 07 28 11 1211 14:10 15:09 0029 1 404 0 _ _ 1 1 20140802140448 39
000002162014072 00000216 2014 07 30 11 1211 14:10 15:09 0029 1 404 0 _ _ 1 1 20140802140448 39
000002162014073 00000216 2014 07 01 15 2442 09:30 17:00 0218 1 817 0 _ _ 1 1 20140802140448 39
000002162014073 00000216 2014 07 08 15 2442 09:30 17:00 0218 1 817 0 _ _ 1 1 20140802140448 39
000002162014073 00000216 2014 07 15 15 2442 09:30 17:00 0218 1 817 0 _ _ 1 1 20140802140448 39
000002162014073 00000216 2014 07 22 15 2442 09:30 17:00 0218 1 817 0 _ _ 1 1 20140802140448 39
000002162014073 00000216 2014 07 29 15 2442 09:30 17:00 0218 1 817 0 _ _ 1 1 20140802140448 39
000002162014074 00000216 2014 07 01 15 5052 09:30 17:00 0218 1 50 0 _ _ 1 1 20140802140448 39
000002162014074 00000216 2014 07 08 15 5052 09:30 17:00 0218 1 50 0 _ _ 1 1 20140802140448 39
000002162014074 00000216 2014 07 15 15 5052 09:30 17:00 0218 1 50 0 _ _ 1 1 20140802140448 39
000002162014074 00000216 2014 07 22 15 5052 09:30 17:00 0218 1 50 0 _ _ 1 1 20140802140448 39
000002162014074 00000216 2014 07 29 15 5052 09:30 17:00 0218 1 50 0 _ _ 1 1 20140802140448 39
000002162014075 00000216 2014 07 01 15 5606 09:30 17:00 0218 1 150 0 _ _ 1 1 20140802140448 39
000002162014075 00000216 2014 07 08 15 5606 09:30 17:00 0218 1 150 0 _ _ 1 1 20140802140448 39
000002162014076 00000216 2014 07 01 15 6102 09:30 17:00 0218 1 6 0 _ _ 1 1 20140802140448 39
000002162014076 00000216 2014 07 08 15 6102 09:30 17:00 0218 1 6 0 _ _ 1 1 20140802140448 39
000002162014076 00000216 2014 07 15 15 6102 09:30 17:00 0218 1 6 0 _ _ 1 1 20140802140448 39
000002162014076 00000216 2014 07 22 15 6102 09:30 17:00 0218 1 6 0 _ _ 1 1 20140802140448 39
000002162014076 00000216 2014 07 29 15 6102 09:30 17:00 0218 1 6 0 _ _ 1 1 20140802140448 39
000002162014081 00000216 2014 08 07 11 7311 13:00 13:59 0029 1 236 0 _ _ 1 1 20140718202735 39
000002162014081 00000216 2014 08 14 11 7311 13:00 13:59 0029 1 236 0 _ _ 1 1 20140718202735 39
000002162014081 00000216 2014 08 21 11 7311 13:00 13:59 0029 1 236 0 _ _ 1 1 20140718202735 39
000002162014081 00000216 2014 08 28 11 7311 13:00 13:59 0029 1 236 0 _ _ 1 1 20140718202735 39
000002162014082 00000216 2014 08 02 11 1211 14:10 15:09 0029 1 404 0 _ _ 1 1 20140718202735 39
000002162014082 00000216 2014 08 04 11 1211 14:10 15:09 0029 1 404 0 _ _ 1 1 20140718202735 39
000002162014082 00000216 2014 08 06 11 1211 14:10 15:09 0029 1 404 0 _ _ 1 1 20140718202735 39
000002162014082 00000216 2014 08 09 11 1211 14:10 15:09 0029 1 404 0 _ _ 1 1 20140718202735 39
000002162014082 00000216 2014 08 11 11 1211 14:10 15:09 0029 1 404 0 _ _ 1 1 20140718202735 39
000002162014082 00000216 2014 08 13 11 1211 14:10 15:09 0029 1 404 0 _ _ 1 1 20140718202735 39
000002162014082 00000216 2014 08 16 11 1211 14:10 15:09 0029 1 404 0 _ _ 1 1 20140718202735 39
000002162014082 00000216 2014 08 18 11 1211 14:10 15:09 0029 1 404 0 _ _ 1 1 20140718202735 39
000002162014082 00000216 2014 08 20 11 1211 14:10 15:09 0029 1 404 0 _ _ 1 1 20140718202735 39
000002162014082 00000216 2014 08 23 11 1211 14:10 15:09 0029 1 404 0 _ _ 1 1 20140718202735 39
000002162014082 00000216 2014 08 25 11 1211 14:10 15:09 0029 1 404 0 _ _ 1 1 20140718202735 39
000002162014082 00000216 2014 08 27 11 1211 14:10 15:09 0029 1 404 0 _ _ 1 1 20140718202735 39
000002162014082 00000216 2014 08 30 11 1211 14:10 15:09 0029 1 404 0 _ _ 1 1 20140718202735 39
000002162014083 00000216 2014 08 05 15 2442 09:30 17:00 0218 1 817 0 _ _ 1 1 20140718202735 39
000002162014083 00000216 2014 08 12 15 2442 09:30 17:00 0218 1 817 0 _ _ 1 1 20140718202735 39
000002162014083 00000216 2014 08 19 15 2442 09:30 17:00 0218 1 817 0 _ _ 1 1 20140718202735 39
000002162014083 00000216 2014 08 26 15 2442 09:30 17:00 0218 1 817 0 _ _ 1 1 20140718202735 39
000002162014084 00000216 2014 08 05 15 5052 09:30 17:00 0218 1 50 0 _ _ 1 1 20140718202735 39
000002162014084 00000216 2014 08 12 15 5052 09:30 17:00 0218 1 50 0 _ _ 1 1 20140718202735 39
000002162014084 00000216 2014 08 19 15 5052 09:30 17:00 0218 1 50 0 _ _ 1 1 20140718202735 39
000002162014084 00000216 2014 08 26 15 5052 09:30 17:00 0218 1 50 0 _ _ 1 1 20140718202735 39
000002162014085 00000216 2014 08 05 15 5606 09:30 17:00 0218 1 150 0 _ _ 1 1 20140718202735 39
000002162014085 00000216 2014 08 12 15 5606 09:30 17:00 0218 1 150 0 _ _ 1 1 20140718202735 39
000002162014086 00000216 2014 08 05 15 6102 09:30 17:00 0218 1 6 0 _ _ 1 1 20140718202735 39
000002162014086 00000216 2014 08 12 15 6102 09:30 17:00 0218 1 6 0 _ _ 1 1 20140718202735 39
000002162014086 00000216 2014 08 19 15 6102 09:30 17:00 0218 1 6 0 _ _ 1 1 20140718202735 39
000002162014086 00000216 2014 08 26 15 6102 09:30 17:00 0218 1 6 0 _ _ 1 1 20140718202735 39
000002162014091 00000216 2014 09 01 11 1211 14:10 15:09 0029 1 404 0 _ _ 1 1 20140816102013 39
000002162014091 00000216 2014 09 03 11 1211 14:10 15:09 0029 1 404 0 _ _ 1 1 20140816102013 39
000002162014091 00000216 2014 09 06 11 1211 14:10 15:09 0029 1 404 0 _ _ 1 1 20140816102013 39
000002162014091 00000216 2014 09 08 11 1211 14:10 15:09 0029 1 404 0 _ _ 1 1 20140816102013 39
000002162014091 00000216 2014 09 10 11 1211 14:10 15:09 0029 1 404 0 _ _ 1 1 20140816102013 39
000002162014091 00000216 2014 09 13 11 1211 14:10 15:09 0029 1 404 0 _ _ 1 1 20140816102013 39
000002162014091 00000216 2014 09 15 11 1211 14:10 15:09 0029 1 404 0 _ _ 1 1 20140816102013 39
000002162014091 00000216 2014 09 17 11 1211 14:10 15:09 0029 1 404 0 _ _ 1 1 20140816102013 39
000002162014091 00000216 2014 09 20 11 1211 14:10 15:09 0029 1 404 0 _ _ 1 1 20140816102013 39
000002162014091 00000216 2014 09 22 11 1211 14:10 15:09 0029 1 404 0 _ _ 1 1 20140816102013 39
000002162014091 00000216 2014 09 24 11 1211 14:10 15:09 0029 1 404 0 _ _ 1 1 20140816102013 39
000002162014091 00000216 2014 09 27 11 1211 14:10 15:09 0029 1 404 0 _ _ 1 1 20140816102013 39
000002162014091 00000216 2014 09 29 11 1211 14:10 15:09 0029 1 404 0 _ _ 1 1 20140816102013 39
000002162014092 00000216 2014 09 04 11 7311 13:00 13:59 0029 1 236 0 _ _ 1 1 20140816102013 39
000002162014092 00000216 2014 09 11 11 7311 13:00 13:59 0029 1 236 0 _ _ 1 1 20140816102013 39
000002162014092 00000216 2014 09 18 11 7311 13:00 13:59 0029 1 236 0 _ _ 1 1 20140816102013 39
000002162014092 00000216 2014 09 25 11 7311 13:00 13:59 0029 1 236 0 _ _ 1 1 20140816102013 39
000002162014093 00000216 2014 09 02 15 2442 09:30 17:00 0218 1 817 0 _ _ 1 1 20140816102013 39
000002162014093 00000216 2014 09 09 15 2442 09:30 17:00 0218 1 817 0 _ _ 1 1 20140816102013 39
000002162014093 00000216 2014 09 16 15 2442 09:30 17:00 0218 1 817 0 _ _ 1 1 20140816102013 39
000002162014093 00000216 2014 09 23 15 2442 09:30 17:00 0218 1 817 0 _ _ 1 1 20140816102013 39
000002162014093 00000216 2014 09 30 15 2442 09:30 17:00 0218 1 817 0 _ _ 1 1 20140816102013 39
000002162014094 00000216 2014 09 02 15 5052 09:30 17:00 0218 1 50 0 _ _ 1 1 20140816102013 39
000002162014094 00000216 2014 09 09 15 5052 09:30 17:00 0218 1 50 0 _ _ 1 1 20140816102013 39
000002162014094 00000216 2014 09 16 15 5052 09:30 17:00 0218 1 50 0 _ _ 1 1 20140816102013 39
000002162014094 00000216 2014 09 23 15 5052 09:30 17:00 0218 1 50 0 _ _ 1 1 20140816102013 39
000002162014094 00000216 2014 09 30 15 5052 09:30 17:00 0218 1 50 0 _ _ 1 1 20140816102013 39
000002162014095 00000216 2014 09 02 15 5606 09:30 17:00 0218 1 150 0 _ _ 1 1 20140816102013 39
000002162014095 00000216 2014 09 09 15 5606 09:30 17:00 0218 1 150 0 _ _ 1 1 20140816102013 39
000002162014096 00000216 2014 09 02 15 6102 09:30 17:00 0218 1 6 0 _ _ 1 1 20140816102013 39
000002162014096 00000216 2014 09 09 15 6102 09:30 17:00 0218 1 6 0 _ _ 1 1 20140816102013 39
000002162014096 00000216 2014 09 16 15 6102 09:30 17:00 0218 1 6 0 _ _ 1 1 20140816102013 39
000002162014096 00000216 2014 09 23 15 6102 09:30 17:00 0218 1 6 0 _ _ 1 1 20140816102013 39
000002162014096 00000216 2014 09 30 15 6102 09:30 17:00 0218 1 6 0 _ _ 1 1 20140816102013 39
