00000205 2011 03 01 14:30 15:59 11 1311 0029 11.26 1 584 1 20141201184421 00078
00000205 2011 03 03 14:30 15:59 11 7311 0029 11.26 1 291 1 20141201184421 00078
00000205 2011 03 04 14:30 15:59 11 1311 0029 11.26 1 584 1 20141201184421 00078
00000205 2011 03 10 14:30 15:29 11 7211 0029 11.26 1 229 1 20141201184421 00078
00000205 2011 03 24 14:30 15:29 11 7211 0029 11.26 1 229 1 20141201184421 00078
00000205 2011 03 28 14:30 15:59 11 1311 0029 11.26 1 584 1 20141201184421 00078
00000205 2011 03 31 14:30 15:29 11 7211 0029 11.26 1 229 1 20141201184421 00078
00000205 2011 04 01 15:00 15:50 11 1211 0029 11.26 1 402 1 20141201150542 00078
00000205 2011 04 05 14:30 15:59 11 1311 0029 11.26 1 584 1 20141201150542 00078
00000205 2011 04 07 14:40 15:39 11 7211 0029 11.26 1 229 1 20141201150542 00078
00000205 2011 04 12 14:30 15:29 11 1211 0029 11.26 1 402 1 20141201150542 00078
00000205 2011 04 14 14:30 15:29 11 7211 0029 11.26 1 229 1 20141201150542 00078
00000205 2011 04 19 14:30 15:50 11 1311 0029 11.26 1 584 1 20141201150542 00078
00000205 2011 04 21 14:30 15:59 11 7311 0029 11.26 1 291 1 20141201150542 00078
00000205 2011 04 22 14:30 15:59 11 1311 0029 11.26 1 584 1 20141201150542 00078
00000205 2011 04 26 14:30 15:59 11 1311 0029 11.26 1 584 1 20141201150542 00078
00000205 2011 04 28 14:30 15:29 11 7211 0029 11.26 1 229 1 20141201150542 00078
00000205 2011 04 29 14:30 15:50 11 1311 0029 11.26 1 584 1 20141201150542 00078
00000205 2011 05 03 14:30 15:59 11 1311 0029 11.26 1 584 1 20141130183922 00078
00000205 2011 05 05 14:00 15:29 11 1311 0029 11.26 1 584 1 20141130183922 00078
00000205 2011 05 06 14:30 15:59 11 1311 0029 11.26 1 584 1 20141130183922 00078
00000205 2011 05 08 14:30 15:59 11 1311 0029 11.26 1 584 1 20141130183922 00078
00000205 2011 05 12 14:30 15:29 11 7211 0029 11.26 1 229 1 20141130183922 00078
00000205 2011 05 13 14:30 15:29 11 1211 0029 11.26 1 402 1 20141130183922 00078
00000205 2011 05 17 14:30 15:59 11 1311 0029 11.26 1 584 1 20141130183922 00078
00000205 2011 05 19 14:30 15:59 11 7311 0029 11.26 1 291 1 20141130183922 00078
00000205 2011 05 20 14:30 15:59 11 1311 0029 11.26 1 584 1 20141130183922 00078
00000205 2011 05 24 14:30 15:59 11 1311 0029 11.26 1 584 1 20141130183922 00078
00000205 2011 05 26 14:30 15:29 11 7211 0029 11.26 1 229 1 20141130183922 00078
00000205 2011 05 27 14:30 15:59 11 1311 0029 11.26 1 584 1 20141130183922 00078
00000205 2011 05 31 14:30 15:59 11 1311 0029 11.26 1 584 1 20141130183922 00078
00000205 2011 06 03 14:30 15:59 11 1311 0029 11.26 1 584 1 20141130164325 00078
00000205 2011 06 07 14:30 15:59 11 1311 0029 11.26 1 584 1 20141130164325 00078
00000205 2011 06 09 14:30 15:29 11 7211 0029 11.26 1 229 1 20141130164325 00078
00000205 2011 06 10 14:30 15:59 11 1311 0029 11.26 1 584 1 20141130164325 00078
00000205 2011 06 14 14:30 15:59 11 1311 0029 11.26 1 584 1 20141130164325 00078
00000205 2011 06 16 14:30 15:59 11 7311 0029 11.26 1 291 1 20141130164325 00078
00000205 2011 06 17 14:30 15:59 11 1311 0029 11.26 1 584 1 20141130164325 00078
00000205 2011 06 23 14:30 15:29 11 7211 0029 11.26 1 229 1 20141130164325 00078
00000205 2011 06 24 14:30 15:59 11 1311 0029 11.26 1 584 1 20141130164325 00078
00000205 2011 07 01 14:30 15:59 11 1311 0029 11.26 1 584 1 20141130152923 00078
00000205 2011 07 05 14:30 14:59 11 1111 0029 11.26 1 254 1 20141130152923 00078
00000205 2011 07 05 14:30 15:59 11 1311 0029 11.26 1 584 1 20141130144523 00078
00000205 2011 07 07 14:30 15:59 11 7311 0029 11.26 1 291 1 20141130152923 00078
00000205 2011 07 08 14:30 15:59 11 1311 0029 11.26 1 584 1 20141130152923 00078
00000205 2011 07 12 14:30 14:59 11 1111 0029 11.26 1 254 1 20141130152923 00078
00000205 2011 07 12 14:30 15:59 11 1311 0029 11.26 1 584 1 20141130144523 00078
00000205 2011 07 14 14:30 15:29 11 7211 0029 11.26 1 229 1 20141130152923 00078
00000205 2011 07 15 14:30 15:59 11 1311 0029 11.26 1 584 1 20141130152923 00078
00000205 2011 07 19 14:30 15:59 11 1311 0029 11.26 1 584 1 20141130152923 00078
00000205 2011 07 21 14:30 15:59 11 7311 0029 11.26 1 291 1 20141130152923 00078
00000205 2011 07 22 14:30 15:59 11 1311 0029 11.26 1 584 1 20141130152923 00078
00000205 2011 07 26 14:30 15:59 11 1311 0029 11.26 1 584 1 20141130152923 00078
00000205 2011 07 28 14:30 15:29 11 7211 0029 11.26 1 229 1 20141130152923 00078
00000205 2011 07 30 14:30 15:59 11 1311 0029 11.26 1 584 1 20141130152923 00078
00000205 2011 08 02 14:30 15:59 11 1311 0029 11.26 1 584 1 20141130111244 00078
00000205 2011 08 04 14:30 15:59 11 7311 0029 11.26 1 291 1 20141130111244 00078
00000205 2011 08 05 14:30 15:59 11 1311 0029 11.26 1 584 1 20141130111244 00078
00000205 2011 08 11 14:30 15:29 11 7211 0029 11.26 1 229 1 20141130111244 00078
00000205 2011 08 12 14:30 15:59 11 1311 0029 11.26 1 584 1 20141130111244 00078
00000205 2011 08 16 14:30 15:59 11 1311 0029 11.26 1 584 1 20141130111244 00078
00000205 2011 08 18 14:30 15:59 11 7311 0029 11.26 1 291 1 20141130111244 00078
00000205 2011 08 23 14:30 15:59 11 1311 0029 11.26 1 584 1 20141130111244 00078
00000205 2011 08 25 14:30 15:29 11 7211 0029 11.26 1 229 1 20141130111244 00078
00000205 2011 08 27 14:30 15:59 11 1311 0029 11.26 1 584 1 20141130111244 00078
00000205 2011 08 30 14:30 15:59 11 1311 0029 11.26 1 584 1 20141130111244 00078
00000205 2011 09 01 14:30 15:29 11 7211 0029 11.26 1 229 1 20141128180949 00078
00000205 2011 09 02 14:30 15:59 11 1311 0029 11.26 1 584 1 20141128180949 00078
00000205 2011 09 06 14:30 15:59 11 1311 0029 11.26 1 584 1 20141128180949 00078
00000205 2011 09 08 14:30 15:29 11 7211 0029 11.26 1 229 1 20141128180949 00078
00000205 2011 09 09 14:30 15:59 11 1311 0029 11.26 1 584 1 20141128180949 00078
00000205 2011 09 13 14:30 15:59 11 1311 0029 11.26 1 584 1 20141128180949 00078
00000205 2011 09 15 14:30 15:59 11 7311 0029 11.26 1 291 1 20141128180949 00078
00000205 2011 09 16 14:30 15:59 11 1311 0029 11.26 1 584 1 20141128180949 00078
00000205 2011 09 20 14:30 15:59 11 1311 0029 11.26 1 584 1 20141128180949 00078
00000205 2011 09 22 14:30 15:29 11 7211 0029 11.26 1 229 1 20141128180949 00078
00000205 2011 09 23 14:10 15:09 11 1211 0029 11.26 1 402 1 20141128180949 00078
00000205 2011 09 27 14:30 15:59 11 1311 0029 11.26 1 584 1 20141128180949 00078
00000205 2011 09 29 14:30 15:29 11 7211 0029 11.26 1 229 1 20141128180949 00078
00000205 2011 09 30 14:30 15:59 11 1311 0029 11.26 1 584 1 20141128180949 00078
00000205 2011 10 04 14:30 15:59 11 1311 0029 11.26 1 584 1 20141127183143 00078
00000205 2011 10 06 14:30 15:59 11 7311 0029 11.26 1 291 1 20141127183143 00078
00000205 2011 10 11 14:30 15:59 11 1311 0029 11.26 1 584 1 20141127183143 00078
00000205 2011 10 13 14:30 15:29 11 7211 0029 11.26 1 229 1 20141127183143 00078
00000205 2011 10 18 14:30 15:59 11 1311 0029 11.26 1 584 1 20141127183143 00078
00000205 2011 10 20 14:30 15:59 11 7311 0029 11.26 1 291 1 20141127183143 00078
00000205 2011 10 21 14:30 15:59 11 1311 0029 11.26 1 584 1 20141127183143 00078
00000205 2011 10 25 14:30 15:59 11 1311 0029 11.26 1 584 1 20141127183143 00078
00000205 2011 10 27 14:30 15:29 11 7211 0029 11.26 1 229 1 20141127183143 00078
00000205 2011 10 28 14:30 15:59 11 1311 0029 11.26 1 584 1 20141127183143 00078
00000205 2011 11 01 14:30 15:59 11 1311 0029 11.26 1 584 1 20141127142555 00078
00000205 2011 11 04 14:30 15:59 11 1311 0029 11.26 1 584 1 20141127142555 00078
00000205 2011 11 08 14:30 15:59 11 1311 0029 11.26 1 584 1 20141127142555 00078
00000205 2011 11 10 14:30 15:29 11 7211 0029 11.26 1 229 1 20141127142555 00078
00000205 2011 11 11 14:30 15:59 11 1311 0029 11.26 1 584 1 20141127142555 00078
00000205 2011 11 15 14:30 15:59 11 1311 0029 11.26 1 584 1 20141127142555 00078
00000205 2011 11 17 14:30 15:59 11 7311 0029 11.26 1 291 1 20141127142555 00078
00000205 2011 11 18 14:30 15:59 11 1311 0029 11.26 1 584 1 20141127142555 00078
00000205 2011 11 22 14:30 15:59 11 1311 0029 11.26 1 584 1 20141127142555 00078
00000205 2011 11 24 14:30 15:29 11 7211 0029 11.26 1 229 1 20141127142555 00078
00000205 2011 11 29 14:30 15:59 11 1311 0029 11.26 1 584 1 20141127142555 00078
00000205 2011 12 01 14:30 15:59 11 7311 0029 11.26 1 291 1 20141125141853 00078
00000205 2011 12 06 14:30 15:59 11 1311 0029 11.26 1 584 1 20141125141853 00078
00000205 2011 12 08 14:30 15:29 11 4111 0029 11.26 1 337 1 20141125141853 00078
00000205 2011 12 09 14:30 15:59 11 1311 0029 11.26 1 584 1 20141125141853 00078
00000205 2011 12 13 14:30 15:59 11 1311 0029 11.26 1 584 1 20141125141853 00078
00000205 2011 12 16 14:30 15:59 11 1311 0029 11.26 1 584 1 20141125141853 00078
00000205 2011 12 20 14:30 15:59 11 1311 0029 11.26 1 584 1 20141125141853 00078
00000205 2011 12 22 14:30 15:29 11 4111 0029 11.26 1 337 1 20141125141853 00078
00000205 2011 12 23 14:30 15:59 11 1311 0029 11.26 1 584 1 20141125141853 00078
00000205 2011 12 27 14:30 15:59 11 1311 0029 11.26 1 584 1 20141125141853 00078
00000205 2011 12 29 14:30 15:29 11 4111 0029 11.26 1 337 1 20141125141853 00078
00000205 2011 12 30 14:30 15:59 11 1311 0029 11.26 1 584 1 20141125141853 00078
00000205 2012 01 05 14:30 15:59 11 7311 0029 11.26 1 291 1 20141121191701 00078
00000205 2012 01 06 14:30 15:59 11 1311 0029 11.26 1 584 1 20141121191701 00078
00000205 2012 01 10 14:30 15:59 11 1311 0029 11.26 1 584 1 20141121191701 00078
00000205 2012 01 12 14:30 15:29 11 7211 0029 11.26 1 229 1 20141121191701 00078
00000205 2012 01 13 14:30 15:59 11 1311 0029 11.26 1 584 1 20141121191701 00078
00000205 2012 01 17 14:30 15:59 11 1311 0029 11.26 1 584 1 20141121191701 00078
00000205 2012 01 19 14:30 15:29 11 7211 0029 11.26 1 229 1 20141121191701 00078
00000205 2012 01 20 14:30 15:59 11 1311 0029 11.26 1 584 1 20141121191701 00078
00000205 2012 01 24 14:30 15:59 11 1311 0029 11.26 1 584 1 20141121191701 00078
00000205 2012 01 26 14:30 15:29 11 7211 0029 11.26 1 229 1 20141121191701 00078
00000205 2012 01 27 14:30 15:59 11 1311 0029 11.26 1 584 1 20141121191701 00078
00000205 2012 02 02 14:30 15:59 11 7311 0029 11.26 1 291 1 20141119174818 00078
00000205 2012 02 07 14:30 15:59 11 1311 0029 11.26 1 584 1 20141119174818 00078
00000205 2012 02 09 14:30 15:29 11 4111 0029 11.26 1 337 1 20141119174818 00078
00000205 2012 02 10 14:30 15:59 11 1311 0029 11.26 1 584 1 20141119174818 00078
00000205 2012 02 14 14:30 15:59 11 1311 0029 11.26 1 584 1 20141119174818 00078
00000205 2012 02 16 14:30 15:29 11 4111 0029 11.26 1 337 1 20141119174818 00078
00000205 2012 02 17 14:30 15:59 11 1311 0029 11.26 1 584 1 20141119174818 00078
00000205 2012 02 21 14:30 15:59 11 1311 0029 11.26 1 584 1 20141119174818 00078
00000205 2012 02 23 14:30 15:59 11 7311 0029 11.26 1 291 1 20141119174818 00078
00000205 2012 02 28 14:30 15:59 11 1311 0029 11.26 1 584 1 20141119174818 00078
00000205 2012 03 01 14:30 15:59 11 7311 0029 11.26 1 291 1 20141119121845 00078
00000205 2012 03 02 14:30 15:59 11 1311 0029 11.26 1 584 1 20141119121845 00078
00000205 2012 03 06 14:30 15:59 11 1311 0029 11.26 1 584 1 20141119121845 00078
00000205 2012 03 08 14:30 15:29 11 7211 0029 11.26 1 229 1 20141119121845 00078
00000205 2012 03 13 14:30 15:59 11 1311 0029 11.26 1 584 1 20141119121845 00078
00000205 2012 03 15 14:30 15:59 11 7311 0029 11.26 1 291 1 20141119121845 00078
00000205 2012 03 20 14:30 15:59 11 1311 0029 11.26 1 584 1 20141119121845 00078
00000205 2012 03 22 14:30 15:29 11 7211 0029 11.26 1 229 1 20141119121845 00078
00000205 2012 03 23 14:30 15:59 11 1311 0029 11.26 1 584 1 20141119121845 00078
00000205 2012 03 27 14:30 15:59 11 1311 0029 11.26 1 584 1 20141119121845 00078
00000205 2012 03 29 14:30 15:29 11 7211 0029 11.26 1 229 1 20141119121845 00078
00000205 2012 04 03 14:30 15:59 11 1311 0029 11.26 1 584 1 20140715160615 00078
00000205 2012 04 05 14:30 15:29 11 7311 0029 11.26 1 235 1 20140715160615 00078
00000205 2012 04 10 14:30 15:59 11 1311 0029 11.26 1 584 1 20140715160615 00078
00000205 2012 04 12 14:30 15:29 11 7311 0029 11.26 1 235 1 20140715160615 00078
00000205 2012 04 13 14:30 15:59 11 1311 0029 11.26 1 584 1 20140715160615 00078
00000205 2012 04 17 14:30 15:59 11 1311 0029 11.26 1 584 1 20140715160615 00078
00000205 2012 04 19 14:30 15:29 11 7311 0029 11.26 1 235 1 20140715160615 00078
00000205 2012 04 24 14:30 15:59 11 1311 0029 11.26 1 584 1 20140715160615 00078
00000205 2012 04 26 14:30 15:29 11 7311 0029 11.26 1 235 1 20140715160615 00078
00000205 2012 04 27 14:30 15:59 11 1311 0029 11.26 1 584 1 20140715160615 00078
00000205 2012 05 01 14:30 15:59 11 1311 0029 11.26 1 584 1 20140715161257 00078
00000205 2012 05 03 14:30 15:29 11 7311 0029 11.26 1 235 1 20140715161257 00078
00000205 2012 05 04 14:30 15:59 11 1311 0029 11.26 1 584 1 20140715161257 00078
00000205 2012 05 08 14:30 15:59 11 1311 0029 11.26 1 584 1 20140715161257 00078
00000205 2012 05 10 14:30 15:29 11 7311 0029 11.26 1 235 1 20140715161257 00078
00000205 2012 05 11 14:30 15:59 11 1311 0029 11.26 1 584 1 20140715161257 00078
00000205 2012 05 15 14:30 15:59 11 1311 0029 11.26 1 584 1 20140715161257 00078
00000205 2012 05 17 14:30 15:29 11 7311 0029 11.26 1 235 1 20140715161257 00078
00000205 2012 05 18 14:30 15:59 11 1311 0029 11.26 1 584 1 20140715161257 00078
00000205 2012 05 22 14:30 15:59 11 1311 0029 11.26 1 584 1 20140715161257 00078
00000205 2012 05 24 14:30 15:29 11 7311 0029 11.26 1 235 1 20140715161257 00078
00000205 2012 05 29 14:30 15:59 11 1311 0029 11.26 1 584 1 20140715161257 00078
00000205 2012 05 31 14:30 15:29 11 7311 0029 11.26 1 235 1 20140715161257 00078
00000205 2012 06 01 14:30 15:59 11 1311 0029 11.26 1 584 1 20140715162042 00078
00000205 2012 06 05 14:30 15:59 11 1311 0029 11.26 1 584 1 20140715162042 00078
00000205 2012 06 07 14:30 15:29 11 7311 0029 11.26 1 235 1 20140715162042 00078
00000205 2012 06 08 14:30 15:59 11 1311 0029 11.26 1 584 1 20140715162042 00078
00000205 2012 06 12 14:30 15:59 11 1311 0029 11.26 1 584 1 20140715162042 00078
00000205 2012 06 14 14:30 15:29 11 7311 0029 11.26 1 235 1 20140715162042 00078
00000205 2012 06 15 14:30 15:59 11 1311 0029 11.26 1 584 1 20140715162042 00078
00000205 2012 06 19 14:30 15:59 11 1311 0029 11.26 1 584 1 20140715162042 00078
00000205 2012 06 21 14:30 15:29 11 7311 0029 11.26 1 235 1 20140715162042 00078
00000205 2012 06 22 14:30 15:59 11 1311 0029 11.26 1 584 1 20140715162042 00078
00000205 2012 06 26 14:30 15:59 11 1311 0029 11.26 1 584 1 20140715162042 00078
00000205 2012 06 28 14:30 15:29 11 7311 0029 11.26 1 235 1 20140715162042 00078
00000205 2012 06 29 14:30 15:59 11 1311 0029 11.26 1 584 1 20140715162042 00078
00000205 2012 07 03 14:30 15:59 11 1311 0029 11.26 1 584 1 20140715162753 00078
00000205 2012 07 05 14:30 15:29 11 7311 0029 11.26 1 235 1 20140715162753 00078
00000205 2012 07 06 14:30 15:59 11 1311 0029 11.26 1 584 1 20140715162753 00078
00000205 2012 07 10 14:30 15:59 11 1311 0029 11.26 1 584 1 20140715162753 00078
00000205 2012 07 12 14:30 15:29 11 7311 0029 11.26 1 235 1 20140715162753 00078
00000205 2012 07 13 14:30 15:59 11 1311 0029 11.26 1 584 1 20140715162753 00078
00000205 2012 07 17 14:30 15:59 11 1311 0029 11.26 1 584 1 20140715162753 00078
00000205 2012 07 19 14:30 15:29 11 7311 0029 11.26 1 235 1 20140715162753 00078
00000205 2012 07 20 14:30 15:59 11 1311 0029 11.26 1 584 1 20140715162753 00078
00000205 2012 07 24 14:30 15:59 11 1311 0029 11.26 1 584 1 20140715162753 00078
00000205 2012 07 26 14:30 15:29 11 7311 0029 11.26 1 235 1 20140715162753 00078
00000205 2012 07 27 14:30 15:59 11 1311 0029 11.26 1 584 1 20140715162753 00078
00000205 2012 07 31 14:30 15:59 11 1311 0029 11.26 1 584 1 20140715162753 00078
00000205 2012 08 02 14:30 15:29 11 7311 0029 11.26 1 235 1 20140715163257 00078
00000205 2012 08 03 14:30 15:59 11 1311 0029 11.26 1 584 1 20140715163257 00078
00000205 2012 08 07 14:30 15:59 11 1311 0029 11.26 1 584 1 20140715163257 00078
00000205 2012 08 09 14:30 15:29 11 7311 0029 11.26 1 235 1 20140715163257 00078
00000205 2012 08 10 14:30 15:59 11 1311 0029 11.26 1 584 1 20140715163257 00078
00000205 2012 08 16 14:30 15:29 11 7311 0029 11.26 1 235 1 20140715163257 00078
00000205 2012 08 17 14:30 15:59 11 1311 0029 11.26 1 584 1 20140715163257 00078
00000205 2012 08 21 14:30 15:59 11 1311 0029 11.26 1 584 1 20140715163257 00078
00000205 2012 08 23 14:30 15:29 11 7311 0029 11.26 1 235 1 20140715163257 00078
00000205 2012 08 24 14:30 15:59 11 1311 0029 11.26 1 584 1 20140715163257 00078
00000205 2012 08 28 14:30 15:59 11 1311 0029 11.26 1 584 1 20140715163257 00078
00000205 2012 08 30 14:30 15:29 11 7311 0029 11.26 1 235 1 20140715163257 00078
00000205 2012 08 31 14:30 15:59 11 1311 0029 11.26 1 584 1 20140715163257 00078
00000205 2012 09 04 15:00 15:59 11 1211 0029 11.26 1 402 1 20140715164121 00078
00000205 2012 09 06 14:30 15:29 11 7311 0029 11.26 1 235 1 20140715164121 00078
00000205 2012 09 11 14:30 15:59 11 1311 0029 11.26 1 584 1 20140715164121 00078
00000205 2012 09 13 14:30 15:29 11 7311 0029 11.26 1 235 1 20140715164121 00078
00000205 2012 09 14 14:30 15:59 11 1311 0029 11.26 1 584 1 20140715164121 00078
00000205 2012 09 18 14:30 15:59 11 1311 0029 11.26 1 584 1 20140715164121 00078
00000205 2012 09 20 14:30 15:29 11 7311 0029 11.26 1 235 1 20140715164121 00078
00000205 2012 09 21 14:30 15:59 11 1311 0029 11.26 1 584 1 20140715164121 00078
00000205 2012 09 25 14:30 15:59 11 1311 0029 11.26 1 584 1 20140715164121 00078
00000205 2012 09 27 14:30 15:29 11 7311 0029 11.26 1 235 1 20140715164121 00078
00000205 2012 09 28 14:30 15:59 11 1311 0029 11.26 1 584 1 20140715164121 00078
00000205 2012 10 02 14:30 15:59 11 1311 0029 11.26 1 584 1 20140715164541 00078
00000205 2012 10 04 14:30 15:29 11 7311 0029 11.26 1 235 1 20140715164541 00078
00000205 2012 10 05 14:30 15:59 11 1311 0029 11.26 1 584 1 20140715164541 00078
00000205 2012 10 09 14:30 15:59 11 1311 0029 11.26 1 584 1 20140715164541 00078
00000205 2012 10 11 14:30 15:29 11 7311 0029 11.26 1 235 1 20140715164541 00078
00000205 2012 10 12 14:30 15:59 11 1311 0029 11.26 1 584 1 20140715164541 00078
00000205 2012 10 16 14:30 15:59 11 1311 0029 11.26 1 584 1 20140715164541 00078
00000205 2012 10 18 14:30 15:29 11 7311 0029 11.26 1 235 1 20140715164541 00078
00000205 2012 10 19 14:30 15:59 11 1311 0029 11.26 1 584 1 20140715164541 00078
00000205 2012 10 23 14:30 15:59 11 1311 0029 11.26 1 584 1 20140715164541 00078
00000205 2012 10 25 14:30 15:29 11 7311 0029 11.26 1 235 1 20140715164541 00078
00000205 2012 10 26 14:30 15:59 11 1311 0029 11.26 1 584 1 20140715164541 00078
00000205 2012 10 30 14:30 15:59 11 1311 0029 11.26 1 584 1 20140715164541 00078
00000205 2012 11 01 14:30 15:29 11 7311 0029 11.26 1 235 1 20140715165143 00078
00000205 2012 11 02 14:30 15:59 11 1311 0029 11.26 1 584 1 20140715165143 00078
00000205 2012 11 13 14:30 15:59 11 1311 0029 11.26 1 584 1 20140715165143 00078
00000205 2012 11 16 14:30 15:59 11 1311 0029 11.26 1 584 1 20140715165143 00078
00000205 2012 11 20 14:30 15:59 11 1311 0029 11.26 1 584 1 20140715165143 00078
00000205 2012 11 22 14:30 15:29 11 7311 0029 11.26 1 235 1 20140715165143 00078
00000205 2012 11 23 14:30 15:59 11 1311 0029 11.26 1 584 1 20140715165143 00078
00000205 2012 11 27 14:30 15:59 11 1311 0029 11.26 1 584 1 20140715165143 00078
00000205 2012 11 29 14:30 15:29 11 7311 0029 11.26 1 235 1 20140715165143 00078
00000205 2012 11 30 14:30 15:59 11 1311 0029 11.26 1 584 1 20140715165143 00078
00000205 2012 12 04 14:30 15:59 11 1311 0029 11.26 1 584 1 20140715165654 00078
00000205 2012 12 06 15:00 15:59 11 7311 0029 11.26 1 235 1 20140715165654 00078
00000205 2012 12 07 14:30 15:59 11 1311 0029 11.26 1 584 1 20140715165654 00078
00000205 2012 12 11 14:30 15:59 11 1311 0029 11.26 1 584 1 20140715165654 00078
00000205 2012 12 14 14:30 15:59 11 1311 0029 11.26 1 584 1 20140715165654 00078
00000205 2012 12 18 14:30 15:59 11 1311 0029 11.26 1 584 1 20140715165654 00078
00000205 2012 12 28 14:30 15:59 11 1311 0029 11.26 1 584 1 20140715165654 00078
00000205 2013 01 03 14:30 15:29 11 7311 0029 11.26 1 235 1 20140708120000 00078
00000205 2013 01 04 14:30 15:59 11 1311 0029 11.26 1 584 1 20140708120000 00078
00000205 2013 01 08 14:30 15:59 11 1311 0029 11.26 1 584 1 20140708120000 00078
00000205 2013 01 10 14:30 15:29 11 7311 0029 11.26 1 235 1 20140708120000 00078
00000205 2013 01 11 14:30 15:59 11 1311 0029 11.26 1 584 1 20140708120000 00078
00000205 2013 01 15 14:30 15:59 11 1311 0029 11.26 1 584 1 20140708120000 00078
00000205 2013 01 17 14:30 15:29 11 7311 0029 11.26 1 235 1 20140708120000 00078
00000205 2013 01 18 14:30 15:59 11 1311 0029 11.26 1 584 1 20140708120000 00078
00000205 2013 01 22 14:30 15:59 11 1311 0029 11.26 1 584 1 20140708120000 00078
00000205 2013 01 24 14:30 15:29 11 7311 0029 11.26 1 235 1 20140708120000 00078
00000205 2013 01 25 14:30 15:59 11 1311 0029 11.26 1 584 1 20140708120000 00078
00000205 2013 01 29 14:30 15:59 11 1311 0029 11.26 1 584 1 20140708120000 00078
00000205 2013 01 31 14:30 15:29 11 7311 0029 11.26 1 235 1 20140708120000 00078
00000205 2013 02 01 14:30 15:59 11 1311 0029 11.26 1 584 1 20140708103716 00078
00000205 2013 02 05 14:30 15:59 11 1311 0029 11.26 1 584 1 20140708103716 00078
00000205 2013 02 07 14:30 15:29 11 7311 0029 11.26 1 235 1 20140708103716 00078
00000205 2013 02 08 14:30 15:59 11 1311 0029 11.26 1 584 1 20140708103716 00078
00000205 2013 02 12 14:30 15:59 11 1311 0029 11.26 1 584 1 20140708103716 00078
00000205 2013 02 14 14:30 15:29 11 7311 0029 11.26 1 235 1 20140708103716 00078
00000205 2013 02 15 14:30 15:59 11 1311 0029 11.26 1 584 1 20140708103716 00078
00000205 2013 02 21 14:30 15:29 11 7311 0029 11.26 1 235 1 20140708103716 00078
00000205 2013 02 22 14:30 15:59 11 1311 0029 11.26 1 584 1 20140708103716 00078
00000205 2013 02 26 14:30 15:59 11 1311 0029 11.26 1 584 1 20140708103716 00078
00000205 2013 02 28 14:30 15:29 11 7311 0029 11.26 1 235 1 20140708103716 00078
00000205 2013 03 01 14:30 15:59 11 1311 0029 11.26 1 584 1 20140708104400 00078
00000205 2013 03 05 14:30 15:59 11 1311 0029 11.26 1 584 1 20140708104400 00078
00000205 2013 03 07 14:30 15:29 11 7311 0029 11.26 1 235 1 20140708104400 00078
00000205 2013 03 08 14:30 15:59 11 1311 0029 11.26 1 584 1 20140708104400 00078
00000205 2013 03 12 14:30 15:59 11 1311 0029 11.26 1 584 1 20140708104400 00078
00000205 2013 03 14 14:30 15:29 11 7311 0029 11.26 1 235 1 20140708104400 00078
00000205 2013 03 15 14:30 15:59 11 1311 0029 11.26 1 584 1 20140708104400 00078
00000205 2013 03 19 14:20 15:49 11 1311 0029 11.26 1 584 1 20140708104400 00078
00000205 2013 03 21 14:20 15:19 11 7311 0029 11.26 1 235 1 20140708104400 00078
00000205 2013 03 22 14:20 15:49 11 1311 0029 11.26 1 584 1 20140708104400 00078
00000205 2013 03 26 14:20 15:49 11 1311 0029 11.26 1 584 1 20140708104400 00078
00000205 2013 03 28 14:20 15:19 11 7311 0029 11.26 1 235 1 20140708104400 00078
00000205 2013 03 29 14:20 15:49 11 1311 0029 11.26 1 584 1 20140708104400 00078
00000205 2013 04 02 14:30 15:59 11 1311 0029 11.26 1 584 1 20140708105003 00078
00000205 2013 04 04 14:30 15:29 11 7311 0029 11.26 1 235 1 20140708105003 00078
00000205 2013 04 05 14:30 15:59 11 1311 0029 11.26 1 584 1 20140708105003 00078
00000205 2013 04 09 14:30 15:59 11 1311 0029 11.26 1 584 1 20140708105003 00078
00000205 2013 04 11 14:30 15:29 11 7311 0029 11.26 1 235 1 20140708105003 00078
00000205 2013 04 12 14:30 15:59 11 1311 0029 11.26 1 584 1 20140708105003 00078
00000205 2013 04 16 14:30 15:59 11 1311 0029 11.26 1 584 1 20140708105003 00078
00000205 2013 04 18 14:30 15:29 11 7311 0029 11.26 1 235 1 20140708105003 00078
00000205 2013 04 19 14:30 15:59 11 1311 0029 11.26 1 584 1 20140708105003 00078
00000205 2013 04 23 14:30 15:59 11 1311 0029 11.26 1 584 1 20140708105003 00078
00000205 2013 04 25 14:30 15:29 11 7311 0029 11.26 1 235 1 20140708105003 00078
00000205 2013 04 26 14:30 15:59 11 1311 0029 11.26 1 584 1 20140708105003 00078
00000205 2013 04 30 14:30 15:59 11 1311 0029 11.26 1 584 1 20140708105003 00078
00000205 2013 05 02 14:20 15:19 11 7311 0029 11.26 1 235 1 20140708105819 00078
00000205 2013 05 03 14:20 15:49 11 1311 0029 11.26 1 584 1 20140708105819 00078
00000205 2013 05 07 14:20 15:49 11 1311 0029 11.26 1 584 1 20140708105819 00078
00000205 2013 05 09 14:20 15:19 11 7311 0029 11.26 1 235 1 20140708105819 00078
00000205 2013 05 10 14:20 15:49 11 1311 0029 11.26 1 584 1 20140708105819 00078
00000205 2013 05 14 14:20 15:49 11 1311 0029 11.26 1 584 1 20140708105819 00078
00000205 2013 05 16 14:20 15:19 11 7311 0029 11.26 1 235 1 20140708105819 00078
00000205 2013 05 17 14:00 14:59 11 1211 0029 11.26 1 402 1 20140708105819 00078
00000205 2013 05 21 14:20 15:49 11 1311 0029 11.26 1 584 1 20140708105819 00078
00000205 2013 05 23 14:20 15:19 11 7311 0029 11.26 1 235 1 20140708105819 00078
00000205 2013 05 24 14:20 15:49 11 1311 0029 11.26 1 584 1 20140708105819 00078
00000205 2013 05 28 14:20 15:49 11 1311 0029 11.26 1 584 1 20140708105819 00078
00000205 2013 05 30 13:30 14:29 11 7311 0029 11.26 1 235 1 20140708105819 00078
00000205 2013 05 31 14:20 15:49 11 1311 0029 11.26 1 584 1 20140708105819 00078
00000205 2013 06 06 14:20 15:19 11 7311 0029 11.26 1 235 1 20140708110455 00078
00000205 2013 06 07 14:20 15:49 11 1311 0029 11.26 1 584 1 20140708110455 00078
00000205 2013 06 11 14:20 15:49 11 1311 0029 11.26 1 584 1 20140708110455 00078
00000205 2013 06 13 14:20 15:19 11 7311 0029 11.26 1 235 1 20140708110455 00078
00000205 2013 06 14 14:20 15:49 11 1311 0029 11.26 1 584 1 20140708110455 00078
00000205 2013 06 18 14:20 15:49 11 1311 0029 11.26 1 584 1 20140708110455 00078
00000205 2013 06 20 14:20 15:19 11 7311 0029 11.26 1 235 1 20140708110455 00078
00000205 2013 06 21 14:20 15:49 11 1311 0029 11.26 1 584 1 20140708110455 00078
00000205 2013 06 25 15:00 16:29 11 1311 0029 11.26 1 584 1 20140708110455 00078
00000205 2013 06 27 14:20 15:19 11 7311 0029 11.26 1 235 1 20140708110455 00078
00000205 2013 06 28 14:20 15:49 11 1311 0029 11.26 1 584 1 20140708110455 00078
00000205 2013 07 02 14:20 15:49 11 1311 0029 11.26 1 584 1 20140708111135 00078
00000205 2013 07 04 14:20 15:19 11 7311 0029 11.26 1 235 1 20140708111135 00078
00000205 2013 07 05 14:20 15:49 11 1311 0029 11.26 1 584 1 20140708111135 00078
00000205 2013 07 09 14:20 15:49 11 1311 0029 11.26 1 584 1 20140708111135 00078
00000205 2013 07 11 14:20 15:19 11 7311 0029 11.26 1 235 1 20140708111135 00078
00000205 2013 07 12 14:20 15:49 11 1311 0029 11.26 1 584 1 20140708111135 00078
00000205 2013 07 16 14:20 15:49 11 1311 0029 11.26 1 584 1 20140708111135 00078
00000205 2013 07 18 14:20 15:19 11 7311 0029 11.26 1 235 1 20140708111135 00078
00000205 2013 07 19 14:20 15:49 11 1311 0029 11.26 1 584 1 20140708111135 00078
00000205 2013 07 23 14:20 15:49 11 1311 0029 11.26 1 584 1 20140708111135 00078
00000205 2013 07 25 14:20 15:19 11 7311 0029 11.26 1 235 1 20140708111135 00078
00000205 2013 07 26 14:20 15:49 11 1311 0029 11.26 1 584 1 20140708111135 00078
00000205 2013 07 30 14:20 15:49 11 1311 0029 11.26 1 584 1 20140708111135 00078
00000205 2013 08 01 14:20 15:19 11 7311 0029 11.26 1 235 1 20140708111712 00078
00000205 2013 08 02 14:20 15:49 11 1311 0029 11.26 1 584 1 20140708111712 00078
00000205 2013 08 06 14:20 15:49 11 1311 0029 11.26 1 584 1 20140708111712 00078
00000205 2013 08 08 14:20 15:19 11 7311 0029 11.26 1 235 1 20140708111712 00078
00000205 2013 08 09 14:20 15:49 11 1311 0029 11.26 1 584 1 20140708111712 00078
00000205 2013 08 13 14:20 15:49 11 1311 0029 11.26 1 584 1 20140708111712 00078
00000205 2013 08 15 14:20 15:19 11 7311 0029 11.26 1 235 1 20140708111712 00078
00000205 2013 08 16 14:20 15:49 11 1311 0029 11.26 1 584 1 20140708111712 00078
00000205 2013 08 20 14:20 15:49 11 1311 0029 11.26 1 584 1 20140708111712 00078
00000205 2013 08 22 14:20 15:19 11 7311 0029 11.26 1 235 1 20140708111712 00078
00000205 2013 08 23 14:20 15:49 11 1311 0029 11.26 1 584 1 20140708111712 00078
00000205 2013 08 27 14:20 15:49 11 1311 0029 11.26 1 584 1 20140708111712 00078
00000205 2013 08 29 14:20 15:19 11 7311 0029 11.26 1 235 1 20140708111712 00078
00000205 2013 08 30 14:20 15:49 11 1311 0029 11.26 1 584 1 20140708111712 00078
00000205 2013 09 03 14:20 15:49 11 1311 0029 11.26 1 584 1 20140702190031 00078
00000205 2013 09 05 14:20 15:19 11 7311 0029 11.26 1 235 1 20140702190031 00078
00000205 2013 09 06 14:20 15:49 11 1311 0029 11.26 1 584 1 20140702190031 00078
00000205 2013 09 10 14:20 15:49 11 1311 0029 11.26 1 584 1 20140702190031 00078
00000205 2013 09 12 14:20 15:19 11 7311 0029 11.26 1 235 1 20140702190031 00078
00000205 2013 09 13 14:20 15:49 11 1311 0029 11.26 1 584 1 20140702190031 00078
00000205 2013 09 17 14:20 15:49 11 1311 0029 11.26 1 584 1 20140702190031 00078
00000205 2013 09 19 14:20 15:19 11 7311 0029 11.26 1 235 1 20140702190031 00078
00000205 2013 09 20 14:00 14:59 11 1211 0029 11.26 1 402 1 20140702190031 00078
00000205 2013 09 24 14:20 15:49 11 1311 0029 11.26 1 584 1 20140702190031 00078
00000205 2013 09 26 14:20 15:19 11 7311 0029 11.26 1 235 1 20140702190031 00078
00000205 2013 09 27 14:20 15:49 11 1311 0029 11.26 1 584 1 20140702190031 00078
00000205 2013 10 01 14:20 15:49 11 1311 0029 11.26 1 584 1 20140702190601 00078
00000205 2013 10 03 14:20 15:19 11 7311 0029 11.26 1 235 1 20140702190601 00078
00000205 2013 10 04 14:20 15:49 11 1311 0029 11.26 1 584 1 20140702190601 00078
00000205 2013 10 08 14:20 15:49 11 1311 0029 11.26 1 584 1 20140702190601 00078
00000205 2013 10 10 14:20 15:19 11 7311 0029 11.26 1 235 1 20140702190601 00078
00000205 2013 10 11 14:20 15:49 11 1311 0029 11.26 1 584 1 20140702190601 00078
00000205 2013 10 15 14:20 15:49 11 1311 0029 11.26 1 584 1 20140702190601 00078
00000205 2013 10 17 14:20 15:19 11 7311 0029 11.26 1 235 1 20140702190601 00078
00000205 2013 10 18 14:20 15:49 11 1311 0029 11.26 1 584 1 20140702190601 00078
00000205 2013 10 22 14:20 15:49 11 1311 0029 11.26 1 584 1 20140702190601 00078
00000205 2013 10 24 14:20 15:19 11 7311 0029 11.26 1 235 1 20140702190601 00078
00000205 2013 10 25 14:20 15:49 11 1311 0029 11.26 1 584 1 20140702190601 00078
00000205 2013 10 29 14:20 15:49 11 1311 0029 11.26 1 584 1 20140702190601 00078
00000205 2013 10 31 14:20 15:19 11 7311 0029 11.26 1 235 1 20140702190601 00078
00000205 2013 11 01 14:20 15:49 11 1311 0029 11.26 1 584 1 20140702191324 00078
00000205 2013 11 05 14:20 15:49 11 1311 0029 11.26 1 584 1 20140702191324 00078
00000205 2013 11 07 14:20 15:19 11 7311 0029 11.26 1 235 1 20140702191324 00078
00000205 2013 11 08 14:20 15:49 11 1311 0029 11.26 1 584 1 20140702191324 00078
00000205 2013 11 12 14:20 15:49 11 1311 0029 11.26 1 584 1 20140702191324 00078
00000205 2013 11 14 14:20 15:19 11 7311 0029 11.26 1 235 1 20140702191324 00078
00000205 2013 11 15 14:20 15:49 11 1311 0029 11.26 1 584 1 20140702191324 00078
00000205 2013 11 19 14:20 15:49 11 1311 0029 11.26 1 584 1 20140702191324 00078
00000205 2013 11 21 16:10 17:09 11 7311 0029 11.26 1 235 1 20140702191324 00078
00000205 2013 11 22 14:20 15:49 11 1311 0029 11.26 1 584 1 20140702191324 00078
00000205 2013 11 26 14:20 15:49 11 1311 0029 11.26 1 584 1 20140702191324 00078
00000205 2013 11 28 14:20 15:19 11 7311 0029 11.26 1 235 1 20140702191324 00078
00000205 2013 11 29 14:20 15:49 11 1311 0029 11.26 1 584 1 20140702191324 00078
00000205 2013 12 03 14:20 15:49 11 1311 0029 11.26 1 584 1 20140702192115 00078
00000205 2013 12 05 14:20 15:19 11 7311 0029 11.26 1 235 1 20140702192115 00078
00000205 2013 12 06 14:20 15:49 11 1311 0029 11.26 1 584 1 20140702192115 00078
00000205 2013 12 10 14:20 15:49 11 1311 0029 11.26 1 584 1 20140702192115 00078
00000205 2013 12 12 14:20 15:19 11 7311 0029 11.26 1 235 1 20140702192115 00078
00000205 2013 12 13 14:20 15:49 11 1311 0029 11.26 1 584 1 20140702192115 00078
00000205 2013 12 17 14:20 15:49 11 1311 0029 11.26 1 584 1 20140702192115 00078
00000205 2013 12 19 14:50 15:29 11 7211 0029 11.26 1 190 1 20140702192115 00078
00000205 2013 12 20 14:20 15:49 11 1311 0029 11.26 1 584 1 20140702192115 00078
00000205 2013 12 24 14:20 15:49 11 1311 0029 11.26 1 584 1 20140702192115 00078
00000205 2013 12 26 14:20 15:19 11 7311 0029 11.26 1 235 1 20140702192115 00078
00000205 2013 12 27 14:20 15:49 11 1311 0029 11.26 1 584 1 20140702192115 00078
00000205 2013 12 31 14:20 15:49 11 1311 0029 11.26 1 584 1 20140702192115 00078
00000205 2014 01 02 14:20 15:20 11 7311 0029 11.26 1 235 1 20140618185927 00078
00000205 2014 01 03 14:20 15:49 11 1311 0029 11.26 1 584 1 20140618185927 00078
00000205 2014 01 07 14:20 15:49 11 1311 0029 11.26 1 584 1 20140618185927 00078
00000205 2014 01 09 14:20 15:20 11 7311 0029 11.26 1 235 1 20140618185927 00078
00000205 2014 01 10 14:20 15:49 11 1311 0029 11.26 1 584 1 20140618185927 00078
00000205 2014 01 14 14:20 15:49 11 1311 0029 11.26 1 584 1 20140618185927 00078
00000205 2014 01 16 14:20 15:20 11 7311 0029 11.26 1 235 1 20140618185927 00078
00000205 2014 01 17 14:20 15:49 11 1311 0029 11.26 1 584 1 20140618185927 00078
00000205 2014 01 21 14:20 15:49 11 1311 0029 11.26 1 584 1 20140618185927 00078
00000205 2014 01 23 14:20 15:20 11 7311 0029 11.26 1 235 1 20140618185927 00078
00000205 2014 01 24 14:20 15:49 11 1311 0029 11.26 1 584 1 20140618185927 00078
00000205 2014 01 28 14:20 15:49 11 1311 0029 11.26 1 584 1 20140618185927 00078
00000205 2014 01 30 14:20 15:20 11 7311 0029 11.26 1 235 1 20140618185927 00078
00000205 2014 01 31 14:20 15:49 11 1311 0029 11.26 1 584 1 20140618185927 00078
00000205 2014 02 12 14:20 15:50 61 1321 0107 11.26 1 3870 1 20140618192207 00078
00000205 2014 02 13 14:20 15:50 61 1321 0107 11.26 1 3870 1 20140618192207 00078
00000205 2014 02 14 14:20 15:50 61 1321 0107 11.26 1 3870 1 20140618192207 00078
00000205 2014 02 18 14:20 15:50 61 1321 0107 11.26 1 3870 1 20140618192207 00078
00000205 2014 02 20 14:20 15:50 61 1321 0107 11.26 1 3870 1 20140618192207 00078
00000205 2014 02 21 14:20 15:50 61 1321 0107 11.26 1 3870 1 20140618192207 00078
00000205 2014 02 25 14:20 15:50 61 1321 0107 11.26 1 3870 1 20140618192207 00078
00000205 2014 02 27 14:20 15:50 61 1321 0107 11.26 1 3870 1 20140618192207 00078
00000205 2014 02 28 14:20 15:50 61 1321 0107 11.26 1 3870 1 20140618192207 00078
00000205 2014 03 04 14:20 15:50 61 1321 0107 11.26 1 3870 1 20140618192642 00078
00000205 2014 03 06 14:20 15:50 61 1321 0107 11.26 1 3870 1 20140618192642 00078
00000205 2014 03 07 14:20 15:50 61 1321 0107 11.26 1 3870 1 20140618192642 00078
00000205 2014 03 11 14:20 15:50 61 1321 0107 11.26 1 3870 1 20140618192642 00078
00000205 2014 03 13 14:20 15:50 61 1321 0107 11.26 1 3870 1 20140618192642 00078
00000205 2014 03 14 14:20 15:50 61 1321 0107 11.26 1 3870 1 20140618192642 00078
00000205 2014 03 18 14:20 15:50 61 1321 0107 11.26 1 3870 1 20140618192642 00078
00000205 2014 03 20 14:20 15:50 61 1321 0107 11.26 1 3870 1 20140618192642 00078
00000205 2014 03 21 14:20 15:50 61 1321 0107 11.26 1 3870 1 20140618192642 00078
00000205 2014 03 25 14:20 15:50 61 1321 0107 11.26 1 3870 1 20140618192642 00078
00000205 2014 03 27 14:20 15:50 61 1321 0107 11.26 1 3870 1 20140618192642 00078
00000205 2014 03 28 14:20 15:50 61 1321 0107 11.26 1 3870 1 20140618192642 00078
00000205 2014 04 01 14:20 15:50 61 1321 0107 11.26 1 3889 1 20140618193131 00078
00000205 2014 04 03 14:20 15:50 61 1321 0107 11.26 1 3889 1 20140618193131 00078
00000205 2014 04 08 14:20 15:50 61 1321 0107 11.26 1 3889 1 20140618193131 00078
00000205 2014 04 10 14:20 15:50 61 1321 0107 11.26 1 3889 1 20140618193131 00078
00000205 2014 04 11 14:20 15:50 61 1321 0107 11.26 1 3889 1 20140618193131 00078
00000205 2014 04 15 14:20 15:50 61 1321 0107 11.26 1 3889 1 20140618193131 00078
00000205 2014 04 17 14:20 15:50 61 1321 0107 11.26 1 3889 1 20140618193131 00078
00000205 2014 04 18 14:20 15:50 61 1321 0107 11.26 1 3889 1 20140618193131 00078
00000205 2014 04 22 14:20 15:50 61 1321 0107 11.26 1 3889 1 20140618193131 00078
00000205 2014 04 24 14:20 15:50 61 1321 0107 11.26 1 3889 1 20140618193131 00078
00000205 2014 04 25 14:20 15:50 61 1321 0107 11.26 1 3889 1 20140618193131 00078
00000205 2014 04 29 14:20 15:50 61 1321 0107 11.26 1 3889 1 20140618193131 00078
00000205 2014 05 01 14:20 15:50 61 1321 0107 11.26 1 3889 1 20140728172742 00078
00000205 2014 05 02 14:20 15:20 61 1321 0107 11.26 1 3889 1 20140624151300 00078
00000205 2014 05 02 14:20 15:50 61 1321 0107 11.26 1 3889 1 20140728172742 00078
00000205 2014 05 03 14:20 15:50 61 1321 0107 11.26 1 3889 1 20140624110147 00078
00000205 2014 05 06 14:20 15:50 61 1321 0107 11.26 1 3889 1 20140728172742 00078
00000205 2014 05 08 14:20 15:50 61 1321 0107 11.26 1 3889 1 20140728172742 00078
00000205 2014 05 09 14:20 15:20 61 1321 0107 11.26 1 3889 1 20140624151300 00078
00000205 2014 05 09 14:20 15:50 61 1321 0107 11.26 1 3889 1 20140728172742 00078
00000205 2014 05 10 14:20 15:50 61 1321 0107 11.26 1 3889 1 20140624110147 00078
00000205 2014 05 13 14:20 15:50 61 1321 0107 11.26 1 3889 1 20140728172742 00078
00000205 2014 05 14 14:20 15:50 61 1321 0107 11.26 1 3889 1 20140624110147 00078
00000205 2014 05 15 14:20 15:50 61 1321 0107 11.26 1 3889 1 20140728172742 00078
00000205 2014 05 16 14:20 15:20 61 1321 0107 11.26 1 3889 1 20140624110147 00078
00000205 2014 05 17 14:20 15:50 61 1321 0107 11.26 1 3889 1 20140624110147 00078
00000205 2014 05 20 14:20 15:20 61 1321 0107 11.26 1 3889 1 20140624151300 00078
00000205 2014 05 20 14:20 15:50 61 1321 0107 11.26 1 3889 1 20140728172742 00078
00000205 2014 05 21 14:20 15:50 61 1321 0107 11.26 1 3889 1 20140624110147 00078
00000205 2014 05 22 14:20 15:50 61 1321 0107 11.26 1 3889 1 20140728172742 00078
00000205 2014 05 23 14:20 15:20 61 1321 0107 11.26 1 3889 1 20140624110147 00078
00000205 2014 05 23 14:20 15:50 61 1321 0107 11.26 1 3889 1 20140728172742 00078
00000205 2014 05 24 14:20 15:50 61 1321 0107 11.26 1 3889 1 20140624110147 00078
00000205 2014 05 27 14:20 15:50 61 1321 0107 11.26 1 3889 1 20140728172742 00078
00000205 2014 05 28 14:20 15:50 61 1321 0107 11.26 1 3889 1 20140624110147 00078
00000205 2014 05 29 14:20 15:50 61 1321 0107 11.26 1 3889 1 20140728172742 00078
00000205 2014 05 30 14:20 15:50 61 1321 0107 11.26 1 3889 1 20140728172742 00078
00000205 2014 05 31 14:20 15:50 61 1321 0107 11.26 1 3889 1 20140624110147 00078
