00000205 0029 2011 03 _ 1 20141201184421 00078
00000205 0029 2011 04 _ 1 20141201150542 00078
00000205 0029 2011 05 _ 1 20141130183922 00078
00000205 0029 2011 06 _ 1 20141130164325 00078
00000205 0029 2011 07 _ 1 20141130152923 00078
00000205 0029 2011 08 _ 1 20141130111244 00078
00000205 0029 2011 09 _ 1 20141128180949 00078
00000205 0029 2011 10 _ 1 20141127183143 00078
00000205 0029 2011 11 _ 1 20141127142555 00078
00000205 0029 2011 12 _ 1 20141125141853 00078
00000205 0029 2012 01 _ 1 20141121191701 00078
00000205 0029 2012 02 _ 1 20141119174818 00078
00000205 0029 2012 03 _ 1 20141119121845 00078
00000205 0029 2012 04 _ 1 20140715160615 00078
00000205 0029 2012 05 _ 1 20140715161257 00078
00000205 0029 2012 06 _ 1 20140715162042 00078
00000205 0029 2012 07 _ 1 20140715162753 00078
00000205 0029 2012 08 _ 1 20140715163257 00078
00000205 0029 2012 09 _ 1 20140715164121 00078
00000205 0029 2012 10 _ 1 20140715164541 00078
00000205 0029 2012 11 _ 1 20140715165143 00078
00000205 0029 2012 12 _ 1 20140715165654 00078
00000205 0029 2013 01 _ 1 20140708120000 00078
00000205 0029 2013 02 _ 1 20140708103716 00078
00000205 0029 2013 03 _ 1 20140708104400 00078
00000205 0029 2013 04 _ 1 20140708105003 00078
00000205 0029 2013 05 _ 1 20140708105819 00078
00000205 0029 2013 06 _ 1 20140708110455 00078
00000205 0029 2013 07 _ 1 20140708111135 00078
00000205 0029 2013 08 _ 1 20140708111712 00078
00000205 0029 2013 09 _ 1 20140702190031 00078
00000205 0029 2013 10 _ 1 20140702190601 00078
00000205 0029 2013 11 _ 1 20140702191324 00078
00000205 0029 2013 12 _ 1 20140702192115 00078
00000205 0029 2014 01 _ 1 20140618185927 00078
00000205 0107 2014 02 1 1 20140618192207 00078
00000205 0107 2014 03 _ 1 20140618192642 00078
00000205 0107 2014 04 _ 1 20140618193131 00078
00000205 0107 2014 05 _ 1 20140728172742 00078
00000205 0107 2014 06 _ 1 20140614125316 00049
