000001342014061 00000134 2014 06 02 11 1211 1 13:15 14:00 0070 1 404 0 _ _ 1 20140703205651 11
000001342014061 00000134 2014 06 05 11 1211 1 13:15 14:00 0070 1 404 0 _ _ 1 20140703205651 11
000001342014061 00000134 2014 06 09 11 1211 1 13:15 14:00 0070 1 404 0 _ _ 1 20140703205651 11
000001342014061 00000134 2014 06 12 11 1211 1 13:15 14:00 0070 1 404 0 _ _ 1 20140703205651 11
000001342014061 00000134 2014 06 19 11 1211 1 13:15 14:00 0070 1 404 0 _ _ 1 20140703205651 11
000001342014061 00000134 2014 06 23 11 1211 1 13:15 14:00 0070 1 404 0 _ _ 1 20140703205651 11
000001342014062 00000134 2014 06 07 15 1243 1 08:55 13:00 0257 1 600 0 _ _ 1 20140703205651 11
000001342014062 00000134 2014 06 28 15 1243 1 08:55 13:00 0257 1 600 0 _ _ 1 20140703205651 11
000001342014063 00000134 2014 06 01 17 1001 1 _ _ 0093 1 550 0 _ _ 1 20140703205651 11
000001342014064 00000134 2014 06 01 17 1009 1 _ _ 0093 1 200 0 _ _ 1 20140703205651 11
000001342014071 00000134 2014 07 03 11 1211 1 13:15 14:00 0070 1 404 0 _ _ 1 20140802155102 11
000001342014071 00000134 2014 07 07 11 1211 1 13:15 14:00 0070 1 404 0 _ _ 1 20140802155102 11
000001342014071 00000134 2014 07 17 11 1211 1 13:15 14:00 0070 1 404 0 _ _ 1 20140802155102 11
000001342014071 00000134 2014 07 21 11 1211 1 13:15 14:00 0070 1 404 0 _ _ 1 20140802155102 11
000001342014072 00000134 2014 07 14 11 1211 1 14:00 14:45 0070 1 404 0 _ _ 1 20140802155102 11
000001342014073 00000134 2014 07 19 15 1243 1 08:55 13:00 0257 1 600 0 _ _ 1 20140802155102 11
000001342014074 00000134 2014 07 01 17 1001 1 _ _ 0093 1 550 0 _ _ 1 20140802155102 11
000001342014075 00000134 2014 07 01 17 1009 1 _ _ 0093 1 200 0 _ _ 1 20140802155102 11
