000001662014071 00000166 2014 07 10 65 1111 13:30 16:30 0095 1 2115 0 _ _ 1 1 20140804174724 25
000001662014071 00000166 2014 07 24 65 1111 13:30 16:30 0095 1 2115 0 _ _ 1 1 20140804174724 25
000001662014071 00000166 2014 07 31 65 1111 13:30 16:30 0095 1 2115 0 _ _ 1 1 20140804174724 25
000001662014072 00000166 2014 07 10 65 5002 13:30 16:30 0095 1 225 0 _ _ 1 1 20140804174724 25
000001662014072 00000166 2014 07 24 65 5002 13:30 16:30 0095 1 225 0 _ _ 1 1 20140804174724 25
000001662014072 00000166 2014 07 31 65 5002 13:30 16:30 0095 1 225 0 _ _ 1 1 20140804174724 25
000001662014073 00000166 2014 07 10 65 5004 13:30 16:30 0095 1 150 0 _ _ 1 1 20140804174724 25
000001662014073 00000166 2014 07 24 65 5004 13:30 16:30 0095 1 150 0 _ _ 1 1 20140804174724 25
000001662014073 00000166 2014 07 31 65 5004 13:30 16:30 0095 1 150 0 _ _ 1 1 20140804174724 25
000001662014081 00000166 2014 08 07 65 1111 13:30 16:30 0095 1 2115 0 _ _ _ 1 20140721181729 25
000001662014081 00000166 2014 08 14 65 1111 13:30 16:30 0095 1 2115 0 _ _ _ 1 20140721181729 25
000001662014081 00000166 2014 08 21 65 1111 13:30 16:30 0095 1 2115 0 _ _ _ 1 20140721181729 25
000001662014081 00000166 2014 08 28 65 1111 13:30 16:30 0095 1 2115 0 _ _ _ 1 20140721181729 25
000001662014082 00000166 2014 08 07 65 6102 _ _ 0095 1 96 0 _ _ _ 1 20140721181729 25
000001662014082 00000166 2014 08 14 65 6102 _ _ 0095 1 96 0 _ _ _ 1 20140721181729 25
000001662014082 00000166 2014 08 21 65 6102 _ _ 0095 1 96 0 _ _ _ 1 20140721181729 25
000001662014082 00000166 2014 08 28 65 6102 _ _ 0095 1 96 0 _ _ _ 1 20140721181729 25
000001662014091 00000166 2014 09 04 65 1111 13:30 16:30 0095 1 2115 0 _ _ 1 1 20140815153611 25
000001662014091 00000166 2014 09 11 65 1111 13:30 16:30 0095 1 2115 0 _ _ 1 1 20140815153611 25
000001662014091 00000166 2014 09 18 65 1111 13:30 16:30 0095 1 2115 0 _ _ 1 1 20140815153611 25
000001662014091 00000166 2014 09 25 65 1111 13:30 16:30 0095 1 2115 0 _ _ 1 1 20140815153611 25
000001662014092 00000166 2014 09 04 65 5006 _ _ 0095 1 480 0 _ _ 1 1 20140815153611 25
000001662014092 00000166 2014 09 11 65 5006 _ _ 0095 1 480 0 _ _ 1 1 20140815153611 25
000001662014092 00000166 2014 09 18 65 5006 _ _ 0095 1 480 0 _ _ 1 1 20140815153611 25
000001662014092 00000166 2014 09 25 65 5006 _ _ 0095 1 480 0 _ _ 1 1 20140815153611 25
