0 1706 1360 3066
1 1706 1360 3066
10 1706 1360 3066
100 21807 17841 39648
11 1706 1360 3066
12 1706 1360 3066
13 1706 1360 3066
14 1706 1360 3066
15 1706 1360 3066
16 1706 1360 3066
17 1752 1382 3134
18 1799 1404 3203
19 1845 1425 3270
2 1706 1360 3066
20 1892 1447 3339
21 2062 1574 3636
22 2233 1702 3935
23 2404 1829 4233
24 2574 1956 4530
25 2745 2084 4829
26 2916 2211 5127
27 3086 2339 5425
28 3257 2466 5723
29 3427 2594 6021
3 1706 1360 3066
30 3598 2721 6319
31 3769 2849 6618
32 3939 2976 6915
33 4110 3103 7213
34 4281 3231 7512
35 4451 3358 7809
36 4622 3486 8108
37 4793 3613 8406
38 4963 3741 8704
39 5134 3868 9002
4 1706 1360 3066
40 5304 3996 9300
41 5549 4182 9731
42 5793 4369 10162
43 6037 4556 10593
44 6281 4743 11024
45 6525 4930 11455
46 6769 5117 11886
47 7013 5303 12316
48 7257 5490 12747
49 7501 5677 13178
5 1706 1360 3066
50 7745 5864 13609
51 7989 6051 14040
52 8233 6238 14471
53 8478 6424 14902
54 8722 6611 15333
55 8966 6798 15764
56 9210 6985 16195
57 9454 7172 16626
58 9698 7359 17057
59 9942 7545 17487
6 1706 1360 3066
60 10186 7732 17918
61 10477 7985 18462
62 10767 8238 19005
63 11058 8490 19548
64 11348 8743 20091
65 11639 8996 20635
66 11929 9249 21178
67 12220 9501 21721
68 12510 9754 22264
69 12801 10007 22808
7 1706 1360 3066
70 13091 10260 23351
71 13382 10512 23894
72 13672 10765 24437
73 13963 11018 24981
74 14253 11270 25523
75 14544 11523 26067
76 14834 11776 26610
77 15125 12029 27154
78 15415 12281 27696
79 15706 12534 28240
8 1706 1360 3066
80 15996 12787 28783
81 16287 13039 29326
82 16578 13292 29870
83 16868 13545 30413
84 17159 13798 30957
85 17449 14050 31499
86 17740 14303 32043
87 18030 14556 32586
88 18321 14808 33129
89 18611 15061 33672
9 1706 1360 3066
90 18902 15314 34216
91 19192 15567 34759
92 19483 15819 35302
93 19773 16072 35845
94 20064 16325 36389
95 20354 16578 36932
96 20645 16830 37475
97 20935 17083 38018
98 21226 17336 38562
99 21516 17588 39104
