210 30
211 30
212 30
213 30
214 30
215 30
216 30
217 30
218 30
219 30
220 30
311 30
312 30
313 30
314 30
315 30
316 30
317 30
318 30
319 30
320 30
401 30
402 30
403 30
404 30
405 30
406 30
407 30
408 30
409 30
410 30
414 30
415 30
416 30
417 30
418 30
419 30
420 30
421 30
501 30
502 30
503 30
504 30
505 30
506 30
507 30
508 30
509 40
510 30
511 40
512 30
513 30
514 30
515 30
516 30
517 30
518 30
519 30
520 30
521 30
601 30
602 30
603 30
604 30
605 30
606 30
607 30
608 30
609 40
610 30
611 40
612 30
613 30
614 30
615 30
616 30
617 30
618 30
619 30
620 30
621 30
701 30
702 30
703 30
704 30
705 30
706 30
707 30
708 30
709 40
710 30
712 30
713 30
714 30
715 30
716 30
717 30
718 30
719 30
720 30
721 30
801 30
802 30
803 30
804 30
805 30
806 30
807 30
808 30
809 40
813 30
815 30
817 30
819 30
821 30
901 30
902 30
903 30
904 30
905 30
906 30
907 30
908 30
909 40
RoomID ContractAmpele
