000002092012041 00000209 2012 04 02 61 1211 10:45 11:44 0107 1 2440 0 _ _ 1 1 20140716105119 78
000002092012041 00000209 2012 04 06 61 1211 10:45 11:44 0107 1 2440 0 _ _ 1 1 20140716105119 78
000002092012041 00000209 2012 04 09 61 1211 10:45 11:44 0107 1 2440 0 _ _ 1 1 20140716105119 78
000002092012041 00000209 2012 04 13 61 1211 10:45 11:44 0107 1 2440 0 _ _ 1 1 20140716105119 78
000002092012041 00000209 2012 04 16 61 1211 10:45 11:44 0107 1 2440 0 _ _ 1 1 20140716105119 78
000002092012041 00000209 2012 04 20 61 1211 10:45 11:44 0107 1 2440 0 _ _ 1 1 20140716105119 78
000002092012041 00000209 2012 04 23 61 1211 10:45 11:44 0107 1 2440 0 _ _ 1 1 20140716105119 78
000002092012041 00000209 2012 04 27 61 1211 10:45 11:44 0107 1 2440 0 _ _ 1 1 20140716105119 78
000002092012041 00000209 2012 04 30 61 1211 10:45 11:44 0107 1 2440 0 _ _ 1 1 20140716105119 78
000002092012051 00000209 2012 05 04 61 1211 10:45 11:44 0107 1 2440 0 _ _ 1 1 20140716105818 78
000002092012051 00000209 2012 05 07 61 1211 10:45 11:44 0107 1 2440 0 _ _ 1 1 20140716105818 78
000002092012051 00000209 2012 05 11 61 1211 10:45 11:44 0107 1 2440 0 _ _ 1 1 20140716105818 78
000002092012051 00000209 2012 05 14 61 1211 10:45 11:44 0107 1 2440 0 _ _ 1 1 20140716105818 78
000002092012051 00000209 2012 05 18 61 1211 10:45 11:44 0107 1 2440 0 _ _ 1 1 20140716105818 78
000002092012051 00000209 2012 05 21 61 1211 10:45 11:44 0107 1 2440 0 _ _ 1 1 20140716105818 78
000002092012051 00000209 2012 05 25 61 1211 10:45 11:44 0107 1 2440 0 _ _ 1 1 20140716105818 78
000002092012051 00000209 2012 05 28 61 1211 10:45 11:44 0107 1 2440 0 _ _ 1 1 20140716105818 78
000002092012061 00000209 2012 06 01 61 1211 10:45 11:44 0107 1 2440 0 _ _ 1 1 20140716110204 78
000002092012061 00000209 2012 06 04 61 1211 10:45 11:44 0107 1 2440 0 _ _ 1 1 20140716110204 78
000002092012061 00000209 2012 06 08 61 1211 10:45 11:44 0107 1 2440 0 _ _ 1 1 20140716110204 78
000002092012061 00000209 2012 06 11 61 1211 10:45 11:44 0107 1 2440 0 _ _ 1 1 20140716110204 78
000002092012061 00000209 2012 06 15 61 1211 10:45 11:44 0107 1 2440 0 _ _ 1 1 20140716110204 78
000002092012061 00000209 2012 06 18 61 1211 10:45 11:44 0107 1 2440 0 _ _ 1 1 20140716110204 78
000002092012061 00000209 2012 06 22 61 1211 10:45 11:44 0107 1 2440 0 _ _ 1 1 20140716110204 78
000002092012061 00000209 2012 06 25 61 1211 10:45 11:44 0107 1 2440 0 _ _ 1 1 20140716110204 78
000002092012061 00000209 2012 06 29 61 1211 10:45 11:44 0107 1 2440 0 _ _ 1 1 20140716110204 78
000002092012071 00000209 2012 07 02 61 1211 10:45 11:44 0107 1 2440 0 _ _ 1 1 20140716111006 78
000002092012071 00000209 2012 07 06 61 1211 10:45 11:44 0107 1 2440 0 _ _ 1 1 20140716111006 78
000002092012071 00000209 2012 07 09 61 1211 10:45 11:44 0107 1 2440 0 _ _ 1 1 20140716111006 78
000002092012071 00000209 2012 07 13 61 1211 10:45 11:44 0107 1 2440 0 _ _ 1 1 20140716111006 78
000002092012071 00000209 2012 07 16 61 1211 10:45 11:44 0107 1 2440 0 _ _ 1 1 20140716111006 78
000002092012071 00000209 2012 07 20 61 1211 10:45 11:44 0107 1 2440 0 _ _ 1 1 20140716111006 78
000002092012071 00000209 2012 07 23 61 1211 10:45 11:44 0107 1 2440 0 _ _ 1 1 20140716111006 78
000002092012071 00000209 2012 07 27 61 1211 10:45 11:44 0107 1 2440 0 _ _ 1 1 20140716111006 78
000002092012071 00000209 2012 07 30 61 1211 10:45 11:44 0107 1 2440 0 _ _ 1 1 20140716111006 78
000002092012081 00000209 2012 08 03 61 1211 10:45 11:44 0107 1 2440 0 _ _ 1 1 20140716111302 78
000002092012081 00000209 2012 08 06 61 1211 10:45 11:44 0107 1 2440 0 _ _ 1 1 20140716111302 78
000002092012081 00000209 2012 08 10 61 1211 10:45 11:44 0107 1 2440 0 _ _ 1 1 20140716111302 78
000002092012081 00000209 2012 08 13 61 1211 10:45 11:44 0107 1 2440 0 _ _ 1 1 20140716111302 78
000002092012081 00000209 2012 08 17 61 1211 10:45 11:44 0107 1 2440 0 _ _ 1 1 20140716111302 78
000002092012081 00000209 2012 08 20 61 1211 10:45 11:44 0107 1 2440 0 _ _ 1 1 20140716111302 78
000002092012081 00000209 2012 08 24 61 1211 10:45 11:44 0107 1 2440 0 _ _ 1 1 20140716111302 78
000002092012081 00000209 2012 08 27 61 1211 10:45 11:44 0107 1 2440 0 _ _ 1 1 20140716111302 78
000002092012081 00000209 2012 08 31 61 1211 10:45 11:44 0107 1 2440 0 _ _ 1 1 20140716111302 78
000002092012091 00000209 2012 09 03 61 1211 10:45 11:44 0107 1 2440 0 _ _ 1 1 20140716111639 78
000002092012091 00000209 2012 09 07 61 1211 10:45 11:44 0107 1 2440 0 _ _ 1 1 20140716111639 78
000002092012091 00000209 2012 09 10 61 1211 10:45 11:44 0107 1 2440 0 _ _ 1 1 20140716111639 78
000002092012091 00000209 2012 09 14 61 1211 10:45 11:44 0107 1 2440 0 _ _ 1 1 20140716111639 78
000002092012091 00000209 2012 09 17 61 1211 10:45 11:44 0107 1 2440 0 _ _ 1 1 20140716111639 78
000002092012091 00000209 2012 09 21 61 1211 10:45 11:44 0107 1 2440 0 _ _ 1 1 20140716111639 78
000002092012091 00000209 2012 09 24 61 1211 10:45 11:44 0107 1 2440 0 _ _ 1 1 20140716111639 78
000002092012091 00000209 2012 09 28 61 1211 10:45 11:44 0107 1 2440 0 _ _ 1 1 20140716111639 78
000002092012101 00000209 2012 10 01 61 1211 10:45 11:44 0107 1 2440 0 _ _ 1 1 20140716112220 78
000002092012101 00000209 2012 10 05 61 1211 10:45 11:44 0107 1 2440 0 _ _ 1 1 20140716112220 78
000002092012101 00000209 2012 10 08 61 1211 10:45 11:44 0107 1 2440 0 _ _ 1 1 20140716112220 78
000002092012101 00000209 2012 10 12 61 1211 10:45 11:44 0107 1 2440 0 _ _ 1 1 20140716112220 78
000002092012101 00000209 2012 10 15 61 1211 10:45 11:44 0107 1 2440 0 _ _ 1 1 20140716112220 78
000002092012101 00000209 2012 10 19 61 1211 10:45 11:44 0107 1 2440 0 _ _ 1 1 20140716112220 78
000002092012101 00000209 2012 10 22 61 1211 10:45 11:44 0107 1 2440 0 _ _ 1 1 20140716112220 78
000002092012101 00000209 2012 10 26 61 1211 10:45 11:44 0107 1 2440 0 _ _ 1 1 20140716112220 78
000002092012101 00000209 2012 10 29 61 1211 10:45 11:44 0107 1 2440 0 _ _ 1 1 20140716112220 78
000002092012111 00000209 2012 11 02 61 1211 10:45 11:44 0107 1 2440 0 _ _ 1 1 20140716113036 78
000002092012111 00000209 2012 11 05 61 1211 10:45 11:44 0107 1 2440 0 _ _ 1 1 20140716113036 78
000002092012111 00000209 2012 11 09 61 1211 10:45 11:44 0107 1 2440 0 _ _ 1 1 20140716113036 78
000002092012111 00000209 2012 11 12 61 1211 10:45 11:44 0107 1 2440 0 _ _ 1 1 20140716113036 78
000002092012111 00000209 2012 11 16 61 1211 10:45 11:44 0107 1 2440 0 _ _ 1 1 20140716113036 78
000002092012111 00000209 2012 11 19 61 1211 10:45 11:44 0107 1 2440 0 _ _ 1 1 20140716113036 78
000002092012111 00000209 2012 11 23 61 1211 10:45 11:44 0107 1 2440 0 _ _ 1 1 20140716113036 78
000002092012111 00000209 2012 11 26 61 1211 10:45 11:44 0107 1 2440 0 _ _ 1 1 20140716113036 78
000002092012111 00000209 2012 11 30 61 1211 10:45 11:44 0107 1 2440 0 _ _ 1 1 20140716113036 78
000002092012121 00000209 2012 12 03 61 1211 10:45 11:44 0107 1 2440 0 _ _ 1 1 20140716113557 78
000002092012121 00000209 2012 12 07 61 1211 10:45 11:44 0107 1 2440 0 _ _ 1 1 20140716113557 78
000002092012121 00000209 2012 12 10 61 1211 10:45 11:44 0107 1 2440 0 _ _ 1 1 20140716113557 78
000002092012121 00000209 2012 12 14 61 1211 10:45 11:44 0107 1 2440 0 _ _ 1 1 20140716113557 78
000002092012121 00000209 2012 12 17 61 1211 10:45 11:44 0107 1 2440 0 _ _ 1 1 20140716113557 78
000002092012121 00000209 2012 12 21 61 1211 10:45 11:44 0107 1 2440 0 _ _ 1 1 20140716113557 78
000002092012121 00000209 2012 12 24 61 1211 10:45 11:44 0107 1 2440 0 _ _ 1 1 20140716113557 78
000002092012121 00000209 2012 12 28 61 1211 10:45 11:44 0107 1 2440 0 _ _ 1 1 20140716113557 78
000002092012121 00000209 2012 12 31 61 1211 10:45 11:44 0107 1 2440 0 _ _ 1 1 20140716113557 78
000002092013011 00000209 2013 01 04 61 1211 10:45 11:44 0107 1 2440 0 _ _ 1 1 20140708141405 78
000002092013011 00000209 2013 01 07 61 1211 10:45 11:44 0107 1 2440 0 _ _ 1 1 20140708141405 78
000002092013011 00000209 2013 01 11 61 1211 10:45 11:44 0107 1 2440 0 _ _ 1 1 20140708141405 78
000002092013011 00000209 2013 01 14 61 1211 10:45 11:44 0107 1 2440 0 _ _ 1 1 20140708141405 78
000002092013011 00000209 2013 01 18 61 1211 10:45 11:44 0107 1 2440 0 _ _ 1 1 20140708141405 78
000002092013011 00000209 2013 01 21 61 1211 10:45 11:44 0107 1 2440 0 _ _ 1 1 20140708141405 78
000002092013011 00000209 2013 01 25 61 1211 10:45 11:44 0107 1 2440 0 _ _ 1 1 20140708141405 78
000002092013011 00000209 2013 01 28 61 1211 10:45 11:44 0107 1 2440 0 _ _ 1 1 20140708141405 78
000002092013021 00000209 2013 02 01 61 1211 10:45 11:44 0107 1 2440 0 _ _ 1 1 20140708142026 78
000002092013021 00000209 2013 02 04 61 1211 10:45 11:44 0107 1 2440 0 _ _ 1 1 20140708142026 78
000002092013021 00000209 2013 02 08 61 1211 10:45 11:44 0107 1 2440 0 _ _ 1 1 20140708142026 78
000002092013021 00000209 2013 02 11 61 1211 10:45 11:44 0107 1 2440 0 _ _ 1 1 20140708142026 78
000002092013021 00000209 2013 02 15 61 1211 10:45 11:44 0107 1 2440 0 _ _ 1 1 20140708142026 78
000002092013021 00000209 2013 02 18 61 1211 10:45 11:44 0107 1 2440 0 _ _ 1 1 20140708142026 78
000002092013021 00000209 2013 02 22 61 1211 10:45 11:44 0107 1 2440 0 _ _ 1 1 20140708142026 78
000002092013021 00000209 2013 02 25 61 1211 10:45 11:44 0107 1 2440 0 _ _ 1 1 20140708142026 78
000002092013031 00000209 2013 03 01 61 1211 10:45 11:44 0107 1 2440 0 _ _ 1 1 20140708142724 78
000002092013031 00000209 2013 03 04 61 1211 10:45 11:44 0107 1 2440 0 _ _ 1 1 20140708142724 78
000002092013031 00000209 2013 03 08 61 1211 10:45 11:44 0107 1 2440 0 _ _ 1 1 20140708142724 78
000002092013031 00000209 2013 03 11 61 1211 10:45 11:44 0107 1 2440 0 _ _ 1 1 20140708142724 78
000002092013031 00000209 2013 03 15 61 1211 10:45 11:44 0107 1 2440 0 _ _ 1 1 20140708142724 78
000002092013031 00000209 2013 03 18 61 1211 10:45 11:44 0107 1 2440 0 _ _ 1 1 20140708142724 78
000002092013031 00000209 2013 03 22 61 1211 10:45 11:44 0107 1 2440 0 _ _ 1 1 20140708142724 78
000002092013031 00000209 2013 03 25 61 1211 10:45 11:44 0107 1 2440 0 _ _ 1 1 20140708142724 78
000002092013031 00000209 2013 03 29 61 1211 10:45 11:44 0107 1 2440 0 _ _ 1 1 20140708142724 78
000002092013041 00000209 2013 04 01 61 1211 10:45 11:44 0107 1 2440 0 _ _ 1 1 20140708143352 78
000002092013041 00000209 2013 04 05 61 1211 10:45 11:44 0107 1 2440 0 _ _ 1 1 20140708143352 78
000002092013041 00000209 2013 04 08 61 1211 10:45 11:44 0107 1 2440 0 _ _ 1 1 20140708143352 78
000002092013041 00000209 2013 04 12 61 1211 10:45 11:44 0107 1 2440 0 _ _ 1 1 20140708143352 78
000002092013041 00000209 2013 04 15 61 1211 10:45 11:44 0107 1 2440 0 _ _ 1 1 20140708143352 78
000002092013041 00000209 2013 04 19 61 1211 10:45 11:44 0107 1 2440 0 _ _ 1 1 20140708143352 78
000002092013041 00000209 2013 04 22 61 1211 10:45 11:44 0107 1 2440 0 _ _ 1 1 20140708143352 78
000002092013041 00000209 2013 04 26 61 1211 10:45 11:44 0107 1 2440 0 _ _ 1 1 20140708143352 78
000002092013041 00000209 2013 04 29 61 1211 10:45 11:44 0107 1 2440 0 _ _ 1 1 20140708143352 78
000002092013051 00000209 2013 05 03 61 1211 10:30 11:29 0107 1 2440 0 _ _ 1 1 20140708144751 78
000002092013051 00000209 2013 05 06 61 1211 10:30 11:29 0107 1 2440 0 _ _ 1 1 20140708144751 78
000002092013051 00000209 2013 05 10 61 1211 10:30 11:29 0107 1 2440 0 _ _ 1 1 20140708144751 78
000002092013051 00000209 2013 05 13 61 1211 10:30 11:29 0107 1 2440 0 _ _ 1 1 20140708144751 78
000002092013051 00000209 2013 05 17 61 1211 10:30 11:29 0107 1 2440 0 _ _ 1 1 20140708144751 78
000002092013051 00000209 2013 05 20 61 1211 10:30 11:29 0107 1 2440 0 _ _ 1 1 20140708144751 78
000002092013051 00000209 2013 05 24 61 1211 10:30 11:29 0107 1 2440 0 _ _ 1 1 20140708144751 78
000002092013051 00000209 2013 05 27 61 1211 10:30 11:29 0107 1 2440 0 _ _ 1 1 20140708144751 78
000002092013051 00000209 2013 05 31 61 1211 10:30 11:29 0107 1 2440 0 _ _ 1 1 20140708144751 78
000002092013061 00000209 2013 06 03 61 1211 10:30 11:29 0107 1 2440 0 _ _ 1 1 20140708145244 78
000002092013061 00000209 2013 06 07 61 1211 10:30 11:29 0107 1 2440 0 _ _ 1 1 20140708145244 78
000002092013061 00000209 2013 06 10 61 1211 10:30 11:29 0107 1 2440 0 _ _ 1 1 20140708145244 78
000002092013061 00000209 2013 06 14 61 1211 10:30 11:29 0107 1 2440 0 _ _ 1 1 20140708145244 78
000002092013061 00000209 2013 06 17 61 1211 10:30 11:29 0107 1 2440 0 _ _ 1 1 20140708145244 78
000002092013061 00000209 2013 06 21 61 1211 10:30 11:29 0107 1 2440 0 _ _ 1 1 20140708145244 78
000002092013061 00000209 2013 06 24 61 1211 10:30 11:29 0107 1 2440 0 _ _ 1 1 20140708145244 78
000002092013061 00000209 2013 06 28 61 1211 10:30 11:29 0107 1 2440 0 _ _ 1 1 20140708145244 78
000002092013071 00000209 2013 07 01 61 1211 10:30 11:29 0107 1 2440 0 _ _ 1 1 20140708150106 78
000002092013071 00000209 2013 07 05 61 1211 10:30 11:29 0107 1 2440 0 _ _ 1 1 20140708150106 78
000002092013071 00000209 2013 07 08 61 1211 10:30 11:29 0107 1 2440 0 _ _ 1 1 20140708150106 78
000002092013071 00000209 2013 07 12 61 1211 10:30 11:29 0107 1 2440 0 _ _ 1 1 20140708150106 78
000002092013071 00000209 2013 07 15 61 1211 10:30 11:29 0107 1 2440 0 _ _ 1 1 20140708150106 78
000002092013071 00000209 2013 07 19 61 1211 10:30 11:29 0107 1 2440 0 _ _ 1 1 20140708150106 78
000002092013071 00000209 2013 07 22 61 1211 10:30 11:29 0107 1 2440 0 _ _ 1 1 20140708150106 78
000002092013071 00000209 2013 07 26 61 1211 10:30 11:29 0107 1 2440 0 _ _ 1 1 20140708150106 78
000002092013071 00000209 2013 07 29 61 1211 10:30 11:29 0107 1 2440 0 _ _ 1 1 20140708150106 78
000002092013081 00000209 2013 08 02 61 1211 10:30 11:29 0107 1 2440 0 _ _ 1 1 20140708150537 78
000002092013081 00000209 2013 08 05 61 1211 10:30 11:29 0107 1 2440 0 _ _ 1 1 20140708150537 78
000002092013081 00000209 2013 08 09 61 1211 10:30 11:29 0107 1 2440 0 _ _ 1 1 20140708150537 78
000002092013081 00000209 2013 08 12 61 1211 10:30 11:29 0107 1 2440 0 _ _ 1 1 20140708150537 78
000002092013081 00000209 2013 08 16 61 1211 10:30 11:29 0107 1 2440 0 _ _ 1 1 20140708150537 78
000002092013081 00000209 2013 08 19 61 1211 10:30 11:29 0107 1 2440 0 _ _ 1 1 20140708150537 78
000002092013081 00000209 2013 08 23 61 1211 10:30 11:29 0107 1 2440 0 _ _ 1 1 20140708150537 78
000002092013081 00000209 2013 08 26 61 1211 10:30 11:29 0107 1 2440 0 _ _ 1 1 20140708150537 78
000002092013081 00000209 2013 08 30 61 1211 10:30 11:29 0107 1 2440 0 _ _ 1 1 20140708150537 78
000002092013091 00000209 2013 09 02 61 1211 10:30 11:30 0107 1 2440 0 _ _ 1 1 20140703104228 78
000002092013091 00000209 2013 09 06 61 1211 10:30 11:30 0107 1 2440 0 _ _ 1 1 20140703104228 78
000002092013091 00000209 2013 09 09 61 1211 10:30 11:30 0107 1 2440 0 _ _ 1 1 20140703104228 78
000002092013091 00000209 2013 09 13 61 1211 10:30 11:30 0107 1 2440 0 _ _ 1 1 20140703104228 78
000002092013091 00000209 2013 09 16 61 1211 10:30 11:30 0107 1 2440 0 _ _ 1 1 20140703104228 78
000002092013091 00000209 2013 09 20 61 1211 10:30 11:30 0107 1 2440 0 _ _ 1 1 20140703104228 78
000002092013091 00000209 2013 09 23 61 1211 10:30 11:30 0107 1 2440 0 _ _ 1 1 20140703104228 78
000002092013091 00000209 2013 09 27 61 1211 10:30 11:30 0107 1 2440 0 _ _ 1 1 20140703104228 78
000002092013091 00000209 2013 09 30 61 1211 10:30 11:30 0107 1 2440 0 _ _ 1 1 20140703104228 78
000002092013101 00000209 2013 10 04 61 1211 10:30 11:30 0107 1 2440 0 _ _ 1 1 20140703105025 78
000002092013101 00000209 2013 10 07 61 1211 10:30 11:30 0107 1 2440 0 _ _ 1 1 20140703105025 78
000002092013101 00000209 2013 10 11 61 1211 10:30 11:30 0107 1 2440 0 _ _ 1 1 20140703105025 78
000002092013101 00000209 2013 10 14 61 1211 10:30 11:30 0107 1 2440 0 _ _ 1 1 20140703105025 78
000002092013101 00000209 2013 10 18 61 1211 10:30 11:30 0107 1 2440 0 _ _ 1 1 20140703105025 78
000002092013101 00000209 2013 10 21 61 1211 10:30 11:30 0107 1 2440 0 _ _ 1 1 20140703105025 78
000002092013101 00000209 2013 10 25 61 1211 10:30 11:30 0107 1 2440 0 _ _ 1 1 20140703105025 78
000002092013101 00000209 2013 10 28 61 1211 10:30 11:30 0107 1 2440 0 _ _ 1 1 20140703105025 78
000002092013111 00000209 2013 11 01 61 1211 10:30 11:30 0107 1 2440 0 _ _ 1 1 20140703105509 78
000002092013111 00000209 2013 11 04 61 1211 10:30 11:30 0107 1 2440 0 _ _ 1 1 20140703105509 78
000002092013111 00000209 2013 11 08 61 1211 10:30 11:30 0107 1 2440 0 _ _ 1 1 20140703105509 78
000002092013111 00000209 2013 11 11 61 1211 10:30 11:30 0107 1 2440 0 _ _ 1 1 20140703105509 78
000002092013111 00000209 2013 11 15 61 1211 10:30 11:30 0107 1 2440 0 _ _ 1 1 20140703105509 78
000002092013111 00000209 2013 11 18 61 1211 10:30 11:30 0107 1 2440 0 _ _ 1 1 20140703105509 78
000002092013111 00000209 2013 11 22 61 1211 10:30 11:30 0107 1 2440 0 _ _ 1 1 20140703105509 78
000002092013111 00000209 2013 11 25 61 1211 10:30 11:30 0107 1 2440 0 _ _ 1 1 20140703105509 78
000002092013111 00000209 2013 11 29 61 1211 10:30 11:30 0107 1 2440 0 _ _ 1 1 20140703105509 78
000002092013121 00000209 2013 12 02 61 1211 10:30 11:30 0107 1 2440 0 _ _ 1 1 20140703110017 78
000002092013121 00000209 2013 12 06 61 1211 10:30 11:30 0107 1 2440 0 _ _ 1 1 20140703110017 78
000002092013121 00000209 2013 12 09 61 1211 10:30 11:30 0107 1 2440 0 _ _ 1 1 20140703110017 78
000002092013121 00000209 2013 12 13 61 1211 10:30 11:30 0107 1 2440 0 _ _ 1 1 20140703110017 78
000002092013121 00000209 2013 12 16 61 1211 10:30 11:30 0107 1 2440 0 _ _ 1 1 20140703110017 78
000002092013121 00000209 2013 12 20 61 1211 10:30 11:30 0107 1 2440 0 _ _ 1 1 20140703110017 78
000002092013121 00000209 2013 12 23 61 1211 10:30 11:30 0107 1 2440 0 _ _ 1 1 20140703110017 78
000002092013121 00000209 2013 12 27 61 1211 10:30 11:30 0107 1 2440 0 _ _ 1 1 20140703110017 78
000002092013121 00000209 2013 12 30 61 1211 10:30 11:30 0107 1 2440 0 _ _ 1 1 20140703110017 78
000002092014011 00000209 2014 01 03 61 1211 10:30 11:30 0107 1 2440 0 _ _ 1 1 20140619101057 78
000002092014011 00000209 2014 01 06 61 1211 10:30 11:30 0107 1 2440 0 _ _ 1 1 20140619101057 78
000002092014011 00000209 2014 01 10 61 1211 10:30 11:30 0107 1 2440 0 _ _ 1 1 20140619101057 78
000002092014011 00000209 2014 01 13 61 1211 10:30 11:30 0107 1 2440 0 _ _ 1 1 20140619101057 78
000002092014011 00000209 2014 01 17 61 1211 10:30 11:30 0107 1 2440 0 _ _ 1 1 20140619101057 78
000002092014011 00000209 2014 01 20 61 1211 10:30 11:30 0107 1 2440 0 _ _ 1 1 20140619101057 78
000002092014011 00000209 2014 01 24 61 1211 10:30 11:30 0107 1 2440 0 _ _ 1 1 20140619101057 78
000002092014011 00000209 2014 01 27 61 1211 10:30 11:30 0107 1 2440 0 _ _ 1 1 20140619101057 78
000002092014011 00000209 2014 01 31 61 1211 10:30 11:30 0107 1 2440 0 _ _ 1 1 20140619101057 78
000002092014021 00000209 2014 02 03 61 1211 10:30 11:30 0107 1 2440 0 _ _ 1 1 20140619101614 78
000002092014021 00000209 2014 02 14 61 1211 10:30 11:30 0107 1 2440 0 _ _ 1 1 20140619101614 78
000002092014021 00000209 2014 02 17 61 1211 10:30 11:30 0107 1 2440 0 _ _ 1 1 20140619101614 78
000002092014021 00000209 2014 02 21 61 1211 10:30 11:30 0107 1 2440 0 _ _ 1 1 20140619101614 78
000002092014021 00000209 2014 02 24 61 1211 10:30 11:30 0107 1 2440 0 _ _ 1 1 20140619101614 78
000002092014021 00000209 2014 02 28 61 1211 10:30 11:30 0107 1 2440 0 _ _ 1 1 20140619101614 78
000002092014031 00000209 2014 03 03 61 1211 10:30 11:30 0107 1 2440 0 _ _ 1 1 20140619102131 78
000002092014031 00000209 2014 03 07 61 1211 10:30 11:30 0107 1 2440 0 _ _ 1 1 20140619102131 78
000002092014031 00000209 2014 03 10 61 1211 10:30 11:30 0107 1 2440 0 _ _ 1 1 20140619102131 78
000002092014031 00000209 2014 03 14 61 1211 10:30 11:30 0107 1 2440 0 _ _ 1 1 20140619102131 78
000002092014031 00000209 2014 03 17 61 1211 10:30 11:30 0107 1 2440 0 _ _ 1 1 20140619102131 78
000002092014031 00000209 2014 03 21 61 1211 10:30 11:30 0107 1 2440 0 _ _ 1 1 20140619102131 78
000002092014031 00000209 2014 03 24 61 1211 10:30 11:30 0107 1 2440 0 _ _ 1 1 20140619102131 78
000002092014031 00000209 2014 03 28 61 1211 10:30 11:30 0107 1 2440 0 _ _ 1 1 20140619102131 78
000002092014031 00000209 2014 03 31 61 1211 10:30 11:30 0107 1 2440 0 _ _ 1 1 20140619102131 78
000002092014041 00000209 2014 04 04 61 1211 10:30 11:30 0107 1 2452 0 _ _ 1 1 20140619102521 78
000002092014041 00000209 2014 04 07 61 1211 10:30 11:30 0107 1 2452 0 _ _ 1 1 20140619102521 78
000002092014041 00000209 2014 04 11 61 1211 10:30 11:30 0107 1 2452 0 _ _ 1 1 20140619102521 78
000002092014041 00000209 2014 04 14 61 1211 10:30 11:30 0107 1 2452 0 _ _ 1 1 20140619102521 78
000002092014041 00000209 2014 04 18 61 1211 10:30 11:30 0107 1 2452 0 _ _ 1 1 20140619102521 78
000002092014041 00000209 2014 04 21 61 1211 10:30 11:30 0107 1 2452 0 _ _ 1 1 20140619102521 78
000002092014041 00000209 2014 04 25 61 1211 10:30 11:30 0107 1 2452 0 _ _ 1 1 20140619102521 78
000002092014041 00000209 2014 04 28 61 1211 10:30 11:30 0107 1 2452 0 _ _ 1 1 20140619102521 78
000002092014051 00000209 2014 05 02 61 1211 10:30 11:30 0107 1 2452 0 _ _ 1 1 20140819103236 78
000002092014051 00000209 2014 05 05 61 1211 10:30 11:30 0107 1 2452 0 _ _ 1 1 20140819103236 78
000002092014051 00000209 2014 05 09 61 1211 10:30 11:30 0107 1 2452 0 _ _ 1 1 20140819103236 78
000002092014051 00000209 2014 05 12 61 1211 10:30 11:30 0107 1 2452 0 _ _ 1 1 20140819103236 78
000002092014051 00000209 2014 05 16 61 1211 10:30 11:30 0107 1 2452 0 _ _ 1 1 20140819103236 78
000002092014051 00000209 2014 05 19 61 1211 10:30 11:30 0107 1 2452 0 _ _ 1 1 20140819103236 78
000002092014051 00000209 2014 05 23 61 1211 10:30 11:30 0107 1 2452 0 _ _ 1 1 20140819103236 78
000002092014051 00000209 2014 05 26 61 1211 10:30 11:30 0107 1 2452 0 _ _ 1 1 20140819103236 78
000002092014051 00000209 2014 05 30 61 1211 10:30 11:30 0107 1 2452 0 _ _ 1 1 20140819103236 78
000002092014061 00000209 2014 06 02 61 1211 10:30 11:30 0107 1 2452 0 _ _ 1 1 20140701175714 39
000002092014061 00000209 2014 06 06 61 1211 10:30 11:30 0107 1 2452 0 _ _ 1 1 20140701175714 39
000002092014061 00000209 2014 06 09 61 1211 10:30 11:30 0107 1 2452 0 _ _ 1 1 20140701175714 39
000002092014061 00000209 2014 06 13 61 1211 10:30 11:30 0107 1 2452 0 _ _ 1 1 20140701175714 39
000002092014061 00000209 2014 06 16 61 1211 10:30 11:30 0107 1 2452 0 _ _ 1 1 20140701175714 39
000002092014061 00000209 2014 06 20 61 1211 10:30 11:30 0107 1 2452 0 _ _ 1 1 20140701175714 39
000002092014061 00000209 2014 06 23 61 1211 10:30 11:30 0107 1 2452 0 _ _ 1 1 20140701175714 39
000002092014061 00000209 2014 06 27 61 1211 10:30 11:30 0107 1 2452 0 _ _ 1 1 20140701175714 39
000002092014061 00000209 2014 06 30 61 1211 10:30 11:30 0107 1 2452 0 _ _ 1 1 20140701175714 39
000002092014071 00000209 2014 07 04 61 1211 10:30 11:29 0107 1 2452 0 _ _ 1 1 20140802130518 39
000002092014071 00000209 2014 07 07 61 1211 10:30 11:29 0107 1 2452 0 _ _ 1 1 20140802130518 39
000002092014071 00000209 2014 07 11 61 1211 10:30 11:29 0107 1 2452 0 _ _ 1 1 20140802130518 39
000002092014071 00000209 2014 07 14 61 1211 10:30 11:29 0107 1 2452 0 _ _ 1 1 20140802130518 39
000002092014071 00000209 2014 07 18 61 1211 10:30 11:29 0107 1 2452 0 _ _ 1 1 20140802130518 39
000002092014071 00000209 2014 07 21 61 1211 10:30 11:29 0107 1 2452 0 _ _ 1 1 20140802130518 39
000002092014071 00000209 2014 07 25 61 1211 10:30 11:29 0107 1 2452 0 _ _ 1 1 20140802130518 39
000002092014071 00000209 2014 07 28 61 1211 10:30 11:29 0107 1 2452 0 _ _ 1 1 20140802130518 39
000002092014081 00000209 2014 08 01 61 1211 10:30 11:29 0107 1 2452 0 _ _ 1 1 20140901131854 39
000002092014081 00000209 2014 08 04 61 1211 10:30 11:29 0107 1 2452 0 _ _ 1 1 20140901131854 39
000002092014081 00000209 2014 08 08 61 1211 10:30 11:29 0107 1 2452 0 _ _ 1 1 20140901131854 39
000002092014081 00000209 2014 08 11 61 1211 10:30 11:29 0107 1 2452 0 _ _ 1 1 20140901131854 39
000002092014081 00000209 2014 08 15 61 1211 10:30 11:29 0107 1 2452 0 _ _ 1 1 20140901131854 39
000002092014081 00000209 2014 08 18 61 1211 10:30 11:29 0107 1 2452 0 _ _ 1 1 20140901131854 39
000002092014081 00000209 2014 08 22 61 1211 10:30 11:29 0107 1 2452 0 _ _ 1 1 20140901131854 39
000002092014081 00000209 2014 08 25 61 1211 10:30 11:29 0107 1 2452 0 _ _ 1 1 20140901131854 39
000002092014081 00000209 2014 08 29 61 1211 10:30 11:29 0107 1 2452 0 _ _ 1 1 20140901131854 39
000002092014091 00000209 2014 09 01 61 1211 10:30 11:29 0107 1 2452 0 _ _ 1 1 20141001135540 39
000002092014091 00000209 2014 09 05 61 1211 10:30 11:29 0107 1 2452 0 _ _ 1 1 20141001135540 39
000002092014091 00000209 2014 09 08 61 1211 10:30 11:29 0107 1 2452 0 _ _ 1 1 20141001135540 39
000002092014091 00000209 2014 09 12 61 1211 10:30 11:29 0107 1 2452 0 _ _ 1 1 20141001135540 39
000002092014091 00000209 2014 09 15 61 1211 10:30 11:29 0107 1 2452 0 _ _ 1 1 20141001135540 39
000002092014091 00000209 2014 09 19 61 1211 10:30 11:29 0107 1 2452 0 _ _ 1 1 20141001135540 39
000002092014091 00000209 2014 09 22 61 1211 10:30 11:29 0107 1 2452 0 _ _ 1 1 20141001135540 39
000002092014091 00000209 2014 09 26 61 1211 10:30 11:29 0107 1 2452 0 _ _ 1 1 20141001135540 39
000002092014091 00000209 2014 09 29 61 1211 10:30 11:29 0107 1 2452 0 _ _ 1 1 20141001135540 39
000002092014101 00000209 2014 10 03 61 1211 10:30 11:29 0107 1 2452 0 _ _ 1 1 20141101110542 39
000002092014101 00000209 2014 10 06 61 1211 10:30 11:29 0107 1 2452 0 _ _ 1 1 20141101110542 39
000002092014101 00000209 2014 10 10 61 1211 10:30 11:29 0107 1 2452 0 _ _ 1 1 20141101110542 39
000002092014101 00000209 2014 10 13 61 1211 10:30 11:29 0107 1 2452 0 _ _ 1 1 20141101110542 39
000002092014101 00000209 2014 10 17 61 1211 10:30 11:29 0107 1 2452 0 _ _ 1 1 20141101110542 39
000002092014101 00000209 2014 10 20 61 1211 10:30 11:29 0107 1 2452 0 _ _ 1 1 20141101110542 39
000002092014101 00000209 2014 10 24 61 1211 10:30 11:29 0107 1 2452 0 _ _ 1 1 20141101110542 39
000002092014101 00000209 2014 10 27 61 1211 10:30 11:29 0107 1 2452 0 _ _ 1 1 20141101110542 39
000002092014101 00000209 2014 10 31 61 1211 10:30 11:29 0107 1 2452 0 _ _ 1 1 20141101110542 39
000002092014111 00000209 2014 11 03 61 1211 10:30 11:29 0107 1 2452 0 _ _ 1 1 20141202101301 39
000002092014111 00000209 2014 11 07 61 1211 10:30 11:29 0107 1 2452 0 _ _ 1 1 20141202101301 39
000002092014111 00000209 2014 11 10 61 1211 10:30 11:29 0107 1 2452 0 _ _ 1 1 20141202101301 39
000002092014111 00000209 2014 11 14 61 1211 10:30 11:29 0107 1 2452 0 _ _ 1 1 20141202101301 39
000002092014111 00000209 2014 11 17 61 1211 10:30 11:29 0107 1 2452 0 _ _ 1 1 20141202101301 39
000002092014111 00000209 2014 11 21 61 1211 10:30 11:29 0107 1 2452 0 _ _ 1 1 20141202101301 39
000002092014111 00000209 2014 11 24 61 1211 10:30 11:29 0107 1 2452 0 _ _ 1 1 20141202101301 39
000002092014111 00000209 2014 11 28 61 1211 10:30 11:29 0107 1 2452 0 _ _ 1 1 20141202101301 39
000002092014121 00000209 2014 12 01 61 1211 10:30 11:29 0107 1 2452 0 _ _ 1 1 20141117140133 39
000002092014121 00000209 2014 12 05 61 1211 10:30 11:29 0107 1 2452 0 _ _ 1 1 20141117140133 39
000002092014121 00000209 2014 12 08 61 1211 10:30 11:29 0107 1 2452 0 _ _ 1 1 20141117140133 39
000002092014121 00000209 2014 12 12 61 1211 10:30 11:29 0107 1 2452 0 _ _ 1 1 20141117140133 39
000002092014121 00000209 2014 12 15 61 1211 10:30 11:29 0107 1 2452 0 _ _ 1 1 20141117140133 39
000002092014121 00000209 2014 12 19 61 1211 10:30 11:29 0107 1 2452 0 _ _ 1 1 20141117140133 39
000002092014121 00000209 2014 12 22 61 1211 10:30 11:29 0107 1 2452 0 _ _ 1 1 20141117140133 39
000002092014121 00000209 2014 12 26 61 1211 10:30 11:29 0107 1 2452 0 _ _ 1 1 20141117140133 39
000002092014121 00000209 2014 12 29 61 1211 10:30 11:29 0107 1 2452 0 _ _ 1 1 20141117140133 39
