1 00000253 2014 06 11 0029 グランクレール・ケアサービス馬事公苑 1211 身体介護２ 404 0 404 6 2424 _ _ _ _ _ _ _ _ _ _ n 1 20140621130900 00052
1 00000253 2014 07 11 0029 グランクレール・ケアサービス馬事公苑 1211 身体介護２ 404 0 404 15 6060 6060 0 0 6060 11.26 68235 90 61411 6824 0 n 1 20140628165710 00047
2 00000253 2014 06 11 0029 グランクレール・ケアサービス馬事公苑 4001 訪問介護初回加算 200 0 200 1 200 _ _ _ _ _ _ _ _ _ _ n 1 20140621130900 00052
2 00000253 2014 07 11 0029 グランクレール・ケアサービス馬事公苑 7311 生活援助３ 236 0 236 5 1180 1180 0 0 1180 11.26 13286 90 11957 1329 0 n 1 20140628165710 00047
3 00000253 2014 06 11 0029 グランクレール・ケアサービス馬事公苑 7311 生活援助３ 236 0 236 2 472 _ _ _ _ _ _ _ _ _ _ n 1 20140621130900 00052
3 00000253 2014 07 11 0029 グランクレール・ケアサービス馬事公苑 _ _ _ 0 _ 20 7240 7240 0 0 7240 11.26 81521 90 73368 8153 0 j 1 20140628165710 00047
4 00000253 2014 06 11 0029 グランクレール・ケアサービス馬事公苑 _ _ _ 0 _ 9 3096 0 3096 0 3096 _ _ _ _ _ _ j 1 20140621130900 00052
4 00000253 2014 07 11 0029 グランクレール・ケアサービス馬事公苑 6271 訪問介護処遇改善加算Ⅰ 290 0 290 1 290 290 0 0 290 11.26 3265 90 2938 327 0 a 1 20140628165710 00047
5 00000253 2014 06 11 0029 グランクレール・ケアサービス馬事公苑 6271 訪問介護処遇改善加算Ⅰ 124 0 124 1 124 0 124 0 124 _ _ _ _ _ _ a 1 20140621130900 00052
6 00000253 2014 06 11 0029 グランクレール・ケアサービス馬事公苑 _ 事業所合計 _ _ _ 10 3096 0 3096 0 3096 11.26 36257 90 32631 3626 0 t 1 20140621130900 00052
