00000048 2011 12 00030 1 20141103171357 00077
00000048 2012 01 00030 1 20141021111656 00077
00000048 2012 02 00030 1 20141021111730 00077
00000048 2012 03 00030 1 20141021112008 00077
00000048 2012 05 00030 1 20140804155320 00030
00000048 2012 06 00030 1 20140804155635 00030
00000048 2012 07 00030 1 20140804160357 00030
00000048 2012 08 00030 1 20140804161348 00030
00000048 2013 08 00030 1 20140723121048 00030
00000048 2013 09 00013 1 20140626113127 00030
00000048 2013 10 00013 1 20140626113820 00030
00000048 2013 11 00013 1 20140626114816 00030
00000048 2013 12 00013 1 20140626115750 00030
00000048 2014 01 00013 1 20140618155918 00078
00000048 2014 02 00013 1 20140618155954 00078
00000048 2014 03 00013 1 20140618160020 00078
00000048 2014 04 00013 1 20140618160058 00078
00000048 2014 05 00013 1 20140815173445 00030
