00000212 2012 04 11 13:00 13:59 61 1111 0107 11.26 1 1220 1 20140716172008 00078
00000212 2012 04 18 13:00 13:59 61 1111 0107 11.26 1 1220 1 20140716172008 00078
00000212 2012 04 25 13:00 13:59 61 1111 0107 11.26 1 1220 1 20140716172008 00078
00000212 2012 05 02 13:00 13:59 61 1111 0107 11.26 1 1220 1 20140716172504 00078
00000212 2012 05 09 13:00 13:59 61 1111 0107 11.26 1 1220 1 20140716172504 00078
00000212 2012 05 16 13:00 13:59 61 1111 0107 11.26 1 1220 1 20140716172504 00078
00000212 2012 05 23 13:00 13:59 61 1111 0107 11.26 1 1220 1 20140716172504 00078
00000212 2012 06 06 13:00 13:59 61 1111 0107 11.26 1 1220 1 20140716172805 00078
00000212 2012 06 20 13:00 13:59 61 1111 0107 11.26 1 1220 1 20140716172805 00078
00000212 2012 06 27 13:00 13:59 61 1111 0107 11.26 1 1220 1 20140716172805 00078
00000212 2012 07 04 13:00 13:59 61 1111 0107 11.26 1 1220 1 20140716173027 00078
00000212 2012 07 11 13:00 13:59 61 1111 0107 11.26 1 1220 1 20140716173027 00078
00000212 2012 07 18 13:00 13:59 61 1111 0107 11.26 1 1220 1 20140716173027 00078
00000212 2012 08 01 13:00 13:59 61 1111 0107 11.26 1 1220 1 20140716173342 00078
00000212 2012 08 08 13:00 13:59 61 1111 0107 11.26 1 1220 1 20140716173342 00078
00000212 2012 08 15 13:00 13:59 61 1111 0107 11.26 1 1220 1 20140716173342 00078
00000212 2012 08 29 13:00 13:59 61 1111 0107 11.26 1 1220 1 20140716173342 00078
00000212 2012 09 12 13:00 13:59 61 1111 0107 11.26 1 1220 1 20140716173711 00078
00000212 2012 09 26 13:00 13:59 61 1111 0107 11.26 1 1220 1 20140716173711 00078
00000212 2012 10 03 13:00 13:59 61 1111 0107 11.26 1 1220 1 20140716174002 00078
00000212 2012 10 10 13:00 13:59 61 1111 0107 11.26 1 1220 1 20140716174002 00078
00000212 2012 10 17 13:00 13:59 61 1111 0107 11.26 1 1220 1 20140716174002 00078
00000212 2012 11 07 13:00 13:59 61 1111 0107 11.26 1 1220 1 20140716174238 00078
00000212 2012 11 14 13:00 13:59 61 1111 0107 11.26 1 1220 1 20140716174238 00078
00000212 2012 11 28 13:00 13:59 61 1111 0107 11.26 1 1220 1 20140716174238 00078
00000212 2012 12 05 13:00 13:59 61 1111 0107 11.26 1 1220 1 20140716174513 00078
00000212 2012 12 12 13:00 13:59 61 1111 0107 11.26 1 1220 1 20140716174513 00078
00000212 2012 12 19 13:00 13:59 61 1111 0107 11.26 1 1220 1 20140716174513 00078
00000212 2012 12 26 13:00 13:59 61 1111 0107 11.26 1 1220 1 20140716174513 00078
00000212 2013 01 09 13:00 14:00 61 1111 0107 11.26 1 1220 1 20140708152238 00078
00000212 2013 01 16 13:00 14:00 61 1111 0107 11.26 1 1220 1 20140708152238 00078
00000212 2013 01 23 13:00 14:00 61 1111 0107 11.26 1 1220 1 20140708152238 00078
00000212 2013 01 30 13:00 14:00 61 1111 0107 11.26 1 1220 1 20140708152238 00078
00000212 2013 02 06 13:00 14:00 61 1111 0107 11.26 1 1220 1 20140708152709 00078
00000212 2013 02 13 13:00 14:00 61 1111 0107 11.26 1 1220 1 20140708152709 00078
00000212 2013 02 20 13:00 14:00 61 1111 0107 11.26 1 1220 1 20140708152709 00078
00000212 2013 02 27 13:00 14:00 61 1111 0107 11.26 1 1220 1 20140708152709 00078
00000212 2013 03 06 13:00 14:00 61 1111 0107 11.26 1 1220 1 20140708153017 00078
00000212 2013 03 13 13:00 14:00 61 1111 0107 11.26 1 1220 1 20140708153017 00078
00000212 2013 03 20 13:00 14:00 61 1111 0107 11.26 1 1220 1 20140708153017 00078
00000212 2013 04 03 13:00 14:00 61 1111 0107 11.26 1 1220 1 20140708153525 00078
00000212 2013 04 10 13:00 14:00 61 1111 0107 11.26 1 1220 1 20140708153525 00078
00000212 2013 04 17 13:00 14:00 61 1111 0107 11.26 1 1220 1 20140708153525 00078
00000212 2013 05 01 13:00 14:00 61 1111 0107 11.26 1 1220 1 20140708154306 00078
00000212 2013 05 08 13:00 14:00 61 1111 0107 11.26 1 1220 1 20140708154306 00078
00000212 2013 05 15 13:00 14:00 61 1111 0107 11.26 1 1220 1 20140708154306 00078
00000212 2013 05 22 13:00 14:00 61 1111 0107 11.26 1 1220 1 20140708154306 00078
00000212 2013 06 05 13:00 14:00 61 1111 0107 11.26 1 1220 1 20140708154628 00078
00000212 2013 06 12 13:00 14:00 61 1111 0107 11.26 1 1220 1 20140708154628 00078
00000212 2013 06 19 13:00 14:00 61 1111 0107 11.26 1 1220 1 20140708154628 00078
00000212 2013 06 26 13:00 14:00 61 1111 0107 11.26 1 1220 1 20140708154628 00078
00000212 2013 07 03 13:00 14:00 61 1111 0107 11.26 1 1220 1 20140708155137 00078
00000212 2013 07 10 13:00 14:00 61 1111 0107 11.26 1 1220 1 20140708155137 00078
00000212 2013 07 17 13:00 14:00 61 1111 0107 11.26 1 1220 1 20140708155137 00078
00000212 2013 07 31 13:00 14:00 61 1111 0107 11.26 1 1220 1 20140708155137 00078
00000212 2013 08 07 13:00 14:00 61 1111 0107 11.26 1 1220 1 20140708155647 00078
00000212 2013 08 21 13:00 14:00 61 1111 0107 11.26 1 1220 1 20140708155647 00078
00000212 2013 09 04 13:00 14:00 61 1111 0107 11.26 1 1220 1 20140703110254 00078
00000212 2013 09 11 13:00 14:00 61 1111 0107 11.26 1 1220 1 20140703110254 00078
00000212 2013 09 18 13:00 14:00 61 1111 0107 11.26 1 1220 1 20140703110254 00078
00000212 2013 09 25 13:00 14:00 61 1111 0107 11.26 1 1220 1 20140703110254 00078
00000212 2013 10 02 13:00 14:00 61 1111 0107 11.26 1 1220 1 20140703110515 00078
00000212 2013 10 09 13:00 14:00 61 1111 0107 11.26 1 1220 1 20140703110515 00078
00000212 2013 10 16 13:00 14:00 61 1111 0107 11.26 1 1220 1 20140703110515 00078
00000212 2013 10 23 13:00 14:00 61 1111 0107 11.26 1 1220 1 20140703110515 00078
00000212 2013 10 30 13:00 14:00 61 1111 0107 11.26 1 1220 1 20140703110515 00078
00000212 2013 11 13 13:00 14:00 61 1111 0107 11.26 1 1220 1 20140703110955 00078
00000212 2013 11 20 13:00 14:00 61 1111 0107 11.26 1 1220 1 20140703110955 00078
00000212 2013 11 27 13:00 14:00 61 1111 0107 11.26 1 1220 1 20140703110955 00078
00000212 2013 12 04 13:00 14:00 61 1111 0107 11.26 1 1220 1 20140703115957 00078
00000212 2013 12 11 13:00 14:00 61 1111 0107 11.26 1 1220 1 20140703115957 00078
00000212 2013 12 18 13:00 14:00 61 1111 0107 11.26 1 1220 1 20140703115957 00078
00000212 2013 12 25 13:00 14:00 61 1111 0107 11.26 1 1220 1 20140703115957 00078
00000212 2014 01 01 13:00 14:00 61 1111 0107 11.26 1 1220 1 20140619102914 00078
00000212 2014 01 08 13:00 14:00 61 1111 0107 11.26 1 1220 1 20140619103651 00078
00000212 2014 01 15 13:00 14:00 61 1111 0107 11.26 1 1220 1 20140619103651 00078
00000212 2014 01 22 13:00 14:00 61 1111 0107 11.26 1 1220 1 20140619103651 00078
00000212 2014 01 29 13:00 14:00 61 1111 0107 11.26 1 1220 1 20140619103651 00078
00000212 2014 02 19 13:00 14:00 61 1111 0107 11.26 1 1220 1 20140619103940 00078
00000212 2014 03 05 13:00 14:00 61 1111 0107 11.26 1 1220 1 20140619104212 00078
00000212 2014 03 12 13:00 14:00 61 1111 0107 11.26 1 1220 1 20140619104212 00078
00000212 2014 03 19 13:00 14:00 61 1111 0107 11.26 1 1220 1 20140619104212 00078
00000212 2014 03 26 13:00 14:00 61 1111 0107 11.26 1 1220 1 20140619104212 00078
00000212 2014 04 02 13:00 14:00 61 1111 0107 11.26 1 1226 1 20140619104617 00078
00000212 2014 04 09 13:00 14:00 61 1111 0107 11.26 1 1226 1 20140619104617 00078
00000212 2014 04 16 13:00 14:00 61 1111 0107 11.26 1 1226 1 20140619104617 00078
00000212 2014 04 23 13:00 14:00 61 1111 0107 11.26 1 1226 1 20140619104617 00078
00000212 2014 04 30 13:00 14:00 61 1111 0107 11.26 1 1226 1 20140619104617 00078
00000212 2014 05 07 13:00 14:00 61 1111 0107 11.26 1 1226 1 20140819104346 00078
00000212 2014 05 14 13:00 14:00 61 1111 0107 11.26 1 1226 1 20140819104346 00078
00000212 2014 05 21 13:00 14:00 61 1111 0107 11.26 1 1226 1 20140819104346 00078
00000212 2014 05 28 13:00 14:00 61 1111 0107 11.26 1 1226 1 20140819104346 00078
00000212 2014 06 04 13:00 14:00 61 1111 0107 11.26 1 1226 1 20140701132200 00049
00000212 2014 06 11 13:00 14:00 61 1111 0107 11.26 1 1226 1 20140701132200 00049
00000212 2014 06 18 13:00 14:00 61 1111 0107 11.26 1 1226 1 20140701132200 00049
00000212 2014 06 25 13:00 14:00 61 1111 0107 11.26 1 1226 1 20140701132200 00049
00000212 2014 07 02 13:00 13:59 61 1111 0107 11.26 1 1226 1 20140802130549 00047
00000212 2014 07 09 13:00 13:59 61 1111 0107 11.26 1 1226 1 20140802130549 00047
00000212 2014 07 16 13:00 13:59 61 1111 0107 11.26 1 1226 1 20140802130549 00047
00000212 2014 07 30 13:00 13:59 61 1111 0107 11.26 1 1226 1 20140802130549 00047
