00000016 0073 2014 06 0000002 07 00037 _ 10:45 11:44 2 _ 0 1111 1 61 1 20140701102005 00034
00000016 0073 2014 06 0000003 14 00037 _ 10:45 11:44 2 _ 0 1111 1 61 1 20140701102005 00034
00000016 0073 2014 06 0000004 21 00035 _ 10:45 11:44 2 _ 0 1111 1 61 1 20140701102005 00034
00000016 0073 2014 06 0000005 28 00037 _ 10:45 11:44 2 _ 0 1111 1 61 1 20140701102005 00034
00000016 0073 2014 07 0000006 22 00035 _ 14:00 14:59 2 _ 0 1211 1 61 1 20140731130211 00038
00000016 0073 2014 07 0000007 26 00038 _ 10:45 11:44 2 _ 0 1211 1 61 1 20140731130211 00038
00000016 0073 2014 07 0000008 29 00037 _ 11:00 11:59 2 _ 0 1211 1 61 1 20140731130211 00038
00000016 0073 2014 08 0000009 02 00038 _ 10:45 11:44 2 _ 0 1211 1 61 1 20140819153416 00037
00000016 0073 2014 08 0000010 05 00038 _ 14:00 14:59 2 _ 0 1211 1 61 1 20140819153416 00037
00000016 0073 2014 08 0000011 09 00037 _ 10:45 11:44 2 _ 0 1211 1 61 1 20140819153416 00037
00000016 0073 2014 08 0000012 12 00038 _ 11:00 11:59 2 _ 0 1211 1 61 1 20140819153416 00037
00000016 0073 2014 08 0000013 16 00038 _ 10:45 11:44 2 _ 0 1211 1 61 1 20140819153416 00037
00000016 0073 2014 08 0000014 19 00038 _ 11:00 11:59 2 _ 0 1211 1 61 1 20140819153416 00037
