00000209 0107 2011 03 _ 1 20141201185907 00078
00000209 0107 2011 04 _ 1 20141201151607 00078
00000209 0107 2011 05 _ 1 20141130184902 00078
00000209 0107 2011 06 _ 1 20141130165650 00078
00000209 0107 2011 07 _ 1 20141130145718 00078
00000209 0107 2011 08 _ 1 20141130112149 00078
00000209 0107 2011 09 _ 1 20141128181834 00078
00000209 0107 2011 10 _ 1 20141127183932 00078
00000209 0107 2011 11 _ 1 20141127143427 00078
00000209 0107 2011 12 _ 1 20141125142604 00078
00000209 0107 2012 01 _ 1 20141124125456 00078
00000209 0107 2012 02 _ 1 20141119175801 00078
00000209 0107 2012 03 _ 1 20141119123753 00078
