00000080 00002 00002 05 26 10 平成26年10月30日 2 0 0 0 _ _ 0 3 1 20141030150235 00035
00000080 00002 00003 05 _ _ _ 1 0 0 0 _ _ 0 0 1 20141030150235 00035
00000080 00002 00004 05 _ _ _ 1 0 0 0 _ _ 0 0 1 20141030150235 00035
00000080 00003 00002 05 26 10 平成26年10月30日 2 0 1 0 _ 2日よりサービス再開しております。掃除内容変更なく、同様のサービス行っています。顔面右側に痺れ残り、食事の際には食べずらいとのこと。小さく切りなんとか食べていると話されています。膝痛あり、起居動作が辛いそうですが、室内では冬用衣類を出されたり、繕い物をされたり、じっとしていられない性分なので動いてしまい疲れると話されています。\n29日息子様と通院のご予定と伺っています。\n 0 3 1 20141030151542 00035
00000080 00003 00003 05 _ _ _ 1 0 0 0 _ _ 0 0 1 20141030151542 00035
00000080 00003 00004 05 _ _ _ 1 0 0 0 _ _ 0 0 1 20141030151542 00035
00000080 00004 00005 05 26 10 平成26年10月30日 2 0 1 1 _ 2日よりサービス再開しております。掃除内容変更なく、同様のサービス行っています。\n顔面右側に痺れ残り、食事の際には食べずらいとのこと。小さく切りなんとか食べていると話されています。膝痛あり、起居動作が辛いそうですが、室内では冬用衣類を出されたり、繕い物をされたり、じっとしていられない性分なので動いてしまい疲れると話されています。\n29日息子様と通院のご予定と伺っています。\n 0 3 1 20141030201129 00035
00000080 00004 00006 05 _ _ _ 1 0 0 0 _ _ 0 0 1 20141030201129 00035
00000080 00004 00007 05 _ _ _ 1 0 0 0 _ _ 0 0 1 20141030201129 00035
00000080 00005 00005 05 26 10 平成26年10月30日 2 0 1 1 _ 2日よりサービス再開しております。掃除内容変更なく、同様のサービス行っています。\n顔面右側に痺れ残り、食事の際には食べずらいとのこと。小さく切りなんとか食べていると話されています。膝痛あり、起居動作が辛いそうですが、室内では冬用衣類を出されたり、繕い物をされたり、じっとしていられない性分なので動いてしまい疲れると話されています。\n29日息子様と通院のご予定と伺っています。\n 0 3 1 20141127185933 00034
00000080 00005 00006 05 26 11 平成26年11月27日 2 0 1 0 _ 6日は、前日に洋服の直しに集中しすぎたようで少しだるいとソファーでゆっくりお過ごしでした。13日、額や右頬のしびれや痛みがまだ残っているとのこと。11月12月は通院なく、1月7日が受診予定と伺いました。20日、厚木のJAに行かなければならない用事があるようですが、まだ行くことができていないとおっしゃっていました。\nプラン通りの掃除を行うことができています。 0 3 1 20141127185933 00034
00000080 00005 00007 05 _ _ _ 1 0 0 0 _ _ 0 0 1 20141127185933 00034
