00000072 20121002 KihonCheckCheckList01 1 1 201405230000 IKOU
00000072 20121002 KihonCheckCheckList02 1 1 201405230000 IKOU
00000072 20121002 KihonCheckCheckList03 1 1 201405230000 IKOU
00000072 20121002 KihonCheckCheckList04 1 1 201405230000 IKOU
00000072 20121002 KihonCheckCheckList05 1 1 201405230000 IKOU
00000072 20121002 KihonCheckCheckList06 2 1 201405230000 IKOU
00000072 20121002 KihonCheckCheckList07 2 1 201405230000 IKOU
00000072 20121002 KihonCheckCheckList08 2 1 201405230000 IKOU
00000072 20121002 KihonCheckCheckList09 0 1 201405230000 IKOU
00000072 20121002 KihonCheckCheckList10 2 1 201405230000 IKOU
00000072 20121002 KihonCheckCheckList11 3 1 201405230000 IKOU
00000072 20121002 KihonCheckCheckList12 0 1 201405230000 IKOU
00000072 20121002 KihonCheckCheckList13 0 1 201405230000 IKOU
00000072 20121002 KihonCheckCheckList14 0 1 201405230000 IKOU
00000072 20121002 KihonCheckCheckList15 5 1 201405230000 IKOU
00000072 20121002 KihonCheckCheckList16 5 1 201405230000 IKOU
00000072 20121002 KihonCheckCheckList17 0 1 201405230000 IKOU
00000072 20121002 KihonCheckCheckList18 0 1 201405230000 IKOU
00000072 20121002 KihonCheckCheckList19 0 1 201405230000 IKOU
00000072 20121002 KihonCheckCheckList20 0 1 201405230000 IKOU
00000072 20121002 KihonCheckCheckList21 7 1 201405230000 IKOU
00000072 20121002 KihonCheckCheckList22 0 1 201405230000 IKOU
00000072 20121002 KihonCheckCheckList23 0 1 201405230000 IKOU
00000072 20121002 KihonCheckCheckList24 0 1 201405230000 IKOU
00000072 20130325 KihonCheckCheckList01 0 1 201405230000 IKOU
00000072 20130325 KihonCheckCheckList02 0 1 201405230000 IKOU
00000072 20130325 KihonCheckCheckList03 0 1 201405230000 IKOU
00000072 20130325 KihonCheckCheckList04 1 1 201405230000 IKOU
00000072 20130325 KihonCheckCheckList05 1 1 201405230000 IKOU
00000072 20130325 KihonCheckCheckList06 2 1 201405230000 IKOU
00000072 20130325 KihonCheckCheckList07 2 1 201405230000 IKOU
00000072 20130325 KihonCheckCheckList08 0 1 201405230000 IKOU
00000072 20130325 KihonCheckCheckList09 2 1 201405230000 IKOU
00000072 20130325 KihonCheckCheckList10 2 1 201405230000 IKOU
00000072 20130325 KihonCheckCheckList11 0 1 201405230000 IKOU
00000072 20130325 KihonCheckCheckList12 0 1 201405230000 IKOU
00000072 20130325 KihonCheckCheckList13 0 1 201405230000 IKOU
00000072 20130325 KihonCheckCheckList14 0 1 201405230000 IKOU
00000072 20130325 KihonCheckCheckList15 0 1 201405230000 IKOU
00000072 20130325 KihonCheckCheckList16 0 1 201405230000 IKOU
00000072 20130325 KihonCheckCheckList17 0 1 201405230000 IKOU
00000072 20130325 KihonCheckCheckList18 0 1 201405230000 IKOU
00000072 20130325 KihonCheckCheckList19 0 1 201405230000 IKOU
00000072 20130325 KihonCheckCheckList20 0 1 201405230000 IKOU
00000072 20130325 KihonCheckCheckList21 0 1 201405230000 IKOU
00000072 20130325 KihonCheckCheckList22 7 1 201405230000 IKOU
00000072 20130325 KihonCheckCheckList23 0 1 201405230000 IKOU
00000072 20130325 KihonCheckCheckList24 0 1 201405230000 IKOU
00000072 20130911 KihonCheckCheckList01 0 1 201405230000 IKOU
00000072 20130911 KihonCheckCheckList02 0 1 201405230000 IKOU
00000072 20130911 KihonCheckCheckList03 0 1 201405230000 IKOU
00000072 20130911 KihonCheckCheckList04 1 1 201405230000 IKOU
00000072 20130911 KihonCheckCheckList05 0 1 201405230000 IKOU
00000072 20130911 KihonCheckCheckList06 2 1 201405230000 IKOU
00000072 20130911 KihonCheckCheckList07 2 1 201405230000 IKOU
00000072 20130911 KihonCheckCheckList08 0 1 201405230000 IKOU
00000072 20130911 KihonCheckCheckList09 2 1 201405230000 IKOU
00000072 20130911 KihonCheckCheckList10 2 1 201405230000 IKOU
00000072 20130911 KihonCheckCheckList11 0 1 201405230000 IKOU
00000072 20130911 KihonCheckCheckList12 0 1 201405230000 IKOU
00000072 20130911 KihonCheckCheckList13 4 1 201405230000 IKOU
00000072 20130911 KihonCheckCheckList14 0 1 201405230000 IKOU
00000072 20130911 KihonCheckCheckList15 5 1 201405230000 IKOU
00000072 20130911 KihonCheckCheckList16 5 1 201405230000 IKOU
00000072 20130911 KihonCheckCheckList17 0 1 201405230000 IKOU
00000072 20130911 KihonCheckCheckList18 0 1 201405230000 IKOU
00000072 20130911 KihonCheckCheckList19 0 1 201405230000 IKOU
00000072 20130911 KihonCheckCheckList20 0 1 201405230000 IKOU
00000072 20130911 KihonCheckCheckList21 0 1 201405230000 IKOU
00000072 20130911 KihonCheckCheckList22 0 1 201405230000 IKOU
00000072 20130911 KihonCheckCheckList23 0 1 201405230000 IKOU
00000072 20130911 KihonCheckCheckList24 0 1 201405230000 IKOU
00000072 20140222 KihonCheckCheckList01 1 1 201405230000 IKOU
00000072 20140222 KihonCheckCheckList02 1 1 201405230000 IKOU
00000072 20140222 KihonCheckCheckList03 0 1 201405230000 IKOU
00000072 20140222 KihonCheckCheckList04 1 1 201405230000 IKOU
00000072 20140222 KihonCheckCheckList05 1 1 201405230000 IKOU
00000072 20140222 KihonCheckCheckList06 2 1 201405230000 IKOU
00000072 20140222 KihonCheckCheckList07 2 1 201405230000 IKOU
00000072 20140222 KihonCheckCheckList08 2 1 201405230000 IKOU
00000072 20140222 KihonCheckCheckList09 2 1 201405230000 IKOU
00000072 20140222 KihonCheckCheckList10 2 1 201405230000 IKOU
00000072 20140222 KihonCheckCheckList11 0 1 201405230000 IKOU
00000072 20140222 KihonCheckCheckList12 4 1 201405230000 IKOU
00000072 20140222 KihonCheckCheckList13 4 1 201405230000 IKOU
00000072 20140222 KihonCheckCheckList14 0 1 201405230000 IKOU
00000072 20140222 KihonCheckCheckList15 5 1 201405230000 IKOU
00000072 20140222 KihonCheckCheckList16 5 1 201405230000 IKOU
00000072 20140222 KihonCheckCheckList17 0 1 201405230000 IKOU
00000072 20140222 KihonCheckCheckList18 0 1 201405230000 IKOU
00000072 20140222 KihonCheckCheckList19 0 1 201405230000 IKOU
00000072 20140222 KihonCheckCheckList20 0 1 201405230000 IKOU
00000072 20140222 KihonCheckCheckList21 0 1 201405230000 IKOU
00000072 20140222 KihonCheckCheckList22 0 1 201405230000 IKOU
00000072 20140222 KihonCheckCheckList23 7 1 201405230000 IKOU
00000072 20140222 KihonCheckCheckList24 0 1 201405230000 IKOU
