00000134 0070 2014 05 0000002 01 00034 _ _ _ _ _ 0 _ 1 11 9 20140728153219 00034
00000134 0070 2014 05 0000003 05 00011 _ 13:20 13:49 1 _ 0 1111 1 11 1 20140818185448 00034
00000134 0070 2014 05 0000004 08 00034 _ _ _ _ _ 0 _ 1 11 9 20140728153219 00034
00000134 0070 2014 05 0000005 09 00019 _ 14:45 15:30 1 _ 0 1211 1 11 1 20140818185448 00034
00000134 0070 2014 05 0000006 12 00016 _ 13:15 14:00 _ _ 0 1211 1 11 1 20140818185448 00034
00000134 0070 2014 05 0000007 13 00034 _ _ _ _ _ 0 _ 1 11 9 20140728153219 00034
00000134 0070 2014 05 0000008 15 00083 _ 13:15 14:00 _ _ 0 1211 1 11 1 20140818185448 00034
00000134 0070 2014 05 0000009 16 00034 _ _ _ _ _ 0 _ 1 11 9 20140728153219 00034
00000134 0070 2014 05 0000010 19 00017 _ 13:15 14:00 _ _ 0 1211 1 11 1 20140818185448 00034
00000134 0070 2014 05 0000011 20 00034 _ _ _ _ _ 0 _ 1 11 9 20140728153219 00034
00000134 0070 2014 05 0000012 22 00034 _ _ _ _ _ 0 _ 1 11 9 20140728153219 00034
00000134 0070 2014 05 0000013 23 00034 _ _ _ _ _ 0 _ 1 11 9 20140728153219 00034
00000134 0070 2014 05 0000014 26 00034 _ _ _ _ _ 0 _ 1 11 9 20140728153219 00034
00000134 0070 2014 05 0000015 27 00034 _ _ _ _ _ 0 _ 1 11 9 20140728153219 00034
00000134 0070 2014 05 0000016 29 00034 _ _ _ _ _ 0 _ 1 11 9 20140728153219 00034
00000134 0070 2014 05 0000017 30 00034 _ _ _ _ _ 0 _ 1 11 9 20140728153219 00034
00000134 0070 2014 05 0000018 22 00082 _ 13:15 14:00 1 _ 0 1211 1 11 1 20140818185448 00034
00000134 0070 2014 05 0000019 26 00015 _ 13:15 14:00 1 _ 0 1211 1 11 1 20140818185448 00034
00000134 0070 2014 05 0000020 29 00019 _ 13:15 14:00 1 _ 0 1211 1 11 1 20140818185448 00034
00000134 0070 2014 06 0000002 02 00016 _ 13:15 14:00 1 _ 0 1211 1 11 1 20140701102707 00078
00000134 0070 2014 06 0000003 05 00083 _ 13:15 14:00 1 _ 0 1211 1 11 1 20140701102707 00078
00000134 0070 2014 06 0000004 09 00017 _ 13:15 14:00 1 _ 0 1211 1 11 1 20140701102707 00078
00000134 0070 2014 06 0000005 12 00082 _ 13:15 14:00 1 _ 0 1211 1 11 1 20140701102707 00078
00000134 0070 2014 06 0000006 19 00092 _ 13:15 14:00 1 _ 0 1211 1 11 1 20140701102707 00078
00000134 0070 2014 06 0000007 23 00017 _ 13:15 14:00 1 _ 0 1211 1 11 1 20140701102707 00078
00000134 0070 2014 07 0000008 03 00017 _ 13:15 14:00 1 _ 0 1211 1 11 1 20140731200806 00034
00000134 0070 2014 07 0000009 07 00015 _ 13:15 14:00 1 _ 0 1211 1 11 1 20140731200806 00034
00000134 0070 2014 07 0000010 14 00095 _ 14:00 14:45 1 _ 0 1211 1 11 1 20140731200806 00034
00000134 0070 2014 07 0000011 17 00019 _ 13:15 14:00 1 _ 0 1211 1 11 1 20140731200806 00034
00000134 0070 2014 07 0000012 21 00017 _ 13:15 14:00 1 _ 0 1211 1 11 1 20140731200806 00034
