00000228 2012 11 09 16:00 17:00 61 1111 0107 11.26 1 1220 1 20140730121532 00078
00000228 2012 11 16 16:00 17:00 61 1111 0107 11.26 1 1220 1 20140730121532 00078
00000228 2012 11 23 16:00 17:00 61 1111 0107 11.26 1 1220 1 20140730121532 00078
00000228 2012 11 30 16:00 17:00 61 1111 0107 11.26 1 1220 1 20140730121532 00078
00000228 2013 01 04 16:00 16:59 61 1111 0107 11.26 1 1220 1 20140710102820 00078
00000228 2013 01 11 16:00 16:59 61 1111 0107 11.26 1 1220 1 20140710102820 00078
00000228 2013 01 18 16:00 16:59 61 1111 0107 11.26 1 1220 1 20140710102820 00078
00000228 2013 02 01 16:00 16:59 61 1111 0107 11.26 1 1220 1 20140710101232 00078
00000228 2013 02 08 16:00 16:59 61 1111 0107 11.26 1 1220 1 20140710101232 00078
00000228 2013 02 15 16:00 16:59 61 1111 0107 11.26 1 1220 1 20140710101232 00078
00000228 2013 02 22 16:00 16:59 61 1111 0107 11.26 1 1220 1 20140710101232 00078
00000228 2013 03 01 16:00 16:59 61 1111 0107 11.26 1 1220 1 20140710101535 00078
00000228 2013 03 08 16:00 16:59 61 1111 0107 11.26 1 1220 1 20140710101535 00078
00000228 2013 03 20 16:00 16:59 61 1111 0107 11.26 1 1220 1 20140710101535 00078
00000228 2013 03 27 16:00 16:59 61 1111 0107 11.26 1 1220 1 20140710101535 00078
00000228 2013 04 03 16:30 17:29 61 1111 0107 11.26 1 1220 1 20140710102034 00078
00000228 2013 04 10 16:30 17:29 61 1111 0107 11.26 1 1220 1 20140710102034 00078
00000228 2013 04 17 16:30 17:29 61 1111 0107 11.26 1 1220 1 20140710102034 00078
00000228 2013 04 24 16:30 17:29 61 1111 0107 11.26 1 1220 1 20140710102034 00078
00000228 2013 05 01 16:30 17:29 61 1111 0107 11.26 1 1220 1 20140710103143 00078
00000228 2013 05 08 16:30 17:29 61 1111 0107 11.26 1 1220 1 20140710103143 00078
00000228 2013 05 15 16:30 17:29 61 1111 0107 11.26 1 1220 1 20140710103143 00078
00000228 2013 05 22 16:30 17:29 61 1111 0107 11.26 1 1220 1 20140710103143 00078
00000228 2013 06 05 16:30 17:29 61 1111 0107 11.26 1 1220 1 20140710103605 00078
00000228 2013 06 12 16:30 17:29 61 1111 0107 11.26 1 1220 1 20140710103605 00078
00000228 2013 06 19 16:30 17:29 61 1111 0107 11.26 1 1220 1 20140710103605 00078
00000228 2013 06 26 16:30 17:29 61 1111 0107 11.26 1 1220 1 20140710103605 00078
00000228 2013 07 03 16:30 17:29 61 1111 0107 11.26 1 1220 1 20140710104019 00078
00000228 2013 07 10 16:30 17:29 61 1111 0107 11.26 1 1220 1 20140710104019 00078
00000228 2013 07 31 16:30 17:29 61 1111 0107 11.26 1 1220 1 20140710104019 00078
00000228 2013 08 07 16:30 17:29 61 1111 0107 11.26 1 1220 1 20140710104229 00078
00000228 2013 08 14 16:30 17:29 61 1111 0107 11.26 1 1220 1 20140710104229 00078
00000228 2013 08 21 16:30 17:29 61 1111 0107 11.26 1 1220 1 20140710104229 00078
00000228 2013 08 28 16:30 17:29 61 1111 0107 11.26 1 1220 1 20140710104229 00078
00000228 2013 09 04 16:30 17:30 61 1111 0107 11.26 1 1220 1 20140703175723 00078
00000228 2013 09 11 16:30 17:30 61 1111 0107 11.26 1 1220 1 20140703175723 00078
00000228 2013 09 18 16:30 17:30 61 1111 0107 11.26 1 1220 1 20140703175723 00078
00000228 2013 09 25 16:30 17:30 61 1111 0107 11.26 1 1220 1 20140703175723 00078
00000228 2013 10 02 16:30 17:30 61 1111 0107 11.26 1 1220 1 20140703175948 00078
00000228 2013 10 09 16:30 17:30 61 1111 0107 11.26 1 1220 1 20140703175948 00078
00000228 2013 10 16 16:30 17:30 61 1111 0107 11.26 1 1220 1 20140703175948 00078
00000228 2013 10 23 16:30 17:30 61 1111 0107 11.26 1 1220 1 20140703175948 00078
00000228 2013 10 30 16:30 17:30 61 1111 0107 11.26 1 1220 1 20140703175948 00078
00000228 2013 11 06 16:30 17:30 61 1111 0107 11.26 1 1220 1 20140703180354 00078
00000228 2013 11 13 16:30 17:30 61 1111 0107 11.26 1 1220 1 20140703180354 00078
00000228 2013 11 27 16:30 17:30 61 1111 0107 11.26 1 1220 1 20140703180354 00078
00000228 2013 12 04 16:30 17:30 61 1111 0107 11.26 1 1220 1 20140703180710 00078
00000228 2013 12 11 16:30 17:30 61 1111 0107 11.26 1 1220 1 20140703180710 00078
00000228 2013 12 25 16:30 17:30 61 1111 0107 11.26 1 1220 1 20140703180710 00078
00000228 2014 01 08 16:30 17:30 61 1111 0107 11.26 1 1220 1 20140619174122 00078
00000228 2014 01 15 16:30 17:30 61 1111 0107 11.26 1 1220 1 20140619174122 00078
00000228 2014 01 22 16:30 17:30 61 1111 0107 11.26 1 1220 1 20140619174122 00078
00000228 2014 01 29 16:30 17:30 61 1111 0107 11.26 1 1220 1 20140619174122 00078
00000228 2014 02 05 16:30 17:30 61 1111 0107 11.26 1 1220 1 20140619174500 00078
00000228 2014 02 12 16:30 17:30 61 1111 0107 11.26 1 1220 1 20140619174500 00078
00000228 2014 02 19 16:30 17:30 61 1111 0107 11.26 1 1220 1 20140619174500 00078
00000228 2014 02 26 16:30 17:30 61 1111 0107 11.26 1 1220 1 20140619174500 00078
00000228 2014 03 05 16:30 17:30 61 1111 0107 11.26 1 1220 1 20140619175216 00078
00000228 2014 03 12 16:30 17:30 61 1111 0107 11.26 1 1220 1 20140619175216 00078
00000228 2014 03 19 16:30 17:30 61 1111 0107 11.26 1 1220 1 20140619175216 00078
00000228 2014 03 26 16:30 17:30 61 1111 0107 11.26 1 1220 1 20140619175216 00078
00000228 2014 04 02 16:30 17:30 61 1111 0107 11.26 1 1226 1 20140619175515 00078
00000228 2014 04 09 16:30 17:30 61 1111 0107 11.26 1 1226 1 20140619175515 00078
00000228 2014 04 16 16:30 17:30 61 1111 0107 11.26 1 1226 1 20140619175515 00078
00000228 2014 04 23 16:30 17:30 61 1111 0107 11.26 1 1226 1 20140619175515 00078
00000228 2014 04 30 16:30 17:30 61 1111 0107 11.26 1 1226 1 20140619175515 00078
00000228 2014 05 07 16:30 17:30 61 1111 0107 11.26 1 1226 1 20140819115725 00078
00000228 2014 05 14 16:30 17:30 61 1111 0107 11.26 1 1226 1 20140819115725 00078
00000228 2014 05 28 16:30 17:30 61 1111 0107 11.26 1 1226 1 20140819115725 00078
00000228 2014 06 04 16:30 17:30 61 1111 0107 11.26 1 1226 1 20140701160029 00049
00000228 2014 06 11 16:30 17:30 61 1111 0107 11.26 1 1226 1 20140701160029 00049
00000228 2014 06 18 16:30 17:30 61 1111 0107 11.26 1 1226 1 20140701160029 00049
00000228 2014 06 25 16:30 17:30 61 1111 0107 11.26 1 1226 1 20140701160029 00049
00000228 2014 07 02 16:30 17:29 61 1111 0107 11.26 1 1226 1 20140802132804 00047
00000228 2014 07 09 16:30 17:29 61 1111 0107 11.26 1 1226 1 20140802132804 00047
00000228 2014 07 16 16:30 17:29 61 1111 0107 11.26 1 1226 1 20140802132804 00047
00000228 2014 07 23 16:30 17:29 61 1111 0107 11.26 1 1226 1 20140802132804 00047
00000228 2014 07 30 16:30 17:29 61 1111 0107 11.26 1 1226 1 20140802132804 00047
00000228 2014 08 06 16:30 17:29 61 1111 0107 11.26 1 1226 1 20140831142051 00049
00000228 2014 08 13 16:30 17:29 61 1111 0107 11.26 1 1226 1 20140831142051 00049
00000228 2014 08 20 16:30 17:29 61 1111 0107 11.26 1 1226 1 20140831142051 00049
00000228 2014 08 27 16:30 17:29 61 1111 0107 11.26 1 1226 1 20140831142051 00049
00000228 2014 09 03 16:30 17:29 61 1111 0107 11.26 1 1226 1 20140930204932 00049
00000228 2014 09 10 16:30 17:29 61 1111 0107 11.26 1 1226 1 20140930204932 00049
00000228 2014 09 17 16:30 17:29 61 1111 0107 11.26 1 1226 1 20140930204932 00049
00000228 2014 09 24 16:30 17:29 61 1111 0107 11.26 1 1226 1 20140930204932 00049
00000228 2014 10 08 16:30 17:29 61 1111 0107 11.26 1 1226 1 20141031202558 00049
00000228 2014 10 15 16:30 17:29 61 1111 0107 11.26 1 1226 1 20141031202558 00049
00000228 2014 10 22 16:30 17:29 61 1111 0107 11.26 1 1226 1 20141031202558 00049
00000228 2014 10 29 16:30 17:29 61 1111 0107 11.26 1 1226 1 20141031202558 00049
00000228 2014 11 05 16:30 17:29 61 1111 0107 11.26 1 1226 1 20141201122006 00049
00000228 2014 11 12 16:30 17:29 61 1111 0107 11.26 1 1226 1 20141201122006 00049
00000228 2014 11 19 16:30 17:29 61 1111 0107 11.26 1 1226 1 20141201122006 00049
00000228 2014 11 25 13:00 13:59 61 1111 0107 11.26 1 1226 1 20141201122006 00049
