00000086 2013 08 1 4970 1 20140725180923 00030
00000086 2013 09 2 10400 1 20140627171850 00030
00000086 2013 10 2 10400 1 20140627173236 00030
00000086 2013 11 2 10400 1 20140627173851 00030
00000086 2013 12 2 10400 1 20140627174449 00030
00000086 2014 01 2 10400 1 20140613185118 00030
00000086 2014 02 2 10400 1 20140616102455 00030
00000086 2014 03 2 10400 1 20140616103220 00030
00000086 2014 04 2 10473 1 20140616103700 00030
00000086 2014 05 2 10473 1 20140818111718 00030
00000086 2014 06 2 10473 1 20140702124425 00031
00000086 2014 07 2 10473 1 20140804104803 00031
00000086 2014 08 2 10473 1 20140721150045 00031
