00000202 2012 12 01 08:00 08:29 11 1111 0029 11.26 1 254 1 20140711182457 00078
00000202 2012 12 01 13:00 13:29 11 1111 0029 11.26 1 254 1 20140711182457 00078
00000202 2012 12 01 15:30 15:59 11 1111 0029 11.26 1 254 1 20140711182457 00078
00000202 2012 12 01 19:30 19:59 11 1112 0029 11.26 1 318 1 20140711182457 00078
00000202 2012 12 02 08:00 08:29 11 1111 0029 11.26 1 254 1 20140711182457 00078
00000202 2012 12 02 13:00 13:29 11 1111 0029 11.26 1 254 1 20140711182457 00078
00000202 2012 12 02 15:30 15:59 11 1111 0029 11.26 1 254 1 20140711182457 00078
00000202 2012 12 02 19:30 19:59 11 1112 0029 11.26 1 318 1 20140711182457 00078
00000202 2012 12 03 08:00 08:29 11 1111 0029 11.26 1 254 1 20140711182457 00078
00000202 2012 12 03 13:00 13:29 11 1111 0029 11.26 1 254 1 20140711182457 00078
00000202 2012 12 03 15:30 16:29 11 1221 0029 11.26 1 804 1 20140711182457 00078
00000202 2012 12 03 19:30 19:59 11 1112 0029 11.26 1 318 1 20140711182457 00078
00000202 2012 12 04 08:00 08:29 11 1111 0029 11.26 1 254 1 20140711182457 00078
00000202 2012 12 04 13:00 13:29 11 1111 0029 11.26 1 254 1 20140711182457 00078
00000202 2012 12 04 15:30 15:59 11 1111 0029 11.26 1 254 1 20140711182457 00078
00000202 2012 12 04 19:30 19:59 11 1112 0029 11.26 1 318 1 20140711182457 00078
00000202 2012 12 05 08:00 08:29 11 1111 0029 11.26 1 254 1 20140711182457 00078
00000202 2012 12 05 13:00 13:29 11 1111 0029 11.26 1 254 1 20140711182457 00078
00000202 2012 12 05 15:30 16:29 11 1221 0029 11.26 1 804 1 20140711182457 00078
00000202 2012 12 05 19:30 19:59 11 1112 0029 11.26 1 318 1 20140711182457 00078
00000202 2012 12 06 08:00 08:29 11 1111 0029 11.26 1 254 1 20140711182457 00078
00000202 2012 12 06 13:00 13:29 11 1111 0029 11.26 1 254 1 20140711182457 00078
00000202 2012 12 06 15:30 15:59 11 1111 0029 11.26 1 254 1 20140711182457 00078
00000202 2012 12 06 19:30 19:59 11 1112 0029 11.26 1 318 1 20140711182457 00078
00000202 2012 12 07 08:00 08:29 11 1111 0029 11.26 1 254 1 20140711182457 00078
00000202 2012 12 07 13:00 13:29 11 1111 0029 11.26 1 254 1 20140711182457 00078
00000202 2012 12 07 19:30 19:59 11 1112 0029 11.26 1 318 1 20140711182457 00078
00000202 2012 12 08 08:00 08:29 11 1111 0029 11.26 1 254 1 20140711182457 00078
00000202 2012 12 08 13:00 13:29 11 1111 0029 11.26 1 254 1 20140711182457 00078
00000202 2012 12 08 15:30 15:59 11 1111 0029 11.26 1 254 1 20140711182457 00078
00000202 2012 12 08 19:30 19:59 11 1112 0029 11.26 1 318 1 20140711182457 00078
00000202 2012 12 09 08:00 08:29 11 1111 0029 11.26 1 254 1 20140711182457 00078
00000202 2012 12 09 13:00 13:29 11 1111 0029 11.26 1 254 1 20140711182457 00078
00000202 2012 12 09 15:30 15:59 11 1111 0029 11.26 1 254 1 20140711182457 00078
00000202 2012 12 09 19:30 19:59 11 1112 0029 11.26 1 318 1 20140711182457 00078
00000202 2012 12 10 08:00 08:29 11 1111 0029 11.26 1 254 1 20140711182457 00078
00000202 2012 12 10 13:00 13:29 11 1111 0029 11.26 1 254 1 20140711182457 00078
00000202 2012 12 10 15:30 16:29 11 1221 0029 11.26 1 804 1 20140711182457 00078
00000202 2012 12 10 19:30 19:59 11 1112 0029 11.26 1 318 1 20140711182457 00078
00000202 2012 12 11 08:00 08:29 11 1111 0029 11.26 1 254 1 20140711182457 00078
00000202 2012 12 11 13:00 13:29 11 1111 0029 11.26 1 254 1 20140711182457 00078
00000202 2012 12 11 15:30 15:59 11 1111 0029 11.26 1 254 1 20140711182457 00078
00000202 2012 12 11 19:30 19:59 11 1112 0029 11.26 1 318 1 20140711182457 00078
00000202 2012 12 12 08:00 08:29 11 1111 0029 11.26 1 254 1 20140711182457 00078
00000202 2012 12 12 13:00 13:29 11 1111 0029 11.26 1 254 1 20140711182457 00078
00000202 2012 12 12 15:30 16:29 11 1221 0029 11.26 1 804 1 20140711182457 00078
00000202 2012 12 12 19:30 19:59 11 1112 0029 11.26 1 318 1 20140711182457 00078
00000202 2012 12 13 08:00 08:29 11 1111 0029 11.26 1 254 1 20140711182457 00078
00000202 2012 12 13 13:00 13:29 11 1111 0029 11.26 1 254 1 20140711182457 00078
00000202 2012 12 13 15:30 15:59 11 1111 0029 11.26 1 254 1 20140711182457 00078
00000202 2012 12 13 19:30 19:59 11 1112 0029 11.26 1 318 1 20140711182457 00078
00000202 2012 12 14 08:00 08:29 11 1111 0029 11.26 1 254 1 20140711182457 00078
00000202 2012 12 14 13:00 13:29 11 1111 0029 11.26 1 254 1 20140711182457 00078
00000202 2012 12 14 19:30 19:59 11 1112 0029 11.26 1 318 1 20140711182457 00078
00000202 2012 12 15 08:00 08:29 11 1111 0029 11.26 1 254 1 20140711182457 00078
00000202 2012 12 15 13:00 13:29 11 1111 0029 11.26 1 254 1 20140711182457 00078
00000202 2012 12 15 15:30 15:59 11 1111 0029 11.26 1 254 1 20140711182457 00078
00000202 2012 12 15 19:30 19:59 11 1112 0029 11.26 1 318 1 20140711182457 00078
00000202 2012 12 16 08:00 08:29 11 1111 0029 11.26 1 254 1 20140711182457 00078
00000202 2012 12 16 13:00 13:29 11 1111 0029 11.26 1 254 1 20140711182457 00078
00000202 2012 12 16 15:30 15:59 11 1111 0029 11.26 1 254 1 20140711182457 00078
00000202 2012 12 16 19:30 19:59 11 1112 0029 11.26 1 318 1 20140711182457 00078
00000202 2012 12 17 08:00 08:29 11 1111 0029 11.26 1 254 1 20140711182457 00078
00000202 2012 12 17 13:00 13:29 11 1111 0029 11.26 1 254 1 20140711182457 00078
00000202 2012 12 17 15:30 16:29 11 1221 0029 11.26 1 804 1 20140711182457 00078
00000202 2012 12 17 19:30 19:59 11 1112 0029 11.26 1 318 1 20140711182457 00078
00000202 2012 12 18 08:00 08:29 11 1111 0029 11.26 1 254 1 20140711182457 00078
00000202 2012 12 18 13:00 13:29 11 1111 0029 11.26 1 254 1 20140711182457 00078
00000202 2012 12 18 15:30 15:59 11 1111 0029 11.26 1 254 1 20140711182457 00078
00000202 2012 12 18 19:30 19:59 11 1112 0029 11.26 1 318 1 20140711182457 00078
00000202 2012 12 19 08:00 08:29 11 1111 0029 11.26 1 254 1 20140711182457 00078
00000202 2012 12 19 13:00 13:29 11 1111 0029 11.26 1 254 1 20140711182457 00078
00000202 2012 12 19 15:30 16:29 11 1221 0029 11.26 1 804 1 20140711182457 00078
00000202 2012 12 19 19:30 19:59 11 1112 0029 11.26 1 318 1 20140711182457 00078
00000202 2012 12 20 08:00 08:29 11 1111 0029 11.26 1 254 1 20140711182457 00078
00000202 2012 12 20 13:00 13:29 11 1111 0029 11.26 1 254 1 20140711182457 00078
00000202 2012 12 20 15:30 15:59 11 1111 0029 11.26 1 254 1 20140711182457 00078
00000202 2012 12 20 19:30 19:59 11 1112 0029 11.26 1 318 1 20140711182457 00078
00000202 2012 12 21 08:00 08:29 11 1111 0029 11.26 1 254 1 20140711182457 00078
00000202 2012 12 21 13:00 13:29 11 1111 0029 11.26 1 254 1 20140711182457 00078
00000202 2012 12 21 19:30 19:59 11 1112 0029 11.26 1 318 1 20140711182457 00078
00000202 2012 12 22 08:00 08:29 11 1111 0029 11.26 1 254 1 20140711182457 00078
00000202 2012 12 22 13:00 13:29 11 1111 0029 11.26 1 254 1 20140711182457 00078
00000202 2012 12 22 15:30 15:59 11 1111 0029 11.26 1 254 1 20140711182457 00078
00000202 2012 12 22 19:30 19:59 11 1112 0029 11.26 1 318 1 20140711182457 00078
00000202 2012 12 23 08:00 08:29 11 1111 0029 11.26 1 254 1 20140711182457 00078
00000202 2012 12 23 13:00 13:29 11 1111 0029 11.26 1 254 1 20140711182457 00078
00000202 2012 12 23 15:30 15:59 11 1111 0029 11.26 1 254 1 20140711182457 00078
00000202 2012 12 23 19:30 19:59 11 1112 0029 11.26 1 318 1 20140711182457 00078
00000202 2012 12 24 08:00 08:29 11 1111 0029 11.26 1 254 1 20140711182457 00078
00000202 2012 12 24 13:00 13:29 11 1111 0029 11.26 1 254 1 20140711182457 00078
00000202 2012 12 24 15:30 16:29 11 1221 0029 11.26 1 804 1 20140711182457 00078
00000202 2012 12 24 19:30 19:59 11 1112 0029 11.26 1 318 1 20140711182457 00078
00000202 2012 12 25 08:00 08:29 11 1111 0029 11.26 1 254 1 20140711182457 00078
00000202 2012 12 25 13:00 13:29 11 1111 0029 11.26 1 254 1 20140711182457 00078
00000202 2012 12 25 15:30 15:59 11 1111 0029 11.26 1 254 1 20140711182457 00078
00000202 2012 12 25 19:30 19:59 11 1112 0029 11.26 1 318 1 20140711182457 00078
00000202 2012 12 26 08:00 08:29 11 1111 0029 11.26 1 254 1 20140711182457 00078
00000202 2012 12 26 13:00 13:29 11 1111 0029 11.26 1 254 1 20140711182457 00078
00000202 2012 12 26 15:30 16:29 11 1221 0029 11.26 1 804 1 20140711182457 00078
00000202 2012 12 26 19:30 19:59 11 1112 0029 11.26 1 318 1 20140711182457 00078
00000202 2012 12 27 08:00 08:29 11 1111 0029 11.26 1 254 1 20140711182457 00078
00000202 2012 12 27 13:00 13:29 11 1111 0029 11.26 1 254 1 20140711182457 00078
00000202 2012 12 27 15:30 15:59 11 1111 0029 11.26 1 254 1 20140711182457 00078
00000202 2012 12 27 19:30 19:59 11 1112 0029 11.26 1 318 1 20140711182457 00078
00000202 2012 12 28 08:00 08:29 11 1111 0029 11.26 1 254 1 20140711182457 00078
00000202 2012 12 28 13:00 13:29 11 1111 0029 11.26 1 254 1 20140711182457 00078
00000202 2012 12 28 19:30 19:59 11 1112 0029 11.26 1 318 1 20140711182457 00078
00000202 2012 12 29 08:00 08:29 11 1111 0029 11.26 1 254 1 20140711182457 00078
00000202 2012 12 29 13:00 13:29 11 1111 0029 11.26 1 254 1 20140711182457 00078
00000202 2012 12 29 15:30 15:59 11 1111 0029 11.26 1 254 1 20140711182457 00078
00000202 2012 12 29 19:30 19:59 11 1112 0029 11.26 1 318 1 20140711182457 00078
00000202 2012 12 30 08:00 08:29 11 1111 0029 11.26 1 254 1 20140711182457 00078
00000202 2012 12 30 13:00 13:29 11 1111 0029 11.26 1 254 1 20140711182457 00078
00000202 2012 12 30 15:30 15:59 11 1111 0029 11.26 1 254 1 20140711182457 00078
00000202 2012 12 30 19:30 19:59 11 1112 0029 11.26 1 318 1 20140711182457 00078
00000202 2012 12 31 08:00 08:29 11 1111 0029 11.26 1 254 1 20140711182457 00078
00000202 2012 12 31 13:00 13:29 11 1111 0029 11.26 1 254 1 20140711182457 00078
00000202 2012 12 31 15:30 16:29 11 1221 0029 11.26 1 804 1 20140711182457 00078
00000202 2012 12 31 19:30 19:59 11 1112 0029 11.26 1 318 1 20140711182457 00078
00000203 2012 12 01 08:30 09:29 11 4111 0029 11.26 1 324 1 20140714182046 00078
00000203 2012 12 01 14:00 14:29 11 1111 0029 11.26 1 254 1 20140714182046 00078
00000203 2012 12 01 19:00 19:29 11 1112 0029 11.26 1 318 1 20140714182046 00078
00000203 2012 12 02 08:30 09:29 11 4111 0029 11.26 1 324 1 20140714182046 00078
00000203 2012 12 02 14:00 14:59 11 1211 0029 11.26 1 402 1 20140714182046 00078
00000203 2012 12 02 19:00 19:29 11 1112 0029 11.26 1 318 1 20140714182046 00078
00000203 2012 12 03 08:30 09:29 11 4111 0029 11.26 1 324 1 20140714182046 00078
00000203 2012 12 03 13:00 14:59 11 4311 0029 11.26 1 464 1 20140714182046 00078
00000203 2012 12 03 19:00 19:29 11 1112 0029 11.26 1 318 1 20140714182046 00078
00000203 2012 12 04 08:30 09:29 11 4111 0029 11.26 1 324 1 20140714182046 00078
00000203 2012 12 04 14:00 14:29 11 1111 0029 11.26 1 254 1 20140714182046 00078
00000203 2012 12 04 19:00 19:29 11 1112 0029 11.26 1 318 1 20140714182046 00078
00000203 2012 12 05 08:30 09:29 11 4111 0029 11.26 1 324 1 20140714182046 00078
00000203 2012 12 05 14:00 14:59 11 1211 0029 11.26 1 402 1 20140714182046 00078
00000203 2012 12 05 19:00 19:29 11 1112 0029 11.26 1 318 1 20140714182046 00078
00000203 2012 12 06 08:30 09:29 11 4111 0029 11.26 1 324 1 20140714182046 00078
00000203 2012 12 06 14:00 14:59 11 1211 0029 11.26 1 402 1 20140714182046 00078
00000203 2012 12 06 19:00 19:29 11 1112 0029 11.26 1 318 1 20140714182046 00078
00000203 2012 12 07 08:30 09:29 11 4111 0029 11.26 1 324 1 20140714182046 00078
00000203 2012 12 07 14:00 14:59 11 4111 0029 11.26 1 324 1 20140714182046 00078
00000203 2012 12 07 19:00 19:29 11 1112 0029 11.26 1 318 1 20140714182046 00078
00000203 2012 12 08 08:30 09:29 11 4111 0029 11.26 1 324 1 20140714182046 00078
00000203 2012 12 08 14:00 14:29 11 1111 0029 11.26 1 254 1 20140714182046 00078
00000203 2012 12 08 19:00 19:29 11 1112 0029 11.26 1 318 1 20140714182046 00078
00000203 2012 12 09 08:30 09:29 11 4111 0029 11.26 1 324 1 20140714182046 00078
00000203 2012 12 09 14:00 14:59 11 1211 0029 11.26 1 402 1 20140714182046 00078
00000203 2012 12 09 19:00 19:29 11 1112 0029 11.26 1 318 1 20140714182046 00078
00000203 2012 12 10 08:30 09:29 11 4111 0029 11.26 1 324 1 20140714182046 00078
00000203 2012 12 10 13:00 14:59 11 4311 0029 11.26 1 464 1 20140714182046 00078
00000203 2012 12 11 08:30 09:29 11 4111 0029 11.26 1 324 1 20140714182046 00078
00000203 2012 12 11 14:00 14:29 11 1111 0029 11.26 1 254 1 20140714182046 00078
00000203 2012 12 11 19:00 19:29 11 1112 0029 11.26 1 318 1 20140714182046 00078
00000203 2012 12 12 08:30 09:29 11 4111 0029 11.26 1 324 1 20140714182046 00078
00000203 2012 12 12 14:00 14:59 11 1211 0029 11.26 1 402 1 20140714182046 00078
00000203 2012 12 12 19:00 19:29 11 1112 0029 11.26 1 318 1 20140714182046 00078
00000203 2012 12 13 08:30 09:29 11 4111 0029 11.26 1 324 1 20140714182046 00078
00000203 2012 12 13 14:00 14:29 11 1111 0029 11.26 1 254 1 20140714182046 00078
00000203 2012 12 13 19:00 19:29 11 1112 0029 11.26 1 318 1 20140714182046 00078
00000203 2012 12 14 08:30 09:29 11 4111 0029 11.26 1 324 1 20140714182046 00078
00000203 2012 12 14 13:30 14:29 11 4111 0029 11.26 1 324 1 20140714182046 00078
00000203 2012 12 14 19:00 19:29 11 1112 0029 11.26 1 318 1 20140714182046 00078
00000203 2012 12 15 08:30 09:29 11 4111 0029 11.26 1 324 1 20140714182046 00078
00000203 2012 12 15 14:00 14:29 11 1111 0029 11.26 1 254 1 20140714182046 00078
00000203 2012 12 15 19:00 19:29 11 1112 0029 11.26 1 318 1 20140714182046 00078
00000203 2012 12 16 08:30 09:29 11 4111 0029 11.26 1 324 1 20140714182046 00078
00000203 2012 12 16 14:00 14:59 11 1211 0029 11.26 1 402 1 20140714182046 00078
00000203 2012 12 16 19:00 19:29 11 1112 0029 11.26 1 318 1 20140714182046 00078
00000203 2012 12 17 08:30 09:29 11 4111 0029 11.26 1 324 1 20140714182046 00078
00000203 2012 12 17 13:00 14:59 11 4311 0029 11.26 1 464 1 20140714182046 00078
00000203 2012 12 17 19:00 19:29 11 1112 0029 11.26 1 318 1 20140714182046 00078
00000203 2012 12 18 08:30 09:29 11 4111 0029 11.26 1 324 1 20140714182046 00078
00000203 2012 12 18 14:00 14:29 11 1111 0029 11.26 1 254 1 20140714182046 00078
00000203 2012 12 18 19:00 19:29 11 1112 0029 11.26 1 318 1 20140714182046 00078
00000203 2012 12 19 08:30 09:29 11 4111 0029 11.26 1 324 1 20140714182046 00078
00000203 2012 12 19 14:00 14:59 11 1211 0029 11.26 1 402 1 20140714182046 00078
00000203 2012 12 19 19:00 19:29 11 1112 0029 11.26 1 318 1 20140714182046 00078
00000203 2012 12 20 08:30 09:29 11 4111 0029 11.26 1 324 1 20140714182046 00078
00000203 2012 12 20 14:00 14:29 11 1111 0029 11.26 1 254 1 20140714182046 00078
00000203 2012 12 20 19:00 19:29 11 1112 0029 11.26 1 318 1 20140714182046 00078
00000203 2012 12 21 08:30 09:29 11 4111 0029 11.26 1 324 1 20140714182046 00078
00000203 2012 12 21 14:00 14:59 11 4111 0029 11.26 1 324 1 20140714182046 00078
00000203 2012 12 21 19:00 19:29 11 1112 0029 11.26 1 318 1 20140714182046 00078
00000203 2012 12 22 08:30 09:29 11 4111 0029 11.26 1 324 1 20140714182046 00078
00000203 2012 12 22 13:30 13:59 11 1111 0029 11.26 1 254 1 20140714182046 00078
00000203 2012 12 22 19:00 19:29 11 1112 0029 11.26 1 318 1 20140714182046 00078
00000203 2012 12 23 08:30 09:29 11 4111 0029 11.26 1 324 1 20140714182046 00078
00000203 2012 12 23 14:00 14:59 11 1211 0029 11.26 1 402 1 20140714182046 00078
00000203 2012 12 23 19:00 19:29 11 1112 0029 11.26 1 318 1 20140714182046 00078
00000203 2012 12 24 08:30 09:29 11 4111 0029 11.26 1 324 1 20140714182046 00078
00000203 2012 12 24 13:00 14:59 11 4311 0029 11.26 1 464 1 20140714182046 00078
00000203 2012 12 24 19:00 19:29 11 1112 0029 11.26 1 318 1 20140714182046 00078
00000203 2012 12 25 08:30 09:29 11 4111 0029 11.26 1 324 1 20140714182046 00078
00000203 2012 12 25 14:00 14:29 11 1111 0029 11.26 1 254 1 20140714182046 00078
00000203 2012 12 25 19:00 19:29 11 1112 0029 11.26 1 318 1 20140714182046 00078
00000203 2012 12 26 08:30 09:29 11 4111 0029 11.26 1 324 1 20140714182046 00078
00000203 2012 12 26 14:00 14:29 11 1111 0029 11.26 1 254 1 20140714182046 00078
00000203 2012 12 26 19:00 19:29 11 1112 0029 11.26 1 318 1 20140714182046 00078
00000203 2012 12 27 08:30 09:29 11 4111 0029 11.26 1 324 1 20140714182046 00078
00000203 2012 12 27 14:00 14:29 11 1111 0029 11.26 1 254 1 20140714182046 00078
00000203 2012 12 27 19:00 19:29 11 1112 0029 11.26 1 318 1 20140714182046 00078
00000203 2012 12 28 08:30 09:29 11 4111 0029 11.26 1 324 1 20140714182046 00078
00000203 2012 12 28 14:00 14:59 11 4111 0029 11.26 1 324 1 20140714182046 00078
00000203 2012 12 28 19:00 19:29 11 1112 0029 11.26 1 318 1 20140714182046 00078
00000203 2012 12 29 08:30 09:29 11 4111 0029 11.26 1 324 1 20140714182046 00078
00000203 2012 12 29 14:00 14:29 11 1111 0029 11.26 1 254 1 20140714182046 00078
00000203 2012 12 29 19:00 19:29 11 1112 0029 11.26 1 318 1 20140714182046 00078
00000203 2012 12 30 08:30 09:29 11 4111 0029 11.26 1 324 1 20140714182046 00078
00000203 2012 12 30 14:00 14:59 11 1211 0029 11.26 1 402 1 20140714182046 00078
00000203 2012 12 30 19:00 19:29 11 1112 0029 11.26 1 318 1 20140714182046 00078
00000203 2012 12 31 08:30 09:29 11 4111 0029 11.26 1 324 1 20140714182046 00078
00000203 2012 12 31 13:00 14:59 11 4311 0029 11.26 1 464 1 20140714182046 00078
00000203 2012 12 31 19:00 19:29 11 1112 0029 11.26 1 318 1 20140714182046 00078
00000204 2012 12 01 10:00 10:29 11 1111 0029 11.26 1 254 1 20140715155746 00078
00000204 2012 12 01 14:30 15:29 11 4111 0029 11.26 1 324 1 20140715155746 00078
00000204 2012 12 01 20:00 20:29 11 1112 0029 11.26 1 318 1 20140715155746 00078
00000204 2012 12 02 10:00 10:29 11 1111 0029 11.26 1 254 1 20140715155746 00078
00000204 2012 12 02 14:30 14:59 11 1111 0029 11.26 1 254 1 20140715155746 00078
00000204 2012 12 02 20:00 20:29 11 1112 0029 11.26 1 318 1 20140715155746 00078
00000204 2012 12 03 09:30 09:59 11 1111 0029 11.26 1 254 1 20140715155746 00078
00000204 2012 12 03 14:30 14:59 11 1111 0029 11.26 1 254 1 20140715155746 00078
00000204 2012 12 03 20:00 20:29 11 1112 0029 11.26 1 318 1 20140715155746 00078
00000204 2012 12 04 10:00 10:29 11 1111 0029 11.26 1 254 1 20140715155746 00078
00000204 2012 12 04 14:30 14:59 11 1111 0029 11.26 1 254 1 20140715155746 00078
00000204 2012 12 04 20:00 20:29 11 1112 0029 11.26 1 318 1 20140715155746 00078
00000204 2012 12 05 20:00 20:29 11 1112 0029 11.26 1 318 1 20140715155746 00078
00000204 2012 12 06 10:00 10:29 11 1111 0029 11.26 1 254 1 20140715155746 00078
00000204 2012 12 06 14:30 14:59 11 1111 0029 11.26 1 254 1 20140715155746 00078
00000204 2012 12 06 20:00 20:29 11 1112 0029 11.26 1 318 1 20140715155746 00078
00000204 2012 12 07 09:30 09:59 11 1111 0029 11.26 1 254 1 20140715155746 00078
00000204 2012 12 07 20:00 20:29 11 1112 0029 11.26 1 318 1 20140715155746 00078
00000204 2012 12 08 10:00 10:29 11 1111 0029 11.26 1 254 1 20140715155746 00078
00000204 2012 12 08 14:30 15:29 11 4111 0029 11.26 1 324 1 20140715155746 00078
00000204 2012 12 08 20:00 20:29 11 1112 0029 11.26 1 318 1 20140715155746 00078
00000204 2012 12 09 10:00 10:29 11 1111 0029 11.26 1 254 1 20140715155746 00078
00000204 2012 12 09 14:30 14:59 11 1111 0029 11.26 1 254 1 20140715155746 00078
00000204 2012 12 09 20:00 20:29 11 1112 0029 11.26 1 318 1 20140715155746 00078
00000204 2012 12 10 09:30 09:59 11 1111 0029 11.26 1 254 1 20140715155746 00078
00000204 2012 12 10 20:00 20:29 11 1112 0029 11.26 1 318 1 20140715155746 00078
00000204 2012 12 11 10:00 10:29 11 1111 0029 11.26 1 254 1 20140715155746 00078
00000204 2012 12 11 20:00 20:29 11 1112 0029 11.26 1 318 1 20140715155746 00078
00000204 2012 12 12 10:00 10:29 11 1111 0029 11.26 1 254 1 20140715155746 00078
00000204 2012 12 12 20:00 20:29 11 1112 0029 11.26 1 318 1 20140715155746 00078
00000204 2012 12 13 20:00 20:29 11 1112 0029 11.26 1 318 1 20140715155746 00078
00000204 2012 12 14 09:30 09:59 11 1111 0029 11.26 1 254 1 20140715155746 00078
00000204 2012 12 14 14:30 14:59 11 1111 0029 11.26 1 254 1 20140715155746 00078
00000204 2012 12 14 20:00 20:29 11 1112 0029 11.26 1 318 1 20140715155746 00078
00000204 2012 12 15 10:00 10:29 11 1111 0029 11.26 1 254 1 20140715155746 00078
00000204 2012 12 15 14:30 15:29 11 4111 0029 11.26 1 324 1 20140715155746 00078
00000204 2012 12 15 20:00 20:29 11 1112 0029 11.26 1 318 1 20140715155746 00078
00000204 2012 12 16 10:00 10:29 11 1111 0029 11.26 1 254 1 20140715155746 00078
00000204 2012 12 16 14:30 14:59 11 1111 0029 11.26 1 254 1 20140715155746 00078
00000204 2012 12 16 20:00 20:29 11 1112 0029 11.26 1 318 1 20140715155746 00078
00000204 2012 12 17 09:30 09:59 11 1111 0029 11.26 1 254 1 20140715155746 00078
00000204 2012 12 17 20:00 20:29 11 1112 0029 11.26 1 318 1 20140715155746 00078
00000204 2012 12 18 10:00 10:29 11 1111 0029 11.26 1 254 1 20140715155746 00078
00000204 2012 12 18 14:30 14:59 11 1111 0029 11.26 1 254 1 20140715155746 00078
00000204 2012 12 18 20:00 20:29 11 1112 0029 11.26 1 318 1 20140715155746 00078
00000204 2012 12 19 20:00 20:29 11 1112 0029 11.26 1 318 1 20140715155746 00078
00000204 2012 12 20 10:00 10:29 11 1111 0029 11.26 1 254 1 20140715155746 00078
00000204 2012 12 20 14:30 14:59 11 1111 0029 11.26 1 254 1 20140715155746 00078
00000204 2012 12 20 20:00 20:29 11 1112 0029 11.26 1 318 1 20140715155746 00078
00000204 2012 12 21 09:30 09:59 11 1111 0029 11.26 1 254 1 20140715155746 00078
00000204 2012 12 21 20:00 20:29 11 1112 0029 11.26 1 318 1 20140715155746 00078
00000204 2012 12 22 10:00 10:29 11 1111 0029 11.26 1 254 1 20140715155746 00078
00000204 2012 12 22 15:00 15:59 11 4111 0029 11.26 1 324 1 20140715155746 00078
00000204 2012 12 22 20:00 20:29 11 1112 0029 11.26 1 318 1 20140715155746 00078
00000204 2012 12 23 10:00 10:29 11 1111 0029 11.26 1 254 1 20140715155746 00078
00000204 2012 12 23 14:30 14:59 11 1111 0029 11.26 1 254 1 20140715155746 00078
00000204 2012 12 23 20:00 20:29 11 1112 0029 11.26 1 318 1 20140715155746 00078
00000204 2012 12 24 09:30 09:59 11 1111 0029 11.26 1 254 1 20140715155746 00078
00000204 2012 12 24 20:00 20:29 11 1112 0029 11.26 1 318 1 20140715155746 00078
00000204 2012 12 25 20:00 20:29 11 1112 0029 11.26 1 318 1 20140715155746 00078
00000204 2012 12 26 10:00 10:29 11 1111 0029 11.26 1 254 1 20140715155746 00078
00000204 2012 12 26 20:00 20:29 11 1112 0029 11.26 1 318 1 20140715155746 00078
00000204 2012 12 27 10:00 10:29 11 1111 0029 11.26 1 254 1 20140715155746 00078
00000204 2012 12 27 15:30 15:59 11 1111 0029 11.26 1 254 1 20140715155746 00078
00000204 2012 12 27 20:00 20:29 11 1112 0029 11.26 1 318 1 20140715155746 00078
00000204 2012 12 28 09:30 09:59 11 1111 0029 11.26 1 254 1 20140715155746 00078
00000204 2012 12 28 20:00 20:29 11 1112 0029 11.26 1 318 1 20140715155746 00078
00000204 2012 12 29 10:00 10:29 11 1111 0029 11.26 1 254 1 20140715155746 00078
00000204 2012 12 29 14:30 15:29 11 4111 0029 11.26 1 324 1 20140715155746 00078
00000204 2012 12 29 20:00 20:29 11 1112 0029 11.26 1 318 1 20140715155746 00078
00000204 2012 12 30 10:00 10:29 11 1111 0029 11.26 1 254 1 20140715155746 00078
00000204 2012 12 30 14:30 14:59 11 1111 0029 11.26 1 254 1 20140715155746 00078
00000204 2012 12 30 20:00 20:29 11 1112 0029 11.26 1 318 1 20140715155746 00078
00000204 2012 12 31 09:30 09:59 11 1111 0029 11.26 1 254 1 20140715155746 00078
00000204 2012 12 31 14:30 14:59 11 1111 0029 11.26 1 254 1 20140715155746 00078
00000204 2012 12 31 20:00 20:29 11 1112 0029 11.26 1 318 1 20140715155746 00078
00000205 2012 12 04 14:30 15:59 11 1311 0029 11.26 1 584 1 20140715165654 00078
00000205 2012 12 06 15:00 15:59 11 7311 0029 11.26 1 235 1 20140715165654 00078
00000205 2012 12 07 14:30 15:59 11 1311 0029 11.26 1 584 1 20140715165654 00078
00000205 2012 12 11 14:30 15:59 11 1311 0029 11.26 1 584 1 20140715165654 00078
00000205 2012 12 14 14:30 15:59 11 1311 0029 11.26 1 584 1 20140715165654 00078
00000205 2012 12 18 14:30 15:59 11 1311 0029 11.26 1 584 1 20140715165654 00078
00000205 2012 12 28 14:30 15:59 11 1311 0029 11.26 1 584 1 20140715165654 00078
00000207 2012 12 04 14:00 14:59 61 1111 0107 11.26 1 1220 1 20140716104458 00078
00000207 2012 12 11 14:00 14:59 61 1111 0107 11.26 1 1220 1 20140716104458 00078
00000207 2012 12 18 14:00 14:59 61 1111 0107 11.26 1 1220 1 20140716104458 00078
00000207 2012 12 25 14:00 14:59 61 1111 0107 11.26 1 1220 1 20140716104458 00078
00000209 2012 12 03 10:45 11:44 61 1211 0107 11.26 1 2440 1 20140716113517 00078
00000209 2012 12 10 10:45 11:44 61 1211 0107 11.26 1 2440 1 20140716113517 00078
00000209 2012 12 14 10:45 11:44 61 1211 0107 11.26 1 2440 1 20140716113517 00078
00000209 2012 12 21 10:45 11:44 61 1211 0107 11.26 1 2440 1 20140716113517 00078
00000209 2012 12 28 10:45 11:44 61 1211 0107 11.26 1 2440 1 20140716113517 00078
00000209 2012 12 31 10:45 11:44 61 1211 0107 11.26 1 2440 1 20140716113517 00078
00000212 2012 12 05 13:00 13:59 61 1111 0107 11.26 1 1220 1 20140716174513 00078
00000212 2012 12 12 13:00 13:59 61 1111 0107 11.26 1 1220 1 20140716174513 00078
00000212 2012 12 19 13:00 13:59 61 1111 0107 11.26 1 1220 1 20140716174513 00078
00000212 2012 12 26 13:00 13:59 61 1111 0107 11.26 1 1220 1 20140716174513 00078
00000213 2012 12 01 10:45 11:44 11 7311 0029 11.26 1 235 1 20140716160352 00078
00000213 2012 12 01 16:00 16:59 11 1211 0029 11.26 1 402 1 20140716160352 00078
00000213 2012 12 04 10:45 11:44 11 7311 0029 11.26 1 235 1 20140716160352 00078
00000213 2012 12 04 16:00 16:59 11 1211 0029 11.26 1 402 1 20140716160352 00078
00000213 2012 12 06 16:00 16:59 11 1211 0029 11.26 1 402 1 20140716160352 00078
00000213 2012 12 08 10:45 11:44 11 7311 0029 11.26 1 235 1 20140716160352 00078
00000213 2012 12 08 16:00 16:59 11 1211 0029 11.26 1 402 1 20140716160352 00078
00000213 2012 12 11 10:45 11:44 11 7311 0029 11.26 1 235 1 20140716160352 00078
00000213 2012 12 11 16:00 16:59 11 1211 0029 11.26 1 402 1 20140716160352 00078
00000213 2012 12 13 16:00 16:59 11 1211 0029 11.26 1 402 1 20140716160352 00078
00000213 2012 12 15 10:45 11:44 11 7311 0029 11.26 1 235 1 20140716160352 00078
00000213 2012 12 15 16:00 16:59 11 1211 0029 11.26 1 402 1 20140716160352 00078
00000213 2012 12 18 10:45 11:44 11 7311 0029 11.26 1 235 1 20140716160352 00078
00000213 2012 12 18 16:00 16:59 11 1211 0029 11.26 1 402 1 20140716160352 00078
00000213 2012 12 20 16:00 16:59 11 1211 0029 11.26 1 402 1 20140716160352 00078
00000213 2012 12 22 10:45 11:44 11 7311 0029 11.26 1 235 1 20140716160352 00078
00000213 2012 12 22 16:00 16:59 11 1211 0029 11.26 1 402 1 20140716160352 00078
00000213 2012 12 25 10:45 11:44 11 7311 0029 11.26 1 235 1 20140716160352 00078
00000213 2012 12 25 16:00 16:59 11 1211 0029 11.26 1 402 1 20140716160352 00078
00000213 2012 12 27 16:00 16:59 11 1211 0029 11.26 1 402 1 20140716160352 00078
00000213 2012 12 29 10:45 11:44 11 7311 0029 11.26 1 235 1 20140716160352 00078
00000213 2012 12 29 16:00 16:59 11 1211 0029 11.26 1 402 1 20140716160352 00078
00000214 2012 12 05 10:45 11:44 61 1111 0107 11.26 1 1220 1 20140716182058 00078
00000214 2012 12 12 10:45 11:44 61 1111 0107 11.26 1 1220 1 20140716182058 00078
00000214 2012 12 19 10:45 11:44 61 1111 0107 11.26 1 1220 1 20140716182058 00078
00000214 2012 12 26 10:45 11:44 61 1111 0107 11.26 1 1220 1 20140716182058 00078
00000215 2012 12 01 13:30 14:29 61 1111 0107 11.26 1 1220 1 20140716171000 00078
00000215 2012 12 07 13:00 14:29 61 1111 0107 11.26 1 1220 1 20140716171000 00078
00000215 2012 12 14 13:00 14:29 61 1111 0107 11.26 1 1220 1 20140716171000 00078
00000215 2012 12 21 13:00 14:29 61 1111 0107 11.26 1 1220 1 20140716171000 00078
00000215 2012 12 28 13:00 14:29 61 1111 0107 11.26 1 1220 1 20140716171000 00078
00000216 2012 12 28 13:30 14:29 61 1111 0107 11.26 1 1220 1 20140729153330 00078
00000218 2012 12 18 17:00 17:59 61 1321 0107 11.26 1 3870 1 20140729170142 00078
00000218 2012 12 23 17:00 17:59 61 1321 0107 11.26 1 3870 1 20140729170142 00078
00000218 2012 12 28 17:00 17:59 61 1321 0107 11.26 1 3870 1 20140729170142 00078
00000218 2012 12 30 17:00 17:59 61 1321 0107 11.26 1 3870 1 20140729170142 00078
00000221 2012 12 06 10:45 11:30 61 1111 0107 11.26 1 1220 1 20140729184936 00078
00000221 2012 12 13 10:45 11:30 61 1111 0107 11.26 1 1220 1 20140729184936 00078
00000221 2012 12 20 10:45 11:30 61 1111 0107 11.26 1 1220 1 20140729184936 00078
00000221 2012 12 27 10:45 11:30 61 1111 0107 11.26 1 1220 1 20140729184936 00078
00000224 2012 12 31 10:00 10:59 11 7311 0029 11.26 1 235 1 20140730111751 00078
00000224 2012 12 31 16:00 16:59 11 1211 0029 11.26 1 402 1 20140730111751 00078
00000226 2012 12 04 16:00 17:00 61 1211 0107 11.26 1 2440 1 20140730120136 00078
00000226 2012 12 07 16:00 17:00 61 1211 0107 11.26 1 2440 1 20140730120136 00078
00000226 2012 12 11 16:00 17:00 61 1211 0107 11.26 1 2440 1 20140730120136 00078
00000226 2012 12 14 16:00 17:00 61 1211 0107 11.26 1 2440 1 20140730120136 00078
00000226 2012 12 18 16:00 17:00 61 1211 0107 11.26 1 2440 1 20140730120136 00078
00000226 2012 12 21 16:00 17:00 61 1211 0107 11.26 1 2440 1 20140730120136 00078
00000226 2012 12 25 16:00 17:00 61 1211 0107 11.26 1 2440 1 20140730120136 00078
00000226 2012 12 28 16:00 17:00 61 1211 0107 11.26 1 2440 1 20140730120136 00078
00000229 2012 12 06 10:00 11:00 61 1111 0107 11.26 1 1220 1 20140730123132 00078
00000229 2012 12 13 10:00 11:00 61 1111 0107 11.26 1 1220 1 20140730123132 00078
00000229 2012 12 20 10:00 11:00 61 1111 0107 11.26 1 1220 1 20140730123132 00078
00000229 2012 12 27 10:00 11:00 61 1111 0107 11.26 1 1220 1 20140730123132 00078
