000011812014091 00001181 2014 09 22 11 1111 1 10:00 10:29 0070 1 255 0 _ _ 1 20141001152117 11
000011812014092 00001181 2014 09 22 11 4001 1 10:00 10:29 0070 1 200 0 _ _ 1 20141001152117 11
000011812014093 00001181 2014 09 29 11 1211 1 10:00 10:45 0070 1 404 0 _ _ 1 20141001152117 11
000011812014094 00001181 2014 09 25 11 5111 1 10:00 11:05 0070 1 474 0 _ _ 1 20141001152117 11
000011812014101 00001181 2014 10 06 11 1211 1 10:00 10:45 0070 1 404 0 _ _ 1 20141101160353 11
000011812014102 00001181 2014 10 02 11 5111 1 10:00 11:05 0070 1 474 0 _ _ 1 20141101160353 11
000011812014102 00001181 2014 10 09 11 5111 1 10:00 11:05 0070 1 474 0 _ _ 1 20141101160353 11
000011812014102 00001181 2014 10 16 11 5111 1 10:00 11:05 0070 1 474 0 _ _ 1 20141101160353 11
000011812014103 00001181 2014 10 27 11 1211 1 13:15 14:00 0070 1 404 0 _ _ 1 20141101160353 11
000011812014104 00001181 2014 10 23 11 5111 1 13:15 14:20 0070 1 474 0 _ _ 1 20141101160353 11
000011812014104 00001181 2014 10 30 11 5111 1 13:15 14:20 0070 1 474 0 _ _ 1 20141101160353 11
000011812014105 00001181 2014 10 13 11 1211 1 13:30 14:15 0070 1 404 0 _ _ 1 20141101160353 11
000011812014111 00001181 2014 11 03 11 1111 1 13:15 13:44 0070 1 255 0 _ _ 1 20141202171147 11
000011812014112 00001181 2014 11 10 11 1211 1 13:15 14:00 0070 1 404 0 _ _ 1 20141202171147 11
000011812014112 00001181 2014 11 25 11 1211 1 13:15 14:00 0070 1 404 0 _ _ 1 20141202171147 11
000011812014113 00001181 2014 11 06 11 5111 1 13:15 14:20 0070 1 474 0 _ _ 1 20141202171147 11
000011812014113 00001181 2014 11 13 11 5111 1 13:15 14:20 0070 1 474 0 _ _ 1 20141202171147 11
000011812014113 00001181 2014 11 20 11 5111 1 13:15 14:20 0070 1 474 0 _ _ 1 20141202171147 11
000011812014114 00001181 2014 11 17 11 1211 1 13:30 14:15 0070 1 404 0 _ _ 1 20141202171147 11
000011812014115 00001181 2014 11 28 11 5111 1 14:45 15:50 0070 1 474 0 _ _ 1 20141202171147 11
