000012832015051 00001283 2015 05 03 64 2111 1 10:00 15:30 0011 1 302 0 _ _ 1 20150729142237 161
000012832015051 00001283 2015 05 10 64 2111 1 10:00 15:30 0011 1 302 0 _ _ 1 20150729142237 161
000012832015051 00001283 2015 05 17 64 2111 1 10:00 15:30 0011 1 302 0 _ _ 1 20150729142237 161
000012832015051 00001283 2015 05 24 64 2111 1 10:00 15:30 0011 1 302 0 _ _ 1 20150729142237 161
000012832015051 00001283 2015 05 31 64 2111 1 10:00 15:30 0011 1 302 0 _ _ 1 20150729142237 161
000012832015052 00001283 2015 05 03 64 4000 1 _ _ 0011 1 300 0 _ _ 1 20150729142237 161
000012832015052 00001283 2015 05 10 64 4000 1 _ _ 0011 1 300 0 _ _ 1 20150729142237 161
000012832015052 00001283 2015 05 17 64 4000 1 _ _ 0011 1 300 0 _ _ 1 20150729142237 161
000012832015052 00001283 2015 05 24 64 4000 1 _ _ 0011 1 300 0 _ _ 1 20150729142237 161
000012832015052 00001283 2015 05 31 64 4000 1 _ _ 0011 1 300 0 _ _ 1 20150729142237 161
000012832015053 00001283 2015 05 06 61 1111 1 17:00 17:29 0073 1 1168 0 _ _ 1 20150729142237 161
000012832015053 00001283 2015 05 13 61 1111 1 17:00 17:29 0073 1 1168 0 _ _ 1 20150729142237 161
000012832015053 00001283 2015 05 20 61 1111 1 17:00 17:29 0073 1 1168 0 _ _ 1 20150729142237 161
000012832015053 00001283 2015 05 27 61 1111 1 17:00 17:29 0073 1 1168 0 _ _ 1 20150729142237 161
000012832015054 00001283 2015 05 06 61 4001 1 17:00 17:29 0073 1 200 0 _ _ 1 20150729142237 161
000012832015055 00001283 2015 05 06 61 4002 1 17:00 17:29 0073 1 100 0 _ _ 1 20150729142237 161
000012832015056 00001283 2015 05 01 67 1001 1 _ _ 0265 1 500 0 _ _ 1 20150729142237 161
