00000150 2014 02 11 14:00 15:00 61 1211 0073 10.84 1 2440 1 20140617154720 00034
00000150 2014 02 18 14:00 15:00 61 1211 0073 10.84 1 2440 1 20140617154720 00034
00000150 2014 02 20 14:30 15:30 61 1211 0073 10.84 1 2440 1 20140617154720 00034
00000150 2014 02 25 14:00 15:00 61 1211 0073 10.84 1 2440 1 20140617154720 00034
00000150 2014 02 28 14:45 15:45 61 1211 0073 10.84 1 2440 1 20140617154720 00034
00000150 2014 03 04 14:00 15:00 61 1211 0073 10.84 1 2440 1 20140617155716 00034
00000150 2014 03 07 14:45 15:45 61 1211 0073 10.84 1 2440 1 20140617155716 00034
00000150 2014 03 11 14:00 15:00 61 1211 0073 10.84 1 2440 1 20140617155716 00034
00000150 2014 03 14 14:45 15:45 61 1211 0073 10.84 1 2440 1 20140617155716 00034
00000150 2014 03 21 14:45 15:45 61 1211 0073 10.84 1 2440 1 20140617155716 00034
00000150 2014 03 25 14:00 15:00 61 1211 0073 10.84 1 2440 1 20140617155716 00034
00000150 2014 03 28 14:45 15:45 61 1211 0073 10.84 1 2440 1 20140617155716 00034
00000150 2014 04 01 14:00 15:00 61 1211 0073 10.84 1 2452 1 20140617160908 00034
00000150 2014 04 04 14:45 15:45 61 1211 0073 10.84 1 2452 1 20140617160908 00034
00000150 2014 04 08 14:00 15:00 61 1211 0073 10.84 1 2452 1 20140617160908 00034
00000150 2014 04 11 14:45 15:45 61 1211 0073 10.84 1 2452 1 20140617160908 00034
00000150 2014 04 15 15:30 16:30 61 1211 0073 10.84 1 2452 1 20140617160908 00034
00000150 2014 04 18 14:45 15:45 61 1211 0073 10.84 1 2452 1 20140617160908 00034
00000150 2014 04 22 14:00 15:00 61 1211 0073 10.84 1 2452 1 20140617160908 00034
00000150 2014 04 25 14:00 15:00 61 1211 0073 10.84 1 2452 1 20140617160908 00034
00000150 2014 04 25 15:00 15:30 61 1211 0073 10.84 1 2452 1 20140617160908 00034
00000150 2014 05 02 14:00 15:00 61 1211 0073 10.84 1 2452 1 20140818163658 00034
00000150 2014 05 06 14:00 15:00 61 1211 0073 10.84 1 2452 1 20140818163658 00034
00000150 2014 05 09 14:00 15:00 61 1211 0073 10.84 1 2452 1 20140818163658 00034
00000150 2014 05 13 14:00 15:00 61 1211 0073 10.84 1 2452 1 20140818163658 00034
00000150 2014 05 16 14:00 15:00 61 1211 0073 10.84 1 2452 1 20140818163658 00034
00000150 2014 05 20 14:00 15:00 61 1211 0073 10.84 1 2452 1 20140818163658 00034
00000150 2014 05 23 14:00 15:00 61 1211 0073 10.84 1 2452 1 20140818163658 00034
00000150 2014 05 27 14:00 15:00 61 1211 0073 10.84 1 2452 1 20140818163658 00034
00000150 2014 05 30 14:00 15:00 61 1211 0073 10.84 1 2452 1 20140818163658 00034
00000150 2014 06 03 14:00 14:59 61 1211 0073 10.84 1 2452 1 20140701162522 00034
00000150 2014 06 10 14:00 14:59 61 1211 0073 10.84 1 2452 1 20140701162522 00034
00000150 2014 06 13 14:00 14:59 61 1211 0073 10.84 1 2452 1 20140701162522 00034
00000150 2014 06 17 14:00 14:59 61 1211 0073 10.84 1 2452 1 20140701162522 00034
00000150 2014 06 20 14:00 14:59 61 1211 0073 10.84 1 2452 1 20140701162522 00034
00000150 2014 06 24 14:00 14:59 61 1211 0073 10.84 1 2452 1 20140701162522 00034
00000150 2014 06 27 14:00 14:59 61 1211 0073 10.84 1 2452 1 20140701162522 00034
00000150 2014 06 27 14:00 15:59 61 1211 0073 10.84 1 2452 1 20140701101857 00078
00000150 2014 07 01 14:00 14:59 61 1211 0073 10.84 1 2452 1 20140731103411 00035
00000150 2014 07 04 14:00 14:59 61 1211 0073 10.84 1 2452 1 20140731103411 00035
00000150 2014 07 08 14:00 14:59 61 1211 0073 10.84 1 2452 1 20140731103411 00035
00000150 2014 07 15 14:00 14:59 61 1211 0073 10.84 1 2452 1 20140731103411 00035
00000150 2014 07 18 14:00 14:59 61 1211 0073 10.84 1 2452 1 20140731103411 00035
00000150 2014 07 22 14:00 14:59 61 1211 0073 10.84 1 2452 1 20140731103411 00035
00000150 2014 07 25 14:00 14:59 61 1211 0073 10.84 1 2452 1 20140731103411 00035
00000150 2014 07 29 14:00 14:59 61 1211 0073 10.84 1 2452 1 20140731103411 00035
