00000150 0073 2014 02 0000002 11 00035 _ 14:00 15:00 _ _ 0 1211 1 61 1 20140617154720 00034
00000150 0073 2014 02 0000003 18 00038 _ 14:00 15:00 _ _ 0 1211 1 61 1 20140617154720 00034
00000150 0073 2014 02 0000004 20 00038 _ 14:30 15:30 _ _ 0 1211 1 61 1 20140617154720 00034
00000150 0073 2014 02 0000005 25 00035 _ 14:00 15:00 _ _ 0 1211 1 61 1 20140617154720 00034
00000150 0073 2014 02 0000006 28 00014 _ 14:45 15:45 _ _ 0 1211 1 61 1 20140617154720 00034
00000150 0073 2014 03 0000007 04 00089 _ 14:00 15:00 _ _ 0 1211 1 61 1 20140617155716 00034
00000150 0073 2014 03 0000008 07 00038 _ 14:45 15:45 _ _ 0 1211 1 61 1 20140617155716 00034
00000150 0073 2014 03 0000009 11 00089 _ 14:00 15:00 _ _ 0 1211 1 61 1 20140617155716 00034
00000150 0073 2014 03 0000010 14 00038 _ 14:45 15:45 _ _ 0 1211 1 61 1 20140617155716 00034
00000150 0073 2014 03 0000011 21 00038 _ 14:45 15:45 _ _ 0 1211 1 61 1 20140617155716 00034
00000150 0073 2014 03 0000012 25 00089 _ 14:00 15:00 _ _ 0 1211 1 61 1 20140617155716 00034
00000150 0073 2014 03 0000013 28 00035 _ 14:45 15:45 _ _ 0 1211 1 61 1 20140617155716 00034
00000150 0073 2014 04 0000014 01 00089 _ 14:00 15:00 _ _ 0 1211 1 61 1 20140617160908 00034
00000150 0073 2014 04 0000015 04 00038 _ 14:45 15:45 _ _ 0 1211 1 61 1 20140617160908 00034
00000150 0073 2014 04 0000016 08 00089 _ 14:00 15:00 _ _ 0 1211 1 61 1 20140617160908 00034
00000150 0073 2014 04 0000017 11 00038 _ 14:45 15:45 _ _ 0 1211 1 61 1 20140617160908 00034
00000150 0073 2014 04 0000018 15 00089 _ 15:30 16:30 _ _ 0 1211 1 61 1 20140617160908 00034
00000150 0073 2014 04 0000019 18 00035 _ 14:45 15:45 _ _ 0 1211 1 61 1 20140617160908 00034
00000150 0073 2014 04 0000020 22 00089 _ 14:00 15:00 _ _ 0 1211 1 61 1 20140617160908 00034
00000150 0073 2014 04 0000021 25 00038 _ 15:00 15:30 _ _ 0 1211 1 61 1 20140617160908 00034
00000150 0073 2014 04 0000022 25 00038 _ 14:00 15:00 _ _ 0 1211 1 61 1 20140617160908 00034
00000150 0073 2014 05 0000023 02 00035 _ 14:00 15:00 _ _ 0 1211 1 61 1 20140818163658 00034
00000150 0073 2014 05 0000024 06 00089 _ 14:00 15:00 _ _ 0 1211 1 61 1 20140818163658 00034
00000150 0073 2014 05 0000025 09 00038 _ 14:00 15:00 _ _ 0 1211 1 61 1 20140818163658 00034
00000150 0073 2014 05 0000026 13 00089 _ 14:00 15:00 _ _ 0 1211 1 61 1 20140818163658 00034
00000150 0073 2014 05 0000027 16 00035 _ 14:00 15:00 _ _ 0 1211 1 61 1 20140818163658 00034
00000150 0073 2014 05 0000028 20 00089 _ 14:00 15:00 _ _ 0 1211 1 61 1 20140818163658 00034
00000150 0073 2014 05 0000029 23 00038 _ 14:00 15:00 _ _ 0 1211 1 61 1 20140818163658 00034
00000150 0073 2014 05 0000030 27 00089 _ 14:00 15:00 _ _ 0 1211 1 61 1 20140818163658 00034
00000150 0073 2014 05 0000031 30 00038 _ 14:00 15:00 _ _ 0 1211 1 61 1 20140818163658 00034
00000150 0073 2014 06 0000002 03 00089 _ 14:00 14:59 2 _ 0 1211 1 61 1 20140701162522 00034
00000150 0073 2014 06 0000003 10 00089 _ 14:00 14:59 2 _ 0 1211 1 61 1 20140701162522 00034
00000150 0073 2014 06 0000004 13 00045 _ 14:00 14:59 1 _ 0 1211 1 61 1 20140701162522 00034
00000150 0073 2014 06 0000005 17 00089 _ 14:00 14:59 2 _ 0 1211 1 61 1 20140701162522 00034
00000150 0073 2014 06 0000006 20 00045 _ 14:00 14:59 1 _ 0 1211 1 61 1 20140701162522 00034
00000150 0073 2014 06 0000007 24 00089 _ 14:00 14:59 2 _ 0 1211 1 61 1 20140701162522 00034
00000150 0073 2014 06 0000008 27 00038 _ 14:00 14:59 1 _ 0 1211 1 61 1 20140701162522 00034
00000150 0073 2014 07 0000009 01 00089 _ 14:00 14:59 2 _ 0 1211 1 61 1 20140731103411 00035
00000150 0073 2014 07 0000010 04 00094 _ 14:00 14:59 1 _ 0 1211 1 61 1 20140731103411 00035
00000150 0073 2014 07 0000011 04 _ _ 00:00 00:00 _ _ 0 _ 1 61 9 20140723160609 00037
00000150 0073 2014 07 0000012 08 00089 _ 14:00 14:59 2 _ 0 1211 1 61 1 20140731103411 00035
00000150 0073 2014 07 0000013 18 00094 _ 14:00 14:59 1 _ 0 1211 1 61 1 20140731103411 00035
00000150 0073 2014 07 0000014 15 00089 _ 14:00 14:59 2 _ 0 1211 1 61 1 20140731103411 00035
00000150 0073 2014 07 0000015 22 00089 _ 14:00 14:59 2 _ 0 1211 1 61 1 20140731103411 00035
00000150 0073 2014 07 0000016 25 00094 _ 14:00 14:59 1 _ 0 1211 1 61 1 20140731103411 00035
00000150 0073 2014 07 0000017 29 00089 _ 14:00 14:59 2 _ 0 1211 1 61 1 20140731103411 00035
00000150 0073 2014 08 0000018 01 00094 _ 14:00 14:59 1 _ 0 1211 1 61 1 20140818152104 00038
00000150 0073 2014 08 0000019 05 00089 _ 14:00 14:59 2 _ 0 1211 1 61 1 20140818152104 00038
00000150 0073 2014 08 0000020 12 00089 _ 14:00 14:59 2 _ 0 1211 1 61 1 20140818152104 00038
00000150 0073 2014 08 0000021 15 00094 _ 14:00 14:59 1 _ 0 1211 1 61 1 20140818152104 00038
