00000100 20130815 KihonCheckCheckList01 0 1 201405230000 IKOU
00000100 20130815 KihonCheckCheckList02 0 1 201405230000 IKOU
00000100 20130815 KihonCheckCheckList03 0 1 201405230000 IKOU
00000100 20130815 KihonCheckCheckList04 0 1 201405230000 IKOU
00000100 20130815 KihonCheckCheckList05 0 1 201405230000 IKOU
00000100 20130815 KihonCheckCheckList06 2 1 201405230000 IKOU
00000100 20130815 KihonCheckCheckList07 2 1 201405230000 IKOU
00000100 20130815 KihonCheckCheckList08 0 1 201405230000 IKOU
00000100 20130815 KihonCheckCheckList09 0 1 201405230000 IKOU
00000100 20130815 KihonCheckCheckList10 2 1 201405230000 IKOU
00000100 20130815 KihonCheckCheckList11 0 1 201405230000 IKOU
00000100 20130815 KihonCheckCheckList12 0 1 201405230000 IKOU
00000100 20130815 KihonCheckCheckList13 4 1 201405230000 IKOU
00000100 20130815 KihonCheckCheckList14 4 1 201405230000 IKOU
00000100 20130815 KihonCheckCheckList15 0 1 201405230000 IKOU
00000100 20130815 KihonCheckCheckList16 0 1 201405230000 IKOU
00000100 20130815 KihonCheckCheckList17 6 1 201405230000 IKOU
00000100 20130815 KihonCheckCheckList18 0 1 201405230000 IKOU
00000100 20130815 KihonCheckCheckList19 0 1 201405230000 IKOU
00000100 20130815 KihonCheckCheckList20 0 1 201405230000 IKOU
00000100 20130815 KihonCheckCheckList21 0 1 201405230000 IKOU
00000100 20130815 KihonCheckCheckList22 7 1 201405230000 IKOU
00000100 20130815 KihonCheckCheckList23 0 1 201405230000 IKOU
00000100 20130815 KihonCheckCheckList24 0 1 201405230000 IKOU
00000100 20140224 KihonCheckCheckList01 0 1 201405230000 IKOU
00000100 20140224 KihonCheckCheckList02 0 1 201405230000 IKOU
00000100 20140224 KihonCheckCheckList03 0 1 201405230000 IKOU
00000100 20140224 KihonCheckCheckList04 1 1 201405230000 IKOU
00000100 20140224 KihonCheckCheckList05 1 1 201405230000 IKOU
00000100 20140224 KihonCheckCheckList06 2 1 201405230000 IKOU
00000100 20140224 KihonCheckCheckList07 2 1 201405230000 IKOU
00000100 20140224 KihonCheckCheckList08 0 1 201405230000 IKOU
00000100 20140224 KihonCheckCheckList09 0 1 201405230000 IKOU
00000100 20140224 KihonCheckCheckList10 2 1 201405230000 IKOU
00000100 20140224 KihonCheckCheckList11 3 1 201405230000 IKOU
00000100 20140224 KihonCheckCheckList12 4 1 201405230000 IKOU
00000100 20140224 KihonCheckCheckList13 0 1 201405230000 IKOU
00000100 20140224 KihonCheckCheckList14 4 1 201405230000 IKOU
00000100 20140224 KihonCheckCheckList15 0 1 201405230000 IKOU
00000100 20140224 KihonCheckCheckList16 5 1 201405230000 IKOU
00000100 20140224 KihonCheckCheckList17 6 1 201405230000 IKOU
00000100 20140224 KihonCheckCheckList18 0 1 201405230000 IKOU
00000100 20140224 KihonCheckCheckList19 6 1 201405230000 IKOU
00000100 20140224 KihonCheckCheckList20 7 1 201405230000 IKOU
00000100 20140224 KihonCheckCheckList21 7 1 201405230000 IKOU
00000100 20140224 KihonCheckCheckList22 7 1 201405230000 IKOU
00000100 20140224 KihonCheckCheckList23 0 1 201405230000 IKOU
00000100 20140224 KihonCheckCheckList24 0 1 201405230000 IKOU
