000002542014061 00000254 2014 06 03 61 1111 15:50 16:50 0107 1 1226 0 _ _ 1 1 20140701172123 39
000002542014061 00000254 2014 06 10 61 1111 15:50 16:50 0107 1 1226 0 _ _ 1 1 20140701172123 39
000002542014061 00000254 2014 06 17 61 1111 15:50 16:50 0107 1 1226 0 _ _ 1 1 20140701172123 39
000002542014061 00000254 2014 06 24 61 1111 15:50 16:50 0107 1 1226 0 _ _ 1 1 20140701172123 39
000002542014062 00000254 2014 06 10 61 4001 15:50 16:50 0107 1 200 0 _ _ 1 1 20140701172123 39
000002542014071 00000254 2014 07 19 61 1111 10:30 11:29 0107 1 1226 0 _ _ 1 1 20140802132723 39
000002542014071 00000254 2014 07 26 61 1111 10:30 11:29 0107 1 1226 0 _ _ 1 1 20140802132723 39
000002542014072 00000254 2014 07 01 61 1111 15:50 16:49 0107 1 1226 0 _ _ 1 1 20140802132723 39
000002542014072 00000254 2014 07 08 61 1111 15:50 16:49 0107 1 1226 0 _ _ 1 1 20140802132723 39
000002542014072 00000254 2014 07 15 61 1111 15:50 16:49 0107 1 1226 0 _ _ 1 1 20140802132723 39
000002542014081 00000254 2014 08 02 61 1111 10:30 11:29 0107 1 1226 0 _ _ 1 1 20140901141839 39
000002542014081 00000254 2014 08 09 61 1111 10:30 11:29 0107 1 1226 0 _ _ 1 1 20140901141839 39
000002542014081 00000254 2014 08 16 61 1111 10:30 11:29 0107 1 1226 0 _ _ 1 1 20140901141839 39
000002542014081 00000254 2014 08 23 61 1111 10:30 11:29 0107 1 1226 0 _ _ 1 1 20140901141839 39
000002542014081 00000254 2014 08 30 61 1111 10:30 11:29 0107 1 1226 0 _ _ 1 1 20140901141839 39
000002542014091 00000254 2014 09 06 61 1111 10:30 11:29 0107 1 1226 0 _ _ 1 1 20141001141009 39
000002542014091 00000254 2014 09 13 61 1111 10:30 11:29 0107 1 1226 0 _ _ 1 1 20141001141009 39
000002542014091 00000254 2014 09 20 61 1111 10:30 11:29 0107 1 1226 0 _ _ 1 1 20141001141009 39
000002542014091 00000254 2014 09 27 61 1111 10:30 11:29 0107 1 1226 0 _ _ 1 1 20141001141009 39
000002542014101 00000254 2014 10 04 61 1111 10:30 11:29 0107 1 1226 0 _ _ 1 1 20141101111419 39
000002542014101 00000254 2014 10 11 61 1111 10:30 11:29 0107 1 1226 0 _ _ 1 1 20141101111419 39
000002542014101 00000254 2014 10 18 61 1111 10:30 11:29 0107 1 1226 0 _ _ 1 1 20141101111419 39
000002542014101 00000254 2014 10 25 61 1111 10:30 11:29 0107 1 1226 0 _ _ 1 1 20141101111419 39
000002542014111 00000254 2014 11 01 61 1111 10:30 11:29 0107 1 1226 0 _ _ 1 1 20141202102437 39
000002542014111 00000254 2014 11 08 61 1111 10:30 11:29 0107 1 1226 0 _ _ 1 1 20141202102437 39
000002542014111 00000254 2014 11 15 61 1111 10:30 11:29 0107 1 1226 0 _ _ 1 1 20141202102437 39
000002542014111 00000254 2014 11 22 61 1111 10:30 11:29 0107 1 1226 0 _ _ 1 1 20141202102437 39
000002542014111 00000254 2014 11 29 61 1111 10:30 11:29 0107 1 1226 0 _ _ 1 1 20141202102437 39
000002542014121 00000254 2014 12 06 61 1111 10:30 11:29 0107 1 1226 0 _ _ 1 1 20141122143456 42
000002542014121 00000254 2014 12 13 61 1111 10:30 11:29 0107 1 1226 0 _ _ 1 1 20141122143456 42
000002542014121 00000254 2014 12 20 61 1111 10:30 11:29 0107 1 1226 0 _ _ 1 1 20141122143456 42
000002542014121 00000254 2014 12 27 61 1111 10:30 11:29 0107 1 1226 0 _ _ 1 1 20141122143456 42
