000000672014061 00000067 2014 06 06 13 1521 1 10:30 11:29 0017 1 286 0 _ _ 1 20140703210614 24
000000672014062 00000067 2014 06 03 13 1521 1 13:00 13:59 0017 1 286 0 _ _ 1 20140703210614 24
000000672014063 00000067 2014 06 03 13 6101 1 _ _ 0017 1 6 0 _ _ 1 20140703210614 24
000000672014063 00000067 2014 06 06 13 6101 1 _ _ 0017 1 6 0 _ _ 1 20140703210614 24
000000672014064 00000067 2014 06 03 11 4111 1 09:45 10:44 0070 1 325 0 _ _ 1 20140703210614 24
000000672014065 00000067 2014 06 05 11 4211 1 10:30 11:59 0070 1 395 0 _ _ 1 20140703210614 24
000000672014066 00000067 2014 06 01 11 4111 1 11:00 11:59 0070 1 325 0 _ _ 1 20140703210614 24
000000672014066 00000067 2014 06 08 11 4111 1 11:00 11:59 0070 1 325 0 _ _ 1 20140703210614 24
000000672014067 00000067 2014 06 01 17 1001 1 _ _ 0065 1 400 0 _ _ 1 20140703210614 24
000000672014068 00000067 2014 06 01 17 1002 1 _ _ 0065 1 47 0 _ _ 1 20140703210614 24
000000672014069 00000067 2014 06 01 17 1003 1 _ _ 0065 1 650 0 _ _ 1 20140703210614 24
000000672014071 00000067 2014 07 14 13 1521 1 10:30 11:29 0017 1 286 0 _ _ 1 20140802172320 24
000000672014071 00000067 2014 07 18 13 1521 1 10:30 11:29 0017 1 286 0 _ _ 1 20140802172320 24
000000672014071 00000067 2014 07 22 13 1521 1 10:30 11:29 0017 1 286 0 _ _ 1 20140802172320 24
000000672014071 00000067 2014 07 25 13 1521 1 10:30 11:29 0017 1 286 0 _ _ 1 20140802172320 24
000000672014071 00000067 2014 07 29 13 1521 1 10:30 11:29 0017 1 286 0 _ _ 1 20140802172320 24
000000672014072 00000067 2014 07 14 13 6101 1 _ _ 0017 1 6 0 _ _ 1 20140802172320 24
000000672014072 00000067 2014 07 18 13 6101 1 _ _ 0017 1 6 0 _ _ 1 20140802172320 24
000000672014072 00000067 2014 07 22 13 6101 1 _ _ 0017 1 6 0 _ _ 1 20140802172320 24
000000672014072 00000067 2014 07 25 13 6101 1 _ _ 0017 1 6 0 _ _ 1 20140802172320 24
000000672014072 00000067 2014 07 29 13 6101 1 _ _ 0017 1 6 0 _ _ 1 20140802172320 24
000000672014073 00000067 2014 07 11 17 1001 1 _ _ 0065 1 800 0 _ _ 1 20140802172320 24
000000672014074 00000067 2014 07 11 17 1002 1 _ _ 0065 1 94 0 _ _ 1 20140802172320 24
000000672014075 00000067 2014 07 11 17 1003 1 _ _ 0065 1 1300 0 _ _ 1 20140802172320 24
000000672014076 00000067 2014 07 11 17 1004 1 _ _ 0065 1 102 0 _ _ 1 20140802172320 24
000000672014077 00000067 2014 07 11 17 1004 1 _ _ 0065 1 46 0 _ _ 1 20140802172320 24
000000672014078 00000067 2014 07 11 17 1007 1 _ _ 0065 1 308 0 _ _ 1 20140802172320 24
000000672014079 00000067 2014 07 11 17 1004 1 _ _ 0065 1 284 0 _ _ 1 20140802172320 24
