1 00000092 2013 07 61 0073 グランクレール・ケアサービス横浜 1111 予防訪問介護Ⅰ 1220 0 1220 3 1220 0 1220 1220 0 10.84 13224 90 11901 1323 0 n n 0 1 20140728103356 00034
1 00000092 2013 08 61 0073 グランクレール・ケアサービス横浜 1111 予防訪問介護Ⅰ 1220 0 1220 5 1220 0 1220 1220 0 10.84 13224 90 11901 1323 0 n n 0 1 20140728104058 00034
1 00000092 2013 09 61 0073 グランクレール・ケアサービス横浜 1111 予防訪問介護Ⅰ 1220 0 1220 4 1220 0 1220 1220 0 10.84 13224 90 11901 1323 0 n n 0 1 20140627185056 00034
1 00000092 2013 10 61 0073 グランクレール・ケアサービス横浜 1111 予防訪問介護Ⅰ 1220 0 1220 5 1220 0 1220 1220 0 10.84 13224 90 11901 1323 0 n n 0 1 20140627185323 00034
1 00000092 2013 11 61 0073 グランクレール・ケアサービス横浜 1111 予防訪問介護Ⅰ 1220 0 1220 4 1220 0 1220 1220 0 10.84 13224 90 11901 1323 0 n n 0 1 20140627185617 00034
1 00000092 2013 12 61 0073 グランクレール・ケアサービス横浜 1111 予防訪問介護Ⅰ 1220 0 1220 4 1220 0 1220 1220 0 10.84 13224 90 11901 1323 0 n n 0 1 20140627185840 00034
1 00000092 2014 01 61 0073 グランクレール・ケアサービス横浜 1111 予防訪問介護Ⅰ 1220 0 1220 4 1220 0 1220 1220 0 10.84 13224 90 11901 1323 0 n n 0 1 20140616133741 00034
1 00000092 2014 02 61 0073 グランクレール・ケアサービス横浜 1111 予防訪問介護Ⅰ 1220 0 1220 4 1220 0 1220 1220 0 10.84 13224 90 11901 1323 0 n n 0 1 20140616134222 00034
1 00000092 2014 03 61 0073 グランクレール・ケアサービス横浜 1111 予防訪問介護Ⅰ 1220 0 1220 4 1220 0 1220 1220 0 10.84 13224 90 11901 1323 0 n n 0 1 20140616134520 00034
2 00000092 2013 07 61 0073 グランクレール・ケアサービス横浜 6271 予防訪問介護処遇改善加算Ⅰ 49 0 49 1 49 0 49 49 0 10.84 531 90 477 54 0 a g 0 1 20140728103356 00034
2 00000092 2013 08 61 0073 グランクレール・ケアサービス横浜 6271 予防訪問介護処遇改善加算Ⅰ 49 0 49 1 49 0 49 49 0 10.84 531 90 477 54 0 a g 0 1 20140728104058 00034
2 00000092 2013 09 61 0073 グランクレール・ケアサービス横浜 6271 予防訪問介護処遇改善加算Ⅰ 49 0 49 1 49 0 49 49 0 10.84 531 90 477 54 0 a g 0 1 20140627185056 00034
2 00000092 2013 10 61 0073 グランクレール・ケアサービス横浜 6271 予防訪問介護処遇改善加算Ⅰ 49 0 49 1 49 0 49 49 0 10.84 531 90 477 54 0 a g 0 1 20140627185323 00034
2 00000092 2013 11 61 0073 グランクレール・ケアサービス横浜 6271 予防訪問介護処遇改善加算Ⅰ 49 0 49 1 49 0 49 49 0 10.84 531 90 477 54 0 a g 0 1 20140627185617 00034
2 00000092 2013 12 61 0073 グランクレール・ケアサービス横浜 6271 予防訪問介護処遇改善加算Ⅰ 49 0 49 1 49 0 49 49 0 10.84 531 90 477 54 0 a g 0 1 20140627185840 00034
2 00000092 2014 01 61 0073 グランクレール・ケアサービス横浜 6271 予防訪問介護処遇改善加算Ⅰ 49 0 49 1 49 0 49 49 0 10.84 531 90 477 54 0 a g 0 1 20140616133741 00034
2 00000092 2014 02 61 0073 グランクレール・ケアサービス横浜 6271 予防訪問介護処遇改善加算Ⅰ 49 0 49 1 49 0 49 49 0 10.84 531 90 477 54 0 a g 0 1 20140616134222 00034
2 00000092 2014 03 61 0073 グランクレール・ケアサービス横浜 6271 予防訪問介護処遇改善加算Ⅰ 49 0 49 1 49 0 49 49 0 10.84 531 90 477 54 0 a g 0 1 20140616134520 00034
