00000092 2013 07 11 09:15 10:14 61 1111 0073 10.84 1 1220 1 20140728103356 00034
00000092 2013 07 18 09:15 10:14 61 1111 0073 10.84 1 1220 1 20140728103356 00034
00000092 2013 07 25 09:15 10:14 61 1111 0073 10.84 1 1220 1 20140728103356 00034
00000092 2013 08 01 09:15 10:14 61 1111 0073 10.84 1 1220 1 20140728104058 00034
00000092 2013 08 08 09:20 10:15 61 1111 0073 10.84 1 1220 1 20140728104058 00034
00000092 2013 08 16 16:30 17:30 61 1111 0073 10.84 1 1220 1 20140728104058 00034
00000092 2013 08 22 09:15 10:14 61 1111 0073 10.84 1 1220 1 20140728104058 00034
00000092 2013 08 29 09:15 10:14 61 1111 0073 10.84 1 1220 1 20140728104058 00034
00000092 2013 09 05 14:30 15:30 61 1111 0073 10.84 1 1220 1 20140627185056 00034
00000092 2013 09 12 09:15 10:14 61 1111 0073 10.84 1 1220 1 20140627185056 00034
00000092 2013 09 19 09:15 10:14 61 1111 0073 10.84 1 1220 1 20140627185056 00034
00000092 2013 09 26 09:15 10:14 61 1111 0073 10.84 1 1220 1 20140627185056 00034
00000092 2013 10 03 09:15 10:14 61 1111 0073 10.84 1 1220 1 20140627185323 00034
00000092 2013 10 10 09:15 10:14 61 1111 0073 10.84 1 1220 1 20140627185323 00034
00000092 2013 10 17 09:15 10:14 61 1111 0073 10.84 1 1220 1 20140627185323 00034
00000092 2013 10 24 09:15 10:14 61 1111 0073 10.84 1 1220 1 20140627185323 00034
00000092 2013 10 31 09:15 10:14 61 1111 0073 10.84 1 1220 1 20140627185323 00034
00000092 2013 11 07 09:15 10:14 61 1111 0073 10.84 1 1220 1 20140627185617 00034
00000092 2013 11 14 09:15 10:14 61 1111 0073 10.84 1 1220 1 20140627185617 00034
00000092 2013 11 21 09:15 10:14 61 1111 0073 10.84 1 1220 1 20140627185617 00034
00000092 2013 11 28 09:15 10:14 61 1111 0073 10.84 1 1220 1 20140627185617 00034
00000092 2013 12 05 09:15 10:14 61 1111 0073 10.84 1 1220 1 20140627185840 00034
00000092 2013 12 12 09:15 10:14 61 1111 0073 10.84 1 1220 1 20140627185840 00034
00000092 2013 12 19 09:15 10:14 61 1111 0073 10.84 1 1220 1 20140627185840 00034
00000092 2013 12 26 09:15 10:14 61 1111 0073 10.84 1 1220 1 20140627185840 00034
00000092 2014 01 09 09:15 10:14 61 1111 0073 10.84 1 1220 1 20140616133741 00034
00000092 2014 01 16 09:15 10:14 61 1111 0073 10.84 1 1220 1 20140616133741 00034
00000092 2014 01 23 09:15 10:14 61 1111 0073 10.84 1 1220 1 20140616133741 00034
00000092 2014 01 30 09:15 10:14 61 1111 0073 10.84 1 1220 1 20140616133741 00034
00000092 2014 02 06 09:15 10:14 61 1111 0073 10.84 1 1220 1 20140616134222 00034
00000092 2014 02 13 09:15 10:14 61 1111 0073 10.84 1 1220 1 20140616134222 00034
00000092 2014 02 20 09:15 10:14 61 1111 0073 10.84 1 1220 1 20140616134222 00034
00000092 2014 02 27 09:15 10:14 61 1111 0073 10.84 1 1220 1 20140616134222 00034
00000092 2014 03 06 09:15 10:14 61 1111 0073 10.84 1 1220 1 20140616134520 00034
00000092 2014 03 13 09:15 10:14 61 1111 0073 10.84 1 1220 1 20140616134520 00034
00000092 2014 03 20 09:15 10:14 61 1111 0073 10.84 1 1220 1 20140616134520 00034
00000092 2014 03 27 09:15 10:14 61 1111 0073 10.84 1 1220 1 20140616134520 00034
00000092 2014 04 06 10:00 11:00 11 7311 0070 10.84 1 236 1 20140616135420 00034
00000092 2014 04 10 09:15 10:15 11 7311 0070 10.84 1 236 1 20140616135420 00034
00000092 2014 04 17 09:15 10:15 11 7311 0070 10.84 1 236 1 20140616135420 00034
00000092 2014 04 24 09:15 10:15 11 7311 0070 10.84 1 236 1 20140616135420 00034
00000092 2014 05 01 09:15 10:15 11 7311 0070 10.84 1 236 1 20140818142803 00034
00000092 2014 05 08 09:15 10:15 11 7311 0070 10.84 1 236 1 20140818142803 00034
00000092 2014 05 15 09:15 10:15 11 7311 0070 10.84 1 236 1 20140818142803 00034
00000092 2014 05 22 09:15 10:15 11 7311 0070 10.84 1 236 1 20140818142803 00034
00000092 2014 05 29 09:15 10:15 11 7311 0070 10.84 1 236 1 20140626181745 00078
00000092 2014 05 29 09:20 10:15 11 7311 0070 10.84 1 236 1 20140818142803 00034
