1 00000165 2014 04 11 0070 グランクレール・ケアサービス横浜 7311 生活援助３ 236 0 236 2 472 0 472 472 0 10.84 5116 90 4604 512 0 n n 0 1 20140618102752 00034
1 00000165 2014 05 11 0070 グランクレール・ケアサービス横浜 7311 生活援助３ 236 0 236 4 944 0 944 944 0 10.84 10232 90 9208 1024 0 n n 0 1 20140818180139 00034
1 00000165 2014 06 11 0070 グランクレール・ケアサービス横浜 7311 生活援助３ 236 0 236 4 944 0 944 944 0 10.84 10232 90 9208 1024 0 n n 0 1 20140701095721 00078
1 00000165 2014 07 11 0070 グランクレール・ケアサービス横浜 7311 生活援助３ 236 0 236 4 944 0 944 944 0 10.84 10232 90 9208 1024 0 n n 0 1 20140731161041 00037
1 00000165 2014 08 11 0070 グランクレール・ケアサービス横浜 7311 生活援助３ 236 0 236 4 944 0 944 944 0 10.84 10232 90 9208 1024 0 n n 0 1 20140812184431 00038
2 00000165 2014 04 11 0070 グランクレール・ケアサービス横浜 6271 訪問介護処遇改善加算Ⅰ 19 0 19 1 19 19 0.04 19 0 10.84 205 90 184 21 0 a g 0 1 20140618102752 00034
2 00000165 2014 05 11 0070 グランクレール・ケアサービス横浜 6271 訪問介護処遇改善加算Ⅰ 38 0 38 1 38 38 0.04 38 0 10.84 411 90 369 42 0 a g 0 1 20140818180139 00034
2 00000165 2014 06 11 0070 グランクレール・ケアサービス横浜 6271 訪問介護処遇改善加算Ⅰ 38 0 38 1 38 38 0.04 38 0 10.84 411 90 369 42 0 a g 0 1 20140701095721 00078
2 00000165 2014 07 11 0070 グランクレール・ケアサービス横浜 6271 訪問介護処遇改善加算Ⅰ 38 0 38 1 38 38 0.04 38 0 10.84 411 90 369 42 0 a g 0 1 20140731161041 00037
2 00000165 2014 08 11 0070 グランクレール・ケアサービス横浜 6271 訪問介護処遇改善加算Ⅰ 38 0 38 1 38 38 0.04 38 0 10.84 411 90 369 42 0 a g 0 1 20140812184431 00038
