00000165 2014 04 03 15:45 16:45 11 7311 0070 10.84 1 236 1 20140618102752 00034
00000165 2014 04 10 15:45 16:45 11 7311 0070 10.84 1 236 1 20140618102752 00034
00000165 2014 05 08 16:20 17:20 11 7311 0070 10.84 1 236 1 20140818180139 00034
00000165 2014 05 15 15:45 16:45 11 7311 0070 10.84 1 236 1 20140818180139 00034
00000165 2014 05 22 16:00 17:00 11 7311 0070 10.84 1 236 1 20140818180139 00034
00000165 2014 05 29 15:45 16:45 11 7311 0070 10.84 1 236 1 20140818180139 00034
00000165 2014 06 05 15:45 16:44 11 7311 0070 10.84 1 236 1 20140701095721 00078
00000165 2014 06 12 15:58 16:44 11 7311 0070 10.84 1 236 1 20140701095721 00078
00000165 2014 06 19 15:45 16:44 11 7311 0070 10.84 1 236 1 20140701095721 00078
00000165 2014 06 26 15:45 16:44 11 7311 0070 10.84 1 236 1 20140701095721 00078
00000165 2014 07 10 15:45 16:44 11 7311 0070 10.84 1 236 1 20140731161041 00037
00000165 2014 07 17 15:45 16:44 11 7311 0070 10.84 1 236 1 20140731161041 00037
00000165 2014 07 24 15:48 16:47 11 7311 0070 10.84 1 236 1 20140731161041 00037
00000165 2014 07 31 15:45 16:44 11 7311 0070 10.84 1 236 1 20140731161041 00037
