00000207 0029 2013 01 0000063 02 00053 _ 14:00 14:59 _ _ 0 1111 1 11 1 20140708112703 00078
00000207 0029 2013 01 0000064 08 00053 _ 14:00 14:59 _ _ 0 1111 1 11 1 20140708112703 00078
00000207 0029 2013 01 0000065 15 00053 _ 14:00 14:59 _ _ 0 1111 1 11 1 20140708112703 00078
00000207 0029 2013 01 0000066 22 00053 _ 14:00 14:59 _ _ 0 1111 1 11 1 20140708112703 00078
00000207 0029 2013 01 0000067 29 00048 _ 14:00 14:59 _ _ 0 1111 1 11 1 20140708112703 00078
00000207 0029 2013 01 0000088 02 00053 _ 14:00 14:59 _ _ 0 1111 1 11 1 20140708113327 00078
00000207 0029 2013 01 0000089 08 00053 _ 14:00 14:59 _ _ 0 1111 1 11 1 20140708113327 00078
00000207 0029 2013 01 0000090 15 00053 _ 14:00 14:59 _ _ 0 1111 1 11 1 20140708113327 00078
00000207 0029 2013 01 0000091 22 00053 _ 14:00 14:59 _ _ 0 1111 1 11 1 20140708113327 00078
00000207 0029 2013 01 0000092 29 00048 _ 14:00 14:59 _ _ 0 1111 1 11 1 20140708113327 00078
00000207 0029 2013 01 0000093 02 00053 _ 14:00 14:59 _ _ 0 1111 1 11 1 20140708113422 00078
00000207 0029 2013 01 0000094 08 00053 _ 14:00 14:59 _ _ 0 1111 1 11 1 20140708113422 00078
00000207 0029 2013 01 0000095 15 00053 _ 14:00 14:59 _ _ 0 1111 1 11 1 20140708113422 00078
00000207 0029 2013 01 0000096 22 00053 _ 14:00 14:59 _ _ 0 1111 1 11 1 20140708113422 00078
00000207 0029 2013 01 0000097 29 00048 _ 14:00 14:59 _ _ 0 1111 1 11 1 20140708113422 00078
00000207 0029 2013 01 0000098 02 00053 _ 14:00 14:59 _ _ 0 1111 1 11 1 20140708113504 00078
00000207 0029 2013 01 0000099 08 00053 _ 14:00 14:59 _ _ 0 1111 1 11 1 20140708113504 00078
00000207 0029 2013 01 0000100 15 00053 _ 14:00 14:59 _ _ 0 1111 1 11 1 20140708113504 00078
00000207 0029 2013 01 0000101 22 00053 _ 14:00 14:59 _ _ 0 1111 1 11 1 20140708113504 00078
00000207 0029 2013 01 0000102 29 00048 _ 14:00 14:59 _ _ 0 1111 1 11 1 20140708113504 00078
00000207 0029 2013 01 0000103 02 00053 _ 14:00 14:59 _ _ 0 1111 1 11 1 20140708113753 00078
00000207 0029 2013 01 0000104 08 00053 _ 14:00 14:59 _ _ 0 1111 1 11 1 20140708113753 00078
00000207 0029 2013 01 0000105 15 00053 _ 14:00 14:59 _ _ 0 1111 1 11 1 20140708113753 00078
00000207 0029 2013 01 0000106 22 00053 _ 14:00 14:59 _ _ 0 1111 1 11 1 20140708113753 00078
00000207 0029 2013 01 0000107 29 00048 _ 14:00 14:59 _ _ 0 1111 1 11 1 20140708113753 00078
00000207 0029 2013 01 0000108 02 00053 _ 14:00 14:59 _ _ 0 1111 1 11 1 20140708113832 00078
00000207 0029 2013 01 0000109 08 _ _ 14:00 14:59 _ _ 0 1111 1 11 1 20140708113832 00078
00000207 0029 2013 01 0000110 15 _ _ 14:00 14:59 _ _ 0 1111 1 11 1 20140708113832 00078
00000207 0029 2013 01 0000111 22 _ _ 14:00 14:59 _ _ 0 1111 1 11 1 20140708113832 00078
00000207 0029 2013 01 0000112 29 _ _ 14:00 14:59 _ _ 0 1111 1 11 1 20140708113832 00078
00000207 0029 2013 01 0000113 02 00050 _ 14:00 14:59 _ _ 0 1111 1 11 1 20140708113843 00078
00000207 0029 2013 01 0000114 08 _ _ 14:00 14:59 _ _ 0 1111 1 11 1 20140708113843 00078
00000207 0029 2013 01 0000115 15 _ _ 14:00 14:59 _ _ 0 1111 1 11 1 20140708113843 00078
00000207 0029 2013 01 0000116 22 _ _ 14:00 14:59 _ _ 0 1111 1 11 1 20140708113843 00078
00000207 0029 2013 01 0000117 29 _ _ 14:00 14:59 _ _ 0 1111 1 11 1 20140708113843 00078
00000207 0029 2013 01 0000118 02 00053 _ 14:00 14:59 _ _ 0 1111 1 11 1 20140708114040 00078
00000207 0029 2013 01 0000119 08 _ _ 14:00 14:59 _ _ 0 1111 1 11 1 20140708114040 00078
00000207 0029 2013 01 0000120 15 _ _ 14:00 14:59 _ _ 0 1111 1 11 1 20140708114040 00078
00000207 0029 2013 01 0000121 22 _ _ 14:00 14:59 _ _ 0 1111 1 11 1 20140708114040 00078
00000207 0029 2013 01 0000122 29 _ _ 14:00 14:59 _ _ 0 1111 1 11 1 20140708114040 00078
00000207 0029 2013 01 0000123 08 _ _ 14:00 14:59 _ _ 0 1111 1 11 1 20140708114817 00078
00000207 0029 2013 01 0000124 15 _ _ 14:00 14:59 _ _ 0 1111 1 11 1 20140708114817 00078
00000207 0029 2013 01 0000125 22 _ _ 14:00 14:59 _ _ 0 1111 1 11 1 20140708114817 00078
00000207 0029 2013 01 0000126 29 _ _ 14:00 14:59 _ _ 0 1111 1 11 1 20140708114817 00078
00000207 0029 2013 01 0000127 02 _ _ 14:15 14:59 _ _ 0 4111 1 11 1 20140708114831 00078
00000207 0029 2013 01 0000128 08 _ _ 14:00 14:59 _ _ 0 1111 1 11 1 20140708114831 00078
00000207 0029 2013 01 0000129 15 _ _ 14:00 14:59 _ _ 0 1111 1 11 1 20140708114831 00078
00000207 0029 2013 01 0000130 22 _ _ 14:00 14:59 _ _ 0 1111 1 11 1 20140708114831 00078
00000207 0029 2013 01 0000131 29 _ _ 14:00 14:59 _ _ 0 1111 1 11 1 20140708114831 00078
00000207 0029 2013 01 0000132 02 _ _ 14:00 14:59 _ _ 0 4111 1 11 1 20140708114840 00078
00000207 0029 2013 01 0000133 08 _ _ 14:00 14:59 _ _ 0 1111 1 11 1 20140708114840 00078
00000207 0029 2013 01 0000134 15 _ _ 14:00 14:59 _ _ 0 1111 1 11 1 20140708114840 00078
00000207 0029 2013 01 0000135 22 _ _ 14:00 14:59 _ _ 0 1111 1 11 1 20140708114840 00078
00000207 0029 2013 01 0000136 29 _ _ 14:00 14:59 _ _ 0 1111 1 11 1 20140708114840 00078
00000207 0029 2013 01 0000137 02 _ _ 14:00 14:59 _ _ 0 4111 1 11 1 20140708114848 00078
00000207 0029 2013 01 0000138 08 _ _ 14:00 14:59 _ _ 0 1111 1 11 1 20140708114848 00078
00000207 0029 2013 01 0000139 15 _ _ 14:00 14:59 _ _ 0 1111 1 11 1 20140708114848 00078
00000207 0029 2013 01 0000140 22 _ _ 14:00 14:59 _ _ 0 1111 1 11 1 20140708114848 00078
00000207 0029 2013 01 0000141 29 _ _ 14:00 14:59 _ _ 0 1111 1 11 1 20140708114848 00078
00000207 0029 2013 01 0000142 01 _ _ 14:00 14:59 _ _ 0 1111 1 11 1 20140708114859 00078
00000207 0029 2013 01 0000143 08 _ _ 14:00 14:59 _ _ 0 1111 1 11 1 20140708114859 00078
00000207 0029 2013 01 0000144 15 _ _ 14:00 14:59 _ _ 0 1111 1 11 1 20140708114859 00078
00000207 0029 2013 01 0000145 22 _ _ 14:00 14:59 _ _ 0 1111 1 11 1 20140708114859 00078
00000207 0029 2013 01 0000146 29 _ _ 14:00 14:59 _ _ 0 1111 1 11 1 20140708114859 00078
00000207 0029 2013 01 0000147 02 _ _ 14:00 14:59 _ _ 0 1111 1 11 1 20140708114931 00078
00000207 0029 2013 01 0000148 08 _ _ 14:00 14:59 _ _ 0 1111 1 11 1 20140708114931 00078
00000207 0029 2013 01 0000149 15 _ _ 14:00 14:59 _ _ 0 1111 1 11 1 20140708114931 00078
00000207 0029 2013 01 0000150 22 _ _ 14:00 14:59 _ _ 0 1111 1 11 1 20140708114931 00078
00000207 0029 2013 01 0000151 29 _ _ 14:00 14:59 _ _ 0 1111 1 11 1 20140708114931 00078
00000207 0029 2013 01 0000152 01 00048 _ 09:00 10:00 _ _ 0 4111 1 11 1 20140708114931 00078
00000207 0029 2013 01 0000153 08 _ _ 14:00 14:59 _ _ 0 1111 1 11 1 20140708115101 00078
00000207 0029 2013 01 0000154 15 _ _ 14:00 14:59 _ _ 0 1111 1 11 1 20140708115101 00078
00000207 0029 2013 01 0000155 22 _ _ 14:00 14:59 _ _ 0 1111 1 11 1 20140708115101 00078
00000207 0029 2013 01 0000156 29 _ _ 14:00 14:59 _ _ 0 1111 1 11 1 20140708115101 00078
00000207 0029 2013 02 0000068 05 00053 _ 14:00 14:59 _ _ 0 1111 1 11 1 20140708113031 00078
00000207 0029 2013 02 0000069 12 00053 _ 14:00 14:59 _ _ 0 1111 1 11 1 20140708113031 00078
00000207 0029 2013 02 0000070 19 00053 _ 14:00 14:59 _ _ 0 1111 1 11 1 20140708113031 00078
00000207 0029 2013 02 0000071 26 00051 _ 14:00 14:59 _ _ 0 1111 1 11 1 20140708113031 00078
00000207 0029 2013 02 0000072 05 00053 _ 14:00 14:59 _ _ 0 1111 1 11 1 20140708113056 00078
00000207 0029 2013 02 0000073 12 00053 _ 14:00 14:59 _ _ 0 1111 1 11 1 20140708113056 00078
00000207 0029 2013 02 0000074 19 00053 _ 14:00 14:59 _ _ 0 1111 1 11 1 20140708113056 00078
00000207 0029 2013 02 0000075 26 00051 _ 14:00 14:59 _ _ 0 1111 1 11 1 20140708113056 00078
00000207 0029 2013 02 0000076 05 00053 _ 14:00 14:59 _ _ 0 1111 1 11 1 20140708113128 00078
00000207 0029 2013 02 0000077 12 00053 _ 14:00 14:59 _ _ 0 1111 1 11 1 20140708113128 00078
00000207 0029 2013 02 0000078 19 00053 _ 14:00 14:59 _ _ 0 1111 1 11 1 20140708113128 00078
00000207 0029 2013 02 0000079 26 00050 _ 14:00 14:59 _ _ 0 1111 1 11 1 20140708113128 00078
00000207 0029 2013 02 0000080 05 00053 _ 14:00 14:59 _ _ 0 1111 1 11 1 20140708113209 00078
00000207 0029 2013 02 0000081 12 00053 _ 14:00 14:59 _ _ 0 1111 1 11 1 20140708113209 00078
00000207 0029 2013 02 0000082 19 00053 _ 14:00 14:59 _ _ 0 1111 1 11 1 20140708113209 00078
00000207 0029 2013 02 0000083 26 00051 _ 14:00 14:59 _ _ 0 1111 1 11 1 20140708113209 00078
00000207 0029 2013 02 0000084 05 00053 _ 14:00 14:59 _ _ 0 1111 1 11 1 20140708113236 00078
00000207 0029 2013 02 0000085 12 00053 _ 14:00 14:59 _ _ 0 1111 1 11 1 20140708113236 00078
00000207 0029 2013 02 0000086 19 00053 _ 14:00 14:59 _ _ 0 1111 1 11 1 20140708113236 00078
00000207 0029 2013 02 0000087 26 00051 _ 14:00 14:59 _ _ 0 1111 1 11 1 20140708113236 00078
00000207 0029 2014 04 0000035 01 00049 _ 13:30 14:29 _ _ 0 7311 1 11 1 20140618195731 00078
00000207 0029 2014 04 0000036 08 00049 _ 13:30 14:29 _ _ 0 7311 1 11 1 20140618195731 00078
00000207 0029 2014 04 0000037 15 00049 _ 13:30 14:29 _ _ 0 7311 1 11 1 20140618195731 00078
00000207 0029 2014 04 0000038 22 00049 _ 13:30 14:29 _ _ 0 7311 1 11 1 20140618195731 00078
00000207 0029 2014 04 0000039 29 00049 _ 13:30 14:29 _ _ 0 7311 1 11 1 20140618195731 00078
00000207 0029 2014 05 0000040 06 00049 _ 13:30 14:29 _ _ 0 7311 1 11 1 20140819102548 00078
00000207 0029 2014 05 0000041 13 00049 _ 13:30 14:29 _ _ 0 7311 1 11 1 20140819102548 00078
00000207 0029 2014 05 0000042 20 00049 _ 13:30 14:29 _ _ 0 7311 1 11 1 20140819102548 00078
00000207 0029 2014 05 0000043 27 _ _ _ _ _ _ 0 _ 1 11 9 20140624111531 00078
00000207 0029 2014 05 0000044 27 00049 _ 13:30 14:29 _ _ 0 7311 1 11 1 20140819102548 00078
00000207 0029 2014 06 0000002 03 00049 _ 13:30 14:29 _ _ 0 7311 1 11 1 20140630140107 00078
00000207 0029 2014 06 0000003 10 00049 _ 13:00 13:59 _ _ 0 7311 1 11 1 20140630140107 00078
00000207 0029 2014 06 0000004 17 00049 _ 13:30 14:29 _ _ 0 7311 1 11 1 20140630140107 00078
00000207 0029 2014 06 0000005 24 00049 _ 13:30 14:29 _ _ 0 7311 1 11 1 20140630140107 00078
00000207 0107 2011 03 0000269 01 00049 _ 14:00 14:59 2 _ 0 1111 1 61 1 20141201185244 00078
00000207 0107 2011 03 0000270 08 00049 _ 14:00 14:59 2 _ 0 1111 1 61 1 20141201185244 00078
00000207 0107 2011 03 0000271 15 00048 _ 14:00 14:59 2 _ 0 1111 1 61 1 20141201185244 00078
00000207 0107 2011 03 0000272 29 00048 _ 14:00 14:59 2 _ 0 1111 1 61 1 20141201185244 00078
00000207 0107 2011 04 0000265 05 00050 00048 14:00 14:59 2 _ 0 1111 1 61 1 20141201151242 00078
00000207 0107 2011 04 0000266 12 00050 _ 14:00 14:59 2 _ 0 1111 1 61 1 20141201151242 00078
00000207 0107 2011 04 0000267 19 00048 00234 14:00 14:59 2 _ 0 1111 1 61 1 20141201151242 00078
00000207 0107 2011 04 0000268 26 00050 _ 14:00 14:59 2 _ 0 1111 1 61 1 20141201151242 00078
00000207 0107 2011 05 0000260 03 00049 _ 14:00 14:59 2 _ 0 1111 1 61 1 20141130184640 00078
00000207 0107 2011 05 0000261 10 00234 _ 14:00 14:59 2 _ 0 1111 1 61 1 20141130184640 00078
00000207 0107 2011 05 0000262 17 00049 _ 14:00 14:59 2 _ 0 1111 1 61 1 20141130184640 00078
00000207 0107 2011 05 0000263 24 00049 _ 14:00 14:59 2 _ 0 1111 1 61 1 20141130184640 00078
00000207 0107 2011 05 0000264 31 00234 _ 14:00 14:59 2 _ 0 1111 1 61 1 20141130184640 00078
00000207 0107 2011 06 0000256 07 00049 _ 14:00 14:59 2 _ 0 1111 1 61 1 20141130165414 00078
00000207 0107 2011 06 0000257 14 00234 _ 14:00 14:59 2 _ 0 1111 1 61 1 20141130165414 00078
00000207 0107 2011 06 0000258 21 00234 _ 14:00 14:59 2 _ 0 1111 1 61 1 20141130165414 00078
00000207 0107 2011 06 0000259 28 00049 _ 14:00 14:59 2 _ 0 1111 1 61 1 20141130165414 00078
00000207 0107 2011 07 0000253 05 00234 _ 14:00 14:59 2 _ 0 1111 1 61 1 20141130145532 00078
00000207 0107 2011 07 0000254 19 00234 _ 14:00 14:59 2 _ 0 1111 1 61 1 20141130145532 00078
00000207 0107 2011 07 0000255 26 00234 _ 14:00 14:59 2 _ 0 1111 1 61 1 20141130145532 00078
00000207 0107 2011 08 0000248 02 00234 _ 14:10 14:59 2 _ 0 1111 1 61 1 20141130112015 00078
00000207 0107 2011 08 0000249 09 00101 _ 14:00 14:59 2 _ 0 1111 1 61 1 20141130112015 00078
00000207 0107 2011 08 0000250 16 00237 _ 14:00 14:59 2 _ 0 1111 1 61 1 20141130112015 00078
00000207 0107 2011 08 0000251 23 00234 _ 14:00 14:59 2 _ 0 1111 1 61 1 20141130112015 00078
00000207 0107 2011 08 0000252 30 00101 _ 14:00 14:59 2 _ 0 1111 1 61 1 20141130112015 00078
00000207 0107 2011 09 0000245 06 00050 _ 14:00 14:59 2 _ 0 1111 1 61 1 20141128181653 00078
00000207 0107 2011 09 0000246 20 00234 _ 14:00 14:59 2 _ 0 1111 1 61 1 20141128181653 00078
00000207 0107 2011 09 0000247 27 00234 _ 14:00 14:59 2 _ 0 1111 1 61 1 20141128181653 00078
00000207 0107 2011 10 0000243 04 00050 _ 14:00 14:59 2 _ 0 1111 1 61 1 20141127183749 00078
00000207 0107 2011 10 0000244 11 00051 _ 14:00 14:59 2 _ 0 1111 1 61 1 20141127183749 00078
00000207 0107 2011 11 0000241 01 00234 _ 14:00 14:59 2 _ 0 1111 1 61 1 20141127143501 00078
00000207 0107 2011 11 0000242 29 00049 _ 14:00 14:59 2 _ 0 1111 1 61 1 20141127143501 00078
00000207 0107 2011 12 0000237 06 00049 _ 14:00 14:59 2 _ 0 1111 1 61 1 20141125142425 00078
00000207 0107 2011 12 0000238 13 00050 _ 14:00 14:59 2 _ 0 1111 1 61 1 20141125142425 00078
00000207 0107 2011 12 0000239 20 00049 _ 14:00 14:59 2 _ 0 1111 1 61 1 20141125142425 00078
00000207 0107 2011 12 0000240 27 00234 _ 14:00 14:59 2 _ 0 1111 1 61 1 20141125142425 00078
00000207 0107 2012 01 0000233 10 00050 _ 14:00 14:59 2 _ 0 1111 1 61 1 20141124125315 00078
00000207 0107 2012 01 0000234 17 00050 _ 14:00 14:59 2 _ 0 1111 1 61 1 20141124125315 00078
00000207 0107 2012 01 0000235 24 00234 _ 14:00 14:59 2 _ 0 1111 1 61 1 20141124125315 00078
00000207 0107 2012 01 0000236 31 00050 _ 14:00 14:59 2 _ 0 1111 1 61 1 20141124125315 00078
00000207 0107 2012 02 0000230 07 00050 _ 14:00 14:59 4 _ 0 1111 1 61 1 20141119175547 00078
00000207 0107 2012 02 0000231 21 00050 _ 14:00 14:59 _ _ 0 1111 1 61 1 20141119175547 00078
00000207 0107 2012 02 0000232 28 00234 _ 14:00 14:59 _ _ 0 1111 1 61 1 20141119175547 00078
00000207 0107 2012 03 0000227 06 00050 _ 14:00 14:59 4 _ 0 1111 1 61 1 20141119122649 00078
00000207 0107 2012 03 0000228 13 00234 _ 14:00 14:59 4 _ 0 1111 1 61 1 20141119122649 00078
00000207 0107 2012 03 0000229 27 00049 _ 14:00 14:59 4 _ 0 1111 1 61 1 20141119122649 00078
00000207 0107 2012 04 0000190 03 00049 _ 14:00 14:59 _ _ 0 1111 1 61 1 20140716101259 00078
00000207 0107 2012 04 0000191 10 00050 _ 14:00 14:59 _ _ 0 1111 1 61 1 20140716101259 00078
00000207 0107 2012 04 0000192 17 00050 _ 14:00 14:59 _ _ 0 1111 1 61 1 20140716101259 00078
00000207 0107 2012 04 0000193 24 00050 _ 13:30 14:29 _ _ 0 1111 1 61 1 20140716101259 00078
00000207 0107 2012 05 0000194 01 00049 _ 14:00 14:59 _ _ 0 1111 1 61 1 20140716101737 00078
00000207 0107 2012 05 0000195 08 00234 _ 14:00 14:59 _ _ 0 1111 1 61 1 20140716101737 00078
00000207 0107 2012 05 0000196 15 00049 _ 14:00 14:59 _ _ 0 1111 1 61 1 20140716101737 00078
00000207 0107 2012 05 0000197 29 00049 _ 14:00 14:59 _ _ 0 1111 1 61 1 20140716101737 00078
00000207 0107 2012 06 0000198 05 00234 _ 14:00 14:59 _ _ 0 1111 1 61 1 20140716102144 00078
00000207 0107 2012 06 0000199 12 00049 _ 14:00 14:59 _ _ 0 1111 1 61 1 20140716102144 00078
00000207 0107 2012 06 0000200 19 00050 _ 14:00 14:59 _ _ 0 1111 1 61 1 20140716102144 00078
00000207 0107 2012 06 0000201 26 00050 _ 14:00 14:59 _ _ 0 1111 1 61 1 20140716102144 00078
00000207 0107 2012 07 0000202 03 00049 _ 14:00 14:59 _ _ 0 1111 1 61 1 20140716102605 00078
00000207 0107 2012 07 0000203 10 00101 _ 14:00 14:59 _ _ 0 1111 1 61 1 20140716102605 00078
00000207 0107 2012 07 0000204 17 00049 _ 14:00 14:59 _ _ 0 1111 1 61 1 20140716102605 00078
00000207 0107 2012 07 0000205 24 00050 _ 14:00 14:59 _ _ 0 1111 1 61 1 20140716102605 00078
00000207 0107 2012 07 0000206 31 00101 _ 14:00 14:59 _ _ 0 1111 1 61 1 20140716102605 00078
00000207 0107 2012 08 0000207 07 00049 _ 14:00 14:59 _ _ 0 1111 1 61 1 20140716103022 00078
00000207 0107 2012 08 0000208 14 00101 _ 14:00 14:59 _ _ 0 1111 1 61 1 20140716103022 00078
00000207 0107 2012 08 0000209 21 00050 _ 14:00 14:59 _ _ 0 1111 1 61 1 20140716103022 00078
00000207 0107 2012 08 0000210 28 00101 _ 14:00 14:59 _ _ 0 1111 1 61 1 20140716103022 00078
00000207 0107 2012 09 0000211 04 00101 _ 14:00 14:59 _ _ 0 1111 1 61 1 20140716103316 00078
00000207 0107 2012 09 0000212 11 00101 _ 14:00 14:59 _ _ 0 1111 1 61 1 20140716103316 00078
00000207 0107 2012 09 0000213 18 00237 _ 14:00 14:59 _ _ 0 1111 1 61 1 20140716103316 00078
00000207 0107 2012 09 0000214 25 00049 _ 14:00 14:59 _ _ 0 1111 1 61 1 20140716103316 00078
00000207 0107 2012 10 0000215 02 00049 _ 14:00 14:59 _ _ 0 1111 1 61 1 20140716103603 00078
00000207 0107 2012 10 0000216 09 00237 _ 14:00 14:59 _ _ 0 1111 1 61 1 20140716103603 00078
00000207 0107 2012 10 0000217 16 00237 _ 14:00 14:59 _ _ 0 1111 1 61 1 20140716103603 00078
00000207 0107 2012 10 0000218 23 00237 _ 14:00 14:59 _ _ 0 1111 1 61 1 20140716103603 00078
00000207 0107 2012 10 0000219 30 00237 _ 14:00 14:59 _ _ 0 1111 1 61 1 20140716103603 00078
00000207 0107 2012 11 0000220 06 00049 _ 14:00 14:59 _ _ 0 1111 1 61 1 20140716104140 00078
00000207 0107 2012 11 0000221 20 00051 _ 14:00 14:59 _ _ 0 1111 1 61 1 20140716104140 00078
00000207 0107 2012 11 0000222 27 00049 _ 14:00 14:59 _ _ 0 1111 1 61 1 20140716104140 00078
00000207 0107 2012 12 0000223 04 00053 _ 14:00 14:59 _ _ 0 1111 1 61 1 20140716104458 00078
00000207 0107 2012 12 0000224 11 00053 _ 14:00 14:59 _ _ 0 1111 1 61 1 20140716104458 00078
00000207 0107 2012 12 0000225 18 00053 _ 14:00 14:59 _ _ 0 1111 1 61 1 20140716104458 00078
00000207 0107 2012 12 0000226 25 00051 _ 14:00 14:59 _ _ 0 1111 1 61 1 20140716104458 00078
00000207 0107 2013 01 0000157 02 00053 _ 14:00 14:59 _ _ 0 1111 1 61 1 20140708122324 00078
00000207 0107 2013 01 0000158 08 00053 _ 14:00 14:59 _ _ 0 1111 1 61 1 20140708122324 00078
00000207 0107 2013 01 0000159 15 00053 _ 14:00 14:59 _ _ 0 1111 1 61 1 20140708122324 00078
00000207 0107 2013 01 0000160 22 00053 _ 14:00 14:59 _ _ 0 1111 1 61 1 20140708122324 00078
00000207 0107 2013 01 0000161 29 00048 _ 14:00 14:59 _ _ 0 1111 1 61 1 20140708122324 00078
00000207 0107 2013 02 0000162 05 00053 _ 14:00 14:59 _ _ 0 1111 1 61 1 20140708122533 00078
00000207 0107 2013 02 0000163 12 00053 _ 14:00 14:59 _ _ 0 1111 1 61 1 20140708122533 00078
00000207 0107 2013 02 0000164 19 00053 _ 14:00 14:59 _ _ 0 1111 1 61 1 20140708122533 00078
00000207 0107 2013 02 0000165 26 00051 _ 14:00 14:59 _ _ 0 1111 1 61 1 20140708122533 00078
00000207 0107 2013 03 0000166 05 00050 _ 14:00 14:59 _ _ 0 1111 1 61 1 20140708122833 00078
00000207 0107 2013 03 0000167 12 00048 _ 14:00 14:59 _ _ 0 1111 1 61 1 20140708122833 00078
00000207 0107 2013 03 0000168 19 00051 _ 14:00 14:59 _ _ 0 1111 1 61 1 20140708122833 00078
00000207 0107 2013 03 0000169 26 00053 _ 14:00 14:59 _ _ 0 1111 1 61 1 20140708122833 00078
00000207 0107 2013 04 0000170 02 00050 _ 13:30 14:29 _ _ 0 1111 1 61 1 20140708134335 00078
00000207 0107 2013 04 0000171 09 00050 _ 13:30 14:29 _ _ 0 1111 1 61 1 20140708134335 00078
00000207 0107 2013 04 0000172 16 00051 _ 13:30 14:29 _ _ 0 1111 1 61 1 20140708134335 00078
00000207 0107 2013 04 0000173 23 00051 _ 13:30 14:29 _ _ 0 1111 1 61 1 20140708134335 00078
00000207 0107 2013 04 0000174 30 00050 _ 13:30 14:29 _ _ 0 1111 1 61 1 20140708134335 00078
00000207 0107 2013 05 0000175 07 00051 _ 13:30 14:29 _ _ 0 1111 1 61 1 20140708135304 00078
00000207 0107 2013 05 0000176 14 00048 _ 13:30 14:29 _ _ 0 1111 1 61 1 20140708135304 00078
00000207 0107 2013 05 0000177 21 00051 _ 13:30 14:29 _ _ 0 1111 1 61 1 20140708135304 00078
00000207 0107 2013 05 0000178 28 00051 _ 13:30 14:29 _ _ 0 1111 1 61 1 20140708135304 00078
00000207 0107 2013 06 0000179 04 00050 _ 13:30 14:29 _ _ 0 1111 1 61 1 20140708135804 00078
00000207 0107 2013 06 0000180 18 00050 _ 13:30 14:29 _ _ 0 1111 1 61 1 20140708135804 00078
00000207 0107 2013 07 0000181 02 00050 _ 13:30 14:29 _ _ 0 1111 1 61 1 20140708140210 00078
00000207 0107 2013 07 0000182 09 00050 _ 13:30 14:29 _ _ 0 1111 1 61 1 20140708140210 00078
00000207 0107 2013 07 0000183 16 00051 _ 13:30 14:29 _ _ 0 1111 1 61 1 20140708140210 00078
00000207 0107 2013 07 0000184 23 00050 _ 13:30 14:29 _ _ 0 1111 1 61 1 20140708140210 00078
00000207 0107 2013 07 0000185 30 00048 _ 13:30 14:29 _ _ 0 1111 1 61 1 20140708140210 00078
00000207 0107 2013 08 0000186 06 00050 _ 13:30 14:29 _ _ 0 1111 1 61 1 20140708140553 00078
00000207 0107 2013 08 0000187 13 00049 _ 13:30 14:29 _ _ 0 1111 1 61 1 20140708140553 00078
00000207 0107 2013 08 0000188 20 00049 _ 13:30 14:29 _ _ 0 1111 1 61 1 20140708140553 00078
00000207 0107 2013 08 0000189 27 00048 _ 13:30 14:29 _ _ 0 1111 1 61 1 20140708140553 00078
00000207 0107 2013 09 0000045 03 00048 _ 13:30 14:29 _ _ 0 1111 1 61 1 20140703101900 00078
00000207 0107 2013 09 0000046 10 00048 _ 13:30 14:29 _ _ 0 1111 1 61 1 20140703101900 00078
00000207 0107 2013 09 0000047 17 00048 _ 13:30 14:29 _ _ 0 1111 1 61 1 20140703101900 00078
00000207 0107 2013 09 0000048 24 00049 _ 13:30 14:29 _ _ 0 1111 1 61 1 20140703101900 00078
00000207 0107 2013 10 0000049 01 00048 _ 13:30 14:30 _ _ 0 1111 1 61 1 20140703102850 00078
00000207 0107 2013 10 0000050 08 00050 _ 13:30 14:30 _ _ 0 1111 1 61 1 20140703102850 00078
00000207 0107 2013 10 0000051 15 00051 _ 13:30 14:30 _ _ 0 1111 1 61 1 20140703102850 00078
00000207 0107 2013 10 0000052 22 00050 _ 13:30 14:30 _ _ 0 1111 1 61 1 20140703102850 00078
00000207 0107 2013 10 0000053 29 00050 _ 13:30 14:30 _ _ 0 1111 1 61 1 20140703102850 00078
00000207 0107 2013 11 0000054 05 00049 _ 13:30 14:30 _ _ 0 1111 1 61 1 20140703103138 00078
00000207 0107 2013 11 0000055 12 00048 _ 13:30 14:30 _ _ 0 1111 1 61 1 20140703103138 00078
00000207 0107 2013 11 0000056 19 00050 _ 13:30 14:30 _ _ 0 1111 1 61 1 20140703103138 00078
00000207 0107 2013 11 0000057 26 00048 _ 13:30 14:30 _ _ 0 1111 1 61 1 20140703103138 00078
00000207 0107 2013 12 0000058 03 00050 _ 13:30 14:30 _ _ 0 1111 1 61 1 20140703103608 00078
00000207 0107 2013 12 0000059 11 00049 _ 13:30 14:30 _ _ 0 1111 1 61 1 20140703103608 00078
00000207 0107 2013 12 0000060 17 00048 _ 13:30 14:30 _ _ 0 1111 1 61 1 20140703103608 00078
00000207 0107 2013 12 0000061 24 00050 _ 13:30 14:30 _ _ 0 1111 1 61 1 20140703103608 00078
00000207 0107 2013 12 0000062 31 00050 _ 13:30 14:30 _ _ 0 1111 1 61 1 20140703103608 00078
00000207 0107 2014 01 0000023 07 00050 _ 13:30 14:30 _ _ 0 1111 1 61 1 20140618194249 00078
00000207 0107 2014 01 0000024 14 00051 _ 13:30 14:30 _ _ 0 1111 1 61 1 20140618194249 00078
00000207 0107 2014 01 0000025 21 00051 _ 13:30 14:30 _ _ 0 1111 1 61 1 20140618194249 00078
00000207 0107 2014 01 0000026 28 00050 _ 13:30 14:30 _ _ 0 1111 1 61 1 20140618194249 00078
00000207 0107 2014 02 0000027 04 00048 _ 13:30 14:30 _ _ 0 1111 1 61 1 20140618194543 00078
00000207 0107 2014 02 0000028 11 00048 _ 13:30 14:30 _ _ 0 1111 1 61 1 20140618194543 00078
00000207 0107 2014 02 0000029 18 00050 _ 13:30 14:30 _ _ 0 1111 1 61 1 20140618194543 00078
00000207 0107 2014 02 0000030 25 00051 _ 13:30 14:30 _ _ 0 1111 1 61 1 20140618194543 00078
00000207 0107 2014 03 0000031 04 00048 _ 13:30 14:30 _ _ 0 1111 1 61 1 20140618194737 00078
00000207 0107 2014 03 0000032 11 00050 _ 13:30 14:30 _ _ 0 1111 1 61 1 20140618194737 00078
00000207 0107 2014 03 0000033 18 00049 _ 13:30 14:30 _ _ 0 1111 1 61 1 20140618194737 00078
00000207 0107 2014 03 0000034 25 00049 _ 13:30 14:30 _ _ 0 1111 1 61 1 20140618194737 00078
