00000085 2013 05 2 10400 1 20140725174349 00030
00000085 2013 06 2 10400 1 20140725174753 00030
00000085 2013 07 2 10400 1 20140725175203 00030
00000085 2013 08 2 10400 1 20140725175514 00030
00000085 2013 09 2 10400 1 20140728151415 00030
00000085 2013 10 2 10400 1 20140728151409 00030
00000085 2013 11 2 10400 1 20140728151845 00030
00000085 2013 12 2 10400 1 20140728152220 00030
00000085 2014 01 2 10400 1 20140613182911 00030
00000085 2014 02 2 10400 1 20140613183351 00030
00000085 2014 03 2 10400 1 20140613183635 00030
00000085 2014 04 2 10473 1 20140613183909 00030
00000085 2014 05 2 10473 1 20140818110958 00030
00000085 2014 06 2 10473 1 20140702142455 00031
00000085 2014 07 2 10473 1 20140801203108 00031
00000085 2014 08 2 10473 1 20140721180542 00031
00000085 2014 09 2 10473 1 20140815154915 00031
