0001 1004 _ 1 20140416121502 00078
0002 1004 _ 1 20140416121502 00078
0003 1004 _ 1 20140416121502 00078
0004 1004 _ 1 20140416121502 00078
0005 1004 _ 1 20140416121502 00078
0006 1004 _ 1 20140416121502 00078
0007 1004 _ 1 20140416121502 00078
0008 1004 _ 1 20140416121502 00078
0009 1004 _ 1 20140416121502 00078
0010 1004 _ 1 20140416121502 00078
0011 1004 _ 1 20140416121502 00078
0012 1004 _ 1 20140416121502 00078
0013 1004 _ 1 20140416121502 00078
0014 1004 _ 1 20140416121502 00078
0015 1004 _ 1 20140416121502 00078
0016 1004 _ 1 20140416121502 00078
0017 1004 _ 1 20140416121502 00078
0018 1004 _ 1 20140416121502 00078
0019 1004 _ 1 20140416121502 00078
0020 1004 _ 1 20140416121502 00078
0021 1004 _ 1 20140416121502 00078
0022 1004 _ 1 20140416121502 00078
0023 1004 _ 1 20140416121502 00078
0024 1004 _ 1 20140416121502 00078
0025 1004 _ 1 20140416121502 00078
0026 1004 _ 1 20140416121502 00078
0027 1004 _ 1 20140416121502 00078
0028 1004 _ 1 20140416121502 00078
0029 1005 _ 1 20140416121502 00078
0030 1004 _ 1 20140416121502 00078
0031 1004 _ 1 20140416121502 00078
0032 1004 _ 1 20140416121502 00078
0033 1004 _ 1 20140416121502 00078
0034 1004 _ 1 20140416121502 00078
0035 1004 _ 1 20140416121502 00078
0036 1004 _ 1 20140416143058 00078
0037 1004 _ 1 20140416121502 00078
0038 1004 _ 1 20140416121502 00078
0039 1004 _ 1 20140416121502 00078
0040 1004 _ 1 20140416121502 00078
0041 1004 _ 1 20140416121502 00078
0042 1004 _ 1 20140416121502 00078
0043 1004 _ 1 20140416121502 00078
0044 1004 _ 1 20140416121502 00078
0045 1004 _ 1 20140416121502 00078
0046 1004 _ 1 20140416121502 00078
0047 1004 _ 1 20140416121502 00078
0048 1004 _ 1 20140416121502 00078
0049 1004 _ 1 20140416121502 00078
0050 1004 _ 1 20140416121502 00078
0051 1004 _ 1 20140416121502 00078
0052 1004 _ 1 20140416121502 00078
0053 1004 _ 1 20140416121502 00078
0054 1004 _ 1 20140416121502 00078
0055 1004 _ 1 20140416121502 00078
0056 1004 _ 1 20140416121502 00078
0057 1004 _ 1 20140416121502 00078
0058 1004 _ 1 20140416121502 00078
0059 1004 _ 1 20140416121502 00078
0060 1004 _ 1 20140416121502 00078
0061 1004 _ 1 20140416121502 00078
0062 1004 _ 1 20140416121502 00078
0063 1004 _ 1 20140416121502 00078
0064 1004 _ 1 20140416121502 00078
0065 1004 _ 1 20140416121502 00078
0066 1004 _ 1 20140416121502 00078
0067 1004 _ 1 20140416121502 00078
0068 1004 _ 1 20140416121502 00078
0069 1004 _ 1 20140416121502 00078
0070 1004 _ 1 20140416121502 00078
0071 1004 _ 1 20140416130720 00078
0072 1004 _ 1 20140416121502 00078
0073 1004 _ 1 20140416121502 00078
0074 1004 _ 1 20140416121502 00078
0075 1004 _ 1 20140416121502 00078
0076 1004 _ 1 20140416121502 00078
0077 1004 _ 1 20140416121502 00078
0078 1004 _ 1 20140416121502 00078
0079 1004 _ 1 20140416121502 00078
0080 1004 _ 1 20140416121502 00078
0081 1004 _ 1 20140416121502 00078
0082 1004 _ 1 20140416121502 00078
0083 1004 _ 1 20140416121502 00078
0084 1004 _ 1 20140416121502 00078
0085 1004 _ 1 20140416121502 00078
0086 1004 _ 1 20140416121502 00078
0087 1004 _ 1 20140416121502 00078
0088 1004 _ 1 20140416121502 00078
0089 1004 _ 1 20140416121502 00078
0090 1004 _ 1 20140416121502 00078
0091 1004 _ 1 20140416121502 00078
0092 1004 _ 1 20140416121502 00078
0093 1004 _ 1 20140416121502 00078
0094 1004 _ 1 20140416121502 00078
0095 1004 _ 1 20140416121502 00078
0096 1004 _ 1 20140416121502 00078
0097 1004 _ 1 20140416121502 00078
0098 1004 _ 1 20140416121502 00078
0099 1004 _ 1 20140416121502 00078
0100 1004 _ 1 20140416121502 00078
0101 1004 _ 1 20140416121502 00078
0102 1004 _ 1 20140416121502 00078
0103 1004 _ 1 20140416121502 00078
0104 1004 _ 1 20140416121502 00078
0105 1004 _ 1 20140416121502 00078
0108 1004 _ 1 20140416121502 00078
0109 1004 _ 1 20140416121502 00078
0110 1004 _ 1 20140416121502 00078
0111 1004 _ 1 20140416121502 00078
0112 1004 _ 1 20140416121502 00078
0114 1004 _ 1 20140416121502 00078
0115 1004 _ 1 20140416121502 00078
0116 1005 _ 1 20140416124556 00078
100 1004 _ 1 20140416121502 00078
102 1004 _ 1 20140416121502 00078
105 1004 _ 1 20140416121502 00078
