000012712015061 00001271 2015 06 07 15 1341 10:00 15:00 0060 1 641 0 _ _ 1 1 20150703111652 78
000012712015061 00001271 2015 06 14 15 1341 10:00 15:00 0060 1 641 0 _ _ 1 1 20150703111652 78
0000127120150610 00001271 2015 06 20 63 6101 12:00 12:20 0269 1 6 0 _ _ 1 1 20150703111652 78
0000127120150610 00001271 2015 06 27 63 6101 12:00 12:20 0269 1 6 0 _ _ 1 1 20150703111652 78
0000127120150611 00001271 2015 06 06 13 1111 12:00 12:20 0270 1 463 0 _ _ 1 1 20150703111652 78
0000127120150611 00001271 2015 06 13 13 1111 12:00 12:20 0270 1 463 0 _ _ 1 1 20150703111652 78
0000127120150612 00001271 2015 06 06 13 3100 12:00 12:20 0270 1 540 0 _ _ 1 1 20150703111652 78
0000127120150613 00001271 2015 06 06 13 4000 12:00 12:20 0270 1 500 0 _ _ 1 1 20150703111652 78
0000127120150614 00001271 2015 06 06 13 6101 12:00 12:20 0270 1 6 0 _ _ 1 1 20150703111652 78
0000127120150614 00001271 2015 06 13 13 6101 12:00 12:20 0270 1 6 0 _ _ 1 1 20150703111652 78
000012712015062 00001271 2015 06 07 15 6100 10:00 15:00 0060 1 18 0 _ _ 1 1 20150703111652 78
000012712015062 00001271 2015 06 14 15 6100 10:00 15:00 0060 1 18 0 _ _ 1 1 20150703111652 78
000012712015063 00001271 2015 06 21 65 1112 10:00 15:00 0061 1 54 0 _ _ 1 1 20150703111652 78
000012712015063 00001271 2015 06 28 65 1112 10:00 15:00 0061 1 54 0 _ _ 1 1 20150703111652 78
000012712015064 00001271 2015 06 21 65 6101 10:00 15:00 0061 1 48 0 _ _ 1 1 20150703111652 78
000012712015064 00001271 2015 06 28 65 6101 10:00 15:00 0061 1 48 0 _ _ 1 1 20150703111652 78
000012712015065 00001271 2015 06 02 11 9217 15:00 15:59 0070 1 223 0 _ _ 1 1 20150703111652 78
000012712015065 00001271 2015 06 04 11 9217 15:00 15:59 0070 1 223 0 _ _ 1 1 20150703111652 78
000012712015065 00001271 2015 06 09 11 9217 15:00 15:59 0070 1 223 0 _ _ 1 1 20150703111652 78
000012712015065 00001271 2015 06 11 11 9217 15:00 15:59 0070 1 223 0 _ _ 1 1 20150703111652 78
000012712015066 00001271 2015 06 16 61 2214 15:00 15:59 0073 1 69 0 _ _ 1 1 20150703111652 78
000012712015066 00001271 2015 06 18 61 2214 15:00 15:59 0073 1 69 0 _ _ 1 1 20150703111652 78
000012712015066 00001271 2015 06 23 61 2214 15:00 15:59 0073 1 69 0 _ _ 1 1 20150703111652 78
000012712015066 00001271 2015 06 25 61 2214 15:00 15:59 0073 1 69 0 _ _ 1 1 20150703111652 78
000012712015066 00001271 2015 06 30 61 2214 15:00 15:59 0073 1 69 0 _ _ 1 1 20150703111652 78
000012712015067 00001271 2015 06 20 63 1111 12:00 12:20 0269 1 463 0 _ _ 1 1 20150703111652 78
000012712015067 00001271 2015 06 27 63 1111 12:00 12:20 0269 1 463 0 _ _ 1 1 20150703111652 78
000012712015068 00001271 2015 06 20 63 3100 12:00 12:20 0269 1 540 0 _ _ 1 1 20150703111652 78
000012712015069 00001271 2015 06 20 63 4000 12:00 12:20 0269 1 500 0 _ _ 1 1 20150703111652 78
