00000801 0070 2014 09 0000002 22 _ _ 14:30 15:29 _ _ 0 _ 1 11 9 20140929200329 00035
00000801 0070 2014 09 0000003 29 00037 _ 14:30 15:29 2 _ 0 7311 1 11 1 20140930090832 00035
00000801 0070 2014 09 0000004 15 00038 _ 15:15 16:14 2 _ 0 7311 1 11 1 20140930090832 00035
00000801 0070 2014 09 0000005 22 00037 _ 14:30 15:29 2 _ 0 7311 1 11 1 20140930090832 00035
00000801 0070 2014 10 0000006 20 00037 _ 14:30 15:29 2 _ 0 7311 1 11 1 20141028195148 00035
00000801 0070 2014 10 0000007 06 00037 _ 14:30 15:29 2 _ 0 7311 1 11 1 20141028195148 00035
00000801 0070 2014 10 0000008 13 00038 _ 14:30 15:29 2 _ 0 7311 1 11 1 20141028195148 00035
00000801 0070 2014 10 0000009 27 00037 _ 14:30 15:29 2 _ 0 7311 1 11 1 20141028195148 00035
00000801 0070 2014 11 0000010 03 00038 _ 14:30 15:29 2 _ 0 7311 1 11 1 20141127185659 00038
00000801 0070 2014 11 0000011 10 00037 _ 14:30 15:29 2 _ 0 7311 1 11 1 20141127185659 00038
00000801 0070 2014 11 0000012 17 00229 _ 14:30 15:29 2 _ 0 7311 1 11 1 20141127185659 00038
00000801 0070 2014 11 0000013 24 00035 _ 14:30 15:29 2 _ 0 7311 1 11 1 20141127185659 00038
00000801 0070 2014 12 0000014 01 00035 _ 14:30 15:29 2 _ 0 7311 1 11 1 20141203101648 00037
