00000238 2013 05 2 10400 1 20140702171019 00078
00000238 2013 06 2 10400 1 20140702165838 00078
00000238 2013 07 2 10400 1 20140702165350 00078
00000238 2013 08 2 10400 1 20140702164909 00078
00000238 2013 09 2 10400 1 20140702161821 00078
00000238 2013 10 2 10400 1 20140702161156 00078
00000238 2013 11 1 4970 1 20140702160455 00078
00000238 2013 12 1 4970 1 20140702155859 00078
00000238 2014 01 1 4970 1 20140617194206 00052
00000238 2014 02 1 4970 1 20140617193543 00052
00000238 2014 03 1 4970 1 20140617193149 00052
00000238 2014 04 1 5003 1 20140617192834 00052
00000238 2014 05 1 5003 1 20140819122501 00078
00000238 2014 06 1 5003 1 20140701171956 00047
00000238 2014 07 1 5003 1 20140802141921 00047
00000238 2014 08 1 5003 1 20140812125656 00047
