1 00000238 2013 05 61 0107 グランクレール・ケアサービス馬事公苑 1211 予防訪問介護Ⅱ 2440 0 2440 4 2440 0 2440 2440 0 11.26 27474 90 24726 2748 0 n n 0 1 20140704142206 00077
1 00000238 2013 06 61 0107 グランクレール・ケアサービス馬事公苑 1211 予防訪問介護Ⅱ 2440 0 2440 7 2440 0 2440 2440 0 11.26 27474 90 24726 2748 0 n n 0 1 20140704142147 00077
1 00000238 2013 07 61 0107 グランクレール・ケアサービス馬事公苑 1211 予防訪問介護Ⅱ 2440 0 2440 7 2440 0 2440 2440 0 11.26 27474 90 24726 2748 0 n n 0 1 20140704142124 00077
1 00000238 2013 08 61 0107 グランクレール・ケアサービス馬事公苑 1211 予防訪問介護Ⅱ 2440 0 2440 8 2440 0 2440 2440 0 11.26 27474 90 24726 2748 0 n n 0 1 20140704142105 00077
1 00000238 2013 09 61 0107 グランクレール・ケアサービス馬事公苑 1211 予防訪問介護Ⅱ 2440 0 2440 8 2440 0 2440 2440 0 11.26 27474 90 24726 2748 0 n n 0 1 20140704142040 00077
1 00000238 2013 10 61 0107 グランクレール・ケアサービス馬事公苑 1211 予防訪問介護Ⅱ 2440 0 2440 9 2440 0 2440 2440 0 11.26 27474 90 24726 2748 0 n n 0 1 20140704144959 00077
1 00000238 2013 11 61 0107 グランクレール・ケアサービス馬事公苑 1211 予防訪問介護Ⅱ 2440 0 2440 7 2440 0 2440 2440 0 11.26 27474 90 24726 2748 0 n n 0 1 20140704144947 00077
1 00000238 2013 12 61 0107 グランクレール・ケアサービス馬事公苑 1211 予防訪問介護Ⅱ 2440 0 2440 9 2440 0 2440 2440 0 11.26 27474 90 24726 2748 0 n n 0 1 20140704144935 00077
1 00000238 2014 01 61 0107 グランクレール・ケアサービス馬事公苑 1211 予防訪問介護Ⅱ 2440 0 2440 8 2440 0 2440 2440 0 11.26 27474 90 24726 2748 0 n n 0 1 20140617194127 00049
1 00000238 2014 02 61 0107 グランクレール・ケアサービス馬事公苑 1211 予防訪問介護Ⅱ 2440 0 2440 5 2440 0 2440 2440 0 11.26 27474 90 24726 2748 0 n n 0 1 20140617193441 00049
1 00000238 2014 03 61 0107 グランクレール・ケアサービス馬事公苑 1211 予防訪問介護Ⅱ 2440 0 2440 9 2440 0 2440 2440 0 11.26 27474 90 24726 2748 0 n n 0 1 20140617193048 00049
1 00000238 2014 04 61 0107 グランクレール・ケアサービス馬事公苑 1211 予防訪問介護Ⅱ 2452 0 2452 8 2452 0 2452 2452 0 11.26 27609 90 24848 2761 0 n n 0 1 20140617192748 00049
1 00000238 2014 05 61 0107 グランクレール・ケアサービス馬事公苑 1211 予防訪問介護Ⅱ 2452 0 2452 8 2452 0 2452 2452 0 11.26 27609 90 24848 2761 0 n n 0 1 20140819121601 00078
1 00000238 2014 06 61 0107 グランクレール・ケアサービス馬事公苑 1211 予防訪問介護Ⅱ 2452 0 2452 9 2452 0 2452 2452 0 11.26 27609 90 24848 2761 0 n n 0 1 20140701171721 00047
1 00000238 2014 07 61 0107 グランクレール・ケアサービス馬事公苑 1211 予防訪問介護Ⅱ 2452 0 2452 9 2452 0 2452 2452 0 11.26 27609 90 24848 2761 0 n n 0 1 20140802122416 00047
1 00000238 2014 08 61 0107 グランクレール・ケアサービス馬事公苑 1211 予防訪問介護Ⅱ 2452 0 2452 8 2452 0 2452 2452 0 11.26 27609 90 24848 2761 0 n n 0 1 20140831142018 00049
1 00000238 2014 09 61 0107 グランクレール・ケアサービス馬事公苑 1211 予防訪問介護Ⅱ 2452 0 2452 7 2452 0 2452 2452 0 11.26 27609 90 24848 2761 0 n n 0 1 20140930205032 00049
1 00000238 2014 10 61 0107 グランクレール・ケアサービス馬事公苑 1211 予防訪問介護Ⅱ 2452 0 2452 9 2452 0 2452 2452 0 11.26 27609 90 24848 2761 0 n n 0 1 20141031202622 00049
2 00000238 2013 05 61 0107 グランクレール・ケアサービス馬事公苑 6271 予防訪問介護処遇改善加算Ⅰ 98 0 98 1 98 0 98 98 0 11.26 1103 90 992 111 0 a g 0 1 20140704142206 00077
2 00000238 2013 06 61 0107 グランクレール・ケアサービス馬事公苑 6271 予防訪問介護処遇改善加算Ⅰ 98 0 98 1 98 0 98 98 0 11.26 1103 90 992 111 0 a g 0 1 20140704142147 00077
2 00000238 2013 07 61 0107 グランクレール・ケアサービス馬事公苑 6271 予防訪問介護処遇改善加算Ⅰ 98 0 98 1 98 0 98 98 0 11.26 1103 90 992 111 0 a g 0 1 20140704142124 00077
2 00000238 2013 08 61 0107 グランクレール・ケアサービス馬事公苑 6271 予防訪問介護処遇改善加算Ⅰ 98 0 98 1 98 0 98 98 0 11.26 1103 90 992 111 0 a g 0 1 20140704142105 00077
2 00000238 2013 09 61 0107 グランクレール・ケアサービス馬事公苑 6271 予防訪問介護処遇改善加算Ⅰ 98 0 98 1 98 0 98 98 0 11.26 1103 90 992 111 0 a g 0 1 20140704142040 00077
2 00000238 2013 10 61 0107 グランクレール・ケアサービス馬事公苑 6271 予防訪問介護処遇改善加算Ⅰ 98 0 98 1 98 0 98 98 0 11.26 1103 90 992 111 0 a g 0 1 20140704144959 00077
2 00000238 2013 11 61 0107 グランクレール・ケアサービス馬事公苑 6271 予防訪問介護処遇改善加算Ⅰ 98 0 98 1 98 0 98 98 0 11.26 1103 90 992 111 0 a g 0 1 20140704144947 00077
2 00000238 2013 12 61 0107 グランクレール・ケアサービス馬事公苑 6271 予防訪問介護処遇改善加算Ⅰ 98 0 98 1 98 0 98 98 0 11.26 1103 90 992 111 0 a g 0 1 20140704144935 00077
2 00000238 2014 01 61 0107 グランクレール・ケアサービス馬事公苑 6271 予防訪問介護処遇改善加算Ⅰ 98 0 98 1 98 0 98 98 0 11.26 1103 90 992 111 0 a g 0 1 20140617194127 00049
2 00000238 2014 02 61 0107 グランクレール・ケアサービス馬事公苑 6271 予防訪問介護処遇改善加算Ⅰ 98 0 98 1 98 0 98 98 0 11.26 1103 90 992 111 0 a g 0 1 20140617193441 00049
2 00000238 2014 03 61 0107 グランクレール・ケアサービス馬事公苑 6271 予防訪問介護処遇改善加算Ⅰ 98 0 98 1 98 0 98 98 0 11.26 1103 90 992 111 0 a g 0 1 20140617193048 00049
2 00000238 2014 04 61 0107 グランクレール・ケアサービス馬事公苑 6271 予防訪問介護処遇改善加算Ⅰ 98 0 98 1 98 0 98 98 0 11.26 1103 90 992 111 0 a g 0 1 20140617192748 00049
2 00000238 2014 05 61 0107 グランクレール・ケアサービス馬事公苑 6271 予防訪問介護処遇改善加算Ⅰ 98 0 98 1 98 0 98 98 0 11.26 1103 90 992 111 0 a g 0 1 20140819121601 00078
2 00000238 2014 06 61 0107 グランクレール・ケアサービス馬事公苑 6271 予防訪問介護処遇改善加算Ⅰ 98 0 98 1 98 0 98 98 0 11.26 1103 90 992 111 0 a g 0 1 20140701171721 00047
2 00000238 2014 07 61 0107 グランクレール・ケアサービス馬事公苑 6271 予防訪問介護処遇改善加算Ⅰ 98 0 98 1 98 0 98 98 0 11.26 1103 90 992 111 0 a g 0 1 20140802122416 00047
2 00000238 2014 08 61 0107 グランクレール・ケアサービス馬事公苑 6271 予防訪問介護処遇改善加算Ⅰ 98 0 98 1 98 0 98 98 0 11.26 1103 90 992 111 0 a g 0 1 20140831142018 00049
2 00000238 2014 09 61 0107 グランクレール・ケアサービス馬事公苑 6271 予防訪問介護処遇改善加算Ⅰ 98 0 98 1 98 0 98 98 0 11.26 1103 90 992 111 0 a g 0 1 20140930205032 00049
2 00000238 2014 10 61 0107 グランクレール・ケアサービス馬事公苑 6271 予防訪問介護処遇改善加算Ⅰ 98 0 98 1 98 0 98 98 0 11.26 1103 90 992 111 0 a g 0 1 20141031202622 00049
