00000238 0029 2014 11 0000044 03 00051 _ 13:30 14:14 2 _ 0 7211 1 11 1 20141201122030 00049
00000238 0029 2014 11 0000045 06 00048 _ 13:30 14:14 2 _ 0 7211 1 11 1 20141201122030 00049
00000238 0029 2014 11 0000046 10 00051 00049 13:30 14:14 2 _ 0 7211 1 11 1 20141201122030 00049
00000238 0029 2014 11 0000047 13 00050 _ 13:30 14:14 2 _ 0 _ 1 11 9 20141119171239 00049
00000238 0029 2014 11 0000048 17 00050 _ 13:30 14:14 2 _ 0 7211 1 11 1 20141201122030 00049
00000238 0029 2014 11 0000049 13 00050 _ 13:30 14:14 2 _ 0 7211 1 11 1 20141201122030 00049
00000238 0029 2014 11 0000050 24 _ _ _ _ _ _ 0 _ 1 11 9 20141121101653 00049
00000238 0029 2014 11 0000051 27 00051 _ 13:30 14:14 2 _ 0 7211 1 11 1 20141201122030 00049
00000238 0029 2014 11 0000052 24 00048 _ 13:30 14:14 2 _ 0 7211 1 11 1 20141201122030 00049
00000238 0029 2014 12 0000053 01 00050 _ 13:30 14:14 2 _ 0 7211 1 11 1 20141210123516 00049
00000238 0029 2014 12 0000054 04 00048 _ 13:30 14:14 2 _ 0 7211 1 11 1 20141210123516 00049
00000238 0029 2014 12 0000055 08 00051 _ 13:30 14:14 2 _ 0 7211 1 11 1 20141210123516 00049
00000238 0029 2014 12 0000056 11 _ _ 13:30 14:14 2 _ 0 7211 1 11 1 20141210123516 00049
00000238 0029 2014 12 0000057 15 _ _ 13:30 14:14 2 _ 0 7211 1 11 1 20141210123516 00049
00000238 0029 2014 12 0000058 18 _ _ 13:30 14:14 2 _ 0 7211 1 11 1 20141210123516 00049
00000238 0029 2014 12 0000059 22 _ _ 13:30 14:14 2 _ 0 7211 1 11 1 20141210123516 00049
00000238 0029 2014 12 0000060 25 _ _ 13:30 14:14 2 _ 0 7211 1 11 1 20141210123516 00049
00000238 0029 2014 12 0000061 29 _ _ 13:30 14:14 2 _ 0 7211 1 11 1 20141210123516 00049
00000238 0107 2013 05 0000116 16 00049 _ 13:30 14:30 _ _ 0 1211 1 61 1 20140704142206 00077
00000238 0107 2013 05 0000117 20 00048 _ 13:30 14:30 _ _ 0 1211 1 61 1 20140704142206 00077
00000238 0107 2013 05 0000118 27 00049 _ 13:30 14:30 _ _ 0 1211 1 61 1 20140704142206 00077
00000238 0107 2013 05 0000119 30 00048 _ 13:30 14:30 _ _ 0 1211 1 61 1 20140704142206 00077
00000238 0107 2013 06 0000109 03 00048 _ 13:30 14:30 _ _ 0 1211 1 61 1 20140704142147 00077
00000238 0107 2013 06 0000110 06 00048 _ 13:30 14:30 _ _ 0 1211 1 61 1 20140704142147 00077
00000238 0107 2013 06 0000111 10 00048 _ 13:30 14:30 _ _ 0 1211 1 61 1 20140704142147 00077
00000238 0107 2013 06 0000112 13 00048 _ 13:30 14:30 _ _ 0 1211 1 61 1 20140704142147 00077
00000238 0107 2013 06 0000113 17 00048 _ 13:30 14:30 _ _ 0 1211 1 61 1 20140704142147 00077
00000238 0107 2013 06 0000114 20 00048 _ 13:30 14:30 _ _ 0 1211 1 61 1 20140704142147 00077
00000238 0107 2013 06 0000115 24 00048 _ 13:30 14:30 _ _ 0 1211 1 61 1 20140704142147 00077
00000238 0107 2013 07 0000102 01 00048 _ 13:30 14:30 _ _ 0 1211 1 61 1 20140704142124 00077
00000238 0107 2013 07 0000103 08 00048 _ 13:30 14:30 _ _ 0 1211 1 61 1 20140704142124 00077
00000238 0107 2013 07 0000104 11 00048 _ 13:30 14:30 _ _ 0 1211 1 61 1 20140704142124 00077
00000238 0107 2013 07 0000105 15 00048 _ 13:30 14:30 _ _ 0 1211 1 61 1 20140704142124 00077
00000238 0107 2013 07 0000106 22 00048 _ 13:30 14:30 _ _ 0 1211 1 61 1 20140704142124 00077
00000238 0107 2013 07 0000107 25 00048 _ 13:30 14:30 _ _ 0 1211 1 61 1 20140704142124 00077
00000238 0107 2013 07 0000108 29 00048 _ 13:30 14:30 _ _ 0 1211 1 61 1 20140704142124 00077
00000238 0107 2013 08 0000094 01 00048 _ 13:30 14:30 _ _ 0 1211 1 61 1 20140704142105 00077
00000238 0107 2013 08 0000095 29 00048 _ 13:30 14:30 _ _ 0 1211 1 61 1 20140704142105 00077
00000238 0107 2013 08 0000096 08 00048 _ 13:30 14:30 _ _ 0 1211 1 61 1 20140704142105 00077
00000238 0107 2013 08 0000097 12 00049 _ 13:30 14:30 _ _ 0 1211 1 61 1 20140704142105 00077
00000238 0107 2013 08 0000098 15 00048 _ 13:30 14:30 _ _ 0 1211 1 61 1 20140704142105 00077
00000238 0107 2013 08 0000099 19 00048 _ 13:30 14:30 _ _ 0 1211 1 61 1 20140704142105 00077
00000238 0107 2013 08 0000100 22 00048 _ 13:30 14:30 _ _ 0 1211 1 61 1 20140704142105 00077
00000238 0107 2013 08 0000101 26 00048 _ 13:30 14:30 _ _ 0 1211 1 61 1 20140704142105 00077
00000238 0107 2013 09 0000086 02 00048 _ 13:30 14:15 _ _ 0 1211 1 61 1 20140704142040 00077
00000238 0107 2013 09 0000087 05 00048 _ 13:30 14:15 _ _ 0 1211 1 61 1 20140704142040 00077
00000238 0107 2013 09 0000088 09 00048 _ 13:30 14:15 _ _ 0 1211 1 61 1 20140704142040 00077
00000238 0107 2013 09 0000089 12 00048 _ 13:30 14:15 _ _ 0 1211 1 61 1 20140704142040 00077
00000238 0107 2013 09 0000090 16 00048 _ 13:30 14:15 _ _ 0 1211 1 61 1 20140704142040 00077
00000238 0107 2013 09 0000091 19 00048 _ 13:30 14:15 _ _ 0 1211 1 61 1 20140704142040 00077
00000238 0107 2013 09 0000092 23 00048 _ 13:30 14:15 _ _ 0 1211 1 61 1 20140704142040 00077
00000238 0107 2013 09 0000093 26 00048 _ 13:30 14:15 _ _ 0 1211 1 61 1 20140704142040 00077
00000238 0107 2013 10 0000077 03 00048 _ 13:30 14:15 _ _ 0 1211 1 61 1 20140704144959 00077
00000238 0107 2013 10 0000078 07 00048 _ 13:30 14:15 _ _ 0 1211 1 61 1 20140704144959 00077
00000238 0107 2013 10 0000079 10 00048 _ 13:30 14:15 _ _ 0 1211 1 61 1 20140704144959 00077
00000238 0107 2013 10 0000080 14 00048 _ 13:30 14:15 _ _ 0 1211 1 61 1 20140704144959 00077
00000238 0107 2013 10 0000081 17 00049 _ 13:30 14:15 _ _ 0 1211 1 61 1 20140704144959 00077
00000238 0107 2013 10 0000082 21 00049 _ 13:30 14:15 _ _ 0 1211 1 61 1 20140704144959 00077
00000238 0107 2013 10 0000083 24 00048 _ 13:30 14:15 _ _ 0 1211 1 61 1 20140704144959 00077
00000238 0107 2013 10 0000084 28 00048 _ 13:30 14:15 _ _ 0 1211 1 61 1 20140704144959 00077
00000238 0107 2013 10 0000085 31 00048 _ 13:30 14:15 _ _ 0 1211 1 61 1 20140704144959 00077
00000238 0107 2013 11 0000070 04 00048 _ 13:30 14:15 _ _ 0 1211 1 61 1 20140704144947 00077
00000238 0107 2013 11 0000071 07 00048 _ 13:30 14:15 _ _ 0 1211 1 61 1 20140704144947 00077
00000238 0107 2013 11 0000072 11 00048 _ 13:30 14:15 _ _ 0 1211 1 61 1 20140704144947 00077
00000238 0107 2013 11 0000073 14 00048 _ 13:30 14:15 _ _ 0 1211 1 61 1 20140704144947 00077
00000238 0107 2013 11 0000074 21 00048 _ 13:30 14:15 _ _ 0 1211 1 61 1 20140704144947 00077
00000238 0107 2013 11 0000075 25 00048 _ 13:30 14:15 _ _ 0 1211 1 61 1 20140704144947 00077
00000238 0107 2013 11 0000076 28 00048 _ 13:30 14:15 _ _ 0 1211 1 61 1 20140704144947 00077
00000238 0107 2013 12 0000061 02 00048 _ 13:30 14:30 _ _ 0 1211 1 61 1 20140704144935 00077
00000238 0107 2013 12 0000062 05 00048 _ 13:30 14:30 _ _ 0 1211 1 61 1 20140704144935 00077
00000238 0107 2013 12 0000063 09 00048 _ 13:30 14:30 _ _ 0 1211 1 61 1 20140704144935 00077
00000238 0107 2013 12 0000064 12 00048 _ 13:30 14:30 _ _ 0 1211 1 61 1 20140704144935 00077
00000238 0107 2013 12 0000065 16 00048 _ 13:30 14:30 _ _ 0 1211 1 61 1 20140704144935 00077
00000238 0107 2013 12 0000066 19 00048 _ 13:30 14:30 _ _ 0 1211 1 61 1 20140704144935 00077
00000238 0107 2013 12 0000067 23 00048 _ 13:30 14:30 _ _ 0 1211 1 61 1 20140704144935 00077
00000238 0107 2013 12 0000068 26 00048 _ 13:30 14:30 _ _ 0 1211 1 61 1 20140704144935 00077
00000238 0107 2013 12 0000069 30 00048 _ 13:30 14:30 _ _ 0 1211 1 61 1 20140704144935 00077
00000238 0107 2014 01 0000045 30 00048 _ 13:30 14:15 _ _ 0 1211 1 61 1 20140617194127 00049
00000238 0107 2014 01 0000046 06 00048 _ 13:30 14:15 _ _ 0 1211 1 61 1 20140617194127 00049
00000238 0107 2014 01 0000047 09 00048 _ 13:30 14:15 _ _ 0 1211 1 61 1 20140617194127 00049
00000238 0107 2014 01 0000048 13 00048 _ 13:30 14:15 _ _ 0 1211 1 61 1 20140617194127 00049
00000238 0107 2014 01 0000049 16 00048 _ 13:30 14:15 _ _ 0 1211 1 61 1 20140617194127 00049
00000238 0107 2014 01 0000050 20 00048 _ 13:30 14:15 _ _ 0 1211 1 61 1 20140617194127 00049
00000238 0107 2014 01 0000051 23 00048 _ 13:30 14:15 _ _ 0 1211 1 61 1 20140617194127 00049
00000238 0107 2014 01 0000052 27 00048 _ 13:30 14:15 _ _ 0 1211 1 61 1 20140617194127 00049
00000238 0107 2014 02 0000040 03 00048 _ 13:30 14:15 _ _ 0 1211 1 61 1 20140617193441 00049
00000238 0107 2014 02 0000041 10 00048 _ 13:30 14:15 _ _ 0 1211 1 61 1 20140617193441 00049
00000238 0107 2014 02 0000042 17 00048 _ 13:30 14:15 _ _ 0 1211 1 61 1 20140617193441 00049
00000238 0107 2014 02 0000043 20 00048 _ 13:30 14:15 _ _ 0 1211 1 61 1 20140617193441 00049
00000238 0107 2014 02 0000044 27 00048 _ 13:30 14:15 _ _ 0 1211 1 61 1 20140617193441 00049
00000238 0107 2014 03 0000031 03 00048 _ 13:30 14:15 _ _ 0 1211 1 61 1 20140617193048 00049
00000238 0107 2014 03 0000032 06 00048 _ 13:30 14:15 _ _ 0 1211 1 61 1 20140617193048 00049
00000238 0107 2014 03 0000033 10 00048 _ 13:30 14:15 _ _ 0 1211 1 61 1 20140617193048 00049
00000238 0107 2014 03 0000034 13 00048 _ 13:30 14:15 _ _ 0 1211 1 61 1 20140617193048 00049
00000238 0107 2014 03 0000035 17 00048 _ 13:30 14:15 _ _ 0 1211 1 61 1 20140617193048 00049
00000238 0107 2014 03 0000036 20 00048 _ 13:30 14:15 _ _ 0 1211 1 61 1 20140617193048 00049
00000238 0107 2014 03 0000037 24 00048 _ 13:30 14:15 _ _ 0 1211 1 61 1 20140617193048 00049
00000238 0107 2014 03 0000038 27 00049 _ 13:30 14:15 _ _ 0 1211 1 61 1 20140617193048 00049
00000238 0107 2014 03 0000039 31 00048 _ 13:30 14:15 _ _ 0 1211 1 61 1 20140617193048 00049
00000238 0107 2014 04 0000023 03 00048 _ 13:30 14:15 _ _ 0 1211 1 61 1 20140617192748 00049
00000238 0107 2014 04 0000024 07 00048 _ 13:30 14:15 _ _ 0 1211 1 61 1 20140617192748 00049
00000238 0107 2014 04 0000025 10 00048 _ 13:30 14:15 _ _ 0 1211 1 61 1 20140617192748 00049
00000238 0107 2014 04 0000026 14 00048 _ 13:30 14:15 _ _ 0 1211 1 61 1 20140617192748 00049
00000238 0107 2014 04 0000027 17 00048 _ 13:30 14:15 _ _ 0 1211 1 61 1 20140617192748 00049
00000238 0107 2014 04 0000028 21 00048 _ 13:30 14:15 _ _ 0 1211 1 61 1 20140617192748 00049
00000238 0107 2014 04 0000029 24 00048 _ 13:30 14:15 _ _ 0 1211 1 61 1 20140617192748 00049
00000238 0107 2014 04 0000030 28 00048 _ 13:30 14:15 _ _ 0 1211 1 61 1 20140617192748 00049
00000238 0107 2014 05 0000053 01 00048 _ 13:30 14:15 _ _ 0 1211 1 61 1 20140819121601 00078
00000238 0107 2014 05 0000054 05 00048 _ 13:30 14:15 _ _ 0 1211 1 61 1 20140819121601 00078
00000238 0107 2014 05 0000055 08 00048 _ 13:30 14:15 _ _ 0 1211 1 61 1 20140819121601 00078
00000238 0107 2014 05 0000056 12 00048 _ 13:30 14:15 _ _ 0 1211 1 61 1 20140819121601 00078
00000238 0107 2014 05 0000057 15 00048 _ 13:30 14:15 _ _ 0 1211 1 61 1 20140819121601 00078
00000238 0107 2014 05 0000058 19 00049 _ 13:30 14:15 _ _ 0 1211 1 61 1 20140819121601 00078
00000238 0107 2014 05 0000059 22 00048 _ 13:30 14:15 _ _ 0 1211 1 61 1 20140819121601 00078
00000238 0107 2014 05 0000060 26 00048 _ 13:30 14:15 _ _ 0 1211 1 61 1 20140819121601 00078
00000238 0107 2014 06 0000002 02 00048 _ 13:30 14:15 _ _ 0 1211 1 61 1 20140701171721 00047
00000238 0107 2014 06 0000003 05 00048 _ 13:30 14:15 _ _ 0 1211 1 61 1 20140701171721 00047
00000238 0107 2014 06 0000004 09 00048 _ 13:30 14:15 _ _ 0 1211 1 61 1 20140701171721 00047
00000238 0107 2014 06 0000005 12 00048 _ 13:30 14:15 _ _ 0 1211 1 61 1 20140701171721 00047
00000238 0107 2014 06 0000006 16 00048 _ 13:30 14:15 _ _ 0 1211 1 61 1 20140701171721 00047
00000238 0107 2014 06 0000007 19 00048 _ 13:00 13:45 _ _ 0 1211 1 61 1 20140701171721 00047
00000238 0107 2014 06 0000008 23 00048 _ 13:30 14:15 _ _ 0 1211 1 61 1 20140701171721 00047
00000238 0107 2014 06 0000009 26 00048 _ 13:30 14:15 _ _ 0 1211 1 61 1 20140701171721 00047
00000238 0107 2014 06 0000010 30 00048 _ 13:30 14:15 _ _ 0 1211 1 61 1 20140701171721 00047
00000238 0107 2014 07 0000011 03 00048 _ 13:30 14:14 _ _ 0 1211 1 61 1 20140802122416 00047
00000238 0107 2014 07 0000012 07 00048 _ 13:30 14:14 _ _ 0 1211 1 61 1 20140802122416 00047
00000238 0107 2014 07 0000013 10 00048 _ 13:30 14:14 _ _ 0 1211 1 61 1 20140802122416 00047
00000238 0107 2014 07 0000014 14 00048 _ 13:30 14:14 _ _ 0 1211 1 61 1 20140802122416 00047
00000238 0107 2014 07 0000015 17 00048 _ 13:00 13:44 _ _ 0 1211 1 61 1 20140802122416 00047
00000238 0107 2014 07 0000016 21 00048 _ 13:30 14:14 _ _ 0 1211 1 61 1 20140802122416 00047
00000238 0107 2014 07 0000017 24 00048 _ 13:30 14:14 _ _ 0 1211 1 61 1 20140802122416 00047
00000238 0107 2014 07 0000018 28 00048 _ 13:30 14:14 _ _ 0 1211 1 61 1 20140802122416 00047
00000238 0107 2014 07 0000019 31 00048 _ 13:30 14:14 _ _ 0 1211 1 61 1 20140802122416 00047
00000238 0107 2014 08 0000020 04 00048 _ 13:30 14:14 _ _ 0 1211 1 61 1 20140831142018 00049
00000238 0107 2014 08 0000021 07 00048 _ 13:30 14:14 _ _ 0 1211 1 61 1 20140831142018 00049
00000238 0107 2014 08 0000022 11 00048 _ 13:30 14:14 _ _ 0 1211 1 61 1 20140831142018 00049
00000238 0107 2014 08 0000023 14 00048 _ 13:30 14:14 _ _ 0 1211 1 61 1 20140831142018 00049
00000238 0107 2014 08 0000024 18 00048 _ 13:30 14:14 _ _ 0 1211 1 61 1 20140831142018 00049
00000238 0107 2014 08 0000025 21 00049 _ 13:00 13:44 _ _ 0 1211 1 61 1 20140831142018 00049
00000238 0107 2014 08 0000026 25 00049 _ 13:30 14:14 _ _ 0 1211 1 61 1 20140831142018 00049
00000238 0107 2014 08 0000027 28 00049 _ 13:30 14:14 _ _ 0 1211 1 61 1 20140831142018 00049
00000238 0107 2014 09 0000028 01 00048 _ 13:30 14:14 _ _ 0 1211 1 61 1 20140930205032 00049
00000238 0107 2014 09 0000029 08 00049 00105 13:30 14:14 _ _ 0 1211 1 61 1 20140930205032 00049
00000238 0107 2014 09 0000030 15 00049 00105 13:30 14:14 _ _ 0 1211 1 61 1 20140930205032 00049
00000238 0107 2014 09 0000031 18 00048 _ 13:20 13:50 _ _ 0 1211 1 61 1 20140930205032 00049
00000238 0107 2014 09 0000032 22 00049 _ 13:30 14:14 _ _ 0 1211 1 61 1 20140930205032 00049
00000238 0107 2014 09 0000033 25 00049 _ 13:30 14:14 _ _ 0 1211 1 61 1 20140930205032 00049
00000238 0107 2014 09 0000034 29 00049 _ 13:30 14:14 _ _ 0 1211 1 61 1 20140930205032 00049
00000238 0107 2014 10 0000035 02 00049 00050 13:30 14:14 _ _ 0 1211 1 61 1 20141031202622 00049
00000238 0107 2014 10 0000036 06 00049 00051 16:20 17:04 _ _ 0 1211 1 61 1 20141031202622 00049
00000238 0107 2014 10 0000037 09 00048 _ 13:30 14:14 _ _ 0 1211 1 61 1 20141031202622 00049
00000238 0107 2014 10 0000038 13 00051 _ 13:30 14:14 _ _ 0 1211 1 61 1 20141031202622 00049
00000238 0107 2014 10 0000039 20 00048 _ 13:30 14:14 _ _ 0 1211 1 61 1 20141031202622 00049
00000238 0107 2014 10 0000040 16 00050 _ 13:00 13:44 _ _ 0 1211 1 61 1 20141031202622 00049
00000238 0107 2014 10 0000041 23 00050 _ 13:30 14:14 _ _ 0 1211 1 61 1 20141031202622 00049
00000238 0107 2014 10 0000042 27 00051 _ 13:30 14:14 _ _ 0 1211 1 61 1 20141031202622 00049
00000238 0107 2014 10 0000043 30 00050 _ 13:30 14:14 _ _ 0 1211 1 61 1 20141031202622 00049
