00000248 0029 2014 01 1 1 20140617172359 00049
00000248 0029 2014 02 1 1 20140617170717 00049
00000248 0029 2014 03 1 1 20140617165852 00049
00000248 0029 2014 04 1 1 20140617163410 00049
00000248 0029 2014 05 1 1 20140819140550 00078
00000248 0029 2014 06 1 1 20140701132130 00049
00000248 0029 2014 07 1 1 20140802134242 00047
00000248 0029 2014 08 1 1 20140831145659 00049
00000248 0029 2014 09 1 1 20140930203052 00049
00000248 0029 2014 10 1 1 20141031201557 00049
00000248 0029 2014 11 1 1 20141201104037 00049
00000248 0029 2014 12 _ 1 20141210114648 00049
