00000204 2014 01 01 13:30 13:59 11 1111 0029 11.26 1 254 1 20140618164815 00078
00000204 2014 01 01 19:40 20:09 11 1112 0029 11.26 1 318 1 20140618164815 00078
00000204 2014 01 02 09:50 10:19 11 1111 0029 11.26 1 254 1 20140618164815 00078
00000204 2014 01 02 19:40 20:09 11 1112 0029 11.26 1 318 1 20140618164815 00078
00000204 2014 01 03 09:50 10:19 11 1111 0029 11.26 1 254 1 20140618164815 00078
00000204 2014 01 03 13:40 14:09 11 1111 0029 11.26 1 254 1 20140618164815 00078
00000204 2014 01 03 19:40 20:09 11 1112 0029 11.26 1 318 1 20140618164815 00078
00000204 2014 01 04 09:50 10:19 11 1111 0029 11.26 1 254 1 20140618164815 00078
00000204 2014 01 04 13:40 14:39 11 4111 0029 11.26 1 324 1 20140618164815 00078
00000204 2014 01 04 19:40 20:09 11 1112 0029 11.26 1 318 1 20140618164815 00078
00000204 2014 01 05 09:50 10:19 11 1111 0029 11.26 1 254 1 20140618164815 00078
00000204 2014 01 05 13:40 14:09 11 1111 0029 11.26 1 254 1 20140618164815 00078
00000204 2014 01 05 19:40 20:09 11 1112 0029 11.26 1 318 1 20140618164815 00078
00000204 2014 01 06 09:50 10:19 11 1111 0029 11.26 1 254 1 20140618164815 00078
00000204 2014 01 06 19:40 20:09 11 1112 0029 11.26 1 318 1 20140618164815 00078
00000204 2014 01 07 09:50 10:19 11 1111 0029 11.26 1 254 1 20140618164815 00078
00000204 2014 01 07 13:40 14:09 11 1111 0029 11.26 1 254 1 20140618164815 00078
00000204 2014 01 07 19:40 20:09 11 1112 0029 11.26 1 318 1 20140618164815 00078
00000204 2014 01 08 19:40 20:09 11 1112 0029 11.26 1 318 1 20140618164815 00078
00000204 2014 01 09 09:50 10:19 11 1111 0029 11.26 1 254 1 20140618164815 00078
00000204 2014 01 09 13:00 13:29 11 1111 0029 11.26 1 254 1 20140618164815 00078
00000204 2014 01 09 19:40 20:09 11 1112 0029 11.26 1 318 1 20140618164815 00078
00000204 2014 01 10 09:50 10:19 11 1111 0029 11.26 1 254 1 20140618164815 00078
00000204 2014 01 10 19:40 20:09 11 1112 0029 11.26 1 318 1 20140618164815 00078
00000204 2014 01 11 09:50 10:19 11 1111 0029 11.26 1 254 1 20140618164815 00078
00000204 2014 01 11 13:40 14:39 11 4111 0029 11.26 1 324 1 20140618164815 00078
00000204 2014 01 11 19:40 20:09 11 1112 0029 11.26 1 318 1 20140618164815 00078
00000204 2014 01 12 09:50 10:19 11 1111 0029 11.26 1 254 1 20140618164815 00078
00000204 2014 01 12 13:40 14:09 11 1111 0029 11.26 1 254 1 20140618164815 00078
00000204 2014 01 12 19:40 20:09 11 1112 0029 11.26 1 318 1 20140618164815 00078
00000204 2014 01 13 09:15 09:44 11 1111 0029 11.26 1 254 1 20140618164815 00078
00000204 2014 01 13 19:40 20:09 11 1112 0029 11.26 1 318 1 20140618164815 00078
00000204 2014 01 14 19:40 20:09 11 1112 0029 11.26 1 318 1 20140618164815 00078
00000204 2014 01 15 09:50 10:19 11 1111 0029 11.26 1 254 1 20140618164815 00078
00000204 2014 01 15 13:40 14:39 11 4111 0029 11.26 1 324 1 20140618164815 00078
00000204 2014 01 15 19:40 20:09 11 1112 0029 11.26 1 318 1 20140618164815 00078
00000204 2014 01 16 09:50 10:19 11 1111 0029 11.26 1 254 1 20140618164815 00078
00000204 2014 01 16 13:40 14:09 11 1111 0029 11.26 1 254 1 20140618164815 00078
00000204 2014 01 16 19:40 20:09 11 1112 0029 11.26 1 318 1 20140618164815 00078
00000204 2014 01 17 09:50 10:19 11 1111 0029 11.26 1 254 1 20140618164815 00078
00000204 2014 01 17 19:40 20:09 11 1112 0029 11.26 1 318 1 20140618164815 00078
00000204 2014 01 18 09:50 10:19 11 1111 0029 11.26 1 254 1 20140618164815 00078
00000204 2014 01 18 13:40 14:39 11 4111 0029 11.26 1 324 1 20140618164815 00078
00000204 2014 01 18 19:40 20:09 11 1112 0029 11.26 1 318 1 20140618164815 00078
00000204 2014 01 19 09:50 10:19 11 1111 0029 11.26 1 254 1 20140618164815 00078
00000204 2014 01 19 13:40 14:09 11 1111 0029 11.26 1 254 1 20140618164815 00078
00000204 2014 01 19 19:40 20:09 11 1112 0029 11.26 1 318 1 20140618164815 00078
00000204 2014 01 20 09:50 10:19 11 1111 0029 11.26 1 254 1 20140618164815 00078
00000204 2014 01 20 19:40 20:09 11 1112 0029 11.26 1 318 1 20140618164815 00078
00000204 2014 01 21 19:40 20:09 11 1112 0029 11.26 1 318 1 20140618164815 00078
00000204 2014 01 22 09:50 10:19 11 1111 0029 11.26 1 254 1 20140618164815 00078
00000204 2014 01 22 19:40 20:09 11 1112 0029 11.26 1 318 1 20140618164815 00078
00000204 2014 01 23 09:50 10:19 11 1111 0029 11.26 1 254 1 20140618164815 00078
00000204 2014 01 23 13:30 13:59 11 1111 0029 11.26 1 254 1 20140618164815 00078
00000204 2014 01 23 19:40 20:09 11 1112 0029 11.26 1 318 1 20140618164815 00078
00000204 2014 01 24 09:50 10:19 11 1111 0029 11.26 1 254 1 20140618164815 00078
00000204 2014 01 25 13:40 14:39 11 4111 0029 11.26 1 324 1 20140618164815 00078
00000204 2014 01 25 19:40 20:09 11 1112 0029 11.26 1 318 1 20140618164815 00078
00000204 2014 01 26 09:50 10:19 11 1111 0029 11.26 1 254 1 20140618164815 00078
00000204 2014 01 26 13:40 14:09 11 1111 0029 11.26 1 254 1 20140618164815 00078
00000204 2014 01 26 19:40 20:09 11 1112 0029 11.26 1 318 1 20140618164815 00078
00000204 2014 01 27 09:50 10:19 11 1111 0029 11.26 1 254 1 20140618164815 00078
00000204 2014 01 27 19:40 20:09 11 1112 0029 11.26 1 318 1 20140618164815 00078
00000204 2014 01 28 09:50 10:19 11 1111 0029 11.26 1 254 1 20140618164815 00078
00000204 2014 01 28 13:40 14:09 11 1111 0029 11.26 1 254 1 20140618164815 00078
00000204 2014 01 28 19:40 20:09 11 1112 0029 11.26 1 318 1 20140618164815 00078
00000204 2014 01 29 09:50 10:19 11 1111 0029 11.26 1 254 1 20140618164815 00078
00000204 2014 01 29 19:40 20:09 11 1112 0029 11.26 1 318 1 20140618164815 00078
00000204 2014 01 30 09:50 10:19 11 1111 0029 11.26 1 254 1 20140618164815 00078
00000204 2014 01 30 13:40 14:09 11 1111 0029 11.26 1 254 1 20140618164815 00078
00000204 2014 01 30 19:40 20:09 11 1112 0029 11.26 1 318 1 20140618164815 00078
00000204 2014 01 31 09:50 10:19 11 1111 0029 11.26 1 254 1 20140618164815 00078
00000204 2014 01 31 19:40 20:09 11 1112 0029 11.26 1 318 1 20140618164815 00078
00000205 2014 01 02 14:20 15:20 11 7311 0029 11.26 1 235 1 20140618185927 00078
00000205 2014 01 03 14:20 15:49 11 1311 0029 11.26 1 584 1 20140618185927 00078
00000205 2014 01 07 14:20 15:49 11 1311 0029 11.26 1 584 1 20140618185927 00078
00000205 2014 01 09 14:20 15:20 11 7311 0029 11.26 1 235 1 20140618185927 00078
00000205 2014 01 10 14:20 15:49 11 1311 0029 11.26 1 584 1 20140618185927 00078
00000205 2014 01 14 14:20 15:49 11 1311 0029 11.26 1 584 1 20140618185927 00078
00000205 2014 01 16 14:20 15:20 11 7311 0029 11.26 1 235 1 20140618185927 00078
00000205 2014 01 17 14:20 15:49 11 1311 0029 11.26 1 584 1 20140618185927 00078
00000205 2014 01 21 14:20 15:49 11 1311 0029 11.26 1 584 1 20140618185927 00078
00000205 2014 01 23 14:20 15:20 11 7311 0029 11.26 1 235 1 20140618185927 00078
00000205 2014 01 24 14:20 15:49 11 1311 0029 11.26 1 584 1 20140618185927 00078
00000205 2014 01 28 14:20 15:49 11 1311 0029 11.26 1 584 1 20140618185927 00078
00000205 2014 01 30 14:20 15:20 11 7311 0029 11.26 1 235 1 20140618185927 00078
00000205 2014 01 31 14:20 15:49 11 1311 0029 11.26 1 584 1 20140618185927 00078
00000207 2014 01 07 13:30 14:30 61 1111 0107 11.26 1 1220 1 20140618194249 00078
00000207 2014 01 14 13:30 14:30 61 1111 0107 11.26 1 1220 1 20140618194249 00078
00000207 2014 01 21 13:30 14:30 61 1111 0107 11.26 1 1220 1 20140618194249 00078
00000207 2014 01 28 13:30 14:30 61 1111 0107 11.26 1 1220 1 20140618194249 00078
00000209 2014 01 03 10:30 11:30 61 1211 0107 11.26 1 2440 1 20140619101008 00078
00000209 2014 01 06 10:30 11:30 61 1211 0107 11.26 1 2440 1 20140619101008 00078
00000209 2014 01 10 10:30 11:30 61 1211 0107 11.26 1 2440 1 20140619101008 00078
00000209 2014 01 13 10:30 11:30 61 1211 0107 11.26 1 2440 1 20140619101008 00078
00000209 2014 01 17 10:30 11:30 61 1211 0107 11.26 1 2440 1 20140619101008 00078
00000209 2014 01 20 10:30 11:30 61 1211 0107 11.26 1 2440 1 20140619101008 00078
00000209 2014 01 24 10:30 11:30 61 1211 0107 11.26 1 2440 1 20140619101008 00078
00000209 2014 01 27 10:30 11:30 61 1211 0107 11.26 1 2440 1 20140619101008 00078
00000209 2014 01 31 10:30 11:30 61 1211 0107 11.26 1 2440 1 20140619101008 00078
00000212 2014 01 01 13:00 14:00 61 1111 0107 11.26 1 1220 1 20140619102914 00078
00000212 2014 01 08 13:00 14:00 61 1111 0107 11.26 1 1220 1 20140619103651 00078
00000212 2014 01 15 13:00 14:00 61 1111 0107 11.26 1 1220 1 20140619103651 00078
00000212 2014 01 22 13:00 14:00 61 1111 0107 11.26 1 1220 1 20140619103651 00078
00000212 2014 01 29 13:00 14:00 61 1111 0107 11.26 1 1220 1 20140619103651 00078
00000213 2014 01 01 14:10 15:09 11 1211 0029 11.26 1 402 1 20140619110943 00078
00000213 2014 01 03 14:10 15:09 11 1211 0029 11.26 1 402 1 20140619110943 00078
00000213 2014 01 04 10:30 11:30 11 7311 0029 11.26 1 235 1 20140619110943 00078
00000213 2014 01 06 14:10 15:09 11 1211 0029 11.26 1 402 1 20140619110943 00078
00000213 2014 01 07 14:00 15:00 11 7311 0029 11.26 1 235 1 20140619110943 00078
00000213 2014 01 08 14:10 15:09 11 1211 0029 11.26 1 402 1 20140619110943 00078
00000213 2014 01 10 14:10 15:09 11 1211 0029 11.26 1 402 1 20140619110943 00078
00000213 2014 01 11 10:30 11:30 11 7311 0029 11.26 1 235 1 20140619110943 00078
00000213 2014 01 13 14:10 15:09 11 1211 0029 11.26 1 402 1 20140619110943 00078
00000213 2014 01 14 10:30 11:30 11 7311 0029 11.26 1 235 1 20140619110943 00078
00000213 2014 01 15 14:10 15:09 11 1211 0029 11.26 1 402 1 20140619110943 00078
00000213 2014 01 17 14:10 15:09 11 1211 0029 11.26 1 402 1 20140619110943 00078
00000213 2014 01 18 10:30 11:30 11 7311 0029 11.26 1 235 1 20140619110943 00078
00000213 2014 01 20 14:10 15:09 11 1211 0029 11.26 1 402 1 20140619110943 00078
00000213 2014 01 21 10:30 11:30 11 7311 0029 11.26 1 235 1 20140619110943 00078
00000213 2014 01 22 14:10 15:09 11 1211 0029 11.26 1 402 1 20140619110943 00078
00000213 2014 01 24 14:10 15:09 11 1211 0029 11.26 1 402 1 20140619110943 00078
00000213 2014 01 25 10:30 11:30 11 7311 0029 11.26 1 235 1 20140619110943 00078
00000213 2014 01 27 14:10 15:09 11 1211 0029 11.26 1 402 1 20140619110943 00078
00000213 2014 01 28 10:30 11:30 11 7311 0029 11.26 1 235 1 20140619110943 00078
00000213 2014 01 29 14:10 15:09 11 1211 0029 11.26 1 402 1 20140619110943 00078
00000213 2014 01 31 14:10 15:09 11 1211 0029 11.26 1 402 1 20140619110943 00078
00000214 2014 01 08 10:30 11:30 61 1111 0107 11.26 1 1220 1 20140619121158 00078
00000214 2014 01 15 10:30 11:30 61 1111 0107 11.26 1 1220 1 20140619121158 00078
00000214 2014 01 22 10:30 11:30 61 1111 0107 11.26 1 1220 1 20140619121158 00078
00000214 2014 01 29 10:30 11:30 61 1111 0107 11.26 1 1220 1 20140619121158 00078
00000215 2014 01 05 15:30 16:29 11 7311 0029 11.26 1 235 1 20140619122503 00078
00000215 2014 01 12 15:30 16:29 11 7311 0029 11.26 1 235 1 20140619122503 00078
00000215 2014 01 19 15:30 16:29 11 7311 0029 11.26 1 235 1 20140619122503 00078
00000215 2014 01 26 15:30 16:29 11 7311 0029 11.26 1 235 1 20140619122503 00078
00000216 2014 01 01 14:10 15:09 11 1211 0029 11.26 1 402 1 20140619141908 00078
00000216 2014 01 02 13:00 14:00 11 7311 0029 11.26 1 235 1 20140619141908 00078
00000216 2014 01 04 14:10 15:09 11 1211 0029 11.26 1 402 1 20140619141908 00078
00000216 2014 01 06 14:10 15:09 11 1211 0029 11.26 1 402 1 20140619141908 00078
00000216 2014 01 08 14:10 15:09 11 1211 0029 11.26 1 402 1 20140619141908 00078
00000216 2014 01 09 13:00 14:00 11 7311 0029 11.26 1 235 1 20140619141908 00078
00000216 2014 01 11 14:10 15:09 11 1211 0029 11.26 1 402 1 20140619141908 00078
00000216 2014 01 13 14:10 15:09 11 1211 0029 11.26 1 402 1 20140619141908 00078
00000216 2014 01 16 13:00 14:00 11 7311 0029 11.26 1 235 1 20140619141908 00078
00000216 2014 01 18 14:10 15:09 11 1211 0029 11.26 1 402 1 20140619141908 00078
00000216 2014 01 20 14:10 15:09 11 1211 0029 11.26 1 402 1 20140619141908 00078
00000216 2014 01 22 14:10 15:09 11 1211 0029 11.26 1 402 1 20140619141908 00078
00000216 2014 01 23 13:00 14:00 11 7311 0029 11.26 1 235 1 20140619141908 00078
00000216 2014 01 25 14:10 15:09 11 1211 0029 11.26 1 402 1 20140619141908 00078
00000216 2014 01 27 14:10 15:09 11 1211 0029 11.26 1 402 1 20140619141908 00078
00000216 2014 01 29 14:10 15:09 11 1211 0029 11.26 1 402 1 20140619141908 00078
00000216 2014 01 30 16:30 17:30 11 7311 0029 11.26 1 235 1 20140619141908 00078
00000218 2014 01 05 15:20 16:20 61 1321 0107 11.26 1 3870 1 20140619153209 00078
00000218 2014 01 08 15:20 16:20 61 1321 0107 11.26 1 3870 1 20140619153209 00078
00000218 2014 01 12 15:20 16:20 61 1321 0107 11.26 1 3870 1 20140619153209 00078
00000218 2014 01 18 15:20 16:20 61 1321 0107 11.26 1 3870 1 20140619153209 00078
00000218 2014 01 19 15:20 16:20 61 1321 0107 11.26 1 3870 1 20140619153209 00078
00000218 2014 01 22 15:20 16:20 61 1321 0107 11.26 1 3870 1 20140619153209 00078
00000218 2014 01 25 15:20 16:20 61 1321 0107 11.26 1 3870 1 20140619153209 00078
00000218 2014 01 26 15:20 16:20 61 1321 0107 11.26 1 3870 1 20140619153209 00078
00000218 2014 01 29 15:20 16:20 61 1321 0107 11.26 1 3870 1 20140619153209 00078
00000221 2014 01 02 10:30 11:30 61 1111 0107 11.26 1 1220 1 20140619155921 00078
00000221 2014 01 09 10:30 11:30 61 1111 0107 11.26 1 1220 1 20140619155921 00078
00000221 2014 01 30 10:30 11:30 61 1111 0107 11.26 1 1220 1 20140619155921 00078
00000226 2014 01 03 15:50 16:50 61 1211 0107 11.26 1 2440 1 20140619172925 00078
00000226 2014 01 07 15:50 16:50 61 1211 0107 11.26 1 2440 1 20140619172925 00078
00000226 2014 01 10 15:50 16:50 61 1211 0107 11.26 1 2440 1 20140619172925 00078
00000226 2014 01 14 15:50 16:50 61 1211 0107 11.26 1 2440 1 20140619172925 00078
00000226 2014 01 17 15:50 16:50 61 1211 0107 11.26 1 2440 1 20140619172925 00078
00000226 2014 01 21 15:50 16:50 61 1211 0107 11.26 1 2440 1 20140619172925 00078
00000226 2014 01 24 15:50 16:50 61 1211 0107 11.26 1 2440 1 20140619172925 00078
00000226 2014 01 28 15:50 16:50 61 1211 0107 11.26 1 2440 1 20140619172925 00078
00000226 2014 01 31 15:50 16:50 61 1211 0107 11.26 1 2440 1 20140619172925 00078
00000228 2014 01 08 16:30 17:30 61 1111 0107 11.26 1 1220 1 20140619174122 00078
00000228 2014 01 15 16:30 17:30 61 1111 0107 11.26 1 1220 1 20140619174122 00078
00000228 2014 01 22 16:30 17:30 61 1111 0107 11.26 1 1220 1 20140619174122 00078
00000228 2014 01 29 16:30 17:30 61 1111 0107 11.26 1 1220 1 20140619174122 00078
00000229 2014 01 02 10:00 11:00 61 1111 0107 11.26 1 1220 1 20140619175922 00078
00000229 2014 01 09 10:00 11:00 61 1111 0107 11.26 1 1220 1 20140619175922 00078
00000229 2014 01 16 10:00 11:00 61 1111 0107 11.26 1 1220 1 20140619175922 00078
00000229 2014 01 23 10:00 11:00 61 1111 0107 11.26 1 1220 1 20140619175922 00078
00000229 2014 01 30 10:00 11:00 61 1111 0107 11.26 1 1220 1 20140619175922 00078
00000230 2014 01 01 07:30 07:59 11 1112 0029 11.26 1 318 1 20140617213226 00049
00000230 2014 01 02 07:30 07:59 11 1112 0029 11.26 1 318 1 20140617213226 00049
00000230 2014 01 03 07:30 07:59 11 1112 0029 11.26 1 318 1 20140617213226 00049
00000230 2014 01 04 07:30 07:59 11 1112 0029 11.26 1 318 1 20140617213226 00049
00000230 2014 01 05 07:30 07:59 11 1112 0029 11.26 1 318 1 20140617213226 00049
00000230 2014 01 06 07:30 07:59 11 1112 0029 11.26 1 318 1 20140617213226 00049
00000230 2014 01 07 07:30 07:59 11 1112 0029 11.26 1 318 1 20140617213226 00049
00000230 2014 01 08 07:30 07:59 11 1112 0029 11.26 1 318 1 20140617213226 00049
00000230 2014 01 09 07:30 07:59 11 1112 0029 11.26 1 318 1 20140617213226 00049
00000230 2014 01 10 07:30 07:59 11 1112 0029 11.26 1 318 1 20140617213226 00049
00000230 2014 01 11 07:30 07:59 11 1112 0029 11.26 1 318 1 20140617213226 00049
00000230 2014 01 12 07:30 07:59 11 1112 0029 11.26 1 318 1 20140617213226 00049
00000230 2014 01 13 07:30 07:59 11 1112 0029 11.26 1 318 1 20140617213226 00049
00000230 2014 01 14 07:30 07:59 11 1112 0029 11.26 1 318 1 20140617213226 00049
00000230 2014 01 15 07:30 07:59 11 1112 0029 11.26 1 318 1 20140617213226 00049
00000230 2014 01 16 07:30 07:59 11 1112 0029 11.26 1 318 1 20140617213226 00049
00000230 2014 01 17 07:30 07:59 11 1112 0029 11.26 1 318 1 20140617213226 00049
00000230 2014 01 18 07:30 07:59 11 1112 0029 11.26 1 318 1 20140617213226 00049
00000230 2014 01 19 07:30 07:59 11 1112 0029 11.26 1 318 1 20140617213226 00049
00000230 2014 01 20 07:30 07:59 11 1112 0029 11.26 1 318 1 20140617213226 00049
00000230 2014 01 21 07:30 07:59 11 1112 0029 11.26 1 318 1 20140617213226 00049
00000230 2014 01 22 07:30 07:59 11 1112 0029 11.26 1 318 1 20140617213226 00049
00000230 2014 01 23 07:30 07:59 11 1112 0029 11.26 1 318 1 20140617213226 00049
00000230 2014 01 24 07:30 07:59 11 1112 0029 11.26 1 318 1 20140617213226 00049
00000230 2014 01 25 07:30 07:59 11 1112 0029 11.26 1 318 1 20140617213226 00049
00000230 2014 01 26 07:30 07:59 11 1112 0029 11.26 1 318 1 20140617213226 00049
00000230 2014 01 27 07:30 07:59 11 1112 0029 11.26 1 318 1 20140617213226 00049
00000230 2014 01 28 07:30 07:59 11 1112 0029 11.26 1 318 1 20140617213226 00049
00000230 2014 01 29 07:30 07:59 11 1112 0029 11.26 1 318 1 20140617213226 00049
00000230 2014 01 30 07:30 07:59 11 1112 0029 11.26 1 318 1 20140617213226 00049
00000230 2014 01 31 07:30 07:59 11 1112 0029 11.26 1 318 1 20140617213226 00049
00000231 2014 01 04 15:50 16:50 61 1321 0107 11.26 1 3870 1 20140617203854 00049
00000231 2014 01 06 15:50 16:50 61 1321 0107 11.26 1 3870 1 20140617203854 00049
00000231 2014 01 09 15:50 16:50 61 1321 0107 11.26 1 3870 1 20140617203854 00049
00000231 2014 01 11 15:50 16:50 61 1321 0107 11.26 1 3870 1 20140617203854 00049
00000231 2014 01 13 15:50 16:50 61 1321 0107 11.26 1 3870 1 20140617203854 00049
00000231 2014 01 18 15:50 16:50 61 1321 0107 11.26 1 3870 1 20140617203854 00049
00000231 2014 01 20 15:50 16:50 61 1321 0107 11.26 1 3870 1 20140617203854 00049
00000231 2014 01 24 15:50 16:50 61 1321 0107 11.26 1 3870 1 20140617203854 00049
00000231 2014 01 25 15:50 16:50 61 1321 0107 11.26 1 3870 1 20140617203854 00049
00000231 2014 01 27 15:50 16:50 61 1321 0107 11.26 1 3870 1 20140617203854 00049
00000233 2014 01 09 14:30 15:30 61 1111 0107 11.26 1 1220 1 20140617201717 00049
00000233 2014 01 16 14:30 15:30 61 1111 0107 11.26 1 1220 1 20140617201717 00049
00000233 2014 01 23 14:30 15:30 61 1111 0107 11.26 1 1220 1 20140617201717 00049
00000235 2014 01 06 13:00 13:59 11 7311 0029 11.26 1 235 1 20140617200440 00049
00000235 2014 01 13 15:10 16:09 11 7311 0029 11.26 1 235 1 20140617200440 00049
00000235 2014 01 20 13:00 13:59 11 7311 0029 11.26 1 235 1 20140617200440 00049
00000235 2014 01 27 13:00 13:59 11 7311 0029 11.26 1 235 1 20140617200440 00049
00000238 2014 01 06 13:30 14:15 61 1211 0107 11.26 1 2440 1 20140617194127 00049
00000238 2014 01 09 13:30 14:15 61 1211 0107 11.26 1 2440 1 20140617194127 00049
00000238 2014 01 13 13:30 14:15 61 1211 0107 11.26 1 2440 1 20140617194127 00049
00000238 2014 01 16 13:30 14:15 61 1211 0107 11.26 1 2440 1 20140617194127 00049
00000238 2014 01 20 13:30 14:15 61 1211 0107 11.26 1 2440 1 20140617194127 00049
00000238 2014 01 23 13:30 14:15 61 1211 0107 11.26 1 2440 1 20140617194127 00049
00000238 2014 01 27 13:30 14:15 61 1211 0107 11.26 1 2440 1 20140617194127 00049
00000238 2014 01 30 13:30 14:15 61 1211 0107 11.26 1 2440 1 20140617194127 00049
00000239 2014 01 06 11:15 12:15 61 1111 0107 11.26 1 1220 1 20140617192313 00049
00000239 2014 01 13 11:15 12:15 61 1111 0107 11.26 1 1220 1 20140617192313 00049
00000239 2014 01 20 11:15 12:15 61 1111 0107 11.26 1 1220 1 20140617192313 00049
00000239 2014 01 27 11:15 12:15 61 1111 0107 11.26 1 1220 1 20140617192313 00049
00000240 2014 01 11 08:40 09:09 11 7211 0029 11.26 1 190 1 20140617190730 00049
00000240 2014 01 12 08:40 09:09 11 7211 0029 11.26 1 190 1 20140617190730 00049
00000240 2014 01 13 08:40 09:09 11 7211 0029 11.26 1 190 1 20140617190730 00049
00000240 2014 01 14 08:40 09:09 11 7211 0029 11.26 1 190 1 20140617190730 00049
00000240 2014 01 15 08:40 09:09 11 7211 0029 11.26 1 190 1 20140617190730 00049
00000240 2014 01 15 15:00 15:59 11 7311 0029 11.26 1 235 1 20140617190730 00049
00000240 2014 01 16 08:40 09:09 11 7211 0029 11.26 1 190 1 20140617190730 00049
00000240 2014 01 17 08:40 09:09 11 7211 0029 11.26 1 190 1 20140617190730 00049
00000240 2014 01 18 08:40 09:09 11 7211 0029 11.26 1 190 1 20140617190730 00049
00000240 2014 01 19 08:40 09:09 11 7211 0029 11.26 1 190 1 20140617190730 00049
00000240 2014 01 20 08:40 09:09 11 7211 0029 11.26 1 190 1 20140617190730 00049
00000240 2014 01 21 08:40 09:09 11 7211 0029 11.26 1 190 1 20140617190730 00049
00000240 2014 01 22 08:40 09:09 11 7211 0029 11.26 1 190 1 20140617190730 00049
00000240 2014 01 22 15:20 16:19 11 7311 0029 11.26 1 235 1 20140617190730 00049
00000240 2014 01 23 08:40 09:09 11 7211 0029 11.26 1 190 1 20140617190730 00049
00000240 2014 01 24 08:40 09:09 11 7211 0029 11.26 1 190 1 20140617190730 00049
00000240 2014 01 25 08:40 09:09 11 7211 0029 11.26 1 190 1 20140617190730 00049
00000240 2014 01 26 08:40 09:09 11 7211 0029 11.26 1 190 1 20140617190730 00049
00000240 2014 01 27 08:40 09:09 11 7211 0029 11.26 1 190 1 20140617190730 00049
00000240 2014 01 28 08:40 09:09 11 7211 0029 11.26 1 190 1 20140617190730 00049
00000240 2014 01 29 08:40 09:09 11 7211 0029 11.26 1 190 1 20140617190730 00049
00000240 2014 01 30 08:40 09:09 11 7211 0029 11.26 1 190 1 20140617190730 00049
00000240 2014 01 31 08:40 09:09 11 7211 0029 11.26 1 190 1 20140617190730 00049
00000240 2014 01 31 13:00 13:59 11 7311 0029 11.26 1 235 1 20140617190730 00049
00000241 2014 01 09 11:15 11:45 61 1111 0107 11.26 1 1220 1 20140617183646 00049
00000241 2014 01 16 11:15 11:45 61 1111 0107 11.26 1 1220 1 20140617183646 00049
00000241 2014 01 23 11:15 11:45 61 1111 0107 11.26 1 1220 1 20140617183646 00049
00000241 2014 01 30 11:15 11:45 61 1111 0107 11.26 1 1220 1 20140617183646 00049
00000246 2014 01 05 14:10 15:00 61 1111 0107 11.26 1 1220 1 20140617180822 00049
00000246 2014 01 12 14:10 15:00 61 1111 0107 11.26 1 1220 1 20140617180822 00049
00000246 2014 01 19 14:10 15:00 61 1111 0107 11.26 1 1220 1 20140617180822 00049
00000246 2014 01 26 14:10 15:00 61 1111 0107 11.26 1 1220 1 20140617180822 00049
00000248 2014 01 02 18:20 19:19 11 1212 0029 11.26 1 503 1 20140617172359 00049
00000248 2014 01 05 13:00 13:44 11 7211 0029 11.26 1 190 1 20140617172359 00049
00000248 2014 01 06 18:20 19:19 11 1212 0029 11.26 1 503 1 20140617172359 00049
00000248 2014 01 11 14:50 15:34 11 7211 0029 11.26 1 190 1 20140617172359 00049
00000248 2014 01 16 18:20 19:19 11 1212 0029 11.26 1 503 1 20140617172359 00049
00000248 2014 01 18 14:50 15:34 11 7211 0029 11.26 1 190 1 20140617172359 00049
00000248 2014 01 20 15:20 16:19 11 1211 0029 11.26 1 402 1 20140617172359 00049
00000248 2014 01 25 14:50 15:34 11 7211 0029 11.26 1 190 1 20140617172359 00049
00000248 2014 01 27 15:20 16:19 11 1211 0029 11.26 1 402 1 20140617172359 00049
00000248 2014 01 30 15:20 16:19 11 1211 0029 11.26 1 402 1 20140617172359 00049
