00000162 2014 02 15 14:00 15:00 61 1211 0073 10.84 1 2440 1 20140617203105 00034
00000162 2014 02 18 15:15 16:15 61 1211 0073 10.84 1 2440 1 20140617203105 00034
00000162 2014 02 22 14:00 15:00 61 1211 0073 10.84 1 2440 1 20140617203105 00034
00000162 2014 02 25 15:15 16:15 61 1211 0073 10.84 1 2440 1 20140617203105 00034
00000162 2014 03 01 14:00 15:00 61 1211 0073 10.84 1 2440 1 20140617204950 00034
00000162 2014 03 04 15:15 16:15 61 1211 0073 10.84 1 2440 1 20140617204950 00034
00000162 2014 03 08 14:00 15:00 61 1211 0073 10.84 1 2440 1 20140617204950 00034
00000162 2014 03 11 15:15 16:15 61 1211 0073 10.84 1 2440 1 20140617204950 00034
00000162 2014 03 15 14:00 15:00 61 1211 0073 10.84 1 2440 1 20140617204950 00034
00000162 2014 03 18 15:15 16:15 61 1211 0073 10.84 1 2440 1 20140617204950 00034
00000162 2014 03 22 13:15 14:15 61 1211 0073 10.84 1 2440 1 20140617204950 00034
00000162 2015 04 06 13:00 14:00 11 4111 0070 11.12 1 312 1 20150428111235 00241
00000162 2015 04 13 13:00 14:00 11 4111 0070 11.12 1 312 1 20150428111235 00241
00000162 2015 04 20 13:00 14:00 11 4111 0070 11.12 1 312 1 20150428111235 00241
00000162 2015 04 27 13:00 14:00 11 4111 0070 11.12 1 312 1 20150428111235 00241
