00000042 0070 2013 06 _ 1 20140722174558 00034
00000042 0070 2013 09 _ 1 20140625181004 00034
00000042 0070 2013 10 _ 1 20140625181840 00034
00000042 0070 2013 11 _ 1 20140625182017 00034
00000042 0070 2013 12 _ 1 20140625182122 00034
00000042 0070 2014 01 _ 1 20140619190802 00034
00000042 0070 2014 02 _ 1 20140619190959 00034
00000042 0070 2014 03 _ 1 20140619191114 00034
00000042 0070 2014 04 _ 1 20140619191223 00034
00000042 0070 2014 05 _ 1 20140620145432 00034
00000042 0073 2012 04 _ 1 20140804122249 00034
00000042 0073 2012 05 _ 1 20140804122448 00034
00000042 0073 2012 06 _ 1 20140804122606 00034
00000042 0073 2012 07 _ 1 20140804122731 00034
00000042 0073 2012 08 _ 1 20140804122846 00034
00000042 0073 2012 09 _ 1 20140804133218 00034
00000042 0073 2012 10 _ 1 20140804133409 00034
00000042 0073 2012 11 _ 1 20140804133506 00034
00000042 0073 2012 12 _ 1 20140804133653 00034
00000042 0073 2013 01 _ 1 20140722173157 00034
00000042 0073 2013 02 _ 1 20140722173339 00034
00000042 0073 2013 03 _ 1 20140722173516 00034
00000042 0073 2013 04 _ 1 20140722173650 00034
00000042 0073 2013 05 _ 1 20140722173816 00034
00000042 0073 2013 06 _ 1 20140722174723 00034
00000042 0073 2013 07 _ 1 20140722174941 00034
00000042 0073 2013 08 _ 1 20140722175054 00034
00000042 0073 2014 05 _ 1 20140815170454 00034
00000042 0073 2014 06 _ 1 20140701101541 00078
00000042 0073 2014 07 _ 1 20140801185155 00077
00000042 0073 2014 08 _ 1 20140816174042 00038
