00000012 2012 06 00033 1 20140731103744 00078
00000012 2012 07 00033 1 20140731105443 00078
00000012 2012 08 00033 1 20140731105914 00078
00000012 2012 09 00033 1 20140731110327 00078
00000012 2012 10 00033 1 20140731110949 00078
00000012 2012 11 00033 1 20140731111908 00078
00000012 2012 12 00033 1 20140731112312 00078
00000012 2013 01 00033 1 20140717135854 00030
00000012 2013 02 00033 1 20140717141350 00030
00000012 2013 03 00033 1 20140717141610 00030
00000012 2013 04 00033 1 20140717141959 00030
00000012 2013 05 00033 1 20140717142430 00030
00000012 2013 06 00033 1 20140717143056 00030
00000012 2013 07 00033 1 20140717144227 00030
00000012 2013 08 00033 1 20140717145032 00030
00000012 2013 09 00033 1 20140625111100 00030
00000012 2013 11 00033 1 20140625113553 00030
00000012 2013 12 00033 1 20140625114037 00030
00000012 2014 01 00033 1 20140618155212 00078
00000012 2014 02 00033 1 20140618155243 00078
