00000135 2014 05 09 13:15 14:00 11 1211 0070 10.84 1 404 1 20140818182934 00034
00000135 2014 05 13 13:15 14:00 11 1211 0070 10.84 1 404 1 20140818182934 00034
00000135 2014 05 16 13:15 14:00 11 1211 0070 10.84 1 404 1 20140818182934 00034
00000135 2014 05 20 13:15 14:00 11 1211 0070 10.84 1 404 1 20140818182934 00034
00000135 2014 05 27 13:15 14:00 11 1211 0070 10.84 1 404 1 20140818182934 00034
00000135 2014 06 03 13:15 14:00 11 1211 0070 10.84 1 404 1 20140701102417 00078
00000135 2014 06 10 13:15 14:00 11 1211 0070 10.84 1 404 1 20140701102417 00078
00000135 2014 08 19 13:15 14:00 11 1211 0070 10.84 1 404 1 20140831174537 00014
00000135 2014 08 22 13:15 14:00 11 1211 0070 10.84 1 404 1 20140831174537 00014
00000135 2014 10 24 02:50 03:00 11 4847 0070 10.84 1 257 1 20141101105716 00034
00000135 2014 10 24 15:30 16:15 11 1211 0070 10.84 1 404 1 20141101105716 00034
00000135 2014 10 24 22:50 23:00 11 4847 0070 10.84 1 257 1 20141101105716 00034
00000135 2014 10 25 02:50 03:00 11 4847 0070 10.84 1 257 1 20141101105716 00034
00000135 2014 10 25 22:50 23:00 11 4847 0070 10.84 1 257 1 20141101105716 00034
00000135 2014 10 26 02:50 03:00 11 4847 0070 10.84 1 257 1 20141101105716 00034
00000135 2014 10 26 22:50 23:00 11 4847 0070 10.84 1 257 1 20141101105716 00034
00000135 2014 10 27 02:50 03:00 11 4847 0070 10.84 1 257 1 20141101105716 00034
00000135 2014 10 27 22:50 23:00 11 4847 0070 10.84 1 257 1 20141101105716 00034
00000135 2014 10 28 02:50 03:00 11 4847 0070 10.84 1 257 1 20141101105716 00034
00000135 2014 10 28 15:50 16:35 11 1211 0070 10.84 1 404 1 20141101105716 00034
00000135 2014 10 28 22:50 23:00 11 4847 0070 10.84 1 257 1 20141101105716 00034
00000135 2014 10 29 02:50 03:00 11 4847 0070 10.84 1 257 1 20141101105716 00034
00000135 2014 10 29 22:50 23:00 11 4847 0070 10.84 1 257 1 20141101105716 00034
00000135 2014 10 30 02:50 03:00 11 4847 0070 10.84 1 257 1 20141101105716 00034
00000135 2014 10 30 22:50 23:00 11 4847 0070 10.84 1 257 1 20141101105716 00034
00000135 2014 10 31 02:50 03:00 11 4847 0070 10.84 1 257 1 20141101105716 00034
00000135 2014 10 31 22:50 23:00 11 4847 0070 10.84 1 257 1 20141101105716 00034
00000135 2014 11 01 02:50 03:00 11 4847 0070 10.84 1 257 1 20141201105239 00034
00000135 2014 11 01 22:50 23:00 11 4847 0070 10.84 1 257 1 20141201105239 00034
00000135 2014 11 02 02:50 03:00 11 4847 0070 10.84 1 257 1 20141201105239 00034
00000135 2014 11 02 22:50 23:00 11 4847 0070 10.84 1 257 1 20141201105239 00034
00000135 2014 11 03 02:50 03:00 11 4847 0070 10.84 1 257 1 20141201105239 00034
00000135 2014 11 03 22:50 23:00 11 4847 0070 10.84 1 257 1 20141201105239 00034
00000135 2014 11 04 02:50 03:00 11 4847 0070 10.84 1 257 1 20141201105239 00034
00000135 2014 11 04 15:50 16:35 11 1211 0070 10.84 1 404 1 20141201105239 00034
00000135 2014 11 04 22:50 23:00 11 4847 0070 10.84 1 257 1 20141201105239 00034
00000135 2014 11 05 02:50 03:00 11 4847 0070 10.84 1 257 1 20141201105239 00034
00000135 2014 11 05 22:50 23:00 11 4847 0070 10.84 1 257 1 20141201105239 00034
00000135 2014 11 06 02:50 03:00 11 4847 0070 10.84 1 257 1 20141201105239 00034
00000135 2014 11 06 22:50 23:00 11 4847 0070 10.84 1 257 1 20141201105239 00034
00000135 2014 11 07 02:50 03:00 11 4847 0070 10.84 1 257 1 20141201105239 00034
00000135 2014 11 07 15:30 16:35 11 5111 0070 10.84 1 474 1 20141201105239 00034
00000135 2014 11 07 22:50 23:00 11 4847 0070 10.84 1 257 1 20141201105239 00034
00000135 2014 11 08 02:50 03:00 11 4847 0070 10.84 1 257 1 20141201105239 00034
00000135 2014 11 08 22:50 23:00 11 4847 0070 10.84 1 257 1 20141201105239 00034
00000135 2014 11 09 02:50 03:00 11 4847 0070 10.84 1 257 1 20141201105239 00034
00000135 2014 11 09 22:50 23:00 11 4847 0070 10.84 1 257 1 20141201105239 00034
00000135 2014 11 10 02:50 03:00 11 4847 0070 10.84 1 257 1 20141201105239 00034
00000135 2014 11 10 22:50 23:00 11 4847 0070 10.84 1 257 1 20141201105239 00034
00000135 2014 11 11 02:50 03:00 11 4847 0070 10.84 1 257 1 20141201105239 00034
00000135 2014 11 11 15:50 16:55 11 5111 0070 10.84 1 474 1 20141201105239 00034
00000135 2014 11 11 22:50 23:00 11 4847 0070 10.84 1 257 1 20141201105239 00034
00000135 2014 11 12 02:50 03:00 11 4847 0070 10.84 1 257 1 20141201105239 00034
00000135 2014 11 12 22:50 23:00 11 4847 0070 10.84 1 257 1 20141201105239 00034
00000135 2014 11 13 02:50 03:00 11 4847 0070 10.84 1 257 1 20141201105239 00034
00000135 2014 11 13 22:50 23:00 11 4847 0070 10.84 1 257 1 20141201105239 00034
00000135 2014 11 14 02:50 03:00 11 4847 0070 10.84 1 257 1 20141201105239 00034
00000135 2014 11 14 15:50 16:35 11 1211 0070 10.84 1 404 1 20141201105239 00034
00000135 2014 11 14 22:50 23:00 11 4847 0070 10.84 1 257 1 20141201105239 00034
00000135 2014 11 15 02:50 03:00 11 4847 0070 10.84 1 257 1 20141201105239 00034
00000135 2014 11 15 22:50 23:00 11 4847 0070 10.84 1 257 1 20141201105239 00034
00000135 2014 11 16 02:50 03:00 11 4847 0070 10.84 1 257 1 20141201105239 00034
00000135 2014 11 16 22:50 23:00 11 4847 0070 10.84 1 257 1 20141201105239 00034
00000135 2014 11 17 02:50 03:00 11 4847 0070 10.84 1 257 1 20141201105239 00034
00000135 2014 11 17 22:50 23:00 11 4847 0070 10.84 1 257 1 20141201105239 00034
00000135 2014 11 18 02:50 03:00 11 4847 0070 10.84 1 257 1 20141201105239 00034
00000135 2014 11 18 15:50 16:35 11 1211 0070 10.84 1 404 1 20141201105239 00034
00000135 2014 11 18 22:50 23:00 11 4847 0070 10.84 1 257 1 20141201105239 00034
00000135 2014 11 19 02:50 03:00 11 4847 0070 10.84 1 257 1 20141201105239 00034
00000135 2014 11 19 22:50 23:00 11 4847 0070 10.84 1 257 1 20141201105239 00034
00000135 2014 11 20 02:50 03:00 11 4847 0070 10.84 1 257 1 20141201105239 00034
00000135 2014 11 20 22:50 23:00 11 4847 0070 10.84 1 257 1 20141201105239 00034
00000135 2014 11 21 02:50 03:00 11 4847 0070 10.84 1 257 1 20141201105239 00034
00000135 2014 11 21 15:30 16:15 11 1211 0070 10.84 1 404 1 20141201105239 00034
00000135 2014 11 21 22:50 23:00 11 4847 0070 10.84 1 257 1 20141201105239 00034
00000135 2014 11 22 02:50 03:00 11 4847 0070 10.84 1 257 1 20141201105239 00034
00000135 2014 11 22 22:50 23:00 11 4847 0070 10.84 1 257 1 20141201105239 00034
00000135 2014 11 23 02:50 03:00 11 4847 0070 10.84 1 257 1 20141201105239 00034
00000135 2014 11 23 22:50 23:00 11 4847 0070 10.84 1 257 1 20141201105239 00034
00000135 2014 11 24 02:50 03:00 11 4847 0070 10.84 1 257 1 20141201105239 00034
00000135 2014 11 24 22:50 23:00 11 4847 0070 10.84 1 257 1 20141201105239 00034
00000135 2014 11 25 02:50 03:00 11 4847 0070 10.84 1 257 1 20141201105239 00034
00000135 2014 11 25 15:50 16:55 11 5111 0070 10.84 1 474 1 20141201105239 00034
00000135 2014 11 25 22:50 23:00 11 4847 0070 10.84 1 257 1 20141201105239 00034
00000135 2014 11 26 02:50 03:00 11 4847 0070 10.84 1 257 1 20141201105239 00034
00000135 2014 11 26 22:50 23:00 11 4847 0070 10.84 1 257 1 20141201105239 00034
00000135 2014 11 27 02:50 03:00 11 4847 0070 10.84 1 257 1 20141201105239 00034
00000135 2014 11 27 22:50 23:00 11 4847 0070 10.84 1 257 1 20141201105239 00034
00000135 2014 11 28 02:50 03:00 11 4847 0070 10.84 1 257 1 20141201105239 00034
00000135 2014 11 28 15:30 16:15 11 1211 0070 10.84 1 404 1 20141201105239 00034
00000135 2014 11 28 22:50 23:00 11 4847 0070 10.84 1 257 1 20141201105239 00034
00000135 2014 11 29 02:50 03:00 11 4847 0070 10.84 1 257 1 20141201105239 00034
00000135 2014 11 29 22:50 23:00 11 4847 0070 10.84 1 257 1 20141201105239 00034
00000135 2014 11 30 02:50 03:00 11 4847 0070 10.84 1 257 1 20141201105239 00034
00000135 2014 11 30 22:50 23:00 11 4847 0070 10.84 1 257 1 20141201105239 00034
