1 00000135 2014 05 11 0070 グランクレール・ケアサービス横浜 1211 身体介護２ 404 0 404 5 2020 0 2020 2020 0 10.84 21896 90 19706 2190 0 n n 0 1 20140818182934 00034
1 00000135 2014 06 11 0070 グランクレール・ケアサービス横浜 1211 身体介護２ 404 0 404 2 808 0 808 808 0 10.84 8758 90 7882 876 0 n n 0 1 20140701102417 00078
1 00000135 2014 08 11 0070 グランクレール・ケアサービス横浜 1211 身体介護２ 404 0 404 2 808 0 808 808 0 10.84 8758 90 7882 876 0 n n 0 1 20140831174537 00014
1 00000135 2014 10 11 0070 グランクレール・ケアサービス横浜 1211 身体介護２ 404 0 404 2 808 0 808 808 0 10.84 8758 90 7882 876 0 n n 0 1 20141101105716 00034
1 00000135 2014 11 11 0070 グランクレール・ケアサービス横浜 1211 身体介護２ 404 0 404 5 2020 0 2020 2020 0 10.84 21896 90 19706 2190 0 n n 0 1 20141201105239 00034
1 00000135 2014 12 11 0070 グランクレール・ケアサービス横浜 1211 身体介護２ 404 0 404 4 1616 0 1616 1616 0 10.84 17517 90 15765 1752 0 n n 0 1 20141210171726 00014
2 00000135 2014 05 11 0070 グランクレール・ケアサービス横浜 6271 訪問介護処遇改善加算Ⅰ 81 0 81 1 81 81 0.04 81 0 10.84 878 90 790 88 0 a g 0 1 20140818182934 00034
2 00000135 2014 06 11 0070 グランクレール・ケアサービス横浜 6271 訪問介護処遇改善加算Ⅰ 32 0 32 1 32 32 0.04 32 0 10.84 346 90 311 35 0 a g 0 1 20140701102417 00078
2 00000135 2014 08 11 0070 グランクレール・ケアサービス横浜 6271 訪問介護処遇改善加算Ⅰ 32 0 32 1 32 32 0.04 32 0 10.84 346 90 311 35 0 a g 0 1 20140831174537 00014
2 00000135 2014 10 11 0070 グランクレール・ケアサービス横浜 4847 身体介護０・深 257 0 257 16 4112 0 4112 4112 0 10.84 44574 90 40116 4458 0 n n 0 1 20141101105716 00034
2 00000135 2014 11 11 0070 グランクレール・ケアサービス横浜 4847 身体介護０・深 257 0 257 60 15420 0 15420 15420 0 10.84 167152 90 150436 16716 0 n n 0 1 20141201105239 00034
2 00000135 2014 12 11 0070 グランクレール・ケアサービス横浜 4847 身体介護０・深 257 0 257 62 15934 0 15934 15934 0 10.84 172724 90 155451 17273 0 n n 0 1 20141210171726 00014
3 00000135 2014 10 11 0070 グランクレール・ケアサービス横浜 6271 訪問介護処遇改善加算Ⅰ 197 0 197 1 197 197 0.04 197 0 10.84 2135 90 1921 214 0 a g 0 1 20141101105716 00034
3 00000135 2014 11 11 0070 グランクレール・ケアサービス横浜 5111 身体２生活１ 474 0 474 3 1422 0 1422 1422 0 10.84 15414 90 13872 1542 0 n n 0 1 20141201105239 00034
3 00000135 2014 12 11 0070 グランクレール・ケアサービス横浜 5111 身体２生活１ 474 0 474 5 2370 0 2370 2370 0 10.84 25690 90 23121 2569 0 n n 0 1 20141210171726 00014
4 00000135 2014 11 11 0070 グランクレール・ケアサービス横浜 6271 訪問介護処遇改善加算Ⅰ 754 0 754 1 754 754 0.04 754 0 10.84 8173 90 7355 818 0 a g 0 1 20141201105239 00034
4 00000135 2014 12 11 0070 グランクレール・ケアサービス横浜 6271 訪問介護処遇改善加算Ⅰ 797 0 797 1 797 797 0.04 797 0 10.84 8639 90 7775 864 0 a g 0 1 20141210171726 00014
