00000135 0070 2014 05 0000002 09 00019 _ 13:15 14:00 1 _ 0 1211 1 11 1 20140818182934 00034
00000135 0070 2014 05 0000003 13 00016 _ 13:15 14:00 1 _ 0 1211 1 11 1 20140818182934 00034
00000135 0070 2014 05 0000004 16 00017 _ 13:15 14:00 1 _ 0 1211 1 11 1 20140818182934 00034
00000135 0070 2014 05 0000005 20 00015 _ 13:15 14:00 1 _ 0 1211 1 11 1 20140818182934 00034
00000135 0070 2014 05 0000006 27 00015 _ 13:15 14:00 1 _ 0 1211 1 11 1 20140818182934 00034
00000135 0070 2014 06 0000002 03 00015 _ 13:15 14:00 1 _ 0 1211 1 11 1 20140701102417 00078
00000135 0070 2014 06 0000003 10 00083 _ 13:15 14:00 1 _ 0 1211 1 11 1 20140701102417 00078
00000135 0070 2014 08 0000004 19 00017 _ 13:15 14:00 1 _ 0 1211 1 11 1 20140831174537 00014
00000135 0070 2014 08 0000005 22 00093 _ 13:15 14:00 1 _ 0 1211 1 11 1 20140831174537 00014
00000135 0070 2014 10 0000006 24 00015 _ 02:50 03:00 1 _ 0 4847 1 11 1 20141101105716 00034
00000135 0070 2014 10 0000007 24 00092 _ 15:30 16:15 1 _ 0 1211 1 11 1 20141101105716 00034
00000135 0070 2014 10 0000008 24 00082 _ 22:50 23:00 1 _ 0 4847 1 11 1 20141101105716 00034
00000135 0070 2014 10 0000009 25 00216 _ 02:50 03:00 1 _ 0 4847 1 11 1 20141101105716 00034
00000135 0070 2014 10 0000010 25 00019 _ 22:50 23:00 1 _ 0 4847 1 11 1 20141101105716 00034
00000135 0070 2014 10 0000011 26 00019 _ 02:50 03:00 1 _ 0 4847 1 11 1 20141101105716 00034
00000135 0070 2014 10 0000012 26 00015 _ 22:50 23:00 1 _ 0 4847 1 11 1 20141101105716 00034
00000135 0070 2014 10 0000013 27 00015 _ 02:50 03:00 1 _ 0 4847 1 11 1 20141101105716 00034
00000135 0070 2014 10 0000014 27 00096 _ 22:50 23:00 1 _ 0 4847 1 11 1 20141101105716 00034
00000135 0070 2014 10 0000015 28 00096 _ 02:50 03:00 1 _ 0 4847 1 11 1 20141101105716 00034
00000135 0070 2014 10 0000016 28 00082 _ 15:50 16:35 1 _ 0 1211 1 11 1 20141101105716 00034
00000135 0070 2014 10 0000017 28 00017 _ 22:50 23:00 1 _ 0 4847 1 11 1 20141101105716 00034
00000135 0070 2014 10 0000018 29 00017 _ 02:50 03:00 1 _ 0 4847 1 11 1 20141101105716 00034
00000135 0070 2014 10 0000019 29 00216 _ 22:50 23:00 1 _ 0 4847 1 11 1 20141101105716 00034
00000135 0070 2014 10 0000020 30 00216 _ 02:50 03:00 1 _ 0 4847 1 11 1 20141101105716 00034
00000135 0070 2014 10 0000021 30 00083 _ 22:50 23:00 1 _ 0 4847 1 11 1 20141101105716 00034
00000135 0070 2014 10 0000022 31 00083 _ 02:50 03:00 1 _ 0 4847 1 11 1 20141101105716 00034
00000135 0070 2014 10 0000023 31 00015 _ 22:50 23:00 1 _ 0 4847 1 11 1 20141101105716 00034
00000135 0070 2014 10 0000024 28 _ _ _ _ _ _ 0 _ 1 11 9 20141101105218 00014
00000135 0070 2014 11 0000025 01 00015 _ 02:50 03:00 1 _ 0 4847 1 11 1 20141201105239 00034
00000135 0070 2014 11 0000026 01 00216 _ 22:50 23:00 1 _ 0 4847 1 11 1 20141201105239 00034
00000135 0070 2014 11 0000027 02 00216 _ 02:50 03:00 1 _ 0 4847 1 11 1 20141201105239 00034
00000135 0070 2014 11 0000028 02 00017 _ 22:50 23:00 1 _ 0 4847 1 11 1 20141201105239 00034
00000135 0070 2014 11 0000029 03 00017 _ 02:50 03:00 1 _ 0 4847 1 11 1 20141201105239 00034
00000135 0070 2014 11 0000030 03 00083 _ 22:50 23:00 1 _ 0 4847 1 11 1 20141201105239 00034
00000135 0070 2014 11 0000031 04 00083 _ 02:50 03:00 1 _ 0 4847 1 11 1 20141201105239 00034
00000135 0070 2014 11 0000032 04 00095 _ 15:50 16:35 1 _ 0 1211 1 11 1 20141201105239 00034
00000135 0070 2014 11 0000033 04 00216 _ 22:50 23:00 1 _ 0 4847 1 11 1 20141201105239 00034
00000135 0070 2014 11 0000034 05 00216 _ 02:50 03:00 1 _ 0 4847 1 11 1 20141201105239 00034
00000135 0070 2014 11 0000035 05 00092 _ 22:50 23:00 1 _ 0 4847 1 11 1 20141201105239 00034
00000135 0070 2014 11 0000036 06 00092 _ 02:50 03:00 1 _ 0 4847 1 11 1 20141201105239 00034
00000135 0070 2014 11 0000037 06 00082 _ 22:50 23:00 1 _ 0 4847 1 11 1 20141201105239 00034
00000135 0070 2014 11 0000038 07 00082 _ 02:50 03:00 1 _ 0 4847 1 11 1 20141201105239 00034
00000135 0070 2014 11 0000039 07 00014 _ 15:30 16:35 4 _ 0 5111 1 11 1 20141201105239 00034
00000135 0070 2014 11 0000040 07 00216 _ 22:50 23:00 1 _ 0 4847 1 11 1 20141201105239 00034
00000135 0070 2014 11 0000041 08 00216 _ 02:50 03:00 1 _ 0 4847 1 11 1 20141201105239 00034
00000135 0070 2014 11 0000042 08 00093 _ 22:50 23:00 1 _ 0 4847 1 11 1 20141201105239 00034
00000135 0070 2014 11 0000043 09 00093 _ 02:50 03:00 1 _ 0 4847 1 11 1 20141201105239 00034
00000135 0070 2014 11 0000044 09 00083 _ 22:50 23:00 1 _ 0 4847 1 11 1 20141201105239 00034
00000135 0070 2014 11 0000045 10 00083 _ 02:50 03:00 1 _ 0 4847 1 11 1 20141201105239 00034
00000135 0070 2014 11 0000046 10 00216 _ 22:50 23:00 1 _ 0 4847 1 11 1 20141201105239 00034
00000135 0070 2014 11 0000047 11 00216 _ 02:50 03:00 1 _ 0 4847 1 11 1 20141201105239 00034
00000135 0070 2014 11 0000048 11 00017 00092 15:50 16:55 4 _ 0 5111 1 11 1 20141201105239 00034
00000135 0070 2014 11 0000049 11 00016 _ 22:50 23:00 1 _ 0 4847 1 11 1 20141201105239 00034
00000135 0070 2014 11 0000050 12 00016 _ 02:50 03:00 1 _ 0 4847 1 11 1 20141201105239 00034
00000135 0070 2014 11 0000051 12 00092 _ 22:50 23:00 1 _ 0 4847 1 11 1 20141201105239 00034
00000135 0070 2014 11 0000052 13 00092 _ 02:50 03:00 1 _ 0 4847 1 11 1 20141201105239 00034
00000135 0070 2014 11 0000053 13 00216 _ 22:50 23:00 1 _ 0 4847 1 11 1 20141201105239 00034
00000135 0070 2014 11 0000054 14 00216 _ 02:50 03:00 1 _ 0 4847 1 11 1 20141201105239 00034
00000135 0070 2014 11 0000055 14 00082 _ 15:50 16:35 1 _ 0 1211 1 11 1 20141201105239 00034
00000135 0070 2014 11 0000056 14 00017 _ 22:50 23:00 1 _ 0 4847 1 11 1 20141201105239 00034
00000135 0070 2014 11 0000057 15 00017 _ 02:50 03:00 1 _ 0 4847 1 11 1 20141201105239 00034
00000135 0070 2014 11 0000058 15 00216 _ 22:50 23:00 1 _ 0 4847 1 11 1 20141201105239 00034
00000135 0070 2014 11 0000059 16 00093 _ 02:50 03:00 1 _ 0 4847 1 11 1 20141201105239 00034
00000135 0070 2014 11 0000060 16 00096 _ 22:50 23:00 1 _ 0 4847 1 11 1 20141201105239 00034
00000135 0070 2014 11 0000061 17 00096 _ 02:50 03:00 1 _ 0 4847 1 11 1 20141201105239 00034
00000135 0070 2014 11 0000062 17 00082 _ 22:50 23:00 1 _ 0 4847 1 11 1 20141201105239 00034
00000135 0070 2014 11 0000063 18 00082 _ 02:50 03:00 1 _ 0 4847 1 11 1 20141201105239 00034
00000135 0070 2014 11 0000064 18 00015 _ 15:50 16:35 1 _ 0 1211 1 11 1 20141201105239 00034
00000135 0070 2014 11 0000065 18 00216 _ 22:50 23:00 1 _ 0 4847 1 11 1 20141201105239 00034
00000135 0070 2014 11 0000066 19 00216 _ 02:50 03:00 1 _ 0 4847 1 11 1 20141201105239 00034
00000135 0070 2014 11 0000067 19 00083 _ 22:50 23:00 1 _ 0 4847 1 11 1 20141201105239 00034
00000135 0070 2014 11 0000068 20 00083 _ 02:50 03:00 1 _ 0 4847 1 11 1 20141201105239 00034
00000135 0070 2014 11 0000069 20 00019 _ 22:50 23:00 1 _ 0 4847 1 11 1 20141201105239 00034
00000135 0070 2014 11 0000070 21 00019 _ 02:50 03:00 1 _ 0 4847 1 11 1 20141201105239 00034
00000135 0070 2014 11 0000071 21 00092 _ 15:30 16:15 1 _ 0 1211 1 11 1 20141201105239 00034
00000135 0070 2014 11 0000072 21 00096 _ 22:50 23:00 1 _ 0 4847 1 11 1 20141201105239 00034
00000135 0070 2014 11 0000073 22 00096 _ 02:50 03:00 1 _ 0 4847 1 11 1 20141201105239 00034
00000135 0070 2014 11 0000074 22 00093 _ 22:50 23:00 1 _ 0 4847 1 11 1 20141201105239 00034
00000135 0070 2014 11 0000075 23 00093 _ 02:50 03:00 1 _ 0 4847 1 11 1 20141201105239 00034
00000135 0070 2014 11 0000076 23 00092 _ 22:50 23:00 1 _ 0 4847 1 11 1 20141201105239 00034
00000135 0070 2014 11 0000077 24 00092 _ 02:50 03:00 1 _ 0 4847 1 11 1 20141201105239 00034
00000135 0070 2014 11 0000078 24 00216 _ 22:50 23:00 1 _ 0 4847 1 11 1 20141201105239 00034
00000135 0070 2014 11 0000079 25 00216 _ 02:50 03:00 1 _ 0 4847 1 11 1 20141201105239 00034
00000135 0070 2014 11 0000080 25 00082 00015 15:50 16:55 4 _ 0 5111 1 11 1 20141201105239 00034
00000135 0070 2014 11 0000081 25 00019 _ 22:50 23:00 1 _ 0 4847 1 11 1 20141201105239 00034
00000135 0070 2014 11 0000082 26 00096 _ 02:50 03:00 1 _ 0 4847 1 11 1 20141201105239 00034
00000135 0070 2014 11 0000083 26 00015 _ 22:50 23:00 1 _ 0 4847 1 11 1 20141201105239 00034
00000135 0070 2014 11 0000084 27 00082 _ 02:50 03:00 1 _ 0 4847 1 11 1 20141201105239 00034
00000135 0070 2014 11 0000085 27 00017 _ 22:50 23:00 1 _ 0 4847 1 11 1 20141201105239 00034
00000135 0070 2014 11 0000086 28 00017 _ 02:50 03:00 1 _ 0 4847 1 11 1 20141201105239 00034
00000135 0070 2014 11 0000087 28 00093 _ 15:30 16:15 1 _ 0 1211 1 11 1 20141201105239 00034
00000135 0070 2014 11 0000088 28 00216 _ 22:50 23:00 1 _ 0 4847 1 11 1 20141201105239 00034
00000135 0070 2014 11 0000089 29 00216 _ 02:50 03:00 1 _ 0 4847 1 11 1 20141201105239 00034
00000135 0070 2014 11 0000090 29 00092 _ 22:50 23:00 1 _ 0 4847 1 11 1 20141201105239 00034
00000135 0070 2014 11 0000091 30 00092 _ 02:50 03:00 1 _ 0 4847 1 11 1 20141201105239 00034
00000135 0070 2014 11 0000092 30 00216 _ 22:50 23:00 1 _ 0 4847 1 11 1 20141201105239 00034
00000135 0070 2014 12 0000093 01 00015 _ 02:50 03:00 1 _ 0 4847 1 11 1 20141210171726 00014
00000135 0070 2014 12 0000094 01 00019 _ 22:50 23:00 1 _ 0 4847 1 11 1 20141210171726 00014
00000135 0070 2014 12 0000095 02 00019 _ 02:50 03:00 1 _ 0 4847 1 11 1 20141210171726 00014
00000135 0070 2014 12 0000096 02 00017 00095 15:50 16:55 4 _ 0 5111 1 11 1 20141210171726 00014
00000135 0070 2014 12 0000097 02 00216 _ 22:50 23:00 1 _ 0 4847 1 11 1 20141210171726 00014
00000135 0070 2014 12 0000098 03 00216 _ 02:50 03:00 1 _ 0 4847 1 11 1 20141210171726 00014
00000135 0070 2014 12 0000099 03 00017 _ 22:50 23:00 1 _ 0 4847 1 11 1 20141210171726 00014
00000135 0070 2014 12 0000100 04 00017 _ 02:50 03:00 1 _ 0 4847 1 11 1 20141210171726 00014
00000135 0070 2014 12 0000101 04 00096 _ 22:50 23:00 1 _ 0 4847 1 11 1 20141210171726 00014
00000135 0070 2014 12 0000102 05 00096 _ 02:50 03:00 1 _ 0 4847 1 11 1 20141210171726 00014
00000135 0070 2014 12 0000103 05 00083 _ 15:30 16:15 1 _ 0 1211 1 11 1 20141210171726 00014
00000135 0070 2014 12 0000104 05 00216 _ 22:50 23:00 1 _ 0 4847 1 11 1 20141210171726 00014
00000135 0070 2014 12 0000105 06 00216 _ 02:50 03:00 1 _ 0 4847 1 11 1 20141210171726 00014
00000135 0070 2014 12 0000106 06 00017 _ 22:50 23:00 1 _ 0 4847 1 11 1 20141210171726 00014
00000135 0070 2014 12 0000107 07 00017 _ 02:50 03:00 1 _ 0 4847 1 11 1 20141210171726 00014
00000135 0070 2014 12 0000108 07 00083 _ 22:50 23:00 1 _ 0 4847 1 11 1 20141210171726 00014
00000135 0070 2014 12 0000109 08 00083 _ 02:50 03:00 1 _ 0 4847 1 11 1 20141210171726 00014
00000135 0070 2014 12 0000110 08 00216 _ 22:50 23:00 1 _ 0 4847 1 11 1 20141210171726 00014
00000135 0070 2014 12 0000111 09 00216 _ 02:50 03:00 1 _ 0 4847 1 11 1 20141210171726 00014
00000135 0070 2014 12 0000112 09 00015 00214 15:30 16:35 4 _ 0 5111 1 11 1 20141210171726 00014
00000135 0070 2014 12 0000113 09 00016 _ 22:50 23:00 1 _ 0 4847 1 11 1 20141210171726 00014
00000135 0070 2014 12 0000114 10 00016 _ 02:50 03:00 1 _ 0 4847 1 11 1 20141210171726 00014
00000135 0070 2014 12 0000115 10 _ _ 22:50 23:00 1 _ 0 4847 1 11 1 20141210171726 00014
00000135 0070 2014 12 0000116 11 _ _ 02:50 03:00 1 _ 0 4847 1 11 1 20141210171726 00014
00000135 0070 2014 12 0000117 11 _ _ 22:50 23:00 1 _ 0 4847 1 11 1 20141210171726 00014
00000135 0070 2014 12 0000118 12 _ _ 02:50 03:00 1 _ 0 4847 1 11 1 20141210171726 00014
00000135 0070 2014 12 0000119 12 _ _ 15:30 16:15 1 _ 0 1211 1 11 1 20141210171726 00014
00000135 0070 2014 12 0000120 12 _ _ 22:50 23:00 1 _ 0 4847 1 11 1 20141210171726 00014
00000135 0070 2014 12 0000121 13 _ _ 02:50 03:00 1 _ 0 4847 1 11 1 20141210171726 00014
00000135 0070 2014 12 0000122 13 _ _ 22:50 23:00 1 _ 0 4847 1 11 1 20141210171726 00014
00000135 0070 2014 12 0000123 14 _ _ 02:50 03:00 1 _ 0 4847 1 11 1 20141210171726 00014
00000135 0070 2014 12 0000124 14 _ _ 22:50 23:00 1 _ 0 4847 1 11 1 20141210171726 00014
00000135 0070 2014 12 0000125 15 _ _ 02:50 03:00 1 _ 0 4847 1 11 1 20141210171726 00014
00000135 0070 2014 12 0000126 15 _ _ 22:50 23:00 1 _ 0 4847 1 11 1 20141210171726 00014
00000135 0070 2014 12 0000127 16 _ _ 02:50 03:00 1 _ 0 4847 1 11 1 20141210171726 00014
00000135 0070 2014 12 0000128 16 _ _ 15:50 16:55 4 _ 0 5111 1 11 1 20141210171726 00014
00000135 0070 2014 12 0000129 16 _ _ 22:50 23:00 1 _ 0 4847 1 11 1 20141210171726 00014
00000135 0070 2014 12 0000130 17 _ _ 02:50 03:00 1 _ 0 4847 1 11 1 20141210171726 00014
00000135 0070 2014 12 0000131 17 _ _ 22:50 23:00 1 _ 0 4847 1 11 1 20141210171726 00014
00000135 0070 2014 12 0000132 18 _ _ 02:50 03:00 1 _ 0 4847 1 11 1 20141210171726 00014
00000135 0070 2014 12 0000133 18 _ _ 22:50 23:00 1 _ 0 4847 1 11 1 20141210171726 00014
00000135 0070 2014 12 0000134 19 _ _ 02:50 03:00 1 _ 0 4847 1 11 1 20141210171726 00014
00000135 0070 2014 12 0000135 19 _ _ 15:30 16:15 1 _ 0 1211 1 11 1 20141210171726 00014
00000135 0070 2014 12 0000136 19 _ _ 22:50 23:00 1 _ 0 4847 1 11 1 20141210171726 00014
00000135 0070 2014 12 0000137 20 _ _ 02:50 03:00 1 _ 0 4847 1 11 1 20141210171726 00014
00000135 0070 2014 12 0000138 20 _ _ 22:50 23:00 1 _ 0 4847 1 11 1 20141210171726 00014
00000135 0070 2014 12 0000139 21 _ _ 02:50 03:00 1 _ 0 4847 1 11 1 20141210171726 00014
00000135 0070 2014 12 0000140 21 _ _ 22:50 23:00 1 _ 0 4847 1 11 1 20141210171726 00014
00000135 0070 2014 12 0000141 22 _ _ 02:50 03:00 1 _ 0 4847 1 11 1 20141210171726 00014
00000135 0070 2014 12 0000142 22 _ _ 22:50 23:00 1 _ 0 4847 1 11 1 20141210171726 00014
00000135 0070 2014 12 0000143 23 _ _ 02:50 03:00 1 _ 0 4847 1 11 1 20141210171726 00014
00000135 0070 2014 12 0000144 23 _ _ 15:50 16:55 4 _ 0 5111 1 11 1 20141210171726 00014
00000135 0070 2014 12 0000145 23 _ _ 22:50 23:00 1 _ 0 4847 1 11 1 20141210171726 00014
00000135 0070 2014 12 0000146 24 _ _ 02:50 03:00 1 _ 0 4847 1 11 1 20141210171726 00014
00000135 0070 2014 12 0000147 24 _ _ 22:50 23:00 1 _ 0 4847 1 11 1 20141210171726 00014
00000135 0070 2014 12 0000148 25 _ _ 02:50 03:00 1 _ 0 4847 1 11 1 20141210171726 00014
00000135 0070 2014 12 0000149 25 _ _ 22:50 23:00 1 _ 0 4847 1 11 1 20141210171726 00014
00000135 0070 2014 12 0000150 26 _ _ 02:50 03:00 1 _ 0 4847 1 11 1 20141210171726 00014
00000135 0070 2014 12 0000151 26 _ _ 15:30 16:15 1 _ 0 1211 1 11 1 20141210171726 00014
00000135 0070 2014 12 0000152 26 _ _ 22:50 23:00 1 _ 0 4847 1 11 1 20141210171726 00014
00000135 0070 2014 12 0000153 27 _ _ 02:50 03:00 1 _ 0 4847 1 11 1 20141210171726 00014
00000135 0070 2014 12 0000154 27 _ _ 22:50 23:00 1 _ 0 4847 1 11 1 20141210171726 00014
00000135 0070 2014 12 0000155 28 _ _ 02:50 03:00 1 _ 0 4847 1 11 1 20141210171726 00014
00000135 0070 2014 12 0000156 28 _ _ 22:50 23:00 1 _ 0 4847 1 11 1 20141210171726 00014
00000135 0070 2014 12 0000157 29 _ _ 02:50 03:00 1 _ 0 4847 1 11 1 20141210171726 00014
00000135 0070 2014 12 0000158 29 _ _ 22:50 23:00 1 _ 0 4847 1 11 1 20141210171726 00014
00000135 0070 2014 12 0000159 30 _ _ 02:50 03:00 1 _ 0 4847 1 11 1 20141210171726 00014
00000135 0070 2014 12 0000160 30 _ _ 15:50 16:55 4 _ 0 5111 1 11 1 20141210171726 00014
00000135 0070 2014 12 0000161 30 _ _ 22:50 23:00 1 _ 0 4847 1 11 1 20141210171726 00014
00000135 0070 2014 12 0000162 31 _ _ 02:50 03:00 1 _ 0 4847 1 11 1 20141210171726 00014
00000135 0070 2014 12 0000163 31 _ _ 22:50 23:00 1 _ 0 4847 1 11 1 20141210171726 00014
