00000218 0107 2014 06 0000002 03 00050 _ 13:30 14:30 _ _ 0 1321 1 61 1 20140701155334 00049
00000218 0107 2014 06 0000003 04 00051 _ 15:20 16:20 _ _ 0 1321 1 61 1 20140701155334 00049
00000218 0107 2014 06 0000004 07 00050 _ 15:30 16:30 _ _ 0 _ 1 61 9 20140614130422 00049
00000218 0107 2014 06 0000005 08 00054 _ 10:30 11:30 _ _ 0 _ 1 61 9 20140619122649 00049
00000218 0107 2014 06 0000006 11 00048 _ 15:20 16:20 _ _ 0 1321 1 61 1 20140701155334 00049
00000218 0107 2014 06 0000007 14 00050 _ 15:20 16:20 _ _ 0 1321 1 61 1 20140701155334 00049
00000218 0107 2014 06 0000008 15 00051 _ 10:30 11:30 _ _ 0 1321 1 61 1 20140701155334 00049
00000218 0107 2014 06 0000009 18 00049 _ 15:20 16:20 _ _ 0 1321 1 61 1 20140701155334 00049
00000218 0107 2014 06 0000010 21 00051 _ 16:20 17:20 _ _ 0 1321 1 61 1 20140701155334 00049
00000218 0107 2014 06 0000011 22 00050 _ 10:30 11:30 _ _ 0 _ 1 61 9 20140627122016 00050
00000218 0107 2014 06 0000012 25 00048 _ 15:20 16:20 _ _ 0 1321 1 61 1 20140701155334 00049
00000218 0107 2014 06 0000013 28 _ _ _ _ _ _ 0 _ 1 61 9 20140701131020 00049
00000218 0107 2014 06 0000014 29 00052 _ 10:30 11:30 _ _ 0 1321 1 61 1 20140701155334 00049
00000218 0107 2014 06 0000015 07 00050 _ 15:30 16:30 _ _ 0 1321 1 61 1 20140701155334 00049
00000218 0107 2014 06 0000016 08 00054 _ 10:30 11:30 _ _ 0 1321 1 61 1 20140701155334 00049
00000218 0107 2014 06 0000017 22 00050 _ 10:30 11:30 _ _ 0 1321 1 61 1 20140701155334 00049
00000218 0107 2014 06 0000018 22 _ _ 10:30 11:30 _ _ 0 _ 1 61 9 20140627122449 00050
00000218 0107 2014 07 0000019 02 00051 _ 15:20 16:19 _ _ 0 1321 1 61 1 20140802130135 00047
00000218 0107 2014 07 0000020 05 00048 _ 15:20 16:19 _ _ 0 1321 1 61 1 20140802130135 00047
00000218 0107 2014 07 0000021 06 00050 _ 09:30 10:29 _ _ 0 _ 1 61 9 20140707182129 00049
00000218 0107 2014 07 0000022 09 00050 _ 15:20 16:19 _ _ 0 1321 1 61 1 20140802130135 00047
00000218 0107 2014 07 0000023 12 00050 _ 15:20 16:19 _ _ 0 1321 1 61 1 20140802130135 00047
00000218 0107 2014 07 0000024 13 00054 _ 10:30 11:29 _ _ 0 1321 1 61 1 20140802130135 00047
00000218 0107 2014 07 0000025 16 00051 _ 15:20 16:19 _ _ 0 1321 1 61 1 20140802130135 00047
00000218 0107 2014 07 0000026 19 00051 _ 15:20 16:19 _ _ 0 1321 1 61 1 20140802130135 00047
00000218 0107 2014 07 0000027 20 00054 _ 10:30 11:29 _ _ 0 1321 1 61 1 20140802130135 00047
00000218 0107 2014 07 0000028 23 00050 _ 15:20 16:19 _ _ 0 1321 1 61 1 20140802130135 00047
00000218 0107 2014 07 0000029 26 00050 _ 15:20 16:19 _ _ 0 1321 1 61 1 20140802130135 00047
00000218 0107 2014 07 0000030 27 00048 _ 10:30 11:29 _ _ 0 1321 1 61 1 20140802130135 00047
00000218 0107 2014 07 0000031 30 00050 _ 15:20 16:19 _ _ 0 1321 1 61 1 20140802130135 00047
00000218 0107 2014 07 0000032 06 00050 _ 09:30 10:29 _ _ 0 1321 1 61 1 20140802130135 00047
00000218 0107 2014 08 0000033 02 00050 _ 15:20 16:19 _ _ 0 1321 1 61 1 20140812124224 00049
00000218 0107 2014 08 0000034 03 00054 _ 10:30 11:29 _ _ 0 1321 1 61 1 20140812124224 00049
00000218 0107 2014 08 0000035 06 00050 _ 15:20 16:19 _ _ 0 1321 1 61 1 20140812124224 00049
00000218 0107 2014 08 0000036 09 00048 _ 15:20 16:19 _ _ 0 1321 1 61 1 20140812124224 00049
00000218 0107 2014 08 0000037 10 00054 _ 10:30 11:29 _ _ 0 1321 1 61 1 20140812124224 00049
00000218 0107 2014 08 0000038 13 _ _ 15:20 16:19 _ _ 0 1321 1 61 1 20140812124224 00049
00000218 0107 2014 08 0000039 16 _ _ 15:20 16:19 _ _ 0 1321 1 61 1 20140812124224 00049
00000218 0107 2014 08 0000040 17 _ _ 10:30 11:29 _ _ 0 1321 1 61 1 20140812124224 00049
00000218 0107 2014 08 0000041 20 _ _ 15:20 16:19 _ _ 0 1321 1 61 1 20140812124224 00049
00000218 0107 2014 08 0000042 23 _ _ 15:20 16:19 _ _ 0 1321 1 61 1 20140812124224 00049
00000218 0107 2014 08 0000043 24 _ _ 10:30 11:29 _ _ 0 1321 1 61 1 20140812124224 00049
00000218 0107 2014 08 0000044 27 _ _ 15:20 16:19 _ _ 0 1321 1 61 1 20140812124224 00049
00000218 0107 2014 08 0000045 30 _ _ 15:20 16:19 _ _ 0 1321 1 61 1 20140812124224 00049
00000218 0107 2014 08 0000046 31 _ _ 10:30 11:29 _ _ 0 1321 1 61 1 20140812124224 00049
