1 00000002 2011 10 11 0070 グランクレール・ケアサービス横浜 7211 生活援助２ 229 0 229 5 1145 0 1145 1145 0 10.84 12411 90 11169 1242 0 n n 0 1 20141017135752 00077
1 00000007 2011 10 11 0070 グランクレール・ケアサービス横浜 1211 身体介護２ 402 0 402 4 1608 0 1608 1608 0 10.84 17430 90 15687 1743 0 n n 0 1 20141017142803 00077
1 00000011 2011 10 11 0070 グランクレール・ケアサービス横浜 4111 身体１生活１ 337 0 337 5 1685 0 1685 1685 0 10.84 18265 90 16438 1827 0 n n 0 1 20141017155346 00077
1 00000012 2011 10 11 0070 グランクレール・ケアサービス横浜 1111 身体介護１ 254 0 254 9 2286 0 2286 2286 0 10.84 24780 90 22302 2478 0 n n 0 1 20141017163540 00077
1 00000013 2011 10 11 0070 グランクレール・ケアサービス横浜 7311 生活援助３ 291 0 291 4 1164 0 1164 1164 0 10.84 12617 90 11355 1262 0 n n 0 1 20141017171311 00077
1 00000015 2011 10 11 0070 グランクレール・ケアサービス横浜 1311 身体介護３ 584 0 584 2 1168 0 1168 1168 0 10.84 12661 90 11394 1267 0 n n 0 1 20141017182635 00077
1 00000020 2011 10 11 0070 グランクレール・ケアサービス横浜 1211 身体介護２ 402 0 402 2 804 0 804 804 0 10.84 8715 90 7843 872 0 n n 0 1 20141020112757 00077
1 00000022 2011 10 11 0070 グランクレール・ケアサービス横浜 1111 身体介護１ 254 0 254 1 254 0 254 254 0 10.84 2753 90 2477 276 0 n n 0 1 20141020122855 00077
1 00000034 2011 10 11 0070 グランクレール・ケアサービス横浜 1211 身体介護２ 402 0 402 9 3618 0 3618 3618 0 10.84 39219 90 35297 3922 0 n n 0 1 20141103144923 00077
1 00000038 2011 10 11 0070 グランクレール・ケアサービス横浜 1111 身体介護１ 254 0 254 2 508 0 508 508 0 10.84 5506 90 4955 551 0 n n 0 1 20141103153629 00077
2 00000002 2011 10 11 0070 グランクレール・ケアサービス横浜 6271 訪問介護処遇改善加算Ⅰ 46 0 46 1 46 46 0.04 46 0 10.84 498 90 448 50 0 a g 0 1 20141017135752 00077
2 00000007 2011 10 11 0070 グランクレール・ケアサービス横浜 6271 訪問介護処遇改善加算Ⅰ 64 0 64 1 64 64 0.04 64 0 10.84 693 90 623 70 0 a g 0 1 20141017142803 00077
2 00000011 2011 10 11 0070 グランクレール・ケアサービス横浜 6271 訪問介護処遇改善加算Ⅰ 67 0 67 1 67 67 0.04 67 0 10.84 726 90 653 73 0 a g 0 1 20141017155346 00077
2 00000012 2011 10 11 0070 グランクレール・ケアサービス横浜 6271 訪問介護処遇改善加算Ⅰ 91 0 91 1 91 91 0.04 91 0 10.84 986 90 887 99 0 a g 0 1 20141017163540 00077
2 00000013 2011 10 11 0070 グランクレール・ケアサービス横浜 6271 訪問介護処遇改善加算Ⅰ 47 0 47 1 47 47 0.04 47 0 10.84 509 90 458 51 0 a g 0 1 20141017171311 00077
2 00000015 2011 10 11 0070 グランクレール・ケアサービス横浜 7211 生活援助２ 229 0 229 3 687 0 687 687 0 10.84 7447 90 6702 745 0 n n 0 1 20141017182635 00077
2 00000020 2011 10 11 0070 グランクレール・ケアサービス横浜 4111 身体１生活１ 337 0 337 1 337 0 337 337 0 10.84 3653 90 3287 366 0 n n 0 1 20141020112757 00077
2 00000022 2011 10 11 0070 グランクレール・ケアサービス横浜 1211 身体介護２ 402 0 402 3 1206 0 1206 1206 0 10.84 13073 90 11765 1308 0 n n 0 1 20141020122855 00077
3 00000015 2011 10 11 0070 グランクレール・ケアサービス横浜 6271 訪問介護処遇改善加算Ⅰ 74 0 74 1 74 74 0.04 74 0 10.84 802 90 721 81 0 a g 0 1 20141017182635 00077
3 00000020 2011 10 11 0070 グランクレール・ケアサービス横浜 7211 生活援助２ 229 0 229 6 1374 0 1374 1374 0 10.84 14894 90 13404 1490 0 n n 0 1 20141020112757 00077
3 00000022 2011 10 11 0070 グランクレール・ケアサービス横浜 6271 訪問介護処遇改善加算Ⅰ 58 0 58 1 58 58 0.04 58 0 10.84 628 90 565 63 0 a g 0 1 20141020122855 00077
4 00000020 2011 10 11 0070 グランクレール・ケアサービス横浜 6271 訪問介護処遇改善加算Ⅰ 101 0 101 1 101 101 0.04 101 0 10.84 1094 90 984 110 0 a g 0 1 20141020112757 00077
