00000097 0070 2013 08 0000037 05 00035 _ 16:20 18:00 4 _ 0 5111 1 11 1 20140728113339 00034
00000097 0070 2013 08 0000038 08 00037 _ 16:20 18:00 4 _ 0 5111 1 11 1 20140728113339 00034
00000097 0070 2013 08 0000039 12 00038 _ 16:20 18:00 4 _ 0 5111 1 11 1 20140728113339 00034
00000097 0070 2013 08 0000040 15 00038 _ 16:20 18:00 4 _ 0 5111 1 11 1 20140728113339 00034
00000097 0070 2013 08 0000041 19 00038 _ 16:20 18:00 4 _ 0 5111 1 11 1 20140728113339 00034
00000097 0070 2013 08 0000042 22 00038 _ 16:20 18:00 4 _ 0 5111 1 11 1 20140728113339 00034
00000097 0070 2013 08 0000043 26 00035 _ 16:20 18:00 4 _ 0 5111 1 11 1 20140728113339 00034
00000097 0070 2013 08 0000044 29 00038 _ 16:20 18:00 4 _ 0 5111 1 11 1 20140728113339 00034
00000097 0070 2013 09 0000035 02 00038 _ 16:20 18:00 _ _ 0 5111 1 11 1 20140630151716 00034
00000097 0070 2013 09 0000036 05 00038 _ 16:20 18:00 _ _ 0 5111 1 11 1 20140630151716 00034
