00000171 20140411 KihonCheckCheckList01 0 1 20140609220155 00013
00000171 20140411 KihonCheckCheckList02 0 1 20140609220155 00013
00000171 20140411 KihonCheckCheckList03 0 1 20140609220155 00013
00000171 20140411 KihonCheckCheckList04 0 1 20140609220155 00013
00000171 20140411 KihonCheckCheckList05 0 1 20140609220155 00013
00000171 20140411 KihonCheckCheckList06 2 1 20140609220155 00013
00000171 20140411 KihonCheckCheckList07 0 1 20140609220155 00013
00000171 20140411 KihonCheckCheckList08 2 1 20140609220155 00013
00000171 20140411 KihonCheckCheckList09 0 1 20140609220155 00013
00000171 20140411 KihonCheckCheckList10 2 1 20140609220155 00013
00000171 20140411 KihonCheckCheckList11 3 1 20140609220155 00013
00000171 20140411 KihonCheckCheckList12 0 1 20140609220155 00013
00000171 20140411 KihonCheckCheckList13 0 1 20140609220155 00013
00000171 20140411 KihonCheckCheckList14 0 1 20140609220155 00013
00000171 20140411 KihonCheckCheckList15 0 1 20140609220155 00013
00000171 20140411 KihonCheckCheckList16 0 1 20140609220155 00013
00000171 20140411 KihonCheckCheckList17 0 1 20140609220155 00013
00000171 20140411 KihonCheckCheckList18 0 1 20140609220155 00013
00000171 20140411 KihonCheckCheckList19 0 1 20140609220155 00013
00000171 20140411 KihonCheckCheckList20 0 1 20140609220155 00013
00000171 20140411 KihonCheckCheckList21 0 1 20140609220155 00013
00000171 20140411 KihonCheckCheckList22 0 1 20140609220155 00013
00000171 20140411 KihonCheckCheckList23 0 1 20140609220155 00013
00000171 20140411 KihonCheckCheckList24 0 1 20140609220155 00013
