00000219 2012 01 00032 1 20141124135555 00078
00000219 2012 02 00032 1 20141119185805 00078
00000219 2012 03 00032 1 20141119141920 00078
00000219 2012 04 00032 1 20140729172801 00078
00000219 2012 05 00032 1 20140729173406 00078
00000219 2012 06 00032 1 20140729173958 00078
00000219 2012 07 00032 1 20140729175110 00078
00000219 2012 08 00032 1 20140729175640 00078
00000219 2012 09 00032 1 20140729180058 00078
00000219 2012 10 00032 1 20140729180650 00078
00000219 2012 11 00032 1 20140729181116 00078
00000219 2012 12 00032 1 20140729181529 00078
00000219 2013 01 00032 1 20140709153315 00078
00000219 2013 02 00032 1 20140709153308 00078
00000219 2013 03 00032 1 20140709153658 00078
00000219 2013 04 00032 1 20140709154302 00078
