000012472015041 00001247 2015 04 06 61 1111 18:00 19:34 0048 1 1168 0 _ _ 1 1 20150410185702 161
000012472015041 00001247 2015 04 13 61 1111 18:00 19:34 0048 1 1168 0 _ _ 1 1 20150410185702 161
000012472015041 00001247 2015 04 20 61 1111 18:00 19:34 0048 1 1168 0 _ _ 1 1 20150410185702 161
000012472015041 00001247 2015 04 27 61 1111 18:00 19:34 0048 1 1168 0 _ _ 1 1 20150410185702 161
000012472015042 00001247 2015 04 01 61 1211 10:00 12:00 0073 1 2335 0 _ _ 1 1 20150410185702 161
000012472015042 00001247 2015 04 08 61 1211 10:00 12:00 0073 1 2335 0 _ _ 1 1 20150410185702 161
000012472015042 00001247 2015 04 15 61 1211 10:00 12:00 0073 1 2335 0 _ _ 1 1 20150410185702 161
000012472015042 00001247 2015 04 22 61 1211 10:00 12:00 0073 1 2335 0 _ _ 1 1 20150410185702 161
000012472015042 00001247 2015 04 29 61 1211 10:00 12:00 0073 1 2335 0 _ _ 1 1 20150410185702 161
000012472015043 00001247 2015 04 04 65 1121 13:30 15:00 0082 1 3377 0 _ _ 1 1 20150410185702 161
000012472015043 00001247 2015 04 05 65 1121 13:30 15:00 0082 1 3377 0 _ _ 1 1 20150410185702 161
000012472015043 00001247 2015 04 11 65 1121 13:30 15:00 0082 1 3377 0 _ _ 1 1 20150410185702 161
000012472015043 00001247 2015 04 12 65 1121 13:30 15:00 0082 1 3377 0 _ _ 1 1 20150410185702 161
000012472015043 00001247 2015 04 18 65 1121 13:30 15:00 0082 1 3377 0 _ _ 1 1 20150410185702 161
000012472015043 00001247 2015 04 19 65 1121 13:30 15:00 0082 1 3377 0 _ _ 1 1 20150410185702 161
000012472015043 00001247 2015 04 25 65 1121 13:30 15:00 0082 1 3377 0 _ _ 1 1 20150410185702 161
000012472015043 00001247 2015 04 26 65 1121 13:30 15:00 0082 1 3377 0 _ _ 1 1 20150410185702 161
000012472015051 00001247 2015 05 04 61 1111 18:00 19:34 0048 1 1168 0 _ _ 1 1 20150505133559 161
000012472015051 00001247 2015 05 11 61 1111 18:00 19:34 0048 1 1168 0 _ _ 1 1 20150505133559 161
000012472015051 00001247 2015 05 18 61 1111 18:00 19:34 0048 1 1168 0 _ _ 1 1 20150505133559 161
000012472015051 00001247 2015 05 25 61 1111 18:00 19:34 0048 1 1168 0 _ _ 1 1 20150505133559 161
000012472015052 00001247 2015 05 06 61 1211 10:00 12:00 0073 1 2335 0 _ _ 1 1 20150505133559 161
000012472015052 00001247 2015 05 13 61 1211 10:00 12:00 0073 1 2335 0 _ _ 1 1 20150505133559 161
000012472015052 00001247 2015 05 20 61 1211 10:00 12:00 0073 1 2335 0 _ _ 1 1 20150505133559 161
000012472015052 00001247 2015 05 27 61 1211 10:00 12:00 0073 1 2335 0 _ _ 1 1 20150505133559 161
000012472015053 00001247 2015 05 02 65 1121 13:30 15:00 0082 1 3377 0 _ _ 1 1 20150505133559 161
000012472015053 00001247 2015 05 03 65 1121 13:30 15:00 0082 1 3377 0 _ _ 1 1 20150505133559 161
000012472015053 00001247 2015 05 09 65 1121 13:30 15:00 0082 1 3377 0 _ _ 1 1 20150505133559 161
000012472015053 00001247 2015 05 10 65 1121 13:30 15:00 0082 1 3377 0 _ _ 1 1 20150505133559 161
000012472015053 00001247 2015 05 16 65 1121 13:30 15:00 0082 1 3377 0 _ _ 1 1 20150505133559 161
000012472015053 00001247 2015 05 17 65 1121 13:30 15:00 0082 1 3377 0 _ _ 1 1 20150505133559 161
000012472015053 00001247 2015 05 23 65 1121 13:30 15:00 0082 1 3377 0 _ _ 1 1 20150505133559 161
000012472015053 00001247 2015 05 24 65 1121 13:30 15:00 0082 1 3377 0 _ _ 1 1 20150505133559 161
000012472015053 00001247 2015 05 30 65 1121 13:30 15:00 0082 1 3377 0 _ _ 1 1 20150505133559 161
000012472015053 00001247 2015 05 31 65 1121 13:30 15:00 0082 1 3377 0 _ _ 1 1 20150505133559 161
