00000150 2014 06 03 14:00 14:59 61 1211 0073 10.84 1 2452 1 20140701162522 00034
00000150 2014 06 10 14:00 14:59 61 1211 0073 10.84 1 2452 1 20140701162522 00034
00000150 2014 06 13 14:00 14:59 61 1211 0073 10.84 1 2452 1 20140701162522 00034
00000150 2014 06 17 14:00 14:59 61 1211 0073 10.84 1 2452 1 20140701162522 00034
00000150 2014 06 20 14:00 14:59 61 1211 0073 10.84 1 2452 1 20140701162522 00034
00000150 2014 06 24 14:00 14:59 61 1211 0073 10.84 1 2452 1 20140701162522 00034
00000150 2014 06 27 14:00 14:59 61 1211 0073 10.84 1 2452 1 20140701162522 00034
00000150 2014 06 27 14:00 15:59 61 1211 0073 10.84 1 2452 1 20140701101857 00078
00000150 2014 07 01 14:00 14:59 61 1211 0073 10.84 1 2452 1 20140731103411 00035
00000150 2014 07 04 14:00 14:59 61 1211 0073 10.84 1 2452 1 20140731103411 00035
00000150 2014 07 08 14:00 14:59 61 1211 0073 10.84 1 2452 1 20140731103411 00035
00000150 2014 07 15 14:00 14:59 61 1211 0073 10.84 1 2452 1 20140731103411 00035
00000150 2014 07 18 14:00 14:59 61 1211 0073 10.84 1 2452 1 20140731103411 00035
00000150 2014 07 22 14:00 14:59 61 1211 0073 10.84 1 2452 1 20140731103411 00035
00000150 2014 07 25 14:00 14:59 61 1211 0073 10.84 1 2452 1 20140731103411 00035
00000150 2014 07 29 14:00 14:59 61 1211 0073 10.84 1 2452 1 20140731103411 00035
