000001352014051 00000135 2014 05 09 11 1211 1 13:15 14:00 0070 1 404 0 _ _ 1 20140818182956 24
000001352014051 00000135 2014 05 13 11 1211 1 13:15 14:00 0070 1 404 0 _ _ 1 20140818182956 24
000001352014051 00000135 2014 05 16 11 1211 1 13:15 14:00 0070 1 404 0 _ _ 1 20140818182956 24
000001352014051 00000135 2014 05 20 11 1211 1 13:15 14:00 0070 1 404 0 _ _ 1 20140818182956 24
000001352014051 00000135 2014 05 27 11 1211 1 13:15 14:00 0070 1 404 0 _ _ 1 20140818182956 24
000001352014052 00000135 2014 05 09 11 4001 1 13:15 14:00 0070 1 200 0 _ _ 1 20140818182956 24
000001352014053 00000135 2014 05 01 17 1001 1 _ _ 0065 1 700 0 _ _ 1 20140818182956 24
000001352014061 00000135 2014 06 03 11 1211 1 13:15 14:00 0070 1 404 0 _ _ 1 20140703180530 11
000001352014061 00000135 2014 06 10 11 1211 1 13:15 14:00 0070 1 404 0 _ _ 1 20140703180530 11
000001352014062 00000135 2014 06 01 17 1001 1 _ _ 0065 1 350 0 _ _ 1 20140703180530 11
