1 00000201 2011 08 11 0029 グランクレール・ケアサービス馬事公苑 1211 身体介護２ 402 0 402 9 3618 0 3618 3618 0 11.26 40738 90 36664 4074 0 n n 0 1 20141128140252 00078
1 00000202 2011 08 11 0029 グランクレール・ケアサービス馬事公苑 1111 身体介護１ 254 0 254 78 19812 0 19812 19812 0 11.26 223083 90 200774 22309 0 n n 0 1 20141128164819 00078
1 00000203 2011 08 11 0029 グランクレール・ケアサービス馬事公苑 1111 身体介護１ 254 0 254 18 4572 0 4572 4572 0 11.26 51480 90 46332 5148 0 n n 0 1 20141130105206 00078
1 00000204 2011 08 11 0029 グランクレール・ケアサービス馬事公苑 1111 身体介護１ 254 0 254 33 8382 0 8382 8382 0 11.26 94381 90 84942 9439 0 n n 0 1 20141130111004 00078
1 00000205 2011 08 11 0029 グランクレール・ケアサービス馬事公苑 1311 身体介護３ 584 0 584 7 4088 0 4088 4088 0 11.26 46030 90 41427 4603 0 n n 0 1 20141130111244 00078
1 00000206 2011 08 11 0029 グランクレール・ケアサービス馬事公苑 1211 身体介護２ 402 0 402 12 4824 0 4824 4824 0 11.26 54318 90 48886 5432 0 n n 0 1 20141130111855 00078
1 00000210 2011 08 11 0029 グランクレール・ケアサービス馬事公苑 7211 生活援助２ 229 0 229 6 1374 0 1374 1374 0 11.26 15471 90 13923 1548 0 n n 0 1 20141130112436 00078
1 00000213 2011 08 11 0029 グランクレール・ケアサービス馬事公苑 1211 身体介護２ 402 0 402 9 3618 0 3618 3618 0 11.26 40738 90 36664 4074 0 n n 0 1 20141130113349 00078
2 00000201 2011 08 11 0029 グランクレール・ケアサービス馬事公苑 7211 生活援助２ 229 0 229 4 916 0 916 916 0 11.26 10314 90 9282 1032 0 n n 0 1 20141128140252 00078
2 00000202 2011 08 11 0029 グランクレール・ケアサービス馬事公苑 1112 身体介護１・夜 318 0 318 31 9858 0 9858 9858 0 11.26 111001 90 99900 11101 0 n n 0 1 20141128164819 00078
2 00000203 2011 08 11 0029 グランクレール・ケアサービス馬事公苑 1112 身体介護１・夜 318 0 318 28 8904 0 8904 8904 0 11.26 100259 90 90233 10026 0 n n 0 1 20141130105206 00078
2 00000204 2011 08 11 0029 グランクレール・ケアサービス馬事公苑 1112 身体介護１・夜 318 0 318 31 9858 0 9858 9858 0 11.26 111001 90 99900 11101 0 n n 0 1 20141130111004 00078
2 00000205 2011 08 11 0029 グランクレール・ケアサービス馬事公苑 7211 生活援助２ 229 0 229 2 458 0 458 458 0 11.26 5157 90 4641 516 0 n n 0 1 20141130111244 00078
2 00000206 2011 08 11 0029 グランクレール・ケアサービス馬事公苑 7311 生活援助３ 291 0 291 7 2037 0 2037 2037 0 11.26 22936 90 20642 2294 0 n n 0 1 20141130111855 00078
2 00000213 2011 08 11 0029 グランクレール・ケアサービス馬事公苑 7211 生活援助２ 229 0 229 9 2061 0 2061 2061 0 11.26 23206 90 20885 2321 0 n n 0 1 20141130113349 00078
3 00000202 2011 08 11 0029 グランクレール・ケアサービス馬事公苑 1221 身体介護２・２人 804 0 804 12 9648 0 9648 6160 3488 11.26 69361 90 62424 6937 39275 n n 0 1 20141128164819 00078
3 00000203 2011 08 11 0029 グランクレール・ケアサービス馬事公苑 1211 身体介護２ 402 0 402 3 1206 0 1206 1206 0 11.26 13579 90 12221 1358 0 n n 0 1 20141130105206 00078
3 00000204 2011 08 11 0029 グランクレール・ケアサービス馬事公苑 4111 身体１生活１ 337 0 337 9 3033 0 3033 1240 1793 11.26 13962 90 12565 1397 20189 n n 0 1 20141130111004 00078
3 00000205 2011 08 11 0029 グランクレール・ケアサービス馬事公苑 7311 生活援助３ 291 0 291 2 582 0 582 582 0 11.26 6553 90 5897 656 0 n n 0 1 20141130111244 00078
4 00000203 2011 08 11 0029 グランクレール・ケアサービス馬事公苑 4111 身体１生活１ 337 0 337 38 12806 0 12806 12806 0 11.26 144195 90 129775 14420 0 n n 0 1 20141130105206 00078
