00000062 0070 2013 08 1 1 20140724115110 00078
00000062 0070 2013 09 1 1 20140626164916 00034
00000062 0070 2013 10 1 1 20140626165612 00034
00000062 0070 2013 11 1 1 20140626170240 00034
00000062 0070 2013 12 1 1 20140626170934 00034
00000062 0070 2014 01 1 1 20140612165935 00034
00000062 0070 2014 02 1 1 20140612171009 00034
00000062 0070 2014 03 1 1 20140612172017 00034
00000062 0070 2014 04 1 1 20140612172736 00034
00000062 0070 2014 05 _ 1 20140811162227 24
00000062 0070 2014 06 _ 1 20140702163441 24
00000062 0070 2014 07 1 1 20140731093610 00035
00000062 0070 2014 08 _ 1 20140817185049 00035
