00000062 0070 2013 08 0000041 25 00035 _ 14:00 15:00 2 _ 0 7311 1 11 1 20140724115110 00078
00000062 0070 2013 09 0000022 01 00035 _ 14:00 15:00 _ _ 0 7311 1 11 1 20140626164916 00034
00000062 0070 2013 09 0000023 08 00038 _ 14:00 15:00 _ _ 0 7311 1 11 1 20140626164916 00034
00000062 0070 2013 09 0000024 15 00035 _ 14:00 15:00 _ _ 0 7311 1 11 1 20140626164916 00034
00000062 0070 2013 09 0000025 22 00035 _ 14:00 15:00 _ _ 0 7311 1 11 1 20140626164916 00034
00000062 0070 2013 09 0000026 29 00037 _ 14:00 15:00 _ _ 0 7311 1 11 1 20140626164916 00034
00000062 0070 2013 10 0000027 06 00035 _ 14:00 15:00 _ _ 0 7311 1 11 1 20140626165612 00034
00000062 0070 2013 10 0000028 13 00038 _ 14:00 15:00 _ _ 0 7311 1 11 1 20140626165612 00034
00000062 0070 2013 10 0000029 20 00037 _ 14:00 15:00 _ _ 0 7311 1 11 1 20140626165612 00034
00000062 0070 2013 10 0000030 27 00037 _ 14:00 15:00 _ _ 0 7311 1 11 1 20140626165612 00034
00000062 0070 2013 11 0000031 03 00038 _ 14:00 15:00 _ _ 0 7311 1 11 1 20140626170240 00034
00000062 0070 2013 11 0000032 10 00035 _ 14:00 15:00 _ _ 0 7311 1 11 1 20140626170240 00034
00000062 0070 2013 11 0000033 17 00037 _ 14:00 15:00 _ _ 0 7311 1 11 1 20140626170240 00034
00000062 0070 2013 11 0000034 24 00038 _ 14:00 15:00 _ _ 0 7311 1 11 1 20140626170240 00034
00000062 0070 2013 12 0000035 01 00035 _ 14:00 15:00 _ _ 0 7311 1 11 1 20140626170934 00034
00000062 0070 2013 12 0000036 07 00038 _ 17:00 18:00 _ _ 0 7311 1 11 1 20140626170934 00034
00000062 0070 2013 12 0000037 15 00037 _ 14:00 15:00 _ _ 0 7311 1 11 1 20140626170934 00034
00000062 0070 2013 12 0000038 22 00035 _ 14:00 15:00 _ _ 0 7311 1 11 1 20140626170934 00034
00000062 0070 2013 12 0000039 29 00037 _ 14:00 15:00 _ _ 0 7311 1 11 1 20140626170934 00034
00000062 0070 2014 01 0000002 05 00038 _ 14:00 15:00 _ _ 0 7311 1 11 1 20140612165935 00034
00000062 0070 2014 01 0000003 12 00038 _ 14:00 15:00 _ _ 0 7311 1 11 1 20140612165935 00034
00000062 0070 2014 01 0000004 19 00037 _ 14:00 15:00 _ _ 0 7311 1 11 1 20140612165935 00034
00000062 0070 2014 01 0000005 26 00035 _ 14:00 15:00 _ _ 0 7311 1 11 1 20140612165935 00034
00000062 0070 2014 02 0000006 02 00037 _ 14:00 15:00 _ _ 0 7311 1 11 1 20140612171009 00034
00000062 0070 2014 02 0000007 09 00037 _ 14:00 15:00 _ _ 0 7311 1 11 1 20140612171009 00034
00000062 0070 2014 02 0000008 16 00035 _ 14:00 15:00 _ _ 0 7311 1 11 1 20140612171009 00034
00000062 0070 2014 02 0000009 23 00038 _ 14:00 15:00 _ _ 0 7311 1 11 1 20140612171009 00034
00000062 0070 2014 03 0000010 02 00037 _ 14:00 15:00 _ _ 0 7311 1 11 1 20140612172017 00034
00000062 0070 2014 03 0000011 09 00035 _ 14:00 15:00 _ _ 0 7311 1 11 1 20140612172017 00034
00000062 0070 2014 03 0000012 16 00037 _ 14:00 15:00 _ _ 0 7311 1 11 1 20140612172017 00034
00000062 0070 2014 03 0000013 23 00035 _ 14:00 15:00 _ _ 0 7311 1 11 1 20140612172017 00034
00000062 0070 2014 03 0000014 30 00038 _ 14:00 15:00 _ _ 0 7311 1 11 1 20140612172017 00034
00000062 0070 2014 04 0000015 06 00037 _ 14:00 15:00 _ _ 0 7311 1 11 1 20140612172736 00034
00000062 0070 2014 04 0000016 13 00038 _ 14:00 15:00 _ _ 0 7311 1 11 1 20140612172736 00034
00000062 0070 2014 04 0000017 20 00037 _ 14:00 15:00 _ _ 0 7311 1 11 1 20140612172736 00034
00000062 0070 2014 04 0000018 27 00037 _ 14:00 15:00 _ _ 0 7311 1 11 1 20140612172736 00034
00000062 0070 2014 05 0000019 04 00038 _ 14:00 15:00 _ _ 0 7311 1 11 1 20140626182426 00078
00000062 0070 2014 05 0000020 11 00037 _ 14:00 15:00 _ _ 0 7311 1 11 1 20140626182426 00078
00000062 0070 2014 05 0000021 18 00035 _ 14:00 15:00 _ _ 0 7311 1 11 1 20140626182426 00078
00000062 0070 2014 05 0000040 25 00034 _ 14:00 15:00 _ _ 0 7311 1 11 1 20140626182426 00078
00000062 0070 2014 06 0000002 01 00035 _ 14:00 14:59 2 _ 0 7311 1 11 1 20140701100853 00078
00000062 0070 2014 06 0000003 08 00038 _ 14:00 14:59 2 _ 0 7311 1 11 1 20140701100853 00078
00000062 0070 2014 06 0000004 15 00035 _ 14:00 14:59 2 _ 0 7311 1 11 1 20140701100853 00078
00000062 0070 2014 06 0000005 22 00037 _ 14:00 14:59 2 _ 0 7311 1 11 1 20140701100853 00078
00000062 0070 2014 06 0000006 29 00037 _ 14:00 14:59 2 _ 0 7311 1 11 1 20140701100853 00078
00000062 0070 2014 07 0000007 06 00037 _ 14:00 14:59 2 _ 0 7311 1 11 1 20140731093610 00035
00000062 0070 2014 07 0000008 13 00037 _ 14:00 14:59 2 _ 0 7311 1 11 1 20140731093610 00035
00000062 0070 2014 07 0000009 20 00038 _ 14:00 14:59 2 _ 0 7311 1 11 1 20140731093610 00035
00000062 0070 2014 07 0000010 27 00035 _ 14:00 14:59 2 _ 0 7311 1 11 1 20140731093610 00035
00000062 0070 2014 08 0000011 03 00037 _ 14:00 14:59 2 _ 0 7311 1 11 1 20140817185049 00035
00000062 0070 2014 08 0000012 10 00038 _ 14:00 14:59 2 _ 0 7311 1 11 1 20140817185049 00035
00000062 0070 2014 08 0000013 17 00035 _ 14:00 14:59 2 _ 0 7311 1 11 1 20140817185049 00035
