00000316 00002 00002 05 _ _ _ 1 0 0 0 _ _ 0 0 1 20140830123622 00034
00000316 00002 00003 05 26 8 平成26年8月30日 2 0 1 0 _ _ 0 3 1 20140830123622 00034
00000316 00002 00004 05 _ _ _ 1 0 0 0 _ _ 0 0 1 20140830123622 00034
00000316 00003 00002 05 _ _ _ 1 0 0 0 _ _ 0 0 1 20140830124943 00034
00000316 00003 00003 05 26 8 平成26年8月30日 2 0 1 0 _ 4日（月）ベッドサイドのパイプハンガーが倒れることあり。ヘルパーから少し衣類をしまうようにお話しています。18日（月）ふらふらしていつもと違うとおっしゃるので、血圧を測りましたが、135/86でした。いつもより少し高いとのことでした。25日（月）浴槽のまたぎが不安だと訴えがありました。あまり足も上がらず、手で足を持ち上げてまたいでる様子。具体的にヘルパーにお願いしたいというような訴えはありませんでした。足の腫れがまだありますが、痛みはない様子。 0 3 1 20140830124943 00034
00000316 00003 00004 05 _ _ _ 1 0 0 0 _ _ 0 0 1 20140830124943 00034
00000316 00004 00002 05 _ _ _ 1 0 0 0 _ _ 0 0 1 20140830125628 00034
00000316 00004 00003 05 26 8 平成26年8月30日 2 0 1 0 _ 4日（月）ベッドサイドのパイプハンガーが倒れることあり。ヘルパーから少し衣類をしまうようにお話しています。18日（月）ふらふらしていつもと違うとおっしゃるので、血圧を測りましたが、135/86でした。いつもより少し高いとのことでした。25日（月）浴槽のまたぎが不安だと訴えがありました。あまり足も上がらず、手で足を持ち上げてまたいでる様子。具体的にヘルパーにお願いしたいというような訴えはありませんでした。足の腫れがまだありますが、痛みはない様子。28日（木）トイレが詰まっていました。施設のフロントスタッフに伝え、業者に来て頂くことになっています。掃除、買物代行共にプラン通りに行うことができています。 0 3 1 20140830125628 00034
00000316 00004 00004 05 _ _ _ 1 0 0 0 _ _ 0 0 1 20140830125628 00034
00000316 00005 00002 05 _ _ _ 1 0 0 0 _ _ 0 0 1 20140830125653 00034
00000316 00005 00003 05 26 8 平成26年8月30日 2 0 1 0 _ 4日（月）ベッドサイドのパイプハンガーが倒れることあり。ヘルパーから少し衣類をしまうようにお話しています。18日（月）ふらふらしていつもと違うとおっしゃるので、血圧を測りましたが、135/86でした。いつもより少し高いとのことでした。25日（月）浴槽のまたぎが不安だと訴えがありました。あまり足も上がらず、手で足を持ち上げてまたいでる様子。具体的にヘルパーにお願いしたいというような訴えはありませんでした。足の腫れがまだありますが、痛みはない様子。28日（木）トイレが詰まっていました。施設のフロントスタッフに伝え、業者に来て頂くことになっています。掃除、買物代行共にプラン通りに行うことができています。 0 3 1 20140830125653 00034
00000316 00005 00004 05 _ _ _ 1 0 0 0 _ _ 0 0 1 20140830125653 00034
00000316 00006 00002 05 _ _ _ 1 0 0 0 _ _ 0 0 1 20140830125826 00034
00000316 00006 00003 05 26 8 平成26年8月30日 2 0 1 0 _ 4日（月）ベッドサイドのパイプハンガーが倒れることあり。ヘルパーから少し衣類をしまうようにお話しています。18日（月）ふらふらしていつもと違うとおっしゃるので、血圧を測りましたが、135/86でした。いつもより少し高いとのことでした。25日（月）浴槽のまたぎが不安だと訴えがありました。あまり足も上がらず、手で足を持ち上げてまたいでる様子。具体的にヘルパーにお願いしたいというような訴えはありませんでした。28日（木）トイレが詰まっていました。施設のフロントスタッフに伝え、業者に来て頂くことになっています。足の腫れがまだありますが、痛みはない様子掃除、買物代行共にプラン通りに行うことができています。 0 3 1 20140830125826 00034
00000316 00006 00004 05 _ _ _ 1 0 0 0 _ _ 0 0 1 20140830125826 00034
00000316 00007 00002 05 _ _ _ 1 0 0 0 _ _ 0 0 1 20140927213558 00034
00000316 00007 00003 05 26 8 平成26年8月30日 2 0 1 0 _ 4日（月）ベッドサイドのパイプハンガーが倒れることあり。ヘルパーから少し衣類をしまうようにお話しています。18日（月）ふらふらしていつもと違うとおっしゃるので、血圧を測りましたが、135/86でした。いつもより少し高いとのことでした。25日（月）浴槽のまたぎが不安だと訴えがありました。あまり足も上がらず、手で足を持ち上げてまたいでる様子。具体的にヘルパーにお願いしたいというような訴えはありませんでした。28日（木）トイレが詰まっていました。施設のフロントスタッフに伝え、業者に来て頂くことになっています。足の腫れがまだありますが、痛みはない様子。掃除、買物代行共にプラン通りに行うことができています。 0 3 1 20140927213558 00034
00000316 00007 00004 05 26 9 平成26年9月27日 2 0 1 1 _ １日(月)は、8月29日の訪問時にトイレがつまっていたことで床が汚れており、トイレの床を重点的に掃除しています。4日(木)は、足の腫れまだあり、痛みも少しあるとのことで、出かけられないので、つまらないとおっしゃっていました。8日(月)は、前日にベッド脇のビニールタンスが倒れ、ご自分で対応されたと話されていました。収納する箱を購入し、衣類を少しずつ整理するとおっしゃっていました。\n\nご報告の通り、11日にたちばな台病院に入院その後けいゆう病院に転院。\n退院の目処がたちましたら、ご連絡宜しくお願い致します。\n\n 3 3 1 20140927213558 00034
