00000316 2014 07 07 09:30 10:29 61 1211 0073 10.84 1 2452 1 20140731161239 00037
00000316 2014 07 10 11:00 11:59 61 1211 0073 10.84 1 2452 1 20140731161239 00037
00000316 2014 07 14 09:30 10:29 61 1211 0073 10.84 1 2452 1 20140731161239 00037
00000316 2014 07 17 11:00 11:59 61 1211 0073 10.84 1 2452 1 20140731161239 00037
00000316 2014 07 21 09:30 10:29 61 1211 0073 10.84 1 2452 1 20140731161239 00037
00000316 2014 07 24 11:00 11:59 61 1211 0073 10.84 1 2452 1 20140731161239 00037
00000316 2014 07 28 09:30 10:29 61 1211 0073 10.84 1 2452 1 20140731161239 00037
00000316 2014 07 31 11:00 11:59 61 1211 0073 10.84 1 2452 1 20140731161239 00037
00000316 2014 08 04 09:30 10:29 61 1211 0073 10.84 1 2452 1 20140829203401 00038
00000316 2014 08 07 11:00 11:59 61 1211 0073 10.84 1 2452 1 20140829203401 00038
00000316 2014 08 11 09:30 10:29 61 1211 0073 10.84 1 2452 1 20140829203401 00038
00000316 2014 08 14 11:00 11:59 61 1211 0073 10.84 1 2452 1 20140829203401 00038
00000316 2014 08 18 09:30 10:29 61 1211 0073 10.84 1 2452 1 20140829203401 00038
00000316 2014 08 21 11:00 11:59 61 1211 0073 10.84 1 2452 1 20140829203401 00038
00000316 2014 08 25 09:30 10:29 61 1211 0073 10.84 1 2452 1 20140829203401 00038
00000316 2014 08 28 11:00 11:59 61 1211 0073 10.84 1 2452 1 20140829203401 00038
00000316 2014 09 01 09:30 10:29 61 1211 0073 10.84 1 2452 1 20140927190550 00038
00000316 2014 09 04 11:00 11:59 61 1211 0073 10.84 1 2452 1 20140927190550 00038
00000316 2014 09 08 09:30 10:29 61 1211 0073 10.84 1 2452 1 20140927190550 00038
00000316 2014 09 11 11:00 11:29 61 1211 0073 10.84 1 2452 1 20140927190550 00038
