00000085 2013 05 18 11:15 12:15 61 1111 0073 10.84 1 1220 1 20140725174259 00034
00000085 2013 05 25 11:15 12:15 61 1111 0073 10.84 1 1220 1 20140725174259 00034
00000085 2013 06 01 11:15 12:15 61 1111 0073 10.84 1 1220 1 20140725174709 00034
00000085 2013 06 08 11:15 12:15 61 1111 0073 10.84 1 1220 1 20140725174709 00034
00000085 2013 06 15 11:15 12:15 61 1111 0073 10.84 1 1220 1 20140725174709 00034
00000085 2013 06 22 11:15 12:15 61 1111 0073 10.84 1 1220 1 20140725174709 00034
00000085 2013 06 30 11:00 12:00 61 1111 0073 10.84 1 1220 1 20140725174709 00034
00000085 2013 07 06 11:15 12:15 61 1111 0073 10.84 1 1220 1 20140725175119 00034
00000085 2013 07 14 11:30 12:30 61 1111 0073 10.84 1 1220 1 20140725175119 00034
00000085 2013 07 20 11:15 12:15 61 1111 0073 10.84 1 1220 1 20140725175119 00034
00000085 2013 07 28 13:30 14:30 61 1111 0073 10.84 1 1220 1 20140725175119 00034
00000085 2013 08 03 13:30 14:30 61 1111 0073 10.84 1 1220 1 20140725175444 00034
00000085 2013 08 10 13:30 14:30 61 1111 0073 10.84 1 1220 1 20140725175444 00034
00000085 2013 08 17 13:30 14:30 61 1111 0073 10.84 1 1220 1 20140725175444 00034
00000085 2013 08 24 13:30 14:30 61 1111 0073 10.84 1 1220 1 20140725175444 00034
00000085 2013 08 31 13:35 14:35 61 1111 0073 10.84 1 1220 1 20140725175444 00034
00000085 2013 09 07 13:30 14:30 61 1111 0073 10.84 1 1220 1 20140728151049 00034
00000085 2013 09 14 13:30 14:30 61 1111 0073 10.84 1 1220 1 20140728151049 00034
00000085 2013 09 21 13:30 14:30 61 1111 0073 10.84 1 1220 1 20140728151049 00034
00000085 2013 09 28 13:30 14:30 61 1111 0073 10.84 1 1220 1 20140728151049 00034
00000085 2013 10 07 13:30 14:30 61 1111 0073 10.84 1 1220 1 20140728151342 00034
00000085 2013 10 12 13:30 14:30 61 1111 0073 10.84 1 1220 1 20140728151342 00034
00000085 2013 10 19 13:30 14:30 61 1111 0073 10.84 1 1220 1 20140728151342 00034
00000085 2013 10 26 13:30 14:30 61 1111 0073 10.84 1 1220 1 20140728151342 00034
00000085 2013 11 02 13:30 14:30 61 1111 0073 10.84 1 1220 1 20140728151743 00034
00000085 2013 11 09 13:30 14:30 61 1111 0073 10.84 1 1220 1 20140728151743 00034
00000085 2013 11 13 15:00 16:00 61 1111 0073 10.84 1 1220 1 20140728151743 00034
00000085 2013 11 16 13:30 14:30 61 1111 0073 10.84 1 1220 1 20140728151743 00034
00000085 2013 11 20 15:00 16:00 61 1111 0073 10.84 1 1220 1 20140728151743 00034
00000085 2013 11 23 13:30 14:30 61 1111 0073 10.84 1 1220 1 20140728151743 00034
00000085 2013 11 27 15:00 16:00 61 1111 0073 10.84 1 1220 1 20140728151743 00034
00000085 2013 11 30 13:30 14:30 61 1111 0073 10.84 1 1220 1 20140728151743 00034
00000085 2013 12 07 13:30 14:30 61 1111 0073 10.84 1 1220 1 20140728152129 00034
00000085 2013 12 14 13:30 14:30 61 1111 0073 10.84 1 1220 1 20140728152129 00034
00000085 2013 12 21 13:30 14:30 61 1111 0073 10.84 1 1220 1 20140728152129 00034
00000085 2013 12 28 13:30 14:30 61 1111 0073 10.84 1 1220 1 20140728152129 00034
00000085 2014 01 04 13:30 14:30 61 1111 0073 10.84 1 1220 1 20140613182735 00034
00000085 2014 01 11 13:30 14:30 61 1111 0073 10.84 1 1220 1 20140613182735 00034
00000085 2014 01 17 11:00 12:00 61 1111 0073 10.84 1 1220 1 20140613182735 00034
00000085 2014 01 25 13:30 14:30 61 1111 0073 10.84 1 1220 1 20140613182735 00034
00000085 2014 02 01 13:30 14:30 61 1111 0073 10.84 1 1220 1 20140613183301 00034
00000085 2014 02 15 13:20 14:20 61 1111 0073 10.84 1 1220 1 20140613183301 00034
00000085 2014 03 01 13:30 14:30 61 1111 0073 10.84 1 1220 1 20140613183526 00034
00000085 2014 03 08 13:30 14:30 61 1111 0073 10.84 1 1220 1 20140613183526 00034
00000085 2014 03 15 13:30 14:30 61 1111 0073 10.84 1 1220 1 20140613183526 00034
00000085 2014 03 22 13:30 14:30 61 1111 0073 10.84 1 1220 1 20140613183526 00034
00000085 2014 03 29 13:30 14:30 61 1111 0073 10.84 1 1220 1 20140613183526 00034
00000085 2014 04 05 13:30 14:30 61 1111 0073 10.84 1 1226 1 20140613183831 00034
00000085 2014 04 12 13:30 14:30 61 1111 0073 10.84 1 1226 1 20140613183831 00034
00000085 2014 04 19 13:30 14:30 61 1111 0073 10.84 1 1226 1 20140613183831 00034
00000085 2014 04 25 11:00 12:00 61 1111 0073 10.84 1 1226 1 20140613183831 00034
00000085 2014 05 03 13:30 14:30 61 1111 0073 10.84 1 1226 1 20140818110935 00034
00000085 2014 05 10 13:30 14:30 61 1111 0073 10.84 1 1226 1 20140818110935 00034
00000085 2014 05 17 13:30 14:30 61 1111 0073 10.84 1 1226 1 20140818110935 00034
00000085 2014 05 24 13:30 14:30 61 1111 0073 10.84 1 1226 1 20140818110935 00034
00000085 2014 05 31 13:30 14:30 61 1111 0073 10.84 1 1226 1 20140818110935 00034
00000085 2014 06 07 13:30 14:29 61 1111 0073 10.84 1 1226 1 20140701100705 00078
00000085 2014 06 13 13:00 13:59 61 1111 0073 10.84 1 1226 1 20140701100705 00078
00000085 2014 06 21 13:30 14:29 61 1111 0073 10.84 1 1226 1 20140701100705 00078
00000085 2014 06 28 13:30 14:29 61 1111 0073 10.84 1 1226 1 20140701100705 00078
00000085 2014 07 05 13:30 14:29 61 1111 0073 10.84 1 1226 1 20140801185515 00077
00000085 2014 07 12 13:30 14:29 61 1111 0073 10.84 1 1226 1 20140801185515 00077
00000085 2014 07 19 13:30 14:29 61 1111 0073 10.84 1 1226 1 20140801185515 00077
00000085 2014 07 26 13:30 14:29 61 1111 0073 10.84 1 1226 1 20140801185515 00077
