00000085 0073 2013 05 1 1 20140725174259 00034
00000085 0073 2013 06 _ 1 20140725174709 00034
00000085 0073 2013 07 _ 1 20140725175119 00034
00000085 0073 2013 08 _ 1 20140725175444 00034
00000085 0073 2013 09 _ 1 20140728151049 00034
00000085 0073 2013 10 _ 1 20140728151342 00034
00000085 0073 2013 11 _ 1 20140728151743 00034
00000085 0073 2013 12 _ 1 20140728152129 00034
00000085 0073 2014 01 _ 1 20140613182735 00034
00000085 0073 2014 02 _ 1 20140613183301 00034
00000085 0073 2014 03 _ 1 20140613183526 00034
00000085 0073 2014 04 _ 1 20140613183831 00034
00000085 0073 2014 05 _ 1 20140818110935 00034
00000085 0073 2014 06 _ 1 20140701100705 00078
00000085 0073 2014 07 _ 1 20140801185515 00077
00000085 0073 2014 08 _ 1 20140816173645 00038
