0001 01 00015 0 簡易ベット貸し出し代 00085 3000 1 1 9 20140929092459 00022
0001 01 00016 0 管理費 00085 50000 2 0 9 2014071500000000 UserId
0001 01 00017 0 サービス費１ 00085 19445 3 1 9 2014071500000000 UserId
0001 01 00018 0 居室ケータリング 00085 200 2 1 1 20150803114931 00077
0001 01 00019 0 サービス費２ 00085 68056 5 1 9 2014071500000000 UserId
0001 01 00020 0 サービス費(日額) 00082 4000 6 1 1 20150803114931 00077
0001 01 00021 0 役所手続代行 00085 1500 7 1 1 20150803114931 00077
0001 01 00022 0 買物代行 00085 1500 8 1 1 20150803114931 00077
0001 01 00023 0 簡易清掃 00085 500 9 0 1 20150803114931 00077
0001 01 00024 0 簡易清掃 00085 1620 10 0 1 20150803114931 00077
0001 01 00025 0 修繕・家具移動 00085 800 11 1 1 20150803114931 00077
0001 01 00026 0 電球交換 00085 200 12 1 1 20150803114931 00077
0001 01 00027 0 切手10円 00085 10 13 0 1 20150803114931 00077
0001 01 00028 0 切手52円 00085 52 14 0 1 20150803114931 00077
0001 01 00029 0 切手82円 00085 82 15 0 1 20150803114931 00077
0001 01 00030 0 切手92円 00085 92 16 0 1 20150803114931 00077
0001 01 00031 0 切手270円 00085 270 17 0 1 20150803114931 00077
0001 01 00032 0 切手120円 00085 120 18 0 1 20150803114931 00077
0001 01 00033 0 切手2円 00085 2 19 0 1 20150803114931 00077
0001 01 00034 0 切手80円 00085 80 20 0 1 20150803114931 00077
0001 01 00035 0 はがき 00085 52 21 0 1 20150803114931 00077
0001 01 00036 0 往復はがき 00085 108 22 0 1 20150803114931 00077
0001 01 00037 0 転居通知はがき 00085 62 23 0 1 20150803114931 00077
0001 01 00038 0 収入印紙 00085 100 24 0 1 20150803114931 00077
0001 01 00039 0 収入印紙 00085 200 25 0 1 20150803114931 00077
0001 01 00040 0 月額賃料 1 0 40 0 9 2014071500000000 UserId
0001 01 00041 0 月額賃料 1 0 41 0 9 2014071500000000 UserId
0001 01 00042 0 ＦＡＸ送信（国内） 00085 10 28 0 1 20150803114931 00077
0001 01 00043 0 ＦＡＸ受信（国内） 00085 10 29 0 1 20150803114931 00077
0001 01 00044 0 サービス費２ 3 0 44 1 9 2014071500000000 UserId
0001 01 00045 0 食事代 4 0 45 1 9 2014071500000000 UserId
0001 01 00046 0 特別食 4 0 46 1 9 2014071500000000 UserId
0001 01 00047 0 食事追加代 4 0 47 1 9 20140929092459 00022
0001 01 00048 0 トランクルーム利用料 5 4630 34 1 9 2014071500000000 UserId
0001 01 00049 0 駐車場利用料 6 11112 35 1 9 2014071500000000 UserId
0001 01 00050 0 食事追加代 00084 0 50 1 1 20150803114931 00077
0001 01 00051 0 駐車場利用料 6 0 51 1 9 2014071500000000 UserId
0001 01 00052 0 駐車場利用料 6 19445 38 1 9 2014071500000000 UserId
0001 01 00053 0 電話通話料 8 0 53 2 9 2014071500000000 UserId
0001 01 00054 0 家具レンタル代 12 0 54 1 9 2014071500000000 UserId
0001 01 00055 0 体験入居費 00085 0 55 1 1 20150803114931 00077
0001 01 00056 0 原状回復清掃代金 00085 0 56 1 1 20150803114931 00077
0001 01 00057 0 その他 12 0 57 1 9 2014071500000000 UserId
0001 01 00058 0 ゲストルーム利用 10 0 58 1 9 2014071500000000 UserId
0001 01 00059 0 特殊清掃 00085 0 59 0 1 20150803114931 00077
0001 01 00060 0 シリカ電球40Ｗ 00085 0 60 1 1 20150803114931 00077
0001 01 00061 0 シリカ電球60Ｗ 00085 0 61 1 1 20150803114931 00077
0001 01 00062 0 ﾚﾌ電球40Ｗ 00085 0 62 1 1 20150803114931 00077
0001 01 00063 0 ﾚﾌ電球60Ｗ 00085 0 63 1 1 20150803114931 00077
0001 01 00064 0 ﾐﾆﾚﾌ電球40Ｗ 00085 0 64 1 1 20150803114931 00077
0001 01 00065 0 蛍光ﾗﾝﾌﾟ24Ｗ 00085 0 65 1 1 20150803114931 00077
0001 01 00066 0 ﾐﾆ電球40Ｗ 00085 0 66 1 1 20150803114931 00077
0001 01 00067 0 蛍光灯15Ｗ 00085 0 67 1 1 20150803114931 00077
0001 01 00068 0 ＦＡＸ送信（海外） 00085 0 68 0 1 20150803114931 00077
0001 01 00069 0 ＦＡＸ受信（海外） 00085 0 69 0 1 20150803114931 00077
0001 01 00070 0 カードホルダー 00085 800 70 0 1 20150803114931 00077
0001 01 00071 0 電池（単一） 00085 280 71 0 1 20150803114931 00077
0001 01 00072 0 電池（単二） 00085 220 72 0 1 20150803114931 00077
0001 01 00073 0 電池（単三） 00085 110 73 0 1 20150803114931 00077
0001 01 00074 0 電池（単四） 00085 110 74 0 1 20150803114931 00077
0001 01 00075 0 宅急便代 00085 0 75 0 1 20150803114931 00077
0001 01 00076 0 その他 10 0 76 1 9 2014071500000000 UserId
0001 01 00077 0 立替金 11 0 77 1 9 2014071500000000 UserId
0001 01 0050655 0 敷金 00088 150000 13 0 1 20150803114931 00077
0001 01 0050657 0 テスト項目 00089 0 77 0 1 20150803114931 00077
0001 01 0050658 0 新しい住み替え 00094 0 79 0 1 20150803114931 00077
0001 01 0050659 0 新しい敷金 00093 0 78 0 1 20150803114931 00077
0001 01 0050660 0 切手８２円 00085 82 1 0 9 20141025141900 00108
0001 01 0050661 0 はがき 00085 52 1 0 9 20141025141923 00108
0001 01 0050662 0 転居通知はがき 00085 60 1 0 9 20141025142003 00108
0001 01 0050663 0 ＦＡＸ（国内送信） 00085 10 1 0 9 20141003113056 00108
0001 01 0050664 0 ＦＡＸ（国内受信） 00085 10 1 0 9 20141003113056 00108
0001 01 0050665 0 ＦＡＸ（国際送信） 00085 30 1 0 9 20141003113056 00108
0001 01 0050666 0 ＦＡＸ（国際受信） 00085 30 1 0 9 20141003113056 00108
0001 01 0050667 0 宅急便 00085 0 1 0 9 20141003113056 00108
0001 01 0050668 0 リフレクソロジー 00085 0 1 0 9 20141025141726 00108
0001 01 0050669 0 理美容 00085 0 1 0 9 20141025141810 00108
0001 01 0050670 0 その他 00085 0 1 0 1 20150803114931 00077
0001 01 0050671 0 居室ケータリング 00085 216 1 0 9 20141003113056 00108
0001 01 0050672 0 簡易清掃 00085 1620 1 0 1 20150803114931 00077
0001 01 0050673 0 宅急便代 00085 0 1 0 9 20141003123537 00108
0001 01 0050674 0 コピー（白黒） 00085 5 1 0 9 20141003123537 00108
0001 01 0050675 0 コピー（カラー） 00085 30 1 0 9 20141003123537 00108
0001 01 0050676 0 居室ケータリング 00085 216 1 0 9 20141003124006 00108
0001 01 0050677 0 コピー（カラー） 00085 30 1 0 9 20141003124240 00108
0001 01 0050678 0 コピー（白黒） 00085 5 1 0 9 20141003124439 00108
0001 01 0050679 0 コピー（白黒） 00085 5 1 0 9 20141003124439 00108
0001 01 0050680 0 コピー（カラー） 00085 30 1 0 9 20141003131424 00108
0001 01 0050681 0 コピー（白黒） 00085 5 1 0 9 20141003131818 00108
0001 01 0050682 0 コピー（カラー） 00085 5 1 0 9 20141003131818 00108
0001 01 0050683 0 居室ケータリング 00085 216 1 0 9 20141003131818 00108
0001 01 0050684 0 切手１４０円 00085 140 1 0 9 20141003131818 00108
0001 01 0050685 0 簡易清掃 00085 1620 1 0 9 20141003132438 00108
0001 01 0050686 0 コピー（白黒） 00085 5 1 0 9 20141003132829 00108
0001 01 0050687 0 コピー（カラー） 00085 30 1 0 9 20141003133032 00108
0001 01 0050688 0 コピー（白黒） 00085 5 1 0 9 20141003133142 00108
0001 01 0050689 0 ＦＡＸ（国内送信） 00085 10 1 0 9 20141003133953 00108
0001 01 0050690 0 ＦＡＸ（国内受信） 00085 10 1 0 9 20141003134134 00108
0001 01 0050691 0 はがき 00085 52 1 0 9 20141003134247 00108
0001 01 0050692 0 リフレクソロジー 00085 3000 1 0 9 20141003134640 00108
0001 01 0050693 0 居室ケータリング 00085 216 1 0 9 20141003134948 00108
0001 01 0050694 0 転居通知はがき 00085 62 1 0 9 20141003135104 00108
0001 01 0050695 0 切手８２円 00085 82 1 0 9 20141003140738 00108
0001 01 0050696 0 その他 00085 0 1 0 9 20141003141524 00108
0001 01 0050697 0 電池（単３） 00085 110 1 0 9 20141003143510 00108
0001 01 0050698 0 居室ケータリング 00085 216 1 0 9 20141003144930 00108
0001 01 0050699 0 その他 00085 0 1 0 9 20141003145317 00108
0001 01 0050700 0 切手８２円 00085 82 1 0 9 20141003145719 00108
0001 01 0050701 0 コピー（カラー） 00085 30 1 0 9 20141003145853 00108
0001 01 0050702 0 宅急便代 00085 0 1 0 9 20141003151051 00108
0001 01 0050703 0 切手１４０円 00085 140 1 0 9 20141003162642 00108
0001 01 0050705 0 居室ケータリング 00085 216 1 0 9 20141003184657 00108
0001 01 0050706 0 切手８２円 00085 82 1 0 9 20141003193042 00108
0001 01 0050707 0 宅急便代 00085 0 1 0 9 20141003193042 00108
0001 01 0050709 0 テスト 00018 0 100 0 9 20141009101205 00108
0001 01 0050710 0 収入証紙 00085 300 26 0 1 20150803114931 00077
0001 01 0050711 0 インテリア 00089 0 76 0 1 20150803114931 00077
0001 01 0050712 0 インテリア 00018 0 76 0 9 20141104144558 00022
0001 01 0050713 0 ﾐﾆﾚﾌ電球40Ｗ 00085 260 64 0 1 20150803114931 00077
0001 01 0050714 0 ﾚﾌ電球60Ｗ 00085 210 63 0 1 20150803114931 00077
0001 01 0050715 0 ゲストルーム利用料 00085 5000 3 1 9 20141202113218 00022
0001 01 0050716 0 ゲストルーム利用料 00085 5000 3 1 1 20150803114931 00077
0001 01 0050717 0 ショートステイ利用料 00085 15000 4 1 1 20150803114931 00077
0001 01 0050718 0 ショートステイ利用料 00085 30000 5 1 1 20150803114931 00077
0001 02 00002 0 コピー(カラー) 00085 50 2 1 1 20141204204130 00022
0001 02 00003 0 ゲストルーム宿泊費 00085 5000 8 1 1 20141204204130 00022
0001 02 00004 0 役所手続代行 00085 1500 9 1 1 20141204204130 00022
0001 02 00005 0 買物代行 00085 1500 10 1 1 20141204204130 00022
0001 02 00006 0 体験入居6泊7日 00085 90000 11 1 1 20141204204130 00022
0001 02 00007 0 体験入居延長分 00085 30000 12 1 1 20141204204130 00022
0001 02 00008 0 切手52円 00085 52 3 0 1 20141204204130 00022
0001 02 00009 0 切手82円 00085 82 4 0 1 20141204204130 00022
0001 02 00010 0 介護サービス費 00003 0 13 0 9 20140704153103 00022
0001 02 00011 0 管理費 00004 0 14 0 9 20140704153103 00022
0001 02 00012 0 はがき 00085 52 5 0 1 20141204204130 00022
0001 02 00013 0 収入印紙 00085 200 6 0 1 20141204204130 00022
0001 02 0050656 0 敷金 00085 150000 13 0 1 20141204204130 00022
0001 02 0050719 0 返金 00089 0 14 0 1 20141204204130 00022
0002 01 00001 0 家賃 00020 14000 1 0 9 2014071500000000 UserId
0002 01 00002 0 家賃 00020 85000 2 0 9 2014071500000000 UserId
0002 01 00003 0 家賃 00020 200000 3 0 9 2014071500000000 UserId
0002 01 00004 0 電池（単一） 00027 160 4 1 1 20141109184003 00121
0002 01 00005 0 電池（単二） 00027 130 5 1 1 20141109184003 00121
0002 01 00006 0 電池（単三） 00027 90 6 1 1 20141109184003 00121
0002 01 00007 0 電池（単四） 00027 100 7 1 1 20141109184003 00121
0002 01 00008 0 電池（単五） 00027 130 8 1 1 20141109184003 00121
0002 01 00009 0 蛍光ランプ15W 00027 360 9 1 1 20141109184003 00121
0002 01 00010 0 点灯管 00027 90 10 1 1 20141109184003 00121
0002 01 00011 0 白熱電球(60w) 00027 100 11 1 1 20141109184003 00121
0002 01 00012 0 ミニ電球（ﾚﾝｼﾞﾌｰﾄﾞ用） 00027 250 12 1 1 20141109184003 00121
0002 01 00013 0 シリカ電球（ﾊﾞｽﾙｰﾑ用） 00027 180 13 1 1 20141109184003 00121
0002 01 00014 0 ミニクリプトン電球（ﾊﾞｽﾙｰﾑ用） 00027 370 14 1 1 20141109184003 00121
0002 01 00015 0 ｸﾘｱ小丸電球 00027 110 15 1 1 20141109184003 00121
0002 01 00016 0 蛍光ランプ20Ｗ（ﾊﾞｽﾙｰﾑ用） 00027 450 16 1 1 20141109184003 00121
0002 01 00017 0 蛍光ランプ40Ｗ（ﾊﾞｽﾙｰﾑ用） 00027 650 17 1 1 20141109184003 00121
0002 01 00018 0 蛍光灯(FL-20SN) 00027 200 18 1 1 20141109184003 00121
0002 01 00019 0 点灯管（洗面台用） 00027 90 19 1 1 20141109184003 00121
0002 01 00020 0 ミニクリプトン電球（居室用） 00027 350 20 1 1 20141109184003 00121
0002 01 00021 0 コンパクト蛍光灯32Ｗ（居室用） 00027 2315 21 1 1 20141109184003 00121
0002 01 00022 0 電球型蛍光灯 00027 1800 22 1 1 20141109184003 00121
0002 01 00023 0 ミニレフ電球40Ｗ 00027 400 23 1 1 20141109184003 00121
0002 01 00024 0 ミニレフ電球50Ｗ（居室用） 00027 553 24 1 1 20141109184003 00121
0002 01 00025 0 レフ電球100Ｗ（居室用） 00027 1204 25 1 1 20141109184003 00121
0002 01 00026 0 レフ電球60Ｗ 00027 450 26 1 1 20141109184003 00121
0002 01 00027 0 レフ電球40Ｗ 00027 360 27 1 1 20141109184003 00121
0002 01 00028 0 香典袋 00027 112 28 1 9 20141106165949 00121
0002 01 00029 0 封筒（長3） 00027 10 29 1 9 20141109183607 00121
0002 01 00030 0 封筒（角2） 00027 19 30 1 9 20141109183626 00121
0002 01 00031 0 現金書留封筒 00027 19 31 1 1 20141109184003 00121
0002 01 00032 0 ハガキ 00027 52 32 0 1 20141109184003 00121
0002 01 00033 0 ハガキ（プリント済） 00027 62 33 0 1 20141109184003 00121
0002 01 00034 0 居室カードキー 00027 2000 34 1 1 20141109184003 00121
0002 01 00035 0 浄水器カートリッジ 00027 4000 35 1 1 20141109184003 00121
0002 01 00036 0 Ａ４用紙 00027 463 36 1 9 20141109183717 00121
0002 01 00037 0 クリアファイル 00027 19 37 1 9 20141109183733 00121
0002 01 00038 0 カードケース（吊下げ式） 00027 139 38 1 1 20141109184003 00121
0002 01 00039 0 ＩＣ_カードキー 00027 2000 39 1 1 20141109184003 00121
0002 01 00040 0 ラミネート 00027 98 40 1 9 20140905112104 00121
0002 01 00041 0 ゴミ袋（90L） 00027 28 41 1 9 20141109183645 00121
0002 01 00042 0 ゴミ袋（45L） 00027 19 42 1 9 20141109183706 00121
0002 01 00043 0 ピクチャーレール用コマ 00027 300 43 1 1 20141109184003 00121
0002 01 00044 0 コピー（白黒） 00027 5 44 1 1 20141109184003 00121
0002 01 00045 0 コピー（カラー） 00027 29 45 1 1 20141109184003 00121
0002 01 00046 0 ＦＡＸ（国内） 00027 11 46 1 1 20141109184003 00121
0002 01 00047 0 ケータリング 00027 200 47 1 1 20141109184003 00121
0002 01 00048 0 家具移動 00027 800 48 1 1 20141109184003 00121
0002 01 00049 0 新聞梱包 00027 487 49 1 9 20141109183745 00121
0002 01 00050 0 買物代行 00027 1500 50 1 1 20141109184003 00121
0002 01 00051 0 役所代行 00027 1500 51 1 9 20141109183808 00121
0002 01 00052 0 網戸張替え 00027 2500 52 1 9 20141109183755 00121
0002 01 00053 0 宿泊代 00027 2000 53 1 1 20141109184003 00121
0002 01 00054 0 リネンクリーニング代 00027 1650 54 1 9 20141002125418 00121
0002 01 00055 0 居室清掃 00027 1500 55 1 1 20141109184003 00121
0002 01 00056 0 居室清掃Ｂ 00027 3982 56 1 9 20141103115426 00077
0002 01 00057 0 家賃(長期体験) 00020 0 57 0 9 2014071500000000 UserId
0002 01 00058 0 管理費(長期体験) 00021 0 58 0 9 2014071500000000 UserId
0002 01 00059 0 家具レンタル 00027 0 59 1 9 2014071500000000 UserId
0002 01 00060 0 賃料(プレオオーナー) 00020 0 60 0 9 2014071500000000 UserId
0002 01 00061 0 管理費(プレオーナー) 00021 0 61 0 9 2014071500000000 UserId
0002 01 00062 0 駐車場利用料(新) 00023 0 62 1 9 2014071500000000 UserId
0002 01 00063 0 家賃 00020 0 63 0 9 2014071500000000 UserId
0002 01 00064 0 管理費 00021 0 64 0 9 2014071500000000 UserId
0002 01 00065 0 駐車場利用料 00023 0 65 1 9 2014071500000000 UserId
0002 01 00066 0 トランクルーム利用料 00024 0 66 1 9 2014071500000000 UserId
0002 01 00067 0 サービス費 00022 0 67 1 9 2014071500000000 UserId
0002 01 00068 0 敷金 00028 0 68 0 9 2014071500000000 UserId
0002 01 00069 0 家賃 00020 0 69 0 9 2014071500000000 UserId
0002 01 00070 0 管理費 00021 0 70 0 9 2014071500000000 UserId
0002 01 00071 0 駐車場利用料 00023 0 71 1 9 2014071500000000 UserId
0002 01 00072 0 トランクルーム利用料 00024 0 72 1 9 2014071500000000 UserId
0002 01 00073 0 サービス費 00022 0 73 1 9 2014071500000000 UserId
0002 01 00074 0 申込金 00027 0 74 0 9 2014071500000000 UserId
0002 01 00075 0 食事代 00025 0 75 1 1 20141109184003 00121
0002 01 00076 0 食事代返戻 00025 0 76 1 1 20141109184003 00121
0002 01 00077 0 食事追加代 00025 0 77 1 1 20141109184003 00121
0002 01 00078 0 電話基本料 00026 0 78 1 9 2014071500000000 UserId
0002 01 00079 0 電話通話料 00026 0 79 2 9 2014071500000000 UserId
0002 01 00080 0 ＦＡＸ（国際） 00026 0 80 1 9 2014071500000000 UserId
0002 01 00081 0 宅急便 00027 0 81 1 9 2014071500000000 UserId
0002 01 00082 0 切手 00027 0 82 0 9 2014071500000000 UserId
0002 01 00083 0 メール便 00027 0 83 1 9 2014071500000000 UserId
0002 01 00084 0 その他 00027 0 84 1 9 2014071500000000 UserId
0002 01 00085 0 その他サービス利用料 00027 0 85 1 9 2014071500000000 UserId
0002 01 00086 0 オプション販売 00027 0 86 1 9 2014071500000000 UserId
0002 01 00087 0 立替金 00076 0 87 0 9 2014071500000000 UserId
0002 01 00088 0 立替金 00076 0 88 1 9 2014071500000000 UserId
0002 01 0050656 0 宅急便 00027 0 60 0 1 20141109184003 00121
0002 01 0050657 0 その他 00027 0 65 0 9 20140929163220 00121
0002 01 0050658 0 その他 00028 0 80 0 1 20141109184003 00121
0002 01 0050659 0 リネンクリーニング代 00027 1650 54 1 1 20141109184003 00121
0002 01 0050660 0 エアコンクリーニング 00027 9000 58 1 9 20141007163804 00121
0002 01 0050661 0 エアコンクリーニング代 00027 9000 58 1 1 20141109184003 00121
0002 01 0050662 0 その他サービス利用料 00027 0 81 0 1 20141109184003 00121
0002 01 0050663 0 切手代 00027 0 30 0 1 20141109184003 00121
0003 01 00001 0 差額家賃 00029 36000 1 0 1 20150729192923 00078
0003 01 00002 0 差額家賃 00029 25000 2 0 1 20150729192923 00078
0003 01 00003 0 差額家賃 00029 13000 3 0 1 20150729192923 00078
0003 01 00004 0 差額家賃 00029 30000 4 0 1 20150729192923 00078
0003 01 00005 0 居室ケータリング 00036 200 5 1 1 20150729192923 00078
0003 01 00006 0 ゲストルーム利用 00036 5000 6 1 1 20150729192923 00078
0003 01 00007 0 役所手続代行 00036 1500 7 1 1 20150729192923 00078
0003 01 00008 0 買物代行 00036 1500 8 1 1 20150729192923 00078
0003 01 00009 0 健康診断 00036 15278 9 1 1 20150729192923 00078
0003 01 00010 0 健康診断 00036 11482 10 1 1 20150729192923 00078
0003 01 00011 0 転居はがき 00036 62 11 0 1 20150729192923 00078
0003 01 00012 0 官製はがき 00036 52 12 0 1 20150729192923 00078
0003 01 00013 0 往復はがき 00036 104 13 0 1 20150729192923 00078
0003 01 00014 0 切手82円 00036 82 14 0 1 20150729192923 00078
0003 01 00015 0 切手52円 00036 52 15 0 1 20150729192923 00078
0003 01 00016 0 切手10円 00036 10 16 0 1 20150729192923 00078
0003 01 00017 0 切手20円 00036 20 17 0 1 20150729192923 00078
0003 01 00018 0 切手30円 00036 30 18 0 1 20150729192923 00078
0003 01 00019 0 切手50円 00036 50 19 0 1 20150729192923 00078
0003 01 00020 0 切手80円 00036 80 20 0 1 20150729192923 00078
0003 01 00021 0 切手90円 00036 90 21 0 1 20150729192923 00078
0003 01 00022 0 切手120円 00036 120 22 0 1 20150729192923 00078
0003 01 00023 0 切手130円 00036 130 23 0 1 20150729192923 00078
0003 01 00024 0 切手140円 00036 140 24 0 1 20150729192923 00078
0003 01 00025 0 切手160円 00036 160 25 0 1 20150729192923 00078
0003 01 00026 0 切手200円 00036 200 26 0 1 20150729192923 00078
0003 01 00027 0 切手270円 00036 270 27 0 1 20150729192923 00078
0003 01 00028 0 切手350円 00036 350 28 0 1 20150729192923 00078
0003 01 00029 0 切手420円 00036 420 29 0 1 20150729192923 00078
0003 01 00030 0 切手2円 00036 2 30 0 1 20150729192923 00078
0003 01 00031 0 コピー代（白黒） 00036 10 31 1 1 20150729192923 00078
0003 01 00032 0 コピー代(カラー） 00036 48 32 1 1 20150729192923 00078
0003 01 00033 0 ファックス代（国内） 00036 19 33 1 1 20150729192923 00078
0003 01 00034 0 カードホルダー 00036 381 34 1 1 20150729192923 00078
0003 01 00035 0 浄水器カートリッジ 00036 4000 35 1 1 20150729192923 00078
0003 01 00036 0 トイレットペーパー 00036 477 36 1 1 20150729192923 00078
0003 01 00037 0 ティッシュペーパー 00036 362 37 1 1 20150729192923 00078
0003 01 00038 0 洗剤 00036 343 38 1 1 20150729192923 00078
0003 01 00039 0 液体洗剤 00036 381 39 1 1 20150729192923 00078
0003 01 00040 0 液体洗剤（詰替え用） 00036 286 40 1 1 20150729192923 00078
0003 01 00041 0 カードキー再発行 00036 2000 41 1 1 20150729192923 00078
0003 01 00042 0 電池（単1） 00036 191 42 1 1 20150729192923 00078
0003 01 00043 0 電池（単2） 00036 143 43 1 1 20150729192923 00078
0003 01 00044 0 電池（単3） 00036 96 44 1 1 20150729192923 00078
0003 01 00045 0 電池（単4） 00036 96 45 1 1 20150729192923 00078
0003 01 00046 0 シリカ電球(40W) 00036 191 46 1 1 20150729192923 00078
0003 01 00047 0 シリカ電球(60W) 00036 239 47 1 1 20150729192923 00078
0003 01 00048 0 ボール電球(60W・玄関等) 00036 381 48 1 1 20150729192923 00078
0003 01 00049 0 ボール電球(40W・トイレ等) 00036 286 49 1 1 20150729192923 00078
0003 01 00050 0 ツイン蛍光灯 00036 1715 50 1 1 20150729192923 00078
0003 01 00051 0 ミニクリプトン電球 00036 191 51 1 1 20150729192923 00078
0003 01 00052 0 蛍光灯(流し元) 00036 667 52 1 1 20150729192923 00078
0003 01 00053 0 蛍光灯(洗面間接照明) 00036 1143 53 1 1 20150729192923 00078
0003 01 00054 0 ピクチャーレール 00036 1070 54 1 1 20150729192923 00078
0003 01 00055 0 ミニレフ電球(バルコニー） 00036 381 55 1 1 20150729192923 00078
0003 01 00056 0 電球交換 00036 200 56 1 1 20150729192923 00078
0003 01 00057 0 簡易清掃（ﾊﾞﾙｺﾆｰ含む） 00036 1800 57 1 1 20150729192923 00078
0003 01 00058 0 簡易清掃 00036 1500 58 1 1 20150729192923 00078
0003 01 00059 0 お手伝い・営繕 00036 800 59 1 1 20150729192923 00078
0003 01 00060 0 収入印紙 00036 186 60 1 1 20150729192923 00078
0003 01 00061 0 滞在費 00036 1500 61 1 1 20150729192923 00078
0003 01 00062 0 月額賃料 00029 0 62 0 1 20150729192923 00078
0003 01 00063 0 管理費 00030 0 63 0 1 20150729192923 00078
0003 01 00064 0 サービス費 00031 0 64 1 1 20150729192923 00078
0003 01 00065 0 月額賃料 00029 0 65 0 1 20150729192923 00078
0003 01 00066 0 管理費 00030 0 66 0 1 20150729192923 00078
0003 01 00067 0 サービス費 00031 0 67 1 1 20150729192923 00078
0003 01 00068 0 食事代 00034 0 68 1 1 20150729192923 00078
0003 01 00069 0 食事追加代 00034 0 69 1 1 20150729192923 00078
0003 01 00070 0 駐車場代 00032 0 70 1 1 20150729192923 00078
0003 01 00071 0 駐車場代 00032 0 71 1 1 20150729192923 00078
0003 01 00072 0 駐輪場代 00032 0 72 1 1 20150729192923 00078
0003 01 00073 0 トランクルーム料 00033 0 73 1 1 20150729192923 00078
0003 01 00074 0 トランクルーム料 00033 0 74 1 1 20150729192923 00078
0003 01 00075 0 ナンバーディスプレイ 00035 0 75 1 1 20150729192923 00078
0003 01 00076 0 電気料金 00035 0 76 1 1 20150729192923 00078
0003 01 00077 0 水道料金 00035 0 77 1 1 20150729192923 00078
0003 01 00078 0 電話通話料 00035 0 78 0 1 20150729192923 00078
0003 01 00079 0 ファックス代（海外） 00036 0 79 1 1 20150729192923 00078
0003 01 00080 0 電池（単5） 00036 0 80 1 1 20150729192923 00078
0003 01 00081 0 所持物の処分 00036 0 81 1 1 20150729192923 00078
0003 01 00082 0 宅急便代 00036 0 82 1 1 20150729192923 00078
0003 01 00083 0 代行業務 00036 0 83 1 1 20150729192923 00078
0003 01 00084 0 タクシー代 00036 0 84 1 1 20150729192923 00078
0003 01 00085 0 その他 00036 0 85 1 1 20150729192923 00078
0003 01 00086 0 その他（清掃） 00036 0 86 1 1 20150729192923 00078
0003 01 00087 0 立替金（医療費） 00037 0 87 0 1 20150729192923 00078
0003 01 00088 0 立替金 00037 0 88 0 1 20150729192923 00078
0003 01 0029797 0 切手２８０円 00036 280 31 0 1 20150729192923 00078
0003 01 0029798 0 切手２８０円 00036 280 31 0 1 20150729192923 00078
0003 01 0029799 0 ルームサービス 00036 500 89 1 1 20150729192923 00078
0004 01 00001 0 電池（単1） 00046 148 5 1 1 20141117091728 00170
0004 01 00002 0 電池（単2） 00046 108 5 1 1 20141117091728 00170
0004 01 00003 0 電池（単3） 00046 68 5 1 1 20141117091728 00170
0004 01 00004 0 電池（単4） 00046 89 5 1 1 20141117091728 00170
0004 01 00005 0 電池（単5） 00046 118 5 1 1 20141117091728 00170
0004 01 00006 0 切手52円 00046 52 18 0 1 20141117091728 00170
0004 01 00007 0 切手82円 00046 82 18 0 1 20141117091728 00170
0004 01 00008 0 切手92円 00046 92 18 0 1 20141117091728 00170
0004 01 00009 0 切手120円 00046 120 18 0 1 20141117091728 00170
0004 01 00010 0 切手130円 00046 130 18 0 1 20141117091728 00170
0004 01 00011 0 切手140円 00046 140 18 0 1 20141117091728 00170
0004 01 00012 0 切手160円 00046 160 18 0 1 20141117091728 00170
0004 01 00013 0 切手200円 00046 200 18 0 1 20141117091728 00170
0004 01 00014 0 切手280円 00046 280 18 0 1 20141117091728 00170
0004 01 00015 0 切手350円 00046 350 18 0 1 20141117091728 00170
0004 01 00016 0 切手420円 00046 420 18 0 1 20141117091728 00170
0004 01 00017 0 切手2円 00046 2 18 0 1 20141117091728 00170
0004 01 00018 0 切手 00046 0 18 0 1 20141117091728 00170
0004 01 00019 0 官製ハガキ 00046 52 19 0 1 20141117091728 00170
0004 01 00020 0 収入印紙 00046 200 20 0 1 20141117091728 00170
0004 01 00021 0 コピー代(カラー） 00046 29 1 1 1 20141117091728 00170
0004 01 00022 0 コピー代（白黒） 00046 5 1 1 1 20141117091728 00170
0004 01 00023 0 ファックス代（国内） 00046 10 2 1 1 20141117091728 00170
0004 01 00024 0 ケイタリングサービス 00046 200 3 1 1 20141117091728 00170
0004 01 00025 0 カードキー再発行料 00046 2000 25 1 1 20141117091728 00170
0004 01 00026 0 部材費 00046 200 26 1 1 20141117091728 00170
0004 01 00027 0 差額賃料 00046 97000 27 0 1 20141117091728 00170
0004 01 00028 0 ゲストルーム宿泊料（1泊） 00046 5000 28 1 1 20141117091728 00170
0004 01 00029 0 ゲストルーム宿泊料（2泊） 00046 8000 29 1 1 20141117091728 00170
0004 01 00030 0 ゲストルーム宿泊料（3泊） 00046 11000 30 1 1 20141117091728 00170
0004 01 00031 0 ゲストルームデイユース料金 00046 2500 31 1 1 20141117091728 00170
0004 01 00032 0 体験ご宿泊料 00046 6000 32 1 1 20141117091728 00170
0004 01 00033 0 管理費 00040 0 33 1 9 20140930163257 00077
0004 01 00034 0 管理費* 00040 0 33 0 1 20141117091728 00170
0004 01 00035 0 食事代 00044 0 35 1 1 20141117091728 00170
0004 01 00036 0 食事追加分 00044 0 36 1 1 20141117091728 00170
0004 01 00037 0 サービス費* 00041 0 34 1 1 20141117091728 00170
0004 01 00038 0 月額家賃* 00039 0 38 1 1 20141117091728 00170
0004 01 00039 0 食事基本料 00044 0 39 1 1 20141117091728 00170
0004 01 00040 0 駐車場代 00042 0 40 1 1 20141117091728 00170
0004 01 00041 0 トランクルーム料 00043 0 41 1 1 20141117091728 00170
0004 01 00042 0 トランクルーム料 00043 0 42 1 9 20141010115512 00170
0004 01 00043 0 屋外物置 00046 0 43 1 1 20141117091728 00170
0004 01 00044 0 屋外物置 00046 0 44 1 1 20141117091728 00170
0004 01 00045 0 切手 00046 0 45 0 9 20141010114811 00170
0004 01 00046 0 ファックス代（海外） 00046 0 2 1 1 20141117091728 00170
0004 01 00047 0 宅急便 00046 0 3 1 1 20141117091728 00170
0004 01 00048 0 有料サービス 00046 0 48 1 9 20141010115638 00170
0004 01 00049 0 イベント参加費 00046 0 49 1 9 20141010114811 00170
0004 01 00050 0 電球 00046 0 50 1 9 20141010122507 00170
0004 01 00051 0 その他 00046 0 51 1 9 20141015175830 00170
0004 01 00052 0 その他 00046 0 52 1 9 20141010112618 00170
0004 01 00053 0 ご朝食精算金 00046 0 53 1 1 20141117091728 00170
0004 01 00054 0 立替金（医療費・薬代） 00074 0 70 1 9 20141016094340 00170
0004 01 00055 0 立替金（医療費） 00074 0 70 0 1 20141117091728 00170
0004 01 00056 0 立替金（薬代） 00074 0 70 1 1 20141117091728 00170
0004 01 00057 0 グランケアショートステイ 00073 0 57 1 1 20141117091728 00170
0004 01 00058 0 サービス費 00041 0 34 1 1 20141117091728 00170
0004 01 00059 0 立替金 00074 0 59 1 1 20141117091728 00170
0004 01 00060 0 タクシー代 00046 0 60 1 1 20141117091728 00170
0004 01 00061 0 管理費 00040 0 33 0 1 20141117091728 00170
0004 01 00062 0 食事基本料 00044 0 62 1 1 20141117091728 00170
0004 01 00063 0 トランクルーム料 00043 0 63 1 1 20141117091728 00170
0004 01 00064 0 食事代 00044 0 64 1 1 20141117091728 00170
0004 01 00065 0 駐車場代 00042 0 65 1 1 20141117091728 00170
0004 01 00066 0 医療費（新石川ｸﾘﾆｯｸ） 00073 0 21 0 1 20141117091728 00170
0004 01 00067 0 医療費（さぎぬま公園ｸﾘﾆｯｸ） 00046 0 67 1 9 20141103144750 00170
0004 01 00068 0 医療費（薬代） 00046 0 68 1 9 20141104123632 00170
0004 01 00069 0 立替金 00074 0 69 1 1 20141117091728 00170
0004 01 0043114 0 足裏ｿﾌﾄﾏｯｻｰｼﾞ30分 00046 2778 6 1 1 20141117091728 00170
0004 01 0043115 0 足裏ｿﾌﾄﾏｯｻｰｼﾞ45分 00046 3704 6 1 1 20141117091728 00170
0004 01 0043116 0 足裏ｿﾌﾄﾏｯｻｰｼﾞ60分 00046 4630 6 1 1 20141117091728 00170
0004 01 0043117 0 居室清掃料金 00046 1800 4 1 1 20141117091728 00170
0004 01 0043118 0 浴室清掃料金 00046 6600 4 1 1 20141117091728 00170
0004 01 0043119 0 その他 00046 0 39 1 9 20141015175950 00170
0004 01 0043120 0 電球代 00046 0 8 1 1 20141117091728 00170
0004 01 0043121 0 イベント参加費 00046 0 7 1 1 20141117091728 00170
0004 01 0043122 0 有料サービス 00046 0 8 1 1 20141117091728 00170
0004 01 0043123 0 その他 00046 0 39 1 9 20141015180009 00170
0004 01 0043124 0 その他 00046 0 39 1 1 20141117091728 00170
0004 01 0043125 0 その他（非課税） 00046 0 39 0 1 20141117091728 00170
0004 01 0043126 0 イベント参加費（合唱の会） 00046 463 7 1 1 20141117091728 00170
0004 01 0043127 0 イベント参加費（出前茶屋） 00046 278 7 1 1 20141117091728 00170
0004 01 0043128 0 イベント参加費（水墨画） 00046 278 7 1 1 20141117091728 00170
0004 01 0043129 0 家具ｵﾌﾟｼｮﾝ販売 00075 0 21 1 1 20141117091728 00170
0004 01 0043130 0 特別清掃料金 00046 0 4 1 1 20141117091728 00170
0005 01 00001 0 電池（単一） 00054 238 26 1 1 20141121173952 00133
0005 01 00002 0 電池（単二） 00054 190 27 1 1 20141121173952 00133
0005 01 00003 0 電池（単三） 00054 76 28 1 1 20141121173952 00133
0005 01 00004 0 電池（単四） 00054 76 29 1 1 20141121173952 00133
0005 01 00005 0 シリカ電球40Ｗ（浴室） 00054 238 30 1 1 20141121173952 00133
0005 01 00006 0 シリカ電球60Ｗ（浴室） 00054 238 31 1 1 20141121173952 00133
0005 01 00007 0 ﾚﾌ電球40Ｗ（ﾀﾞｳﾝﾗｲﾄ） 00054 333 32 1 1 20141121173952 00133
0005 01 00008 0 ﾚﾌ電球60Ｗ（ﾀﾞｳﾝﾗｲﾄ） 00054 333 33 1 1 20141121173952 00133
0005 01 00009 0 ﾐﾆﾚﾌ電球（洗面） 00054 380 34 1 1 20141121173952 00133
0005 01 00010 0 蛍光ﾗﾝﾌﾟ24Ｗ（ｷｯﾁﾝ） 00054 1619 35 1 1 20141121173952 00133
0005 01 00011 0 ﾐﾆ電球40Ｗ（ﾚﾝｼﾞﾌｰﾄﾞ） 00054 190 36 1 1 20141121173952 00133
0005 01 00012 0 蛍光灯15Ｗ（流し元） 00054 476 37 1 1 20141121173952 00133
0005 01 00013 0 レフ電球RF110V36W 00054 238 38 1 1 20141121173952 00133
0005 01 00014 0 ｴﾘｴｰﾙ・ﾄｲﾚｯﾄﾍﾟｰﾊﾟｰ（ｼﾝｸﾞﾙ） 00054 521 10 1 1 20141121173952 00133
0005 01 00015 0 ｴﾘｴｰﾙ・ﾄｲﾚｯﾄﾍﾟｰﾊﾟｰ（ﾀﾞﾌﾞﾙ） 00054 521 11 1 1 20141121173952 00133
0005 01 00016 0 ｴﾘｴｰﾙ・ﾃｨｼｭｰ 00054 445 12 1 1 20141121173952 00133
0005 01 00017 0 ｴﾘｴｰﾙ・ﾛｰｼｮﾝﾃｨｯｼｭｰ 00054 655 13 1 1 20141121173952 00133
0005 01 00018 0 転居はがき 00054 61 25 0 1 20141121173952 00133
0005 01 00019 0 切手10円 00054 10 14 0 1 20141121173952 00133
0005 01 00020 0 切手52円 00054 52 15 0 1 20141121173952 00133
0005 01 00021 0 切手82円 00054 82 16 0 1 20141121173952 00133
0005 01 00022 0 切手280円 00054 280 17 0 1 20141121173952 00133
0005 01 00023 0 切手2円 00054 2 18 0 1 20141121173952 00133
0005 01 00024 0 切手80円 00054 80 19 0 1 20141121173952 00133
0005 01 00025 0 切手50円 00054 50 20 0 1 20141121173952 00133
0005 01 00026 0 普通はがき 00054 50 21 0 1 20141121173952 00133
0005 01 00027 0 往復はがき 00054 104 22 0 1 20141121173952 00133
0005 01 00028 0 コピー（白黒） 00054 10 2 1 1 20141121173952 00133
0005 01 00029 0 コピー（カラー） 00054 47 3 1 1 20141121173952 00133
0005 01 00030 0 ＦＡＸ送信（国内） 00054 19 23 1 1 20141121173952 00133
0005 01 00031 0 ＦＡＸ受信（国内） 00054 19 24 1 1 20141121173952 00133
0005 01 00032 0 カードホルダー 00054 380 39 1 1 20141121173952 00133
0005 01 00033 0 カードキー再発行 00054 2000 40 1 1 20141121173952 00133
0005 01 00034 0 森の水だより 00054 1485 7 1 1 20141121173952 00133
0005 01 00035 0 南アルプス天然水 00054 1157 8 1 1 20141121173952 00133
0005 01 00036 0 アルカリイオンの水 00054 1542 9 1 1 20141121173952 00133
0005 01 00037 0 ﾄｲﾚｯﾄﾍﾟｰﾊﾟｰ(ｼﾝｸﾞﾙ) 00054 321 4 1 1 20141121173952 00133
0005 01 00038 0 ﾄｲﾚｯﾄﾍﾟｰﾊﾟｰ(ﾀﾞﾌﾞﾙ) 00054 321 5 1 1 20141121173952 00133
0005 01 00039 0 ﾃｨｯｼｭﾍﾟｰﾊﾟｰ 00054 297 6 1 1 20141121173952 00133
0005 01 00040 0 ケータリング 00054 200 1 1 1 20141121173952 00133
0005 01 00041 0 電球交換 00054 195 41 1 1 20141121173952 00133
0005 01 00042 0 簡易ベッド貸出し 00054 3000 42 1 1 20141121173952 00133
0005 01 00043 0 買物代行 00054 1500 43 1 1 20141121173952 00133
0005 01 00044 0 役所代行 00054 1500 44 1 1 20141121173952 00133
0005 01 00045 0 宿泊（1泊） 00054 4000 45 1 1 20141121173952 00133
0005 01 00046 0 布団一式レンタル代 00054 2000 46 1 1 20141121173952 00133
0005 01 00047 0 居室清掃 00054 1500 47 1 1 20141121173952 00133
0005 01 00048 0 修繕・家具移動 00054 800 48 1 1 20141121173952 00133
0005 01 00049 0 賃料 00054 0 49 0 9 2014071500000000 UserId
0005 01 00050 0 管理費 00054 0 50 0 9 2014071500000000 UserId
0005 01 00051 0 家具レンタル代 00054 0 51 1 9 2014071500000000 UserId
0005 01 00052 0 家具レンタル代（会員） 00054 0 52 1 9 2014071500000000 UserId
0005 01 00053 0 家賃 00054 0 53 0 9 2014071500000000 UserId
0005 01 00054 0 家賃（差額） 00054 0 54 0 9 2014071500000000 UserId
0005 01 00055 0 管理費 00054 0 55 0 9 2014071500000000 UserId
0005 01 00056 0 駐車場利用料 00054 0 56 1 9 2014071500000000 UserId
0005 01 00057 0 トランクルーム利用料 00054 0 57 1 9 2014071500000000 UserId
0005 01 00058 0 サービス費 00054 0 58 1 9 2014071500000000 UserId
0005 01 00059 0 家賃 00054 0 59 0 9 2014071500000000 UserId
0005 01 00060 0 管理費 00054 0 60 0 9 2014071500000000 UserId
0005 01 00061 0 駐車場利用料 00054 0 61 1 9 2014071500000000 UserId
0005 01 00062 0 トランクルーム利用料 00054 0 62 1 9 2014071500000000 UserId
0005 01 00063 0 サービス費 00054 0 63 1 9 2014071500000000 UserId
0005 01 00064 0 サービス費（シルバー会員） 00054 0 64 1 9 2014071500000000 UserId
0005 01 00065 0 食事代 00054 0 65 1 9 2014071500000000 UserId
0005 01 00066 0 食事代返戻 00054 0 66 1 9 2014071500000000 UserId
0005 01 00067 0 食事追加代 00054 0 67 1 9 2014071500000000 UserId
0005 01 00068 0 電話基本料 00054 0 68 1 9 2014071500000000 UserId
0005 01 00069 0 電話通話料 00054 0 69 2 9 2014071500000000 UserId
0005 01 00070 0 未設定 00054 0 70 1 9 2014071500000000 UserId
0005 01 00071 0 未設定 00054 0 71 1 9 2014071500000000 UserId
0005 01 00072 0 未設定 00054 0 72 1 9 2014071500000000 UserId
0005 01 00073 0 未設定 00054 0 73 1 9 2014071500000000 UserId
0005 01 00074 0 未設定 00054 0 74 1 9 2014071500000000 UserId
0005 01 00075 0 未設定 00054 0 75 1 9 2014071500000000 UserId
0005 01 00076 0 未設定 00054 0 76 1 9 2014071500000000 UserId
0005 01 00077 0 清掃 00054 0 77 1 9 2014071500000000 UserId
0005 01 00078 0 申込金返金 00054 0 78 1 9 2014071500000000 UserId
0005 01 00079 0 返金 00054 0 79 1 9 2014071500000000 UserId
0005 01 00080 0 家具レンタル代 00054 0 80 1 9 2014071500000000 UserId
0005 01 00081 0 オプション販売 00054 0 81 1 9 2014071500000000 UserId
0005 01 00082 0 その他 00054 0 82 1 9 2014071500000000 UserId
0005 01 00083 0 立替金 00054 0 83 1 9 2014071500000000 UserId
0005 01 0048083 0 南アルプス天然水(550ｍｌ） 00054 2400 49 1 1 20141121173952 00133
0005 01 0048084 0 南アルプス天然水(550ｍｌ） 00054 2400 49 1 9 20141014092514 00133
0005 01 0048085 0 南アルプス天然水(550ｍｌ） 00054 2400 49 1 9 20141014092231 00133
0005 01 0048086 0 家具オプション販売 00072 0 50 1 1 20141121173952 00133
0005 01 0048087 0 清掃 00054 0 51 1 1 20141121173952 00133
0005 01 0048088 0 その他 00054 0 51 0 1 20141121173952 00133
0006 01 00001 0 賃料（ﾌﾟﾚｵｰﾅｰ） 00056 210000 1 0 9 2014071500000000 UserId
0006 01 00002 0 サービス費（追加分） 00058 48612 2 1 1 20151001131825 00078
0006 01 00003 0 賃料（ﾌﾟﾚｵｰﾅｰ） 00056 160000 3 0 9 2014071500000000 UserId
0006 01 00004 0 レンタル商品（家具等） 00064 2615 4 1 1 20151001131825 00078
0006 01 00005 0 電池（単一） 00063 232 5 1 1 20151001131825 00078
0006 01 00006 0 電池（単二） 00063 186 6 1 1 20151001131825 00078
0006 01 00007 0 電池（単三） 00063 74.5 7 1 1 20151001131825 00078
0006 01 00008 0 電池（単四） 00063 74.5 8 1 1 20151001131825 00078
0006 01 00009 0 レンタル商品(家具等) 00064 2178 9 1 1 20151001131825 00078
0006 01 00010 0 レンタル商品(家具等) 00064 9839 10 1 1 20151001131825 00078
0006 01 00011 0 レンタル商品(家具等) 00064 3569 11 1 1 20151001131825 00078
0006 01 00012 0 レフ屋内用 00063 306 12 1 1 20151001131825 00078
0006 01 00013 0 レフ屋内用（玄関廊下天井灯） 00063 306 13 1 1 20151001131825 00078
0006 01 00014 0 レフ屋内用（トイレ天井灯） 00063 306 14 1 1 20151001131825 00078
0006 01 00015 0 ネオボール（洗面台横壁灯） 00063 1047 15 1 1 20151001131825 00078
0006 01 00016 0 レフ屋内用（洗面台天井） 00063 306 16 1 1 20151001131825 00078
0006 01 00017 0 ３波長形（三面鏡下蛍光灯） 00063 538.5 17 1 1 20151001131825 00078
0006 01 00018 0 シリカ電球（浴室内壁灯） 00063 112 18 1 1 20151001131825 00078
0006 01 00019 0 レフ屋内用（キッチン廊下天井灯） 00063 306 19 1 1 20151001131825 00078
0006 01 00020 0 ツイン２（キッチン天井灯） 00063 852 20 1 1 20151001131825 00078
0006 01 00021 0 レフ（小）シンク上の天井灯 00063 334 21 1 1 20151001131825 00078
0006 01 00022 0 ３波長形（戸棚下蛍光灯） 00063 426 22 1 1 20151001131825 00078
0006 01 00023 0 小丸電球（レンジフード灯） 00063 232 23 1 1 20151001131825 00078
0006 01 00024 0 レフ屋内用 00063 306 24 1 1 20151001131825 00078
0006 01 00025 0 ミニレフ 00063 334 25 1 1 20151001131825 00078
0006 01 00026 0 シリカ電球 00063 112 26 1 1 20151001131825 00078
0006 01 00027 0 賃料（ﾌﾟﾚｵｰﾅｰ） 00056 150000 27 0 9 2014071500000000 UserId
0006 01 00028 0 はがき 00063 50 28 0 1 20151001131825 00078
0006 01 00029 0 切手10円 00063 10 29 0 1 20151001131825 00078
0006 01 00030 0 切手50円 00063 50 30 0 1 20151001131825 00078
0006 01 00031 0 切手80円 00063 80 31 0 1 20151001131825 00078
0006 01 00032 0 切手270円 00063 270 32 0 1 20151001131825 00078
0006 01 00033 0 切手2円 00063 2 33 0 1 20151001131825 00078
0006 01 00034 0 往復はがき 00063 100 34 0 1 20151001131825 00078
0006 01 00035 0 コピー（白黒） 00063 10 35 1 1 20151001131825 00078
0006 01 00036 0 コピー（カラー） 00063 47 36 1 1 20151001131825 00078
0006 01 00037 0 ＦＡＸ送信（国内） 00063 19 37 1 1 20151001131825 00078
0006 01 00038 0 ＦＡＸ受信（国内） 00063 19 38 1 1 20151001131825 00078
0006 01 00039 0 電話通話料 00062 28 39 1 1 20151001131825 00078
0006 01 00040 0 切手52円 00063 52 40 0 1 20151001131825 00078
0006 01 00041 0 切手82円 00063 82 41 0 1 20151001131825 00078
0006 01 00042 0 カードホルダー 00063 371 42 1 1 20151001131825 00078
0006 01 00043 0 ICチップ再発行 00063 2000 43 1 1 20151001131825 00078
0006 01 00044 0 管理費（ﾌﾟﾚｵｰﾅｰ） 00057 40000 44 0 9 2014071500000000 UserId
0006 01 00045 0 ﾄｲﾚｯﾄﾍﾟｰﾊﾟｰ(ｼﾝｸﾞﾙ) 00063 313 45 1 1 20151001131825 00078
0006 01 00046 0 ﾄｲﾚｯﾄﾍﾟｰﾊﾟｰ(ﾀﾞﾌﾞﾙ) 00063 462 46 1 1 20151001131825 00078
0006 01 00047 0 ﾃｨｯｼｭﾍﾟｰﾊﾟｰ 00063 406 47 1 1 20151001131825 00078
0006 01 00048 0 ケータリング 00063 200 48 1 1 20151001131825 00078
0006 01 00049 0 電球交換 00063 200 49 1 1 20151001131825 00078
0006 01 00050 0 通院付き添い 00063 1500 50 1 1 20151001131825 00078
0006 01 00051 0 買物代行 00063 1500 51 1 1 20151001131825 00078
0006 01 00052 0 役所代行 00063 1500 52 1 1 20151001131825 00078
0006 01 00053 0 宿泊7日目以降（1泊） 00063 1500 53 1 1 20151001131825 00078
0006 01 00054 0 ｼｰﾂｸﾘｰﾆﾝｸﾞ（1名） 00063 2000 54 1 1 20151001131825 00078
0006 01 00055 0 貸し布団代（１泊～２泊） 00063 2000 55 1 1 20151001131825 00078
0006 01 00056 0 延泊貸し布団代１泊延長 00063 500 56 1 1 20151001131825 00078
0006 01 00057 0 延泊貸し布団代２泊延長 00063 1000 57 1 1 20151001131825 00078
0006 01 00058 0 延泊貸し布団代３泊延長 00063 1500 58 1 1 20151001131825 00078
0006 01 00059 0 延宿泊貸し布団代４泊延長 00063 2000 59 1 1 20151001131825 00078
0006 01 00060 0 延泊貸し布団代５泊延長 00063 2500 60 1 1 20151001131825 00078
0006 01 00061 0 居室清掃A 00063 1500 61 1 1 20151001131825 00078
0006 01 00062 0 居室清掃B 00063 2000 62 1 1 20151001131825 00078
0006 01 00063 0 浴室清掃 00063 500 63 1 1 20151001131825 00078
0006 01 00064 0 フィルター清掃 00063 1000 64 1 1 20151001131825 00078
0006 01 00065 0 エアコンフィルター清掃　1台 00063 500 65 1 1 20151001131825 00078
0006 01 00066 0 エアコンフィルター清掃　2台 00063 800 66 1 1 20151001131825 00078
0006 01 00067 0 エアコンフィルター清掃　3台 00063 1000 67 1 1 20151001131825 00078
0006 01 00068 0 修繕・家具移動 00063 1500 68 1 1 20151001131825 00078
0006 01 00069 0 その他 00063 1500 69 1 1 20151001131825 00078
0006 01 00070 0 サービス費(セカンド利用) 00058 4000 70 1 9 2014071500000000 UserId
0006 01 00071 0 食事代（昼食）外来 00061 500 71 1 1 20151001131825 00078
0006 01 00072 0 食事代（夕食）外来 00061 700 72 1 1 20151001131825 00078
0006 01 00073 0 賃料 00056 0 73 1 9 2014071500000000 UserId
0006 01 00074 0 賃料(月払) 00056 0 74 0 9 2014071500000000 UserId
0006 01 00075 0 管理費 00057 0 75 0 9 2014071500000000 UserId
0006 01 00076 0 駐車場利用料 00059 0 76 1 9 2014071500000000 UserId
0006 01 00077 0 サービス費 00058 0 77 1 9 2014071500000000 UserId
0006 01 00078 0 食事代 00061 0 78 1 9 2014071500000000 UserId
0006 01 00079 0 食事代（追加食代） 00061 0 79 1 9 2014071500000000 UserId
0006 01 00080 0 未設定 00063 0 80 1 9 2014071500000000 UserId
0006 01 00081 0 サービス費(返金) 00058 0 81 1 9 2014071500000000 UserId
0006 01 00082 0 藤が丘ショート利用 00063 0 82 1 9 2014071500000000 UserId
0006 01 00083 0 家具オプション 00066 0 83 1 9 2014071500000000 UserId
0006 01 00084 0 その他 00064 0 84 1 9 2014071500000000 UserId
0006 01 00085 0 立替金 00065 0 85 1 9 2014071500000000 UserId
0006 01 0049744 0 ｻｰﾋﾞｽ費(ｾｶﾝﾄﾞ利用) 00058 4000 73 1 1 20151001131825 00078
0006 01 0049745 0 ルームサービス 00063 500 74 1 1 20151001131825 00078
