1 00000150 2014 02 61 0073 グランクレール・ケアサービス横浜 1211 予防訪問介護Ⅱ 2440 0 2440 5 2440 0 2440 2440 0 10.84 26449 90 23804 2645 0 n n 0 1 20140617154720 00034
1 00000150 2014 03 61 0073 グランクレール・ケアサービス横浜 1211 予防訪問介護Ⅱ 2440 0 2440 7 2440 0 2440 2440 0 10.84 26449 90 23804 2645 0 n n 0 1 20140617155716 00034
1 00000150 2014 04 61 0073 グランクレール・ケアサービス横浜 1211 予防訪問介護Ⅱ 2452 0 2452 9 2452 0 2452 2452 0 10.84 26579 90 23921 2658 0 n n 0 1 20140617160908 00034
1 00000150 2014 05 61 0073 グランクレール・ケアサービス横浜 1211 予防訪問介護Ⅱ 2452 0 2452 9 2452 0 2452 2452 0 10.84 26579 90 23921 2658 0 n n 0 1 20140818163658 00034
1 00000150 2014 06 61 0073 グランクレール・ケアサービス横浜 1211 予防訪問介護Ⅱ 2452 0 2452 7 2452 0 2452 2452 0 10.84 26579 90 23921 2658 0 n n 0 1 20140701162522 00034
1 00000150 2014 07 61 0073 グランクレール・ケアサービス横浜 1211 予防訪問介護Ⅱ 2452 0 2452 8 2452 0 2452 2452 0 10.84 26579 90 23921 2658 0 n n 0 1 20140731103411 00035
1 00000150 2014 08 61 0073 グランクレール・ケアサービス横浜 1211 予防訪問介護Ⅱ 2452 0 2452 8 2452 0 2452 2452 0 10.84 26579 90 23921 2658 0 n n 0 1 20140830201059 00038
1 00000150 2014 09 61 0073 グランクレール・ケアサービス横浜 1211 予防訪問介護Ⅱ 2452 0 2452 8 2452 0 2452 2452 0 10.84 26579 90 23921 2658 0 n n 0 1 20140930212217 00035
1 00000150 2014 10 61 0073 グランクレール・ケアサービス横浜 1211 予防訪問介護Ⅱ 2452 0 2452 9 2452 0 2452 2452 0 10.84 26579 90 23921 2658 0 n n 0 1 20141031194919 00034
1 00000150 2014 11 61 0073 グランクレール・ケアサービス横浜 1211 予防訪問介護Ⅱ 2452 0 2452 7 2452 0 2452 2452 0 10.84 26579 90 23921 2658 0 n n 0 1 20141127185941 00035
1 00000150 2014 12 61 0073 グランクレール・ケアサービス横浜 1211 予防訪問介護Ⅱ 2452 0 2452 9 2452 0 2452 2452 0 10.84 26579 90 23921 2658 0 n n 0 1 20141208143916 00171
2 00000150 2014 02 61 0073 グランクレール・ケアサービス横浜 6271 予防訪問介護処遇改善加算Ⅰ 98 0 98 1 98 0 98 98 0 10.84 1062 90 955 107 0 a g 0 1 20140617154720 00034
2 00000150 2014 03 61 0073 グランクレール・ケアサービス横浜 6271 予防訪問介護処遇改善加算Ⅰ 98 0 98 1 98 0 98 98 0 10.84 1062 90 955 107 0 a g 0 1 20140617155716 00034
2 00000150 2014 04 61 0073 グランクレール・ケアサービス横浜 6271 予防訪問介護処遇改善加算Ⅰ 98 0 98 1 98 0 98 98 0 10.84 1062 90 955 107 0 a g 0 1 20140617160908 00034
2 00000150 2014 05 61 0073 グランクレール・ケアサービス横浜 6271 予防訪問介護処遇改善加算Ⅰ 98 0 98 1 98 0 98 98 0 10.84 1062 90 955 107 0 a g 0 1 20140818163658 00034
2 00000150 2014 06 61 0073 グランクレール・ケアサービス横浜 6271 予防訪問介護処遇改善加算Ⅰ 98 0 98 1 98 0 98 98 0 10.84 1062 90 955 107 0 a g 0 1 20140701162522 00034
2 00000150 2014 07 61 0073 グランクレール・ケアサービス横浜 6271 予防訪問介護処遇改善加算Ⅰ 98 0 98 1 98 0 98 98 0 10.84 1062 90 955 107 0 a g 0 1 20140731103411 00035
2 00000150 2014 08 61 0073 グランクレール・ケアサービス横浜 6271 予防訪問介護処遇改善加算Ⅰ 98 0 98 1 98 0 98 98 0 10.84 1062 90 955 107 0 a g 0 1 20140830201059 00038
2 00000150 2014 09 61 0073 グランクレール・ケアサービス横浜 6271 予防訪問介護処遇改善加算Ⅰ 98 0 98 1 98 0 98 98 0 10.84 1062 90 955 107 0 a g 0 1 20140930212217 00035
2 00000150 2014 10 61 0073 グランクレール・ケアサービス横浜 6271 予防訪問介護処遇改善加算Ⅰ 98 0 98 1 98 0 98 98 0 10.84 1062 90 955 107 0 a g 0 1 20141031194919 00034
2 00000150 2014 11 61 0073 グランクレール・ケアサービス横浜 6271 予防訪問介護処遇改善加算Ⅰ 98 0 98 1 98 0 98 98 0 10.84 1062 90 955 107 0 a g 0 1 20141127185941 00035
2 00000150 2014 12 61 0073 グランクレール・ケアサービス横浜 6271 予防訪問介護処遇改善加算Ⅰ 98 0 98 1 98 0 98 98 0 10.84 1062 90 955 107 0 a g 0 1 20141208143916 00171
