00000150 0073 2014 02 _ 1 20140617154720 00034
00000150 0073 2014 03 _ 1 20140617155716 00034
00000150 0073 2014 04 _ 1 20140617160908 00034
00000150 0073 2014 05 _ 1 20140818163658 00034
00000150 0073 2014 06 _ 1 20140701162522 00034
00000150 0073 2014 07 _ 1 20140731103411 00035
00000150 0073 2014 08 _ 1 20140830201059 00038
00000150 0073 2014 09 _ 1 20140930212217 00035
00000150 0073 2014 10 _ 1 20141031194919 00034
00000150 0073 2014 11 _ 1 20141127185941 00035
00000150 0073 2014 12 _ 1 20141208143916 00171
