00000113 2014 03 1 1 00013 1 20140616192209 00030
00000113 2014 04 1 1 00013 1 20140616192520 00030
00000113 2014 05 1 1 00013 1 20140818150705 00030
00000113 2014 06 1 1 00031 1 20140702151642 00031
00000113 2014 07 1 1 00031 1 20140801211020 00031
00000113 2014 08 1 1 00031 1 20140901170246 00031
00000113 2014 09 1 1 00031 1 20141002114921 00031
00000113 2014 10 1 _ 00031 1 20141007183423 00031
00000113 2014 11 1 1 00031 1 20141202170259 00031
00000113 2014 12 1 _ 00031 1 20141115104430 00031
