00001183 00002 00002 05 26 7 _ 2 0 0 0 _ _ 0 0 1 20140927165249 00034
00001183 00002 00003 05 26 8 平成26年8月28日 2 0 1 0 _ 13日(水)から新規サービス開始(初回加算)。\n13日は、快く訪問介護計画書(暫定)の署名を頂く。シーツ交換も行うことができています。\n20日は、横になっておられたので、依田様にシーツ交換頼まれていましたが、できませんでした。\n27日も訪問介護計画書に快く署名頂いています。\n3日共に水周りを中心に掃除を行うことができています。\n同行含めすでにヘルパー5名が伺っていますが、今の所ひどく機嫌が悪くなるような様子はみられていません。\n 0 3 1 20140927165249 00034
00001183 00002 00004 05 26 9 平成26年9月27日 2 0 1 0 _ 3日、10日、24日は、サービス中起きることなくずっと眠っていました。\n17日は、ヘルパーが浴室掃除中に起床され、台所で洗面されていました。その後、ソファーに座り、バナナ等召し上がっています。\n浴室の洗い場が、便汚れでしょうか？茶色く汚れていたり、便器周りの床に少量の便が落ちていたことがあり、汚れがあった日は、そこを中心に掃除をさせて頂いています。\n24日より15分追加し、9：45～10：45でサービスを行っています。\n\n 0 0 1 20140927165249 00034
00001183 00003 00002 05 26 7 _ 2 0 0 0 _ _ 0 0 1 20141029111324 00034
00001183 00003 00003 05 26 8 平成26年8月28日 2 0 1 0 _ 13日(水)から新規サービス開始(初回加算)。\n13日は、快く訪問介護計画書(暫定)の署名を頂く。シーツ交換も行うことができています。\n20日は、横になっておられたので、依田様にシーツ交換頼まれていましたが、できませんでした。\n27日も訪問介護計画書に快く署名頂いています。\n3日共に水周りを中心に掃除を行うことができています。\n同行含めすでにヘルパー5名が伺っていますが、今の所ひどく機嫌が悪くなるような様子はみられていません。\n 0 3 1 20141029111324 00034
00001183 00003 00004 05 26 9 平成26年9月27日 2 0 1 0 _ 3日、10日、24日は、サービス中起きることなくずっと眠っていました。\n17日は、ヘルパーが浴室掃除中に起床され、台所で洗面されていました。その後、ソファーに座り、バナナ等召し上がっています。\n浴室の洗い場が、便汚れでしょうか？茶色く汚れていたり、便器周りの床に少量の便が落ちていたことがあり、汚れがあった日は、そこを中心に掃除をさせて頂いています。\n24日より15分追加し、9：45～10：45でサービスを行っています。\n\n 0 0 1 20141029111324 00034
00001183 00003 00005 05 26 10 平成26年10月29日 2 0 1 0 _ _ 0 3 1 20141029111424 00034
00001183 00003 00006 05 _ _ _ 1 0 0 0 _ _ 0 0 1 20141029111424 00034
00001183 00003 00007 05 _ _ _ 1 0 0 0 _ _ 0 0 1 20141029111424 00034
00001183 00003 00008 05 26 10 平成26年10月29日 2 0 0 0 _ ｔｈｄｆｊｘｄｆｈｄｓ 0 0 1 20141029111603 00034
00001183 00003 00009 05 _ _ _ 1 0 0 0 _ _ 0 0 1 20141029111603 00034
00001183 00003 00010 05 _ _ _ 1 0 0 0 _ _ 0 0 1 20141029111603 00034
00001183 00004 00011 05 26 10 平成26年10月29日 2 0 1 0 _ 29日にモニタリングを行う(別紙モニタリングシート参照)\n8日と15日は、サービス中ベッドでずっと寝ておられました。\n1日は、入室時はソファーに座っておられましたが、掃除の間にベッドでお休みされました。\n22日は、終了時に起床されています。\n29日は、サービス途中で起床、トイレに行かれています。最近トイレが間に合わないとおっしゃっていました。\n訪問時、便器周辺の汚れが酷く、トイレを重点的に掃除することが多くなっています。\n 0 3 1 20141204194455 00034
00001183 00004 00012 05 26 11 平成26年12月4日 3 0 1 0 _ 12日は、ご本人の拒否がありサービスキャンセルとなっています(キャンセル料頂きます)。\n16日(日)から週2回のサービスとなっています。16日は、トイレに行かれた時にリハパンを交換させて頂いています。19日(水)は、一度ベッド上で目を覚ましましたが、再度就寝。風呂場に排便あるリハパンが脱ぎすててありました。23日(日)リハパンもはかずにベッドに就寝されていました。リハパンをはいているとトイレに間に合わないとのこと。ポータブルトイレ内にリハパンが入っていました。排尿もあり。30日(日)も風呂場に便汚れのリハパンあり。すいませんが、処理お願いねとヘルパーに頼んでいます。間に合っていない認識がご本人にあるようです。サービス時は、だいたい寝ていることが多いですが、様子観察を行っていきます。 1 2 1 20141204194455 00034
00001183 00004 00013 05 _ _ _ 1 0 0 0 _ _ 0 0 1 20141204194455 00034
