000002362014061 00000236 2014 06 19 72 1341 10:50 16:00 0298 1 910 0 _ _ 1 1 20140701204739 39
000002362014061 00000236 2014 06 26 72 1341 10:50 16:00 0298 1 910 0 _ _ 1 1 20140701204739 39
000002362014062 00000236 2014 06 19 72 5050 10:50 16:00 0298 1 27 0 _ _ 1 1 20140701204739 39
000002362014062 00000236 2014 06 26 72 5050 10:50 16:00 0298 1 27 0 _ _ 1 1 20140701204739 39
000002362014063 00000236 2014 06 19 72 6101 10:50 16:00 0298 1 12 0 _ _ 1 1 20140701204739 39
000002362014063 00000236 2014 06 26 72 6101 10:50 16:00 0298 1 12 0 _ _ 1 1 20140701204739 39
000002362014064 00000236 2014 06 24 15 2241 09:30 12:40 0314 1 403 0 _ _ 1 1 20140701204739 39
000002362014065 00000236 2014 06 24 15 5051 09:30 12:40 0314 1 42 0 _ _ 1 1 20140701204739 39
000002362014071 00000236 2014 07 03 72 1341 10:50 16:00 0298 1 910 0 _ _ 1 1 20140802161458 39
000002362014071 00000236 2014 07 10 72 1341 10:50 16:00 0298 1 910 0 _ _ 1 1 20140802161458 39
000002362014071 00000236 2014 07 17 72 1341 10:50 16:00 0298 1 910 0 _ _ 1 1 20140802161458 39
000002362014071 00000236 2014 07 24 72 1341 10:50 16:00 0298 1 910 0 _ _ 1 1 20140802161458 39
000002362014071 00000236 2014 07 31 72 1341 10:50 16:00 0298 1 910 0 _ _ 1 1 20140802161458 39
000002362014072 00000236 2014 07 03 72 5050 10:50 16:00 0298 1 27 0 _ _ 1 1 20140802161458 39
000002362014072 00000236 2014 07 10 72 5050 10:50 16:00 0298 1 27 0 _ _ 1 1 20140802161458 39
000002362014072 00000236 2014 07 17 72 5050 10:50 16:00 0298 1 27 0 _ _ 1 1 20140802161458 39
000002362014072 00000236 2014 07 24 72 5050 10:50 16:00 0298 1 27 0 _ _ 1 1 20140802161458 39
000002362014072 00000236 2014 07 31 72 5050 10:50 16:00 0298 1 27 0 _ _ 1 1 20140802161458 39
000002362014073 00000236 2014 07 03 72 6101 10:50 16:00 0298 1 12 0 _ _ 1 1 20140802161458 39
000002362014073 00000236 2014 07 10 72 6101 10:50 16:00 0298 1 12 0 _ _ 1 1 20140802161458 39
000002362014073 00000236 2014 07 17 72 6101 10:50 16:00 0298 1 12 0 _ _ 1 1 20140802161458 39
000002362014073 00000236 2014 07 24 72 6101 10:50 16:00 0298 1 12 0 _ _ 1 1 20140802161458 39
000002362014073 00000236 2014 07 31 72 6101 10:50 16:00 0298 1 12 0 _ _ 1 1 20140802161458 39
000002362014074 00000236 2014 07 01 15 2241 09:30 12:40 0314 1 403 0 _ _ 1 1 20140802161458 39
000002362014074 00000236 2014 07 08 15 2241 09:30 12:40 0314 1 403 0 _ _ 1 1 20140802161458 39
000002362014074 00000236 2014 07 15 15 2241 09:30 12:40 0314 1 403 0 _ _ 1 1 20140802161458 39
000002362014074 00000236 2014 07 22 15 2241 09:30 12:40 0314 1 403 0 _ _ 1 1 20140802161458 39
000002362014074 00000236 2014 07 29 15 2241 09:30 12:40 0314 1 403 0 _ _ 1 1 20140802161458 39
000002362014075 00000236 2014 07 01 15 5051 09:30 12:40 0314 1 42 0 _ _ 1 1 20140802161458 39
000002362014075 00000236 2014 07 08 15 5051 09:30 12:40 0314 1 42 0 _ _ 1 1 20140802161458 39
000002362014075 00000236 2014 07 15 15 5051 09:30 12:40 0314 1 42 0 _ _ 1 1 20140802161458 39
000002362014075 00000236 2014 07 22 15 5051 09:30 12:40 0314 1 42 0 _ _ 1 1 20140802161458 39
000002362014075 00000236 2014 07 29 15 5051 09:30 12:40 0314 1 42 0 _ _ 1 1 20140802161458 39
000002362014081 00000236 2014 08 07 72 1341 10:50 16:00 0298 1 910 0 _ _ _ 1 20140729123528 26
000002362014081 00000236 2014 08 14 72 1341 10:50 16:00 0298 1 910 0 _ _ _ 1 20140729123528 26
000002362014081 00000236 2014 08 21 72 1341 10:50 16:00 0298 1 910 0 _ _ _ 1 20140729123528 26
000002362014081 00000236 2014 08 28 72 1341 10:50 16:00 0298 1 910 0 _ _ _ 1 20140729123528 26
000002362014082 00000236 2014 08 07 72 5050 10:50 16:00 0298 1 27 0 _ _ _ 1 20140729123528 26
000002362014082 00000236 2014 08 14 72 5050 10:50 16:00 0298 1 27 0 _ _ _ 1 20140729123528 26
000002362014082 00000236 2014 08 21 72 5050 10:50 16:00 0298 1 27 0 _ _ _ 1 20140729123528 26
000002362014082 00000236 2014 08 28 72 5050 10:50 16:00 0298 1 27 0 _ _ _ 1 20140729123528 26
000002362014083 00000236 2014 08 07 72 6101 10:50 16:00 0298 1 12 0 _ _ _ 1 20140729123528 26
000002362014083 00000236 2014 08 14 72 6101 10:50 16:00 0298 1 12 0 _ _ _ 1 20140729123528 26
000002362014083 00000236 2014 08 21 72 6101 10:50 16:00 0298 1 12 0 _ _ _ 1 20140729123528 26
000002362014083 00000236 2014 08 28 72 6101 10:50 16:00 0298 1 12 0 _ _ _ 1 20140729123528 26
000002362014084 00000236 2014 08 05 15 2241 09:30 12:40 0314 1 403 0 _ _ _ 1 20140729123528 26
000002362014084 00000236 2014 08 12 15 2241 09:30 12:40 0314 1 403 0 _ _ _ 1 20140729123528 26
000002362014084 00000236 2014 08 19 15 2241 09:30 12:40 0314 1 403 0 _ _ _ 1 20140729123528 26
000002362014084 00000236 2014 08 26 15 2241 09:30 12:40 0314 1 403 0 _ _ _ 1 20140729123528 26
000002362014085 00000236 2014 08 05 15 5051 09:30 12:40 0314 1 42 0 _ _ _ 1 20140729123528 26
000002362014085 00000236 2014 08 12 15 5051 09:30 12:40 0314 1 42 0 _ _ _ 1 20140729123528 26
000002362014085 00000236 2014 08 19 15 5051 09:30 12:40 0314 1 42 0 _ _ _ 1 20140729123528 26
000002362014085 00000236 2014 08 26 15 5051 09:30 12:40 0314 1 42 0 _ _ _ 1 20140729123528 26
