00001203 2014 09 18 10:00 10:59 11 7311 0029 11.26 1 236 1 20140930205406 00049
00001203 2014 09 18 14:00 14:59 11 1211 0029 11.26 1 404 1 20140930205406 00049
00001203 2014 09 21 14:30 15:29 11 1211 0029 11.26 1 404 1 20140930205406 00049
00001203 2014 09 23 15:50 16:49 11 7311 0029 11.26 1 236 1 20140930205406 00049
00001203 2014 09 25 14:10 15:09 11 1211 0029 11.26 1 404 1 20140930205406 00049
00001203 2014 09 28 14:10 15:09 11 1211 0029 11.26 1 404 1 20140930205406 00049
00001203 2014 09 28 14:10 15:09 11 7311 0029 11.26 1 236 1 20140930205125 00049
00001203 2014 09 30 15:50 16:49 11 7311 0029 11.26 1 236 1 20140930205406 00049
00001203 2014 10 02 14:10 15:09 11 1211 0029 11.26 1 404 1 20141031202716 00049
00001203 2014 10 04 15:30 16:29 11 7311 0029 11.26 1 236 1 20141031202716 00049
00001203 2014 10 05 14:10 15:09 11 1211 0029 11.26 1 404 1 20141031202716 00049
00001203 2014 10 07 17:00 17:59 11 7311 0029 11.26 1 236 1 20141031202716 00049
00001203 2014 10 11 15:00 15:59 11 7311 0029 11.26 1 236 1 20141031202716 00049
00001203 2014 10 12 14:10 15:09 11 1211 0029 11.26 1 404 1 20141031202716 00049
00001203 2014 10 14 15:50 16:49 11 7311 0029 11.26 1 236 1 20141031202716 00049
00001203 2014 10 21 15:50 16:49 11 7311 0029 11.26 1 236 1 20141031202716 00049
00001203 2014 10 23 14:10 15:09 11 1211 0029 11.26 1 404 1 20141031202716 00049
00001203 2014 10 24 13:00 13:59 11 7311 0029 11.26 1 236 1 20141031202716 00049
00001203 2014 10 25 15:50 16:49 11 1211 0029 11.26 1 404 1 20141031202716 00049
00001203 2014 10 30 14:10 15:09 11 1211 0029 11.26 1 404 1 20141031202716 00049
00001203 2014 11 01 16:00 16:59 11 7311 0029 11.26 1 236 1 20141201122117 00049
00001203 2014 11 04 17:00 17:59 11 7311 0029 11.26 1 236 1 20141201122117 00049
00001203 2014 11 08 16:00 16:59 11 7311 0029 11.26 1 236 1 20141201122117 00049
00001203 2014 11 11 17:00 17:59 11 7311 0029 11.26 1 236 1 20141201122117 00049
00001203 2014 11 15 16:00 16:59 11 7311 0029 11.26 1 236 1 20141201122117 00049
00001203 2014 11 18 17:00 17:59 11 7311 0029 11.26 1 236 1 20141201122117 00049
00001203 2014 11 22 16:00 16:59 11 7311 0029 11.26 1 236 1 20141201122117 00049
00001203 2014 11 25 17:00 17:59 11 7311 0029 11.26 1 236 1 20141201122117 00049
00001203 2014 11 29 16:00 16:59 11 7311 0029 11.26 1 236 1 20141201122117 00049
