00001203 0029 2014 09 0000002 18 00049 _ 14:00 14:59 1 _ 0 1211 1 11 1 20140930205406 00049
00001203 0029 2014 09 0000003 18 00049 _ 10:00 10:59 2 _ 0 7311 1 11 1 20140930205406 00049
00001203 0029 2014 09 0000004 21 00054 _ 14:30 15:29 1 _ 0 _ 1 11 9 20140923191710 00049
00001203 0029 2014 09 0000005 23 00049 _ 15:50 16:49 2 _ 0 7311 1 11 1 20140930205406 00049
00001203 0029 2014 09 0000006 25 00052 _ 14:10 15:09 1 _ 0 1211 1 11 1 20140930205406 00049
00001203 0029 2014 09 0000007 26 _ _ _ _ _ _ 0 _ 1 11 9 20140926210323 00049
00001203 0029 2014 09 0000008 28 _ _ _ _ _ _ 0 _ 1 11 9 20140929194550 00049
00001203 0029 2014 09 0000009 30 00050 _ 15:50 16:49 2 _ 0 7311 1 11 1 20140930205406 00049
00001203 0029 2014 09 0000010 21 00054 _ 14:30 15:29 1 _ 0 1211 1 11 1 20140930205406 00049
00001203 0029 2014 09 0000011 28 00054 _ 14:10 15:09 1 _ 0 1211 1 11 1 20140930205406 00049
00001203 0029 2014 10 0000012 02 00052 _ 14:10 15:09 1 _ 0 1211 1 11 1 20141031202716 00049
00001203 0029 2014 10 0000013 04 00052 _ 15:30 16:29 2 _ 0 7311 1 11 1 20141031202716 00049
00001203 0029 2014 10 0000014 05 00050 00049 14:10 15:09 1 _ 0 1211 1 11 1 20141031202716 00049
00001203 0029 2014 10 0000015 07 00050 _ 17:00 17:59 2 _ 0 7311 1 11 1 20141031202716 00049
00001203 0029 2014 10 0000016 09 _ _ _ _ _ _ 0 _ 1 11 9 20141014120939 00049
00001203 0029 2014 10 0000017 11 00048 _ 15:00 15:59 2 _ 0 7311 1 11 1 20141031202716 00049
00001203 0029 2014 10 0000018 12 00054 _ 14:10 15:09 1 _ 0 1211 1 11 1 20141031202716 00049
00001203 0029 2014 10 0000019 14 00050 _ 15:50 16:49 2 _ 0 7311 1 11 1 20141031202716 00049
00001203 0029 2014 10 0000020 16 _ _ _ _ _ _ 0 _ 1 11 9 20141024180935 00049
00001203 0029 2014 10 0000021 17 _ _ _ _ _ _ 0 _ 1 11 9 20141024180935 00049
00001203 0029 2014 10 0000022 19 _ _ _ _ _ _ 0 _ 1 11 9 20141024180935 00049
00001203 0029 2014 10 0000023 21 00048 _ 15:50 16:49 2 _ 0 7311 1 11 1 20141031202716 00049
00001203 0029 2014 10 0000024 23 00051 _ 14:10 15:09 1 _ 0 1211 1 11 1 20141031202716 00049
00001203 0029 2014 10 0000025 24 00050 _ 13:00 13:59 2 _ 0 7311 1 11 1 20141031202716 00049
00001203 0029 2014 10 0000026 25 00051 _ 15:50 16:49 1 _ 0 1211 1 11 1 20141031202716 00049
00001203 0029 2014 10 0000027 28 _ _ _ _ 2 _ 0 _ 1 11 9 20141028155643 00049
00001203 0029 2014 10 0000028 30 00049 _ 14:10 15:09 1 _ 0 1211 1 11 1 20141031202716 00049
00001203 0029 2014 10 0000029 31 _ _ _ _ _ _ 0 _ 1 11 9 20141031172308 00049
00001203 0029 2014 11 0000030 01 00051 _ 16:00 16:59 2 _ 0 7311 1 11 1 20141201122117 00049
00001203 0029 2014 11 0000031 02 _ _ _ _ _ _ 0 _ 1 11 9 20141107115228 00049
00001203 0029 2014 11 0000032 04 00050 _ 17:00 17:59 2 _ 0 7311 1 11 1 20141201122117 00049
00001203 0029 2014 11 0000033 06 _ _ _ _ _ _ 0 _ 1 11 9 20141107115258 00049
00001203 0029 2014 11 0000034 08 00048 _ 16:00 16:59 2 _ 0 7311 1 11 1 20141201122117 00049
00001203 0029 2014 11 0000035 09 _ _ _ _ _ _ 0 _ 1 11 9 20141107115258 00049
00001203 0029 2014 11 0000036 11 00051 _ 17:00 17:59 2 _ 0 7311 1 11 1 20141201122117 00049
00001203 0029 2014 11 0000037 13 _ _ _ _ _ _ 0 _ 1 11 9 20141119171714 00049
00001203 0029 2014 11 0000038 15 00051 _ 16:00 16:59 2 _ 0 7311 1 11 1 20141201122117 00049
00001203 0029 2014 11 0000039 16 _ _ _ _ _ _ 0 _ 1 11 9 20141119171714 00049
00001203 0029 2014 11 0000040 18 00051 _ 17:00 17:59 2 _ 0 7311 1 11 1 20141201122117 00049
00001203 0029 2014 11 0000041 20 _ _ _ _ 1 _ 0 _ 1 11 9 20141121102028 00049
00001203 0029 2014 11 0000042 22 00048 _ 16:00 16:59 2 _ 0 7311 1 11 1 20141201122117 00049
00001203 0029 2014 11 0000043 23 _ _ _ _ 1 _ 0 _ 1 11 9 20141121102028 00049
00001203 0029 2014 11 0000044 25 00048 _ 17:00 17:59 2 _ 0 7311 1 11 1 20141201122117 00049
00001203 0029 2014 11 0000045 27 _ _ _ _ 1 _ 0 _ 1 11 9 20141125133838 00049
00001203 0029 2014 11 0000046 29 00049 _ 16:00 16:59 2 _ 0 7311 1 11 1 20141201122117 00049
00001203 0029 2014 11 0000047 30 _ _ _ _ 1 _ 0 _ 1 11 9 20141125133838 00049
00001203 0029 2014 12 0000048 02 00048 _ 17:00 17:59 2 _ 0 7311 1 11 1 20141210124640 00049
00001203 0029 2014 12 0000049 06 00048 _ 16:00 16:59 2 _ 0 7311 1 11 1 20141210124640 00049
00001203 0029 2014 12 0000050 09 00051 _ 17:00 17:59 2 _ 0 7311 1 11 1 20141210124640 00049
00001203 0029 2014 12 0000051 13 _ _ 16:00 16:59 2 _ 0 7311 1 11 1 20141210124640 00049
00001203 0029 2014 12 0000052 16 _ _ 17:00 17:59 2 _ 0 7311 1 11 1 20141210124640 00049
00001203 0029 2014 12 0000053 20 _ _ 16:00 16:59 2 _ 0 7311 1 11 1 20141210124640 00049
00001203 0029 2014 12 0000054 23 _ _ 17:00 17:59 2 _ 0 7311 1 11 1 20141210124640 00049
00001203 0029 2014 12 0000055 27 _ _ 16:00 16:59 2 _ 0 7311 1 11 1 20141210124640 00049
00001203 0029 2014 12 0000056 30 _ _ 17:00 17:59 2 _ 0 7311 1 11 1 20141210124640 00049
