000000552012031 00000055 2012 03 16 13 1211 14:00 14:59 0021 1 830 0 _ _ 1 1 20141103104130 63
000000552012031 00000055 2012 03 21 13 1211 14:00 14:59 0021 1 830 0 _ _ 1 1 20141103104130 63
000000552012031 00000055 2012 03 27 13 1211 14:00 14:59 0021 1 830 0 _ _ 1 1 20141103104130 63
000000552012032 00000055 2012 03 16 13 6101 _ _ 0021 1 6 0 _ _ 1 1 20141103104130 63
000000552012032 00000055 2012 03 21 13 6101 _ _ 0021 1 6 0 _ _ 1 1 20141103104130 63
000000552012032 00000055 2012 03 27 13 6101 _ _ 0021 1 6 0 _ _ 1 1 20141103104130 63
000000552012033 00000055 2012 03 30 15 2441 10:00 16:00 0050 1 677 0 _ _ 1 1 20141103104130 63
000000552012034 00000055 2012 03 30 15 5301 _ _ 0050 1 50 0 _ _ 1 1 20141103104130 63
000000552012041 00000055 2012 04 03 13 1211 14:00 14:59 0021 1 830 0 _ _ 1 1 20140806135753 24
000000552012041 00000055 2012 04 10 13 1211 14:00 14:59 0021 1 830 0 _ _ 1 1 20140806135753 24
000000552012041 00000055 2012 04 17 13 1211 14:00 14:59 0021 1 830 0 _ _ 1 1 20140806135753 24
000000552012041 00000055 2012 04 24 13 1211 14:00 14:59 0021 1 830 0 _ _ 1 1 20140806135753 24
000000552012042 00000055 2012 04 03 13 6101 _ _ 0021 1 6 0 _ _ 1 1 20140806135753 24
000000552012042 00000055 2012 04 10 13 6101 _ _ 0021 1 6 0 _ _ 1 1 20140806135753 24
000000552012042 00000055 2012 04 17 13 6101 _ _ 0021 1 6 0 _ _ 1 1 20140806135753 24
000000552012042 00000055 2012 04 24 13 6101 _ _ 0021 1 6 0 _ _ 1 1 20140806135753 24
000000552012043 00000055 2012 04 02 15 3661 10:00 16:00 0050 1 592 0 _ _ 1 1 20140806135753 24
000000552012043 00000055 2012 04 06 15 3661 10:00 16:00 0050 1 592 0 _ _ 1 1 20140806135753 24
000000552012043 00000055 2012 04 09 15 3661 10:00 16:00 0050 1 592 0 _ _ 1 1 20140806135753 24
000000552012043 00000055 2012 04 13 15 3661 10:00 16:00 0050 1 592 0 _ _ 1 1 20140806135753 24
000000552012043 00000055 2012 04 16 15 3661 10:00 16:00 0050 1 592 0 _ _ 1 1 20140806135753 24
000000552012043 00000055 2012 04 20 15 3661 10:00 16:00 0050 1 592 0 _ _ 1 1 20140806135753 24
000000552012043 00000055 2012 04 23 15 3661 10:00 16:00 0050 1 592 0 _ _ 1 1 20140806135753 24
000000552012043 00000055 2012 04 27 15 3661 10:00 16:00 0050 1 592 0 _ _ 1 1 20140806135753 24
000000552012043 00000055 2012 04 30 15 3661 10:00 16:00 0050 1 592 0 _ _ 1 1 20140806135753 24
000000552012044 00000055 2012 04 06 15 5301 _ _ 0050 1 50 0 _ _ 1 1 20140806135753 24
000000552012044 00000055 2012 04 13 15 5301 _ _ 0050 1 50 0 _ _ 1 1 20140806135753 24
000000552012044 00000055 2012 04 20 15 5301 _ _ 0050 1 50 0 _ _ 1 1 20140806135753 24
000000552012044 00000055 2012 04 27 15 5301 _ _ 0050 1 50 0 _ _ 1 1 20140806135753 24
000000552012045 00000055 2012 04 05 11 1311 14:00 15:29 0070 1 584 0 _ _ 1 1 20140806135753 24
000000552012045 00000055 2012 04 12 11 1311 14:00 15:29 0070 1 584 0 _ _ 1 1 20140806135753 24
000000552012045 00000055 2012 04 19 11 1311 14:00 15:29 0070 1 584 0 _ _ 1 1 20140806135753 24
000000552012045 00000055 2012 04 26 11 1311 14:00 15:29 0070 1 584 0 _ _ 1 1 20140806135753 24
000000552012046 00000055 2012 04 05 11 4001 _ _ 0070 1 200 0 _ _ 1 1 20140806135753 24
