00000146 0070 2014 06 0000002 01 00017 _ 07:30 07:50 1 _ 0 1112 1 11 1 20140701102145 00078
00000146 0070 2014 06 0000003 01 00019 _ 19:00 19:20 1 _ 0 1112 1 11 1 20140701102145 00078
00000146 0070 2014 06 0000004 02 00019 _ 07:30 07:50 1 _ 0 1112 1 11 1 20140701102145 00078
00000146 0070 2014 06 0000005 02 00083 _ 19:00 19:20 1 _ 0 1112 1 11 1 20140701102145 00078
00000146 0070 2014 06 0000006 03 00083 _ 07:30 07:50 1 _ 0 1112 1 11 1 20140701102145 00078
00000146 0070 2014 06 0000007 03 00011 00015 14:45 16:05 4 _ 0 5111 1 11 1 20140701102145 00078
00000146 0070 2014 06 0000008 03 00016 _ 19:00 19:20 1 _ 0 1112 1 11 1 20140701102145 00078
00000146 0070 2014 06 0000009 04 00016 _ 07:30 07:50 1 _ 0 1112 1 11 1 20140701102145 00078
00000146 0070 2014 06 0000010 04 00015 _ 19:00 19:20 1 _ 0 1112 1 11 1 20140701102145 00078
00000146 0070 2014 06 0000011 05 00015 _ 07:30 07:50 1 _ 0 1112 1 11 1 20140701102145 00078
00000146 0070 2014 06 0000012 05 00082 _ 19:00 19:20 1 _ 0 1112 1 11 1 20140701102145 00078
00000146 0070 2014 06 0000013 06 00082 _ 07:30 07:50 1 _ 0 1112 1 11 1 20140701102145 00078
00000146 0070 2014 06 0000014 06 00014 _ 14:45 15:44 1 _ 0 1211 1 11 1 20140701102145 00078
00000146 0070 2014 06 0000015 06 00017 _ 19:00 19:20 1 _ 0 1112 1 11 1 20140701102145 00078
00000146 0070 2014 06 0000016 07 00017 _ 07:30 07:50 1 _ 0 1112 1 11 1 20140701102145 00078
00000146 0070 2014 06 0000017 07 00019 _ 20:00 20:20 1 _ 0 1112 1 11 1 20140701102145 00078
00000146 0070 2014 06 0000018 08 00019 _ 07:30 07:50 1 _ 0 1112 1 11 1 20140701102145 00078
00000146 0070 2014 06 0000019 09 00016 _ 07:30 07:50 1 _ 0 1112 1 11 1 20140701102145 00078
00000146 0070 2014 06 0000020 09 00082 _ 19:00 19:20 1 _ 0 1112 1 11 1 20140701102145 00078
00000146 0070 2014 06 0000021 10 00082 _ 07:30 07:50 1 _ 0 1112 1 11 1 20140701102145 00078
00000146 0070 2014 06 0000022 10 00083 00011 14:45 16:05 4 _ 0 5111 1 11 1 20140701102145 00078
00000146 0070 2014 06 0000023 10 00015 _ 19:00 19:20 1 _ 0 1112 1 11 1 20140701102145 00078
00000146 0070 2014 06 0000024 11 00015 _ 07:30 07:50 1 _ 0 1112 1 11 1 20140701102145 00078
00000146 0070 2014 06 0000025 11 00017 _ 19:00 19:20 1 _ 0 1112 1 11 1 20140701102145 00078
00000146 0070 2014 06 0000026 12 00017 _ 07:30 07:50 1 _ 0 1112 1 11 1 20140701102145 00078
00000146 0070 2014 06 0000027 08 00016 _ 19:00 19:20 1 _ 0 1112 1 11 1 20140701102145 00078
00000146 0070 2014 06 0000028 13 00083 _ 07:30 07:50 1 _ 0 1112 1 11 1 20140701102145 00078
00000146 0070 2014 06 0000029 12 00083 _ 18:45 19:05 1 _ 0 1112 1 11 1 20140701102145 00078
00000146 0070 2014 06 0000030 13 00019 _ 19:00 19:20 1 _ 0 1112 1 11 1 20140701102145 00078
00000146 0070 2014 06 0000031 13 00015 _ 14:45 15:44 1 _ 0 1211 1 11 1 20140701102145 00078
00000146 0070 2014 06 0000032 14 00019 _ 07:30 07:50 1 _ 0 1112 1 11 1 20140701102145 00078
00000146 0070 2014 06 0000033 14 00016 _ 19:00 19:20 1 _ 0 1112 1 11 1 20140701102145 00078
00000146 0070 2014 06 0000034 15 00016 _ 07:30 07:50 1 _ 0 1112 1 11 1 20140701102145 00078
00000146 0070 2014 06 0000035 15 00082 _ 19:00 19:20 1 _ 0 1112 1 11 1 20140701102145 00078
00000146 0070 2014 06 0000036 16 00082 _ 07:30 07:50 1 _ 0 1112 1 11 1 20140701102145 00078
00000146 0070 2014 06 0000037 16 00017 _ 19:00 19:20 1 _ 0 1112 1 11 1 20140701102145 00078
00000146 0070 2014 06 0000038 17 00017 _ 07:30 07:50 1 _ 0 1112 1 11 1 20140701102145 00078
00000146 0070 2014 06 0000039 17 00016 00083 14:45 16:05 4 _ 0 5111 1 11 1 20140701102145 00078
00000146 0070 2014 06 0000040 17 00015 _ 19:00 19:20 1 _ 0 1112 1 11 1 20140701102145 00078
00000146 0070 2014 06 0000041 18 00015 _ 07:30 07:50 1 _ 0 1112 1 11 1 20140701102145 00078
00000146 0070 2014 06 0000042 18 00083 _ 19:00 19:20 1 _ 0 1112 1 11 1 20140701102145 00078
00000146 0070 2014 06 0000043 19 00083 _ 07:30 07:50 1 _ 0 1112 1 11 1 20140701102145 00078
00000146 0070 2014 06 0000044 19 00016 _ 19:00 19:20 1 _ 0 1112 1 11 1 20140701102145 00078
00000146 0070 2014 06 0000045 20 00016 _ 07:30 07:50 1 _ 0 1112 1 11 1 20140701102145 00078
00000146 0070 2014 06 0000046 20 00015 _ 14:45 15:44 1 _ 0 1211 1 11 1 20140701102145 00078
00000146 0070 2014 06 0000047 20 00082 _ 19:00 19:20 1 _ 0 1112 1 11 1 20140701102145 00078
00000146 0070 2014 06 0000048 21 00082 _ 07:30 07:50 1 _ 0 1112 1 11 1 20140701102145 00078
00000146 0070 2014 06 0000049 21 00011 _ 20:00 20:20 1 _ 0 1112 1 11 1 20140701102145 00078
00000146 0070 2014 06 0000050 22 00011 _ 07:30 07:50 1 _ 0 1112 1 11 1 20140701102145 00078
00000146 0070 2014 06 0000051 22 00083 _ 19:00 19:20 1 _ 0 1112 1 11 1 20140701102145 00078
00000146 0070 2014 06 0000052 23 00083 _ 07:30 07:50 1 _ 0 1112 1 11 1 20140701102145 00078
00000146 0070 2014 06 0000053 23 00015 _ 19:00 19:20 1 _ 0 1112 1 11 1 20140701102145 00078
00000146 0070 2014 06 0000054 24 00015 _ 07:30 07:50 1 _ 0 1112 1 11 1 20140701102145 00078
00000146 0070 2014 06 0000055 24 00092 00017 14:45 16:05 4 _ 0 5111 1 11 1 20140701102145 00078
00000146 0070 2014 06 0000056 25 00019 _ 07:30 07:50 1 _ 0 1112 1 11 1 20140701102145 00078
00000146 0070 2014 06 0000057 24 00019 _ 19:00 19:20 1 _ 0 1112 1 11 1 20140701102145 00078
00000146 0070 2014 06 0000058 25 00017 _ 19:00 19:20 1 _ 0 1112 1 11 1 20140701102145 00078
00000146 0070 2014 06 0000059 26 00017 _ 07:30 07:50 1 _ 0 1112 1 11 1 20140701102145 00078
00000146 0070 2014 06 0000060 26 00016 _ 19:00 19:20 1 _ 0 1112 1 11 1 20140701102145 00078
00000146 0070 2014 06 0000061 27 00016 _ 07:30 07:50 1 _ 0 1112 1 11 1 20140701102145 00078
00000146 0070 2014 06 0000062 27 00019 _ 14:45 15:44 1 _ 0 1211 1 11 1 20140701102145 00078
00000146 0070 2014 06 0000063 27 00092 _ 19:00 19:20 1 _ 0 1112 1 11 1 20140701102145 00078
00000146 0070 2014 06 0000064 28 00092 _ 07:30 07:50 1 _ 0 1112 1 11 1 20140701102145 00078
00000146 0070 2014 06 0000065 28 00019 _ 19:00 19:20 1 _ 0 1112 1 11 1 20140701102145 00078
00000146 0070 2014 06 0000066 29 00019 _ 07:30 07:50 1 _ 0 1112 1 11 1 20140701102145 00078
00000146 0070 2014 06 0000067 30 00015 _ 07:30 07:50 1 _ 0 1112 1 11 1 20140701102145 00078
00000146 0070 2014 06 0000068 29 00015 _ 19:00 19:20 1 _ 0 1112 1 11 1 20140701102145 00078
00000146 0070 2014 06 0000069 30 00017 _ 19:00 19:20 1 _ 0 1112 1 11 1 20140701102145 00078
00000146 0070 2014 07 0000070 01 00017 _ 07:30 07:50 1 _ 0 1112 1 11 1 20140801115853 00034
00000146 0070 2014 07 0000071 01 00082 00016 14:45 16:05 4 _ 0 5111 1 11 1 20140801115853 00034
00000146 0070 2014 07 0000072 01 00083 _ 19:00 19:20 1 _ 0 1112 1 11 1 20140801115853 00034
00000146 0070 2014 07 0000073 02 00083 _ 07:30 07:50 1 _ 0 1112 1 11 1 20140801115853 00034
00000146 0070 2014 07 0000074 02 00016 _ 19:00 19:20 1 _ 0 1112 1 11 1 20140801115853 00034
00000146 0070 2014 07 0000075 03 00016 _ 07:30 07:50 1 _ 0 1112 1 11 1 20140801115853 00034
00000146 0070 2014 07 0000076 03 00019 _ 19:00 19:20 1 _ 0 1112 1 11 1 20140801115853 00034
00000146 0070 2014 07 0000077 04 00019 _ 07:30 07:50 1 _ 0 1112 1 11 1 20140801115853 00034
00000146 0070 2014 07 0000078 04 00083 _ 14:45 15:44 1 _ 0 1211 1 11 1 20140801115853 00034
00000146 0070 2014 07 0000079 04 00015 _ 19:00 19:20 1 _ 0 1112 1 11 1 20140801115853 00034
00000146 0070 2014 07 0000080 05 00015 _ 07:30 07:50 1 _ 0 1112 1 11 1 20140801115853 00034
00000146 0070 2014 07 0000081 05 00017 _ 19:00 19:20 1 _ 0 1112 1 11 1 20140801115853 00034
00000146 0070 2014 07 0000082 06 00092 _ 07:30 07:50 1 _ 0 1112 1 11 1 20140801115853 00034
00000146 0070 2014 07 0000083 06 00082 _ 19:00 19:20 1 _ 0 1112 1 11 1 20140801115853 00034
00000146 0070 2014 07 0000084 07 00082 _ 07:30 07:50 1 _ 0 1112 1 11 1 20140801115853 00034
00000146 0070 2014 07 0000085 07 00083 _ 19:00 19:20 1 _ 0 1112 1 11 1 20140801115853 00034
00000146 0070 2014 07 0000086 08 00083 _ 07:30 07:50 1 _ 0 1112 1 11 1 20140801115853 00034
00000146 0070 2014 07 0000087 08 00092 00015 14:45 16:05 4 _ 0 5111 1 11 1 20140801115853 00034
00000146 0070 2014 07 0000088 08 00019 _ 19:00 19:20 1 _ 0 1112 1 11 1 20140801115853 00034
00000146 0070 2014 07 0000089 09 00019 _ 07:30 07:50 1 _ 0 1112 1 11 1 20140801115853 00034
00000146 0070 2014 07 0000090 09 00015 _ 19:00 19:20 1 _ 0 1112 1 11 1 20140801115853 00034
00000146 0070 2014 07 0000091 10 00015 _ 07:30 07:50 1 _ 0 1112 1 11 1 20140801115853 00034
00000146 0070 2014 07 0000092 10 00016 _ 19:00 19:20 1 _ 0 1112 1 11 1 20140801115853 00034
00000146 0070 2014 07 0000093 11 00016 _ 07:30 07:50 1 _ 0 1112 1 11 1 20140801115853 00034
00000146 0070 2014 07 0000094 11 00093 _ 14:45 15:44 1 _ 0 1211 1 11 1 20140801115853 00034
00000146 0070 2014 07 0000095 11 00017 _ 19:00 19:20 1 _ 0 1112 1 11 1 20140801115853 00034
00000146 0070 2014 07 0000096 12 00017 _ 07:30 07:50 1 _ 0 1112 1 11 1 20140801115853 00034
00000146 0070 2014 07 0000097 12 00092 _ 19:00 19:20 1 _ 0 1112 1 11 1 20140801115853 00034
00000146 0070 2014 07 0000098 13 00092 _ 07:30 07:50 1 _ 0 1112 1 11 1 20140801115853 00034
00000146 0070 2014 07 0000099 13 00082 _ 19:00 19:20 1 _ 0 1112 1 11 1 20140801115853 00034
00000146 0070 2014 07 0000100 14 00082 _ 07:30 07:50 1 _ 0 1112 1 11 1 20140801115853 00034
00000146 0070 2014 07 0000101 14 00016 _ 19:00 19:20 1 _ 0 1112 1 11 1 20140801115853 00034
00000146 0070 2014 07 0000102 15 00016 _ 07:30 07:50 1 _ 0 1112 1 11 1 20140801115853 00034
00000146 0070 2014 07 0000103 15 00019 00017 14:45 16:05 4 _ 0 5111 1 11 1 20140801115853 00034
00000146 0070 2014 07 0000104 15 00015 _ 19:00 19:20 1 _ 0 1112 1 11 1 20140801115853 00034
00000146 0070 2014 07 0000105 16 00015 _ 07:30 07:50 1 _ 0 1112 1 11 1 20140801115853 00034
00000146 0070 2014 07 0000106 16 00017 _ 19:00 19:20 1 _ 0 1112 1 11 1 20140801115853 00034
00000146 0070 2014 07 0000107 17 00017 _ 07:30 07:50 1 _ 0 1112 1 11 1 20140801115853 00034
00000146 0070 2014 07 0000108 17 00092 _ 19:00 19:20 1 _ 0 1112 1 11 1 20140801115853 00034
00000146 0070 2014 07 0000109 18 00092 _ 07:30 07:50 1 _ 0 1112 1 11 1 20140801115853 00034
00000146 0070 2014 07 0000110 19 00015 _ 19:00 19:20 1 _ 0 1112 1 11 1 20140801115853 00034
00000146 0070 2014 07 0000111 20 00015 _ 07:30 07:50 1 _ 0 1112 1 11 1 20140801115853 00034
00000146 0070 2014 07 0000112 18 00082 _ 19:00 19:20 1 _ 0 1112 1 11 1 20140801115853 00034
00000146 0070 2014 07 0000113 19 00082 _ 07:30 07:50 1 _ 0 1112 1 11 1 20140801115853 00034
00000146 0070 2014 07 0000114 18 00016 _ 14:45 15:44 1 _ 0 1211 1 11 1 20140801115853 00034
00000146 0070 2014 07 0000115 20 00016 _ 19:00 19:20 1 _ 0 1112 1 11 1 20140801115853 00034
00000146 0070 2014 07 0000116 21 00016 _ 07:30 07:50 1 _ 0 1112 1 11 1 20140801115853 00034
00000146 0070 2014 07 0000117 21 00019 _ 19:00 19:20 1 _ 0 1112 1 11 1 20140801115853 00034
00000146 0070 2014 07 0000118 22 00019 _ 07:30 07:50 1 _ 0 1112 1 11 1 20140801115853 00034
00000146 0070 2014 07 0000119 22 00082 00017 14:45 16:05 4 _ 0 5111 1 11 1 20140801115853 00034
00000146 0070 2014 07 0000120 22 00092 _ 19:00 19:20 1 _ 0 1112 1 11 1 20140801115853 00034
00000146 0070 2014 07 0000121 23 00092 _ 07:30 07:50 1 _ 0 1112 1 11 1 20140801115853 00034
00000146 0070 2014 07 0000122 23 00017 _ 19:00 19:20 1 _ 0 1112 1 11 1 20140801115853 00034
00000146 0070 2014 07 0000123 24 00017 _ 07:30 07:50 1 _ 0 1112 1 11 1 20140801115853 00034
00000146 0070 2014 07 0000124 24 00082 _ 19:00 19:20 1 _ 0 1112 1 11 1 20140801115853 00034
00000146 0070 2014 07 0000125 25 00082 _ 07:30 07:50 1 _ 0 1112 1 11 1 20140801115853 00034
00000146 0070 2014 07 0000126 25 00011 _ 14:45 15:44 1 _ 0 1211 1 11 1 20140801115853 00034
00000146 0070 2014 07 0000127 25 00083 _ 19:00 19:20 1 _ 0 1112 1 11 1 20140801115853 00034
00000146 0070 2014 07 0000128 26 00083 _ 07:30 07:50 1 _ 0 1112 1 11 1 20140801115853 00034
00000146 0070 2014 07 0000129 26 00019 _ 19:00 19:20 1 _ 0 1112 1 11 1 20140801115853 00034
00000146 0070 2014 07 0000130 27 00019 _ 07:30 07:50 1 _ 0 1112 1 11 1 20140801115853 00034
00000146 0070 2014 07 0000131 27 00015 _ 19:00 19:20 1 _ 0 1112 1 11 1 20140801115853 00034
00000146 0070 2014 07 0000132 28 00015 _ 07:30 07:50 1 _ 0 1112 1 11 1 20140801115853 00034
00000146 0070 2014 07 0000133 28 00017 _ 19:10 19:30 1 _ 0 1112 1 11 1 20140801115853 00034
00000146 0070 2014 07 0000134 29 00017 _ 07:30 07:50 1 _ 0 1112 1 11 1 20140801115853 00034
00000146 0070 2014 07 0000135 29 00083 00016 14:45 16:05 4 _ 0 5111 1 11 1 20140801115853 00034
00000146 0070 2014 07 0000136 29 00092 _ 18:30 18:50 1 _ 0 1112 1 11 1 20140801115853 00034
00000146 0070 2014 07 0000137 30 00092 _ 07:30 07:50 1 _ 0 1112 1 11 1 20140801115853 00034
00000146 0070 2014 08 0000138 01 00019 _ 07:30 07:50 1 _ 0 1112 1 11 1 20140831213635 00014
00000146 0070 2014 08 0000139 01 00017 _ 14:45 15:44 1 _ 0 1211 1 11 1 20140831213635 00014
00000146 0070 2014 08 0000140 01 00082 _ 19:00 19:20 1 _ 0 1112 1 11 1 20140831213635 00014
00000146 0070 2014 08 0000141 02 00082 _ 07:30 07:50 1 _ 0 1112 1 11 1 20140831213635 00014
00000146 0070 2014 08 0000142 02 00083 _ 19:00 19:20 1 _ 0 1112 1 11 1 20140831213635 00014
00000146 0070 2014 08 0000143 03 00083 _ 07:30 07:50 1 _ 0 1112 1 11 1 20140831213635 00014
00000146 0070 2014 08 0000144 03 00092 _ 19:00 19:20 1 _ 0 1112 1 11 1 20140831213635 00014
00000146 0070 2014 08 0000145 04 00092 _ 07:30 07:50 1 _ 0 1112 1 11 1 20140831213635 00014
00000146 0070 2014 08 0000146 04 00017 _ 19:00 19:20 1 _ 0 1112 1 11 1 20140831213635 00014
00000146 0070 2014 08 0000147 05 00017 _ 07:30 07:50 1 _ 0 1112 1 11 1 20140831213635 00014
00000146 0070 2014 08 0000148 05 00096 00082 14:45 16:05 4 _ 0 5111 1 11 1 20140831213635 00014
00000146 0070 2014 08 0000149 05 00016 _ 19:00 19:20 1 _ 0 1112 1 11 1 20140831213635 00014
00000146 0070 2014 08 0000150 06 00016 _ 07:30 07:50 1 _ 0 1112 1 11 1 20140831213635 00014
00000146 0070 2014 08 0000151 06 00015 _ 19:00 19:20 1 _ 0 1112 1 11 1 20140831213635 00014
00000146 0070 2014 08 0000152 07 00015 _ 07:30 07:50 1 _ 0 1112 1 11 1 20140831213635 00014
00000146 0070 2014 08 0000153 07 00082 _ 19:00 19:20 1 _ 0 1112 1 11 1 20140831213635 00014
00000146 0070 2014 08 0000154 08 00082 _ 07:30 07:50 1 _ 0 1112 1 11 1 20140831213635 00014
00000146 0070 2014 08 0000155 08 00096 _ 14:45 15:44 1 _ 0 1211 1 11 1 20140831213635 00014
00000146 0070 2014 08 0000156 08 00019 _ 19:00 19:20 1 _ 0 1112 1 11 1 20140831213635 00014
00000146 0070 2014 08 0000157 09 00019 _ 07:30 07:50 1 _ 0 1112 1 11 1 20140831213635 00014
00000146 0070 2014 08 0000158 09 00092 _ 19:00 19:20 1 _ 0 1112 1 11 1 20140831213635 00014
00000146 0070 2014 08 0000159 10 00092 _ 07:30 07:50 1 _ 0 1112 1 11 1 20140831213635 00014
00000146 0070 2014 08 0000160 10 00016 _ 19:00 19:20 1 _ 0 1112 1 11 1 20140831213635 00014
00000146 0070 2014 08 0000161 11 00016 _ 07:30 07:50 1 _ 0 1112 1 11 1 20140831213635 00014
00000146 0070 2014 08 0000162 11 00083 _ 19:00 19:20 1 _ 0 1112 1 11 1 20140831213635 00014
00000146 0070 2014 08 0000163 12 00083 _ 07:30 07:50 1 _ 0 1112 1 11 1 20140831213635 00014
00000146 0070 2014 08 0000164 12 00096 00019 14:45 16:05 4 _ 0 5111 1 11 1 20140831213635 00014
00000146 0070 2014 08 0000165 12 00017 _ 19:00 19:20 1 _ 0 1112 1 11 1 20140831213635 00014
00000146 0070 2014 08 0000166 13 00017 _ 07:30 07:50 1 _ 0 1112 1 11 1 20140831213635 00014
00000146 0070 2014 08 0000167 13 00019 _ 19:00 19:20 1 _ 0 1112 1 11 1 20140831213635 00014
00000146 0070 2014 08 0000168 14 00019 _ 07:30 07:50 1 _ 0 1112 1 11 1 20140831213635 00014
00000146 0070 2014 08 0000169 14 00016 _ 19:00 19:20 1 _ 0 1112 1 11 1 20140831213635 00014
00000146 0070 2014 08 0000170 15 00016 _ 07:30 07:50 1 _ 0 1112 1 11 1 20140831213635 00014
00000146 0070 2014 08 0000171 15 00015 _ 14:45 15:44 1 _ 0 1211 1 11 1 20140831213635 00014
00000146 0070 2014 08 0000172 15 00092 _ 19:00 19:20 1 _ 0 1112 1 11 1 20140831213635 00014
00000146 0070 2014 08 0000173 16 00092 _ 07:30 07:50 1 _ 0 1112 1 11 1 20140831213635 00014
00000146 0070 2014 08 0000174 16 00017 _ 19:00 19:20 1 _ 0 1112 1 11 1 20140831213635 00014
00000146 0070 2014 08 0000175 17 00017 _ 07:30 07:50 1 _ 0 1112 1 11 1 20140831213635 00014
00000146 0070 2014 08 0000176 17 00082 _ 19:00 19:20 1 _ 0 1112 1 11 1 20140831213635 00014
00000146 0070 2014 08 0000177 18 00082 _ 07:30 07:50 1 _ 0 1112 1 11 1 20140831213635 00014
00000146 0070 2014 08 0000178 18 00083 _ 19:00 19:20 1 _ 0 1112 1 11 1 20140831213635 00014
00000146 0070 2014 08 0000179 19 00083 _ 07:30 07:50 1 _ 0 1112 1 11 1 20140831213635 00014
00000146 0070 2014 08 0000180 19 00017 00095 14:45 16:05 4 _ 0 5111 1 11 1 20140831213635 00014
00000146 0070 2014 08 0000181 19 00019 _ 19:00 19:20 1 _ 0 1112 1 11 1 20140831213635 00014
00000146 0070 2014 08 0000182 20 00019 _ 07:30 07:50 1 _ 0 1112 1 11 1 20140831213635 00014
00000146 0070 2014 08 0000183 20 00092 _ 19:00 19:20 1 _ 0 1112 1 11 1 20140831213635 00014
00000146 0070 2014 08 0000184 21 00092 _ 07:30 07:50 1 _ 0 1112 1 11 1 20140831213635 00014
00000146 0070 2014 08 0000185 21 00016 _ 19:00 19:20 1 _ 0 1112 1 11 1 20140831213635 00014
00000146 0070 2014 08 0000186 22 00016 _ 07:30 07:50 1 _ 0 1112 1 11 1 20140831213635 00014
00000146 0070 2014 08 0000187 22 00093 _ 14:45 15:44 1 _ 0 1211 1 11 1 20140831213635 00014
00000146 0070 2014 08 0000188 22 00015 _ 19:00 19:20 1 _ 0 1112 1 11 1 20140831213635 00014
00000146 0070 2014 08 0000189 23 00015 _ 07:30 07:50 1 _ 0 1112 1 11 1 20140831213635 00014
00000146 0070 2014 08 0000190 23 00083 _ 19:00 19:20 1 _ 0 1112 1 11 1 20140831213635 00014
00000146 0070 2014 08 0000191 24 00083 _ 07:30 07:50 1 _ 0 1112 1 11 1 20140831213635 00014
00000146 0070 2014 08 0000192 24 00017 _ 19:00 19:20 1 _ 0 1112 1 11 1 20140831213635 00014
00000146 0070 2014 08 0000193 25 00017 _ 07:30 07:50 1 _ 0 1112 1 11 1 20140831213635 00014
00000146 0070 2014 08 0000194 25 00092 _ 19:00 19:20 1 _ 0 1112 1 11 1 20140831213635 00014
00000146 0070 2014 08 0000195 26 00092 _ 07:30 07:50 1 _ 0 1112 1 11 1 20140831213635 00014
00000146 0070 2014 08 0000196 26 00083 00093 14:45 16:05 4 _ 0 5111 1 11 1 20140831213635 00014
00000146 0070 2014 08 0000197 26 00019 _ 19:00 19:20 1 _ 0 1112 1 11 1 20140831213635 00014
00000146 0070 2014 08 0000198 27 00019 _ 07:30 07:50 1 _ 0 1112 1 11 1 20140831213635 00014
00000146 0070 2014 08 0000199 27 00015 _ 19:00 19:20 1 _ 0 1112 1 11 1 20140831213635 00014
00000146 0070 2014 08 0000200 28 00015 _ 07:30 07:50 1 _ 0 1112 1 11 1 20140831213635 00014
00000146 0070 2014 08 0000201 28 00083 _ 19:00 19:20 1 _ 0 1112 1 11 1 20140831213635 00014
00000146 0070 2014 08 0000202 29 00083 _ 07:30 07:50 1 _ 0 1112 1 11 1 20140831213635 00014
00000146 0070 2014 08 0000203 29 00096 _ 14:45 15:44 1 _ 0 1211 1 11 1 20140831213635 00014
00000146 0070 2014 08 0000204 29 00017 _ 19:00 19:20 1 _ 0 1112 1 11 1 20140831213635 00014
00000146 0070 2014 08 0000205 30 00017 _ 07:30 07:50 1 _ 0 1112 1 11 1 20140831213635 00014
00000146 0070 2014 08 0000206 30 00016 _ 19:00 19:20 1 _ 0 1112 1 11 1 20140831213635 00014
00000146 0070 2014 08 0000207 31 00016 _ 07:30 07:50 1 _ 0 1112 1 11 1 20140831213635 00014
00000146 0070 2014 08 0000208 31 00015 _ 19:00 19:20 1 _ 0 1112 1 11 1 20140831213635 00014
00000146 0070 2014 09 0000209 01 00015 _ 07:30 07:50 1 _ 0 1112 1 11 1 20140930213329 00014
00000146 0070 2014 09 0000210 01 00082 _ 19:00 19:20 1 _ 0 1112 1 11 1 20140930213329 00014
00000146 0070 2014 09 0000211 02 00082 _ 07:30 07:50 1 _ 0 1112 1 11 1 20140930213329 00014
00000146 0070 2014 09 0000212 02 00017 00095 14:45 16:05 4 _ 0 5111 1 11 1 20140930213329 00014
00000146 0070 2014 09 0000213 02 00092 _ 19:10 19:30 1 _ 0 1112 1 11 1 20140930213329 00014
00000146 0070 2014 09 0000214 03 00092 _ 07:30 07:50 1 _ 0 1112 1 11 1 20140930213329 00014
00000146 0070 2014 09 0000215 03 00019 _ 19:00 19:20 1 _ 0 1112 1 11 1 20140930213329 00014
00000146 0070 2014 09 0000216 04 00019 _ 07:30 07:50 1 _ 0 1112 1 11 1 20140930213329 00014
00000146 0070 2014 09 0000217 04 00015 _ 19:00 19:20 1 _ 0 1112 1 11 1 20140930213329 00014
00000146 0070 2014 09 0000218 05 00015 _ 07:30 07:50 1 _ 0 1112 1 11 1 20140930213329 00014
00000146 0070 2014 09 0000219 05 _ _ 14:45 15:44 _ _ 0 _ 1 11 9 20140909104306 00014
00000146 0070 2014 09 0000220 05 00017 _ 19:00 19:20 1 _ 0 1112 1 11 1 20140930213329 00014
00000146 0070 2014 09 0000221 06 00017 _ 07:30 07:50 1 _ 0 1112 1 11 1 20140930213329 00014
00000146 0070 2014 09 0000222 06 00096 _ 19:00 19:20 1 _ 0 1112 1 11 1 20140930213329 00014
00000146 0070 2014 09 0000223 07 00096 _ 07:30 07:50 1 _ 0 1112 1 11 1 20140930213329 00014
00000146 0070 2014 09 0000224 07 00016 _ 19:00 19:20 1 _ 0 1112 1 11 1 20140930213329 00014
00000146 0070 2014 09 0000225 08 00016 _ 07:30 07:50 1 _ 0 1112 1 11 1 20140930213329 00014
00000146 0070 2014 09 0000226 08 00015 _ 15:50 16:35 1 _ 0 1211 1 11 1 20140930213329 00014
00000146 0070 2014 09 0000227 09 00092 _ 07:30 07:50 1 _ 0 1112 1 11 1 20140930213329 00014
00000146 0070 2014 09 0000228 09 _ _ _ _ _ _ 0 _ 1 11 9 20140911141053 00014
00000146 0070 2014 09 0000229 09 _ _ _ _ _ _ 0 _ 1 11 9 20140911141053 00014
00000146 0070 2014 09 0000230 10 00082 _ 07:30 07:50 1 _ 0 1112 1 11 1 20140930213329 00014
00000146 0070 2014 09 0000231 10 _ _ _ _ _ _ 0 _ 1 11 9 20140911141053 00014
00000146 0070 2014 09 0000232 11 00015 _ 07:30 07:50 1 _ 0 1112 1 11 1 20140930213329 00014
00000146 0070 2014 09 0000233 11 _ _ _ _ _ _ 0 _ 1 11 9 20140911141053 00014
00000146 0070 2014 09 0000234 12 00019 _ 07:30 07:50 1 _ 0 1112 1 11 1 20140930213329 00014
00000146 0070 2014 09 0000235 12 00082 _ 14:45 15:30 1 _ 0 _ 1 11 9 20140913114035 00014
00000146 0070 2014 09 0000236 12 _ _ _ _ _ _ 0 _ 1 11 9 20140911141053 00014
00000146 0070 2014 09 0000237 13 00017 _ 07:30 07:50 1 _ 0 1112 1 11 1 20140930213329 00014
00000146 0070 2014 09 0000238 13 _ _ _ _ _ _ 0 _ 1 11 9 20140911141053 00014
00000146 0070 2014 09 0000239 14 00096 _ 07:30 07:50 1 _ 0 1112 1 11 1 20140930213329 00014
00000146 0070 2014 09 0000240 14 _ _ _ _ _ _ 0 _ 1 11 9 20140911141053 00014
00000146 0070 2014 09 0000241 15 00082 _ 07:30 07:50 1 _ 0 1112 1 11 1 20140930213329 00014
00000146 0070 2014 09 0000242 15 _ _ _ _ _ _ 0 _ 1 11 9 20140911141053 00014
00000146 0070 2014 09 0000243 15 00019 _ 15:50 16:35 1 _ 0 1211 1 11 1 20140930213329 00014
00000146 0070 2014 09 0000244 16 _ _ _ _ _ _ 0 _ 1 11 9 20140911141053 00014
00000146 0070 2014 09 0000245 16 _ _ _ _ _ _ 0 _ 1 11 9 20140911141053 00014
00000146 0070 2014 09 0000246 16 00092 _ 07:30 07:50 1 _ 0 1112 1 11 1 20140930213329 00014
00000146 0070 2014 09 0000247 17 _ _ _ _ _ _ 0 _ 1 11 9 20140911141053 00014
00000146 0070 2014 09 0000248 17 00017 _ 07:30 07:50 1 _ 0 1112 1 11 1 20140930213329 00014
00000146 0070 2014 09 0000249 18 _ _ _ _ _ _ 0 _ 1 11 9 20140911141053 00014
00000146 0070 2014 09 0000250 18 00019 _ 07:30 07:50 1 _ 0 1112 1 11 1 20140930213329 00014
00000146 0070 2014 09 0000251 19 00095 _ 14:45 15:30 1 _ 0 1211 1 11 1 20140930213329 00014
00000146 0070 2014 09 0000252 19 _ _ _ _ _ _ 0 _ 1 11 9 20140911141053 00014
00000146 0070 2014 09 0000253 20 00083 _ 07:30 07:50 1 _ 0 1112 1 11 1 20140930213329 00014
00000146 0070 2014 09 0000254 20 _ _ _ _ _ _ 0 _ 1 11 9 20140911141053 00014
00000146 0070 2014 09 0000255 21 00092 _ 07:30 07:50 1 _ 0 1112 1 11 1 20140930213329 00014
00000146 0070 2014 09 0000256 21 _ _ _ _ _ _ 0 _ 1 11 9 20140911141053 00014
00000146 0070 2014 09 0000257 22 00016 _ 07:30 07:50 1 _ 0 1112 1 11 1 20140930213329 00014
00000146 0070 2014 09 0000258 22 _ _ _ _ _ _ 0 _ 1 11 9 20140911141053 00014
00000146 0070 2014 09 0000259 23 00093 _ 07:30 07:50 1 _ 0 1112 1 11 1 20140930213329 00014
00000146 0070 2014 09 0000260 23 _ _ _ _ _ _ 0 _ 1 11 9 20140911141053 00014
00000146 0070 2014 09 0000261 23 _ _ _ _ _ _ 0 _ 1 11 9 20140911141053 00014
00000146 0070 2014 09 0000262 24 00019 _ 07:30 07:50 1 _ 0 1112 1 11 1 20140930213329 00014
00000146 0070 2014 09 0000263 24 _ _ _ _ _ _ 0 _ 1 11 9 20140911141053 00014
00000146 0070 2014 09 0000264 25 00015 _ 07:26 07:50 1 _ 0 _ 1 11 9 20140929193527 00014
00000146 0070 2014 09 0000265 25 _ _ _ _ _ _ 0 _ 1 11 9 20140911141053 00014
00000146 0070 2014 09 0000266 26 00083 _ 07:30 07:50 1 _ 0 1112 1 11 1 20140930213329 00014
00000146 0070 2014 09 0000267 26 00096 _ 14:45 15:30 1 _ 0 1211 1 11 1 20140930213329 00014
00000146 0070 2014 09 0000268 26 _ _ _ _ _ _ 0 _ 1 11 9 20140911141053 00014
00000146 0070 2014 09 0000269 27 00017 _ 07:30 07:50 1 _ 0 1112 1 11 1 20140930213329 00014
00000146 0070 2014 09 0000270 27 _ _ _ _ _ _ 0 _ 1 11 9 20140911141053 00014
00000146 0070 2014 09 0000271 28 00016 _ 07:30 07:50 1 _ 0 1112 1 11 1 20140930213329 00014
00000146 0070 2014 09 0000272 28 _ _ _ _ _ _ 0 _ 1 11 9 20140911141053 00014
00000146 0070 2014 09 0000273 29 00096 _ 07:30 07:50 1 _ 0 1112 1 11 1 20140930213329 00014
00000146 0070 2014 09 0000274 29 _ _ _ _ _ _ 0 _ 1 11 9 20140911141053 00014
00000146 0070 2014 09 0000275 30 00092 _ 07:30 07:50 1 _ 0 1112 1 11 1 20140930213329 00014
00000146 0070 2014 09 0000276 30 _ _ _ _ _ _ 0 _ 1 11 9 20140911141053 00014
00000146 0070 2014 09 0000277 30 _ _ _ _ _ _ 0 _ 1 11 9 20140911141053 00014
00000146 0070 2014 09 0000278 05 00096 _ 14:45 15:44 1 _ 0 1211 1 11 1 20140930213329 00014
00000146 0070 2014 09 0000279 19 00015 _ 07:30 07:50 1 _ 0 1112 1 11 1 20140930213329 00014
00000146 0070 2014 09 0000280 12 00082 _ 14:45 15:30 1 _ 0 1211 1 11 1 20140930213329 00014
00000146 0070 2014 09 0000281 22 00019 _ 15:50 16:35 1 _ 0 1211 1 11 1 20140930213329 00014
00000146 0070 2014 09 0000282 29 00095 _ 15:50 16:35 1 _ 0 1211 1 11 1 20140930213329 00014
00000146 0070 2014 09 0000283 25 00015 _ 07:30 07:50 1 _ 0 1112 1 11 1 20140930213329 00014
00000146 0070 2014 10 0000284 01 00083 _ 07:30 07:50 1 _ 0 1112 1 11 1 20141101113043 00034
00000146 0070 2014 10 0000285 02 00093 _ 07:30 07:50 1 _ 0 1112 1 11 1 20141101113043 00034
00000146 0070 2014 10 0000286 03 00017 _ 07:30 07:50 1 _ 0 1112 1 11 1 20141101113043 00034
00000146 0070 2014 10 0000287 03 00083 _ 14:45 15:30 1 _ 0 1211 1 11 1 20141101113043 00034
00000146 0070 2014 10 0000288 04 00016 _ 07:30 07:50 1 _ 0 1112 1 11 1 20141101113043 00034
00000146 0070 2014 10 0000289 05 00083 _ 07:30 07:50 1 _ 0 1112 1 11 1 20141101113043 00034
00000146 0070 2014 10 0000290 06 00092 _ 07:30 07:50 1 _ 0 1112 1 11 1 20141101113043 00034
00000146 0070 2014 10 0000291 06 00096 _ 15:50 16:35 1 _ 0 1211 1 11 1 20141101113043 00034
00000146 0070 2014 10 0000292 07 00019 _ 07:30 07:50 1 _ 0 1112 1 11 1 20141101113043 00034
00000146 0070 2014 10 0000293 08 00096 _ 07:30 07:50 1 _ 0 1112 1 11 1 20141101113043 00034
00000146 0070 2014 10 0000294 09 00082 _ 07:30 07:50 1 _ 0 1112 1 11 1 20141101113043 00034
00000146 0070 2014 10 0000295 10 00093 _ 07:30 07:50 1 _ 0 1112 1 11 1 20141101113043 00034
00000146 0070 2014 10 0000296 10 00095 _ 14:45 15:30 1 _ 0 1211 1 11 1 20141101113043 00034
00000146 0070 2014 10 0000297 11 00092 _ 07:30 07:50 1 _ 0 1112 1 11 1 20141101113043 00034
00000146 0070 2014 10 0000298 12 00017 _ 07:30 07:50 1 _ 0 1112 1 11 1 20141101113043 00034
00000146 0070 2014 10 0000299 13 00096 _ 07:30 07:50 1 _ 0 1112 1 11 1 20141101113043 00034
00000146 0070 2014 10 0000300 13 00093 _ 15:50 16:35 1 _ 0 1211 1 11 1 20141101113043 00034
00000146 0070 2014 10 0000301 14 00083 _ 07:30 07:50 1 _ 0 1112 1 11 1 20141101113043 00034
00000146 0070 2014 10 0000302 15 00093 _ 07:30 07:50 1 _ 0 1112 1 11 1 20141101113043 00034
00000146 0070 2014 10 0000303 16 00016 _ 07:30 07:50 1 _ 0 1112 1 11 1 20141101113043 00034
00000146 0070 2014 10 0000304 17 00019 _ 07:30 07:50 1 _ 0 1112 1 11 1 20141101113043 00034
00000146 0070 2014 10 0000305 17 00095 _ 14:45 15:30 1 _ 0 1211 1 11 1 20141101113043 00034
00000146 0070 2014 10 0000306 18 00017 _ 07:30 07:50 1 _ 0 1112 1 11 1 20141101113043 00034
00000146 0070 2014 10 0000307 19 00092 _ 07:30 07:50 1 _ 0 1112 1 11 1 20141101113043 00034
00000146 0070 2014 10 0000308 20 00082 _ 07:30 07:50 1 _ 0 1112 1 11 1 20141101113043 00034
00000146 0070 2014 10 0000309 20 00016 _ 15:50 16:35 1 _ 0 1211 1 11 1 20141101113043 00034
00000146 0070 2014 10 0000310 21 00096 _ 07:30 07:50 1 _ 0 1112 1 11 1 20141101113043 00034
00000146 0070 2014 10 0000311 22 00016 _ 07:30 07:50 1 _ 0 1112 1 11 1 20141101113043 00034
00000146 0070 2014 10 0000312 23 00093 _ 07:30 07:50 1 _ 0 1112 1 11 1 20141101113043 00034
00000146 0070 2014 10 0000313 24 00015 _ 07:30 07:50 1 _ 0 1112 1 11 1 20141101113043 00034
00000146 0070 2014 10 0000314 24 00095 _ 14:45 15:30 1 _ 0 1211 1 11 1 20141101113043 00034
00000146 0070 2014 10 0000315 25 00082 _ 07:30 07:50 1 _ 0 1112 1 11 1 20141101113043 00034
00000146 0070 2014 10 0000316 26 00019 _ 07:30 07:50 1 _ 0 1112 1 11 1 20141101113043 00034
00000146 0070 2014 10 0000317 27 00015 _ 07:30 07:50 1 _ 0 1112 1 11 1 20141101113043 00034
00000146 0070 2014 10 0000318 27 00017 _ 15:50 16:35 1 _ 0 1211 1 11 1 20141101113043 00034
00000146 0070 2014 10 0000319 28 00096 _ 07:30 07:50 1 _ 0 1112 1 11 1 20141101113043 00034
00000146 0070 2014 10 0000320 29 00017 _ 07:30 07:50 1 _ 0 1112 1 11 1 20141101113043 00034
00000146 0070 2014 10 0000321 30 00216 _ 07:30 07:50 1 _ 0 1112 1 11 1 20141101113043 00034
00000146 0070 2014 10 0000322 31 00083 _ 07:30 07:50 1 _ 0 1112 1 11 1 20141101113043 00034
00000146 0070 2014 10 0000323 31 00092 _ 14:45 15:30 1 _ 0 1211 1 11 1 20141101113043 00034
00000146 0070 2014 11 0000324 01 00015 _ 07:30 07:50 1 _ 0 1112 1 11 1 20141130202328 00034
00000146 0070 2014 11 0000325 02 00216 _ 07:30 07:50 1 _ 0 1112 1 11 1 20141130202328 00034
00000146 0070 2014 11 0000326 03 00017 _ 07:40 08:00 1 _ 0 1112 1 11 1 20141130202328 00034
00000146 0070 2014 11 0000327 03 00011 _ 15:50 16:35 1 _ 0 1211 1 11 1 20141130202328 00034
00000146 0070 2014 11 0000328 04 00083 _ 07:30 07:50 1 _ 0 1112 1 11 1 20141130202328 00034
00000146 0070 2014 11 0000329 05 00216 _ 07:30 07:50 1 _ 0 1112 1 11 1 20141130202328 00034
00000146 0070 2014 11 0000330 06 00092 _ 07:30 07:50 1 _ 0 1112 1 11 1 20141130202328 00034
00000146 0070 2014 11 0000331 07 00082 _ 07:30 07:50 1 _ 0 1112 1 11 1 20141130202328 00034
00000146 0070 2014 11 0000332 07 00083 _ 14:45 15:30 1 _ 0 1211 1 11 1 20141130202328 00034
00000146 0070 2014 11 0000333 08 00216 _ 07:30 07:50 1 _ 0 1112 1 11 1 20141130202328 00034
00000146 0070 2014 11 0000334 09 00093 _ 07:30 07:50 1 _ 0 1112 1 11 1 20141130202328 00034
00000146 0070 2014 11 0000335 10 00083 _ 07:30 07:50 1 _ 0 1112 1 11 1 20141130202328 00034
00000146 0070 2014 11 0000336 10 00096 _ 15:50 16:35 1 _ 0 1211 1 11 1 20141130202328 00034
00000146 0070 2014 11 0000337 11 00216 _ 07:30 07:50 1 _ 0 1112 1 11 1 20141130202328 00034
00000146 0070 2014 11 0000338 12 00016 _ 07:30 07:50 1 _ 0 1112 1 11 1 20141130202328 00034
00000146 0070 2014 11 0000339 13 00092 _ 07:30 07:50 1 _ 0 1112 1 11 1 20141130202328 00034
00000146 0070 2014 11 0000340 14 00216 _ 07:30 07:50 1 _ 0 1112 1 11 1 20141130202328 00034
00000146 0070 2014 11 0000341 14 00016 _ 14:45 15:30 1 _ 0 1211 1 11 1 20141130202328 00034
00000146 0070 2014 11 0000342 15 00017 _ 07:30 07:50 1 _ 0 1112 1 11 1 20141130202328 00034
00000146 0070 2014 11 0000343 16 00216 _ 07:30 07:50 1 _ 0 1112 1 11 1 20141130202328 00034
00000146 0070 2014 11 0000344 17 00096 _ 07:30 07:50 1 _ 0 1112 1 11 1 20141130202328 00034
00000146 0070 2014 11 0000345 17 00083 _ 15:50 16:35 1 _ 0 1211 1 11 1 20141130202328 00034
00000146 0070 2014 11 0000346 18 00082 _ 07:30 07:50 1 _ 0 1112 1 11 1 20141130202328 00034
00000146 0070 2014 11 0000347 19 00216 _ 07:30 07:50 1 _ 0 1112 1 11 1 20141130202328 00034
00000146 0070 2014 11 0000348 20 00083 _ 07:30 07:50 1 _ 0 1112 1 11 1 20141130202328 00034
00000146 0070 2014 11 0000349 21 00019 _ 07:30 07:50 1 _ 0 1112 1 11 1 20141130202328 00034
00000146 0070 2014 11 0000350 21 00016 _ 14:45 15:30 1 _ 0 1211 1 11 1 20141130202328 00034
00000146 0070 2014 11 0000351 22 00096 _ 07:30 07:50 1 _ 0 1112 1 11 1 20141130202328 00034
00000146 0070 2014 11 0000352 23 00093 _ 07:30 07:50 1 _ 0 1112 1 11 1 20141130202328 00034
00000146 0070 2014 11 0000353 24 00092 _ 07:30 07:50 1 _ 0 1112 1 11 1 20141130202328 00034
00000146 0070 2014 11 0000354 24 00017 _ 15:50 16:35 1 _ 0 1211 1 11 1 20141130202328 00034
00000146 0070 2014 11 0000355 25 00216 _ 07:30 07:50 1 _ 0 1112 1 11 1 20141130202328 00034
00000146 0070 2014 11 0000356 26 00019 _ 07:30 07:50 1 _ 0 1112 1 11 1 20141130202328 00034
00000146 0070 2014 11 0000357 27 00015 _ 07:30 07:50 1 _ 0 1112 1 11 1 20141130202328 00034
00000146 0070 2014 11 0000358 28 00017 _ 07:30 07:50 1 _ 0 1112 1 11 1 20141130202328 00034
00000146 0070 2014 11 0000359 28 00095 _ 14:45 15:30 1 _ 0 1211 1 11 1 20141130202328 00034
00000146 0070 2014 11 0000360 29 00216 _ 07:30 07:50 1 _ 0 1112 1 11 1 20141130202328 00034
00000146 0070 2014 11 0000361 30 00092 _ 07:30 07:50 1 _ 0 1112 1 11 1 20141130202328 00034
00000146 0070 2014 12 0000362 01 00216 _ 07:30 07:50 1 _ 0 1112 1 11 1 20141210170501 00014
00000146 0070 2014 12 0000363 01 00214 _ 15:50 16:35 1 _ 0 1211 1 11 1 20141210170501 00014
00000146 0070 2014 12 0000364 02 00019 _ 07:30 07:50 1 _ 0 1112 1 11 1 20141210170501 00014
00000146 0070 2014 12 0000365 03 00216 _ 07:30 07:50 1 _ 0 1112 1 11 1 20141210170501 00014
00000146 0070 2014 12 0000366 04 00017 _ 07:30 07:50 1 _ 0 1112 1 11 1 20141210170501 00014
00000146 0070 2014 12 0000367 05 00096 _ 07:30 07:50 1 _ 0 1112 1 11 1 20141210170501 00014
00000146 0070 2014 12 0000368 05 00019 _ 14:45 15:30 1 _ 0 1211 1 11 1 20141210170501 00014
00000146 0070 2014 12 0000369 06 00216 _ 07:30 07:50 1 _ 0 1112 1 11 1 20141210170501 00014
00000146 0070 2014 12 0000370 07 00017 _ 07:30 07:50 1 _ 0 1112 1 11 1 20141210170501 00014
00000146 0070 2014 12 0000371 08 00083 _ 07:30 07:50 1 _ 0 1112 1 11 1 20141210170501 00014
00000146 0070 2014 12 0000372 08 00016 _ 15:50 16:35 1 _ 0 1211 1 11 1 20141210170501 00014
00000146 0070 2014 12 0000373 09 00216 _ 07:30 07:50 1 _ 0 1112 1 11 1 20141210170501 00014
00000146 0070 2014 12 0000374 10 00016 _ 07:30 07:50 1 _ 0 1112 1 11 1 20141210170501 00014
00000146 0070 2014 12 0000375 11 _ _ 07:30 07:50 1 _ 0 1112 1 11 1 20141210170501 00014
00000146 0070 2014 12 0000376 12 _ _ 07:30 07:50 1 _ 0 1112 1 11 1 20141210170501 00014
00000146 0070 2014 12 0000377 12 _ _ 14:45 15:30 1 _ 0 1211 1 11 1 20141210170501 00014
00000146 0070 2014 12 0000378 13 _ _ 07:30 07:50 1 _ 0 1112 1 11 1 20141210170501 00014
00000146 0070 2014 12 0000379 14 _ _ 07:30 07:50 1 _ 0 1112 1 11 1 20141210170501 00014
00000146 0070 2014 12 0000380 15 _ _ 07:30 07:50 1 _ 0 1112 1 11 1 20141210170501 00014
00000146 0070 2014 12 0000381 15 _ _ 15:50 16:35 1 _ 0 1211 1 11 1 20141210170501 00014
00000146 0070 2014 12 0000382 16 _ _ 07:30 07:50 1 _ 0 1112 1 11 1 20141210170501 00014
00000146 0070 2014 12 0000383 17 _ _ 07:30 07:50 1 _ 0 1112 1 11 1 20141210170501 00014
00000146 0070 2014 12 0000384 18 _ _ 07:30 07:50 1 _ 0 1112 1 11 1 20141210170501 00014
00000146 0070 2014 12 0000385 19 _ _ 07:30 07:50 1 _ 0 1112 1 11 1 20141210170501 00014
00000146 0070 2014 12 0000386 19 _ _ 14:45 15:30 1 _ 0 1211 1 11 1 20141210170501 00014
00000146 0070 2014 12 0000387 20 _ _ 07:30 07:50 1 _ 0 1112 1 11 1 20141210170501 00014
00000146 0070 2014 12 0000388 21 _ _ 07:30 07:50 1 _ 0 1112 1 11 1 20141210170501 00014
00000146 0070 2014 12 0000389 22 _ _ 07:30 07:50 1 _ 0 1112 1 11 1 20141210170501 00014
00000146 0070 2014 12 0000390 22 _ _ 15:50 16:35 1 _ 0 1211 1 11 1 20141210170501 00014
00000146 0070 2014 12 0000391 23 _ _ 07:30 07:50 1 _ 0 1112 1 11 1 20141210170501 00014
00000146 0070 2014 12 0000392 24 _ _ 07:30 07:50 1 _ 0 1112 1 11 1 20141210170501 00014
00000146 0070 2014 12 0000393 25 _ _ 07:30 07:50 1 _ 0 1112 1 11 1 20141210170501 00014
00000146 0070 2014 12 0000394 26 _ _ 07:30 07:50 1 _ 0 1112 1 11 1 20141210170501 00014
00000146 0070 2014 12 0000395 26 _ _ 14:45 15:30 1 _ 0 1211 1 11 1 20141210170501 00014
00000146 0070 2014 12 0000396 27 _ _ 07:30 07:50 1 _ 0 1112 1 11 1 20141210170501 00014
00000146 0070 2014 12 0000397 28 _ _ 07:30 07:50 1 _ 0 1112 1 11 1 20141210170501 00014
00000146 0070 2014 12 0000398 29 _ _ 07:30 07:50 1 _ 0 1112 1 11 1 20141210170501 00014
00000146 0070 2014 12 0000399 29 _ _ 15:50 16:35 1 _ 0 1211 1 11 1 20141210170501 00014
00000146 0070 2014 12 0000400 30 _ _ 07:30 07:50 1 _ 0 1112 1 11 1 20141210170501 00014
00000146 0070 2014 12 0000401 31 _ _ 07:30 07:50 1 _ 0 1112 1 11 1 20141210170501 00014
