00000100 2013 09 05 16:00 17:00 61 1111 0073 10.84 1 1220 1 20140630171315 00034
00000100 2013 09 12 16:00 17:00 61 1111 0073 10.84 1 1220 1 20140630171315 00034
00000100 2013 09 19 16:00 17:00 61 1111 0073 10.84 1 1220 1 20140630171315 00034
00000100 2013 10 03 16:00 17:00 61 1111 0073 10.84 1 1220 1 20140630171636 00034
00000100 2013 10 24 16:00 17:00 61 1111 0073 10.84 1 1220 1 20140630171636 00034
00000100 2013 11 07 16:00 17:00 61 1111 0073 10.84 1 1220 1 20140630171947 00034
00000100 2013 11 14 16:00 17:00 61 1111 0073 10.84 1 1220 1 20140630171947 00034
00000100 2013 11 21 16:00 17:00 61 1111 0073 10.84 1 1220 1 20140630171947 00034
00000100 2013 11 28 16:00 17:00 61 1111 0073 10.84 1 1220 1 20140630171947 00034
00000100 2013 12 05 16:00 17:00 61 1111 0073 10.84 1 1220 1 20140630172433 00034
00000100 2013 12 26 16:00 17:00 61 1111 0073 10.84 1 1220 1 20140630172433 00034
00000100 2014 01 09 16:00 17:00 61 1111 0073 10.84 1 1220 1 20140616161644 00034
00000100 2014 01 16 16:00 17:00 61 1111 0073 10.84 1 1220 1 20140616161644 00034
00000100 2014 01 23 16:00 17:00 61 1111 0073 10.84 1 1220 1 20140616161644 00034
00000100 2014 01 30 16:00 17:00 61 1111 0073 10.84 1 1220 1 20140616161644 00034
00000100 2014 02 06 16:00 17:00 61 1111 0073 10.84 1 1220 1 20140616162327 00034
00000100 2014 02 13 16:00 17:00 61 1111 0073 10.84 1 1220 1 20140616162327 00034
00000100 2014 02 20 16:00 17:00 61 1111 0073 10.84 1 1220 1 20140616162327 00034
00000100 2014 02 27 16:00 17:00 61 1111 0073 10.84 1 1220 1 20140616162327 00034
00000100 2014 03 06 16:00 17:00 61 1111 0073 10.84 1 1220 1 20140616162737 00034
00000100 2014 03 13 16:00 17:00 61 1111 0073 10.84 1 1220 1 20140616162737 00034
00000100 2014 03 27 16:00 17:00 61 1111 0073 10.84 1 1220 1 20140616162737 00034
00000100 2014 04 03 16:00 17:00 61 1111 0073 10.84 1 1226 1 20140616163158 00034
00000100 2014 04 10 16:00 17:00 61 1111 0073 10.84 1 1226 1 20140616163158 00034
00000100 2014 04 17 16:00 17:00 61 1111 0073 10.84 1 1226 1 20140616163158 00034
00000100 2014 04 24 16:00 17:00 61 1111 0073 10.84 1 1226 1 20140616163158 00034
00000100 2014 05 08 16:00 17:00 61 1111 0073 10.84 1 1226 1 20140818144759 00034
00000100 2014 05 15 16:00 17:00 61 1111 0073 10.84 1 1226 1 20140818144759 00034
00000100 2014 05 22 16:00 17:00 61 1111 0073 10.84 1 1226 1 20140818144759 00034
00000100 2014 05 29 16:00 17:00 61 1111 0073 10.84 1 1226 1 20140818144759 00034
00000100 2014 06 05 16:00 16:59 61 1111 0073 10.84 1 1226 1 20140701100952 00078
00000100 2014 06 19 16:00 16:59 61 1111 0073 10.84 1 1226 1 20140701100952 00078
00000100 2014 07 04 15:15 16:14 61 1111 0073 10.84 1 1226 1 20140801185706 00077
00000100 2014 07 11 15:15 16:14 61 1111 0073 10.84 1 1226 1 20140801185706 00077
00000100 2014 07 18 15:15 16:14 61 1111 0073 10.84 1 1226 1 20140801185706 00077
00000100 2014 07 25 15:15 16:14 61 1111 0073 10.84 1 1226 1 20140801185706 00077
00000100 2014 08 01 15:15 16:14 61 1111 0073 10.84 1 1226 1 20140829202001 00038
00000100 2014 08 08 15:15 16:14 61 1111 0073 10.84 1 1226 1 20140829202001 00038
00000100 2014 08 15 15:15 16:14 61 1111 0073 10.84 1 1226 1 20140829202001 00038
00000100 2014 08 22 15:15 16:14 61 1111 0073 10.84 1 1226 1 20140829202001 00038
00000100 2014 09 05 15:15 16:14 61 1111 0073 10.84 1 1226 1 20140930211246 00035
00000100 2014 09 09 14:45 15:44 61 1111 0073 10.84 1 1226 1 20140930211246 00035
00000100 2014 09 16 14:45 15:44 61 1111 0073 10.84 1 1226 1 20140930211246 00035
00000100 2014 09 25 15:00 15:59 61 1111 0073 10.84 1 1226 1 20140930211246 00035
00000100 2014 09 30 14:45 15:44 61 1111 0073 10.84 1 1226 1 20140930211246 00035
00000100 2014 10 07 15:00 15:59 61 1111 0073 10.84 1 1226 1 20141028194321 00035
00000100 2014 10 15 14:00 14:59 61 1111 0073 10.84 1 1226 1 20141028194321 00035
00000100 2014 10 21 14:45 15:44 61 1111 0073 10.84 1 1226 1 20141028194321 00035
00000100 2014 10 27 14:30 15:29 61 1111 0073 10.84 1 1226 1 20141028194321 00035
00000100 2014 11 04 14:45 15:44 61 1111 0073 10.84 1 1226 1 20141127190055 00037
00000100 2014 11 11 14:45 15:44 61 1111 0073 10.84 1 1226 1 20141127190055 00037
00000100 2014 11 18 14:45 15:44 61 1111 0073 10.84 1 1226 1 20141127190055 00037
00000100 2014 11 25 14:45 15:44 61 1111 0073 10.84 1 1226 1 20141127190055 00037
