00000100 0073 2013 09 0000019 05 00035 _ 16:00 17:00 _ _ 0 1111 1 61 1 20140630171315 00034
00000100 0073 2013 09 0000020 12 00035 _ 16:00 17:00 _ _ 0 1111 1 61 1 20140630171315 00034
00000100 0073 2013 09 0000021 19 00037 _ 16:00 17:00 _ _ 0 1111 1 61 1 20140630171315 00034
00000100 0073 2013 10 0000022 03 00037 _ 16:00 17:00 _ _ 0 1111 1 61 1 20140630171636 00034
00000100 0073 2013 10 0000023 24 00038 _ 16:00 17:00 _ _ 0 1111 1 61 1 20140630171636 00034
00000100 0073 2013 11 0000024 07 00037 _ 16:00 17:00 _ _ 0 1111 1 61 1 20140630171947 00034
00000100 0073 2013 11 0000025 14 00037 _ 16:00 17:00 _ _ 0 1111 1 61 1 20140630171947 00034
00000100 0073 2013 11 0000026 21 00037 _ 16:00 17:00 _ _ 0 1111 1 61 1 20140630171947 00034
00000100 0073 2013 11 0000027 28 00037 _ 16:00 17:00 _ _ 0 1111 1 61 1 20140630171947 00034
00000100 0073 2013 12 0000028 05 00037 _ 16:00 17:00 _ _ 0 1111 1 61 1 20140630172433 00034
00000100 0073 2013 12 0000029 26 00037 _ 16:00 17:00 _ _ 0 1111 1 61 1 20140630172433 00034
00000100 0073 2014 01 0000002 09 00037 _ 16:00 17:00 _ _ 0 1111 1 61 1 20140616161644 00034
00000100 0073 2014 01 0000003 16 00037 _ 16:00 17:00 _ _ 0 1111 1 61 1 20140616161644 00034
00000100 0073 2014 01 0000004 23 00035 _ 16:00 17:00 _ _ 0 1111 1 61 1 20140616161644 00034
00000100 0073 2014 01 0000005 30 00037 _ 16:00 17:00 _ _ 0 1111 1 61 1 20140616161644 00034
00000100 0073 2014 02 0000006 06 00038 _ 16:00 17:00 _ _ 0 1111 1 61 1 20140616162327 00034
00000100 0073 2014 02 0000007 13 00037 _ 16:00 17:00 _ _ 0 1111 1 61 1 20140616162327 00034
00000100 0073 2014 02 0000008 20 00035 _ 16:00 17:00 _ _ 0 1111 1 61 1 20140616162327 00034
00000100 0073 2014 02 0000009 27 00038 _ 16:00 17:00 _ _ 0 1111 1 61 1 20140616162327 00034
00000100 0073 2014 03 0000010 06 00038 _ 16:00 17:00 _ _ 0 1111 1 61 1 20140616162737 00034
00000100 0073 2014 03 0000011 13 00037 _ 16:00 17:00 _ _ 0 1111 1 61 1 20140616162737 00034
00000100 0073 2014 03 0000012 27 00037 _ 16:00 17:00 _ _ 0 1111 1 61 1 20140616162737 00034
00000100 0073 2014 04 0000013 03 00038 _ 16:00 17:00 _ _ 0 1111 1 61 1 20140616163158 00034
00000100 0073 2014 04 0000014 10 00037 _ 16:00 17:00 _ _ 0 1111 1 61 1 20140616163158 00034
00000100 0073 2014 04 0000015 17 00037 _ 16:00 17:00 _ _ 0 1111 1 61 1 20140616163158 00034
00000100 0073 2014 04 0000016 24 00038 _ 16:00 17:00 _ _ 0 1111 1 61 1 20140616163158 00034
00000100 0073 2014 05 0000017 08 00038 _ 16:00 17:00 _ _ 0 1111 1 61 1 20140818144759 00034
00000100 0073 2014 05 0000018 15 00045 _ 16:00 17:00 _ _ 0 1111 1 61 1 20140818144759 00034
00000100 0073 2014 05 0000030 22 00045 _ 16:00 17:00 _ _ 0 1111 1 61 1 20140818144759 00034
00000100 0073 2014 05 0000031 29 00045 _ 16:00 17:00 _ _ 0 1111 1 61 1 20140818144759 00034
00000100 0073 2014 06 0000002 05 00045 _ 16:00 16:59 2 _ 0 1111 1 61 1 20140701100952 00078
00000100 0073 2014 06 0000003 19 00035 _ 16:00 16:59 2 _ 0 1111 1 61 1 20140701100952 00078
00000100 0073 2014 07 0000004 04 00038 _ 15:15 16:14 2 _ 0 1111 1 61 1 20140801185706 00077
00000100 0073 2014 07 0000005 11 00035 _ 15:15 16:14 2 _ 0 1111 1 61 1 20140801185706 00077
00000100 0073 2014 07 0000006 18 00035 _ 15:15 16:14 2 _ 0 1111 1 61 1 20140801185706 00077
00000100 0073 2014 07 0000007 25 00037 _ 15:15 16:14 2 _ 0 1111 1 61 1 20140801185706 00077
00000100 0073 2014 08 0000008 08 00037 _ 15:15 16:14 2 _ 0 1111 1 61 1 20140829202001 00038
00000100 0073 2014 08 0000009 15 00037 _ 15:15 16:14 2 _ 0 1111 1 61 1 20140829202001 00038
00000100 0073 2014 08 0000010 22 00035 _ 15:15 16:14 2 _ 0 1111 1 61 1 20140829202001 00038
00000100 0073 2014 08 0000011 01 00037 _ 15:15 16:14 2 _ 0 1111 1 61 1 20140829202001 00038
00000100 0073 2014 09 0000012 05 00035 _ 15:15 16:14 2 _ 0 1111 1 61 1 20140930211246 00035
00000100 0073 2014 09 0000013 09 00038 _ 14:45 15:44 2 _ 0 1111 1 61 1 20140930211246 00035
00000100 0073 2014 09 0000014 16 00038 _ 14:45 15:44 2 _ 0 1111 1 61 1 20140930211246 00035
00000100 0073 2014 09 0000015 25 00035 _ 15:00 15:59 2 _ 0 1111 1 61 1 20140930211246 00035
00000100 0073 2014 09 0000016 30 00035 _ 14:45 15:44 2 _ 0 1111 1 61 1 20140930211246 00035
00000100 0073 2014 10 0000017 07 00038 _ 15:00 15:59 2 _ 0 1111 1 61 1 20141028194321 00035
00000100 0073 2014 10 0000018 21 00038 _ 14:45 15:44 2 _ 0 1111 1 61 1 20141028194321 00035
00000100 0073 2014 10 0000019 15 00035 _ 14:00 14:59 2 _ 0 1111 1 61 1 20141028194321 00035
00000100 0073 2014 10 0000020 27 00035 _ 14:30 15:29 2 _ 0 1111 1 61 1 20141028194321 00035
00000100 0073 2014 11 0000021 04 00038 _ 14:45 15:44 2 _ 0 1111 1 61 1 20141127190055 00037
00000100 0073 2014 11 0000022 11 00229 _ 14:45 15:44 2 _ 0 1111 1 61 1 20141127190055 00037
00000100 0073 2014 11 0000023 18 00229 _ 14:45 15:44 2 _ 0 1111 1 61 1 20141127190055 00037
00000100 0073 2014 11 0000024 25 00229 _ 14:45 15:44 2 _ 0 1111 1 61 1 20141127190055 00037
00000100 0073 2014 12 0000025 05 00035 _ 14:45 15:44 2 _ 0 1111 1 61 1 20141205185325 00037
00000100 0073 2014 12 0000026 09 _ _ 14:45 15:44 _ _ 0 1111 1 61 1 20141205185325 00037
00000100 0073 2014 12 0000027 16 _ _ 14:45 15:44 _ _ 0 1111 1 61 1 20141205185325 00037
00000100 0073 2014 12 0000028 23 _ _ 14:45 15:44 _ _ 0 1111 1 61 1 20141205185325 00037
00000100 0073 2014 12 0000029 30 _ _ 14:45 15:44 _ _ 0 1111 1 61 1 20141205185325 00037
