000000772013091 00000077 2013 09 04 63 1211 11:00 11:59 0024 1 830 0 _ _ 1 1 20140627142146 24
000000772013091 00000077 2013 09 11 63 1211 11:00 11:59 0024 1 830 0 _ _ 1 1 20140627142146 24
000000772013091 00000077 2013 09 18 63 1211 11:00 11:59 0024 1 830 0 _ _ 1 1 20140627142146 24
000000772013091 00000077 2013 09 25 63 1211 11:00 11:59 0024 1 830 0 _ _ 1 1 20140627142146 24
000000772013092 00000077 2013 09 04 63 6101 _ _ 0024 1 6 0 _ _ 1 1 20140627142146 24
000000772013092 00000077 2013 09 11 63 6101 _ _ 0024 1 6 0 _ _ 1 1 20140627142146 24
000000772013092 00000077 2013 09 18 63 6101 _ _ 0024 1 6 0 _ _ 1 1 20140627142146 24
000000772013092 00000077 2013 09 25 63 6101 _ _ 0024 1 6 0 _ _ 1 1 20140627142146 24
000000772013093 00000077 2013 09 12 61 1111 12:30 13:29 0055 1 1220 0 _ _ 1 1 20140627142146 24
000000772013093 00000077 2013 09 19 61 1111 12:30 13:29 0055 1 1220 0 _ _ 1 1 20140627142146 24
000000772013093 00000077 2013 09 26 61 1111 12:30 13:29 0055 1 1220 0 _ _ 1 1 20140627142146 24
000000772013094 00000077 2013 09 05 61 1111 15:15 16:15 0055 1 1220 0 _ _ 1 1 20140627142146 24
000000772013095 00000077 2013 09 01 67 1009 _ _ 0041 1 200 0 _ _ 1 1 20140627142146 24
000000772013096 00000077 2013 09 01 67 1009 _ _ 0041 1 300 0 _ _ 1 1 20140627142146 24
000000772013101 00000077 2013 10 02 63 1211 14:30 15:29 0024 1 830 0 _ _ 1 1 20140627142923 24
000000772013101 00000077 2013 10 09 63 1211 14:30 15:29 0024 1 830 0 _ _ 1 1 20140627142923 24
000000772013101 00000077 2013 10 16 63 1211 14:30 15:29 0024 1 830 0 _ _ 1 1 20140627142923 24
000000772013101 00000077 2013 10 23 63 1211 14:30 15:29 0024 1 830 0 _ _ 1 1 20140627142923 24
000000772013101 00000077 2013 10 30 63 1211 14:30 15:29 0024 1 830 0 _ _ 1 1 20140627142923 24
000000772013102 00000077 2013 10 02 63 6101 _ _ 0024 1 6 0 _ _ 1 1 20140627142923 24
000000772013102 00000077 2013 10 09 63 6101 _ _ 0024 1 6 0 _ _ 1 1 20140627142923 24
000000772013102 00000077 2013 10 16 63 6101 _ _ 0024 1 6 0 _ _ 1 1 20140627142923 24
000000772013102 00000077 2013 10 23 63 6101 _ _ 0024 1 6 0 _ _ 1 1 20140627142923 24
000000772013102 00000077 2013 10 30 63 6101 _ _ 0024 1 6 0 _ _ 1 1 20140627142923 24
000000772013103 00000077 2013 10 03 61 1111 12:30 13:29 0055 1 1220 0 _ _ 1 1 20140627142923 24
000000772013103 00000077 2013 10 10 61 1111 12:30 13:29 0055 1 1220 0 _ _ 1 1 20140627142923 24
000000772013103 00000077 2013 10 17 61 1111 12:30 13:29 0055 1 1220 0 _ _ 1 1 20140627142923 24
000000772013103 00000077 2013 10 24 61 1111 12:30 13:29 0055 1 1220 0 _ _ 1 1 20140627142923 24
000000772013103 00000077 2013 10 31 61 1111 12:30 13:29 0055 1 1220 0 _ _ 1 1 20140627142923 24
000000772013104 00000077 2013 10 01 67 1009 _ _ 0041 1 200 0 _ _ 1 1 20140627142923 24
000000772013105 00000077 2013 10 01 67 1009 _ _ 0041 1 300 0 _ _ 1 1 20140627142923 24
000000772013111 00000077 2013 11 06 63 1211 14:30 15:29 0024 1 830 0 _ _ 1 1 20140627143729 24
000000772013111 00000077 2013 11 13 63 1211 14:30 15:29 0024 1 830 0 _ _ 1 1 20140627143729 24
000000772013111 00000077 2013 11 20 63 1211 14:30 15:29 0024 1 830 0 _ _ 1 1 20140627143729 24
000000772013111 00000077 2013 11 27 63 1211 14:30 15:29 0024 1 830 0 _ _ 1 1 20140627143729 24
000000772013112 00000077 2013 11 06 63 6101 _ _ 0024 1 6 0 _ _ 1 1 20140627143729 24
000000772013112 00000077 2013 11 13 63 6101 _ _ 0024 1 6 0 _ _ 1 1 20140627143729 24
000000772013112 00000077 2013 11 20 63 6101 _ _ 0024 1 6 0 _ _ 1 1 20140627143729 24
000000772013112 00000077 2013 11 27 63 6101 _ _ 0024 1 6 0 _ _ 1 1 20140627143729 24
000000772013113 00000077 2013 11 07 61 1111 12:30 13:29 0055 1 1220 0 _ _ 1 1 20140627143729 24
000000772013113 00000077 2013 11 14 61 1111 12:30 13:29 0055 1 1220 0 _ _ 1 1 20140627143729 24
000000772013113 00000077 2013 11 21 61 1111 12:30 13:29 0055 1 1220 0 _ _ 1 1 20140627143729 24
000000772013113 00000077 2013 11 28 61 1111 12:30 13:29 0055 1 1220 0 _ _ 1 1 20140627143729 24
000000772013114 00000077 2013 11 01 67 1009 _ _ 0041 1 200 0 _ _ 1 1 20140627143729 24
000000772013115 00000077 2013 11 01 67 1009 _ _ 0041 1 300 0 _ _ 1 1 20140627143729 24
000000772013121 00000077 2013 12 04 63 1211 11:00 11:59 0024 1 830 0 _ _ 1 1 20140627144225 24
000000772013121 00000077 2013 12 11 63 1211 11:00 11:59 0024 1 830 0 _ _ 1 1 20140627144225 24
000000772013121 00000077 2013 12 18 63 1211 11:00 11:59 0024 1 830 0 _ _ 1 1 20140627144225 24
000000772013121 00000077 2013 12 25 63 1211 11:00 11:59 0024 1 830 0 _ _ 1 1 20140627144225 24
000000772013122 00000077 2013 12 04 63 6101 _ _ 0024 1 6 0 _ _ 1 1 20140627144225 24
000000772013122 00000077 2013 12 11 63 6101 _ _ 0024 1 6 0 _ _ 1 1 20140627144225 24
000000772013122 00000077 2013 12 18 63 6101 _ _ 0024 1 6 0 _ _ 1 1 20140627144225 24
000000772013122 00000077 2013 12 25 63 6101 _ _ 0024 1 6 0 _ _ 1 1 20140627144225 24
000000772013123 00000077 2013 12 05 61 1111 12:30 13:29 0055 1 1220 0 _ _ 1 1 20140627144225 24
000000772013123 00000077 2013 12 12 61 1111 12:30 13:29 0055 1 1220 0 _ _ 1 1 20140627144225 24
000000772013123 00000077 2013 12 26 61 1111 12:30 13:29 0055 1 1220 0 _ _ 1 1 20140627144225 24
000000772013124 00000077 2013 12 20 61 1111 16:00 17:00 0055 1 1220 0 _ _ 1 1 20140627144225 24
000000772013125 00000077 2013 12 01 67 1009 _ _ 0041 1 200 0 _ _ 1 1 20140627144225 24
000000772013126 00000077 2013 12 01 67 1009 _ _ 0041 1 300 0 _ _ 1 1 20140627144225 24
000000772014011 00000077 2014 01 01 67 1009 _ _ 0041 1 300 0 _ _ 1 1 20140613155100 24
000000772014012 00000077 2014 01 01 67 1009 _ _ 0041 1 200 0 _ _ 1 1 20140613155100 24
000000772014013 00000077 2014 01 09 61 1111 12:30 13:29 0055 1 1220 0 _ _ 1 1 20140613155100 24
000000772014013 00000077 2014 01 16 61 1111 12:30 13:29 0055 1 1220 0 _ _ 1 1 20140613155100 24
000000772014013 00000077 2014 01 23 61 1111 12:30 13:29 0055 1 1220 0 _ _ 1 1 20140613155100 24
000000772014013 00000077 2014 01 30 61 1111 12:30 13:29 0055 1 1220 0 _ _ 1 1 20140613155100 24
000000772014014 00000077 2014 01 08 63 1211 11:00 11:59 0024 1 830 0 _ _ 1 1 20140613155100 24
000000772014014 00000077 2014 01 15 63 1211 11:00 11:59 0024 1 830 0 _ _ 1 1 20140613155100 24
000000772014014 00000077 2014 01 22 63 1211 11:00 11:59 0024 1 830 0 _ _ 1 1 20140613155100 24
000000772014014 00000077 2014 01 29 63 1211 11:00 11:59 0024 1 830 0 _ _ 1 1 20140613155100 24
000000772014015 00000077 2014 01 08 63 6101 _ _ 0024 1 6 0 _ _ 1 1 20140613155100 24
000000772014015 00000077 2014 01 15 63 6101 _ _ 0024 1 6 0 _ _ 1 1 20140613155100 24
000000772014015 00000077 2014 01 22 63 6101 _ _ 0024 1 6 0 _ _ 1 1 20140613155100 24
000000772014015 00000077 2014 01 29 63 6101 _ _ 0024 1 6 0 _ _ 1 1 20140613155100 24
000000772014021 00000077 2014 02 01 67 1009 _ _ 0041 1 300 0 _ _ 1 1 20140613155558 24
000000772014022 00000077 2014 02 01 67 1009 _ _ 0041 1 200 0 _ _ 1 1 20140613155558 24
000000772014023 00000077 2014 02 06 61 1111 12:30 13:29 0055 1 1220 0 _ _ 1 1 20140613155558 24
000000772014023 00000077 2014 02 13 61 1111 12:30 13:29 0055 1 1220 0 _ _ 1 1 20140613155558 24
000000772014023 00000077 2014 02 20 61 1111 12:30 13:29 0055 1 1220 0 _ _ 1 1 20140613155558 24
000000772014023 00000077 2014 02 27 61 1111 12:30 13:29 0055 1 1220 0 _ _ 1 1 20140613155558 24
000000772014024 00000077 2014 02 05 63 1211 11:00 11:59 0024 1 830 0 _ _ 1 1 20140613155558 24
000000772014024 00000077 2014 02 12 63 1211 11:00 11:59 0024 1 830 0 _ _ 1 1 20140613155558 24
000000772014024 00000077 2014 02 19 63 1211 11:00 11:59 0024 1 830 0 _ _ 1 1 20140613155558 24
000000772014024 00000077 2014 02 26 63 1211 11:00 11:59 0024 1 830 0 _ _ 1 1 20140613155558 24
000000772014025 00000077 2014 02 05 63 6101 _ _ 0024 1 6 0 _ _ 1 1 20140613155558 24
000000772014025 00000077 2014 02 12 63 6101 _ _ 0024 1 6 0 _ _ 1 1 20140613155558 24
000000772014025 00000077 2014 02 19 63 6101 _ _ 0024 1 6 0 _ _ 1 1 20140613155558 24
000000772014025 00000077 2014 02 26 63 6101 _ _ 0024 1 6 0 _ _ 1 1 20140613155558 24
000000772014031 00000077 2014 03 01 67 1009 _ _ 0041 1 300 0 _ _ 1 1 20140613160047 24
000000772014032 00000077 2014 03 01 67 1009 _ _ 0041 1 200 0 _ _ 1 1 20140613160047 24
000000772014033 00000077 2014 03 06 61 1111 12:30 13:29 0055 1 1220 0 _ _ 1 1 20140613160047 24
000000772014033 00000077 2014 03 13 61 1111 12:30 13:29 0055 1 1220 0 _ _ 1 1 20140613160047 24
000000772014033 00000077 2014 03 20 61 1111 12:30 13:29 0055 1 1220 0 _ _ 1 1 20140613160047 24
000000772014033 00000077 2014 03 27 61 1111 12:30 13:29 0055 1 1220 0 _ _ 1 1 20140613160047 24
000000772014034 00000077 2014 03 05 63 1211 11:00 11:59 0024 1 830 0 _ _ 1 1 20140613160047 24
000000772014034 00000077 2014 03 12 63 1211 11:00 11:59 0024 1 830 0 _ _ 1 1 20140613160047 24
000000772014034 00000077 2014 03 19 63 1211 11:00 11:59 0024 1 830 0 _ _ 1 1 20140613160047 24
000000772014034 00000077 2014 03 26 63 1211 11:00 11:59 0024 1 830 0 _ _ 1 1 20140613160047 24
000000772014035 00000077 2014 03 05 63 6101 _ _ 0024 1 6 0 _ _ 1 1 20140613160047 24
000000772014035 00000077 2014 03 12 63 6101 _ _ 0024 1 6 0 _ _ 1 1 20140613160047 24
000000772014035 00000077 2014 03 19 63 6101 _ _ 0024 1 6 0 _ _ 1 1 20140613160047 24
000000772014035 00000077 2014 03 26 63 6101 _ _ 0024 1 6 0 _ _ 1 1 20140613160047 24
000000772014041 00000077 2014 04 01 67 1009 _ _ 0041 1 300 0 _ _ 1 1 20140613160631 24
000000772014042 00000077 2014 04 01 67 1009 _ _ 0041 1 200 0 _ _ 1 1 20140613160631 24
000000772014043 00000077 2014 04 03 61 1111 12:30 13:29 0055 1 1226 0 _ _ 1 1 20140613160631 24
000000772014043 00000077 2014 04 10 61 1111 12:30 13:29 0055 1 1226 0 _ _ 1 1 20140613160631 24
000000772014043 00000077 2014 04 17 61 1111 12:30 13:29 0055 1 1226 0 _ _ 1 1 20140613160631 24
000000772014043 00000077 2014 04 24 61 1111 12:30 13:29 0055 1 1226 0 _ _ 1 1 20140613160631 24
000000772014044 00000077 2014 04 02 63 1211 11:00 11:59 0024 1 834 0 _ _ 1 1 20140613160631 24
000000772014044 00000077 2014 04 09 63 1211 11:00 11:59 0024 1 834 0 _ _ 1 1 20140613160631 24
000000772014044 00000077 2014 04 16 63 1211 11:00 11:59 0024 1 834 0 _ _ 1 1 20140613160631 24
000000772014044 00000077 2014 04 23 63 1211 11:00 11:59 0024 1 834 0 _ _ 1 1 20140613160631 24
000000772014044 00000077 2014 04 30 63 1211 11:00 11:59 0024 1 834 0 _ _ 1 1 20140613160631 24
000000772014045 00000077 2014 04 02 63 6101 _ _ 0024 1 6 0 _ _ 1 1 20140613160631 24
000000772014045 00000077 2014 04 09 63 6101 _ _ 0024 1 6 0 _ _ 1 1 20140613160631 24
000000772014045 00000077 2014 04 16 63 6101 _ _ 0024 1 6 0 _ _ 1 1 20140613160631 24
000000772014045 00000077 2014 04 23 63 6101 _ _ 0024 1 6 0 _ _ 1 1 20140613160631 24
000000772014045 00000077 2014 04 30 63 6101 _ _ 0024 1 6 0 _ _ 1 1 20140613160631 24
000000772014051 00000077 2014 05 07 63 1211 11:00 11:59 0024 1 834 0 _ _ 1 1 20140626200201 78
000000772014051 00000077 2014 05 14 63 1211 11:00 11:59 0024 1 834 0 _ _ 1 1 20140626200201 78
000000772014051 00000077 2014 05 21 63 1211 11:00 11:59 0024 1 834 0 _ _ 1 1 20140626200201 78
000000772014051 00000077 2014 05 28 63 1211 11:00 11:59 0024 1 834 0 _ _ 1 1 20140626200201 78
000000772014052 00000077 2014 05 07 63 6101 _ _ 0024 1 6 0 _ _ 1 1 20140626200201 78
000000772014052 00000077 2014 05 14 63 6101 _ _ 0024 1 6 0 _ _ 1 1 20140626200201 78
000000772014052 00000077 2014 05 21 63 6101 _ _ 0024 1 6 0 _ _ 1 1 20140626200201 78
000000772014052 00000077 2014 05 28 63 6101 _ _ 0024 1 6 0 _ _ 1 1 20140626200201 78
000000772014053 00000077 2014 05 01 61 1111 12:30 13:29 0055 1 1226 0 _ _ 1 1 20140626200201 78
000000772014054 00000077 2014 05 08 61 1111 13:00 13:59 0055 1 1226 0 _ _ 1 1 20140626200201 78
000000772014054 00000077 2014 05 15 61 1111 13:00 13:59 0055 1 1226 0 _ _ 1 1 20140626200201 78
000000772014054 00000077 2014 05 22 61 1111 13:00 13:59 0055 1 1226 0 _ _ 1 1 20140626200201 78
000000772014054 00000077 2014 05 29 61 1111 13:00 13:59 0055 1 1226 0 _ _ 1 1 20140626200201 78
000000772014055 00000077 2014 05 01 67 1009 _ _ 0041 1 200 0 _ _ 1 1 20140626200201 78
000000772014056 00000077 2014 05 01 67 1009 _ _ 0041 1 300 0 _ _ 1 1 20140626200201 78
