000000702013081 00000070 2013 08 06 61 1211 1 11:00 12:00 0073 1 2440 0 _ _ 1 20140724180323 24
000000702013081 00000070 2013 08 13 61 1211 1 11:00 12:00 0073 1 2440 0 _ _ 1 20140724180323 24
000000702013081 00000070 2013 08 20 61 1211 1 11:00 12:00 0073 1 2440 0 _ _ 1 20140724180323 24
000000702013081 00000070 2013 08 27 61 1211 1 11:00 12:00 0073 1 2440 0 _ _ 1 20140724180323 24
000000702013082 00000070 2013 08 02 61 1211 1 13:30 14:30 0073 1 2440 0 _ _ 1 20140724180323 24
000000702013082 00000070 2013 08 09 61 1211 1 13:30 14:30 0073 1 2440 0 _ _ 1 20140724180323 24
000000702013082 00000070 2013 08 16 61 1211 1 13:30 14:30 0073 1 2440 0 _ _ 1 20140724180323 24
000000702013082 00000070 2013 08 23 61 1211 1 13:30 14:30 0073 1 2440 0 _ _ 1 20140724180323 24
000000702013082 00000070 2013 08 30 61 1211 1 13:30 14:30 0073 1 2440 0 _ _ 1 20140724180323 24
000000702013083 00000070 2013 08 02 61 4001 1 13:30 14:30 0073 1 200 0 _ _ 1 20140724180323 24
000000702013091 00000070 2013 09 03 61 1211 1 11:00 12:00 0073 1 2440 0 _ _ 1 20140626191711 24
000000702013091 00000070 2013 09 07 61 1211 1 11:00 12:00 0073 1 2440 0 _ _ 1 20140626191711 24
000000702013091 00000070 2013 09 10 61 1211 1 11:00 12:00 0073 1 2440 0 _ _ 1 20140626191711 24
000000702013091 00000070 2013 09 17 61 1211 1 11:00 12:00 0073 1 2440 0 _ _ 1 20140626191711 24
000000702013091 00000070 2013 09 24 61 1211 1 11:00 12:00 0073 1 2440 0 _ _ 1 20140626191711 24
000000702013091 00000070 2013 09 28 61 1211 1 11:00 12:00 0073 1 2440 0 _ _ 1 20140626191711 24
000000702013092 00000070 2013 09 13 61 1211 1 13:30 14:30 0073 1 2440 0 _ _ 1 20140626191711 24
000000702013092 00000070 2013 09 20 61 1211 1 13:30 14:30 0073 1 2440 0 _ _ 1 20140626191711 24
000000702013101 00000070 2013 10 01 61 1211 1 11:00 12:00 0073 1 2440 0 _ _ 1 20140627101018 24
000000702013101 00000070 2013 10 08 61 1211 1 11:00 12:00 0073 1 2440 0 _ _ 1 20140627101018 24
000000702013101 00000070 2013 10 15 61 1211 1 11:00 12:00 0073 1 2440 0 _ _ 1 20140627101018 24
000000702013101 00000070 2013 10 29 61 1211 1 11:00 12:00 0073 1 2440 0 _ _ 1 20140627101018 24
000000702013102 00000070 2013 10 04 61 1211 1 13:30 14:30 0073 1 2440 0 _ _ 1 20140627101018 24
000000702013102 00000070 2013 10 11 61 1211 1 13:30 14:30 0073 1 2440 0 _ _ 1 20140627101018 24
000000702013102 00000070 2013 10 25 61 1211 1 13:30 14:30 0073 1 2440 0 _ _ 1 20140627101018 24
000000702013103 00000070 2013 10 19 61 1211 1 15:15 16:15 0073 1 2440 0 _ _ 1 20140627101018 24
000000702013111 00000070 2013 11 05 61 1211 1 11:00 12:00 0073 1 2440 0 _ _ 1 20140627102123 24
000000702013111 00000070 2013 11 19 61 1211 1 11:00 12:00 0073 1 2440 0 _ _ 1 20140627102123 24
000000702013111 00000070 2013 11 26 61 1211 1 11:00 12:00 0073 1 2440 0 _ _ 1 20140627102123 24
000000702013112 00000070 2013 11 11 61 1211 1 13:00 14:00 0073 1 2440 0 _ _ 1 20140627102123 24
000000702013113 00000070 2013 11 01 61 1211 1 13:30 14:30 0073 1 2440 0 _ _ 1 20140627102123 24
000000702013113 00000070 2013 11 08 61 1211 1 13:30 14:30 0073 1 2440 0 _ _ 1 20140627102123 24
000000702013113 00000070 2013 11 15 61 1211 1 13:30 14:30 0073 1 2440 0 _ _ 1 20140627102123 24
000000702013113 00000070 2013 11 22 61 1211 1 13:30 14:30 0073 1 2440 0 _ _ 1 20140627102123 24
000000702013113 00000070 2013 11 29 61 1211 1 13:30 14:30 0073 1 2440 0 _ _ 1 20140627102123 24
000000702013121 00000070 2013 12 03 61 1211 1 11:00 12:00 0073 1 2440 0 _ _ 1 20140627102954 24
000000702013121 00000070 2013 12 17 61 1211 1 11:00 12:00 0073 1 2440 0 _ _ 1 20140627102954 24
000000702013121 00000070 2013 12 24 61 1211 1 11:00 12:00 0073 1 2440 0 _ _ 1 20140627102954 24
000000702013122 00000070 2013 12 09 61 1211 1 13:00 14:00 0073 1 2440 0 _ _ 1 20140627102954 24
000000702013123 00000070 2013 12 06 61 1211 1 13:30 14:30 0073 1 2440 0 _ _ 1 20140627102954 24
000000702013123 00000070 2013 12 13 61 1211 1 13:30 14:30 0073 1 2440 0 _ _ 1 20140627102954 24
000000702013123 00000070 2013 12 20 61 1211 1 13:30 14:30 0073 1 2440 0 _ _ 1 20140627102954 24
000000702013123 00000070 2013 12 27 61 1211 1 13:30 14:30 0073 1 2440 0 _ _ 1 20140627102954 24
000000702014011 00000070 2014 01 07 61 1211 1 09:00 11:00 0073 1 2440 0 _ _ 1 20140613103735 24
000000702014012 00000070 2014 01 03 61 1211 1 13:30 14:30 0073 1 2440 0 _ _ 1 20140613103735 24
000000702014012 00000070 2014 01 10 61 1211 1 13:30 14:30 0073 1 2440 0 _ _ 1 20140613103735 24
000000702014012 00000070 2014 01 17 61 1211 1 13:30 14:30 0073 1 2440 0 _ _ 1 20140613103735 24
000000702014012 00000070 2014 01 24 61 1211 1 13:30 14:30 0073 1 2440 0 _ _ 1 20140613103735 24
000000702014012 00000070 2014 01 31 61 1211 1 13:30 14:30 0073 1 2440 0 _ _ 1 20140613103735 24
000000702014013 00000070 2014 01 14 61 1211 1 11:00 12:00 0073 1 2440 0 _ _ 1 20140613103735 24
000000702014013 00000070 2014 01 21 61 1211 1 11:00 12:00 0073 1 2440 0 _ _ 1 20140613103735 24
000000702014013 00000070 2014 01 28 61 1211 1 11:00 12:00 0073 1 2440 0 _ _ 1 20140613103735 24
000000702014021 00000070 2014 02 07 61 1211 1 13:30 14:30 0073 1 2440 0 _ _ 1 20140613104354 24
000000702014021 00000070 2014 02 14 61 1211 1 13:30 14:30 0073 1 2440 0 _ _ 1 20140613104354 24
000000702014021 00000070 2014 02 21 61 1211 1 13:30 14:30 0073 1 2440 0 _ _ 1 20140613104354 24
000000702014021 00000070 2014 02 28 61 1211 1 13:30 14:30 0073 1 2440 0 _ _ 1 20140613104354 24
000000702014022 00000070 2014 02 11 61 1211 1 11:00 12:00 0073 1 2440 0 _ _ 1 20140613104354 24
000000702014022 00000070 2014 02 18 61 1211 1 11:00 12:00 0073 1 2440 0 _ _ 1 20140613104354 24
000000702014022 00000070 2014 02 25 61 1211 1 11:00 12:00 0073 1 2440 0 _ _ 1 20140613104354 24
000000702014023 00000070 2014 02 03 61 1211 1 14:00 15:00 0073 1 2440 0 _ _ 1 20140613104354 24
000000702014031 00000070 2014 03 07 61 1211 1 13:30 14:30 0073 1 2440 0 _ _ 1 20140613104930 24
000000702014031 00000070 2014 03 14 61 1211 1 13:30 14:30 0073 1 2440 0 _ _ 1 20140613104930 24
000000702014031 00000070 2014 03 21 61 1211 1 13:30 14:30 0073 1 2440 0 _ _ 1 20140613104930 24
000000702014031 00000070 2014 03 28 61 1211 1 13:30 14:30 0073 1 2440 0 _ _ 1 20140613104930 24
000000702014032 00000070 2014 03 11 61 1211 1 11:00 12:00 0073 1 2440 0 _ _ 1 20140613104930 24
000000702014032 00000070 2014 03 18 61 1211 1 11:00 12:00 0073 1 2440 0 _ _ 1 20140613104930 24
000000702014032 00000070 2014 03 25 61 1211 1 11:00 12:00 0073 1 2440 0 _ _ 1 20140613104930 24
000000702014041 00000070 2014 04 04 61 1211 1 13:30 14:30 0073 1 2452 0 _ _ 1 20140613105547 24
000000702014041 00000070 2014 04 11 61 1211 1 13:30 14:30 0073 1 2452 0 _ _ 1 20140613105547 24
000000702014041 00000070 2014 04 18 61 1211 1 13:30 14:30 0073 1 2452 0 _ _ 1 20140613105547 24
000000702014042 00000070 2014 04 01 61 1211 1 11:00 12:00 0073 1 2452 0 _ _ 1 20140613105547 24
000000702014042 00000070 2014 04 08 61 1211 1 11:00 12:00 0073 1 2452 0 _ _ 1 20140613105547 24
000000702014042 00000070 2014 04 15 61 1211 1 11:00 12:00 0073 1 2452 0 _ _ 1 20140613105547 24
000000702014042 00000070 2014 04 22 61 1211 1 11:00 12:00 0073 1 2452 0 _ _ 1 20140613105547 24
000000702014042 00000070 2014 04 29 61 1211 1 11:00 12:00 0073 1 2452 0 _ _ 1 20140613105547 24
000000702014043 00000070 2014 04 26 61 1211 1 16:30 17:30 0073 1 2452 0 _ _ 1 20140613105547 24
000000702014051 00000070 2014 05 06 61 1211 1 11:00 12:00 0073 1 2452 0 _ _ 1 20140815182752 24
000000702014051 00000070 2014 05 13 61 1211 1 11:00 12:00 0073 1 2452 0 _ _ 1 20140815182752 24
000000702014051 00000070 2014 05 20 61 1211 1 11:00 12:00 0073 1 2452 0 _ _ 1 20140815182752 24
000000702014051 00000070 2014 05 27 61 1211 1 11:00 12:00 0073 1 2452 0 _ _ 1 20140815182752 24
000000702014052 00000070 2014 05 02 61 1211 1 13:30 14:30 0073 1 2452 0 _ _ 1 20140815182752 24
000000702014052 00000070 2014 05 09 61 1211 1 13:30 14:30 0073 1 2452 0 _ _ 1 20140815182752 24
000000702014052 00000070 2014 05 16 61 1211 1 13:30 14:30 0073 1 2452 0 _ _ 1 20140815182752 24
000000702014052 00000070 2014 05 23 61 1211 1 13:30 14:30 0073 1 2452 0 _ _ 1 20140815182752 24
000000702014052 00000070 2014 05 30 61 1211 1 13:30 14:30 0073 1 2452 0 _ _ 1 20140815182752 24
000000702014061 00000070 2014 06 03 61 1211 1 11:00 11:59 0073 1 2452 0 _ _ 1 20140701170722 24
000000702014061 00000070 2014 06 10 61 1211 1 11:00 11:59 0073 1 2452 0 _ _ 1 20140701170722 24
000000702014061 00000070 2014 06 17 61 1211 1 11:00 11:59 0073 1 2452 0 _ _ 1 20140701170722 24
000000702014061 00000070 2014 06 24 61 1211 1 11:00 11:59 0073 1 2452 0 _ _ 1 20140701170722 24
000000702014062 00000070 2014 06 06 61 1211 1 13:30 14:29 0073 1 2452 0 _ _ 1 20140701170722 24
000000702014062 00000070 2014 06 13 61 1211 1 13:30 14:29 0073 1 2452 0 _ _ 1 20140701170722 24
000000702014062 00000070 2014 06 20 61 1211 1 13:30 14:29 0073 1 2452 0 _ _ 1 20140701170722 24
000000702014062 00000070 2014 06 27 61 1211 1 13:30 14:29 0073 1 2452 0 _ _ 1 20140701170722 24
000000702014071 00000070 2014 07 01 61 1211 1 11:00 11:59 0073 1 2452 0 _ _ 1 20140801155408 24
000000702014071 00000070 2014 07 08 61 1211 1 11:00 11:59 0073 1 2452 0 _ _ 1 20140801155408 24
000000702014071 00000070 2014 07 15 61 1211 1 11:00 11:59 0073 1 2452 0 _ _ 1 20140801155408 24
000000702014071 00000070 2014 07 22 61 1211 1 11:00 11:59 0073 1 2452 0 _ _ 1 20140801155408 24
000000702014071 00000070 2014 07 29 61 1211 1 11:00 11:59 0073 1 2452 0 _ _ 1 20140801155408 24
000000702014072 00000070 2014 07 04 61 1211 1 13:30 14:29 0073 1 2452 0 _ _ 1 20140801155408 24
000000702014072 00000070 2014 07 11 61 1211 1 13:30 14:29 0073 1 2452 0 _ _ 1 20140801155408 24
000000702014072 00000070 2014 07 18 61 1211 1 13:30 14:29 0073 1 2452 0 _ _ 1 20140801155408 24
000000702014072 00000070 2014 07 25 61 1211 1 13:30 14:29 0073 1 2452 0 _ _ 1 20140801155408 24
000000702014081 00000070 2014 08 05 61 1211 1 11:00 11:59 0073 1 2452 0 _ _ 1 20140901145032 24
000000702014081 00000070 2014 08 12 61 1211 1 11:00 11:59 0073 1 2452 0 _ _ 1 20140901145032 24
000000702014081 00000070 2014 08 19 61 1211 1 11:00 11:59 0073 1 2452 0 _ _ 1 20140901145032 24
000000702014081 00000070 2014 08 26 61 1211 1 11:00 11:59 0073 1 2452 0 _ _ 1 20140901145032 24
000000702014082 00000070 2014 08 01 61 1211 1 13:30 14:29 0073 1 2452 0 _ _ 1 20140901145032 24
000000702014082 00000070 2014 08 08 61 1211 1 13:30 14:29 0073 1 2452 0 _ _ 1 20140901145032 24
000000702014082 00000070 2014 08 15 61 1211 1 13:30 14:29 0073 1 2452 0 _ _ 1 20140901145032 24
000000702014082 00000070 2014 08 22 61 1211 1 13:30 14:29 0073 1 2452 0 _ _ 1 20140901145032 24
000000702014082 00000070 2014 08 29 61 1211 1 13:30 14:29 0073 1 2452 0 _ _ 1 20140901145032 24
000000702014091 00000070 2014 09 02 61 1211 1 11:00 11:59 0073 1 2452 0 _ _ 1 20141001152947 24
000000702014091 00000070 2014 09 09 61 1211 1 11:00 11:59 0073 1 2452 0 _ _ 1 20141001152947 24
000000702014091 00000070 2014 09 16 61 1211 1 11:00 11:59 0073 1 2452 0 _ _ 1 20141001152947 24
000000702014091 00000070 2014 09 23 61 1211 1 11:00 11:59 0073 1 2452 0 _ _ 1 20141001152947 24
000000702014091 00000070 2014 09 27 61 1211 1 11:00 11:59 0073 1 2452 0 _ _ 1 20141001152947 24
000000702014092 00000070 2014 09 05 61 1211 1 13:30 14:29 0073 1 2452 0 _ _ 1 20141001152947 24
000000702014092 00000070 2014 09 12 61 1211 1 13:30 14:29 0073 1 2452 0 _ _ 1 20141001152947 24
000000702014092 00000070 2014 09 19 61 1211 1 13:30 14:29 0073 1 2452 0 _ _ 1 20141001152947 24
000000702014101 00000070 2014 10 07 61 1211 1 11:00 11:59 0073 1 2452 0 _ _ 1 20141104120313 24
000000702014101 00000070 2014 10 21 61 1211 1 11:00 11:59 0073 1 2452 0 _ _ 1 20141104120313 24
000000702014101 00000070 2014 10 28 61 1211 1 11:00 11:59 0073 1 2452 0 _ _ 1 20141104120313 24
000000702014102 00000070 2014 10 10 61 1211 1 13:30 14:29 0073 1 2452 0 _ _ 1 20141104120313 24
000000702014102 00000070 2014 10 17 61 1211 1 13:30 14:29 0073 1 2452 0 _ _ 1 20141104120313 24
000000702014102 00000070 2014 10 24 61 1211 1 13:30 14:29 0073 1 2452 0 _ _ 1 20141104120313 24
000000702014102 00000070 2014 10 31 61 1211 1 13:30 14:29 0073 1 2452 0 _ _ 1 20141104120313 24
000000702014103 00000070 2014 10 30 63 1211 1 11:30 12:29 0386 1 834 0 _ _ 1 20141104120313 24
000000702014104 00000070 2014 10 30 63 4002 1 _ _ 0386 1 300 0 _ _ 1 20141104120313 24
000000702014105 00000070 2014 10 30 63 6101 1 _ _ 0386 1 6 0 _ _ 1 20141104120313 24
000000702014111 00000070 2014 11 04 61 1211 1 11:00 11:59 0073 1 2452 0 _ _ 1 20141203110119 24
000000702014111 00000070 2014 11 11 61 1211 1 11:00 11:59 0073 1 2452 0 _ _ 1 20141203110119 24
000000702014111 00000070 2014 11 18 61 1211 1 11:00 11:59 0073 1 2452 0 _ _ 1 20141203110119 24
000000702014111 00000070 2014 11 25 61 1211 1 11:00 11:59 0073 1 2452 0 _ _ 1 20141203110119 24
000000702014112 00000070 2014 11 07 61 1211 1 13:30 14:29 0073 1 2452 0 _ _ 1 20141203110119 24
000000702014112 00000070 2014 11 14 61 1211 1 13:30 14:29 0073 1 2452 0 _ _ 1 20141203110119 24
000000702014112 00000070 2014 11 21 61 1211 1 13:30 14:29 0073 1 2452 0 _ _ 1 20141203110119 24
000000702014112 00000070 2014 11 28 61 1211 1 13:30 14:29 0073 1 2452 0 _ _ 1 20141203110119 24
000000702014113 00000070 2014 11 04 63 1211 1 15:00 15:59 0386 1 834 0 _ _ 1 20141203110119 24
000000702014113 00000070 2014 11 11 63 1211 1 15:00 15:59 0386 1 834 0 _ _ 1 20141203110119 24
000000702014113 00000070 2014 11 18 63 1211 1 15:00 15:59 0386 1 834 0 _ _ 1 20141203110119 24
000000702014113 00000070 2014 11 26 63 1211 1 15:00 15:59 0386 1 834 0 _ _ 1 20141203110119 24
000000702014114 00000070 2014 11 04 63 6101 1 _ _ 0386 1 6 0 _ _ 1 20141203110119 24
000000702014114 00000070 2014 11 11 63 6101 1 _ _ 0386 1 6 0 _ _ 1 20141203110119 24
000000702014114 00000070 2014 11 18 63 6101 1 _ _ 0386 1 6 0 _ _ 1 20141203110119 24
000000702014114 00000070 2014 11 26 63 6101 1 _ _ 0386 1 6 0 _ _ 1 20141203110119 24
000000702014115 00000070 2014 11 01 67 1009 1 _ _ 0103 1 300 0 _ _ 1 20141203110119 24
