00000002 011 1004 00031 _ 20120407 20131231 1 20140614190254 00030
00000002 012 0008 _ 上原 20140101 99999999 9 20140613214010 00030
00000002 013 1004 00031 _ 20140101 99999999 1 20140614190308 00030
00000003 011 1004 00031 _ 20140101 99999999 9 20140603201742 00077
00000011 011 1004 _ 小関　千鶴 20110710 99999999 1 20140606164838 00078
00000012 011 1004 00033 _ 20110901 99999999 1 20140603191727 00078
00000014 011 1004 _ 小関　千鶴 20110601 99999999 1 20140606164453 00078
00000015 011 1004 00030 _ 20110601 99999999 1 20140603190305 00078
00000016 011 0008 _ 上原 20110609 20140531 1 20140612094341 00009
00000016 012 1004 00009 _ 20140601 99999999 1 20140612094402 00009
00000018 011 1004 00031 _ 20120401 99999999 1 20140603192131 00078
00000022 011 1004 00031 _ 20110704 99999999 1 20140603192013 00078
00000026 011 1004 00031 _ 20130419 99999999 1 20140613224255 00030
00000026 012 0312 _ 山下 20140501 99999999 9 20140613224243 00030
00000027 011 1004 00031 _ 20130301 99999999 1 20140603191841 00078
00000028 011 1004 00031 _ 20140201 99999999 1 20140603192512 00078
00000029 011 1004 _ 緒方　佐千子 20110901 99999999 1 20140603192512 00078
00000031 011 1004 _ 小関　千鶴 20110901 99999999 1 20140606165357 00078
00000032 011 1004 _ 小関　千鶴 20111016 99999999 1 20140606164804 00078
00000033 011 1004 _ 小関　千鶴 20110901 99999999 1 20140606164729 00078
00000034 011 1004 00031 _ 20110904 99999999 1 20140603192229 00078
00000035 011 1004 00030 _ 20140101 99999999 9 20140609112003 00030
00000035 012 1004 00030 _ 20130801 99999999 1 20140613223418 00030
00000037 011 1004 00030 _ 20140601 99999999 1 20140613194226 00030
00000041 011 1004 00033 _ 20130109 99999999 1 20140603191347 00078
00000046 011 1004 00031 _ 20111124 99999999 1 20140603192442 00078
00000047 011 1004 00031 _ 20130201 99999999 1 20140603191804 00078
00000048 011 1004 00030 _ 20120801 99999999 1 20140614175822 00030
00000048 012 0008 _ 上原 20130801 99999999 9 20140614175809 00030
00000049 011 1004 00009 _ 20120201 99999999 1 20140603191236 00078
00000051 011 1004 00033 _ 20140101 99999999 1 20140603202345 00077
00000052 011 1004 00033 _ 20130101 99999999 1 20140603191629 00078
00000054 011 1004 00033 _ 20120212 99999999 1 20140603191550 00078
00000055 011 1004 00009 _ 20120313 99999999 1 20140603191205 00078
00000056 011 1004 00030 _ 20140101 99999999 1 20140603202527 00077
00000057 011 1004 00030 _ 20121201 99999999 1 20140603190000 00078
00000058 011 1004 00033 _ 20120629 99999999 1 20140603191426 00078
00000059 011 1004 00033 _ 20120307 99999999 1 20140603191656 00078
00000060 011 1004 00030 _ 20120501 20130430 1 20140609113239 00030
00000060 012 1004 00030 _ 20130501 99999999 1 20140614185444 00030
00000062 011 1004 00030 _ 20120512 99999999 1 20140603185559 00078
00000063 011 1004 00030 _ 20131203 99999999 9 20140609110504 00030
00000063 012 1004 00030 _ 20120501 99999999 1 20140614174515 00030
00000064 011 1004 00030 _ 20140101 99999999 9 20140609111848 00030
00000064 012 1004 00030 _ 20120601 99999999 1 20140614175416 00030
00000065 011 1004 00030 _ 20140101 99999999 9 20140609112303 00030
00000065 012 1004 00030 _ 20120601 99999999 1 20140614184853 00030
00000066 011 1004 00030 _ 20120627 20121231 1 20140609112126 00030
00000066 012 1004 00030 _ 20130101 99999999 1 20140614184209 00030
00000067 011 1004 00030 _ 20121101 99999999 1 20140603190214 00078
00000069 011 1004 00030 _ 20140101 99999999 1 20140603203029 00077
00000070 011 1004 00030 _ 20121001 20130731 1 20140609112924 00030
00000070 012 1004 00030 _ 20130801 99999999 1 20140614185351 00030
00000071 011 1004 00030 _ 20140101 99999999 9 20140609110313 00030
00000071 012 1004 00030 _ 20121001 99999999 1 20140614174259 00030
00000072 011 1004 00033 _ 20140101 99999999 1 20140603202318 00078
00000073 011 1004 00030 _ 20121001 20130731 1 20140609111638 00030
00000073 012 1004 00030 _ 20130801 99999999 1 20140614181034 00030
00000074 011 1004 00033 _ 20131106 99999999 1 20140603191506 00078
00000075 011 1004 00030 _ 20121117 20130430 1 20140609110817 00030
00000075 012 1004 00030 _ 20130501 99999999 1 20140614181903 00030
00000076 011 1004 00030 _ 20121120 99999999 1 20140603185411 00078
00000077 011 1004 00030 _ 20130101 20130630 1 20140614194429 00030
00000077 012 0293 _ 友部・鳥谷 20130701 99999999 9 20140614180611 00030
00000077 013 1004 00030 _ 20130701 99999999 1 20140614194452 00030
00000079 011 1004 00030 _ 20130224 99999999 1 20140603185633 00078
00000082 011 1004 00031 _ 20130301 20140430 1 20140613213653 00030
00000082 012 1004 00088 _ 20140501 99999999 1 20140613213633 00030
00000083 011 1004 00030 _ 20130401 99999999 1 20140603185106 00078
00000084 011 1004 00031 _ 20140101 99999999 9 20140609124342 00030
00000084 012 1004 00031 _ 20130401 99999999 1 20140613223940 00030
00000085 011 1004 00031 _ 20140101 99999999 9 20140609124437 00030
00000085 012 1004 00031 _ 20130501 99999999 1 20140614172000 00030
00000086 011 1004 00031 _ 20140101 99999999 9 20140609124548 00030
00000086 012 1004 00031 _ 20130801 99999999 1 20140614172143 00030
00000090 011 1004 00030 _ 20130523 99999999 1 20140609203813 00030
00000091 011 1004 00030 _ 20130601 99999999 1 20140603190059 00078
00000092 011 1004 00031 _ 20140101 99999999 1 20140603192753 00078
00000093 011 1004 00030 _ 20130712 99999999 1 20140603185239 00078
00000095 011 1004 00031 _ 20140101 99999999 1 20140606130153 00003
00000096 011 1004 00031 _ 20140101 99999999 9 20140609125033 00030
00000096 012 1004 00031 _ 20130801 20140630 1 20140620181639 00030
00000096 013 1004 00088 _ 20140701 99999999 1 20140620181656 00030
00000097 011 1004 00030 _ 20130724 99999999 1 20140603190728 00078
00000099 011 1004 00030 _ 20130908 99999999 1 20140603190032 00078
00000100 011 1004 00031 _ 20140101 99999999 9 20140609125632 00030
00000100 012 1004 00031 _ 20130901 99999999 1 20140614172524 00030
00000103 011 1004 00013 _ 20140101 99999999 9 20140609113506 00030
00000103 012 1004 00013 _ 20130901 99999999 1 20140613215930 00013
00000104 011 1004 00013 _ 20140101 99999999 1 20140603203318 00078
00000105 011 1004 00013 _ 20131001 99999999 1 20140619141256 00013
00000105 012 1004 00013 _ 20140401 99999999 9 20140619141246 00013
00000107 011 1004 00013 _ 20131001 99999999 1 20140603182409 00078
00000109 011 1004 00031 _ 20130801 99999999 1 20140603192039 00078
00000112 011 1004 00031 _ 20130917 99999999 1 20140603192158 00078
00000113 011 1004 00031 _ 20131101 99999999 1 20140613224600 00030
00000113 012 0294 _ 小島 20140301 99999999 9 20140613224551 00030
00000114 011 1004 00031 _ 20131026 99999999 1 20140603192336 00078
00000115 011 1004 00013 _ 20131101 20140430 1 20140619141731 00013
00000117 011 1004 00031 _ 20131201 99999999 1 20140603191912 00078
00000118 011 1004 00013 _ 20131101 99999999 1 20140603182028 00078
00000119 011 1004 00030 _ 20131115 99999999 1 20140603190410 00078
00000120 011 1004 00013 _ 20131122 99999999 9 20140609113821 00030
00000120 012 1004 00013 _ 20131201 99999999 1 20140615144732 00013
00000121 011 1004 00013 _ 20140101 99999999 9 20140609114048 00030
00000121 012 1004 00013 _ 20140201 99999999 1 20140615150726 00013
00000134 011 1004 00013 _ 20140413 99999999 1 20140603182800 00078
00000135 011 1004 00013 _ 20140413 99999999 1 20140603182835 00078
00000138 002 1004 00078 _ 20140401 99999999 1 20140404112636 00077
00000139 011 1004 00013 _ 20140413 99999999 1 20140603181936 00078
00000140 011 1004 00013 _ 20140427 99999999 1 20140603185006 00078
00000141 011 1004 00013 _ 20140423 99999999 1 20140603183110 00078
00000142 011 1004 00013 _ 20140423 99999999 1 20140603182945 00078
00000143 011 1004 00013 _ 20140503 99999999 1 20140603184855 00078
00000144 011 1004 00013 _ 20140502 99999999 1 20140603183144 00078
00000146 011 1004 00013 _ 20140501 99999999 1 20140603183029 00078
00000147 011 1004 00013 _ 20140515 99999999 1 20140603184926 00078
00000148 011 1004 00030 _ 20131212 99999999 1 20140603190805 00078
00000149 011 1004 00030 _ 20131212 99999999 9 20140609111151 00030
00000149 012 1004 00030 _ 20140101 99999999 1 20140614180424 00030
00000150 011 1004 00013 _ 20140106 99999999 9 20140609113930 00030
00000150 012 1004 00013 _ 20140101 20140630 1 20140619144809 00013
00000150 013 1004 00088 _ 20140701 99999999 1 20140620192526 00013
00000151 002 1004 00031 _ 20140101 99999999 9 20140609130532 00030
00000151 003 1004 00031 _ 20140101 99999999 1 20140614173512 00030
00000152 002 1004 00031 _ 20140401 99999999 9 20140609130634 00030
00000152 003 1004 00031 _ 20140101 99999999 1 20140614173604 00030
00000153 002 1004 00013 _ 20131201 99999999 1 20140603182536 00078
00000154 002 1004 00031 _ 20140401 99999999 9 20140609130415 00030
00000154 003 1004 00031 _ 20140301 99999999 1 20140614173230 00030
00000155 002 1004 00031 _ 20140101 99999999 1 20140603192611 00078
00000156 002 1004 00031 _ 20131217 99999999 1 20140603192642 00078
00000158 002 1004 00030 _ 20140201 99999999 1 20140603190836 00078
00000160 002 1004 00030 _ 20140201 20140630 1 20140621102555 00030
00000160 003 1004 00088 _ 20140701 99999999 1 20140621102608 00030
00000161 002 1004 00013 _ 20140129 99999999 9 20140609114153 00030
00000161 003 1004 00013 _ 20140201 99999999 1 20140615144822 00013
00000162 002 1004 00013 _ 20140129 99999999 9 20140609114240 00030
00000162 003 1004 00013 _ 20140201 99999999 1 20140615150310 00013
00000165 002 1004 00013 _ 20140311 99999999 1 20140603182615 00078
00000166 002 1004 00031 _ 20140101 99999999 9 20140609130853 00030
00000166 003 1004 00031 _ 20140301 99999999 1 20140614173916 00030
00000167 002 1004 00031 _ 20140101 99999999 9 20140609130738 00030
00000167 003 1004 00031 _ 20140301 99999999 1 20140614173735 00030
00000168 002 1004 00030 _ 20140301 99999999 9 20140609112412 00030
00000168 003 1004 00030 _ 20140301 99999999 1 20140614185304 00030
00000169 002 1004 00031 _ 20140327 99999999 1 20140603192708 00078
00000170 002 1004 00030 _ 20140419 99999999 1 20140603190931 00078
00000171 002 1004 00013 _ 20140501 99999999 9 20140609114416 00030
00000171 003 1004 00013 _ 20140501 99999999 1 20140615150909 00013
00000174 002 1004 00031 _ 20140509 99999999 9 20140609130949 00030
00000174 003 1004 00031 _ 20140501 99999999 1 20140614174101 00030
00000201 002 1005 00047 _ 20100828 20121017 1 20140601121844 00047
00000202 002 1005 00047 _ 20100824 20130315 1 20140601121938 00047
00000203 002 1005 00047 _ 20100828 20131212 1 20140601122026 00047
00000204 002 1005 00047 _ 20100825 20140326 1 20140601122120 00047
00000205 002 1005 00052 _ 20140201 99999999 1 20140612123729 00047
00000206 002 1005 00047 _ 20100827 20121130 1 20140601142239 00047
00000207 002 1005 00047 _ 20140401 99999999 1 20140601142416 00047
00000208 002 1005 00047 _ 20101226 20110305 1 20140601142508 00047
00000209 002 1005 00047 _ 20110202 99999999 1 20140612123755 00047
00000210 002 1005 00047 _ 20110226 20130223 1 20140601142954 00047
00000211 002 1005 00047 _ 20110930 20111031 1 20140601143038 00047
00000212 002 1005 00052 _ 20110422 99999999 1 20140716170843 00078
00000213 002 1005 00052 _ 20140613 99999999 1 20140602115433 00047
00000214 002 1005 00052 _ 20130402 99999999 1 20140612123849 00047
00000215 002 1005 00047 _ 20130904 99999999 1 20140601143324 00047
00000216 002 1005 00047 _ 20130108 99999999 1 20140601144014 00047
00000218 002 1005 00047 _ 20120126 99999999 1 20140612123946 00047
00000219 002 1005 00047 _ 20120114 20130426 1 20140601144927 00047
00000220 002 1005 00047 _ 20130101 99999999 1 20140603193442 00077
00000221 002 1005 00052 _ 20140501 99999999 1 20140609140950 00047
00000223 002 1005 00047 _ 20130626 99999999 1 20140603193636 00077
00000224 002 1005 00047 _ 20120801 99999999 1 20140730102637 00078
00000225 002 1005 00047 _ 20121006 99999999 1 20140601154427 00047
00000226 002 0289 _ 栗原　正代 20120831 99999999 1 20140602191012 00047
00000228 002 1005 00052 _ 20130501 99999999 1 20140612124036 00047
00000229 002 1005 00047 _ 20121101 99999999 1 20140612124058 00047
00000230 002 1005 00047 _ 20121106 20140324 1 20140601161657 00047
00000231 002 1005 00052 _ 20130212 99999999 1 20140612124305 00047
00000233 002 1005 00032 _ 20130509 99999999 1 20140612124246 00047
00000234 002 1005 00052 _ 20130513 20130618 1 20140602115809 00047
00000235 002 1005 00052 _ 20130522 99999999 1 20140602115752 00047
00000236 002 1005 00032 _ 20140601 99999999 1 20140601184755 00047
00000237 002 1005 00052 _ 20130503 20130630 1 20140602115833 00047
00000238 002 1005 00032 _ 20130509 99999999 1 20140612124351 00047
00000239 002 1005 00032 _ 20130529 99999999 1 20140612124416 00047
00000240 002 1005 00052 _ 20130621 99999999 1 20140602115848 00047
00000241 002 1005 00047 _ 20130801 99999999 1 20140612124437 00047
00000244 002 1005 00032 _ 20131105 99999999 1 20140601192200 00047
00000245 002 1005 00032 _ 20131105 99999999 1 20140601192300 00047
00000246 002 1005 00047 _ 20131121 99999999 1 20140612124510 00047
00000247 002 1005 00047 _ 20140113 99999999 1 20140601192542 00047
00000248 002 1005 00052 _ 20131218 99999999 1 20140602115913 00047
00000250 002 1005 00052 _ 20140301 99999999 1 20140612124532 00047
00000251 002 1005 00052 _ 20140401 99999999 1 20140612124555 00047
00000252 002 1005 00052 _ 20140321 99999999 1 20140603193538 00078
00000253 002 1005 00052 _ 20140601 99999999 1 20140602120010 00047
00000254 002 1005 00052 _ 20140601 99999999 9 20140611194933 00047
00000254 003 1005 00052 _ 20140601 99999999 1 20140611194948 00047
00000255 002 1005 00052 _ 20140501 99999999 1 20140612124844 00047
00000256 002 1005 00052 _ 20140521 99999999 1 20140612124908 00047
00000301 002 1004 00013 _ 20140618 99999999 1 20140619151814 00013
00000302 002 0275 _ _ 20140601 99999999 9 20140601200426 00047
00000302 003 1005 00052 _ 20140601 99999999 1 20140620193206 00047
00000303 002 1005 00032 _ 20140601 99999999 1 20140531203325 00047
00000304 002 1004 00031 _ 20140602 99999999 1 20140602200057 00030
00000305 002 1004 00088 _ 20140601 99999999 1 20140602200623 00030
00000306 002 1004 00088 _ 20140603 99999999 1 20140614182259 00030
00000307 002 1004 00030 _ 20140601 99999999 1 20140614190016 00030
00000309 002 1004 00031 _ 20140701 99999999 1 20140610093148 00030
00000310 002 1004 00009 _ 20110602 99999999 1 20140611141000 00009
00000311 002 0286 _ 吉川　隆也 20140613 99999999 1 20140613201015 00049
00000312 002 1004 00088 _ 20140417 99999999 1 20140617113345 00030
00000313 002 1004 00030 _ 20140403 99999999 1 20140617181946 00030
00000317 002 1005 00047 _ 20140705 99999999 1 20140705184408 00047
00000318 002 1004 00031 _ 20140701 99999999 1 20140706140518 00030
00000319 002 1004 00013 _ 20140801 99999999 1 20140707193507 00013
00000320 002 1004 00013 _ 20140801 99999999 1 20140709211121 00013
00000571 002 1004 00078 _ 20140401 99999999 1 20140613132521 00078
00000572 002 1005 00077 _ 20140301 99999999 9 20140627200702 00078
00000572 003 1005 00077 _ 20140101 99999999 1 20140724101447 00078
00000577 002 1004 _ _ 20140601 99999999 1 20140618103231 00077
00000578 002 1004 00089 _ 20131201 99999999 1 20140613174507 00078
00000582 002 1004 00078 _ 20130606 20140630 1 20140618170249 00078
00000583 002 1005 00047 _ 20140401 99999999 1 20140623175835 00047
00000584 002 1004 00030 _ 20140401 99999999 1 20140623180948 00030
00000585 002 1004 00078 _ 20140101 99999999 9 20140710115821 00078
00000585 003 1004 00078 _ 20140401 99999999 1 20140710120615 00078
00000586 002 1004 00078 _ 20140401 99999999 9 20140710120657 00078
00000586 003 1004 00078 _ 20140101 99999999 1 20140710120736 00078
00000587 002 1005 00077 _ 20140401 99999999 1 20140703162732 00078
