00000086 0073 2013 10 _ 1 20140627173113 24
00000086 0073 2013 11 1 1 20140627173716 00034
00000086 0073 2013 12 1 1 20140627174338 00034
00000086 0073 2014 01 1 1 20140613184947 00034
00000086 0073 2014 02 1 1 20140616102222 00034
00000086 0073 2014 03 1 1 20140616102829 00034
00000086 0073 2014 04 1 1 20140616103531 00034
00000086 0073 2014 05 1 1 20140818111634 00034
00000086 0073 2014 06 1 1 20140701100303 00078
00000086 0073 2014 07 1 1 20140801185601 00077
00000086 0073 2014 08 _ 1 20140816173724 00038
