00000107 2013 10 1 1 00013 1 20140630185759 00030
00000107 2013 11 1 1 00013 1 20140630190743 00030
00000107 2013 12 1 1 00013 1 20140630191441 00030
00000107 2014 01 1 1 00013 1 20140616173127 00030
00000107 2014 02 1 1 00013 1 20140616180844 00030
00000107 2014 03 1 1 00013 1 20140616182027 00030
00000107 2014 04 1 1 00013 1 20140616182750 00030
00000107 2014 05 1 1 00013 1 20140811164655 00030
00000107 2014 06 1 1 00013 1 20140703205405 00013
00000107 2014 07 _ 1 00013 1 20140802154815 00013
00000107 2014 08 1 _ 00013 1 20140722231254 00013
00000107 2014 09 _ _ 00013 1 20140811212002 00013
