00000042 0070 2013 06 0000059 01 00038 _ 09:00 10:00 4 _ 0 4111 1 11 1 20140722174558 00034
00000042 0070 2013 09 0000021 07 00037 _ 09:00 10:00 _ _ 0 7311 1 11 1 20140625181004 00034
00000042 0070 2013 09 0000022 14 00035 _ 09:00 10:00 _ _ 0 7311 1 11 1 20140625181004 00034
00000042 0070 2013 09 0000023 21 00037 _ 09:00 10:00 _ _ 0 7311 1 11 1 20140625181004 00034
00000042 0070 2013 09 0000024 28 00038 _ 09:00 10:00 _ _ 0 7311 1 11 1 20140625181004 00034
00000042 0070 2013 10 0000025 05 00035 _ 09:00 10:00 _ _ 0 7311 1 11 1 20140625181840 00034
00000042 0070 2013 10 0000026 12 00034 _ 09:00 10:00 _ _ 0 7311 1 11 1 20140625181840 00034
00000042 0070 2013 10 0000027 19 00037 _ 09:00 10:00 _ _ 0 7311 1 11 1 20140625181840 00034
00000042 0070 2013 10 0000028 26 00035 _ 09:00 10:00 _ _ 0 7311 1 11 1 20140625181840 00034
00000042 0070 2013 11 0000029 02 00037 _ 09:00 10:00 _ _ 0 7311 1 11 1 20140625182017 00034
00000042 0070 2013 11 0000030 09 00035 _ 09:00 10:00 _ _ 0 7311 1 11 1 20140625182017 00034
00000042 0070 2013 11 0000031 16 00038 _ 09:00 10:00 _ _ 0 7311 1 11 1 20140625182017 00034
00000042 0070 2013 11 0000032 23 00037 _ 09:00 10:00 _ _ 0 7311 1 11 1 20140625182017 00034
00000042 0070 2013 11 0000033 30 00038 _ 09:00 10:00 _ _ 0 7311 1 11 1 20140625182017 00034
00000042 0070 2013 12 0000034 07 00034 _ 09:00 10:00 _ _ 0 7311 1 11 1 20140625182122 00034
00000042 0070 2013 12 0000035 14 00034 _ 09:00 10:00 _ _ 0 7311 1 11 1 20140625182122 00034
00000042 0070 2013 12 0000036 21 00035 _ 09:00 10:00 _ _ 0 7311 1 11 1 20140625182122 00034
00000042 0070 2013 12 0000037 28 00038 _ 09:00 10:00 _ _ 0 7311 1 11 1 20140625182122 00034
00000042 0070 2014 01 0000002 04 00036 _ 09:00 09:59 _ _ 0 7311 1 11 1 20140619190802 00034
00000042 0070 2014 01 0000003 11 00038 _ 09:00 09:59 _ _ 0 7311 1 11 1 20140619190802 00034
00000042 0070 2014 01 0000004 18 00037 _ 09:00 09:59 _ _ 0 7311 1 11 1 20140619190802 00034
00000042 0070 2014 01 0000005 25 00038 _ 09:00 09:59 _ _ 0 7311 1 11 1 20140619190802 00034
00000042 0070 2014 02 0000006 01 00035 _ 09:00 09:59 _ _ 0 7311 1 11 1 20140619190959 00034
00000042 0070 2014 02 0000007 10 00035 _ 10:30 11:29 _ _ 0 7311 1 11 1 20140619190959 00034
00000042 0070 2014 02 0000008 15 00037 _ 09:00 09:59 _ _ 0 7311 1 11 1 20140619190959 00034
00000042 0070 2014 02 0000009 22 00037 _ 09:00 09:59 _ _ 0 7311 1 11 1 20140619190959 00034
00000042 0070 2014 03 0000010 01 00035 _ 09:00 10:00 _ _ 0 7311 1 11 1 20140619191114 00034
00000042 0070 2014 03 0000011 08 00037 _ 09:10 10:00 _ _ 0 7311 1 11 1 20140619191114 00034
00000042 0070 2014 03 0000012 15 00037 _ 09:00 10:00 _ _ 0 7311 1 11 1 20140619191114 00034
00000042 0070 2014 03 0000013 22 00035 _ 09:00 10:00 _ _ 0 7311 1 11 1 20140619191114 00034
00000042 0070 2014 03 0000014 29 00037 _ 09:00 10:00 _ _ 0 7311 1 11 1 20140619191114 00034
00000042 0070 2014 04 0000015 05 00035 _ 09:00 10:00 _ _ 0 7311 1 11 1 20140619191223 00034
00000042 0070 2014 04 0000016 12 00037 _ 09:00 10:00 _ _ 0 7311 1 11 1 20140619191223 00034
00000042 0070 2014 04 0000017 19 00038 _ 09:00 10:00 _ _ 0 7311 1 11 1 20140619191223 00034
00000042 0070 2014 04 0000018 26 00037 _ 09:00 10:00 _ _ 0 7311 1 11 1 20140619191223 00034
00000042 0070 2014 05 0000019 03 00035 _ 09:00 10:00 _ _ 0 7311 1 11 1 20140620145432 00034
00000042 0070 2014 05 0000020 17 00035 _ 09:00 10:00 _ _ 0 7311 1 11 1 20140620145432 00034
00000042 0073 2012 04 0000074 01 00048 _ 13:00 13:59 _ _ 0 1111 1 61 1 20140804122249 00034
00000042 0073 2012 04 0000075 08 00048 _ 13:00 13:59 _ _ 0 1111 1 61 1 20140804122249 00034
00000042 0073 2012 04 0000076 15 00102 _ 13:00 13:59 _ _ 0 1111 1 61 1 20140804122249 00034
00000042 0073 2012 04 0000077 22 00102 _ 13:00 13:59 _ _ 0 1111 1 61 1 20140804122249 00034
00000042 0073 2012 04 0000078 29 00102 _ 13:00 13:59 _ _ 0 1111 1 61 1 20140804122249 00034
00000042 0073 2012 05 0000079 06 00048 _ 13:00 13:59 _ _ 0 1111 1 61 1 20140804122448 00034
00000042 0073 2012 05 0000080 13 00102 _ 13:00 13:59 _ _ 0 1111 1 61 1 20140804122448 00034
00000042 0073 2012 05 0000081 20 00102 _ 13:00 13:59 _ _ 0 1111 1 61 1 20140804122448 00034
00000042 0073 2012 05 0000082 27 00048 _ 13:00 13:59 _ _ 0 1111 1 61 1 20140804122448 00034
00000042 0073 2012 06 0000083 03 00102 _ 13:00 13:59 _ _ 0 1111 1 61 1 20140804122606 00034
00000042 0073 2012 06 0000084 10 00037 _ 13:00 13:59 _ _ 0 1111 1 61 1 20140804122606 00034
00000042 0073 2012 06 0000085 17 00102 _ 13:00 13:59 _ _ 0 1111 1 61 1 20140804122606 00034
00000042 0073 2012 06 0000086 24 00102 _ 13:00 13:59 _ _ 0 1111 1 61 1 20140804122606 00034
00000042 0073 2012 07 0000087 01 00037 _ 13:00 13:59 _ _ 0 1111 1 61 1 20140804122731 00034
00000042 0073 2012 07 0000088 08 00037 _ 13:00 13:59 _ _ 0 1111 1 61 1 20140804122731 00034
00000042 0073 2012 07 0000089 15 00102 _ 13:00 13:59 _ _ 0 1111 1 61 1 20140804122731 00034
00000042 0073 2012 07 0000090 22 00037 _ 13:00 13:59 _ _ 0 1111 1 61 1 20140804122731 00034
00000042 0073 2012 07 0000091 29 00102 _ 13:00 13:59 _ _ 0 1111 1 61 1 20140804122731 00034
00000042 0073 2012 08 0000092 05 00102 _ 13:00 13:59 _ _ 0 1111 1 61 1 20140804122846 00034
00000042 0073 2012 08 0000093 12 00037 _ 13:00 13:59 _ _ 0 1111 1 61 1 20140804122846 00034
00000042 0073 2012 08 0000094 19 00037 _ 13:00 13:59 _ _ 0 1111 1 61 1 20140804122846 00034
00000042 0073 2012 08 0000095 26 00102 _ 13:00 13:59 _ _ 0 1111 1 61 1 20140804122846 00034
00000042 0073 2012 09 0000096 02 00037 _ 13:00 13:59 _ _ 0 1111 1 61 1 20140804133218 00034
00000042 0073 2012 09 0000097 09 00102 _ 13:00 13:59 _ _ 0 1111 1 61 1 20140804133218 00034
00000042 0073 2012 09 0000098 16 00102 _ 13:00 13:59 _ _ 0 1111 1 61 1 20140804133218 00034
00000042 0073 2012 09 0000099 30 00037 _ 13:00 13:59 _ _ 0 1111 1 61 1 20140804133218 00034
00000042 0073 2012 10 0000100 07 00102 _ 13:00 13:59 _ _ 0 1111 1 61 1 20140804133409 00034
00000042 0073 2012 10 0000101 14 00037 _ 13:00 13:59 _ _ 0 1111 1 61 1 20140804133409 00034
00000042 0073 2012 10 0000102 21 00037 _ 13:00 13:59 _ _ 0 1111 1 61 1 20140804133409 00034
00000042 0073 2012 10 0000103 28 00037 _ 13:00 13:59 _ _ 0 1111 1 61 1 20140804133409 00034
00000042 0073 2012 11 0000104 04 00102 _ 13:00 13:59 _ _ 0 1111 1 61 1 20140804133506 00034
00000042 0073 2012 11 0000105 18 00037 _ 13:00 13:59 _ _ 0 1111 1 61 1 20140804133506 00034
00000042 0073 2012 11 0000106 25 00037 _ 13:00 13:59 _ _ 0 1111 1 61 1 20140804133506 00034
00000042 0073 2012 12 0000107 02 00037 _ 13:00 13:59 _ _ 0 1111 1 61 1 20140804133653 00034
00000042 0073 2012 12 0000108 09 00037 _ 13:00 13:59 _ _ 0 1111 1 61 1 20140804133653 00034
00000042 0073 2012 12 0000109 16 00102 _ 13:00 13:59 _ _ 0 1111 1 61 1 20140804133653 00034
00000042 0073 2012 12 0000110 23 00037 _ 13:00 13:59 _ _ 0 1111 1 61 1 20140804133653 00034
00000042 0073 2012 12 0000111 30 00037 _ 12:55 13:49 _ _ 0 1111 1 61 1 20140804133653 00034
00000042 0073 2013 01 0000038 06 00102 _ 13:00 14:00 _ _ 0 1111 1 61 1 20140722173157 00034
00000042 0073 2013 01 0000039 13 00102 _ 12:55 13:40 _ _ 0 1111 1 61 1 20140722173157 00034
00000042 0073 2013 01 0000040 20 00037 _ 13:00 14:00 _ _ 0 1111 1 61 1 20140722173157 00034
00000042 0073 2013 01 0000041 27 00037 _ 13:00 14:00 _ _ 0 1111 1 61 1 20140722173157 00034
00000042 0073 2013 02 0000042 02 00037 _ 09:00 10:00 _ _ 0 1111 1 61 1 20140722173339 00034
00000042 0073 2013 02 0000043 09 00037 _ 09:00 10:00 _ _ 0 1111 1 61 1 20140722173339 00034
00000042 0073 2013 02 0000044 16 00038 _ 09:00 10:00 _ _ 0 1111 1 61 1 20140722173339 00034
00000042 0073 2013 02 0000045 23 00037 _ 09:00 10:00 _ _ 0 1111 1 61 1 20140722173339 00034
00000042 0073 2013 03 0000046 02 00034 _ 09:00 10:00 _ _ 0 1111 1 61 1 20140722173516 00034
00000042 0073 2013 03 0000047 09 00037 _ 09:00 10:00 _ _ 0 1111 1 61 1 20140722173516 00034
00000042 0073 2013 03 0000048 16 00037 _ 09:00 10:00 _ _ 0 1111 1 61 1 20140722173516 00034
00000042 0073 2013 03 0000049 23 00038 _ 09:00 10:00 _ _ 0 1111 1 61 1 20140722173516 00034
00000042 0073 2013 03 0000050 30 00102 _ 09:00 10:00 _ _ 0 1111 1 61 1 20140722173516 00034
00000042 0073 2013 04 0000051 06 00038 _ 09:00 09:50 _ _ 0 1111 1 61 1 20140722173650 00034
00000042 0073 2013 04 0000052 13 00038 _ 08:50 09:50 _ _ 0 1111 1 61 1 20140722173650 00034
00000042 0073 2013 04 0000053 20 00037 _ 09:00 10:00 _ _ 0 1111 1 61 1 20140722173650 00034
00000042 0073 2013 04 0000054 27 00102 _ 09:00 10:00 _ _ 0 1111 1 61 1 20140722173650 00034
00000042 0073 2013 05 0000055 04 00037 _ 09:00 10:00 _ _ 0 1111 1 61 1 20140722173816 00034
00000042 0073 2013 05 0000056 11 00102 _ 09:00 10:00 _ _ 0 1111 1 61 1 20140722173816 00034
00000042 0073 2013 05 0000057 18 00038 _ 09:00 10:00 _ _ 0 1111 1 61 1 20140722173816 00034
00000042 0073 2013 05 0000058 25 00038 _ 09:00 10:00 _ _ 0 1111 1 61 1 20140722173816 00034
00000042 0073 2013 06 0000060 01 00038 _ 09:00 10:00 _ _ 0 1111 1 61 1 20140722174723 00034
00000042 0073 2013 06 0000061 08 00102 _ 09:00 10:00 _ _ 0 1111 1 61 1 20140722174723 00034
00000042 0073 2013 06 0000062 15 00038 _ 09:00 10:00 _ _ 0 1111 1 61 1 20140722174723 00034
00000042 0073 2013 06 0000063 22 00038 _ 09:00 10:00 _ _ 0 1111 1 61 1 20140722174723 00034
00000042 0073 2013 06 0000064 29 00102 _ 09:00 10:00 _ _ 0 1111 1 61 1 20140722174723 00034
00000042 0073 2013 07 0000065 06 00102 _ 09:00 10:00 _ _ 0 1111 1 61 1 20140722174941 00034
00000042 0073 2013 07 0000066 13 00035 _ 09:00 10:00 _ _ 0 1111 1 61 1 20140722174941 00034
00000042 0073 2013 07 0000067 20 00038 _ 09:00 10:00 _ _ 0 1111 1 61 1 20140722174941 00034
00000042 0073 2013 07 0000068 27 00035 _ 09:00 10:00 _ _ 0 1111 1 61 1 20140722174941 00034
00000042 0073 2013 08 0000069 03 00037 _ 09:00 10:00 _ _ 0 1111 1 61 1 20140722175054 00034
00000042 0073 2013 08 0000070 10 00037 _ 09:00 10:00 _ _ 0 1111 1 61 1 20140722175054 00034
00000042 0073 2013 08 0000071 17 00034 _ 09:00 10:00 _ _ 0 1111 1 61 1 20140722175054 00034
00000042 0073 2013 08 0000072 24 00035 _ 09:00 10:00 _ _ 0 1111 1 61 1 20140722175054 00034
00000042 0073 2013 08 0000073 31 00035 _ 09:00 10:00 _ _ 0 1111 1 61 1 20140722175054 00034
00000042 0073 2014 05 0000112 03 00035 _ 09:00 10:00 _ _ 0 1111 1 61 1 20140815170454 00034
00000042 0073 2014 05 0000113 17 00035 _ 09:00 10:00 _ _ 0 1111 1 61 1 20140815170454 00034
00000042 0073 2014 05 0000114 24 00035 _ 09:00 10:00 _ _ 0 1111 1 61 1 20140815170454 00034
00000042 0073 2014 05 0000115 31 00045 _ 09:00 10:00 _ _ 0 1111 1 61 1 20140815170454 00034
00000042 0073 2014 06 0000002 07 00045 _ 09:00 09:59 2 _ 0 1111 1 61 1 20140701101541 00078
00000042 0073 2014 06 0000003 14 00045 _ 09:00 09:59 2 _ 0 1111 1 61 1 20140701101541 00078
00000042 0073 2014 06 0000004 21 00045 _ 09:00 09:59 2 _ 0 1111 1 61 1 20140701101541 00078
00000042 0073 2014 06 0000005 28 00038 _ 09:00 09:59 2 _ 0 1111 1 61 1 20140701101541 00078
00000042 0073 2014 07 0000006 05 00045 _ 09:00 09:59 2 _ 0 1111 1 61 1 20140801185155 00077
00000042 0073 2014 07 0000007 12 00045 _ 09:00 09:59 2 _ 0 1111 1 61 1 20140801185155 00077
00000042 0073 2014 07 0000008 19 00045 _ 09:00 09:59 2 _ 0 1111 1 61 1 20140801185155 00077
00000042 0073 2014 07 0000009 26 00037 _ 09:00 09:59 2 _ 0 1111 1 61 1 20140801185155 00077
00000042 0073 2014 08 0000010 02 00045 _ 09:00 09:59 2 _ 0 1111 1 61 1 20140830202110 00038
00000042 0073 2014 08 0000011 09 00045 _ 09:00 09:59 2 _ 0 1111 1 61 1 20140830202110 00038
00000042 0073 2014 08 0000012 16 00035 _ 09:00 09:59 2 _ 0 1111 1 61 1 20140830202110 00038
00000042 0073 2014 08 0000013 23 00038 _ 09:00 09:59 2 _ 0 1111 1 61 1 20140830202110 00038
00000042 0073 2014 08 0000014 30 00045 _ 09:00 09:59 2 _ 0 1111 1 61 1 20140830202110 00038
00000042 0073 2014 09 0000015 06 00037 _ 09:00 09:59 2 _ 0 1111 1 61 1 20140927191934 00038
00000042 0073 2014 09 0000016 13 00045 _ 09:00 09:59 2 _ 0 1111 1 61 1 20140927191934 00038
00000042 0073 2014 09 0000017 20 00045 _ 09:00 09:59 2 _ 0 1111 1 61 1 20140927191934 00038
00000042 0073 2014 09 0000018 27 00037 _ 09:00 09:59 2 _ 0 1111 1 61 1 20140927191934 00038
00000042 0073 2014 10 0000019 04 00045 _ 09:00 09:59 2 _ 0 1111 1 61 1 20141028195513 00035
00000042 0073 2014 10 0000020 11 00045 _ 09:00 09:59 2 _ 0 1111 1 61 1 20141028195513 00035
00000042 0073 2014 10 0000021 18 00038 _ 09:00 09:59 2 _ 0 1111 1 61 1 20141028195513 00035
00000042 0073 2014 10 0000022 25 00045 _ 09:00 09:59 2 _ 0 1111 1 61 1 20141028195513 00035
00000042 0073 2014 11 0000023 01 00045 _ 09:00 09:59 2 _ 0 1111 1 61 1 20141130150550 00038
00000042 0073 2014 11 0000024 15 00045 _ 09:00 09:59 2 _ 0 1111 1 61 1 20141130150550 00038
00000042 0073 2014 11 0000025 22 00037 _ 09:00 09:59 2 _ 0 1111 1 61 1 20141130150550 00038
00000042 0073 2014 11 0000026 29 00045 _ 09:00 09:59 2 _ 0 1111 1 61 1 20141130150550 00038
00000042 0073 2014 11 0000027 08 00045 _ 09:00 09:59 2 _ 0 1111 1 61 1 20141130150550 00038
00000042 0073 2014 12 0000028 06 00038 _ 09:00 09:59 2 _ 0 1111 1 61 1 20141208150039 00171
