00000029 2012 04 3 16580 1 20140801150641 00030
00000029 2012 05 3 16580 1 20140801150859 00030
00000029 2012 06 3 16580 1 20140801150939 00030
00000029 2012 07 3 16580 1 20140801150611 00030
00000029 2012 08 3 16580 1 20140801151208 00030
00000029 2012 09 3 16580 1 20140801151859 00030
00000029 2012 10 3 16580 1 20140801151845 00030
00000029 2012 11 3 16580 1 20140801152124 00030
00000029 2012 12 3 16580 1 20140801152402 00030
00000029 2013 01 3 16580 1 20140722134206 00030
00000029 2013 02 3 16580 1 20140722134342 00030
00000029 2013 03 3 16580 1 20140722134534 00030
00000029 2013 04 3 16580 1 20140722134811 00030
00000029 2013 05 3 16580 1 20140722135119 00030
00000029 2013 06 3 16580 1 20140722135310 00030
