00000206 0029 2011 03 _ 1 20141201185108 00078
00000206 0029 2011 04 _ 1 20141201151038 00078
00000206 0029 2011 05 _ 1 20141130191306 00078
00000206 0029 2011 06 _ 1 20141130165134 00078
00000206 0029 2011 07 _ 1 20141130145413 00078
00000206 0029 2011 08 _ 1 20141130111855 00078
00000206 0029 2011 09 _ 1 20141128181549 00078
00000206 0029 2011 10 _ 1 20141127183646 00078
00000206 0029 2011 11 _ 1 20141127143144 00078
00000206 0029 2011 12 _ 1 20141125142304 00078
00000206 0029 2012 01 _ 1 20141121192753 00078
00000206 0029 2012 02 _ 1 20141119175423 00078
00000206 0029 2012 03 _ 1 20141119122424 00078
00000206 0029 2012 04 _ 1 20140715174927 00078
00000206 0029 2012 05 _ 1 20140715175841 00078
00000206 0029 2012 06 _ 1 20140715180608 00078
00000206 0029 2012 07 _ 1 20140715181608 00078
00000206 0029 2012 08 _ 1 20140715182843 00078
00000206 0029 2012 09 _ 1 20140715184341 00078
00000206 0029 2012 10 _ 1 20140715185335 00078
00000206 0029 2012 11 _ 1 20140715191011 00078
