000012692015061 00001269 2015 06 03 61 1111 19:00 19:59 0107 1 1168 0 _ _ 1 1 20150616112211 78
000012692015061 00001269 2015 06 10 61 1111 19:00 19:59 0107 1 1168 0 _ _ 1 1 20150616112211 78
000012692015061 00001269 2015 06 17 61 1111 19:00 19:59 0107 1 1168 0 _ _ 1 1 20150616112211 78
000012692015061 00001269 2015 06 24 61 1111 19:00 19:59 0107 1 1168 0 _ _ 1 1 20150616112211 78
000012692015062 00001269 2015 06 01 63 1010 09:00 09:19 0317 1 310 0 _ _ 1 1 20150616112211 78
000012692015062 00001269 2015 06 05 63 1010 09:00 09:19 0317 1 310 0 _ _ 1 1 20150616112211 78
000012692015062 00001269 2015 06 08 63 1010 09:00 09:19 0317 1 310 0 _ _ 1 1 20150616112211 78
000012692015062 00001269 2015 06 12 63 1010 09:00 09:19 0317 1 310 0 _ _ 1 1 20150616112211 78
000012692015062 00001269 2015 06 15 63 1010 09:00 09:19 0317 1 310 0 _ _ 1 1 20150616112211 78
000012692015062 00001269 2015 06 19 63 1010 09:00 09:19 0317 1 310 0 _ _ 1 1 20150616112211 78
000012692015062 00001269 2015 06 22 63 1010 09:00 09:19 0317 1 310 0 _ _ 1 1 20150616112211 78
000012692015062 00001269 2015 06 26 63 1010 09:00 09:19 0317 1 310 0 _ _ 1 1 20150616112211 78
