00000141 2014 05 20 14:00 15:05 11 5111 0070 10.84 1 474 1 20140626172539 00078
00000141 2014 05 23 14:00 14:45 11 1211 0070 10.84 1 404 1 20140626172539 00078
00000141 2014 05 27 14:00 15:05 11 5111 0070 10.84 1 474 1 20140626172539 00078
00000141 2014 05 30 14:00 14:45 11 1211 0070 10.84 1 404 1 20140626172539 00078
00000141 2014 06 03 14:00 15:05 11 5111 0070 10.84 1 474 1 20140630142250 00077
00000141 2014 06 11 15:30 16:35 11 5111 0070 10.84 1 474 1 20140630142250 00077
00000141 2014 06 14 15:30 16:15 11 1211 0070 10.84 1 404 1 20140630142250 00077
00000141 2014 06 18 15:30 16:35 11 5111 0070 10.84 1 474 1 20140630142250 00077
00000141 2014 06 21 15:30 16:15 11 1211 0070 10.84 1 404 1 20140630142250 00077
00000141 2014 06 25 15:30 16:35 11 5111 0070 10.84 1 474 1 20140630142250 00077
00000141 2014 06 28 15:30 16:15 11 1211 0070 10.84 1 404 1 20140630142250 00077
