00000141 0070 2014 05 0000002 20 00034 _ 14:00 15:05 _ _ 0 5111 1 11 1 20140626172539 00078
00000141 0070 2014 05 0000003 23 00034 _ 14:00 14:45 _ _ 0 1211 1 11 1 20140626172539 00078
00000141 0070 2014 05 0000004 27 00034 _ 14:00 15:05 _ _ 0 5111 1 11 1 20140626172539 00078
00000141 0070 2014 05 0000005 30 00034 _ 14:00 14:45 _ _ 0 1211 1 11 1 20140626172539 00078
00000141 0070 2014 06 0000002 03 00037 _ 14:00 15:05 4 _ 0 5111 1 11 1 20140630142250 00077
00000141 0070 2014 06 0000003 11 00037 _ 15:30 16:35 4 _ 0 5111 1 11 1 20140630142250 00077
00000141 0070 2014 06 0000004 14 00037 _ 15:30 16:15 1 _ 0 1211 1 11 1 20140630142250 00077
00000141 0070 2014 06 0000005 18 00037 _ 15:30 16:35 4 _ 0 5111 1 11 1 20140630142250 00077
00000141 0070 2014 06 0000006 21 00037 _ 15:30 16:15 1 _ 0 1211 1 11 1 20140630142250 00077
00000141 0070 2014 06 0000007 25 00037 _ 15:30 16:35 4 _ 0 5111 1 11 1 20140630142250 00077
00000141 0070 2014 06 0000008 28 00037 _ 15:30 16:15 1 _ 0 1211 1 11 1 20140630142250 00077
