000002282014011 00000228 2014 01 01 61 1111 16:30 17:30 0107 1 1220 0 _ _ 1 1 20140619174201 78
000002282014011 00000228 2014 01 08 61 1111 16:30 17:30 0107 1 1220 0 _ _ 1 1 20140619174201 78
000002282014011 00000228 2014 01 15 61 1111 16:30 17:30 0107 1 1220 0 _ _ 1 1 20140619174201 78
000002282014011 00000228 2014 01 22 61 1111 16:30 17:30 0107 1 1220 0 _ _ 1 1 20140619174201 78
000002282014011 00000228 2014 01 29 61 1111 16:30 17:30 0107 1 1220 0 _ _ 1 1 20140619174201 78
000002282014021 00000228 2014 02 05 61 1111 16:30 17:30 0107 1 1220 0 _ _ 1 1 20140619174623 78
000002282014021 00000228 2014 02 12 61 1111 16:30 17:30 0107 1 1220 0 _ _ 1 1 20140619174623 78
000002282014021 00000228 2014 02 19 61 1111 16:30 17:30 0107 1 1220 0 _ _ 1 1 20140619174623 78
000002282014021 00000228 2014 02 26 61 1111 16:30 17:30 0107 1 1220 0 _ _ 1 1 20140619174623 78
000002282014031 00000228 2014 03 05 61 1111 16:30 17:30 0107 1 1220 0 _ _ 1 1 20140619175303 78
000002282014031 00000228 2014 03 12 61 1111 16:30 17:30 0107 1 1220 0 _ _ 1 1 20140619175303 78
000002282014031 00000228 2014 03 19 61 1111 16:30 17:30 0107 1 1220 0 _ _ 1 1 20140619175303 78
000002282014031 00000228 2014 03 26 61 1111 16:30 17:30 0107 1 1220 0 _ _ 1 1 20140619175303 78
000002282014041 00000228 2014 04 02 61 1111 16:30 17:30 0107 1 1226 0 _ _ 1 1 20140619175627 78
000002282014041 00000228 2014 04 09 61 1111 16:30 17:30 0107 1 1226 0 _ _ 1 1 20140619175627 78
000002282014041 00000228 2014 04 16 61 1111 16:30 17:30 0107 1 1226 0 _ _ 1 1 20140619175627 78
000002282014041 00000228 2014 04 23 61 1111 16:30 17:30 0107 1 1226 0 _ _ 1 1 20140619175627 78
000002282014041 00000228 2014 04 30 61 1111 16:30 17:30 0107 1 1226 0 _ _ 1 1 20140619175627 78
000002282014051 00000228 2014 05 07 61 1111 16:30 17:30 0107 1 1226 0 _ _ 1 1 20140624161955 78
000002282014051 00000228 2014 05 14 61 1111 16:30 17:30 0107 1 1226 0 _ _ 1 1 20140624161955 78
000002282014051 00000228 2014 05 21 61 1111 16:30 17:30 0107 1 1226 0 _ _ 1 1 20140624161955 78
000002282014051 00000228 2014 05 28 61 1111 16:30 17:30 0107 1 1226 0 _ _ 1 1 20140624161955 78
