00000060 0070 2012 06 _ 1 20140806184832 00034
00000060 0070 2012 07 _ 1 20140807105246 00034
00000060 0070 2012 08 _ 1 20140807111036 00034
00000060 0070 2012 09 _ 1 20140807112111 00034
00000060 0070 2012 10 _ 1 20140807112933 00034
00000060 0070 2012 11 _ 1 20140807113810 00034
00000060 0070 2012 12 _ 1 20140807115038 00034
00000060 0070 2013 01 _ 1 20140723165459 00034
00000060 0070 2013 02 _ 1 20140723170011 00034
00000060 0070 2013 03 _ 1 20140723170709 00034
00000060 0070 2013 04 _ 1 20140723171410 00034
00000060 0073 2013 05 1 1 20140723173540 00034
00000060 0073 2013 06 _ 1 20140723174345 00034
00000060 0073 2013 07 _ 1 20140723174935 00034
00000060 0073 2013 08 _ 1 20140723175426 00034
00000060 0073 2013 09 _ 1 20140626155704 00034
00000060 0073 2013 10 _ 1 20140626160412 00034
00000060 0073 2013 11 _ 1 20140626161154 00034
00000060 0073 2013 12 _ 1 20140626163141 00034
00000060 0073 2014 01 _ 1 20140612154342 00034
00000060 0073 2014 02 _ 1 20140612160807 00034
00000060 0073 2014 03 _ 1 20140612162624 00034
00000060 0073 2014 04 _ 1 20140612164432 00034
00000060 0073 2014 05 _ 1 20140815175511 00034
00000060 0073 2014 06 _ 1 20140701100605 00034
00000060 0073 2014 07 _ 1 20140731140204 00037
00000060 0073 2014 08 _ 1 20140818132950 00037
