000000852013051 00000085 2013 05 18 61 1111 11:15 12:15 0073 1 1220 0 _ _ 1 1 20140725174325 24
000000852013051 00000085 2013 05 25 61 1111 11:15 12:15 0073 1 1220 0 _ _ 1 1 20140725174325 24
000000852013052 00000085 2013 05 18 61 4001 11:15 12:15 0073 1 200 0 _ _ 1 1 20140725174325 24
000000852013062 00000085 2013 06 01 61 1111 11:15 12:15 0073 1 1220 0 _ _ 1 1 20140725174743 24
000000852013062 00000085 2013 06 08 61 1111 11:15 12:15 0073 1 1220 0 _ _ 1 1 20140725174743 24
000000852013062 00000085 2013 06 15 61 1111 11:15 12:15 0073 1 1220 0 _ _ 1 1 20140725174743 24
000000852013062 00000085 2013 06 22 61 1111 11:15 12:15 0073 1 1220 0 _ _ 1 1 20140725174743 24
000000852013072 00000085 2013 07 14 61 1111 11:30 12:30 0073 1 1220 0 _ _ 1 1 20140725175150 24
000000852013073 00000085 2013 07 28 61 1111 13:30 14:30 0073 1 1220 0 _ _ 1 1 20140725175150 24
000000852013074 00000085 2013 07 06 61 1111 14:00 15:00 0073 1 1220 0 _ _ 1 1 20140725175150 24
000000852013074 00000085 2013 07 20 61 1111 14:00 15:00 0073 1 1220 0 _ _ 1 1 20140725175150 24
000000852013081 00000085 2013 08 03 61 1111 13:30 14:30 0073 1 1220 0 _ _ 1 1 20140725175502 24
000000852013081 00000085 2013 08 10 61 1111 13:30 14:30 0073 1 1220 0 _ _ 1 1 20140725175502 24
000000852013081 00000085 2013 08 17 61 1111 13:30 14:30 0073 1 1220 0 _ _ 1 1 20140725175502 24
000000852013081 00000085 2013 08 24 61 1111 13:30 14:30 0073 1 1220 0 _ _ 1 1 20140725175502 24
000000852013082 00000085 2013 08 31 61 1111 13:35 14:35 0073 1 1220 0 _ _ 1 1 20140725175502 24
000000852013091 00000085 2013 09 07 61 1111 13:30 14:30 0073 1 1220 0 _ _ 1 1 20140728151058 24
000000852013091 00000085 2013 09 14 61 1111 13:30 14:30 0073 1 1220 0 _ _ 1 1 20140728151058 24
000000852013091 00000085 2013 09 21 61 1111 13:30 14:30 0073 1 1220 0 _ _ 1 1 20140728151058 24
000000852013091 00000085 2013 09 28 61 1111 13:30 14:30 0073 1 1220 0 _ _ 1 1 20140728151058 24
000000852013101 00000085 2013 10 07 61 1111 13:30 14:30 0073 1 1220 0 _ _ 1 1 20140728151352 24
000000852013101 00000085 2013 10 12 61 1111 13:30 14:30 0073 1 1220 0 _ _ 1 1 20140728151352 24
000000852013101 00000085 2013 10 19 61 1111 13:30 14:30 0073 1 1220 0 _ _ 1 1 20140728151352 24
000000852013101 00000085 2013 10 26 61 1111 13:30 14:30 0073 1 1220 0 _ _ 1 1 20140728151352 24
000000852013111 00000085 2013 11 02 61 1111 13:30 14:30 0073 1 1220 0 _ _ 1 1 20140728151835 24
000000852013111 00000085 2013 11 09 61 1111 13:30 14:30 0073 1 1220 0 _ _ 1 1 20140728151835 24
000000852013111 00000085 2013 11 16 61 1111 13:30 14:30 0073 1 1220 0 _ _ 1 1 20140728151835 24
000000852013111 00000085 2013 11 23 61 1111 13:30 14:30 0073 1 1220 0 _ _ 1 1 20140728151835 24
000000852013111 00000085 2013 11 30 61 1111 13:30 14:30 0073 1 1220 0 _ _ 1 1 20140728151835 24
000000852013112 00000085 2013 11 13 61 1111 15:00 16:00 0073 1 1220 0 _ _ 1 1 20140728151835 24
000000852013112 00000085 2013 11 20 61 1111 15:00 16:00 0073 1 1220 0 _ _ 1 1 20140728151835 24
000000852013112 00000085 2013 11 27 61 1111 15:00 16:00 0073 1 1220 0 _ _ 1 1 20140728151835 24
000000852013121 00000085 2013 12 07 61 1111 13:30 14:30 0073 1 1220 0 _ _ 1 1 20140728152148 24
000000852013121 00000085 2013 12 14 61 1111 13:30 14:30 0073 1 1220 0 _ _ 1 1 20140728152148 24
000000852013121 00000085 2013 12 21 61 1111 13:30 14:30 0073 1 1220 0 _ _ 1 1 20140728152148 24
000000852013121 00000085 2013 12 28 61 1111 13:30 14:30 0073 1 1220 0 _ _ 1 1 20140728152148 24
000000852014012 00000085 2014 01 04 61 1111 13:30 14:30 0073 1 1220 0 _ _ 1 1 20140613182856 24
000000852014012 00000085 2014 01 11 61 1111 13:30 14:30 0073 1 1220 0 _ _ 1 1 20140613182856 24
000000852014012 00000085 2014 01 17 61 1111 13:30 14:30 0073 1 1220 0 _ _ 1 1 20140613182856 24
000000852014012 00000085 2014 01 25 61 1111 13:30 14:30 0073 1 1220 0 _ _ 1 1 20140613182856 24
000000852014021 00000085 2014 02 01 61 1111 13:30 14:30 0073 1 1220 0 _ _ 1 1 20140613183331 24
000000852014022 00000085 2014 02 15 61 1111 13:20 14:20 0073 1 1220 0 _ _ 1 1 20140613183331 24
000000852014031 00000085 2014 03 01 61 1111 13:30 14:30 0073 1 1220 0 _ _ 1 1 20140613183617 24
000000852014031 00000085 2014 03 08 61 1111 13:30 14:30 0073 1 1220 0 _ _ 1 1 20140613183617 24
000000852014031 00000085 2014 03 15 61 1111 13:30 14:30 0073 1 1220 0 _ _ 1 1 20140613183617 24
000000852014031 00000085 2014 03 22 61 1111 13:30 14:30 0073 1 1220 0 _ _ 1 1 20140613183617 24
000000852014031 00000085 2014 03 29 61 1111 13:30 14:30 0073 1 1220 0 _ _ 1 1 20140613183617 24
000000852014041 00000085 2014 04 05 61 1111 13:30 14:30 0073 1 1226 0 _ _ 1 1 20140613183855 24
000000852014041 00000085 2014 04 12 61 1111 13:30 14:30 0073 1 1226 0 _ _ 1 1 20140613183855 24
000000852014041 00000085 2014 04 19 61 1111 13:30 14:30 0073 1 1226 0 _ _ 1 1 20140613183855 24
000000852014042 00000085 2014 04 25 61 1111 11:00 12:00 0073 1 1226 0 _ _ 1 1 20140613183855 24
000000852014051 00000085 2014 05 03 61 1111 13:30 14:30 0073 1 1226 0 _ _ 1 1 20140818110946 24
000000852014051 00000085 2014 05 10 61 1111 13:30 14:30 0073 1 1226 0 _ _ 1 1 20140818110946 24
000000852014051 00000085 2014 05 17 61 1111 13:30 14:30 0073 1 1226 0 _ _ 1 1 20140818110946 24
000000852014051 00000085 2014 05 24 61 1111 13:30 14:30 0073 1 1226 0 _ _ 1 1 20140818110946 24
000000852014051 00000085 2014 05 31 61 1111 13:30 14:30 0073 1 1226 0 _ _ 1 1 20140818110946 24
