00000201 2011 06 03 10:00 10:59 11 7211 0029 11.26 1 229 1 20141128135844 00078
00000201 2011 06 03 16:00 16:59 11 1211 0029 11.26 1 402 1 20141128135844 00078
00000201 2011 06 05 16:00 16:59 11 1211 0029 11.26 1 402 1 20141128135844 00078
00000201 2011 06 07 16:00 16:59 11 1211 0029 11.26 1 402 1 20141128135844 00078
00000201 2011 06 12 16:00 16:59 11 1211 0029 11.26 1 402 1 20141128135844 00078
00000201 2011 06 14 10:00 10:59 11 7211 0029 11.26 1 229 1 20141128135844 00078
00000201 2011 06 14 16:00 16:59 11 1211 0029 11.26 1 402 1 20141128135844 00078
00000201 2011 06 16 16:00 16:59 11 1211 0029 11.26 1 402 1 20141128135844 00078
00000201 2011 06 17 10:00 10:59 11 7211 0029 11.26 1 229 1 20141128135844 00078
00000201 2011 06 19 16:00 16:59 11 1211 0029 11.26 1 402 1 20141128135844 00078
00000201 2011 06 21 16:00 16:59 11 1211 0029 11.26 1 402 1 20141128135844 00078
00000201 2011 06 24 10:00 10:59 11 7211 0029 11.26 1 229 1 20141128135844 00078
00000201 2011 06 24 16:00 16:59 11 1211 0029 11.26 1 402 1 20141128135844 00078
00000201 2011 06 26 16:15 17:14 11 1211 0029 11.26 1 402 1 20141128135844 00078
00000201 2011 06 28 10:00 10:59 11 7211 0029 11.26 1 229 1 20141128135844 00078
00000201 2011 06 28 16:00 16:59 11 1211 0029 11.26 1 402 1 20141128135844 00078
00000202 2011 06 01 08:00 08:29 11 1111 0029 11.26 1 254 1 20141128115823 00078
00000202 2011 06 01 13:00 13:29 11 1111 0029 11.26 1 254 1 20141128115823 00078
00000202 2011 06 01 15:30 16:29 11 1221 0029 11.26 1 804 1 20141128115823 00078
00000202 2011 06 01 19:30 19:59 11 1112 0029 11.26 1 318 1 20141128115823 00078
00000202 2011 06 02 08:00 08:29 11 1111 0029 11.26 1 254 1 20141128115823 00078
00000202 2011 06 02 13:00 13:29 11 1111 0029 11.26 1 254 1 20141128115823 00078
00000202 2011 06 02 15:30 15:59 11 1111 0029 11.26 1 254 1 20141128115823 00078
00000202 2011 06 02 19:30 19:59 11 1112 0029 11.26 1 318 1 20141128115823 00078
00000202 2011 06 03 08:00 08:29 11 1111 0029 11.26 1 254 1 20141128115823 00078
00000202 2011 06 03 13:00 13:29 11 1111 0029 11.26 1 254 1 20141128115823 00078
00000202 2011 06 03 15:30 16:29 11 1221 0029 11.26 1 804 1 20141128115823 00078
00000202 2011 06 03 19:30 19:59 11 1112 0029 11.26 1 318 1 20141128115823 00078
00000202 2011 06 04 08:00 08:29 11 1111 0029 11.26 1 254 1 20141128115823 00078
00000202 2011 06 04 13:00 13:29 11 1111 0029 11.26 1 254 1 20141128115823 00078
00000202 2011 06 04 15:30 15:59 11 1111 0029 11.26 1 254 1 20141128115823 00078
00000202 2011 06 04 19:30 19:59 11 1112 0029 11.26 1 318 1 20141128115823 00078
00000202 2011 06 05 08:00 08:29 11 1111 0029 11.26 1 254 1 20141128115823 00078
00000202 2011 06 05 11:30 11:59 11 1111 0029 11.26 1 254 1 20141128115823 00078
00000202 2011 06 05 15:30 15:59 11 1111 0029 11.26 1 254 1 20141128115823 00078
00000202 2011 06 05 19:30 19:59 11 1112 0029 11.26 1 318 1 20141128115823 00078
00000202 2011 06 06 08:00 08:29 11 1111 0029 11.26 1 254 1 20141128115823 00078
00000202 2011 06 06 13:00 13:29 11 1111 0029 11.26 1 254 1 20141128115823 00078
00000202 2011 06 06 15:30 16:29 11 1221 0029 11.26 1 804 1 20141128115823 00078
00000202 2011 06 06 19:30 19:59 11 1112 0029 11.26 1 318 1 20141128115823 00078
00000202 2011 06 07 08:00 08:29 11 1111 0029 11.26 1 254 1 20141128115823 00078
00000202 2011 06 07 13:00 13:29 11 1111 0029 11.26 1 254 1 20141128115823 00078
00000202 2011 06 07 15:30 15:59 11 1111 0029 11.26 1 254 1 20141128115823 00078
00000202 2011 06 07 19:30 19:59 11 1112 0029 11.26 1 318 1 20141128115823 00078
00000202 2011 06 08 08:00 08:29 11 1111 0029 11.26 1 254 1 20141128115823 00078
00000202 2011 06 08 13:00 13:29 11 1111 0029 11.26 1 254 1 20141128115823 00078
00000202 2011 06 08 15:30 16:29 11 1221 0029 11.26 1 804 1 20141128115823 00078
00000202 2011 06 08 19:30 19:59 11 1112 0029 11.26 1 318 1 20141128115823 00078
00000202 2011 06 09 08:00 08:29 11 1111 0029 11.26 1 254 1 20141128115823 00078
00000202 2011 06 09 13:00 13:29 11 1111 0029 11.26 1 254 1 20141128115823 00078
00000202 2011 06 09 15:30 15:59 11 1111 0029 11.26 1 254 1 20141128115823 00078
00000202 2011 06 09 19:30 19:59 11 1112 0029 11.26 1 318 1 20141128115823 00078
00000202 2011 06 10 08:00 08:29 11 1111 0029 11.26 1 254 1 20141128115823 00078
00000202 2011 06 10 13:00 13:29 11 1111 0029 11.26 1 254 1 20141128115823 00078
00000202 2011 06 10 15:30 16:29 11 1221 0029 11.26 1 804 1 20141128115823 00078
00000202 2011 06 10 19:30 19:59 11 1112 0029 11.26 1 318 1 20141128115823 00078
00000202 2011 06 11 08:00 08:29 11 1111 0029 11.26 1 254 1 20141128115823 00078
00000202 2011 06 11 15:30 15:59 11 1111 0029 11.26 1 254 1 20141128115823 00078
00000202 2011 06 11 19:30 19:59 11 1112 0029 11.26 1 318 1 20141128115823 00078
00000202 2011 06 12 08:00 08:29 11 1111 0029 11.26 1 254 1 20141128115823 00078
00000202 2011 06 12 13:00 13:29 11 1111 0029 11.26 1 254 1 20141128115823 00078
00000202 2011 06 12 15:30 15:59 11 1111 0029 11.26 1 254 1 20141128115823 00078
00000202 2011 06 12 19:30 19:59 11 1112 0029 11.26 1 318 1 20141128115823 00078
00000202 2011 06 13 08:00 08:29 11 1111 0029 11.26 1 254 1 20141128115823 00078
00000202 2011 06 13 13:00 13:29 11 1111 0029 11.26 1 254 1 20141128115823 00078
00000202 2011 06 13 15:30 16:29 11 1221 0029 11.26 1 804 1 20141128115823 00078
00000202 2011 06 13 19:30 19:59 11 1112 0029 11.26 1 318 1 20141128115823 00078
00000202 2011 06 14 08:00 08:29 11 1111 0029 11.26 1 254 1 20141128115823 00078
00000202 2011 06 14 13:00 13:29 11 1111 0029 11.26 1 254 1 20141128115823 00078
00000202 2011 06 14 15:30 15:59 11 1111 0029 11.26 1 254 1 20141128115823 00078
00000202 2011 06 14 19:30 19:59 11 1112 0029 11.26 1 318 1 20141128115823 00078
00000202 2011 06 15 08:00 08:29 11 1111 0029 11.26 1 254 1 20141128115823 00078
00000202 2011 06 15 13:00 13:29 11 1111 0029 11.26 1 254 1 20141128115823 00078
00000202 2011 06 15 15:30 16:29 11 1221 0029 11.26 1 804 1 20141128115823 00078
00000202 2011 06 15 19:30 19:59 11 1112 0029 11.26 1 318 1 20141128115823 00078
00000202 2011 06 16 08:00 08:29 11 1111 0029 11.26 1 254 1 20141128115823 00078
00000202 2011 06 16 13:00 13:29 11 1111 0029 11.26 1 254 1 20141128115823 00078
00000202 2011 06 16 15:30 15:59 11 1111 0029 11.26 1 254 1 20141128115823 00078
00000202 2011 06 16 19:30 19:59 11 1112 0029 11.26 1 318 1 20141128115823 00078
00000202 2011 06 17 08:00 08:29 11 1111 0029 11.26 1 254 1 20141128115823 00078
00000202 2011 06 17 13:00 13:29 11 1111 0029 11.26 1 254 1 20141128115823 00078
00000202 2011 06 17 15:30 16:29 11 1221 0029 11.26 1 804 1 20141128115823 00078
00000202 2011 06 17 19:30 19:59 11 1112 0029 11.26 1 318 1 20141128115823 00078
00000202 2011 06 18 08:00 08:29 11 1111 0029 11.26 1 254 1 20141128115823 00078
00000202 2011 06 18 11:30 11:59 11 1111 0029 11.26 1 254 1 20141128115823 00078
00000202 2011 06 18 15:30 15:59 11 1111 0029 11.26 1 254 1 20141128115823 00078
00000202 2011 06 18 19:30 19:59 11 1112 0029 11.26 1 318 1 20141128115823 00078
00000202 2011 06 19 08:00 08:29 11 1111 0029 11.26 1 254 1 20141128115823 00078
00000202 2011 06 19 11:30 11:59 11 1111 0029 11.26 1 254 1 20141128115823 00078
00000202 2011 06 19 15:30 15:59 11 1111 0029 11.26 1 254 1 20141128115823 00078
00000202 2011 06 19 19:30 19:59 11 1112 0029 11.26 1 318 1 20141128115823 00078
00000202 2011 06 20 08:00 08:29 11 1111 0029 11.26 1 254 1 20141128115823 00078
00000202 2011 06 20 13:00 13:29 11 1111 0029 11.26 1 254 1 20141128115823 00078
00000202 2011 06 20 15:30 16:29 11 1221 0029 11.26 1 804 1 20141128115823 00078
00000202 2011 06 20 19:30 19:59 11 1112 0029 11.26 1 318 1 20141128115823 00078
00000202 2011 06 21 08:00 08:29 11 1111 0029 11.26 1 254 1 20141128115823 00078
00000202 2011 06 21 12:30 12:59 11 1111 0029 11.26 1 254 1 20141128115823 00078
00000202 2011 06 21 15:00 15:20 11 1111 0029 11.26 1 254 1 20141128115823 00078
00000202 2011 06 21 19:30 19:59 11 1112 0029 11.26 1 318 1 20141128115823 00078
00000202 2011 06 22 08:00 08:29 11 1111 0029 11.26 1 254 1 20141128115823 00078
00000202 2011 06 22 13:00 13:29 11 1111 0029 11.26 1 254 1 20141128115823 00078
00000202 2011 06 22 15:30 16:29 11 1221 0029 11.26 1 804 1 20141128115823 00078
00000202 2011 06 22 19:30 19:59 11 1112 0029 11.26 1 318 1 20141128115823 00078
00000202 2011 06 23 08:00 08:29 11 1111 0029 11.26 1 254 1 20141128115823 00078
00000202 2011 06 23 11:50 12:19 11 1111 0029 11.26 1 254 1 20141128115823 00078
00000202 2011 06 23 15:30 15:59 11 1111 0029 11.26 1 254 1 20141128115823 00078
00000202 2011 06 23 20:00 20:29 11 1112 0029 11.26 1 318 1 20141128115823 00078
00000202 2011 06 24 08:00 08:29 11 1111 0029 11.26 1 254 1 20141128115823 00078
00000202 2011 06 24 13:00 13:29 11 1111 0029 11.26 1 254 1 20141128115823 00078
00000202 2011 06 24 15:30 16:29 11 1221 0029 11.26 1 804 1 20141128115823 00078
00000202 2011 06 24 19:30 19:59 11 1112 0029 11.26 1 318 1 20141128115823 00078
00000202 2011 06 25 08:00 08:29 11 1111 0029 11.26 1 254 1 20141128115823 00078
00000202 2011 06 25 13:00 13:29 11 1111 0029 11.26 1 254 1 20141128115823 00078
00000202 2011 06 25 15:30 15:59 11 1111 0029 11.26 1 254 1 20141128115823 00078
00000202 2011 06 25 19:30 19:59 11 1112 0029 11.26 1 318 1 20141128115823 00078
00000202 2011 06 26 08:00 08:29 11 1111 0029 11.26 1 254 1 20141128115823 00078
00000202 2011 06 26 13:00 13:29 11 1111 0029 11.26 1 254 1 20141128115823 00078
00000202 2011 06 26 15:45 16:14 11 1111 0029 11.26 1 254 1 20141128115823 00078
00000202 2011 06 26 19:30 19:59 11 1112 0029 11.26 1 318 1 20141128115823 00078
00000202 2011 06 27 08:00 08:29 11 1111 0029 11.26 1 254 1 20141128115823 00078
00000202 2011 06 27 13:00 13:29 11 1111 0029 11.26 1 254 1 20141128115823 00078
00000202 2011 06 27 15:30 16:29 11 1221 0029 11.26 1 804 1 20141128115823 00078
00000202 2011 06 27 19:30 19:59 11 1112 0029 11.26 1 318 1 20141128115823 00078
00000202 2011 06 28 08:00 08:29 11 1111 0029 11.26 1 254 1 20141128115823 00078
00000202 2011 06 28 13:00 13:29 11 1111 0029 11.26 1 254 1 20141128115823 00078
00000202 2011 06 28 15:30 15:59 11 1111 0029 11.26 1 254 1 20141128115823 00078
00000202 2011 06 28 19:30 19:59 11 1112 0029 11.26 1 318 1 20141128115823 00078
00000202 2011 06 29 08:00 08:29 11 1111 0029 11.26 1 254 1 20141128115823 00078
00000202 2011 06 29 13:00 13:29 11 1111 0029 11.26 1 254 1 20141128115823 00078
00000202 2011 06 29 15:45 16:44 11 1221 0029 11.26 1 804 1 20141128115823 00078
00000202 2011 06 29 19:30 19:59 11 1112 0029 11.26 1 318 1 20141128115823 00078
00000202 2011 06 30 08:00 08:29 11 1111 0029 11.26 1 254 1 20141128115823 00078
00000202 2011 06 30 13:00 13:29 11 1111 0029 11.26 1 254 1 20141128115823 00078
00000202 2011 06 30 15:30 15:59 11 1111 0029 11.26 1 254 1 20141128115823 00078
00000202 2011 06 30 19:30 19:59 11 1112 0029 11.26 1 318 1 20141128115823 00078
00000203 2011 06 01 08:30 09:29 11 4111 0029 11.26 1 337 1 20141130162021 00078
00000203 2011 06 01 14:00 14:29 11 1111 0029 11.26 1 254 1 20141130162021 00078
00000203 2011 06 01 19:00 19:29 11 1112 0029 11.26 1 318 1 20141130162021 00078
00000203 2011 06 02 08:30 09:29 11 4111 0029 11.26 1 337 1 20141130162021 00078
00000203 2011 06 02 14:00 14:29 11 1111 0029 11.26 1 254 1 20141130162021 00078
00000203 2011 06 02 19:00 19:29 11 1112 0029 11.26 1 318 1 20141130162021 00078
00000203 2011 06 03 08:30 09:29 11 4111 0029 11.26 1 337 1 20141130162021 00078
00000203 2011 06 03 14:00 14:59 11 4111 0029 11.26 1 337 1 20141130162021 00078
00000203 2011 06 03 19:00 19:29 11 1112 0029 11.26 1 318 1 20141130162021 00078
00000203 2011 06 04 08:30 09:29 11 4111 0029 11.26 1 337 1 20141130162021 00078
00000203 2011 06 04 14:00 14:29 11 1111 0029 11.26 1 254 1 20141130162021 00078
00000203 2011 06 04 19:00 19:29 11 1112 0029 11.26 1 318 1 20141130162021 00078
00000203 2011 06 05 08:30 09:29 11 4111 0029 11.26 1 337 1 20141130162021 00078
00000203 2011 06 05 14:00 14:29 11 1111 0029 11.26 1 254 1 20141130162021 00078
00000203 2011 06 06 08:30 09:29 11 4111 0029 11.26 1 337 1 20141130162021 00078
00000203 2011 06 06 14:00 14:59 11 4111 0029 11.26 1 337 1 20141130162021 00078
00000203 2011 06 06 19:00 19:29 11 1112 0029 11.26 1 318 1 20141130162021 00078
00000203 2011 06 07 08:30 09:29 11 4111 0029 11.26 1 337 1 20141130162021 00078
00000203 2011 06 07 14:00 14:29 11 1111 0029 11.26 1 254 1 20141130162021 00078
00000203 2011 06 07 19:00 19:29 11 1112 0029 11.26 1 318 1 20141130162021 00078
00000203 2011 06 08 08:30 09:29 11 4111 0029 11.26 1 337 1 20141130162021 00078
00000203 2011 06 08 14:00 14:29 11 1111 0029 11.26 1 254 1 20141130162021 00078
00000203 2011 06 08 19:00 19:29 11 1112 0029 11.26 1 318 1 20141130162021 00078
00000203 2011 06 09 08:30 09:29 11 4111 0029 11.26 1 337 1 20141130162021 00078
00000203 2011 06 09 14:00 14:29 11 1111 0029 11.26 1 254 1 20141130162021 00078
00000203 2011 06 09 20:00 20:29 11 1112 0029 11.26 1 318 1 20141130162021 00078
00000203 2011 06 10 08:30 09:29 11 4111 0029 11.26 1 337 1 20141130162021 00078
00000203 2011 06 10 14:00 14:59 11 4111 0029 11.26 1 337 1 20141130162021 00078
00000203 2011 06 11 08:30 09:29 11 4111 0029 11.26 1 337 1 20141130162021 00078
00000203 2011 06 11 14:00 14:29 11 1111 0029 11.26 1 254 1 20141130162021 00078
00000203 2011 06 11 19:00 19:29 11 1112 0029 11.26 1 318 1 20141130162021 00078
00000203 2011 06 12 08:30 09:29 11 4111 0029 11.26 1 337 1 20141130162021 00078
00000203 2011 06 12 19:00 19:29 11 1112 0029 11.26 1 318 1 20141130162021 00078
00000203 2011 06 13 08:30 09:29 11 4111 0029 11.26 1 337 1 20141130162021 00078
00000203 2011 06 13 14:00 14:59 11 4111 0029 11.26 1 337 1 20141130162021 00078
00000203 2011 06 13 19:00 19:29 11 1112 0029 11.26 1 318 1 20141130162021 00078
00000203 2011 06 14 08:30 09:29 11 4111 0029 11.26 1 337 1 20141130162021 00078
00000203 2011 06 14 14:00 14:29 11 1111 0029 11.26 1 254 1 20141130162021 00078
00000203 2011 06 14 20:00 20:29 11 1112 0029 11.26 1 318 1 20141130162021 00078
00000203 2011 06 15 08:30 09:29 11 4111 0029 11.26 1 337 1 20141130162021 00078
00000203 2011 06 15 14:00 14:59 11 1211 0029 11.26 1 402 1 20141130162021 00078
00000203 2011 06 16 08:30 09:29 11 4111 0029 11.26 1 337 1 20141130162021 00078
00000203 2011 06 16 14:00 14:29 11 1111 0029 11.26 1 254 1 20141130162021 00078
00000203 2011 06 16 19:00 19:29 11 1112 0029 11.26 1 318 1 20141130162021 00078
00000203 2011 06 17 08:30 09:29 11 4111 0029 11.26 1 337 1 20141130162021 00078
00000203 2011 06 17 14:00 14:59 11 4111 0029 11.26 1 337 1 20141130162021 00078
00000203 2011 06 17 19:00 19:29 11 1112 0029 11.26 1 318 1 20141130162021 00078
00000203 2011 06 18 08:30 09:29 11 4111 0029 11.26 1 337 1 20141130162021 00078
00000203 2011 06 18 14:00 14:29 11 1111 0029 11.26 1 254 1 20141130162021 00078
00000203 2011 06 18 19:00 19:29 11 1112 0029 11.26 1 318 1 20141130162021 00078
00000203 2011 06 19 08:30 09:29 11 4111 0029 11.26 1 337 1 20141130162021 00078
00000203 2011 06 19 14:00 14:29 11 1111 0029 11.26 1 254 1 20141130162021 00078
00000203 2011 06 19 19:00 19:29 11 1112 0029 11.26 1 318 1 20141130162021 00078
00000203 2011 06 20 08:30 09:29 11 4111 0029 11.26 1 337 1 20141130162021 00078
00000203 2011 06 20 14:00 14:59 11 4111 0029 11.26 1 337 1 20141130162021 00078
00000203 2011 06 20 19:00 19:29 11 1112 0029 11.26 1 318 1 20141130162021 00078
00000203 2011 06 21 08:30 09:29 11 4111 0029 11.26 1 337 1 20141130162021 00078
00000203 2011 06 21 14:00 14:29 11 1111 0029 11.26 1 254 1 20141130162021 00078
00000203 2011 06 21 19:00 19:29 11 1112 0029 11.26 1 318 1 20141130162021 00078
00000203 2011 06 22 08:30 09:29 11 4111 0029 11.26 1 337 1 20141130162021 00078
00000203 2011 06 22 14:00 14:29 11 1111 0029 11.26 1 254 1 20141130162021 00078
00000203 2011 06 23 08:30 09:29 11 4111 0029 11.26 1 337 1 20141130162021 00078
00000203 2011 06 23 14:00 14:29 11 1111 0029 11.26 1 254 1 20141130162021 00078
00000203 2011 06 23 19:00 19:29 11 1112 0029 11.26 1 318 1 20141130162021 00078
00000203 2011 06 24 08:30 09:29 11 4111 0029 11.26 1 337 1 20141130162021 00078
00000203 2011 06 24 14:00 14:59 11 4111 0029 11.26 1 337 1 20141130162021 00078
00000203 2011 06 24 19:00 19:29 11 1112 0029 11.26 1 318 1 20141130162021 00078
00000203 2011 06 25 08:30 09:29 11 4111 0029 11.26 1 337 1 20141130162021 00078
00000203 2011 06 25 15:00 15:29 11 1111 0029 11.26 1 254 1 20141130162021 00078
00000203 2011 06 26 08:30 09:29 11 4111 0029 11.26 1 337 1 20141130162021 00078
00000203 2011 06 26 14:00 14:29 11 1111 0029 11.26 1 254 1 20141130162021 00078
00000203 2011 06 26 20:00 20:29 11 1112 0029 11.26 1 318 1 20141130162021 00078
00000203 2011 06 27 08:30 09:29 11 4111 0029 11.26 1 337 1 20141130162021 00078
00000203 2011 06 27 14:00 14:59 11 4111 0029 11.26 1 337 1 20141130162021 00078
00000203 2011 06 27 19:00 19:29 11 1112 0029 11.26 1 318 1 20141130162021 00078
00000203 2011 06 28 08:30 09:29 11 4111 0029 11.26 1 337 1 20141130162021 00078
00000203 2011 06 28 14:00 14:29 11 1111 0029 11.26 1 254 1 20141130162021 00078
00000203 2011 06 28 19:00 19:29 11 1112 0029 11.26 1 318 1 20141130162021 00078
00000203 2011 06 29 08:30 09:29 11 4111 0029 11.26 1 337 1 20141130162021 00078
00000203 2011 06 29 14:00 14:29 11 1111 0029 11.26 1 254 1 20141130162021 00078
00000203 2011 06 29 19:00 19:29 11 1112 0029 11.26 1 318 1 20141130162021 00078
00000203 2011 06 30 08:30 09:29 11 4111 0029 11.26 1 337 1 20141130162021 00078
00000203 2011 06 30 14:00 14:29 11 1111 0029 11.26 1 254 1 20141130162021 00078
00000203 2011 06 30 19:00 19:29 11 1112 0029 11.26 1 318 1 20141130162021 00078
00000204 2011 06 01 10:00 10:29 11 1111 0029 11.26 1 254 1 20141130164001 00078
00000204 2011 06 01 14:30 15:29 11 1211 0029 11.26 1 402 1 20141130164001 00078
00000204 2011 06 01 20:00 20:29 11 1112 0029 11.26 1 318 1 20141130164001 00078
00000204 2011 06 02 10:00 10:29 11 1111 0029 11.26 1 254 1 20141130164001 00078
00000204 2011 06 02 14:30 14:59 11 1111 0029 11.26 1 254 1 20141130164001 00078
00000204 2011 06 02 20:20 20:40 11 1112 0029 11.26 1 318 1 20141130164001 00078
00000204 2011 06 03 10:00 10:29 11 1111 0029 11.26 1 254 1 20141130164001 00078
00000204 2011 06 03 14:30 15:29 11 4111 0029 11.26 1 337 1 20141130164001 00078
00000204 2011 06 03 20:00 20:29 11 1112 0029 11.26 1 318 1 20141130164001 00078
00000204 2011 06 04 10:00 10:29 11 1111 0029 11.26 1 254 1 20141130164001 00078
00000204 2011 06 04 14:30 15:29 11 1211 0029 11.26 1 402 1 20141130164001 00078
00000204 2011 06 04 20:00 20:29 11 1112 0029 11.26 1 318 1 20141130164001 00078
00000204 2011 06 05 10:00 10:29 11 1111 0029 11.26 1 254 1 20141130164001 00078
00000204 2011 06 05 14:30 14:59 11 1111 0029 11.26 1 254 1 20141130164001 00078
00000204 2011 06 05 20:00 20:29 11 1112 0029 11.26 1 318 1 20141130164001 00078
00000204 2011 06 06 10:00 10:29 11 1111 0029 11.26 1 254 1 20141130164001 00078
00000204 2011 06 06 14:30 15:29 11 4111 0029 11.26 1 337 1 20141130164001 00078
00000204 2011 06 06 20:00 20:29 11 1112 0029 11.26 1 318 1 20141130164001 00078
00000204 2011 06 07 20:00 20:29 11 1112 0029 11.26 1 318 1 20141130164001 00078
00000204 2011 06 08 10:00 10:29 11 1111 0029 11.26 1 254 1 20141130164001 00078
00000204 2011 06 08 14:30 15:29 11 1211 0029 11.26 1 402 1 20141130164001 00078
00000204 2011 06 08 20:00 20:29 11 1112 0029 11.26 1 318 1 20141130164001 00078
00000204 2011 06 09 10:00 10:29 11 1111 0029 11.26 1 254 1 20141130164001 00078
00000204 2011 06 09 14:30 14:59 11 1111 0029 11.26 1 254 1 20141130164001 00078
00000204 2011 06 09 20:35 20:55 11 1112 0029 11.26 1 318 1 20141130164001 00078
00000204 2011 06 10 10:00 10:29 11 1111 0029 11.26 1 254 1 20141130164001 00078
00000204 2011 06 10 14:30 15:29 11 4111 0029 11.26 1 337 1 20141130164001 00078
00000204 2011 06 10 20:15 20:35 11 1112 0029 11.26 1 318 1 20141130164001 00078
00000204 2011 06 11 10:00 10:29 11 1111 0029 11.26 1 254 1 20141130164001 00078
00000204 2011 06 11 13:40 14:39 11 1211 0029 11.26 1 402 1 20141130164001 00078
00000204 2011 06 11 20:00 20:29 11 1112 0029 11.26 1 318 1 20141130164001 00078
00000204 2011 06 12 10:00 10:29 11 1111 0029 11.26 1 254 1 20141130164001 00078
00000204 2011 06 12 14:00 14:29 11 1111 0029 11.26 1 254 1 20141130164001 00078
00000204 2011 06 12 20:00 20:29 11 1112 0029 11.26 1 318 1 20141130164001 00078
00000204 2011 06 13 10:00 10:29 11 1111 0029 11.26 1 254 1 20141130164001 00078
00000204 2011 06 13 14:00 14:59 11 4111 0029 11.26 1 337 1 20141130164001 00078
00000204 2011 06 13 20:00 20:29 11 1112 0029 11.26 1 318 1 20141130164001 00078
00000204 2011 06 14 19:00 19:29 11 1112 0029 11.26 1 318 1 20141130164001 00078
00000204 2011 06 15 10:00 10:29 11 1111 0029 11.26 1 254 1 20141130164001 00078
00000204 2011 06 15 14:30 15:29 11 1211 0029 11.26 1 402 1 20141130164001 00078
00000204 2011 06 15 20:00 20:29 11 1112 0029 11.26 1 318 1 20141130164001 00078
00000204 2011 06 16 10:00 10:29 11 1111 0029 11.26 1 254 1 20141130164001 00078
00000204 2011 06 16 13:30 13:59 11 1111 0029 11.26 1 254 1 20141130164001 00078
00000204 2011 06 16 20:00 20:29 11 1112 0029 11.26 1 318 1 20141130164001 00078
00000204 2011 06 17 10:00 10:29 11 1111 0029 11.26 1 254 1 20141130164001 00078
00000204 2011 06 17 14:30 15:29 11 4111 0029 11.26 1 337 1 20141130164001 00078
00000204 2011 06 17 20:00 20:29 11 1112 0029 11.26 1 318 1 20141130164001 00078
00000204 2011 06 18 10:00 10:29 11 1111 0029 11.26 1 254 1 20141130164001 00078
00000204 2011 06 18 14:30 15:29 11 1211 0029 11.26 1 402 1 20141130164001 00078
00000204 2011 06 18 20:00 20:29 11 1112 0029 11.26 1 318 1 20141130164001 00078
00000204 2011 06 19 10:00 10:29 11 1111 0029 11.26 1 254 1 20141130164001 00078
00000204 2011 06 19 14:30 14:59 11 1111 0029 11.26 1 254 1 20141130164001 00078
00000204 2011 06 19 20:00 20:29 11 1112 0029 11.26 1 318 1 20141130164001 00078
00000204 2011 06 20 10:00 10:29 11 1111 0029 11.26 1 254 1 20141130164001 00078
00000204 2011 06 20 14:30 15:29 11 4111 0029 11.26 1 337 1 20141130164001 00078
00000204 2011 06 20 19:00 19:29 11 1112 0029 11.26 1 318 1 20141130164001 00078
00000204 2011 06 21 20:00 20:29 11 1112 0029 11.26 1 318 1 20141130164001 00078
00000204 2011 06 22 10:00 10:29 11 1111 0029 11.26 1 254 1 20141130164001 00078
00000204 2011 06 22 14:35 15:30 11 1211 0029 11.26 1 402 1 20141130164001 00078
00000204 2011 06 22 20:30 20:50 11 1112 0029 11.26 1 318 1 20141130164001 00078
00000204 2011 06 23 10:00 10:29 11 1111 0029 11.26 1 254 1 20141130164001 00078
00000204 2011 06 23 19:30 19:59 11 1112 0029 11.26 1 318 1 20141130164001 00078
00000204 2011 06 24 10:00 10:29 11 1111 0029 11.26 1 254 1 20141130164001 00078
00000204 2011 06 24 15:00 15:29 11 1111 0029 11.26 1 254 1 20141130164001 00078
00000204 2011 06 24 20:10 20:39 11 1112 0029 11.26 1 318 1 20141130164001 00078
00000204 2011 06 25 10:00 10:29 11 1111 0029 11.26 1 254 1 20141130164001 00078
00000204 2011 06 25 15:10 16:09 11 1211 0029 11.26 1 402 1 20141130164001 00078
00000204 2011 06 25 20:00 20:29 11 1112 0029 11.26 1 318 1 20141130164001 00078
00000204 2011 06 26 10:00 10:29 11 1111 0029 11.26 1 254 1 20141130164001 00078
00000204 2011 06 26 14:30 14:59 11 1111 0029 11.26 1 254 1 20141130164001 00078
00000204 2011 06 26 19:00 19:29 11 1112 0029 11.26 1 318 1 20141130164001 00078
00000204 2011 06 27 20:00 20:29 11 1112 0029 11.26 1 318 1 20141130164001 00078
00000204 2011 06 28 10:00 10:29 11 1111 0029 11.26 1 254 1 20141130164001 00078
00000204 2011 06 28 20:00 20:29 11 1112 0029 11.26 1 318 1 20141130164001 00078
00000204 2011 06 29 10:00 10:29 11 1111 0029 11.26 1 254 1 20141130164001 00078
00000204 2011 06 29 14:30 15:29 11 1211 0029 11.26 1 402 1 20141130164001 00078
00000204 2011 06 29 20:00 20:29 11 1112 0029 11.26 1 318 1 20141130164001 00078
00000204 2011 06 30 10:00 10:29 11 1111 0029 11.26 1 254 1 20141130164001 00078
00000204 2011 06 30 14:30 14:59 11 1111 0029 11.26 1 254 1 20141130164001 00078
00000204 2011 06 30 20:00 20:29 11 1112 0029 11.26 1 318 1 20141130164001 00078
00000205 2011 06 03 14:30 15:59 11 1311 0029 11.26 1 584 1 20141130164325 00078
00000205 2011 06 07 14:30 15:59 11 1311 0029 11.26 1 584 1 20141130164325 00078
00000205 2011 06 09 14:30 15:29 11 7211 0029 11.26 1 229 1 20141130164325 00078
00000205 2011 06 10 14:30 15:59 11 1311 0029 11.26 1 584 1 20141130164325 00078
00000205 2011 06 14 14:30 15:59 11 1311 0029 11.26 1 584 1 20141130164325 00078
00000205 2011 06 16 14:30 15:59 11 7311 0029 11.26 1 291 1 20141130164325 00078
00000205 2011 06 17 14:30 15:59 11 1311 0029 11.26 1 584 1 20141130164325 00078
00000205 2011 06 23 14:30 15:29 11 7211 0029 11.26 1 229 1 20141130164325 00078
00000205 2011 06 24 14:30 15:59 11 1311 0029 11.26 1 584 1 20141130164325 00078
00000206 2011 06 01 17:00 17:55 11 1211 0029 11.26 1 402 1 20141130165134 00078
00000206 2011 06 02 16:30 17:55 11 7311 0029 11.26 1 291 1 20141130165134 00078
00000206 2011 06 04 17:00 17:55 11 1211 0029 11.26 1 402 1 20141130165134 00078
00000206 2011 06 05 16:30 17:55 11 7311 0029 11.26 1 291 1 20141130165134 00078
00000206 2011 06 08 17:00 17:55 11 1211 0029 11.26 1 402 1 20141130165134 00078
00000206 2011 06 09 16:30 17:55 11 7311 0029 11.26 1 291 1 20141130165134 00078
00000206 2011 06 11 17:00 17:55 11 1211 0029 11.26 1 402 1 20141130165134 00078
00000206 2011 06 12 16:30 17:55 11 7311 0029 11.26 1 291 1 20141130165134 00078
00000206 2011 06 13 17:00 17:55 11 1211 0029 11.26 1 402 1 20141130165134 00078
00000206 2011 06 15 17:00 17:55 11 1211 0029 11.26 1 402 1 20141130165134 00078
00000206 2011 06 16 16:30 17:55 11 7311 0029 11.26 1 291 1 20141130165134 00078
00000206 2011 06 19 16:30 17:45 11 7311 0029 11.26 1 291 1 20141130165134 00078
00000206 2011 06 20 17:00 17:55 11 1211 0029 11.26 1 402 1 20141130165134 00078
00000206 2011 06 22 17:00 17:55 11 1211 0029 11.26 1 402 1 20141130165134 00078
00000206 2011 06 23 16:30 17:55 11 7311 0029 11.26 1 291 1 20141130165134 00078
00000206 2011 06 26 16:30 17:55 11 7311 0029 11.26 1 291 1 20141130165134 00078
00000206 2011 06 27 17:00 17:55 11 1211 0029 11.26 1 402 1 20141130165134 00078
00000206 2011 06 29 17:00 17:55 11 1211 0029 11.26 1 402 1 20141130165134 00078
00000206 2011 06 30 16:30 17:55 11 7311 0029 11.26 1 291 1 20141130165134 00078
00000207 2011 06 07 14:00 14:59 61 1111 0107 11.26 1 1234 1 20141130165414 00078
00000207 2011 06 14 14:00 14:59 61 1111 0107 11.26 1 1234 1 20141130165414 00078
00000207 2011 06 21 14:00 14:59 61 1111 0107 11.26 1 1234 1 20141130165414 00078
00000207 2011 06 28 14:00 14:59 61 1111 0107 11.26 1 1234 1 20141130165414 00078
00000209 2011 06 03 10:45 11:44 61 1211 0107 11.26 1 2468 1 20141130165650 00078
00000209 2011 06 06 10:45 11:44 61 1211 0107 11.26 1 2468 1 20141130165650 00078
00000209 2011 06 13 10:45 11:44 61 1211 0107 11.26 1 2468 1 20141130165650 00078
00000209 2011 06 17 10:45 11:44 61 1211 0107 11.26 1 2468 1 20141130165650 00078
00000209 2011 06 20 10:45 11:44 61 1211 0107 11.26 1 2468 1 20141130165650 00078
00000209 2011 06 24 10:45 11:44 61 1211 0107 11.26 1 2468 1 20141130165650 00078
00000209 2011 06 27 10:45 11:44 61 1211 0107 11.26 1 2468 1 20141130165650 00078
00000210 2011 06 03 13:00 13:59 11 7211 0029 11.26 1 229 1 20141130165849 00078
00000210 2011 06 07 13:00 13:59 11 7211 0029 11.26 1 229 1 20141130165849 00078
00000210 2011 06 14 13:00 13:59 11 7211 0029 11.26 1 229 1 20141130165849 00078
00000210 2011 06 17 13:00 13:59 11 7211 0029 11.26 1 229 1 20141130165849 00078
00000210 2011 06 21 13:00 13:59 11 7211 0029 11.26 1 229 1 20141130165849 00078
00000210 2011 06 28 13:00 13:59 11 7211 0029 11.26 1 229 1 20141130165849 00078
00000212 2011 06 01 13:00 13:59 61 1111 0107 11.26 1 1234 1 20141130170120 00078
00000212 2011 06 08 13:00 13:59 61 1111 0107 11.26 1 1234 1 20141130170120 00078
00000212 2011 06 15 13:00 13:59 61 1111 0107 11.26 1 1234 1 20141130170120 00078
00000212 2011 06 22 13:00 13:59 61 1111 0107 11.26 1 1234 1 20141130170120 00078
00000212 2011 06 29 13:00 13:59 61 1111 0107 11.26 1 1234 1 20141130170120 00078
00000213 2011 06 21 10:00 10:59 11 7211 0029 11.26 1 229 1 20141130170312 00078
00000213 2011 06 21 16:00 16:59 11 1211 0029 11.26 1 402 1 20141130170312 00078
00000213 2011 06 25 10:45 11:44 11 7211 0029 11.26 1 229 1 20141130170312 00078
00000213 2011 06 25 16:00 16:59 11 1211 0029 11.26 1 402 1 20141130170312 00078
00000213 2011 06 28 10:45 11:44 11 7211 0029 11.26 1 229 1 20141130170312 00078
00000213 2011 06 28 16:00 16:59 11 1211 0029 11.26 1 402 1 20141130170312 00078
