000001712014051 00000171 2014 05 10 65 1111 1 08:55 13:00 0273 1 2115 0 _ _ 1 20140812162045 24
000001712014051 00000171 2014 05 17 65 1111 1 08:55 13:00 0273 1 2115 0 _ _ 1 20140812162045 24
000001712014051 00000171 2014 05 24 65 1111 1 08:55 13:00 0273 1 2115 0 _ _ 1 20140812162045 24
000001712014051 00000171 2014 05 31 65 1111 1 08:55 13:00 0273 1 2115 0 _ _ 1 20140812162045 24
000001712014052 00000171 2014 05 10 65 5002 1 _ _ 0273 1 225 0 _ _ 1 20140812162045 24
000001712014052 00000171 2014 05 17 65 5002 1 _ _ 0273 1 225 0 _ _ 1 20140812162045 24
000001712014052 00000171 2014 05 24 65 5002 1 _ _ 0273 1 225 0 _ _ 1 20140812162045 24
000001712014052 00000171 2014 05 31 65 5002 1 _ _ 0273 1 225 0 _ _ 1 20140812162045 24
000001712014061 00000171 2014 06 07 65 1111 1 08:55 13:00 0273 1 2115 0 _ _ 1 20140703181405 11
000001712014061 00000171 2014 06 21 65 1111 1 08:55 13:00 0273 1 2115 0 _ _ 1 20140703181405 11
000001712014061 00000171 2014 06 28 65 1111 1 08:55 13:00 0273 1 2115 0 _ _ 1 20140703181405 11
000001712014062 00000171 2014 06 07 65 5002 1 08:55 13:00 0273 1 225 0 _ _ 1 20140703181405 11
000001712014062 00000171 2014 06 21 65 5002 1 08:55 13:00 0273 1 225 0 _ _ 1 20140703181405 11
000001712014062 00000171 2014 06 28 65 5002 1 08:55 13:00 0273 1 225 0 _ _ 1 20140703181405 11
000001712014071 00000171 2014 07 05 65 1111 1 08:55 13:00 0273 1 2115 0 _ _ 1 20140802150749 11
000001712014071 00000171 2014 07 12 65 1111 1 08:55 13:00 0273 1 2115 0 _ _ 1 20140802150749 11
000001712014071 00000171 2014 07 19 65 1111 1 08:55 13:00 0273 1 2115 0 _ _ 1 20140802150749 11
000001712014072 00000171 2014 07 01 65 5002 1 08:55 13:00 0273 1 225 0 _ _ 1 20140802150749 11
