1 00000010 2012 01 11 0070 グランクレール・ケアサービス横浜 1211 身体介護２ 402 0 402 7 2814 0 2814 2814 0 10.84 30503 90 27452 3051 0 n n 0 1 20141015174321 00077
1 00000010 2012 02 11 0070 グランクレール・ケアサービス横浜 1211 身体介護２ 402 0 402 8 3216 0 3216 3216 0 10.84 34861 90 31374 3487 0 n n 0 1 20141015174716 00077
1 00000010 2012 03 11 0070 グランクレール・ケアサービス横浜 1211 身体介護２ 402 0 402 8 3216 0 3216 3216 0 10.84 34861 90 31374 3487 0 n n 0 1 20141015175056 00077
1 00000010 2012 04 11 0070 グランクレール・ケアサービス横浜 1211 身体介護２ 402 0 402 9 3618 0 3618 3618 0 10.84 39219 90 35297 3922 0 n n 0 1 20140730180858 00034
1 00000010 2012 05 11 0070 グランクレール・ケアサービス横浜 1211 身体介護２ 402 0 402 8 3216 0 3216 3216 0 10.84 34861 90 31374 3487 0 n n 0 1 20140730181216 00034
1 00000010 2012 06 11 0070 グランクレール・ケアサービス横浜 7311 生活援助３ 235 0 235 9 2115 0 2115 2115 0 10.84 22926 90 20633 2293 0 n n 0 1 20140730181615 00034
1 00000010 2012 07 11 0070 グランクレール・ケアサービス横浜 7311 生活援助３ 235 0 235 9 2115 0 2115 2115 0 10.84 22926 90 20633 2293 0 n n 0 1 20140730181907 00034
1 00000010 2012 08 11 0070 グランクレール・ケアサービス横浜 7311 生活援助３ 235 0 235 9 2115 0 2115 2115 0 10.84 22926 90 20633 2293 0 n n 0 1 20140730182220 00034
1 00000010 2012 09 11 0070 グランクレール・ケアサービス横浜 7311 生活援助３ 235 0 235 8 1880 0 1880 1880 0 10.84 20379 90 18341 2038 0 n n 0 1 20140730182706 00034
1 00000010 2012 10 11 0070 グランクレール・ケアサービス横浜 7311 生活援助３ 235 0 235 9 2115 0 2115 2115 0 10.84 22926 90 20633 2293 0 n n 0 1 20140730183017 00034
1 00000010 2012 11 11 0070 グランクレール・ケアサービス横浜 7311 生活援助３ 235 0 235 8 1880 0 1880 1880 0 10.84 20379 90 18341 2038 0 n n 0 1 20140730183757 00034
2 00000010 2012 01 11 0070 グランクレール・ケアサービス横浜 7211 生活援助２ 229 0 229 1 229 0 229 229 0 10.84 2482 90 2233 249 0 n n 0 1 20141015174321 00077
2 00000010 2012 03 11 0070 グランクレール・ケアサービス横浜 7211 生活援助２ 229 0 229 1 229 0 229 229 0 10.84 2482 90 2233 249 0 n n 0 1 20141015175056 00077
2 00000010 2012 04 11 0070 グランクレール・ケアサービス横浜 6271 訪問介護処遇改善加算Ⅰ 145 0 145 1 145 145 0.04 145 0 10.84 1571 90 1413 158 0 a g 0 1 20140730180858 00034
2 00000010 2012 05 11 0070 グランクレール・ケアサービス横浜 6271 訪問介護処遇改善加算Ⅰ 129 0 129 1 129 129 0.04 129 0 10.84 1398 90 1258 140 0 a g 0 1 20140730181216 00034
2 00000010 2012 06 11 0070 グランクレール・ケアサービス横浜 6271 訪問介護処遇改善加算Ⅰ 85 0 85 1 85 85 0.04 85 0 10.84 921 90 828 93 0 a g 0 1 20140730181615 00034
2 00000010 2012 07 11 0070 グランクレール・ケアサービス横浜 6271 訪問介護処遇改善加算Ⅰ 85 0 85 1 85 85 0.04 85 0 10.84 921 90 828 93 0 a g 0 1 20140730181907 00034
2 00000010 2012 08 11 0070 グランクレール・ケアサービス横浜 6271 訪問介護処遇改善加算Ⅰ 85 0 85 1 85 85 0.04 85 0 10.84 921 90 828 93 0 a g 0 1 20140730182220 00034
2 00000010 2012 09 11 0070 グランクレール・ケアサービス横浜 6271 訪問介護処遇改善加算Ⅰ 75 0 75 1 75 75 0.04 75 0 10.84 813 90 731 82 0 a g 0 1 20140730182706 00034
2 00000010 2012 10 11 0070 グランクレール・ケアサービス横浜 6271 訪問介護処遇改善加算Ⅰ 85 0 85 1 85 85 0.04 85 0 10.84 921 90 828 93 0 a g 0 1 20140730183017 00034
2 00000010 2012 11 11 0070 グランクレール・ケアサービス横浜 6271 訪問介護処遇改善加算Ⅰ 75 0 75 1 75 75 0.04 75 0 10.84 813 90 731 82 0 a g 0 1 20140730183757 00034
