00000010 0070 2012 01 _ 1 20141015174321 00077
00000010 0070 2012 02 _ 1 20141015174716 00077
00000010 0070 2012 03 _ 1 20141015175056 00077
00000010 0070 2012 04 _ 1 20140730180858 00034
00000010 0070 2012 05 _ 1 20140730181216 00034
00000010 0070 2012 06 _ 1 20140730181615 00034
00000010 0070 2012 07 _ 1 20140730181907 00034
00000010 0070 2012 08 _ 1 20140730182220 00034
00000010 0070 2012 09 _ 1 20140730182706 00034
00000010 0070 2012 10 _ 1 20140730183017 00034
00000010 0070 2012 11 _ 1 20140730183757 00034
00000010 0073 2011 05 _ 1 20141017145605 00077
00000010 0073 2011 06 _ 1 20141017145828 00077
00000010 0073 2011 07 _ 1 20141017150210 00077
00000010 0073 2011 08 _ 1 20141017151549 00077
00000010 0073 2011 09 _ 1 20141017151948 00077
00000010 0073 2011 10 _ 1 20141017152244 00077
00000010 0073 2011 11 _ 1 20141017152549 00077
00000010 0073 2011 12 _ 1 20141017152851 00077
00000010 0073 2012 04 _ 1 20140730180449 00034
