00000205 2012 04 3 16580 1 20140715160652 00078
00000205 2012 05 3 16580 1 20140715161418 00078
00000205 2012 06 3 16580 1 20140715162107 00078
00000205 2012 07 3 16580 1 20140715162822 00078
00000205 2012 08 3 16580 1 20140715163403 00078
00000205 2012 09 3 16580 1 20140715164144 00078
00000205 2012 10 3 16580 1 20140715164645 00078
00000205 2012 11 3 16580 1 20140715165208 00078
00000205 2012 12 3 16580 1 20140715165727 00078
00000205 2013 01 3 16580 1 20140708120044 00078
00000205 2013 02 3 16580 1 20140708103744 00078
00000205 2013 03 3 16580 1 20140708104527 00078
00000205 2013 04 3 16580 1 20140708105044 00078
00000205 2013 05 3 16580 1 20140708105911 00078
00000205 2013 06 3 16580 1 20140708110521 00078
00000205 2013 07 3 16580 1 20140708111209 00078
00000205 2013 08 3 16580 1 20140708111817 00078
00000205 2013 09 3 16580 1 20140702190112 00078
00000205 2013 10 3 16580 1 20140702190648 00078
00000205 2013 11 3 16580 1 20140702191425 00078
00000205 2013 12 3 16580 1 20140702192147 00078
00000205 2014 01 3 16580 1 20140618190051 00078
00000205 2014 07 3 16692 1 20140803093426 00052
00000205 2014 08 3 16692 1 20140803093702 00052
