000002052012041 00000205 2012 04 05 11 7311 1 14:30 15:29 0029 1 235 0 _ _ 1 20140715160642 78
000002052012041 00000205 2012 04 12 11 7311 1 14:30 15:29 0029 1 235 0 _ _ 1 20140715160642 78
000002052012041 00000205 2012 04 19 11 7311 1 14:30 15:29 0029 1 235 0 _ _ 1 20140715160642 78
000002052012041 00000205 2012 04 26 11 7311 1 14:30 15:29 0029 1 235 0 _ _ 1 20140715160642 78
000002052012042 00000205 2012 04 03 11 1311 1 14:30 15:59 0029 1 584 0 _ _ 1 20140715160642 78
000002052012042 00000205 2012 04 10 11 1311 1 14:30 15:59 0029 1 584 0 _ _ 1 20140715160642 78
000002052012042 00000205 2012 04 13 11 1311 1 14:30 15:59 0029 1 584 0 _ _ 1 20140715160642 78
000002052012042 00000205 2012 04 17 11 1311 1 14:30 15:59 0029 1 584 0 _ _ 1 20140715160642 78
000002052012042 00000205 2012 04 24 11 1311 1 14:30 15:59 0029 1 584 0 _ _ 1 20140715160642 78
000002052012042 00000205 2012 04 27 11 1311 1 14:30 15:59 0029 1 584 0 _ _ 1 20140715160642 78
000002052012043 00000205 2012 04 01 17 1007 1 _ _ 0236 1 300 0 _ _ 1 20140715160642 78
000002052012051 00000205 2012 05 03 11 7311 1 14:30 15:29 0029 1 235 0 _ _ 1 20140715161349 78
000002052012051 00000205 2012 05 10 11 7311 1 14:30 15:29 0029 1 235 0 _ _ 1 20140715161349 78
000002052012051 00000205 2012 05 17 11 7311 1 14:30 15:29 0029 1 235 0 _ _ 1 20140715161349 78
000002052012051 00000205 2012 05 24 11 7311 1 14:30 15:29 0029 1 235 0 _ _ 1 20140715161349 78
000002052012051 00000205 2012 05 31 11 7311 1 14:30 15:29 0029 1 235 0 _ _ 1 20140715161349 78
000002052012052 00000205 2012 05 01 11 1311 1 14:30 15:59 0029 1 584 0 _ _ 1 20140715161349 78
000002052012052 00000205 2012 05 04 11 1311 1 14:30 15:59 0029 1 584 0 _ _ 1 20140715161349 78
000002052012052 00000205 2012 05 08 11 1311 1 14:30 15:59 0029 1 584 0 _ _ 1 20140715161349 78
000002052012052 00000205 2012 05 11 11 1311 1 14:30 15:59 0029 1 584 0 _ _ 1 20140715161349 78
000002052012052 00000205 2012 05 15 11 1311 1 14:30 15:59 0029 1 584 0 _ _ 1 20140715161349 78
000002052012052 00000205 2012 05 18 11 1311 1 14:30 15:59 0029 1 584 0 _ _ 1 20140715161349 78
000002052012052 00000205 2012 05 22 11 1311 1 14:30 15:59 0029 1 584 0 _ _ 1 20140715161349 78
000002052012052 00000205 2012 05 29 11 1311 1 14:30 15:59 0029 1 584 0 _ _ 1 20140715161349 78
000002052012053 00000205 2012 05 01 17 1007 1 _ _ 0236 1 300 0 _ _ 1 20140715161349 78
000002052012061 00000205 2012 06 07 11 7311 1 14:30 15:29 0029 1 235 0 _ _ 1 20140715162057 78
000002052012061 00000205 2012 06 14 11 7311 1 14:30 15:29 0029 1 235 0 _ _ 1 20140715162057 78
000002052012061 00000205 2012 06 21 11 7311 1 14:30 15:29 0029 1 235 0 _ _ 1 20140715162057 78
000002052012061 00000205 2012 06 28 11 7311 1 14:30 15:29 0029 1 235 0 _ _ 1 20140715162057 78
000002052012062 00000205 2012 06 01 11 1311 1 14:30 15:59 0029 1 584 0 _ _ 1 20140715162057 78
000002052012062 00000205 2012 06 05 11 1311 1 14:30 15:59 0029 1 584 0 _ _ 1 20140715162057 78
000002052012062 00000205 2012 06 08 11 1311 1 14:30 15:59 0029 1 584 0 _ _ 1 20140715162057 78
000002052012062 00000205 2012 06 12 11 1311 1 14:30 15:59 0029 1 584 0 _ _ 1 20140715162057 78
000002052012062 00000205 2012 06 15 11 1311 1 14:30 15:59 0029 1 584 0 _ _ 1 20140715162057 78
000002052012062 00000205 2012 06 19 11 1311 1 14:30 15:59 0029 1 584 0 _ _ 1 20140715162057 78
000002052012062 00000205 2012 06 22 11 1311 1 14:30 15:59 0029 1 584 0 _ _ 1 20140715162057 78
000002052012062 00000205 2012 06 26 11 1311 1 14:30 15:59 0029 1 584 0 _ _ 1 20140715162057 78
000002052012062 00000205 2012 06 29 11 1311 1 14:30 15:59 0029 1 584 0 _ _ 1 20140715162057 78
000002052012063 00000205 2012 06 01 17 1007 1 _ _ 0236 1 300 0 _ _ 1 20140715162057 78
000002052012071 00000205 2012 07 05 11 7311 1 14:30 15:29 0029 1 235 0 _ _ 1 20140715162811 78
000002052012071 00000205 2012 07 12 11 7311 1 14:30 15:29 0029 1 235 0 _ _ 1 20140715162811 78
000002052012071 00000205 2012 07 19 11 7311 1 14:30 15:29 0029 1 235 0 _ _ 1 20140715162811 78
000002052012071 00000205 2012 07 26 11 7311 1 14:30 15:29 0029 1 235 0 _ _ 1 20140715162811 78
000002052012072 00000205 2012 07 03 11 1311 1 14:30 15:59 0029 1 584 0 _ _ 1 20140715162811 78
000002052012072 00000205 2012 07 06 11 1311 1 14:30 15:59 0029 1 584 0 _ _ 1 20140715162811 78
000002052012072 00000205 2012 07 10 11 1311 1 14:30 15:59 0029 1 584 0 _ _ 1 20140715162811 78
000002052012072 00000205 2012 07 13 11 1311 1 14:30 15:59 0029 1 584 0 _ _ 1 20140715162811 78
000002052012072 00000205 2012 07 17 11 1311 1 14:30 15:59 0029 1 584 0 _ _ 1 20140715162811 78
000002052012072 00000205 2012 07 20 11 1311 1 14:30 15:59 0029 1 584 0 _ _ 1 20140715162811 78
000002052012072 00000205 2012 07 24 11 1311 1 14:30 15:59 0029 1 584 0 _ _ 1 20140715162811 78
000002052012072 00000205 2012 07 27 11 1311 1 14:30 15:59 0029 1 584 0 _ _ 1 20140715162811 78
000002052012072 00000205 2012 07 31 11 1311 1 14:30 15:59 0029 1 584 0 _ _ 1 20140715162811 78
000002052012073 00000205 2012 07 01 17 1007 1 _ _ 0236 1 300 0 _ _ 1 20140715162811 78
000002052012081 00000205 2012 08 02 11 7311 1 14:30 15:29 0029 1 235 0 _ _ 1 20140715163349 78
000002052012081 00000205 2012 08 09 11 7311 1 14:30 15:29 0029 1 235 0 _ _ 1 20140715163349 78
000002052012081 00000205 2012 08 16 11 7311 1 14:30 15:29 0029 1 235 0 _ _ 1 20140715163349 78
000002052012081 00000205 2012 08 23 11 7311 1 14:30 15:29 0029 1 235 0 _ _ 1 20140715163349 78
000002052012081 00000205 2012 08 30 11 7311 1 14:30 15:29 0029 1 235 0 _ _ 1 20140715163349 78
000002052012082 00000205 2012 08 03 11 1311 1 14:30 15:59 0029 1 584 0 _ _ 1 20140715163349 78
000002052012082 00000205 2012 08 07 11 1311 1 14:30 15:59 0029 1 584 0 _ _ 1 20140715163349 78
000002052012082 00000205 2012 08 10 11 1311 1 14:30 15:59 0029 1 584 0 _ _ 1 20140715163349 78
000002052012082 00000205 2012 08 17 11 1311 1 14:30 15:59 0029 1 584 0 _ _ 1 20140715163349 78
000002052012082 00000205 2012 08 21 11 1311 1 14:30 15:59 0029 1 584 0 _ _ 1 20140715163349 78
000002052012082 00000205 2012 08 24 11 1311 1 14:30 15:59 0029 1 584 0 _ _ 1 20140715163349 78
000002052012082 00000205 2012 08 28 11 1311 1 14:30 15:59 0029 1 584 0 _ _ 1 20140715163349 78
000002052012082 00000205 2012 08 31 11 1311 1 14:30 15:59 0029 1 584 0 _ _ 1 20140715163349 78
000002052012083 00000205 2012 08 01 17 1007 1 _ _ 0236 1 300 0 _ _ 1 20140715163349 78
000002052012091 00000205 2012 09 06 11 7311 1 14:30 15:29 0029 1 235 0 _ _ 1 20140715164134 78
000002052012091 00000205 2012 09 13 11 7311 1 14:30 15:29 0029 1 235 0 _ _ 1 20140715164134 78
000002052012091 00000205 2012 09 20 11 7311 1 14:30 15:29 0029 1 235 0 _ _ 1 20140715164134 78
000002052012091 00000205 2012 09 27 11 7311 1 14:30 15:29 0029 1 235 0 _ _ 1 20140715164134 78
000002052012092 00000205 2012 09 11 11 1311 1 14:30 15:59 0029 1 584 0 _ _ 1 20140715164134 78
000002052012092 00000205 2012 09 14 11 1311 1 14:30 15:59 0029 1 584 0 _ _ 1 20140715164134 78
000002052012092 00000205 2012 09 18 11 1311 1 14:30 15:59 0029 1 584 0 _ _ 1 20140715164134 78
000002052012092 00000205 2012 09 21 11 1311 1 14:30 15:59 0029 1 584 0 _ _ 1 20140715164134 78
000002052012092 00000205 2012 09 25 11 1311 1 14:30 15:59 0029 1 584 0 _ _ 1 20140715164134 78
000002052012092 00000205 2012 09 28 11 1311 1 14:30 15:59 0029 1 584 0 _ _ 1 20140715164134 78
000002052012093 00000205 2012 09 04 11 1211 1 15:00 15:59 0029 1 402 0 _ _ 1 20140715164134 78
000002052012094 00000205 2012 09 01 17 1007 1 _ _ 0236 1 300 0 _ _ 1 20140715164134 78
000002052012101 00000205 2012 10 04 11 7311 1 14:30 15:29 0029 1 235 0 _ _ 1 20140715164606 78
000002052012101 00000205 2012 10 11 11 7311 1 14:30 15:29 0029 1 235 0 _ _ 1 20140715164606 78
000002052012101 00000205 2012 10 18 11 7311 1 14:30 15:29 0029 1 235 0 _ _ 1 20140715164606 78
000002052012101 00000205 2012 10 25 11 7311 1 14:30 15:29 0029 1 235 0 _ _ 1 20140715164606 78
000002052012102 00000205 2012 10 02 11 1311 1 14:30 15:59 0029 1 584 0 _ _ 1 20140715164606 78
000002052012102 00000205 2012 10 05 11 1311 1 14:30 15:59 0029 1 584 0 _ _ 1 20140715164606 78
000002052012102 00000205 2012 10 09 11 1311 1 14:30 15:59 0029 1 584 0 _ _ 1 20140715164606 78
000002052012102 00000205 2012 10 12 11 1311 1 14:30 15:59 0029 1 584 0 _ _ 1 20140715164606 78
000002052012102 00000205 2012 10 16 11 1311 1 14:30 15:59 0029 1 584 0 _ _ 1 20140715164606 78
000002052012102 00000205 2012 10 19 11 1311 1 14:30 15:59 0029 1 584 0 _ _ 1 20140715164606 78
000002052012102 00000205 2012 10 23 11 1311 1 14:30 15:59 0029 1 584 0 _ _ 1 20140715164606 78
000002052012102 00000205 2012 10 26 11 1311 1 14:30 15:59 0029 1 584 0 _ _ 1 20140715164606 78
000002052012102 00000205 2012 10 30 11 1311 1 14:30 15:59 0029 1 584 0 _ _ 1 20140715164606 78
000002052012103 00000205 2012 10 01 17 1007 1 _ _ 0236 1 300 0 _ _ 1 20140715164606 78
000002052012111 00000205 2012 11 01 11 7311 1 14:30 15:29 0029 1 235 0 _ _ 1 20140715165158 78
000002052012111 00000205 2012 11 22 11 7311 1 14:30 15:29 0029 1 235 0 _ _ 1 20140715165158 78
000002052012111 00000205 2012 11 29 11 7311 1 14:30 15:29 0029 1 235 0 _ _ 1 20140715165158 78
000002052012112 00000205 2012 11 02 11 1311 1 14:30 15:59 0029 1 584 0 _ _ 1 20140715165158 78
000002052012112 00000205 2012 11 13 11 1311 1 14:30 15:59 0029 1 584 0 _ _ 1 20140715165158 78
000002052012112 00000205 2012 11 16 11 1311 1 14:30 15:59 0029 1 584 0 _ _ 1 20140715165158 78
000002052012112 00000205 2012 11 20 11 1311 1 14:30 15:59 0029 1 584 0 _ _ 1 20140715165158 78
000002052012112 00000205 2012 11 23 11 1311 1 14:30 15:59 0029 1 584 0 _ _ 1 20140715165158 78
000002052012112 00000205 2012 11 27 11 1311 1 14:30 15:59 0029 1 584 0 _ _ 1 20140715165158 78
000002052012112 00000205 2012 11 30 11 1311 1 14:30 15:59 0029 1 584 0 _ _ 1 20140715165158 78
000002052012113 00000205 2012 11 01 17 1007 1 _ _ 0236 1 300 0 _ _ 1 20140715165158 78
000002052012122 00000205 2012 12 04 11 1311 1 14:30 15:59 0029 1 584 0 _ _ 1 20140715165712 78
000002052012122 00000205 2012 12 07 11 1311 1 14:30 15:59 0029 1 584 0 _ _ 1 20140715165712 78
000002052012122 00000205 2012 12 11 11 1311 1 14:30 15:59 0029 1 584 0 _ _ 1 20140715165712 78
000002052012122 00000205 2012 12 14 11 1311 1 14:30 15:59 0029 1 584 0 _ _ 1 20140715165712 78
000002052012122 00000205 2012 12 18 11 1311 1 14:30 15:59 0029 1 584 0 _ _ 1 20140715165712 78
000002052012122 00000205 2012 12 28 11 1311 1 14:30 15:59 0029 1 584 0 _ _ 1 20140715165712 78
000002052012123 00000205 2012 12 06 11 7311 1 15:00 15:59 0029 1 235 0 _ _ 1 20140715165712 78
000002052013011 00000205 2013 01 03 11 7311 1 14:30 15:29 0029 1 235 0 _ _ 1 20140708120033 78
000002052013011 00000205 2013 01 10 11 7311 1 14:30 15:29 0029 1 235 0 _ _ 1 20140708120033 78
000002052013011 00000205 2013 01 17 11 7311 1 14:30 15:29 0029 1 235 0 _ _ 1 20140708120033 78
000002052013011 00000205 2013 01 24 11 7311 1 14:30 15:29 0029 1 235 0 _ _ 1 20140708120033 78
000002052013011 00000205 2013 01 31 11 7311 1 14:30 15:29 0029 1 235 0 _ _ 1 20140708120033 78
000002052013012 00000205 2013 01 04 11 1311 1 14:30 15:59 0029 1 584 0 _ _ 1 20140708120033 78
000002052013012 00000205 2013 01 08 11 1311 1 14:30 15:59 0029 1 584 0 _ _ 1 20140708120033 78
000002052013012 00000205 2013 01 11 11 1311 1 14:30 15:59 0029 1 584 0 _ _ 1 20140708120033 78
000002052013012 00000205 2013 01 15 11 1311 1 14:30 15:59 0029 1 584 0 _ _ 1 20140708120033 78
000002052013012 00000205 2013 01 18 11 1311 1 14:30 15:59 0029 1 584 0 _ _ 1 20140708120033 78
000002052013012 00000205 2013 01 22 11 1311 1 14:30 15:59 0029 1 584 0 _ _ 1 20140708120033 78
000002052013012 00000205 2013 01 25 11 1311 1 14:30 15:59 0029 1 584 0 _ _ 1 20140708120033 78
000002052013012 00000205 2013 01 29 11 1311 1 14:30 15:59 0029 1 584 0 _ _ 1 20140708120033 78
000002052013013 00000205 2013 01 01 17 1007 1 _ _ 0236 1 300 0 _ _ 1 20140708120033 78
000002052013021 00000205 2013 02 07 11 7311 1 14:30 15:29 0029 1 235 0 _ _ 1 20140708103731 78
000002052013021 00000205 2013 02 14 11 7311 1 14:30 15:29 0029 1 235 0 _ _ 1 20140708103731 78
000002052013021 00000205 2013 02 21 11 7311 1 14:30 15:29 0029 1 235 0 _ _ 1 20140708103731 78
000002052013021 00000205 2013 02 28 11 7311 1 14:30 15:29 0029 1 235 0 _ _ 1 20140708103731 78
000002052013022 00000205 2013 02 01 11 1311 1 14:30 15:59 0029 1 584 0 _ _ 1 20140708103731 78
000002052013022 00000205 2013 02 05 11 1311 1 14:30 15:59 0029 1 584 0 _ _ 1 20140708103731 78
000002052013022 00000205 2013 02 08 11 1311 1 14:30 15:59 0029 1 584 0 _ _ 1 20140708103731 78
000002052013022 00000205 2013 02 12 11 1311 1 14:30 15:59 0029 1 584 0 _ _ 1 20140708103731 78
000002052013022 00000205 2013 02 15 11 1311 1 14:30 15:59 0029 1 584 0 _ _ 1 20140708103731 78
000002052013022 00000205 2013 02 22 11 1311 1 14:30 15:59 0029 1 584 0 _ _ 1 20140708103731 78
000002052013022 00000205 2013 02 26 11 1311 1 14:30 15:59 0029 1 584 0 _ _ 1 20140708103731 78
000002052013023 00000205 2013 02 01 17 1007 1 _ _ 0236 1 300 0 _ _ 1 20140708103731 78
000002052013031 00000205 2013 03 21 11 7311 1 14:20 15:19 0029 1 235 0 _ _ 1 20140708104514 78
000002052013031 00000205 2013 03 28 11 7311 1 14:20 15:19 0029 1 235 0 _ _ 1 20140708104514 78
000002052013032 00000205 2013 03 19 11 1311 1 14:20 15:49 0029 1 584 0 _ _ 1 20140708104514 78
000002052013032 00000205 2013 03 22 11 1311 1 14:20 15:49 0029 1 584 0 _ _ 1 20140708104514 78
000002052013032 00000205 2013 03 26 11 1311 1 14:20 15:49 0029 1 584 0 _ _ 1 20140708104514 78
000002052013032 00000205 2013 03 29 11 1311 1 14:20 15:49 0029 1 584 0 _ _ 1 20140708104514 78
000002052013033 00000205 2013 03 07 11 7311 1 14:30 15:29 0029 1 235 0 _ _ 1 20140708104514 78
000002052013033 00000205 2013 03 14 11 7311 1 14:30 15:29 0029 1 235 0 _ _ 1 20140708104514 78
000002052013034 00000205 2013 03 01 11 1311 1 14:30 15:59 0029 1 584 0 _ _ 1 20140708104514 78
000002052013034 00000205 2013 03 05 11 1311 1 14:30 15:59 0029 1 584 0 _ _ 1 20140708104514 78
000002052013034 00000205 2013 03 08 11 1311 1 14:30 15:59 0029 1 584 0 _ _ 1 20140708104514 78
000002052013034 00000205 2013 03 12 11 1311 1 14:30 15:59 0029 1 584 0 _ _ 1 20140708104514 78
000002052013034 00000205 2013 03 15 11 1311 1 14:30 15:59 0029 1 584 0 _ _ 1 20140708104514 78
000002052013035 00000205 2013 03 01 17 1007 1 _ _ 0236 1 300 0 _ _ 1 20140708104514 78
000002052013041 00000205 2013 04 04 11 7311 1 14:30 15:29 0029 1 235 0 _ _ 1 20140708105034 78
000002052013041 00000205 2013 04 11 11 7311 1 14:30 15:29 0029 1 235 0 _ _ 1 20140708105034 78
000002052013041 00000205 2013 04 18 11 7311 1 14:30 15:29 0029 1 235 0 _ _ 1 20140708105034 78
000002052013041 00000205 2013 04 25 11 7311 1 14:30 15:29 0029 1 235 0 _ _ 1 20140708105034 78
000002052013042 00000205 2013 04 02 11 1311 1 14:30 15:59 0029 1 584 0 _ _ 1 20140708105034 78
000002052013042 00000205 2013 04 05 11 1311 1 14:30 15:59 0029 1 584 0 _ _ 1 20140708105034 78
000002052013042 00000205 2013 04 09 11 1311 1 14:30 15:59 0029 1 584 0 _ _ 1 20140708105034 78
000002052013042 00000205 2013 04 12 11 1311 1 14:30 15:59 0029 1 584 0 _ _ 1 20140708105034 78
000002052013042 00000205 2013 04 16 11 1311 1 14:30 15:59 0029 1 584 0 _ _ 1 20140708105034 78
000002052013042 00000205 2013 04 19 11 1311 1 14:30 15:59 0029 1 584 0 _ _ 1 20140708105034 78
000002052013042 00000205 2013 04 23 11 1311 1 14:30 15:59 0029 1 584 0 _ _ 1 20140708105034 78
000002052013042 00000205 2013 04 26 11 1311 1 14:30 15:59 0029 1 584 0 _ _ 1 20140708105034 78
000002052013042 00000205 2013 04 30 11 1311 1 14:30 15:59 0029 1 584 0 _ _ 1 20140708105034 78
000002052013043 00000205 2013 04 01 17 1007 1 _ _ 0236 1 300 0 _ _ 1 20140708105034 78
000002052013051 00000205 2013 05 30 11 7311 1 13:30 14:29 0029 1 235 0 _ _ 1 20140708105853 78
000002052013052 00000205 2013 05 17 11 1211 1 14:00 14:59 0029 1 402 0 _ _ 1 20140708105853 78
000002052013053 00000205 2013 05 02 11 7311 1 14:20 15:19 0029 1 235 0 _ _ 1 20140708105853 78
000002052013053 00000205 2013 05 09 11 7311 1 14:20 15:19 0029 1 235 0 _ _ 1 20140708105853 78
000002052013053 00000205 2013 05 16 11 7311 1 14:20 15:19 0029 1 235 0 _ _ 1 20140708105853 78
000002052013053 00000205 2013 05 23 11 7311 1 14:20 15:19 0029 1 235 0 _ _ 1 20140708105853 78
000002052013054 00000205 2013 05 03 11 1311 1 14:20 15:49 0029 1 584 0 _ _ 1 20140708105853 78
000002052013054 00000205 2013 05 07 11 1311 1 14:20 15:49 0029 1 584 0 _ _ 1 20140708105853 78
000002052013054 00000205 2013 05 10 11 1311 1 14:20 15:49 0029 1 584 0 _ _ 1 20140708105853 78
000002052013054 00000205 2013 05 14 11 1311 1 14:20 15:49 0029 1 584 0 _ _ 1 20140708105853 78
000002052013054 00000205 2013 05 21 11 1311 1 14:20 15:49 0029 1 584 0 _ _ 1 20140708105853 78
000002052013054 00000205 2013 05 24 11 1311 1 14:20 15:49 0029 1 584 0 _ _ 1 20140708105853 78
000002052013054 00000205 2013 05 28 11 1311 1 14:20 15:49 0029 1 584 0 _ _ 1 20140708105853 78
000002052013054 00000205 2013 05 31 11 1311 1 14:20 15:49 0029 1 584 0 _ _ 1 20140708105853 78
000002052013055 00000205 2013 05 01 17 1007 1 _ _ 0236 1 300 0 _ _ 1 20140708105853 78
000002052013061 00000205 2013 06 06 11 7311 1 14:20 15:19 0029 1 235 0 _ _ 1 20140708110510 78
000002052013061 00000205 2013 06 13 11 7311 1 14:20 15:19 0029 1 235 0 _ _ 1 20140708110510 78
000002052013061 00000205 2013 06 20 11 7311 1 14:20 15:19 0029 1 235 0 _ _ 1 20140708110510 78
000002052013061 00000205 2013 06 27 11 7311 1 14:20 15:19 0029 1 235 0 _ _ 1 20140708110510 78
000002052013062 00000205 2013 06 07 11 1311 1 14:20 15:49 0029 1 584 0 _ _ 1 20140708110510 78
000002052013062 00000205 2013 06 11 11 1311 1 14:20 15:49 0029 1 584 0 _ _ 1 20140708110510 78
000002052013062 00000205 2013 06 14 11 1311 1 14:20 15:49 0029 1 584 0 _ _ 1 20140708110510 78
000002052013062 00000205 2013 06 18 11 1311 1 14:20 15:49 0029 1 584 0 _ _ 1 20140708110510 78
000002052013062 00000205 2013 06 21 11 1311 1 14:20 15:49 0029 1 584 0 _ _ 1 20140708110510 78
000002052013062 00000205 2013 06 28 11 1311 1 14:20 15:49 0029 1 584 0 _ _ 1 20140708110510 78
000002052013063 00000205 2013 06 25 11 1311 1 15:00 16:29 0029 1 584 0 _ _ 1 20140708110510 78
000002052013064 00000205 2013 06 01 17 1007 1 _ _ 0236 1 300 0 _ _ 1 20140708110510 78
000002052013071 00000205 2013 07 04 11 7311 1 14:20 15:19 0029 1 235 0 _ _ 1 20140708111159 78
000002052013071 00000205 2013 07 11 11 7311 1 14:20 15:19 0029 1 235 0 _ _ 1 20140708111159 78
000002052013071 00000205 2013 07 18 11 7311 1 14:20 15:19 0029 1 235 0 _ _ 1 20140708111159 78
000002052013071 00000205 2013 07 25 11 7311 1 14:20 15:19 0029 1 235 0 _ _ 1 20140708111159 78
000002052013072 00000205 2013 07 02 11 1311 1 14:20 15:49 0029 1 584 0 _ _ 1 20140708111159 78
000002052013072 00000205 2013 07 05 11 1311 1 14:20 15:49 0029 1 584 0 _ _ 1 20140708111159 78
000002052013072 00000205 2013 07 09 11 1311 1 14:20 15:49 0029 1 584 0 _ _ 1 20140708111159 78
000002052013072 00000205 2013 07 12 11 1311 1 14:20 15:49 0029 1 584 0 _ _ 1 20140708111159 78
000002052013072 00000205 2013 07 16 11 1311 1 14:20 15:49 0029 1 584 0 _ _ 1 20140708111159 78
000002052013072 00000205 2013 07 19 11 1311 1 14:20 15:49 0029 1 584 0 _ _ 1 20140708111159 78
000002052013072 00000205 2013 07 23 11 1311 1 14:20 15:49 0029 1 584 0 _ _ 1 20140708111159 78
000002052013072 00000205 2013 07 26 11 1311 1 14:20 15:49 0029 1 584 0 _ _ 1 20140708111159 78
000002052013072 00000205 2013 07 30 11 1311 1 14:20 15:49 0029 1 584 0 _ _ 1 20140708111159 78
000002052013073 00000205 2013 07 01 17 1007 1 _ _ 0236 1 300 0 _ _ 1 20140708111159 78
000002052013081 00000205 2013 08 01 11 7311 1 14:20 15:19 0029 1 235 0 _ _ 1 20140708111756 78
000002052013081 00000205 2013 08 08 11 7311 1 14:20 15:19 0029 1 235 0 _ _ 1 20140708111756 78
000002052013081 00000205 2013 08 15 11 7311 1 14:20 15:19 0029 1 235 0 _ _ 1 20140708111756 78
000002052013081 00000205 2013 08 22 11 7311 1 14:20 15:19 0029 1 235 0 _ _ 1 20140708111756 78
000002052013081 00000205 2013 08 29 11 7311 1 14:20 15:19 0029 1 235 0 _ _ 1 20140708111756 78
000002052013082 00000205 2013 08 02 11 1311 1 14:20 15:49 0029 1 584 0 _ _ 1 20140708111756 78
000002052013082 00000205 2013 08 06 11 1311 1 14:20 15:49 0029 1 584 0 _ _ 1 20140708111756 78
000002052013082 00000205 2013 08 09 11 1311 1 14:20 15:49 0029 1 584 0 _ _ 1 20140708111756 78
000002052013082 00000205 2013 08 13 11 1311 1 14:20 15:49 0029 1 584 0 _ _ 1 20140708111756 78
000002052013082 00000205 2013 08 16 11 1311 1 14:20 15:49 0029 1 584 0 _ _ 1 20140708111756 78
000002052013082 00000205 2013 08 20 11 1311 1 14:20 15:49 0029 1 584 0 _ _ 1 20140708111756 78
000002052013082 00000205 2013 08 23 11 1311 1 14:20 15:49 0029 1 584 0 _ _ 1 20140708111756 78
000002052013082 00000205 2013 08 27 11 1311 1 14:20 15:49 0029 1 584 0 _ _ 1 20140708111756 78
000002052013082 00000205 2013 08 30 11 1311 1 14:20 15:49 0029 1 584 0 _ _ 1 20140708111756 78
000002052013083 00000205 2013 08 01 17 1007 1 _ _ 0236 1 300 0 _ _ 1 20140708111756 78
000002052013091 00000205 2013 09 20 11 1211 1 14:00 14:59 0029 1 402 0 _ _ 1 20140702190100 78
000002052013092 00000205 2013 09 05 11 7311 1 14:20 15:19 0029 1 235 0 _ _ 1 20140702190100 78
000002052013092 00000205 2013 09 12 11 7311 1 14:20 15:19 0029 1 235 0 _ _ 1 20140702190100 78
000002052013092 00000205 2013 09 19 11 7311 1 14:20 15:19 0029 1 235 0 _ _ 1 20140702190100 78
000002052013092 00000205 2013 09 26 11 7311 1 14:20 15:19 0029 1 235 0 _ _ 1 20140702190100 78
000002052013093 00000205 2013 09 03 11 1311 1 14:20 15:49 0029 1 584 0 _ _ 1 20140702190100 78
000002052013093 00000205 2013 09 06 11 1311 1 14:20 15:49 0029 1 584 0 _ _ 1 20140702190100 78
000002052013093 00000205 2013 09 10 11 1311 1 14:20 15:49 0029 1 584 0 _ _ 1 20140702190100 78
000002052013093 00000205 2013 09 13 11 1311 1 14:20 15:49 0029 1 584 0 _ _ 1 20140702190100 78
000002052013093 00000205 2013 09 17 11 1311 1 14:20 15:49 0029 1 584 0 _ _ 1 20140702190100 78
000002052013093 00000205 2013 09 24 11 1311 1 14:20 15:49 0029 1 584 0 _ _ 1 20140702190100 78
000002052013093 00000205 2013 09 27 11 1311 1 14:20 15:49 0029 1 584 0 _ _ 1 20140702190100 78
000002052013094 00000205 2013 09 01 17 1001 1 _ _ 0236 1 300 0 _ _ 1 20140702190100 78
000002052013101 00000205 2013 10 03 11 7311 1 14:20 15:19 0029 1 235 0 _ _ 1 20140702190634 78
000002052013101 00000205 2013 10 10 11 7311 1 14:20 15:19 0029 1 235 0 _ _ 1 20140702190634 78
000002052013101 00000205 2013 10 17 11 7311 1 14:20 15:19 0029 1 235 0 _ _ 1 20140702190634 78
000002052013101 00000205 2013 10 24 11 7311 1 14:20 15:19 0029 1 235 0 _ _ 1 20140702190634 78
000002052013101 00000205 2013 10 31 11 7311 1 14:20 15:19 0029 1 235 0 _ _ 1 20140702190634 78
000002052013102 00000205 2013 10 01 11 1311 1 14:20 15:49 0029 1 584 0 _ _ 1 20140702190634 78
000002052013102 00000205 2013 10 04 11 1311 1 14:20 15:49 0029 1 584 0 _ _ 1 20140702190634 78
000002052013102 00000205 2013 10 08 11 1311 1 14:20 15:49 0029 1 584 0 _ _ 1 20140702190634 78
000002052013102 00000205 2013 10 11 11 1311 1 14:20 15:49 0029 1 584 0 _ _ 1 20140702190634 78
000002052013102 00000205 2013 10 15 11 1311 1 14:20 15:49 0029 1 584 0 _ _ 1 20140702190634 78
000002052013102 00000205 2013 10 18 11 1311 1 14:20 15:49 0029 1 584 0 _ _ 1 20140702190634 78
000002052013102 00000205 2013 10 22 11 1311 1 14:20 15:49 0029 1 584 0 _ _ 1 20140702190634 78
000002052013102 00000205 2013 10 25 11 1311 1 14:20 15:49 0029 1 584 0 _ _ 1 20140702190634 78
000002052013102 00000205 2013 10 29 11 1311 1 14:20 15:49 0029 1 584 0 _ _ 1 20140702190634 78
000002052013103 00000205 2013 10 01 17 1007 1 _ _ 0236 1 300 0 _ _ 1 20140702190634 78
000002052013111 00000205 2013 11 07 11 7311 1 14:20 15:19 0029 1 235 0 _ _ 1 20140702191415 78
000002052013111 00000205 2013 11 14 11 7311 1 14:20 15:19 0029 1 235 0 _ _ 1 20140702191415 78
000002052013111 00000205 2013 11 28 11 7311 1 14:20 15:19 0029 1 235 0 _ _ 1 20140702191415 78
000002052013112 00000205 2013 11 01 11 1311 1 14:20 15:49 0029 1 584 0 _ _ 1 20140702191415 78
000002052013112 00000205 2013 11 05 11 1311 1 14:20 15:49 0029 1 584 0 _ _ 1 20140702191415 78
000002052013112 00000205 2013 11 08 11 1311 1 14:20 15:49 0029 1 584 0 _ _ 1 20140702191415 78
000002052013112 00000205 2013 11 12 11 1311 1 14:20 15:49 0029 1 584 0 _ _ 1 20140702191415 78
000002052013112 00000205 2013 11 15 11 1311 1 14:20 15:49 0029 1 584 0 _ _ 1 20140702191415 78
000002052013112 00000205 2013 11 19 11 1311 1 14:20 15:49 0029 1 584 0 _ _ 1 20140702191415 78
000002052013112 00000205 2013 11 22 11 1311 1 14:20 15:49 0029 1 584 0 _ _ 1 20140702191415 78
000002052013112 00000205 2013 11 26 11 1311 1 14:20 15:49 0029 1 584 0 _ _ 1 20140702191415 78
000002052013112 00000205 2013 11 29 11 1311 1 14:20 15:49 0029 1 584 0 _ _ 1 20140702191415 78
000002052013113 00000205 2013 11 21 11 7311 1 16:10 17:09 0029 1 235 0 _ _ 1 20140702191415 78
000002052013114 00000205 2013 11 01 17 1007 1 _ _ 0236 1 300 0 _ _ 1 20140702191415 78
000002052013121 00000205 2013 12 05 11 7311 1 14:20 15:19 0029 1 235 0 _ _ 1 20140702192134 78
000002052013121 00000205 2013 12 12 11 7311 1 14:20 15:19 0029 1 235 0 _ _ 1 20140702192134 78
000002052013121 00000205 2013 12 26 11 7311 1 14:20 15:19 0029 1 235 0 _ _ 1 20140702192134 78
000002052013122 00000205 2013 12 03 11 1311 1 14:20 15:49 0029 1 584 0 _ _ 1 20140702192134 78
000002052013122 00000205 2013 12 06 11 1311 1 14:20 15:49 0029 1 584 0 _ _ 1 20140702192134 78
000002052013122 00000205 2013 12 10 11 1311 1 14:20 15:49 0029 1 584 0 _ _ 1 20140702192134 78
000002052013122 00000205 2013 12 13 11 1311 1 14:20 15:49 0029 1 584 0 _ _ 1 20140702192134 78
000002052013122 00000205 2013 12 17 11 1311 1 14:20 15:49 0029 1 584 0 _ _ 1 20140702192134 78
000002052013122 00000205 2013 12 20 11 1311 1 14:20 15:49 0029 1 584 0 _ _ 1 20140702192134 78
000002052013122 00000205 2013 12 24 11 1311 1 14:20 15:49 0029 1 584 0 _ _ 1 20140702192134 78
000002052013122 00000205 2013 12 27 11 1311 1 14:20 15:49 0029 1 584 0 _ _ 1 20140702192134 78
000002052013122 00000205 2013 12 31 11 1311 1 14:20 15:49 0029 1 584 0 _ _ 1 20140702192134 78
000002052013123 00000205 2013 12 19 11 7211 1 14:50 15:29 0029 1 190 0 _ _ 1 20140702192134 78
000002052013124 00000205 2013 12 01 17 1007 1 _ _ 0236 1 300 0 _ _ 1 20140702192134 78
000002052014011 00000205 2014 01 03 11 1311 1 14:20 15:49 0029 1 584 0 _ _ 1 20140618190026 78
000002052014011 00000205 2014 01 07 11 1311 1 14:20 15:49 0029 1 584 0 _ _ 1 20140618190026 78
000002052014011 00000205 2014 01 10 11 1311 1 14:20 15:49 0029 1 584 0 _ _ 1 20140618190026 78
000002052014011 00000205 2014 01 14 11 1311 1 14:20 15:49 0029 1 584 0 _ _ 1 20140618190026 78
000002052014011 00000205 2014 01 17 11 1311 1 14:20 15:49 0029 1 584 0 _ _ 1 20140618190026 78
000002052014011 00000205 2014 01 21 11 1311 1 14:20 15:49 0029 1 584 0 _ _ 1 20140618190026 78
000002052014011 00000205 2014 01 24 11 1311 1 14:20 15:49 0029 1 584 0 _ _ 1 20140618190026 78
000002052014011 00000205 2014 01 28 11 1311 1 14:20 15:49 0029 1 584 0 _ _ 1 20140618190026 78
000002052014011 00000205 2014 01 31 11 1311 1 14:20 15:49 0029 1 584 0 _ _ 1 20140618190026 78
000002052014012 00000205 2014 01 02 11 7311 1 14:20 15:20 0029 1 235 0 _ _ 1 20140618190026 78
000002052014012 00000205 2014 01 09 11 7311 1 14:20 15:20 0029 1 235 0 _ _ 1 20140618190026 78
000002052014012 00000205 2014 01 16 11 7311 1 14:20 15:20 0029 1 235 0 _ _ 1 20140618190026 78
000002052014012 00000205 2014 01 23 11 7311 1 14:20 15:20 0029 1 235 0 _ _ 1 20140618190026 78
000002052014012 00000205 2014 01 30 11 7311 1 14:20 15:20 0029 1 235 0 _ _ 1 20140618190026 78
000002052014013 00000205 2014 01 01 17 1007 1 _ _ 0236 1 300 0 _ _ 1 20140618190026 78
