1 00000202 2013 02 11 0029 グランクレール・ケアサービス馬事公苑 1111 身体介護１ 254 0 254 69 17526 0 17526 17526 0 11.26 197342 90 177607 19735 0 n n 0 1 20140704140221 00078
1 00000203 2013 02 11 0029 グランクレール・ケアサービス馬事公苑 1111 身体介護１ 254 0 254 13 3302 0 3302 3302 0 11.26 37180 90 33462 3718 0 n n 0 1 20140704163425 00078
1 00000204 2013 02 11 0029 グランクレール・ケアサービス馬事公苑 1111 身体介護１ 254 0 254 34 8636 0 8636 8636 0 11.26 97241 90 87516 9725 0 n n 0 1 20140707152106 00078
1 00000205 2013 02 11 0029 グランクレール・ケアサービス馬事公苑 1311 身体介護３ 584 0 584 7 4088 0 4088 4088 0 11.26 46030 90 41427 4603 0 n n 0 1 20140708103716 00078
1 00000213 2013 02 11 0029 グランクレール・ケアサービス馬事公苑 1211 身体介護２ 402 0 402 12 4824 0 4824 4824 0 11.26 54318 90 48886 5432 0 n n 0 1 20140708164141 00078
1 00000216 2013 02 11 0029 グランクレール・ケアサービス馬事公苑 1211 身体介護２ 402 0 402 6 2412 0 2412 2412 0 11.26 27159 90 24443 2716 0 n n 0 1 20140709111029 00078
1 00000224 2013 02 11 0029 グランクレール・ケアサービス馬事公苑 1211 身体介護２ 402 0 402 8 3216 0 3216 3216 0 11.26 36212 90 32590 3622 0 n n 0 1 20140709165640 00078
2 00000202 2013 02 11 0029 グランクレール・ケアサービス馬事公苑 1112 身体介護１・夜 318 0 318 28 8904 0 8904 8904 0 11.26 100259 90 90233 10026 0 n n 0 1 20140704140221 00078
2 00000203 2013 02 11 0029 グランクレール・ケアサービス馬事公苑 1112 身体介護１・夜 318 0 318 26 8268 0 8268 8268 0 11.26 93097 90 83787 9310 0 n n 0 1 20140704163425 00078
2 00000204 2013 02 11 0029 グランクレール・ケアサービス馬事公苑 1112 身体介護１・夜 318 0 318 28 8904 0 8904 8904 0 11.26 100259 90 90233 10026 0 n n 0 1 20140707152106 00078
2 00000205 2013 02 11 0029 グランクレール・ケアサービス馬事公苑 7311 生活援助３ 235 0 235 4 940 0 940 940 0 11.26 10584 90 9525 1059 0 n n 0 1 20140708103716 00078
2 00000213 2013 02 11 0029 グランクレール・ケアサービス馬事公苑 7311 生活援助３ 235 0 235 8 1880 0 1880 1880 0 11.26 21168 90 19051 2117 0 n n 0 1 20140708164141 00078
2 00000216 2013 02 11 0029 グランクレール・ケアサービス馬事公苑 7311 生活援助３ 235 0 235 4 940 0 940 940 0 11.26 10584 90 9525 1059 0 n n 0 1 20140709111029 00078
2 00000224 2013 02 11 0029 グランクレール・ケアサービス馬事公苑 7311 生活援助３ 235 0 235 4 940 0 940 940 0 11.26 10584 90 9525 1059 0 n n 0 1 20140709165640 00078
3 00000202 2013 02 11 0029 グランクレール・ケアサービス馬事公苑 1121 身体介護１・２人 508 0 508 1 508 0 508 508 0 11.26 5720 90 5148 572 0 n n 0 1 20140704140221 00078
3 00000203 2013 02 11 0029 グランクレール・ケアサービス馬事公苑 1211 身体介護２ 402 0 402 7 2814 0 2814 2814 0 11.26 31685 90 28516 3169 0 n n 0 1 20140704163425 00078
3 00000204 2013 02 11 0029 グランクレール・ケアサービス馬事公苑 4111 身体１生活１ 324 0 324 4 1296 0 1296 1296 0 11.26 14592 90 13132 1460 0 n n 0 1 20140707152106 00078
3 00000205 2013 02 11 0029 グランクレール・ケアサービス馬事公苑 6271 訪問介護処遇改善加算Ⅰ 201 0 201 1 201 201 0.04 201 0 11.26 2263 90 2036 227 0 a g 0 1 20140708103716 00078
3 00000213 2013 02 11 0029 グランクレール・ケアサービス馬事公苑 6271 訪問介護処遇改善加算Ⅰ 268 0 268 1 268 268 0.04 268 0 11.26 3017 90 2715 302 0 a g 0 1 20140708164141 00078
3 00000216 2013 02 11 0029 グランクレール・ケアサービス馬事公苑 6271 訪問介護処遇改善加算Ⅰ 134 0 134 1 134 134 0.04 134 0 11.26 1508 90 1357 151 0 a g 0 1 20140709111029 00078
3 00000224 2013 02 11 0029 グランクレール・ケアサービス馬事公苑 6271 訪問介護処遇改善加算Ⅰ 166 0 166 1 166 166 0.04 166 0 11.26 1869 90 1682 187 0 a g 0 1 20140709165640 00078
4 00000202 2013 02 11 0029 グランクレール・ケアサービス馬事公苑 1221 身体介護２・２人 804 0 804 8 6432 0 6432 6432 0 11.26 72424 90 65181 7243 0 n n 0 1 20140704140221 00078
4 00000203 2013 02 11 0029 グランクレール・ケアサービス馬事公苑 4111 身体１生活１ 324 0 324 32 10368 0 10368 10368 0 11.26 116743 90 105068 11675 0 n n 0 1 20140704163425 00078
4 00000204 2013 02 11 0029 グランクレール・ケアサービス馬事公苑 6271 訪問介護処遇改善加算Ⅰ 753 0 753 1 753 753 0.04 753 0 11.26 8478 90 7630 848 0 a g 0 1 20140707152106 00078
5 00000202 2013 02 11 0029 グランクレール・ケアサービス馬事公苑 6271 訪問介護処遇改善加算Ⅰ 1335 0 1335 1 1335 1335 0.04 1335 0 11.26 15032 90 13528 1504 0 a g 0 1 20140704140221 00078
5 00000203 2013 02 11 0029 グランクレール・ケアサービス馬事公苑 4311 身体１生活３ 464 0 464 2 928 0 928 928 0 11.26 10449 90 9404 1045 0 n n 0 1 20140704163425 00078
6 00000203 2013 02 11 0029 グランクレール・ケアサービス馬事公苑 6111 身体３生活１ 654 0 654 2 1308 0 1308 1308 0 11.26 14728 90 13255 1473 0 n g 0 1 20140704163425 00078
7 00000203 2013 02 11 0029 グランクレール・ケアサービス馬事公苑 6271 訪問介護処遇改善加算Ⅰ 1080 0 1080 1 1080 1080 0.04 1080 0 11.26 12160 90 10944 1216 0 a g 0 1 20140704163425 00078
