000000572012111 00000057 2012 11 30 11 1211 1 17:00 17:59 0070 1 402 0 _ _ 1 20140806151828 24
000000572012112 00000057 2012 11 30 11 4001 1 17:00 17:59 0070 1 200 0 _ _ 1 20140806151828 24
000000572012113 00000057 2012 11 26 17 1001 1 _ _ 0101 1 250 0 _ _ 1 20140806151828 24
000000572012114 00000057 2012 11 26 17 1002 1 _ _ 0101 1 100 0 _ _ 1 20140806151828 24
000000572012115 00000057 2012 11 26 17 1007 1 _ _ 0101 1 100 0 _ _ 1 20140806151828 24
000000572012121 00000057 2012 12 05 13 1211 1 11:00 11:59 0021 1 830 0 _ _ 1 20140806152841 24
000000572012121 00000057 2012 12 12 13 1211 1 11:00 11:59 0021 1 830 0 _ _ 1 20140806152841 24
000000572012121 00000057 2012 12 19 13 1211 1 11:00 11:59 0021 1 830 0 _ _ 1 20140806152841 24
000000572012122 00000057 2012 12 05 13 3100 1 _ _ 0021 1 540 0 _ _ 1 20140806152841 24
000000572012123 00000057 2012 12 05 13 4002 1 _ _ 0021 1 300 0 _ _ 1 20140806152841 24
000000572012124 00000057 2012 12 05 13 6101 1 _ _ 0021 1 6 0 _ _ 1 20140806152841 24
000000572012124 00000057 2012 12 12 13 6101 1 _ _ 0021 1 6 0 _ _ 1 20140806152841 24
000000572012124 00000057 2012 12 19 13 6101 1 _ _ 0021 1 6 0 _ _ 1 20140806152841 24
000000572012125 00000057 2012 12 04 11 1211 1 17:00 17:59 0070 1 402 0 _ _ 1 20140806152841 24
000000572012125 00000057 2012 12 07 11 1211 1 17:00 17:59 0070 1 402 0 _ _ 1 20140806152841 24
000000572012125 00000057 2012 12 14 11 1211 1 17:00 17:59 0070 1 402 0 _ _ 1 20140806152841 24
000000572012125 00000057 2012 12 18 11 1211 1 17:00 17:59 0070 1 402 0 _ _ 1 20140806152841 24
000000572012126 00000057 2012 12 01 17 1001 1 _ _ 0101 1 500 0 _ _ 1 20140806152841 24
000000572012127 00000057 2012 12 01 17 1002 1 _ _ 0101 1 200 0 _ _ 1 20140806152841 24
000000572012128 00000057 2012 12 01 17 1007 1 _ _ 0101 1 200 0 _ _ 1 20140806152841 24
000000572012128 00000057 2012 12 02 17 1007 1 _ _ 0101 1 200 0 _ _ 1 20140806152841 24
