00000224 2012 08 3 16580 1 20140730104509 00078
00000224 2012 09 3 16580 1 20140730105643 00078
00000224 2012 10 3 16580 1 20140730110852 00078
00000224 2012 11 3 16580 1 20140730111150 00078
00000224 2012 12 4 17532 1 20140730111827 00078
00000224 2013 01 4 19480 1 20140709164509 00078
00000224 2013 02 4 19480 1 20140709165704 00078
00000224 2013 03 4 19480 1 20140709170239 00078
00000224 2013 04 4 19480 1 20140709171030 00078
00000224 2013 05 4 19480 1 20140709171607 00078
00000224 2013 06 4 19480 1 20140709172232 00078
00000224 2013 07 4 19480 1 20140709172946 00078
00000224 2013 08 4 19480 1 20140709173555 00078
00000224 2013 09 4 19480 1 20140703162838 00078
00000224 2013 10 4 19480 1 20140703163340 00078
00000224 2013 11 4 19480 1 20140703164612 00078
00000224 2013 12 4 19480 1 20140703165635 00078
