0001 01 102 20130701 99999999 235000 1 20140805000000 kaizen
0001 01 103 20130701 99999999 209000 1 20140805000000 kaizen
0001 01 104 20130701 99999999 176000 1 20140805000000 kaizen
0001 01 105 20130701 99999999 177000 1 20140805000000 kaizen
0001 01 106 20130701 99999999 216000 1 20140805000000 kaizen
0001 01 107 20130701 99999999 222000 1 20140805000000 kaizen
0001 01 108 20130701 99999999 232000 1 20140805000000 kaizen
0001 01 112 20130701 99999999 280000 1 20140805000000 kaizen
0001 01 113 20130701 99999999 254000 1 20140805000000 kaizen
0001 01 201 20130701 99999999 274000 1 20140805000000 kaizen
0001 01 202 20130701 99999999 254000 1 20140805000000 kaizen
0001 01 203 20130701 99999999 228000 1 20140805000000 kaizen
0001 01 204 20130701 99999999 189000 1 20140805000000 kaizen
0001 01 205 20130701 99999999 190000 1 20140805000000 kaizen
0001 01 206 20130701 99999999 229000 1 20140805000000 kaizen
0001 01 207 20130701 99999999 235000 1 20140805000000 kaizen
0001 01 208 20130701 99999999 234000 1 20140805000000 kaizen
0001 01 209 20130701 99999999 247000 1 20140805000000 kaizen
0001 01 210 20130701 99999999 248000 1 20140805000000 kaizen
0001 01 211 20130701 99999999 233000 1 20140805000000 kaizen
0001 01 212 20130701 99999999 293000 1 20140805000000 kaizen
0001 01 213 20130701 99999999 270000 1 20140805000000 kaizen
0001 01 214 20130701 99999999 174000 1 20140805000000 kaizen
0001 01 215 20130701 99999999 171000 1 20140805000000 kaizen
0001 01 216 20130701 99999999 165000 1 20140805000000 kaizen
0001 01 217 20130701 99999999 158000 1 20140805000000 kaizen
0001 01 218 20130701 99999999 254000 1 20140805000000 kaizen
0001 01 301 20130701 99999999 296000 1 20140805000000 kaizen
0001 01 302 20130701 99999999 264000 1 20140805000000 kaizen
0001 01 303 20130701 99999999 240000 1 20140805000000 kaizen
0001 01 304 20130701 99999999 202000 1 20140805000000 kaizen
0001 01 305 20130701 99999999 203000 1 20140805000000 kaizen
0001 01 306 20130701 99999999 241000 1 20140805000000 kaizen
0001 01 307 20130701 99999999 248000 1 20140805000000 kaizen
0001 01 308 20130701 99999999 247000 1 20140805000000 kaizen
0001 01 309 20130701 99999999 260000 1 20140805000000 kaizen
0001 01 310 20130701 99999999 261000 1 20140805000000 kaizen
0001 01 311 20130701 99999999 248000 1 20140805000000 kaizen
0001 01 312 20130701 99999999 306000 1 20140805000000 kaizen
0001 01 313 20130701 99999999 285000 1 20140805000000 kaizen
0001 01 314 20130701 99999999 193000 1 20140805000000 kaizen
0001 01 315 20130701 99999999 190000 1 20140805000000 kaizen
0001 01 316 20130701 99999999 186000 1 20140805000000 kaizen
0001 01 317 20130701 99999999 181000 1 20140805000000 kaizen
0001 01 318 20130701 99999999 280000 1 20140805000000 kaizen
0001 01 401 20130701 99999999 312000 1 20140805000000 kaizen
0001 01 402 20130701 99999999 274000 1 20140805000000 kaizen
0001 01 403 20130701 99999999 247000 1 20140805000000 kaizen
0001 01 404 20130701 99999999 208000 1 20140805000000 kaizen
0001 01 405 20130701 99999999 209000 1 20140805000000 kaizen
0001 01 406 20130701 99999999 248000 1 20140805000000 kaizen
0001 01 407 20130701 99999999 254000 1 20140805000000 kaizen
0001 01 408 20130701 99999999 253000 1 20140805000000 kaizen
0001 01 409 20130701 99999999 266000 1 20140805000000 kaizen
0001 01 410 20130701 99999999 267000 1 20140805000000 kaizen
0001 01 411 20130701 99999999 254000 1 20140805000000 kaizen
0001 01 412 20130701 99999999 315000 1 20140805000000 kaizen
0001 01 413 20130701 99999999 298000 1 20140805000000 kaizen
0001 01 414 20130701 99999999 209000 1 20140805000000 kaizen
0001 01 415 20130701 99999999 206000 1 20140805000000 kaizen
0001 01 416 20130701 99999999 203000 1 20140805000000 kaizen
0001 01 417 20130701 99999999 200000 1 20140805000000 kaizen
0001 01 418 20130701 99999999 299000 1 20140805000000 kaizen
0001 01 502 20130701 99999999 472000 1 20140805000000 kaizen
0001 01 503 20130701 99999999 253000 1 20140805000000 kaizen
0001 01 504 20130701 99999999 215000 1 20140805000000 kaizen
0001 01 505 20130701 99999999 216000 1 20140805000000 kaizen
0001 01 506 20130701 99999999 254000 1 20140805000000 kaizen
0001 01 507 20130701 99999999 261000 1 20140805000000 kaizen
0001 01 508 20130701 99999999 260000 1 20140805000000 kaizen
0001 01 509 20130701 99999999 273000 1 20140805000000 kaizen
0001 01 510 20130701 99999999 274000 1 20140805000000 kaizen
0001 01 511 20130701 99999999 261000 1 20140805000000 kaizen
0001 01 512 20130701 99999999 325000 1 20140805000000 kaizen
0001 01 513 20130701 99999999 306000 1 20140805000000 kaizen
0001 01 514 20130701 99999999 216000 1 20140805000000 kaizen
0001 01 515 20130701 99999999 213000 1 20140805000000 kaizen
0001 01 516 20130701 99999999 209000 1 20140805000000 kaizen
0001 01 517 20130701 99999999 241000 1 20140805000000 kaizen
0001 02 251 20140101 99999999 240000 1 20140305000000 kaizen
0001 02 252 20140101 99999999 230000 1 20140305000000 kaizen
0001 02 253 20140101 99999999 230000 1 20140305000000 kaizen
0001 02 254 20140101 99999999 230000 1 20140305000000 kaizen
0001 02 255 20140101 99999999 220000 1 20140305000000 kaizen
0001 02 256 20140101 99999999 220000 1 20140305000000 kaizen
0001 02 257 20140101 99999999 220000 1 20140305000000 kaizen
0001 02 258 20140101 99999999 220000 1 20140305000000 kaizen
0001 02 259 20140101 99999999 205000 1 20140305000000 kaizen
0001 02 260 20140101 99999999 220000 1 20140305000000 kaizen
0001 02 261 20140101 99999999 230000 1 20140305000000 kaizen
0001 02 262 20140101 99999999 205000 1 20140305000000 kaizen
0001 02 263 20140101 99999999 200000 1 20140305000000 kaizen
0001 02 264 20140101 99999999 200000 1 20140305000000 kaizen
0001 02 265 20140101 99999999 200000 1 20140305000000 kaizen
0001 02 266 20140101 99999999 200000 1 20140305000000 kaizen
0001 02 267 20140101 99999999 205000 1 20140305000000 kaizen
0001 02 351 20140101 99999999 245000 1 20140305000000 kaizen
0001 02 352 20140101 99999999 240000 1 20140305000000 kaizen
0001 02 353 20140101 99999999 240000 1 20140305000000 kaizen
0001 02 354 20140101 99999999 240000 1 20140305000000 kaizen
0001 02 355 20140101 99999999 240000 1 20140305000000 kaizen
0001 02 356 20140101 99999999 230000 1 20140305000000 kaizen
0001 02 357 20140101 99999999 230000 1 20140305000000 kaizen
0001 02 358 20140101 99999999 235000 1 20140305000000 kaizen
0001 02 359 20140101 99999999 235000 1 20140305000000 kaizen
0001 02 360 20140101 99999999 240000 1 20140305000000 kaizen
0001 02 361 20140101 99999999 245000 1 20140305000000 kaizen
0001 02 362 20140101 99999999 205000 1 20140305000000 kaizen
0001 02 363 20140101 99999999 200000 1 20140305000000 kaizen
0001 02 364 20140101 99999999 200000 1 20140305000000 kaizen
0001 02 365 20140101 99999999 200000 1 20140305000000 kaizen
0001 02 366 20140101 99999999 200000 1 20140305000000 kaizen
0001 02 367 20140101 99999999 205000 1 20140305000000 kaizen
0002 01 103 20071101 20101130 204000 1 20140805000000 kaizen
0002 01 103 20101201 99999999 131000 1 20140805000000 kaizen
0002 01 104 20071101 20101130 204000 1 20140805000000 kaizen
0002 01 104 20101201 99999999 131000 1 20140805000000 kaizen
0002 01 105 20071101 20101231 204000 1 20140805000000 kaizen
0002 01 105 20110101 99999999 131000 1 20140805000000 kaizen
0002 01 106 20110701 99999999 133000 1 20140805000000 kaizen
0002 01 106 20071101 20101130 204000 1 20140805000000 kaizen
0002 01 106 20101201 99999999 133000 1 20140805000000 kaizen
0002 01 107 20071101 20101030 285000 1 20140805000000 kaizen
0002 01 107 20101201 99999999 183000 1 20140805000000 kaizen
0002 01 201 20071101 20101130 261000 1 20140805000000 kaizen
0002 01 201 20101201 99999999 167000 1 20140805000000 kaizen
0002 01 202 20071101 20101130 208000 1 20140805000000 kaizen
0002 01 202 20101201 99999999 133000 1 20140805000000 kaizen
0002 01 203 20111201 99999999 133000 1 20140805000000 kaizen
0002 01 203 20071101 20101130 208000 1 20140805000000 kaizen
0002 01 203 20101201 99999999 133000 1 20140805000000 kaizen
0002 01 204 20071101 20101130 208000 1 20140805000000 kaizen
0002 01 204 20101201 99999999 133000 1 20140805000000 kaizen
0002 01 205 20071101 20101130 208000 1 20140805000000 kaizen
0002 01 205 20101201 99999999 133000 1 20140805000000 kaizen
0002 01 206 20071101 20101130 208000 1 20140805000000 kaizen
0002 01 206 20101201 99999999 133000 1 20140805000000 kaizen
0002 01 207 20071101 20101130 208000 1 20140805000000 kaizen
0002 01 207 20101201 99999999 133000 1 20140805000000 kaizen
0002 01 208 20071101 20101130 209000 1 20140805000000 kaizen
0002 01 208 20101201 99999999 133000 1 20140805000000 kaizen
0002 01 209 20071101 20101130 211000 1 20140805000000 kaizen
0002 01 209 20101201 99999999 135000 1 20140805000000 kaizen
0002 01 210 20071101 20101130 201000 1 20140805000000 kaizen
0002 01 210 20101201 99999999 129000 1 20140805000000 kaizen
0002 01 211 20071101 20101130 205000 1 20140805000000 kaizen
0002 01 211 20101201 99999999 131000 1 20140805000000 kaizen
0002 01 212 20071101 20101130 205000 1 20140805000000 kaizen
0002 01 212 20101201 20120930 131000 1 20140805000000 kaizen
0002 01 212 20121001 99999999 155000 1 20140805000000 kaizen
0002 01 213 20071101 20130228 205000 1 20140805000000 kaizen
0002 01 213 20130301 99999999 150000 1 20140805000000 kaizen
0002 01 214 20071101 99999999 206000 1 20140805000000 kaizen
0002 01 301 20071101 20101130 274000 1 20140805000000 kaizen
0002 01 301 20101201 99999999 176000 1 20140805000000 kaizen
0002 01 302 20071101 20101130 218000 1 20140805000000 kaizen
0002 01 302 20101201 20121031 140000 1 20140805000000 kaizen
0002 01 302 20121101 99999999 179000 1 20140805000000 kaizen
0002 01 303 20071101 20101130 218000 1 20140805000000 kaizen
0002 01 303 20101201 99999999 140000 1 20140805000000 kaizen
0002 01 304 20071101 20101130 218000 1 20140805000000 kaizen
0002 01 304 20101201 99999999 140000 1 20140805000000 kaizen
0002 01 305 20071101 20101130 218000 1 20140805000000 kaizen
0002 01 305 20101201 99999999 140000 1 20140805000000 kaizen
0002 01 306 20071101 20101130 218000 1 20140805000000 kaizen
0002 01 306 20101201 99999999 140000 1 20140805000000 kaizen
0002 01 307 20071101 20101130 218000 1 20140805000000 kaizen
0002 01 307 20101201 99999999 140000 1 20140805000000 kaizen
0002 01 308 20071101 20101130 219000 1 20140805000000 kaizen
0002 01 308 20101201 99999999 140000 1 20140805000000 kaizen
0002 01 309 20071101 20101130 227000 1 20140805000000 kaizen
0002 01 309 20101201 99999999 146000 1 20140805000000 kaizen
0002 01 310 20071101 20101130 211000 1 20140805000000 kaizen
0002 01 310 20101201 99999999 135000 1 20140805000000 kaizen
0002 01 311 20071101 20101130 215000 1 20140805000000 kaizen
0002 01 311 20101201 99999999 138000 1 20140805000000 kaizen
0002 01 312 20071101 20101231 215000 1 20140805000000 kaizen
0002 01 312 20110101 99999999 138000 1 20140805000000 kaizen
0002 01 313 20071101 20101130 215000 1 20140805000000 kaizen
0002 01 313 20101201 99999999 138000 1 20140805000000 kaizen
0002 01 314 20071101 20101130 217000 1 20140805000000 kaizen
0002 01 314 20101201 99999999 139000 1 20140805000000 kaizen
0002 01 315 20071101 20101130 169000 1 20140805000000 kaizen
0002 01 315 20101201 99999999 103000 1 20140805000000 kaizen
0002 01 316 20071101 20101130 169000 1 20140805000000 kaizen
0002 01 316 20101201 99999999 108000 1 20140805000000 kaizen
0002 01 316 20111001 99999999 108000 1 20140805000000 kaizen
0002 01 317 20071101 20101130 168000 1 20140805000000 kaizen
0002 01 317 20101201 99999999 108000 1 20140805000000 kaizen
0002 01 318 20071101 20101231 168000 1 20140805000000 kaizen
0002 01 318 20110101 99999999 108000 1 20140805000000 kaizen
0002 01 402 20071101 20101231 373000 1 20140805000000 kaizen
0002 01 402 20110101 99999999 239000 1 20140805000000 kaizen
0002 01 403 20071101 20101130 230000 1 20140805000000 kaizen
0002 01 403 20101201 20120331 147000 1 20140805000000 kaizen
0002 01 403 20120401 99999999 147000 1 20140805000000 kaizen
0002 01 404 20071101 20101130 230000 1 20140805000000 kaizen
0002 01 404 20101201 99999999 147000 1 20140805000000 kaizen
0002 01 405 20071101 20101130 230000 1 20140805000000 kaizen
0002 01 405 20101201 99999999 147000 1 20140805000000 kaizen
0002 01 406 20071101 20101130 230000 1 20140805000000 kaizen
0002 01 406 20101201 99999999 147000 1 20140805000000 kaizen
0002 01 407 20071101 20101130 230000 1 20140805000000 kaizen
0002 01 407 20101201 20111130 147000 1 20140805000000 kaizen
0002 01 407 20111201 99999999 147000 1 20140805000000 kaizen
0002 01 408 20071101 20101130 231000 1 20140805000000 kaizen
0002 01 408 20101201 99999999 147000 1 20140805000000 kaizen
0002 01 409 20071101 20101130 236000 1 20140805000000 kaizen
0002 01 409 20101201 99999999 151000 1 20140805000000 kaizen
0002 01 410 20071101 20101130 218000 1 20140805000000 kaizen
0002 01 410 20101201 99999999 135000 1 20140805000000 kaizen
0002 01 411 20071101 20101130 220000 1 20140805000000 kaizen
0002 01 411 20101201 99999999 138000 1 20140805000000 kaizen
0002 01 412 20071101 20101130 220000 1 20140805000000 kaizen
0002 01 412 20101201 99999999 141000 1 20140805000000 kaizen
0002 01 413 20071101 20101130 220000 1 20140805000000 kaizen
0002 01 413 20101201 99999999 138000 1 20140805000000 kaizen
0002 01 414 20071101 20101130 224000 1 20140805000000 kaizen
0002 01 414 20101201 99999999 144000 1 20140805000000 kaizen
0002 01 415 20071101 20101130 220000 1 20140805000000 kaizen
0002 01 415 20101201 99999999 141000 1 20140805000000 kaizen
0003 01 210 20100101 99999999 180000 1 20140805000000 kaizen
0003 01 211 20100101 99999999 140000 1 20140805000000 kaizen
0003 01 212 20100101 99999999 130000 1 20140805000000 kaizen
0003 01 213 20100101 99999999 200000 1 20140805000000 kaizen
0003 01 214 20100101 99999999 200000 1 20140805000000 kaizen
0003 01 215 20100101 99999999 150000 1 20140805000000 kaizen
0003 01 216 20100101 99999999 150000 1 20140805000000 kaizen
0003 01 217 20100101 99999999 150000 1 20140805000000 kaizen
0003 01 218 20100101 99999999 150000 1 20140805000000 kaizen
0003 01 219 20100101 99999999 215000 1 20140805000000 kaizen
0003 01 220 20100101 99999999 230000 1 20140805000000 kaizen
0003 01 311 20100101 99999999 145000 1 20140805000000 kaizen
0003 01 312 20100101 99999999 140000 1 20140805000000 kaizen
0003 01 313 20100101 99999999 210000 1 20140805000000 kaizen
0003 01 314 20100101 99999999 210000 1 20140805000000 kaizen
0003 01 315 20100101 99999999 160000 1 20140805000000 kaizen
0003 01 316 20100101 99999999 160000 1 20140805000000 kaizen
0003 01 317 20100101 99999999 160000 1 20140805000000 kaizen
0003 01 318 20100101 99999999 160000 1 20140805000000 kaizen
0003 01 319 20100101 99999999 225000 1 20140805000000 kaizen
0003 01 320 20100101 99999999 240000 1 20140805000000 kaizen
0003 01 401 20100101 99999999 265000 1 20140805000000 kaizen
0003 01 402 20100101 99999999 260000 1 20140805000000 kaizen
0003 01 403 20100101 99999999 180000 1 20140805000000 kaizen
0003 01 404 20100101 99999999 175000 1 20140805000000 kaizen
0003 01 405 20100101 99999999 175000 1 20140805000000 kaizen
0003 01 406 20100101 99999999 175000 1 20140805000000 kaizen
0003 01 407 20100101 99999999 235000 1 20140805000000 kaizen
0003 01 408 20100101 20101031 230000 1 20140805000000 kaizen
0003 01 408 20101101 99999999 36000 1 20140805000000 kaizen 
0003 01 409 20100101 99999999 210000 1 20140805000000 kaizen
0003 01 410 20100101 99999999 195000 1 20140805000000 kaizen
0003 01 414 20100101 99999999 230000 1 20140805000000 kaizen
0003 01 415 20100101 99999999 245000 1 20140805000000 kaizen
0003 01 416 20100101 99999999 245000 1 20140805000000 kaizen
0003 01 417 20100101 99999999 185000 1 20140805000000 kaizen
0003 01 418 20100101 99999999 185000 1 20140805000000 kaizen
0003 01 419 20100101 99999999 310000 1 20140805000000 kaizen
0003 01 420 20100101 99999999 265000 1 20140805000000 kaizen
0003 01 421 20100101 99999999 270000 1 20140805000000 kaizen
0003 01 501 20100101 99999999 275000 1 20140805000000 kaizen
0003 01 502 20100101 99999999 265000 1 20140805000000 kaizen
0003 01 503 20100101 99999999 185000 1 20140805000000 kaizen
0003 01 504 20100101 99999999 185000 1 20140805000000 kaizen
0003 01 505 20100101 99999999 185000 1 20140805000000 kaizen
0003 01 506 20100101 99999999 185000 1 20140805000000 kaizen
0003 01 507 20100101 99999999 240000 1 20140805000000 kaizen
0003 01 508 20100101 99999999 240000 1 20140805000000 kaizen
0003 01 509 20100101 99999999 370000 1 20140805000000 kaizen
0003 01 510 20100101 99999999 245000 1 20140805000000 kaizen
0003 01 511 20100101 99999999 400000 1 20140805000000 kaizen
0003 01 512 20100101 99999999 230000 1 20140805000000 kaizen
0003 01 513 20100101 99999999 235000 1 20140805000000 kaizen
0003 01 514 20100101 20110331 315000 1 20140805000000 kaizen
0003 01 514 20110401 99999999 25000 1 20140805000000 kaizen 
0003 01 515 20100101 99999999 255000 1 20140805000000 kaizen
0003 01 516 20100101 99999999 250000 1 20140805000000 kaizen
0003 01 517 20100101 99999999 190000 1 20140805000000 kaizen
0003 01 518 20100101 99999999 190000 1 20140805000000 kaizen
0003 01 519 20100101 99999999 315000 1 20140805000000 kaizen
0003 01 520 20100101 99999999 270000 1 20140805000000 kaizen
0003 01 521 20100101 99999999 275000 1 20140805000000 kaizen
0003 01 601 20100101 99999999 235000 1 20140805000000 kaizen
0003 01 602 20100101 99999999 280000 1 20140805000000 kaizen
0003 01 603 20100101 99999999 190000 1 20140805000000 kaizen
0003 01 604 20100101 99999999 190000 1 20140805000000 kaizen
0003 01 605 20100101 99999999 190000 1 20140805000000 kaizen
0003 01 606 20100101 99999999 190000 1 20140805000000 kaizen
0003 01 607 20100101 99999999 250000 1 20140805000000 kaizen
0003 01 608 20100101 99999999 250000 1 20140805000000 kaizen
0003 01 609 20100101 99999999 395000 1 20140805000000 kaizen
0003 01 610 20100101 99999999 255000 1 20140805000000 kaizen
0003 01 611 20100101 99999999 410000 1 20140805000000 kaizen
0003 01 612 20100101 99999999 235000 1 20140805000000 kaizen
0003 01 613 20100101 99999999 240000 1 20140805000000 kaizen
0003 01 614 20100101 99999999 320000 1 20140805000000 kaizen
0003 01 615 20100101 99999999 260000 1 20140805000000 kaizen
0003 01 616 20100101 99999999 255000 1 20140805000000 kaizen
0003 01 617 20100101 99999999 195000 1 20140805000000 kaizen
0003 01 618 20100101 99999999 195000 1 20140805000000 kaizen
0003 01 619 20100101 99999999 320000 1 20140805000000 kaizen
0003 01 620 20100101 99999999 275000 1 20140805000000 kaizen
0003 01 621 20100101 99999999 280000 1 20140805000000 kaizen
0003 01 701 20100101 99999999 290000 1 20140805000000 kaizen
0003 01 702 20100101 99999999 285000 1 20140805000000 kaizen
0003 01 703 20100101 99999999 195000 1 20140805000000 kaizen
0003 01 704 20100101 99999999 195000 1 20140805000000 kaizen
0003 01 705 20100101 20120731 195000 1 20140805000000 kaizen
0003 01 705 20120801 99999999 13000 1 20140805000000 kaizen 
0003 01 706 20100101 99999999 195000 1 20140805000000 kaizen
0003 01 707 20100101 99999999 260000 1 20140805000000 kaizen
0003 01 708 20100101 99999999 260000 1 20140805000000 kaizen
0003 01 709 20100101 99999999 400000 1 20140805000000 kaizen
0003 01 710 20100101 99999999 320000 1 20140805000000 kaizen
0003 01 712 20100101 99999999 230000 1 20140805000000 kaizen
0003 01 713 20100101 99999999 210000 1 20140805000000 kaizen
0003 01 714 20100101 99999999 270000 1 20140805000000 kaizen
0003 01 715 20100101 99999999 235000 1 20140805000000 kaizen
0003 01 716 20100101 99999999 230000 1 20140805000000 kaizen
0003 01 717 20100101 99999999 170000 1 20140805000000 kaizen
0003 01 718 20100101 99999999 175000 1 20140805000000 kaizen
0003 01 719 20100101 99999999 270000 1 20140805000000 kaizen
0003 01 720 20100101 99999999 245000 1 20140805000000 kaizen
0003 01 721 20100101 99999999 245000 1 20140805000000 kaizen
0003 01 801 20100101 99999999 300000 1 20140805000000 kaizen
0003 01 802 20100101 99999999 300000 1 20140805000000 kaizen
0003 01 803 20100101 99999999 205000 1 20140805000000 kaizen
0003 01 804 20100101 99999999 205000 1 20140805000000 kaizen
0003 01 805 20100101 99999999 205000 1 20140805000000 kaizen
0003 01 806 20100101 99999999 205000 1 20140805000000 kaizen
0003 01 807 20100101 99999999 270000 1 20140805000000 kaizen
0003 01 808 20100101 99999999 270000 1 20140805000000 kaizen
0003 01 809 20100101 99999999 425000 1 20140805000000 kaizen
0003 01 813 20100101 99999999 275000 1 20140805000000 kaizen
0003 01 815 20100101 99999999 315000 1 20140805000000 kaizen
0003 01 817 20100101 99999999 255000 1 20140805000000 kaizen
0003 01 819 20100101 99999999 220000 1 20140805000000 kaizen
0003 01 821 20100101 20130228 225000 1 20140805000000 kaizen
0003 01 821 20130301 99999999 30000 1 20140805000000 kaizen 
0003 01 901 20100101 99999999 305000 1 20140805000000 kaizen
0003 01 902 20100101 99999999 310000 1 20140805000000 kaizen
0003 01 903 20100101 99999999 210000 1 20140805000000 kaizen
0003 01 904 20100101 99999999 210000 1 20140805000000 kaizen
0003 01 905 20100101 99999999 210000 1 20140805000000 kaizen
0003 01 906 20100101 99999999 210000 1 20140805000000 kaizen
0003 01 907 20100101 99999999 250000 1 20140805000000 kaizen
0003 01 908 20100101 99999999 280000 1 20140805000000 kaizen
0003 01 909 20100101 99999999 435000 1 20140805000000 kaizen
0004 01 101 20090201 99999999 310000 1 20140805000000 kaizen 
0004 01 102 20090201 99999999 289000 1 20140805000000 kaizen 
0004 01 102 20130901 99999999 265000 1 20140805000000 kaizen 
0004 01 103 20090201 99999999 282000 1 20140805000000 kaizen 
0004 01 104 20090201 99999999 289000 1 20140805000000 kaizen 
0004 01 105 20090201 99999999 215000 1 20140805000000 kaizen 
0004 01 106 20090201 99999999 293000 1 20140805000000 kaizen 
0004 01 107 20090201 99999999 293000 1 20140805000000 kaizen 
0004 01 108 20090201 99999999 290000 1 20140805000000 kaizen 
0004 01 109 20090201 99999999 206000 1 20140805000000 kaizen 
0004 01 121 20090201 99999999 295000 1 20140805000000 kaizen 
0004 01 122 20090201 99999999 266000 1 20140805000000 kaizen 
0004 01 123 20090201 99999999 266000 1 20140805000000 kaizen 
0004 01 124 20090201 99999999 266000 1 20140805000000 kaizen 
0004 01 125 20090201 99999999 266000 1 20140805000000 kaizen 
0004 01 201 20090201 20130930 329000 1 20140805000000 kaizen 
0004 01 201 20131001 99999999 300000 1 20140805000000 kaizen
0004 01 202 20090201 99999999 311000 1 20140805000000 kaizen 
0004 01 203 20090201 99999999 301000 1 20140805000000 kaizen 
0004 01 204 20090201 99999999 308000 1 20140805000000 kaizen 
0004 01 205 20090201 99999999 228000 1 20140805000000 kaizen 
0004 01 206 20090201 99999999 311000 1 20140805000000 kaizen 
0004 01 207 20090201 99999999 311000 1 20140805000000 kaizen 
0004 01 208 20090201 99999999 311000 1 20140805000000 kaizen 
0004 01 209 20090201 99999999 228000 1 20140805000000 kaizen 
0004 01 210 20090201 99999999 228000 1 20140805000000 kaizen 
0004 01 211 20090201 99999999 359000 1 20140805000000 kaizen 
0004 01 212 20090201 99999999 265000 1 20140805000000 kaizen 
0004 01 213 20090201 99999999 265000 1 20140805000000 kaizen 
0004 01 214 20090201 99999999 265000 1 20140805000000 kaizen 
0004 01 215 20090201 99999999 264000 1 20140805000000 kaizen 
0004 01 216 20090201 99999999 222000 1 20140805000000 kaizen 
0004 01 217 20090201 99999999 218000 1 20140805000000 kaizen 
0004 01 218 20090201 99999999 211000 1 20140805000000 kaizen 
0004 01 219 20090201 99999999 213000 1 20140805000000 kaizen 
0004 01 220 20090201 99999999 211000 1 20140805000000 kaizen 
0004 01 221 20090201 99999999 309000 1 20140805000000 kaizen 
0004 01 222 20090201 99999999 275000 1 20140805000000 kaizen 
0004 01 223 20090201 99999999 275000 1 20140805000000 kaizen 
0004 01 224 20090201 99999999 275000 1 20140805000000 kaizen 
0004 01 225 20090201 99999999 274000 1 20140805000000 kaizen 
0004 01 229 20090201 99999999 302000 1 20140805000000 kaizen 
0004 01 230 20090201 99999999 302000 1 20140805000000 kaizen 
0004 01 231 20090201 99999999 353000 1 20140805000000 kaizen 
0004 01 232 20090201 99999999 227000 1 20140805000000 kaizen 
0004 01 233 20090201 99999999 387000 1 20140805000000 kaizen 
0004 01 301 20090201 99999999 345000 1 20140805000000 kaizen 
0004 01 302 20090201 99999999 327000 1 20140805000000 kaizen 
0004 01 303 20090201 99999999 319000 1 20140805000000 kaizen 
0004 01 304 20090201 99999999 327000 1 20140805000000 kaizen 
0004 01 305 20090201 99999999 239000 1 20140805000000 kaizen 
0004 01 306 20090201 99999999 327000 1 20140805000000 kaizen 
0004 01 307 20090201 99999999 327000 1 20140805000000 kaizen 
0004 01 308 20090201 99999999 327000 1 20140805000000 kaizen 
0004 01 309 20090201 99999999 239000 1 20140805000000 kaizen 
0004 01 310 20090201 99999999 239000 1 20140805000000 kaizen 
0004 01 312 20090201 99999999 470000 1 20140805000000 kaizen 
0004 01 313 20090201 20130228 284000 1 20140805000000 kaizen 
0004 01 313 20130301 99999999 246962 1 20140805000000 kaizen 
0004 01 314 20090201 99999999 284000 1 20140805000000 kaizen 
0004 01 315 20090201 99999999 284000 1 20140805000000 kaizen 
0004 01 316 20090201 99999999 239000 1 20140805000000 kaizen 
0004 01 317 20090201 99999999 239000 1 20140805000000 kaizen 
0004 01 318 20090201 99999999 239000 1 20140805000000 kaizen 
0004 01 319 20090201 99999999 239000 1 20140805000000 kaizen 
0004 01 320 20090201 99999999 239000 1 20140805000000 kaizen 
0004 01 321 20090201 99999999 324000 1 20140805000000 kaizen 
0004 01 322 20090201 99999999 288000 1 20140805000000 kaizen 
0004 01 323 20090201 99999999 288000 1 20140805000000 kaizen 
0004 01 324 20090201 99999999 288000 1 20140805000000 kaizen 
0004 01 325 20090201 99999999 288000 1 20140805000000 kaizen 
0004 01 326 20090201 99999999 239000 1 20140805000000 kaizen 
0004 01 327 20090201 99999999 239000 1 20140805000000 kaizen 
0004 01 328 20090201 99999999 239000 1 20140805000000 kaizen 
0004 01 329 20090201 99999999 317000 1 20140805000000 kaizen 
0004 01 330 20090201 99999999 317000 1 20140805000000 kaizen 
0004 01 331 20090201 99999999 370000 1 20140805000000 kaizen 
0004 01 332 20090201 99999999 243000 1 20140805000000 kaizen 
0004 01 333 20090201 99999999 406000 1 20140805000000 kaizen 
0005 01 101 20071101 99999999 262000 1 20140805000000 kaizen 
0005 01 102 20071101 99999999 228000 1 20140805000000 kaizen 
0005 01 103 20071101 99999999 228000 1 20140805000000 kaizen 
0005 01 104 20071101 99999999 228000 1 20140805000000 kaizen 
0005 01 105 20071101 99999999 225000 1 20140805000000 kaizen 
0005 01 201 20071101 99999999 289000 1 20140805000000 kaizen 
0005 01 202 20071101 99999999 233000 1 20140805000000 kaizen 
0005 01 203 20071101 99999999 239000 1 20140805000000 kaizen 
0005 01 204 20071101 99999999 236000 1 20140805000000 kaizen 
0005 01 205 20071101 99999999 233000 1 20140805000000 kaizen 
0005 01 206 20071101 99999999 237000 1 20140805000000 kaizen 
0005 01 207 20071101 99999999 239000 1 20140805000000 kaizen 
0005 01 208 20071101 99999999 289000 1 20140805000000 kaizen 
0005 01 209 20071101 99999999 176000 1 20140805000000 kaizen 
0005 01 212 20071101 99999999 178000 1 20140805000000 kaizen 
0005 01 213 20071101 99999999 176000 1 20140805000000 kaizen 
0005 01 214 20071101 99999999 194000 1 20140805000000 kaizen 
0005 01 301 20071101 99999999 303000 1 20140805000000 kaizen 
0005 01 302 20071101 99999999 243000 1 20140805000000 kaizen 
0005 01 303 20071101 99999999 247000 1 20140805000000 kaizen 
0005 01 304 20071101 99999999 251000 1 20140805000000 kaizen 
0005 01 305 20071101 99999999 247000 1 20140805000000 kaizen 
0005 01 306 20071101 99999999 251000 1 20140805000000 kaizen 
0005 01 307 20071101 99999999 251000 1 20140805000000 kaizen 
0005 01 308 20071101 99999999 300000 1 20140805000000 kaizen 
0005 01 309 20071101 99999999 189000 1 20140805000000 kaizen 
0005 01 310 20071101 99999999 192000 1 20140805000000 kaizen 
0005 01 311 20071101 99999999 189000 1 20140805000000 kaizen 
0005 01 312 20071101 99999999 187000 1 20140805000000 kaizen 
0005 01 313 20071101 99999999 187000 1 20140805000000 kaizen 
0005 01 314 20071101 99999999 211000 1 20140805000000 kaizen 
0005 01 401 20071101 99999999 325000 1 20140805000000 kaizen 
0005 01 402 20071101 99999999 263000 1 20140805000000 kaizen 
0005 01 403 20071101 99999999 263000 1 20140805000000 kaizen 
0005 01 404 20071101 99999999 263000 1 20140805000000 kaizen 
0005 01 405 20071101 99999999 263000 1 20140805000000 kaizen 
0005 01 406 20071101 99999999 263000 1 20140805000000 kaizen 
0005 01 407 20071101 99999999 263000 1 20140805000000 kaizen 
0005 01 408 20071101 99999999 321000 1 20140805000000 kaizen 
0005 01 409 20071101 99999999 201000 1 20140805000000 kaizen 
0005 01 410 20071101 99999999 201000 1 20140805000000 kaizen 
0005 01 411 20071101 99999999 198000 1 20140805000000 kaizen 
0005 01 412 20071101 99999999 196000 1 20140805000000 kaizen 
0005 01 413 20071101 99999999 198000 1 20140805000000 kaizen 
0005 01 414 20071101 99999999 220000 1 20140805000000 kaizen 
0006 01 101 20090901 99999999 299000 1 20140805000000 kaizen
0006 01 102 20090901 99999999 240000 1 20140805000000 kaizen
0006 01 103 20090901 99999999 206000 1 20140805000000 kaizen
0006 01 104 20090901 99999999 125000 1 20140805000000 kaizen
0006 01 105 20090901 99999999 143000 1 20140805000000 kaizen
0006 01 106 20090901 99999999 143000 1 20140805000000 kaizen
0006 01 107 20090901 99999999 155000 1 20140805000000 kaizen
0006 01 108 20090901 99999999 182000 1 20140805000000 kaizen
0006 01 109 20090901 20130228 182000 1 20140805000000 kaizen
0006 01 109 20130301 99999999 162000 1 20140805000000 kaizen
0006 01 110 20090901 99999999 188000 1 20140805000000 kaizen
0006 01 111 20090901 99999999 193000 1 20140805000000 kaizen
0006 01 112 20090901 99999999 215000 1 20140805000000 kaizen
0006 01 116 20090901 99999999 199000 1 20140805000000 kaizen
0006 01 201 20090901 99999999 307000 1 20140805000000 kaizen
0006 01 202 20090901 99999999 245000 1 20140805000000 kaizen
0006 01 203 20090901 99999999 219000 1 20140805000000 kaizen
0006 01 204 20090901 99999999 144000 1 20140805000000 kaizen
0006 01 205 20090901 99999999 162000 1 20140805000000 kaizen
0006 01 206 20090901 99999999 162000 1 20140805000000 kaizen
0006 01 207 20090901 99999999 173000 1 20140805000000 kaizen
0006 01 208 20090901 99999999 197000 1 20140805000000 kaizen
0006 01 209 20090901 99999999 197000 1 20140805000000 kaizen
0006 01 210 20090901 99999999 209000 1 20140805000000 kaizen
0006 01 211 20090901 99999999 230000 1 20140805000000 kaizen
0006 01 212 20090901 99999999 269000 1 20140805000000 kaizen
0006 01 213 20090901 99999999 185000 1 20140805000000 kaizen
0006 01 214 20090901 99999999 115000 1 20140805000000 kaizen
0006 01 215 20130801 99999999 113000 1 20140805000000 kaizen
0006 01 216 20090901 99999999 232000 1 20140805000000 kaizen
0006 01 301 20120801 99999999 320000 1 20140805000000 kaizen
0006 01 302 20090901 99999999 252000 1 20140805000000 kaizen
0006 01 303 20090901 99999999 226000 1 20140805000000 kaizen
0006 01 304 20090901 99999999 157000 1 20140805000000 kaizen
0006 01 305 20090901 99999999 170000 1 20140805000000 kaizen
0006 01 306 20090901 99999999 170000 1 20140805000000 kaizen
0006 01 307 20090901 99999999 184000 1 20140805000000 kaizen
0006 01 308 20090901 99999999 211000 1 20140805000000 kaizen
0006 01 309 20090901 20131130 211000 1 20140805000000 kaizen
0006 01 309 20131201 99999999 29000 1 20140805000000 kaizen
0006 01 310 20090901 99999999 224000 1 20140805000000 kaizen
0006 01 311 20090901 99999999 249000 1 20140805000000 kaizen
0006 01 312 20090901 99999999 291000 1 20140805000000 kaizen
0006 01 313 20090901 99999999 198000 1 20140805000000 kaizen
0006 01 314 20090901 99999999 127000 1 20140805000000 kaizen
0006 01 315 20090901 99999999 129000 1 20140805000000 kaizen
0006 01 316 20090901 99999999 240000 1 20140805000000 kaizen
0006 01 401 20090901 99999999 333000 1 20140805000000 kaizen
0006 01 402 20090901 99999999 259000 1 20140805000000 kaizen
0006 01 403 20090901 99999999 232000 1 20140805000000 kaizen
0006 01 404 20090901 20130228 162000 1 20140805000000 kaizen
0006 01 404 20130301 99999999 142000 1 20140805000000 kaizen
0006 01 405 20090901 99999999 175000 1 20140805000000 kaizen
0006 01 406 20090901 99999999 175000 1 20140805000000 kaizen
0006 01 407 20090901 99999999 190000 1 20140805000000 kaizen
0006 01 408 20090901 99999999 217000 1 20140805000000 kaizen
0006 01 409 20090901 99999999 217000 1 20140805000000 kaizen
0006 01 410 20090901 99999999 230000 1 20140805000000 kaizen
0006 01 411 20090901 99999999 257000 1 20140805000000 kaizen
0006 01 412 20090901 99999999 310000 1 20140805000000 kaizen
0006 01 413 20090901 20130228 211000 1 20140805000000 kaizen
0006 01 413 20130301 99999999 181600 1 20140805000000 kaizen
0006 01 414 20090901 99999999 138000 1 20140805000000 kaizen
0006 01 415 20090901 99999999 139000 1 20140805000000 kaizen
0006 01 416 20090901 99999999 254000 1 20140805000000 kaizen
0006 01 502 20090901 99999999 350000 1 20140805000000 kaizen
0006 01 503 20090901 20130228 247000 1 20140805000000 kaizen
0006 01 503 20130301 99999999 210000 1 20140805000000 kaizen
0006 01 504 20090901 99999999 167000 1 20140805000000 kaizen
0006 01 505 20090901 99999999 184000 1 20140805000000 kaizen
0006 01 506 20090901 99999999 184000 1 20140805000000 kaizen
0006 01 507 20090901 99999999 199000 1 20140805000000 kaizen
0006 01 508 20090901 99999999 227000 1 20140805000000 kaizen
0006 01 509 20090901 99999999 227000 1 20140805000000 kaizen
0006 01 510 20090901 99999999 241000 1 20140805000000 kaizen
0006 01 511 20090901 20130531 270000 1 20140805000000 kaizen
0006 01 511 20130601 99999999 245000 1 20140805000000 kaizen
0006 01 512 20090901 99999999 322000 1 20140805000000 kaizen
