000012702015061 00001270 2015 06 16 11 2463 1 10:00 10:59 0070 1 343 0 _ _ 1 20150703120803 78
000012702015061 00001270 2015 06 23 11 2463 1 10:00 10:59 0070 1 343 0 _ _ 1 20150703120803 78
000012702015061 00001270 2015 06 30 11 2463 1 10:00 10:59 0070 1 343 0 _ _ 1 20150703120803 78
000012702015062 00001270 2015 06 01 61 2111 1 10:00 10:59 0073 1 38 0 _ _ 1 20150703120803 78
000012702015062 00001270 2015 06 02 61 2111 1 10:00 10:59 0073 1 38 0 _ _ 1 20150703120803 78
000012702015062 00001270 2015 06 03 61 2111 1 10:00 10:59 0073 1 38 0 _ _ 1 20150703120803 78
000012702015062 00001270 2015 06 04 61 2111 1 10:00 10:59 0073 1 38 0 _ _ 1 20150703120803 78
000012702015062 00001270 2015 06 05 61 2111 1 10:00 10:59 0073 1 38 0 _ _ 1 20150703120803 78
000012702015062 00001270 2015 06 06 61 2111 1 10:00 10:59 0073 1 38 0 _ _ 1 20150703120803 78
000012702015062 00001270 2015 06 07 61 2111 1 10:00 10:59 0073 1 38 0 _ _ 1 20150703120803 78
000012702015062 00001270 2015 06 08 61 2111 1 10:00 10:59 0073 1 38 0 _ _ 1 20150703120803 78
000012702015062 00001270 2015 06 09 61 2111 1 10:00 10:59 0073 1 38 0 _ _ 1 20150703120803 78
000012702015062 00001270 2015 06 10 61 2111 1 10:00 10:59 0073 1 38 0 _ _ 1 20150703120803 78
