00001282 2015 05 02 15:00 15:29 11 9199 0070 11.12 1 182 1 20150724180054 00078
00001282 2015 05 04 10:00 10:29 11 8551 0070 11.12 1 243 1 20150724180054 00078
00001282 2015 05 05 15:00 15:29 11 9199 0070 11.12 1 182 1 20150724180054 00078
00001282 2015 05 08 10:00 10:29 11 8551 0070 11.12 1 243 1 20150724180054 00078
00001282 2015 05 11 14:00 14:29 11 8551 0070 11.12 1 243 1 20150724180054 00078
00001282 2015 05 12 15:00 15:29 11 9199 0070 11.12 1 182 1 20150724180054 00078
00001282 2015 05 15 10:00 10:49 11 8623 0070 11.12 1 384 1 20150724180054 00078
00001282 2015 05 16 15:00 15:29 11 9199 0070 11.12 1 182 1 20150724180054 00078
00001282 2015 05 18 10:00 10:29 11 8551 0070 11.12 1 243 1 20150724180054 00078
00001282 2015 05 19 15:00 15:29 11 9199 0070 11.12 1 182 1 20150724180054 00078
00001282 2015 05 22 10:00 10:29 11 8551 0070 11.12 1 243 1 20150724180054 00078
00001282 2015 05 23 15:00 15:29 11 9199 0070 11.12 1 182 1 20150724180054 00078
00001282 2015 05 25 10:00 10:29 11 8551 0070 11.12 1 243 1 20150724180054 00078
00001282 2015 05 26 15:00 15:29 11 9199 0070 11.12 1 182 1 20150724180054 00078
00001282 2015 05 29 10:00 10:29 11 8551 0070 11.12 1 243 1 20150724180054 00078
