1 00000147 2014 06 11 0070 グランクレール・ケアサービス横浜 1211 身体介護２ 404 0 404 3 1212 0 1212 1212 0 10.84 13138 90 11824 1314 0 n n 0 1 20140701102813 00078
1 00000147 2014 07 11 0070 グランクレール・ケアサービス横浜 1211 身体介護２ 404 0 404 4 1616 0 1616 1616 0 10.84 17517 90 15765 1752 0 n n 0 1 20140731200849 00034
1 00000147 2014 08 11 0070 グランクレール・ケアサービス横浜 1211 身体介護２ 404 0 404 5 2020 0 2020 2020 0 10.84 21896 90 19706 2190 0 n n 0 1 20140831175348 00014
1 00000147 2014 09 11 0070 グランクレール・ケアサービス横浜 1211 身体介護２ 404 0 404 4 1616 0 1616 1616 0 10.84 17517 90 15765 1752 0 n n 0 1 20140930212840 00014
1 00000147 2014 10 11 0070 グランクレール・ケアサービス横浜 1211 身体介護２ 404 0 404 5 2020 0 2020 2020 0 10.84 21896 90 19706 2190 0 n n 0 1 20141101113547 00034
1 00000147 2014 11 11 0070 グランクレール・ケアサービス横浜 1211 身体介護２ 404 0 404 4 1616 0 1616 1616 0 10.84 17517 90 15765 1752 0 n n 0 1 20141130202300 00034
1 00000147 2014 12 11 0070 グランクレール・ケアサービス横浜 1211 身体介護２ 404 0 404 4 1616 0 1616 1616 0 10.84 17517 90 15765 1752 0 n n 0 1 20141210165951 00014
2 00000147 2014 06 11 0070 グランクレール・ケアサービス横浜 5111 身体２生活１ 474 0 474 3 1422 0 1422 1422 0 10.84 15414 90 13872 1542 0 n n 0 1 20140701102813 00078
2 00000147 2014 07 11 0070 グランクレール・ケアサービス横浜 5111 身体２生活１ 474 0 474 5 2370 0 2370 2370 0 10.84 25690 90 23121 2569 0 n n 0 1 20140731200849 00034
2 00000147 2014 08 11 0070 グランクレール・ケアサービス横浜 5111 身体２生活１ 474 0 474 4 1896 0 1896 1896 0 10.84 20552 90 18496 2056 0 n n 0 1 20140831175348 00014
2 00000147 2014 09 11 0070 グランクレール・ケアサービス横浜 5111 身体２生活１ 474 0 474 5 2370 0 2370 2370 0 10.84 25690 90 23121 2569 0 n n 0 1 20140930212840 00014
2 00000147 2014 10 11 0070 グランクレール・ケアサービス横浜 5111 身体２生活１ 474 0 474 4 1896 0 1896 1896 0 10.84 20552 90 18496 2056 0 n n 0 1 20141101113547 00034
2 00000147 2014 11 11 0070 グランクレール・ケアサービス横浜 5111 身体２生活１ 474 0 474 4 1896 0 1896 1896 0 10.84 20552 90 18496 2056 0 n n 0 1 20141130202300 00034
2 00000147 2014 12 11 0070 グランクレール・ケアサービス横浜 5111 身体２生活１ 474 0 474 5 2370 0 2370 2370 0 10.84 25690 90 23121 2569 0 n n 0 1 20141210165951 00014
3 00000147 2014 06 11 0070 グランクレール・ケアサービス横浜 6271 訪問介護処遇改善加算Ⅰ 105 0 105 1 105 105 0.04 105 0 10.84 1138 90 1024 114 0 a g 0 1 20140701102813 00078
3 00000147 2014 07 11 0070 グランクレール・ケアサービス横浜 6271 訪問介護処遇改善加算Ⅰ 159 0 159 1 159 159 0.04 159 0 10.84 1723 90 1550 173 0 a g 0 1 20140731200849 00034
3 00000147 2014 08 11 0070 グランクレール・ケアサービス横浜 6271 訪問介護処遇改善加算Ⅰ 157 0 157 1 157 157 0.04 157 0 10.84 1701 90 1530 171 0 a g 0 1 20140831175348 00014
3 00000147 2014 09 11 0070 グランクレール・ケアサービス横浜 6271 訪問介護処遇改善加算Ⅰ 159 0 159 1 159 159 0.04 159 0 10.84 1723 90 1550 173 0 a g 0 1 20140930212840 00014
3 00000147 2014 10 11 0070 グランクレール・ケアサービス横浜 6271 訪問介護処遇改善加算Ⅰ 157 0 157 1 157 157 0.04 157 0 10.84 1701 90 1530 171 0 a g 0 1 20141101113547 00034
3 00000147 2014 11 11 0070 グランクレール・ケアサービス横浜 6271 訪問介護処遇改善加算Ⅰ 140 0 140 1 140 140 0.04 140 0 10.84 1517 90 1365 152 0 a g 0 1 20141130202300 00034
3 00000147 2014 12 11 0070 グランクレール・ケアサービス横浜 6271 訪問介護処遇改善加算Ⅰ 159 0 159 1 159 159 0.04 159 0 10.84 1723 90 1550 173 0 a g 0 1 20141210165951 00014
