1 00000046 2012 04 11 0070 グランクレール・ケアサービス横浜 1311 身体介護３ 584 0 584 2 1168 0 1168 1168 0 10.84 12661 90 11394 1267 0 n n 0 1 20140804134507 00034
1 00000046 2012 05 11 0070 グランクレール・ケアサービス横浜 1311 身体介護３ 584 0 584 2 1168 0 1168 1168 0 10.84 12661 90 11394 1267 0 n n 0 1 20140804135103 00034
1 00000046 2012 06 11 0070 グランクレール・ケアサービス横浜 1311 身体介護３ 584 0 584 2 1168 0 1168 1168 0 10.84 12661 90 11394 1267 0 n n 0 1 20140804141454 00034
1 00000046 2012 07 11 0070 グランクレール・ケアサービス横浜 1311 身体介護３ 584 0 584 2 1168 0 1168 1168 0 10.84 12661 90 11394 1267 0 n n 0 1 20140804141720 00034
1 00000046 2012 08 11 0070 グランクレール・ケアサービス横浜 1311 身体介護３ 584 0 584 3 1752 0 1752 1752 0 10.84 18991 90 17091 1900 0 n n 0 1 20140804142132 00034
1 00000046 2012 09 11 0070 グランクレール・ケアサービス横浜 1311 身体介護３ 584 0 584 2 1168 0 1168 1168 0 10.84 12661 90 11394 1267 0 n n 0 1 20140804142544 00034
1 00000046 2012 10 11 0070 グランクレール・ケアサービス横浜 1311 身体介護３ 584 0 584 2 1168 0 1168 1168 0 10.84 12661 90 11394 1267 0 n n 0 1 20140804143103 00034
1 00000046 2012 11 11 0070 グランクレール・ケアサービス横浜 1311 身体介護３ 584 0 584 2 1168 0 1168 1168 0 10.84 12661 90 11394 1267 0 n n 0 1 20140804143623 00034
1 00000046 2012 12 11 0070 グランクレール・ケアサービス横浜 1311 身体介護３ 584 0 584 2 1168 0 1168 1168 0 10.84 12661 90 11394 1267 0 n n 0 1 20140804144020 00034
1 00000046 2013 01 11 0070 グランクレール・ケアサービス横浜 1311 身体介護３ 584 0 584 2 1168 0 1168 1168 0 10.84 12661 90 11394 1267 0 n n 0 1 20140722181600 00034
1 00000046 2013 02 11 0070 グランクレール・ケアサービス横浜 1311 身体介護３ 584 0 584 2 1168 0 1168 1168 0 10.84 12661 90 11394 1267 0 n n 0 1 20140722182346 00034
1 00000046 2013 03 11 0070 グランクレール・ケアサービス横浜 1311 身体介護３ 584 0 584 2 1168 0 1168 1168 0 10.84 12661 90 11394 1267 0 n n 0 1 20140722182730 00034
1 00000046 2013 04 11 0070 グランクレール・ケアサービス横浜 1311 身体介護３ 584 0 584 2 1168 0 1168 1168 0 10.84 12661 90 11394 1267 0 n n 0 1 20140722183024 00034
1 00000046 2013 05 11 0070 グランクレール・ケアサービス横浜 1311 身体介護３ 584 0 584 2 1168 0 1168 1168 0 10.84 12661 90 11394 1267 0 n n 0 1 20140722183406 00034
1 00000046 2013 06 11 0070 グランクレール・ケアサービス横浜 1311 身体介護３ 584 0 584 2 1168 0 1168 1168 0 10.84 12661 90 11394 1267 0 n n 0 1 20140722183702 00034
1 00000046 2013 07 11 0070 グランクレール・ケアサービス横浜 1311 身体介護３ 584 0 584 2 1168 0 1168 1168 0 10.84 12661 90 11394 1267 0 n n 0 1 20140722184317 00034
1 00000046 2013 08 11 0070 グランクレール・ケアサービス横浜 1311 身体介護３ 584 0 584 2 1168 0 1168 1168 0 10.84 12661 90 11394 1267 0 n n 0 1 20140722185000 00034
1 00000046 2013 09 11 0070 グランクレール・ケアサービス横浜 1311 身体介護３ 584 0 584 2 1168 0 1168 1168 0 10.84 12661 90 11394 1267 0 n n 0 1 20140625183808 00034
1 00000046 2013 10 11 0070 グランクレール・ケアサービス横浜 1311 身体介護３ 584 0 584 2 1168 0 1168 1168 0 10.84 12661 90 11394 1267 0 n n 0 1 20140625184505 00034
1 00000046 2013 11 11 0070 グランクレール・ケアサービス横浜 1311 身体介護３ 584 0 584 1 584 0 584 584 0 10.84 6330 90 5697 633 0 n n 0 1 20140625185339 00034
1 00000046 2013 12 11 0070 グランクレール・ケアサービス横浜 1311 身体介護３ 584 0 584 2 1168 0 1168 1168 0 10.84 12661 90 11394 1267 0 n n 0 1 20140625185712 00034
1 00000046 2014 01 11 0070 グランクレール・ケアサービス横浜 1311 身体介護３ 584 0 584 2 1168 0 1168 1168 0 10.84 12661 90 11394 1267 0 n n 0 1 20140611180253 00034
1 00000046 2014 02 11 0070 グランクレール・ケアサービス横浜 1311 身体介護３ 584 0 584 2 1168 0 1168 1168 0 10.84 12661 90 11394 1267 0 n n 0 1 20140611181331 00034
1 00000046 2014 03 11 0070 グランクレール・ケアサービス横浜 1311 身体介護３ 584 0 584 2 1168 0 1168 1168 0 10.84 12661 90 11394 1267 0 n n 0 1 20140611181942 00034
1 00000046 2014 04 11 0070 グランクレール・ケアサービス横浜 1311 身体介護３ 587 0 587 2 1174 0 1174 1174 0 10.84 12726 90 11453 1273 0 n n 0 1 20140611182723 00034
1 00000046 2014 05 11 0070 グランクレール・ケアサービス横浜 1311 身体介護３ 587 0 587 2 1174 0 1174 1174 0 10.84 12726 90 11453 1273 0 n n 0 1 20140815172037 00034
1 00000046 2014 06 11 0070 グランクレール・ケアサービス横浜 1311 身体介護３ 587 0 587 1 587 0 587 587 0 10.84 6363 90 5726 637 0 n n 0 1 20140701101255 00034
1 00000046 2014 07 11 0070 グランクレール・ケアサービス横浜 1311 身体介護３ 587 0 587 2 1174 0 1174 1174 0 10.84 12726 90 11453 1273 0 n n 0 1 20140731102608 00035
1 00000046 2014 08 11 0070 グランクレール・ケアサービス横浜 7311 生活援助３ 236 0 236 1 236 0 236 236 0 10.84 2558 90 2302 256 0 n n 0 1 20140808100107 00035
2 00000046 2012 04 11 0070 グランクレール・ケアサービス横浜 6271 訪問介護処遇改善加算Ⅰ 47 0 47 1 47 47 0.04 47 0 10.84 509 90 458 51 0 a g 0 1 20140804134507 00034
2 00000046 2012 05 11 0070 グランクレール・ケアサービス横浜 6271 訪問介護処遇改善加算Ⅰ 47 0 47 1 47 47 0.04 47 0 10.84 509 90 458 51 0 a g 0 1 20140804135103 00034
2 00000046 2012 06 11 0070 グランクレール・ケアサービス横浜 6271 訪問介護処遇改善加算Ⅰ 47 0 47 1 47 47 0.04 47 0 10.84 509 90 458 51 0 a g 0 1 20140804141454 00034
2 00000046 2012 07 11 0070 グランクレール・ケアサービス横浜 6271 訪問介護処遇改善加算Ⅰ 47 0 47 1 47 47 0.04 47 0 10.84 509 90 458 51 0 a g 0 1 20140804141720 00034
2 00000046 2012 08 11 0070 グランクレール・ケアサービス横浜 6271 訪問介護処遇改善加算Ⅰ 70 0 70 1 70 70 0.04 70 0 10.84 758 90 682 76 0 a g 0 1 20140804142132 00034
2 00000046 2012 09 11 0070 グランクレール・ケアサービス横浜 6271 訪問介護処遇改善加算Ⅰ 47 0 47 1 47 47 0.04 47 0 10.84 509 90 458 51 0 a g 0 1 20140804142544 00034
2 00000046 2012 10 11 0070 グランクレール・ケアサービス横浜 6271 訪問介護処遇改善加算Ⅰ 47 0 47 1 47 47 0.04 47 0 10.84 509 90 458 51 0 a g 0 1 20140804143103 00034
2 00000046 2012 11 11 0070 グランクレール・ケアサービス横浜 6271 訪問介護処遇改善加算Ⅰ 47 0 47 1 47 47 0.04 47 0 10.84 509 90 458 51 0 a g 0 1 20140804143623 00034
2 00000046 2012 12 11 0070 グランクレール・ケアサービス横浜 6271 訪問介護処遇改善加算Ⅰ 47 0 47 1 47 47 0.04 47 0 10.84 509 90 458 51 0 a g 0 1 20140804144020 00034
2 00000046 2013 01 11 0070 グランクレール・ケアサービス横浜 6271 訪問介護処遇改善加算Ⅰ 47 0 47 1 47 47 0.04 47 0 10.84 509 90 458 51 0 a g 0 1 20140722181600 00034
2 00000046 2013 02 11 0070 グランクレール・ケアサービス横浜 6271 訪問介護処遇改善加算Ⅰ 47 0 47 1 47 47 0.04 47 0 10.84 509 90 458 51 0 a g 0 1 20140722182346 00034
2 00000046 2013 03 11 0070 グランクレール・ケアサービス横浜 6271 訪問介護処遇改善加算Ⅰ 47 0 47 1 47 47 0.04 47 0 10.84 509 90 458 51 0 a g 0 1 20140722182730 00034
2 00000046 2013 04 11 0070 グランクレール・ケアサービス横浜 6271 訪問介護処遇改善加算Ⅰ 47 0 47 1 47 47 0.04 47 0 10.84 509 90 458 51 0 a g 0 1 20140722183024 00034
2 00000046 2013 05 11 0070 グランクレール・ケアサービス横浜 6271 訪問介護処遇改善加算Ⅰ 47 0 47 1 47 47 0.04 47 0 10.84 509 90 458 51 0 a g 0 1 20140722183406 00034
2 00000046 2013 06 11 0070 グランクレール・ケアサービス横浜 6271 訪問介護処遇改善加算Ⅰ 47 0 47 1 47 47 0.04 47 0 10.84 509 90 458 51 0 a g 0 1 20140722183702 00034
2 00000046 2013 07 11 0070 グランクレール・ケアサービス横浜 6271 訪問介護処遇改善加算Ⅰ 47 0 47 1 47 47 0.04 47 0 10.84 509 90 458 51 0 a g 0 1 20140722184317 00034
2 00000046 2013 08 11 0070 グランクレール・ケアサービス横浜 7311 生活援助３ 235 0 235 4 940 0 940 940 0 10.84 10189 90 9170 1019 0 n n 0 1 20140722185000 00034
2 00000046 2013 09 11 0070 グランクレール・ケアサービス横浜 7311 生活援助３ 235 0 235 4 940 0 940 940 0 10.84 10189 90 9170 1019 0 n n 0 1 20140625183808 00034
2 00000046 2013 10 11 0070 グランクレール・ケアサービス横浜 7311 生活援助３ 235 0 235 5 1175 0 1175 1175 0 10.84 12737 90 11463 1274 0 n n 0 1 20140625184505 00034
2 00000046 2013 11 11 0070 グランクレール・ケアサービス横浜 7311 生活援助３ 235 0 235 4 940 0 940 940 0 10.84 10189 90 9170 1019 0 n n 0 1 20140625185339 00034
2 00000046 2013 12 11 0070 グランクレール・ケアサービス横浜 7311 生活援助３ 235 0 235 4 940 0 940 940 0 10.84 10189 90 9170 1019 0 n n 0 1 20140625185712 00034
2 00000046 2014 01 11 0070 グランクレール・ケアサービス横浜 7311 生活援助３ 235 0 235 4 940 0 940 940 0 10.84 10189 90 9170 1019 0 n n 0 1 20140611180253 00034
2 00000046 2014 02 11 0070 グランクレール・ケアサービス横浜 7311 生活援助３ 235 0 235 4 940 0 940 940 0 10.84 10189 90 9170 1019 0 n n 0 1 20140611181331 00034
2 00000046 2014 03 11 0070 グランクレール・ケアサービス横浜 7311 生活援助３ 235 0 235 4 940 0 940 940 0 10.84 10189 90 9170 1019 0 n n 0 1 20140611181942 00034
2 00000046 2014 04 11 0070 グランクレール・ケアサービス横浜 7311 生活援助３ 236 0 236 5 1180 0 1180 1180 0 10.84 12791 90 11511 1280 0 n n 0 1 20140611182723 00034
2 00000046 2014 05 11 0070 グランクレール・ケアサービス横浜 7311 生活援助３ 236 0 236 4 944 0 944 944 0 10.84 10232 90 9208 1024 0 n n 0 1 20140815172037 00034
2 00000046 2014 06 11 0070 グランクレール・ケアサービス横浜 7311 生活援助３ 236 0 236 4 944 0 944 944 0 10.84 10232 90 9208 1024 0 n n 0 1 20140701101255 00034
2 00000046 2014 07 11 0070 グランクレール・ケアサービス横浜 7311 生活援助３ 236 0 236 5 1180 0 1180 1180 0 10.84 12791 90 11511 1280 0 n n 0 1 20140731102608 00035
2 00000046 2014 08 11 0070 グランクレール・ケアサービス横浜 6271 訪問介護処遇改善加算Ⅰ 9 0 9 1 9 9 0.04 9 0 10.84 97 90 87 10 0 a g 0 1 20140808100107 00035
3 00000046 2013 08 11 0070 グランクレール・ケアサービス横浜 6271 訪問介護処遇改善加算Ⅰ 84 0 84 1 84 84 0.04 84 0 10.84 910 90 819 91 0 a g 0 1 20140722185000 00034
3 00000046 2013 09 11 0070 グランクレール・ケアサービス横浜 6271 訪問介護処遇改善加算Ⅰ 84 0 84 1 84 84 0.04 84 0 10.84 910 90 819 91 0 a g 0 1 20140625183808 00034
3 00000046 2013 10 11 0070 グランクレール・ケアサービス横浜 6271 訪問介護処遇改善加算Ⅰ 94 0 94 1 94 94 0.04 94 0 10.84 1018 90 916 102 0 a g 0 1 20140625184505 00034
3 00000046 2013 11 11 0070 グランクレール・ケアサービス横浜 6271 訪問介護処遇改善加算Ⅰ 61 0 61 1 61 61 0.04 61 0 10.84 661 90 594 67 0 a g 0 1 20140625185339 00034
3 00000046 2013 12 11 0070 グランクレール・ケアサービス横浜 6271 訪問介護処遇改善加算Ⅰ 84 0 84 1 84 84 0.04 84 0 10.84 910 90 819 91 0 a g 0 1 20140625185712 00034
3 00000046 2014 01 11 0070 グランクレール・ケアサービス横浜 6271 訪問介護処遇改善加算Ⅰ 84 0 84 1 84 84 0.04 84 0 10.84 910 90 819 91 0 a g 0 1 20140611180253 00034
3 00000046 2014 02 11 0070 グランクレール・ケアサービス横浜 6271 訪問介護処遇改善加算Ⅰ 84 0 84 1 84 84 0.04 84 0 10.84 910 90 819 91 0 a g 0 1 20140611181331 00034
3 00000046 2014 03 11 0070 グランクレール・ケアサービス横浜 6271 訪問介護処遇改善加算Ⅰ 84 0 84 1 84 84 0.04 84 0 10.84 910 90 819 91 0 a g 0 1 20140611181942 00034
3 00000046 2014 04 11 0070 グランクレール・ケアサービス横浜 6271 訪問介護処遇改善加算Ⅰ 94 0 94 1 94 94 0.04 94 0 10.84 1018 90 916 102 0 a g 0 1 20140611182723 00034
3 00000046 2014 05 11 0070 グランクレール・ケアサービス横浜 6271 訪問介護処遇改善加算Ⅰ 85 0 85 1 85 85 0.04 85 0 10.84 921 90 828 93 0 a g 0 1 20140815172037 00034
3 00000046 2014 06 11 0070 グランクレール・ケアサービス横浜 6271 訪問介護処遇改善加算Ⅰ 61 0 61 1 61 61 0.04 61 0 10.84 661 90 594 67 0 a g 0 1 20140701101255 00034
3 00000046 2014 07 11 0070 グランクレール・ケアサービス横浜 6271 訪問介護処遇改善加算Ⅰ 94 0 94 1 94 94 0.04 94 0 10.84 1018 90 916 102 0 a g 0 1 20140731102608 00035
