000000022011051 00000002 2011 05 07 11 4001 1 09:30 10:29 0070 1 200 0 _ _ 1 20141020184740 63
000000022011052 00000002 2011 05 07 11 7211 1 09:30 10:29 0070 1 229 0 _ _ 1 20141020184740 63
000000022011052 00000002 2011 05 14 11 7211 1 09:30 10:29 0070 1 229 0 _ _ 1 20141020184740 63
000000022011052 00000002 2011 05 21 11 7211 1 09:30 10:29 0070 1 229 0 _ _ 1 20141020184740 63
000000022011052 00000002 2011 05 28 11 7211 1 09:30 10:29 0070 1 229 0 _ _ 1 20141020184740 63
000000022011061 00000002 2011 06 04 11 7211 1 09:30 10:29 0070 1 229 0 _ _ 1 20141020184818 63
000000022011061 00000002 2011 06 11 11 7211 1 09:30 10:29 0070 1 229 0 _ _ 1 20141020184818 63
000000022011061 00000002 2011 06 18 11 7211 1 09:30 10:29 0070 1 229 0 _ _ 1 20141020184818 63
000000022011061 00000002 2011 06 25 11 7211 1 09:30 10:29 0070 1 229 0 _ _ 1 20141020184818 63
000000022011071 00000002 2011 07 02 11 7211 1 09:30 10:29 0070 1 229 0 _ _ 1 20141020184931 63
000000022011071 00000002 2011 07 09 11 7211 1 09:30 10:29 0070 1 229 0 _ _ 1 20141020184931 63
000000022011071 00000002 2011 07 16 11 7211 1 09:30 10:29 0070 1 229 0 _ _ 1 20141020184931 63
000000022011071 00000002 2011 07 23 11 7211 1 09:30 10:29 0070 1 229 0 _ _ 1 20141020184931 63
000000022011071 00000002 2011 07 30 11 7211 1 09:30 10:29 0070 1 229 0 _ _ 1 20141020184931 63
000000022011081 00000002 2011 08 06 11 7211 1 09:30 10:29 0070 1 229 0 _ _ 1 20141020185002 63
000000022011081 00000002 2011 08 13 11 7211 1 09:30 10:29 0070 1 229 0 _ _ 1 20141020185002 63
000000022011081 00000002 2011 08 20 11 7211 1 09:30 10:29 0070 1 229 0 _ _ 1 20141020185002 63
000000022011081 00000002 2011 08 27 11 7211 1 09:30 10:29 0070 1 229 0 _ _ 1 20141020185002 63
000000022011091 00000002 2011 09 03 11 7211 1 09:30 10:29 0070 1 229 0 _ _ 1 20141020185034 63
000000022011091 00000002 2011 09 10 11 7211 1 09:30 10:29 0070 1 229 0 _ _ 1 20141020185034 63
000000022011091 00000002 2011 09 17 11 7211 1 09:30 10:29 0070 1 229 0 _ _ 1 20141020185034 63
000000022011091 00000002 2011 09 24 11 7211 1 09:30 10:29 0070 1 229 0 _ _ 1 20141020185034 63
000000022011101 00000002 2011 10 01 11 7211 1 09:30 10:29 0070 1 229 0 _ _ 1 20141020185049 63
000000022011101 00000002 2011 10 08 11 7211 1 09:30 10:29 0070 1 229 0 _ _ 1 20141020185049 63
000000022011101 00000002 2011 10 15 11 7211 1 09:30 10:29 0070 1 229 0 _ _ 1 20141020185049 63
000000022011101 00000002 2011 10 22 11 7211 1 09:30 10:29 0070 1 229 0 _ _ 1 20141020185049 63
000000022011101 00000002 2011 10 29 11 7211 1 09:30 10:29 0070 1 229 0 _ _ 1 20141020185049 63
000000022011111 00000002 2011 11 05 11 7211 1 09:30 10:29 0070 1 229 0 _ _ 1 20141020185109 63
000000022011111 00000002 2011 11 12 11 7211 1 09:30 10:29 0070 1 229 0 _ _ 1 20141020185109 63
000000022011111 00000002 2011 11 19 11 7211 1 09:30 10:29 0070 1 229 0 _ _ 1 20141020185109 63
000000022011111 00000002 2011 11 26 11 7211 1 09:30 10:29 0070 1 229 0 _ _ 1 20141020185109 63
000000022011121 00000002 2011 12 03 11 7211 1 09:30 10:29 0070 1 229 0 _ _ 1 20141020185152 63
000000022011121 00000002 2011 12 10 11 7211 1 09:30 10:29 0070 1 229 0 _ _ 1 20141020185152 63
000000022011121 00000002 2011 12 17 11 7211 1 09:30 10:29 0070 1 229 0 _ _ 1 20141020185152 63
000000022011121 00000002 2011 12 24 11 7211 1 09:30 10:29 0070 1 229 0 _ _ 1 20141020185152 63
000000022011121 00000002 2011 12 31 11 7211 1 09:30 10:29 0070 1 229 0 _ _ 1 20141020185152 63
000000022012011 00000002 2012 01 07 11 7211 1 09:30 10:29 0070 1 229 0 _ _ 1 20141020185311 63
000000022012011 00000002 2012 01 14 11 7211 1 09:30 10:29 0070 1 229 0 _ _ 1 20141020185311 63
000000022012011 00000002 2012 01 21 11 7211 1 09:30 10:29 0070 1 229 0 _ _ 1 20141020185311 63
000000022012011 00000002 2012 01 28 11 7211 1 09:30 10:29 0070 1 229 0 _ _ 1 20141020185311 63
000000022012021 00000002 2012 02 04 11 7211 1 09:30 10:29 0070 1 229 0 _ _ 1 20141020185337 63
000000022012021 00000002 2012 02 11 11 7211 1 09:30 10:29 0070 1 229 0 _ _ 1 20141020185337 63
000000022012021 00000002 2012 02 18 11 7211 1 09:30 10:29 0070 1 229 0 _ _ 1 20141020185337 63
000000022012022 00000002 2012 02 06 11 1311 1 10:00 11:29 0070 1 584 0 _ _ 1 20141020185337 63
000000022012022 00000002 2012 02 20 11 1311 1 10:00 11:29 0070 1 584 0 _ _ 1 20141020185337 63
000000022012031 00000002 2012 03 03 11 7211 1 09:30 10:29 0070 1 229 0 _ _ 1 20141020185406 63
000000022012031 00000002 2012 03 10 11 7211 1 09:30 10:29 0070 1 229 0 _ _ 1 20141020185406 63
000000022012031 00000002 2012 03 17 11 7211 1 09:30 10:29 0070 1 229 0 _ _ 1 20141020185406 63
000000022012031 00000002 2012 03 24 11 7211 1 09:30 10:29 0070 1 229 0 _ _ 1 20141020185406 63
000000022012031 00000002 2012 03 31 11 7211 1 09:30 10:29 0070 1 229 0 _ _ 1 20141020185406 63
000000022012032 00000002 2012 03 05 11 1311 1 10:00 11:29 0070 1 584 0 _ _ 1 20141020185406 63
000000022012033 00000002 2012 03 05 11 1311 1 10:30 11:59 0070 1 584 0 _ _ 1 20141020185406 63
000000022012033 00000002 2012 03 23 11 1311 1 10:30 11:59 0070 1 584 0 _ _ 1 20141020185406 63
000000022012034 00000002 2012 03 23 11 1311 1 13:30 14:59 0070 1 584 0 _ _ 1 20141020185406 63
000000022012121 00000002 2012 12 08 11 7311 1 09:30 10:29 0070 1 235 0 _ _ 1 20140730171506 24
000000022012121 00000002 2012 12 15 11 7311 1 09:30 10:29 0070 1 235 0 _ _ 1 20140730171506 24
000000022012121 00000002 2012 12 22 11 7311 1 09:30 10:29 0070 1 235 0 _ _ 1 20140730171506 24
000000022012121 00000002 2012 12 29 11 7311 1 09:30 10:29 0070 1 235 0 _ _ 1 20140730171506 24
000000022013011 00000002 2013 01 05 11 7311 1 09:30 10:29 0070 1 235 0 _ _ 1 20140717105012 24
000000022013011 00000002 2013 01 12 11 7311 1 09:30 10:29 0070 1 235 0 _ _ 1 20140717105012 24
000000022013011 00000002 2013 01 19 11 7311 1 09:30 10:29 0070 1 235 0 _ _ 1 20140717105012 24
000000022013012 00000002 2013 01 30 11 1311 1 13:30 14:59 0070 1 584 0 _ _ 1 20140717105012 24
000000022013013 00000002 2013 01 25 11 7311 1 17:00 17:59 0070 1 235 0 _ _ 1 20140717105012 24
000000022013021 00000002 2013 02 02 11 7311 1 09:30 10:29 0070 1 235 0 _ _ 1 20140717110142 24
000000022013021 00000002 2013 02 09 11 7311 1 09:30 10:29 0070 1 235 0 _ _ 1 20140717110142 24
000000022013021 00000002 2013 02 16 11 7311 1 09:30 10:29 0070 1 235 0 _ _ 1 20140717110142 24
000000022013021 00000002 2013 02 23 11 7311 1 09:30 10:29 0070 1 235 0 _ _ 1 20140717110142 24
000000022013022 00000002 2013 02 20 11 1311 1 10:30 11:59 0070 1 584 0 _ _ 1 20140717110142 24
000000022013022 00000002 2013 02 27 11 1311 1 10:30 11:59 0070 1 584 0 _ _ 1 20140717110142 24
000000022013023 00000002 2013 02 13 11 1311 1 10:45 12:14 0070 1 584 0 _ _ 1 20140717110142 24
000000022013031 00000002 2013 03 02 11 7311 1 09:30 10:29 0070 1 235 0 _ _ 1 20140717111634 24
000000022013031 00000002 2013 03 09 11 7311 1 09:30 10:29 0070 1 235 0 _ _ 1 20140717111634 24
000000022013031 00000002 2013 03 16 11 7311 1 09:30 10:29 0070 1 235 0 _ _ 1 20140717111634 24
000000022013031 00000002 2013 03 30 11 7311 1 09:30 10:29 0070 1 235 0 _ _ 1 20140717111634 24
000000022013032 00000002 2013 03 12 11 1311 1 10:30 11:55 0070 1 584 0 _ _ 1 20140717111634 24
000000022013033 00000002 2013 03 05 11 1311 1 10:30 11:59 0070 1 584 0 _ _ 1 20140717111634 24
000000022013033 00000002 2013 03 19 11 1311 1 10:30 11:59 0070 1 584 0 _ _ 1 20140717111634 24
000000022013034 00000002 2013 03 26 11 7311 1 11:00 11:59 0070 1 235 0 _ _ 1 20140717111634 24
000000022013041 00000002 2013 04 13 11 7311 1 09:30 10:29 0070 1 235 0 _ _ 1 20140814145820 24
000000022013041 00000002 2013 04 20 11 7311 1 09:30 10:29 0070 1 235 0 _ _ 1 20140814145820 24
000000022013041 00000002 2013 04 27 11 7311 1 09:30 10:29 0070 1 235 0 _ _ 1 20140814145820 24
000000022013042 00000002 2013 04 02 11 7311 1 10:30 11:29 0070 1 235 0 _ _ 1 20140814145820 24
000000022013043 00000002 2013 04 16 11 1311 1 10:30 11:59 0070 1 584 0 _ _ 1 20140814145820 24
000000022013051 00000002 2013 05 04 11 7311 1 09:30 10:29 0070 1 235 0 _ _ 1 20140717113908 24
000000022013051 00000002 2013 05 11 11 7311 1 09:30 10:29 0070 1 235 0 _ _ 1 20140717113908 24
000000022013051 00000002 2013 05 18 11 7311 1 09:30 10:29 0070 1 235 0 _ _ 1 20140717113908 24
000000022013051 00000002 2013 05 25 11 7311 1 09:30 10:29 0070 1 235 0 _ _ 1 20140717113908 24
000000022013052 00000002 2013 05 07 11 1311 1 10:30 11:59 0070 1 584 0 _ _ 1 20140717113908 24
000000022013052 00000002 2013 05 21 11 1311 1 10:30 11:59 0070 1 584 0 _ _ 1 20140717113908 24
000000022013061 00000002 2013 06 08 11 7311 1 09:20 10:19 0070 1 235 0 _ _ 1 20140717115022 24
000000022013062 00000002 2013 06 01 11 7311 1 09:30 10:29 0070 1 235 0 _ _ 1 20140717115022 24
000000022013062 00000002 2013 06 15 11 7311 1 09:30 10:29 0070 1 235 0 _ _ 1 20140717115022 24
000000022013062 00000002 2013 06 22 11 7311 1 09:30 10:29 0070 1 235 0 _ _ 1 20140717115022 24
000000022013062 00000002 2013 06 29 11 7311 1 09:30 10:29 0070 1 235 0 _ _ 1 20140717115022 24
000000022013063 00000002 2013 06 04 11 1311 1 10:30 11:59 0070 1 584 0 _ _ 1 20140717115022 24
000000022013063 00000002 2013 06 18 11 1311 1 10:30 11:59 0070 1 584 0 _ _ 1 20140717115022 24
000000022013071 00000002 2013 07 06 11 7311 1 09:30 10:29 0070 1 235 0 _ _ 1 20140717120208 24
000000022013071 00000002 2013 07 13 11 7311 1 09:30 10:29 0070 1 235 0 _ _ 1 20140717120208 24
000000022013071 00000002 2013 07 20 11 7311 1 09:30 10:29 0070 1 235 0 _ _ 1 20140717120208 24
000000022013072 00000002 2013 07 26 11 7311 1 10:30 11:29 0070 1 235 0 _ _ 1 20140717120208 24
000000022013073 00000002 2013 07 30 11 7311 1 10:30 11:29 0070 1 235 0 _ _ 1 20140717120208 24
000000022013074 00000002 2013 07 30 11 7311 1 10:30 11:45 0070 1 235 0 _ _ 1 20140717120208 24
000000022013075 00000002 2013 07 02 11 1311 1 10:30 11:59 0070 1 584 0 _ _ 1 20140717120208 24
000000022013081 00000002 2013 08 03 11 7311 1 09:30 10:29 0070 1 235 0 _ _ 1 20140717121400 24
000000022013081 00000002 2013 08 10 11 7311 1 09:30 10:29 0070 1 235 0 _ _ 1 20140717121400 24
000000022013081 00000002 2013 08 17 11 7311 1 09:30 10:29 0070 1 235 0 _ _ 1 20140717121400 24
000000022013081 00000002 2013 08 24 11 7311 1 09:30 10:29 0070 1 235 0 _ _ 1 20140717121400 24
000000022013081 00000002 2013 08 31 11 7311 1 09:30 10:29 0070 1 235 0 _ _ 1 20140717121400 24
000000022013082 00000002 2013 08 06 11 7311 1 10:30 11:29 0070 1 235 0 _ _ 1 20140717121400 24
000000022013083 00000002 2013 08 20 11 1311 1 10:30 11:59 0070 1 584 0 _ _ 1 20140717121400 24
000000022013091 00000002 2013 09 07 11 7311 1 09:30 10:29 0070 1 235 0 _ _ 1 20140814144032 24
000000022013091 00000002 2013 09 14 11 7311 1 09:30 10:29 0070 1 235 0 _ _ 1 20140814144032 24
000000022013091 00000002 2013 09 21 11 7311 1 09:30 10:29 0070 1 235 0 _ _ 1 20140814144032 24
000000022013092 00000002 2013 09 03 11 1311 1 10:30 11:59 0070 1 584 0 _ _ 1 20140814144032 24
000000022013093 00000002 2013 09 30 11 7311 1 15:45 16:45 0070 1 235 0 _ _ 1 20140814144032 24
000000022013094 00000002 2013 09 18 11 7311 1 16:00 17:00 0070 1 235 0 _ _ 1 20140814144032 24
000000022013101 00000002 2013 10 05 11 7311 1 09:30 10:29 0070 1 235 0 _ _ 1 20140625103101 24
000000022013101 00000002 2013 10 12 11 7311 1 09:30 10:29 0070 1 235 0 _ _ 1 20140625103101 24
000000022013101 00000002 2013 10 19 11 7311 1 09:30 10:29 0070 1 235 0 _ _ 1 20140625103101 24
000000022013101 00000002 2013 10 26 11 7311 1 09:30 10:29 0070 1 235 0 _ _ 1 20140625103101 24
000000022013102 00000002 2013 10 01 11 7311 1 10:30 11:29 0070 1 235 0 _ _ 1 20140625103101 24
000000022013103 00000002 2013 10 17 11 1311 1 14:00 15:29 0070 1 584 0 _ _ 1 20140625103101 24
000000022013111 00000002 2013 11 02 11 7311 1 09:30 10:29 0070 1 235 0 _ _ 1 20140625103837 24
000000022013111 00000002 2013 11 09 11 7311 1 09:30 10:29 0070 1 235 0 _ _ 1 20140625103837 24
000000022013111 00000002 2013 11 16 11 7311 1 09:30 10:29 0070 1 235 0 _ _ 1 20140625103837 24
000000022013111 00000002 2013 11 30 11 7311 1 09:30 10:29 0070 1 235 0 _ _ 1 20140625103837 24
000000022013112 00000002 2013 11 05 11 1311 1 10:30 11:59 0070 1 584 0 _ _ 1 20140625103837 24
000000022013112 00000002 2013 11 19 11 1311 1 10:30 11:59 0070 1 584 0 _ _ 1 20140625103837 24
000000022013113 00000002 2013 11 22 11 7311 1 13:30 14:29 0070 1 235 0 _ _ 1 20140625103837 24
000000022013121 00000002 2013 12 27 13 1211 1 09:30 10:29 0031 1 830 0 _ _ 1 20140814121057 24
000000022013122 00000002 2013 12 21 13 1211 1 10:05 11:04 0031 1 830 0 _ _ 1 20140814121057 24
000000022013123 00000002 2013 12 16 13 1211 1 14:00 14:59 0031 1 830 0 _ _ 1 20140814121057 24
000000022013124 00000002 2013 12 24 13 1211 1 16:00 16:59 0031 1 830 0 _ _ 1 20140814121057 24
000000022013126 00000002 2013 12 16 13 4002 1 _ _ 0031 1 300 0 _ _ 1 20140814121057 24
000000022013127 00000002 2013 12 21 11 7311 1 09:10 10:00 0070 1 235 0 _ _ 1 20140814121057 24
000000022013128 00000002 2013 12 07 11 7311 1 09:30 10:29 0070 1 235 0 _ _ 1 20140814121057 24
000000022013128 00000002 2013 12 14 11 7311 1 09:30 10:29 0070 1 235 0 _ _ 1 20140814121057 24
000000022013128 00000002 2013 12 28 11 7311 1 09:30 10:29 0070 1 235 0 _ _ 1 20140814121057 24
