000003622014041 00000362 2014 04 25 15 1241 1 13:30 16:30 0258 1 464 0 _ _ 1 20140618110318 24
000003622014042 00000362 2014 04 25 15 5051 1 _ _ 0258 1 42 0 _ _ 1 20140618110318 24
000003622014043 00000362 2014 04 25 15 5052 1 _ _ 0258 1 50 0 _ _ 1 20140618110318 24
000003622014044 00000362 2014 04 25 15 5606 1 _ _ 0258 1 150 0 _ _ 1 20140618110318 24
000003622014051 00000362 2014 05 02 15 1241 1 13:30 16:30 0258 1 464 0 _ _ 1 20140811174132 24
000003622014051 00000362 2014 05 09 15 1241 1 13:30 16:30 0258 1 464 0 _ _ 1 20140811174132 24
000003622014051 00000362 2014 05 16 15 1241 1 13:30 16:30 0258 1 464 0 _ _ 1 20140811174132 24
000003622014051 00000362 2014 05 23 15 1241 1 13:30 16:30 0258 1 464 0 _ _ 1 20140811174132 24
000003622014051 00000362 2014 05 30 15 1241 1 13:30 16:30 0258 1 464 0 _ _ 1 20140811174132 24
000003622014052 00000362 2014 05 09 15 5051 1 _ _ 0258 1 42 0 _ _ 1 20140811174132 24
000003622014052 00000362 2014 05 16 15 5051 1 _ _ 0258 1 42 0 _ _ 1 20140811174132 24
000003622014052 00000362 2014 05 23 15 5051 1 _ _ 0258 1 42 0 _ _ 1 20140811174132 24
000003622014052 00000362 2014 05 30 15 5051 1 _ _ 0258 1 42 0 _ _ 1 20140811174132 24
000003622014053 00000362 2014 05 02 15 5052 1 _ _ 0258 1 50 0 _ _ 1 20140811174132 24
000003622014053 00000362 2014 05 09 15 5052 1 _ _ 0258 1 50 0 _ _ 1 20140811174132 24
000003622014053 00000362 2014 05 16 15 5052 1 _ _ 0258 1 50 0 _ _ 1 20140811174132 24
000003622014053 00000362 2014 05 23 15 5052 1 _ _ 0258 1 50 0 _ _ 1 20140811174132 24
000003622014053 00000362 2014 05 30 15 5052 1 _ _ 0258 1 50 0 _ _ 1 20140811174132 24
000003622014054 00000362 2014 05 16 15 5606 1 _ _ 0258 1 150 0 _ _ 1 20140811174132 24
000003622014054 00000362 2014 05 30 15 5606 1 _ _ 0258 1 150 0 _ _ 1 20140811174132 24
000003622014061 00000362 2014 06 06 15 1241 1 13:30 16:30 0258 1 464 0 _ _ 1 20140702163736 25
000003622014061 00000362 2014 06 12 15 1241 1 13:30 16:30 0258 1 464 0 _ _ 1 20140702163736 25
000003622014061 00000362 2014 06 19 15 1241 1 13:30 16:30 0258 1 464 0 _ _ 1 20140702163736 25
000003622014061 00000362 2014 06 26 15 1241 1 13:30 16:30 0258 1 464 0 _ _ 1 20140702163736 25
000003622014062 00000362 2014 06 06 15 5051 1 13:30 16:30 0258 1 42 0 _ _ 1 20140702163736 25
000003622014062 00000362 2014 06 12 15 5051 1 13:30 16:30 0258 1 42 0 _ _ 1 20140702163736 25
000003622014062 00000362 2014 06 19 15 5051 1 13:30 16:30 0258 1 42 0 _ _ 1 20140702163736 25
000003622014062 00000362 2014 06 26 15 5051 1 13:30 16:30 0258 1 42 0 _ _ 1 20140702163736 25
000003622014063 00000362 2014 06 06 15 5052 1 13:30 16:30 0258 1 50 0 _ _ 1 20140702163736 25
000003622014063 00000362 2014 06 12 15 5052 1 13:30 16:30 0258 1 50 0 _ _ 1 20140702163736 25
000003622014063 00000362 2014 06 19 15 5052 1 13:30 16:30 0258 1 50 0 _ _ 1 20140702163736 25
000003622014063 00000362 2014 06 26 15 5052 1 13:30 16:30 0258 1 50 0 _ _ 1 20140702163736 25
000003622014064 00000362 2014 06 06 15 5606 1 13:30 16:30 0258 1 150 0 _ _ 1 20140702163736 25
000003622014064 00000362 2014 06 19 15 5606 1 13:30 16:30 0258 1 150 0 _ _ 1 20140702163736 25
000003622014071 00000362 2014 07 03 15 1241 1 13:30 16:30 0258 1 464 0 _ _ 1 20140804180110 25
000003622014071 00000362 2014 07 10 15 1241 1 13:30 16:30 0258 1 464 0 _ _ 1 20140804180110 25
000003622014071 00000362 2014 07 24 15 1241 1 13:30 16:30 0258 1 464 0 _ _ 1 20140804180110 25
000003622014072 00000362 2014 07 03 15 5051 1 _ _ 0258 1 42 0 _ _ 1 20140804180110 25
000003622014072 00000362 2014 07 10 15 5051 1 _ _ 0258 1 42 0 _ _ 1 20140804180110 25
000003622014072 00000362 2014 07 24 15 5051 1 _ _ 0258 1 42 0 _ _ 1 20140804180110 25
000003622014073 00000362 2014 07 03 15 5052 1 _ _ 0258 1 50 0 _ _ 1 20140804180110 25
000003622014073 00000362 2014 07 10 15 5052 1 _ _ 0258 1 50 0 _ _ 1 20140804180110 25
000003622014073 00000362 2014 07 24 15 5052 1 _ _ 0258 1 50 0 _ _ 1 20140804180110 25
000003622014074 00000362 2014 07 03 15 5606 1 _ _ 0258 1 150 0 _ _ 1 20140804180110 25
000003622014074 00000362 2014 07 24 15 5606 1 _ _ 0258 1 150 0 _ _ 1 20140804180110 25
000003622014081 00000362 2014 08 28 15 1241 1 13:30 16:30 0258 1 464 0 _ _ 1 20140904165205 24
000003622014082 00000362 2014 08 28 15 5051 1 _ _ 0258 1 42 0 _ _ 1 20140904165205 24
000003622014083 00000362 2014 08 28 15 5052 1 _ _ 0258 1 50 0 _ _ 1 20140904165205 24
000003622014084 00000362 2014 08 28 15 5606 1 _ _ 0258 1 150 0 _ _ 1 20140904165205 24
000003622014091 00000362 2014 09 04 15 1241 1 13:30 16:30 0258 1 464 0 _ _ 1 20141003172450 25
000003622014091 00000362 2014 09 11 15 1241 1 13:30 16:30 0258 1 464 0 _ _ 1 20141003172450 25
000003622014091 00000362 2014 09 18 15 1241 1 13:30 16:30 0258 1 464 0 _ _ 1 20141003172450 25
000003622014091 00000362 2014 09 25 15 1241 1 13:30 16:30 0258 1 464 0 _ _ 1 20141003172450 25
000003622014092 00000362 2014 09 04 15 5051 1 _ _ 0258 1 42 0 _ _ 1 20141003172450 25
000003622014092 00000362 2014 09 11 15 5051 1 _ _ 0258 1 42 0 _ _ 1 20141003172450 25
000003622014092 00000362 2014 09 18 15 5051 1 _ _ 0258 1 42 0 _ _ 1 20141003172450 25
000003622014092 00000362 2014 09 25 15 5051 1 _ _ 0258 1 42 0 _ _ 1 20141003172450 25
000003622014093 00000362 2014 09 04 15 5052 1 _ _ 0258 1 50 0 _ _ 1 20141003172450 25
000003622014093 00000362 2014 09 11 15 5052 1 _ _ 0258 1 50 0 _ _ 1 20141003172450 25
000003622014093 00000362 2014 09 18 15 5052 1 _ _ 0258 1 50 0 _ _ 1 20141003172450 25
000003622014093 00000362 2014 09 25 15 5052 1 _ _ 0258 1 50 0 _ _ 1 20141003172450 25
000003622014094 00000362 2014 09 04 15 5606 1 _ _ 0258 1 150 0 _ _ 1 20141003172450 25
000003622014094 00000362 2014 09 18 15 5606 1 _ _ 0258 1 150 0 _ _ 1 20141003172450 25
000003622014101 00000362 2014 10 02 15 1241 1 13:30 16:30 0258 1 464 0 _ _ 1 20141105093132 25
000003622014101 00000362 2014 10 09 15 1241 1 13:30 16:30 0258 1 464 0 _ _ 1 20141105093132 25
000003622014101 00000362 2014 10 16 15 1241 1 13:30 16:30 0258 1 464 0 _ _ 1 20141105093132 25
000003622014101 00000362 2014 10 23 15 1241 1 13:30 16:30 0258 1 464 0 _ _ 1 20141105093132 25
000003622014101 00000362 2014 10 30 15 1241 1 13:30 16:30 0258 1 464 0 _ _ 1 20141105093132 25
000003622014102 00000362 2014 10 02 15 5051 1 _ _ 0258 1 42 0 _ _ 1 20141105093132 25
000003622014102 00000362 2014 10 09 15 5051 1 _ _ 0258 1 42 0 _ _ 1 20141105093132 25
000003622014102 00000362 2014 10 16 15 5051 1 _ _ 0258 1 42 0 _ _ 1 20141105093132 25
000003622014102 00000362 2014 10 23 15 5051 1 _ _ 0258 1 42 0 _ _ 1 20141105093132 25
000003622014102 00000362 2014 10 30 15 5051 1 _ _ 0258 1 42 0 _ _ 1 20141105093132 25
000003622014103 00000362 2014 10 02 15 5052 1 _ _ 0258 1 50 0 _ _ 1 20141105093132 25
000003622014103 00000362 2014 10 09 15 5052 1 _ _ 0258 1 50 0 _ _ 1 20141105093132 25
000003622014103 00000362 2014 10 16 15 5052 1 _ _ 0258 1 50 0 _ _ 1 20141105093132 25
000003622014103 00000362 2014 10 23 15 5052 1 _ _ 0258 1 50 0 _ _ 1 20141105093132 25
000003622014103 00000362 2014 10 30 15 5052 1 _ _ 0258 1 50 0 _ _ 1 20141105093132 25
000003622014104 00000362 2014 10 02 15 5606 1 _ _ 0258 1 150 0 _ _ 1 20141105093132 25
000003622014104 00000362 2014 10 16 15 5606 1 _ _ 0258 1 150 0 _ _ 1 20141105093132 25
000003622014105 00000362 2014 10 29 15 2441 1 10:00 17:10 0260 1 695 0 _ _ 1 20141105093132 25
000003622014106 00000362 2014 10 29 15 5051 1 _ _ 0260 1 42 0 _ _ 1 20141105093132 25
000003622014107 00000362 2014 10 29 15 5611 1 _ _ 0260 1 -94 0 _ _ 1 20141105093132 25
000003622014108 00000362 2014 10 01 17 1010 1 _ _ 0037 1 100 0 _ _ 1 20141105093132 25
