00000016 0073 2011 06 1 1 20141017190116 00077
00000016 0073 2011 07 _ 1 20141020101239 00077
00000016 0073 2011 08 _ 1 20141020101641 00077
00000016 0073 2011 09 _ 1 20141020103203 00077
00000016 0073 2011 10 _ 1 20141020103731 00077
00000016 0073 2011 11 _ 1 20141020104028 00077
00000016 0073 2011 12 _ 1 20141020104457 00077
00000016 0073 2012 01 _ 1 20141021102343 00077
00000016 0073 2012 02 _ 1 20141016112603 00077
00000016 0073 2012 03 _ 1 20141016112923 00077
00000016 0073 2012 04 _ 1 20140731151137 00078
00000016 0073 2012 05 _ 1 20140731151520 00078
00000016 0073 2012 06 _ 1 20140731151953 00078
00000016 0073 2012 07 _ 1 20140731152329 00078
00000016 0073 2012 08 _ 1 20140731152641 00078
00000016 0073 2012 09 _ 1 20140731152854 00078
00000016 0073 2012 10 _ 1 20140731153118 00078
00000016 0073 2012 11 _ 1 20140731153517 00078
00000016 0073 2012 12 _ 1 20140731153820 00078
00000016 0073 2013 01 _ 1 20140717170706 00034
00000016 0073 2013 02 _ 1 20140717170958 00034
00000016 0073 2013 03 _ 1 20140717172002 00034
00000016 0073 2013 04 _ 1 20140717172525 00034
00000016 0073 2013 05 _ 1 20140717172758 00034
00000016 0073 2013 06 _ 1 20140717173012 00034
00000016 0073 2013 07 _ 1 20140717173344 00034
00000016 0073 2013 08 _ 1 20140717173618 00034
00000016 0073 2013 09 _ 1 20140625140624 00034
00000016 0073 2013 10 _ 1 20140625141041 00034
00000016 0073 2013 11 _ 1 20140625141549 00034
00000016 0073 2013 12 _ 1 20140625142258 00034
00000016 0073 2014 01 _ 1 20140611115903 00034
00000016 0073 2014 02 _ 1 20140611120402 00034
00000016 0073 2014 03 _ 1 20140611120732 00034
00000016 0073 2014 04 _ 1 20140611121115 00034
00000016 0073 2014 05 _ 1 20140815160830 00034
00000016 0073 2014 06 _ 1 20140701102005 00034
00000016 0073 2014 07 _ 1 20140731130211 00038
00000016 0073 2014 08 _ 1 20140830202433 00038
00000016 0073 2014 09 _ 1 20140930212423 00035
00000016 0073 2014 10 _ 1 20141029204759 00038
00000016 0073 2014 11 _ 1 20141130150822 00038
00000016 0073 2014 12 _ 1 20141206183630 00037
