00000250 2014 05 01 10:30 11:30 61 1321 0107 11.26 1 3889 1 20140819142603 00078
00000250 2014 05 02 10:30 11:30 61 1321 0107 11.26 1 3889 1 20140819142603 00078
00000250 2014 05 04 10:30 11:30 61 1321 0107 11.26 1 3889 1 20140819142603 00078
00000250 2014 05 08 10:30 11:30 61 1321 0107 11.26 1 3889 1 20140819142603 00078
00000250 2014 05 09 10:30 11:30 61 1321 0107 11.26 1 3889 1 20140819142603 00078
00000250 2014 05 11 10:30 11:30 61 1321 0107 11.26 1 3889 1 20140819142603 00078
00000250 2014 05 15 10:30 11:30 61 1321 0107 11.26 1 3889 1 20140819142603 00078
00000250 2014 05 16 10:30 11:30 61 1321 0107 11.26 1 3889 1 20140819142603 00078
00000250 2014 05 18 10:30 11:30 61 1321 0107 11.26 1 3889 1 20140819142603 00078
00000250 2014 05 22 10:30 11:30 61 1321 0107 11.26 1 3889 1 20140819142603 00078
00000250 2014 05 23 10:30 11:30 61 1321 0107 11.26 1 3889 1 20140819142603 00078
00000250 2014 05 25 10:30 11:30 61 1321 0107 11.26 1 3889 1 20140819142603 00078
00000250 2014 05 29 10:30 11:30 61 1321 0107 11.26 1 3889 1 20140819142603 00078
00000250 2014 05 30 10:30 11:30 61 1321 0107 11.26 1 3889 1 20140819142603 00078
