00000096 2013 08 05 11:30 12:30 61 1111 0073 10.84 1 1220 1 20140728112706 00034
00000096 2013 08 19 11:30 12:30 61 1111 0073 10.84 1 1220 1 20140728112706 00034
00000096 2013 09 02 11:30 12:30 61 1111 0073 10.84 1 1220 1 20140630144534 00034
00000096 2013 09 16 11:30 12:30 61 1111 0073 10.84 1 1220 1 20140630144534 00034
00000096 2013 09 30 11:30 12:30 61 1111 0073 10.84 1 1220 1 20140630144534 00034
00000096 2013 10 21 11:30 12:30 61 1111 0073 10.84 1 1220 1 20140630145020 00034
00000096 2013 10 28 11:30 12:30 61 1111 0073 10.84 1 1220 1 20140630145020 00034
00000096 2013 11 11 11:30 12:30 61 1111 0073 10.84 1 1220 1 20140630145759 00034
00000096 2013 11 25 11:30 12:30 61 1111 0073 10.84 1 1220 1 20140630145759 00034
00000096 2013 12 03 11:00 12:00 61 1111 0073 10.84 1 1220 1 20140630150537 00034
00000096 2013 12 17 11:00 12:00 61 1111 0073 10.84 1 1220 1 20140630150537 00034
00000096 2013 12 31 11:00 12:00 61 1111 0073 10.84 1 1220 1 20140630150537 00034
00000096 2014 01 07 11:00 12:00 61 1111 0073 10.84 1 1220 1 20140616145404 00034
00000096 2014 01 21 11:00 12:00 61 1111 0073 10.84 1 1220 1 20140616145404 00034
00000096 2014 02 04 11:00 12:00 61 1111 0073 10.84 1 1220 1 20140616150049 00034
00000096 2014 02 19 11:00 12:00 61 1111 0073 10.84 1 1220 1 20140616150049 00034
00000096 2014 03 04 11:00 12:00 61 1111 0073 10.84 1 1220 1 20140616150625 00034
00000096 2014 03 18 11:00 12:00 61 1111 0073 10.84 1 1220 1 20140616150625 00034
00000096 2014 04 01 11:00 12:00 61 1111 0073 10.84 1 1226 1 20140616151125 00034
00000096 2014 04 15 11:00 12:00 61 1111 0073 10.84 1 1226 1 20140616151125 00034
00000096 2014 04 29 11:00 12:00 61 1111 0073 10.84 1 1226 1 20140616151125 00034
00000096 2014 05 07 10:00 11:00 61 1111 0073 10.84 1 1226 1 20140818144238 00034
00000096 2014 05 20 11:00 12:00 61 1111 0073 10.84 1 1226 1 20140818144238 00034
00000096 2014 06 03 11:00 11:59 61 1111 0073 10.84 1 1226 1 20140701101346 00078
00000096 2014 06 17 11:00 11:59 61 1111 0073 10.84 1 1226 1 20140701101346 00078
00000096 2014 07 01 10:30 11:29 61 1111 0073 10.84 1 1226 1 20140731104723 00035
00000096 2014 07 15 10:30 11:29 61 1111 0073 10.84 1 1226 1 20140731104723 00035
00000096 2014 07 29 10:30 11:29 61 1111 0073 10.84 1 1226 1 20140731104723 00035
