00000096 0073 2013 08 0000024 05 00035 _ 11:30 12:30 _ _ 0 1111 1 61 1 20140728112706 00034
00000096 0073 2013 08 0000025 19 00037 _ 11:30 12:30 _ _ 0 1111 1 61 1 20140728112706 00034
00000096 0073 2013 09 0000012 02 00037 _ 11:30 12:30 _ _ 0 1111 1 61 1 20140630144534 00034
00000096 0073 2013 09 0000013 16 00037 _ 11:30 12:30 _ _ 0 1111 1 61 1 20140630144534 00034
00000096 0073 2013 09 0000014 30 00035 _ 11:30 12:30 _ _ 0 1111 1 61 1 20140630144534 00034
00000096 0073 2013 10 0000015 21 00038 _ 11:30 12:30 _ _ 0 1111 1 61 1 20140630145020 00034
00000096 0073 2013 10 0000016 28 00038 _ 11:30 12:30 _ _ 0 1111 1 61 1 20140630145020 00034
00000096 0073 2013 11 0000017 11 00038 _ 11:30 12:30 _ _ 0 1111 1 61 1 20140630145759 00034
00000096 0073 2013 11 0000018 25 00037 _ 11:30 12:30 _ _ 0 1111 1 61 1 20140630145759 00034
00000096 0073 2013 12 0000019 03 00038 _ 11:00 12:00 _ _ 0 1111 1 61 1 20140630150537 00034
00000096 0073 2013 12 0000020 17 00035 _ 11:00 12:00 _ _ 0 1111 1 61 1 20140630150537 00034
00000096 0073 2013 12 0000021 31 00035 _ 11:00 12:00 _ _ 0 1111 1 61 1 20140630150537 00034
00000096 0073 2014 01 0000002 07 00037 _ 11:00 12:00 _ _ 0 1111 1 61 1 20140616145404 00034
00000096 0073 2014 01 0000003 21 00035 _ 11:00 12:00 _ _ 0 1111 1 61 1 20140616145404 00034
00000096 0073 2014 02 0000004 04 00045 _ 11:00 12:00 _ _ 0 1111 1 61 1 20140616150049 00034
00000096 0073 2014 02 0000005 19 00035 _ 11:00 12:00 _ _ 0 1111 1 61 1 20140616150049 00034
00000096 0073 2014 03 0000006 04 00038 _ 11:00 12:00 _ _ 0 1111 1 61 1 20140616150625 00034
00000096 0073 2014 03 0000007 18 00045 _ 11:00 12:00 _ _ 0 1111 1 61 1 20140616150625 00034
00000096 0073 2014 04 0000008 01 00045 _ 11:00 12:00 _ _ 0 1111 1 61 1 20140616151125 00034
00000096 0073 2014 04 0000009 15 00035 _ 11:00 12:00 _ _ 0 1111 1 61 1 20140616151125 00034
00000096 0073 2014 04 0000010 29 00038 _ 11:00 12:00 _ _ 0 1111 1 61 1 20140616151125 00034
00000096 0073 2014 05 0000011 07 00045 _ 10:00 11:00 _ _ 0 1111 1 61 1 20140818144238 00034
00000096 0073 2014 05 0000026 20 00045 _ 11:00 12:00 _ _ 0 1111 1 61 1 20140818144238 00034
00000096 0073 2014 06 0000002 03 00038 _ 11:00 11:59 2 _ 0 1111 1 61 1 20140701101346 00078
00000096 0073 2014 06 0000003 17 00045 _ 11:00 11:59 2 _ 0 1111 1 61 1 20140701101346 00078
00000096 0073 2014 07 0000004 01 00045 _ 10:30 11:29 2 _ 0 1111 1 61 1 20140731104723 00035
00000096 0073 2014 07 0000005 15 00037 _ 10:30 11:29 2 _ 0 1111 1 61 1 20140731104723 00035
00000096 0073 2014 07 0000006 29 00045 _ 10:30 11:29 2 _ 0 1111 1 61 1 20140731104723 00035
00000096 0073 2014 08 0000007 05 00037 _ 10:30 11:29 2 _ 0 1111 1 61 1 20140819153544 00037
00000096 0073 2014 08 0000008 19 00037 _ 10:30 11:29 2 _ 0 1111 1 61 1 20140819153544 00037
