1 00000201 2011 03 11 0029 グランクレール・ケアサービス馬事公苑 1211 身体介護２ 402 0 402 11 4422 0 4422 4422 0 11.26 49791 90 44811 4980 0 n n 0 1 20141128135315 00078
1 00000202 2011 03 11 0029 グランクレール・ケアサービス馬事公苑 1111 身体介護１ 254 0 254 81 20574 0 20574 20574 0 11.26 231663 90 208496 23167 0 n n 0 1 20141126174117 00078
1 00000203 2011 03 11 0029 グランクレール・ケアサービス馬事公苑 1111 身体介護１ 254 0 254 26 6604 0 6604 6604 0 11.26 74361 90 66924 7437 0 n n 0 1 20141201182740 00078
1 00000204 2011 03 11 0029 グランクレール・ケアサービス馬事公苑 1111 身体介護１ 254 0 254 35 8890 0 8890 8890 0 11.26 100101 90 90090 10011 0 n n 0 1 20141201184019 00078
1 00000205 2011 03 11 0029 グランクレール・ケアサービス馬事公苑 1311 身体介護３ 584 0 584 3 1752 0 1752 1752 0 11.26 19727 90 17754 1973 0 n n 0 1 20141201184421 00078
1 00000206 2011 03 11 0029 グランクレール・ケアサービス馬事公苑 1211 身体介護２ 402 0 402 8 3216 0 3216 3216 0 11.26 36212 90 32590 3622 0 n n 0 1 20141201185108 00078
1 00000208 2011 03 11 0029 グランクレール・ケアサービス馬事公苑 1211 身体介護２ 402 0 402 3 1206 0 1206 1206 0 11.26 13579 90 12221 1358 0 n n 0 1 20141201185647 00078
1 00000210 2011 03 11 0029 グランクレール・ケアサービス馬事公苑 7211 生活援助２ 229 0 229 1 229 0 229 229 0 11.26 2578 90 2320 258 0 n n 0 1 20141201190005 00078
2 00000201 2011 03 11 0029 グランクレール・ケアサービス馬事公苑 7211 生活援助２ 229 0 229 6 1374 0 1374 1374 0 11.26 15471 90 13923 1548 0 n n 0 1 20141128135315 00078
2 00000202 2011 03 11 0029 グランクレール・ケアサービス馬事公苑 1112 身体介護１・夜 318 0 318 32 10176 0 10176 10176 0 11.26 114581 90 103122 11459 0 n n 0 1 20141126174117 00078
2 00000203 2011 03 11 0029 グランクレール・ケアサービス馬事公苑 1112 身体介護１・夜 318 0 318 26 8268 0 8268 8268 0 11.26 93097 90 83787 9310 0 n n 0 1 20141201182740 00078
2 00000204 2011 03 11 0029 グランクレール・ケアサービス馬事公苑 1112 身体介護１・夜 318 0 318 31 9858 0 9858 9858 0 11.26 111001 90 99900 11101 0 n n 0 1 20141201184019 00078
2 00000205 2011 03 11 0029 グランクレール・ケアサービス馬事公苑 7211 生活援助２ 229 0 229 3 687 0 687 687 0 11.26 7735 90 6961 774 0 n n 0 1 20141201184421 00078
2 00000206 2011 03 11 0029 グランクレール・ケアサービス馬事公苑 7211 生活援助２ 229 0 229 2 458 0 458 458 0 11.26 5157 90 4641 516 0 n n 0 1 20141201185108 00078
3 00000202 2011 03 11 0029 グランクレール・ケアサービス馬事公苑 1221 身体介護２・２人 804 0 804 11 8844 0 8844 5080 3764 11.26 57200 90 51480 5720 42383 n n 0 1 20141126174117 00078
3 00000203 2011 03 11 0029 グランクレール・ケアサービス馬事公苑 4111 身体１生活１ 337 0 337 35 11795 0 11795 11795 0 11.26 132811 90 119529 13282 0 n n 0 1 20141201182740 00078
3 00000204 2011 03 11 0029 グランクレール・ケアサービス馬事公苑 1211 身体介護２ 402 0 402 9 3618 0 3618 732 2886 11.26 8242 90 7417 825 32496 n n 0 1 20141201184019 00078
3 00000205 2011 03 11 0029 グランクレール・ケアサービス馬事公苑 7311 生活援助３ 291 0 291 1 291 0 291 291 0 11.26 3276 90 2948 328 0 n n 0 1 20141201184421 00078
3 00000206 2011 03 11 0029 グランクレール・ケアサービス馬事公苑 7311 生活援助３ 291 0 291 6 1746 0 1746 1746 0 11.26 19659 90 17693 1966 0 n n 0 1 20141201185108 00078
4 00000204 2011 03 11 0029 グランクレール・ケアサービス馬事公苑 4111 身体１生活１ 337 0 337 6 2022 0 2022 0 2022 11.26 0 90 0 0 22767 n n 0 1 20141201184019 00078
