00000064 20120518 KihonCheckCheckList01 0 1 201405230000 IKOU
00000064 20120518 KihonCheckCheckList02 0 1 201405230000 IKOU
00000064 20120518 KihonCheckCheckList03 0 1 201405230000 IKOU
00000064 20120518 KihonCheckCheckList04 0 1 201405230000 IKOU
00000064 20120518 KihonCheckCheckList05 0 1 201405230000 IKOU
00000064 20120518 KihonCheckCheckList06 2 1 201405230000 IKOU
00000064 20120518 KihonCheckCheckList07 2 1 201405230000 IKOU
00000064 20120518 KihonCheckCheckList08 0 1 201405230000 IKOU
00000064 20120518 KihonCheckCheckList09 0 1 201405230000 IKOU
00000064 20120518 KihonCheckCheckList10 2 1 201405230000 IKOU
00000064 20120518 KihonCheckCheckList11 3 1 201405230000 IKOU
00000064 20120518 KihonCheckCheckList12 0 1 201405230000 IKOU
00000064 20120518 KihonCheckCheckList13 4 1 201405230000 IKOU
00000064 20120518 KihonCheckCheckList14 4 1 201405230000 IKOU
00000064 20120518 KihonCheckCheckList15 0 1 201405230000 IKOU
00000064 20120518 KihonCheckCheckList16 5 1 201405230000 IKOU
00000064 20120518 KihonCheckCheckList17 0 1 201405230000 IKOU
00000064 20120518 KihonCheckCheckList18 0 1 201405230000 IKOU
00000064 20120518 KihonCheckCheckList19 6 1 201405230000 IKOU
00000064 20120518 KihonCheckCheckList20 7 1 201405230000 IKOU
00000064 20120518 KihonCheckCheckList21 0 1 201405230000 IKOU
00000064 20120518 KihonCheckCheckList22 0 1 201405230000 IKOU
00000064 20120518 KihonCheckCheckList23 0 1 201405230000 IKOU
00000064 20120518 KihonCheckCheckList24 0 1 201405230000 IKOU
00000064 20121001 KihonCheckCheckList01 0 1 201405230000 IKOU
00000064 20121001 KihonCheckCheckList02 0 1 201405230000 IKOU
00000064 20121001 KihonCheckCheckList03 0 1 201405230000 IKOU
00000064 20121001 KihonCheckCheckList04 0 1 201405230000 IKOU
00000064 20121001 KihonCheckCheckList05 0 1 201405230000 IKOU
00000064 20121001 KihonCheckCheckList06 2 1 201405230000 IKOU
00000064 20121001 KihonCheckCheckList07 0 1 201405230000 IKOU
00000064 20121001 KihonCheckCheckList08 0 1 201405230000 IKOU
00000064 20121001 KihonCheckCheckList09 0 1 201405230000 IKOU
00000064 20121001 KihonCheckCheckList10 2 1 201405230000 IKOU
00000064 20121001 KihonCheckCheckList11 0 1 201405230000 IKOU
00000064 20121001 KihonCheckCheckList12 0 1 201405230000 IKOU
00000064 20121001 KihonCheckCheckList13 4 1 201405230000 IKOU
00000064 20121001 KihonCheckCheckList14 0 1 201405230000 IKOU
00000064 20121001 KihonCheckCheckList15 0 1 201405230000 IKOU
00000064 20121001 KihonCheckCheckList16 5 1 201405230000 IKOU
00000064 20121001 KihonCheckCheckList17 0 1 201405230000 IKOU
00000064 20121001 KihonCheckCheckList18 0 1 201405230000 IKOU
00000064 20121001 KihonCheckCheckList19 6 1 201405230000 IKOU
00000064 20121001 KihonCheckCheckList20 0 1 201405230000 IKOU
00000064 20121001 KihonCheckCheckList21 0 1 201405230000 IKOU
00000064 20121001 KihonCheckCheckList22 0 1 201405230000 IKOU
00000064 20121001 KihonCheckCheckList23 0 1 201405230000 IKOU
00000064 20121001 KihonCheckCheckList24 0 1 201405230000 IKOU
00000064 20130923 KihonCheckCheckList01 0 1 201405230000 IKOU
00000064 20130923 KihonCheckCheckList02 0 1 201405230000 IKOU
00000064 20130923 KihonCheckCheckList03 0 1 201405230000 IKOU
00000064 20130923 KihonCheckCheckList04 0 1 201405230000 IKOU
00000064 20130923 KihonCheckCheckList05 0 1 201405230000 IKOU
00000064 20130923 KihonCheckCheckList06 2 1 201405230000 IKOU
00000064 20130923 KihonCheckCheckList07 0 1 201405230000 IKOU
00000064 20130923 KihonCheckCheckList08 0 1 201405230000 IKOU
00000064 20130923 KihonCheckCheckList09 0 1 201405230000 IKOU
00000064 20130923 KihonCheckCheckList10 2 1 201405230000 IKOU
00000064 20130923 KihonCheckCheckList11 0 1 201405230000 IKOU
00000064 20130923 KihonCheckCheckList12 0 1 201405230000 IKOU
00000064 20130923 KihonCheckCheckList13 0 1 201405230000 IKOU
00000064 20130923 KihonCheckCheckList14 0 1 201405230000 IKOU
00000064 20130923 KihonCheckCheckList15 0 1 201405230000 IKOU
00000064 20130923 KihonCheckCheckList16 5 1 201405230000 IKOU
00000064 20130923 KihonCheckCheckList17 0 1 201405230000 IKOU
00000064 20130923 KihonCheckCheckList18 0 1 201405230000 IKOU
00000064 20130923 KihonCheckCheckList19 6 1 201405230000 IKOU
00000064 20130923 KihonCheckCheckList20 0 1 201405230000 IKOU
00000064 20130923 KihonCheckCheckList21 0 1 201405230000 IKOU
00000064 20130923 KihonCheckCheckList22 0 1 201405230000 IKOU
00000064 20130923 KihonCheckCheckList23 0 1 201405230000 IKOU
00000064 20130923 KihonCheckCheckList24 0 1 201405230000 IKOU
