00000081 2013 03 01 11:00 12:00 61 1111 0073 10.84 1 1220 1 20140725153020 00034
00000081 2013 03 16 11:00 12:00 61 1111 0073 10.84 1 1220 1 20140725153020 00034
00000081 2013 04 05 11:00 12:00 61 1111 0073 10.84 1 1220 1 20140725153118 00034
00000081 2013 04 19 11:00 11:45 61 1111 0073 10.84 1 1220 1 20140725153118 00034
00000081 2013 05 03 11:00 12:00 61 1111 0073 10.84 1 1220 1 20140725153226 00034
00000081 2013 05 17 11:00 12:00 61 1111 0073 10.84 1 1220 1 20140725153226 00034
00000081 2013 06 07 11:00 11:55 61 1111 0073 10.84 1 1220 1 20140725153313 00034
00000081 2013 06 21 11:00 12:00 61 1111 0073 10.84 1 1220 1 20140725153313 00034
00000081 2013 07 05 11:00 12:00 61 1111 0073 10.84 1 1220 1 20140725154932 00034
00000081 2013 07 07 11:00 11:55 61 1111 0073 10.84 1 1220 1 20140725153431 00034
00000081 2013 07 19 11:00 12:00 61 1111 0073 10.84 1 1220 1 20140725154932 00034
00000081 2013 07 21 11:00 12:00 61 1111 0073 10.84 1 1220 1 20140725153431 00034
00000081 2013 08 02 11:00 12:00 61 1111 0073 10.84 1 1220 1 20140725153709 00034
00000081 2013 09 06 11:00 12:00 61 1111 0073 10.84 1 1220 1 20140627151435 00034
00000081 2013 09 21 11:00 12:00 61 1111 0073 10.84 1 1220 1 20140627151435 00034
00000081 2013 10 04 11:00 12:00 61 1111 0073 10.84 1 1220 1 20140627151524 00034
00000081 2013 10 18 11:00 12:00 61 1111 0073 10.84 1 1220 1 20140627151524 00034
00000081 2013 11 01 11:00 12:00 61 1111 0073 10.84 1 1220 1 20140627151615 00034
00000081 2013 11 15 11:00 12:00 61 1111 0073 10.84 1 1220 1 20140627151615 00034
00000081 2013 12 06 11:00 12:00 61 1111 0073 10.84 1 1220 1 20140627151656 00034
00000081 2013 12 20 11:00 12:00 61 1111 0073 10.84 1 1220 1 20140627151656 00034
00000081 2014 01 03 11:00 12:00 61 1111 0073 10.84 1 1220 1 20140623101257 00034
00000081 2014 01 17 11:00 12:00 61 1111 0073 10.84 1 1220 1 20140623101257 00034
00000081 2014 01 31 11:00 12:00 61 1111 0073 10.84 1 1220 1 20140623101257 00034
00000081 2014 02 14 09:30 10:30 61 1111 0073 10.84 1 1220 1 20140620101043 00078
00000081 2014 02 21 11:00 12:00 61 1111 0073 10.84 1 1220 1 20140620101043 00078
00000081 2014 03 07 09:30 10:30 61 1111 0073 10.84 1 1220 1 20140620101144 00078
00000081 2014 03 21 11:00 12:00 61 1111 0073 10.84 1 1220 1 20140620101144 00078
00000081 2014 04 04 11:00 12:00 61 1111 0073 10.84 1 1226 1 20140620101220 00078
00000081 2014 04 18 11:00 12:00 61 1111 0073 10.84 1 1226 1 20140620101220 00078
00000081 2014 05 02 11:00 12:00 61 1111 0073 10.84 1 1226 1 20140818105135 00034
00000081 2014 05 16 11:00 12:00 61 1111 0073 10.84 1 1226 1 20140818105135 00034
00000081 2014 05 29 14:30 15:30 61 1111 0073 10.84 1 1226 1 20140818105135 00034
00000081 2014 06 06 11:00 11:59 61 1111 0073 10.84 1 1226 1 20140701100819 00078
00000081 2014 06 20 11:00 11:59 61 1111 0073 10.84 1 1226 1 20140701100819 00078
00000081 2014 07 04 11:00 11:59 61 1111 0073 10.84 1 1226 1 20140801185427 00077
00000081 2014 07 18 11:00 11:59 61 1111 0073 10.84 1 1226 1 20140801185427 00077
