000001742014061 00000174 2014 06 03 65 1111 1 09:00 12:15 0271 1 2115 0 _ _ 1 20140702151906 25
000001742014061 00000174 2014 06 10 65 1111 1 09:00 12:15 0271 1 2115 0 _ _ 1 20140702151906 25
000001742014061 00000174 2014 06 17 65 1111 1 09:00 12:15 0271 1 2115 0 _ _ 1 20140702151906 25
000001742014061 00000174 2014 06 24 65 1111 1 09:00 12:15 0271 1 2115 0 _ _ 1 20140702151906 25
000001742014062 00000174 2014 06 03 65 5002 1 _ _ 0271 1 225 0 _ _ 1 20140702151906 25
000001742014062 00000174 2014 06 10 65 5002 1 _ _ 0271 1 225 0 _ _ 1 20140702151906 25
000001742014062 00000174 2014 06 17 65 5002 1 _ _ 0271 1 225 0 _ _ 1 20140702151906 25
000001742014062 00000174 2014 06 24 65 5002 1 _ _ 0271 1 225 0 _ _ 1 20140702151906 25
000001742014071 00000174 2014 07 01 65 1111 1 09:00 12:15 0271 1 2115 0 _ _ 1 20140803154235 25
000001742014071 00000174 2014 07 10 65 1111 1 09:00 12:15 0271 1 2115 0 _ _ 1 20140803154235 25
000001742014072 00000174 2014 07 01 65 5002 1 09:00 12:15 0271 1 225 0 _ _ 1 20140803154235 25
000001742014072 00000174 2014 07 10 65 5002 1 09:00 12:15 0271 1 225 0 _ _ 1 20140803154235 25
