00000100 2013 09 00013 1 20140630171430 00030
00000100 2013 10 00013 1 20140630171814 00030
00000100 2013 11 00013 1 20140630172032 00030
00000100 2013 12 00013 1 20140630172457 00030
00000100 2014 02 00013 1 20140616162423 00030
00000100 2014 03 00013 1 20140616162916 00030
00000100 2014 04 00013 1 20140616163309 00030
00000100 2014 05 00013 1 20140818144912 00030
00000100 2014 06 00031 1 20140702142116 00031
00000100 2014 07 00031 1 20140801211103 00031
00000100 2014 08 00031 1 20140901170029 00031
00000100 2014 09 00031 1 20141002114606 00031
00000100 2014 10 00031 1 20141101115509 00031
00000100 2014 11 00031 1 20141202165226 00031
00000100 2014 12 00031 1 20141115103326 00031
