1 00000250 2014 05 61 0107 グランクレール・ケアサービス馬事公苑 1321 予防訪問介護Ⅲ 3889 0 3889 14 3889 0 3889 3889 0 11.26 43790 90 39411 4379 0 n n 0 1 20140819142603 00078
1 00000250 2014 06 61 0107 グランクレール・ケアサービス馬事公苑 1321 予防訪問介護Ⅲ 3889 0 3889 11 3889 0 3889 3889 0 11.26 43790 90 39411 4379 0 n n 0 1 20140701155827 00049
1 00000250 2014 07 61 0107 グランクレール・ケアサービス馬事公苑 1321 予防訪問介護Ⅲ 3889 0 3889 13 3889 0 3889 3889 0 11.26 43790 90 39411 4379 0 n n 0 1 20140802132950 00047
1 00000250 2014 08 61 0107 グランクレール・ケアサービス馬事公苑 1321 予防訪問介護Ⅲ 3889 0 3889 12 3889 0 3889 3889 0 11.26 43790 90 39411 4379 0 n n 0 1 20140831135937 00049
1 00000250 2014 09 61 0107 グランクレール・ケアサービス馬事公苑 1321 予防訪問介護Ⅲ 3889 0 3889 8 3889 0 3889 3889 0 11.26 43790 90 39411 4379 0 n n 0 1 20140930204629 00049
1 00000250 2014 10 61 0107 グランクレール・ケアサービス馬事公苑 1321 予防訪問介護Ⅲ 3889 0 3889 10 3889 0 3889 3889 0 11.26 43790 90 39411 4379 0 n n 0 1 20141031202338 00049
1 00000250 2014 11 61 0107 グランクレール・ケアサービス馬事公苑 1321 予防訪問介護Ⅲ 3889 0 3889 13 3889 0 3889 3889 0 11.26 43790 90 39411 4379 0 n n 0 1 20141201121756 00049
1 00000250 2014 12 61 0107 グランクレール・ケアサービス馬事公苑 1321 予防訪問介護Ⅲ 3889 0 3889 12 3889 0 3889 3889 0 11.26 43790 90 39411 4379 0 n n 0 1 20141210122904 00049
2 00000250 2014 05 61 0107 グランクレール・ケアサービス馬事公苑 6271 予防訪問介護処遇改善加算Ⅰ 156 0 156 1 156 0 156 156 0 11.26 1756 90 1580 176 0 a g 0 1 20140819142603 00078
2 00000250 2014 06 61 0107 グランクレール・ケアサービス馬事公苑 6271 予防訪問介護処遇改善加算Ⅰ 156 0 156 1 156 0 156 156 0 11.26 1756 90 1580 176 0 a g 0 1 20140701155827 00049
2 00000250 2014 07 61 0107 グランクレール・ケアサービス馬事公苑 6271 予防訪問介護処遇改善加算Ⅰ 156 0 156 1 156 0 156 156 0 11.26 1756 90 1580 176 0 a g 0 1 20140802132950 00047
2 00000250 2014 08 61 0107 グランクレール・ケアサービス馬事公苑 6271 予防訪問介護処遇改善加算Ⅰ 156 0 156 1 156 0 156 156 0 11.26 1756 90 1580 176 0 a g 0 1 20140831135937 00049
2 00000250 2014 09 61 0107 グランクレール・ケアサービス馬事公苑 6271 予防訪問介護処遇改善加算Ⅰ 156 0 156 1 156 0 156 156 0 11.26 1756 90 1580 176 0 a g 0 1 20140930204629 00049
2 00000250 2014 10 61 0107 グランクレール・ケアサービス馬事公苑 6271 予防訪問介護処遇改善加算Ⅰ 156 0 156 1 156 0 156 156 0 11.26 1756 90 1580 176 0 a g 0 1 20141031202338 00049
2 00000250 2014 11 61 0107 グランクレール・ケアサービス馬事公苑 6271 予防訪問介護処遇改善加算Ⅰ 156 0 156 1 156 0 156 156 0 11.26 1756 90 1580 176 0 a g 0 1 20141201121756 00049
2 00000250 2014 12 61 0107 グランクレール・ケアサービス馬事公苑 6271 予防訪問介護処遇改善加算Ⅰ 156 0 156 1 156 0 156 156 0 11.26 1756 90 1580 176 0 a g 0 1 20141210122904 00049
