00000048 2011 12 1 4970 1 20141103171357 00077
00000048 2012 01 1 4970 1 20141021111656 00077
00000048 2012 02 1 4970 1 20141021111730 00077
00000048 2012 03 1 4970 1 20141021112008 00077
00000048 2012 05 1 4970 1 20140804155320 00030
00000048 2012 06 1 4970 1 20140804155635 00030
00000048 2012 07 1 4970 1 20140804160357 00030
00000048 2012 08 1 4970 1 20140804161348 00030
00000048 2013 08 2 10400 1 20140723121048 00030
00000048 2013 09 2 10400 1 20140626113127 00030
00000048 2013 10 2 10400 1 20140626113820 00030
00000048 2013 11 2 10400 1 20140626114816 00030
00000048 2013 12 2 10400 1 20140626115750 00030
00000048 2014 01 2 10400 1 20140618155918 00078
00000048 2014 02 2 10400 1 20140618155954 00078
00000048 2014 03 2 10400 1 20140618160020 00078
00000048 2014 04 2 10473 1 20140618160058 00078
00000048 2014 05 2 10473 1 20140815173445 00030
00000048 2014 06 2 10473 1 20140703201005 00030
00000048 2014 07 2 10473 1 20140801183315 00030
00000048 2014 08 2 10473 1 20140902152213 00030
00000048 2014 09 2 10473 1 20141003162812 00030
00000048 2014 10 2 10473 1 20141104174254 00030
00000048 2014 11 2 10473 1 20141013164742 00030
