00000048 2011 12 1 1 00030 1 20141103171332 00077
00000048 2012 01 1 1 00030 1 20141021111639 00077
00000048 2012 02 1 1 00030 1 20141021111716 00077
00000048 2012 03 1 1 00030 1 20141021111743 00077
00000048 2012 04 1 1 00030 1 20140804154506 00030
00000048 2012 05 1 1 00030 1 20140804155305 00030
00000048 2012 06 1 1 00030 1 20140804155607 00030
00000048 2012 07 1 1 00030 1 20140804160318 00030
00000048 2012 08 1 1 00030 1 20140804161301 00030
00000048 2012 10 1 _ 00030 1 20140804161541 00030
00000048 2013 08 1 1 00030 1 20140723120955 00030
00000048 2013 09 1 1 00013 1 20140626113025 00030
00000048 2013 10 1 1 00013 1 20140626113724 00030
00000048 2013 11 1 1 00013 1 20140626114758 00030
00000048 2013 12 1 1 00013 1 20140626115737 00030
00000048 2014 01 1 1 00013 1 20140618155859 00078
00000048 2014 02 1 1 00013 1 20140618155939 00078
00000048 2014 03 1 1 00013 1 20140618160006 00078
00000048 2014 04 1 1 00013 1 20140618160038 00078
00000048 2014 05 1 1 00013 1 20140815173401 00030
00000048 2014 06 1 1 00030 1 20140703200829 00030
00000048 2014 07 1 1 00030 1 20140801183149 00030
00000048 2014 08 1 1 00030 1 20140902151804 00030
00000048 2014 09 1 1 00030 1 20141003162637 00030
00000048 2014 10 1 1 00030 1 20141104174132 00030
00000048 2014 11 1 _ 00030 1 20141013164607 00030
