1 00000224 2012 08 11 0029 グランクレール・ケアサービス馬事公苑 1211 身体介護２ 402 0 402 7 2814 0 2814 2814 0 11.26 31685 90 28516 3169 0 n n 0 1 20140730104443 00078
1 00000224 2012 09 11 0029 グランクレール・ケアサービス馬事公苑 1211 身体介護２ 402 0 402 7 2814 0 2814 2814 0 11.26 31685 90 28516 3169 0 n n 0 1 20140730105501 00078
1 00000224 2012 10 11 0029 グランクレール・ケアサービス馬事公苑 1211 身体介護２ 402 0 402 7 2814 0 2814 2814 0 11.26 31685 90 28516 3169 0 n n 0 1 20140730110817 00078
1 00000224 2012 12 11 0029 グランクレール・ケアサービス馬事公苑 1211 身体介護２ 402 0 402 1 402 0 402 402 0 11.26 4526 90 4073 453 0 n n 0 1 20140730111751 00078
1 00000224 2013 01 11 0029 グランクレール・ケアサービス馬事公苑 1211 身体介護２ 402 0 402 9 3618 0 3618 3618 0 11.26 40738 90 36664 4074 0 n n 0 1 20140709164432 00078
1 00000224 2013 02 11 0029 グランクレール・ケアサービス馬事公苑 1211 身体介護２ 402 0 402 8 3216 0 3216 3216 0 11.26 36212 90 32590 3622 0 n n 0 1 20140709165640 00078
1 00000224 2013 03 11 0029 グランクレール・ケアサービス馬事公苑 1211 身体介護２ 402 0 402 8 3216 0 3216 3216 0 11.26 36212 90 32590 3622 0 n n 0 1 20140709170210 00078
1 00000224 2013 04 11 0029 グランクレール・ケアサービス馬事公苑 1211 身体介護２ 402 0 402 9 3618 0 3618 3618 0 11.26 40738 90 36664 4074 0 n n 0 1 20140709171002 00078
1 00000224 2013 05 11 0029 グランクレール・ケアサービス馬事公苑 1211 身体介護２ 402 0 402 9 3618 0 3618 3618 0 11.26 40738 90 36664 4074 0 n n 0 1 20140709171536 00078
1 00000224 2013 06 11 0029 グランクレール・ケアサービス馬事公苑 1211 身体介護２ 402 0 402 8 3216 0 3216 3216 0 11.26 36212 90 32590 3622 0 n n 0 1 20140709172204 00078
1 00000224 2013 07 11 0029 グランクレール・ケアサービス馬事公苑 1211 身体介護２ 402 0 402 9 3618 0 3618 3618 0 11.26 40738 90 36664 4074 0 n n 0 1 20140709172917 00078
1 00000224 2013 08 11 0029 グランクレール・ケアサービス馬事公苑 1211 身体介護２ 402 0 402 9 3618 0 3618 3618 0 11.26 40738 90 36664 4074 0 n n 0 1 20140709173456 00078
1 00000224 2013 09 11 0029 グランクレール・ケアサービス馬事公苑 1211 身体介護２ 402 0 402 9 3618 0 3618 3618 0 11.26 40738 90 36664 4074 0 n n 0 1 20140703162804 00078
1 00000224 2013 10 11 0029 グランクレール・ケアサービス馬事公苑 1211 身体介護２ 402 0 402 9 3618 0 3618 3618 0 11.26 40738 90 36664 4074 0 n n 0 1 20140703163316 00078
1 00000224 2013 11 11 0029 グランクレール・ケアサービス馬事公苑 1211 身体介護２ 402 0 402 7 2814 0 2814 2814 0 11.26 31685 90 28516 3169 0 n n 0 1 20140703164504 00078
1 00000224 2013 12 11 0029 グランクレール・ケアサービス馬事公苑 1211 身体介護２ 402 0 402 8 3216 0 3216 3216 0 11.26 36212 90 32590 3622 0 n n 0 1 20140703165602 00078
2 00000224 2012 08 11 0029 グランクレール・ケアサービス馬事公苑 7311 生活援助３ 235 0 235 4 940 0 940 940 0 11.26 10584 90 9525 1059 0 n n 0 1 20140730104443 00078
2 00000224 2012 09 11 0029 グランクレール・ケアサービス馬事公苑 7311 生活援助３ 235 0 235 3 705 0 705 705 0 11.26 7938 90 7144 794 0 n n 0 1 20140730105501 00078
2 00000224 2012 10 11 0029 グランクレール・ケアサービス馬事公苑 7311 生活援助３ 235 0 235 2 470 0 470 470 0 11.26 5292 90 4762 530 0 n n 0 1 20140730110817 00078
2 00000224 2012 12 11 0029 グランクレール・ケアサービス馬事公苑 7311 生活援助３ 235 0 235 1 235 0 235 235 0 11.26 2646 90 2381 265 0 n n 0 1 20140730111751 00078
2 00000224 2013 01 11 0029 グランクレール・ケアサービス馬事公苑 7311 生活援助３ 235 0 235 4 940 0 940 940 0 11.26 10584 90 9525 1059 0 n n 0 1 20140709164432 00078
2 00000224 2013 02 11 0029 グランクレール・ケアサービス馬事公苑 7311 生活援助３ 235 0 235 4 940 0 940 940 0 11.26 10584 90 9525 1059 0 n n 0 1 20140709165640 00078
2 00000224 2013 03 11 0029 グランクレール・ケアサービス馬事公苑 7311 生活援助３ 235 0 235 4 940 0 940 940 0 11.26 10584 90 9525 1059 0 n n 0 1 20140709170210 00078
2 00000224 2013 04 11 0029 グランクレール・ケアサービス馬事公苑 7311 生活援助３ 235 0 235 5 1175 0 1175 1175 0 11.26 13230 90 11907 1323 0 n n 0 1 20140709171002 00078
2 00000224 2013 05 11 0029 グランクレール・ケアサービス馬事公苑 7311 生活援助３ 235 0 235 4 940 0 940 940 0 11.26 10584 90 9525 1059 0 n n 0 1 20140709171536 00078
2 00000224 2013 06 11 0029 グランクレール・ケアサービス馬事公苑 7311 生活援助３ 235 0 235 4 940 0 940 940 0 11.26 10584 90 9525 1059 0 n n 0 1 20140709172204 00078
2 00000224 2013 07 11 0029 グランクレール・ケアサービス馬事公苑 7311 生活援助３ 235 0 235 5 1175 0 1175 1175 0 11.26 13230 90 11907 1323 0 n n 0 1 20140709172917 00078
2 00000224 2013 08 11 0029 グランクレール・ケアサービス馬事公苑 7311 生活援助３ 235 0 235 4 940 0 940 940 0 11.26 10584 90 9525 1059 0 n n 0 1 20140709173456 00078
2 00000224 2013 09 11 0029 グランクレール・ケアサービス馬事公苑 7311 生活援助３ 235 0 235 5 1175 0 1175 1175 0 11.26 13230 90 11907 1323 0 n n 0 1 20140703162804 00078
2 00000224 2013 10 11 0029 グランクレール・ケアサービス馬事公苑 7311 生活援助３ 235 0 235 4 940 0 940 940 0 11.26 10584 90 9525 1059 0 n n 0 1 20140703163316 00078
2 00000224 2013 11 11 0029 グランクレール・ケアサービス馬事公苑 7311 生活援助３ 235 0 235 4 940 0 940 940 0 11.26 10584 90 9525 1059 0 n n 0 1 20140703164504 00078
2 00000224 2013 12 11 0029 グランクレール・ケアサービス馬事公苑 7311 生活援助３ 235 0 235 4 940 0 940 940 0 11.26 10584 90 9525 1059 0 n n 0 1 20140703165602 00078
3 00000224 2012 08 11 0029 グランクレール・ケアサービス馬事公苑 6271 訪問介護処遇改善加算Ⅰ 150 0 150 1 150 150 0.04 150 0 11.26 1689 90 1520 169 0 a g 0 1 20140730104443 00078
3 00000224 2012 09 11 0029 グランクレール・ケアサービス馬事公苑 6271 訪問介護処遇改善加算Ⅰ 141 0 141 1 141 141 0.04 141 0 11.26 1587 90 1428 159 0 a g 0 1 20140730105501 00078
3 00000224 2012 10 11 0029 グランクレール・ケアサービス馬事公苑 6271 訪問介護処遇改善加算Ⅰ 131 0 131 1 131 131 0.04 131 0 11.26 1475 90 1327 148 0 a g 0 1 20140730110817 00078
3 00000224 2012 12 11 0029 グランクレール・ケアサービス馬事公苑 6271 訪問介護処遇改善加算Ⅰ 25 0 25 1 25 25 0.04 25 0 11.26 281 90 252 29 0 a g 0 1 20140730111751 00078
3 00000224 2013 01 11 0029 グランクレール・ケアサービス馬事公苑 6271 訪問介護処遇改善加算Ⅰ 182 0 182 1 182 182 0.04 182 0 11.26 2049 90 1844 205 0 a g 0 1 20140709164432 00078
3 00000224 2013 02 11 0029 グランクレール・ケアサービス馬事公苑 6271 訪問介護処遇改善加算Ⅰ 166 0 166 1 166 166 0.04 166 0 11.26 1869 90 1682 187 0 a g 0 1 20140709165640 00078
3 00000224 2013 03 11 0029 グランクレール・ケアサービス馬事公苑 6271 訪問介護処遇改善加算Ⅰ 166 0 166 1 166 166 0.04 166 0 11.26 1869 90 1682 187 0 a g 0 1 20140709170210 00078
3 00000224 2013 04 11 0029 グランクレール・ケアサービス馬事公苑 6271 訪問介護処遇改善加算Ⅰ 192 0 192 1 192 192 0.04 192 0 11.26 2161 90 1944 217 0 a g 0 1 20140709171002 00078
3 00000224 2013 05 11 0029 グランクレール・ケアサービス馬事公苑 6271 訪問介護処遇改善加算Ⅰ 182 0 182 1 182 182 0.04 182 0 11.26 2049 90 1844 205 0 a g 0 1 20140709171536 00078
3 00000224 2013 06 11 0029 グランクレール・ケアサービス馬事公苑 6271 訪問介護処遇改善加算Ⅰ 166 0 166 1 166 166 0.04 166 0 11.26 1869 90 1682 187 0 a g 0 1 20140709172204 00078
3 00000224 2013 07 11 0029 グランクレール・ケアサービス馬事公苑 6271 訪問介護処遇改善加算Ⅰ 192 0 192 1 192 192 0.04 192 0 11.26 2161 90 1944 217 0 a g 0 1 20140709172917 00078
3 00000224 2013 08 11 0029 グランクレール・ケアサービス馬事公苑 6271 訪問介護処遇改善加算Ⅰ 182 0 182 1 182 182 0.04 182 0 11.26 2049 90 1844 205 0 a g 0 1 20140709173456 00078
3 00000224 2013 09 11 0029 グランクレール・ケアサービス馬事公苑 6271 訪問介護処遇改善加算Ⅰ 192 0 192 1 192 192 0.04 192 0 11.26 2161 90 1944 217 0 a g 0 1 20140703162804 00078
3 00000224 2013 10 11 0029 グランクレール・ケアサービス馬事公苑 6271 訪問介護処遇改善加算Ⅰ 182 0 182 1 182 182 0.04 182 0 11.26 2049 90 1844 205 0 a g 0 1 20140703163316 00078
3 00000224 2013 11 11 0029 グランクレール・ケアサービス馬事公苑 6271 訪問介護処遇改善加算Ⅰ 150 0 150 1 150 150 0.04 150 0 11.26 1689 90 1520 169 0 a g 0 1 20140703164504 00078
3 00000224 2013 12 11 0029 グランクレール・ケアサービス馬事公苑 6271 訪問介護処遇改善加算Ⅰ 166 0 166 1 166 166 0.04 166 0 11.26 1869 90 1682 187 0 a g 0 1 20140703165602 00078
