00001245 0073 2015 04 0000002 02 00014 _ 14:00 14:59 _ _ 0 1214 1 61 1 20150727114902 00078
00001245 0073 2015 04 0000003 07 00014 _ 14:00 14:59 _ _ 0 1214 1 61 1 20150727114902 00078
00001245 0073 2015 04 0000004 09 00014 _ 14:00 14:59 _ _ 0 1214 1 61 1 20150727114902 00078
00001245 0073 2015 04 0000005 14 00014 _ 14:00 14:59 _ _ 0 1214 1 61 1 20150727114902 00078
00001245 0073 2015 04 0000006 16 00014 _ 14:00 14:59 _ _ 0 1214 1 61 1 20150727114902 00078
00001245 0073 2015 04 0000007 21 00014 _ 14:00 14:59 _ _ 0 1214 1 61 1 20150727114902 00078
00001245 0073 2015 04 0000008 23 00014 _ 14:00 14:59 _ _ 0 1214 1 61 1 20150727114902 00078
00001245 0073 2015 04 0000009 28 00014 _ 14:00 14:59 _ _ 0 1214 1 61 1 20150727114902 00078
00001245 0073 2015 04 0000010 30 00014 _ 14:00 14:59 _ _ 0 1214 1 61 1 20150727114902 00078
00001245 0073 2015 05 0000011 05 00035 _ 14:00 14:59 _ _ 0 1214 1 61 1 20150727120438 00078
00001245 0073 2015 05 0000012 07 00034 _ 14:00 14:59 _ _ 0 1214 1 61 1 20150727120438 00078
00001245 0073 2015 05 0000013 14 00019 _ 14:00 14:59 _ _ 0 1214 1 61 1 20150727120438 00078
00001245 0073 2015 05 0000014 19 00016 _ 15:00 15:59 _ _ 0 1214 1 61 1 20150727120438 00078
00001245 0073 2015 05 0000015 21 00019 _ 14:00 14:59 _ _ 0 1214 1 61 1 20150727120438 00078
00001245 0073 2015 05 0000016 26 00016 _ 14:00 14:59 _ _ 0 1214 1 61 1 20150727120438 00078
