0004 00000144 002 027 20150301 _ 1 20150428174349 00241
0004 00000201 016 021 20100828 99999999 1 20140621141927 00047
0004 00000202 016 021 20100824 99999999 9 20140621142016 00047
0004 00000203 016 021 20100828 20131212 9 20140621142126 00047
0004 00000205 016 021 20100827 99999999 1 20140605104943 00078
0004 00000206 016 021 20100827 20121130 1 20140604203722 00078
0004 00000208 016 021 20101226 20110305 1 20140604203941 00078
0004 00000210 016 021 20110226 20130223 9 20140621143142 00047
0004 00000211 016 021 20110930 99999999 9 20140621143230 00047
0004 00000215 002 027 20120401 99999999 9 20140604194915 00078
0004 00000216 016 021 20120401 99999999 1 20140601144518 00047
0004 00000217 001 027 20111101 20121031 1 20140601144624 00047
0004 00000221 001 027 20120426 20140430 9 20140604194336 00078
0004 00000221 017 021 20120217 99999999 1 20140604202134 00078
0004 00000223 016 021 20120813 99999999 1 20140604201113 00078
0004 00000226 001 021 20120831 99999999 1 20140604201859 00078
0004 00000234 001 027 20130513 20130618 1 20140601183814 00047
0004 00000234 016 021 20130326 99999999 1 20140601184334 00047
0004 00000237 001 021 20130503 20130630 1 20140601184927 00047
0004 00000237 003 027 20130503 99999999 1 20140601184859 00047
0004 00000302 002 027 20140524 99999999 9 20140529171234 00047
0004 00001250 002 027 20150303 99999999 1 20150410150751 00241
0004 00001251 002 027 20150301 99999999 1 20150413164846 00241
0004 00001252 002 027 20150301 99999999 1 20150415185350 00241
0004 00001266 003 021 20150301 99999999 9 20150616103142 00078
0008 00000002 001 027 20110501 99999999 1 20140614190205 00030
0008 00000048 001 027 20111201 99999999 1 20140614180014 00030
0008 00000071 001 027 20120928 99999999 1 20140614174338 00030
0008 00000084 001 027 20130401 99999999 1 20140614164121 00030
0008 00001219 003 021 20141201 _ 1 20150104183307 00078
0008 00001220 002 021 20141201 99999999 1 20150104201543 00078
0008 00001283 003 021 20150401 _ 1 20150709182054 00078
0072 00001248 002 027 20150401 99999999 1 20150410101735 00241
0072 00001249 002 027 20150222 99999999 1 20150410110127 00241
0201 00000212 001 027 20120401 99999999 1 20140601121523 00047
0201 00000212 016 021 20110422 99999999 1 20140601121609 00047
0202 00000218 001 027 20130401 99999999 1 20140601144710 00047
0202 00000218 016 021 20120126 99999999 1 20140601144828 00047
0204 00000209 016 021 20110202 99999999 1 20140601120544 00047
0205 00000214 002 027 20130402 99999999 1 20140529144516 00047
0241 00000207 002 027 20100824 99999999 1 20140601120139 00047
0243 00000215 002 027 20110928 99999999 1 20140604194915 00078
0275 00000302 002 027 20140601 99999999 1 20140620193154 00047
0275 00001245 004 021 20150201 _ 1 20150408104450 00078
0277 00000255 001 027 20140501 99999999 1 20140601200040 00047
0277 00000255 016 021 20140501 99999999 1 20140601200111 00047
0277 00001285 003 021 20150101 _ 1 20150709182931 00078
0278 00000246 001 021 20131121 99999999 1 20140601192353 00047
0278 00000246 003 027 20131121 99999999 1 20140601192336 00047
0278 00001265 003 021 20141001 99999999 1 20150616103221 00078
0279 00000228 001 027 20130501 99999999 1 20140601155029 00047
0279 00000228 016 021 20121108 99999999 1 20140601155151 00047
0279 00000251 001 027 20140401 99999999 1 20140601195555 00047
0279 00001242 003 021 20150201 _ 1 20150406174855 00078
0279 00001266 003 021 20150301 99999999 1 20150616103142 00078
0280 00000231 001 027 20130212 99999999 1 20140601162326 00047
0280 00000231 016 021 20130212 99999999 1 20140601162446 00047
0281 00000250 001 027 20140301 99999999 1 20140601195258 00047
0281 00001264 003 021 20150301 99999999 1 20150616103248 00078
0281 00001269 003 021 20150301 _ 1 20150616104913 00078
0282 00000256 001 027 20140521 99999999 1 20140601200234 00047
0282 00000256 016 021 20140521 99999999 1 20140601200312 00047
0283 00000205 002 027 20100827 99999999 1 20140601141831 00047
0283 00001267 003 021 20150101 _ 1 20150616103746 00078
0284 00000209 002 027 20110202 99999999 1 20140601142550 00047
0285 00000241 001 021 20130801 99999999 1 20140601185719 00047
0285 00000241 003 027 20130801 99999999 1 20140601185702 00047
0285 00001268 003 021 20150401 _ 1 20150616104414 00078
0286 00000224 016 021 20120805 99999999 1 20140601154043 00047
0286 00000227 001 021 20120906 20120927 1 20140601154920 00047
0286 00000233 003 027 20130509 99999999 1 20140601183451 00047
0286 00000238 001 021 20130509 99999999 1 20140601185152 00047
0286 00000238 003 027 20130509 99999999 1 20140601185135 00047
0286 00000311 002 021 20140623 99999999 1 20140612190521 00049
0287 00000229 001 027 20121101 99999999 1 20140601155325 00047
0287 00000229 016 021 20121101 99999999 1 20140601155409 00047
0288 00000239 001 021 20130513 99999999 1 20140601185423 00047
0288 00000239 003 027 20130513 99999999 1 20140601185412 00047
0291 00000082 003 027 20130306 99999999 1 20140613213905 00030
0293 00000060 003 027 20120503 99999999 1 20140614185708 00030
0293 00000077 016 027 20130101 99999999 1 20140614194543 00030
0293 00000086 001 027 20130801 99999999 1 20140614172215 00030
0293 00000092 001 027 20130701 99999999 1 20140614170312 00030
0293 00000174 001 027 20140509 99999999 1 20140614174122 00030
0293 00000312 003 027 20130901 20140419 1 20141021153106 00077
0293 00001203 002 027 20140801 20160731 1 20141021190416 00078
0294 00000066 016 027 20120616 99999999 1 20140614184301 00030
0294 00000075 016 027 20121117 99999999 1 20140614181957 00030
0294 00000085 001 027 20130501 99999999 1 20140614172041 00030
0294 00000105 016 027 20131001 99999999 1 20140615150803 00013
0294 00000113 016 027 20131101 99999999 1 20140614172702 00030
0294 00000120 016 027 20131122 99999999 1 20140619143444 00013
0294 00000149 001 027 20140101 99999999 1 20140614180503 00030
0294 00000150 001 027 20140106 99999999 1 20140615150500 00013
0294 00000161 001 027 20140129 99999999 1 20140615144805 00013
0294 00000162 001 027 20140129 99999999 1 20140615150256 00013
0294 00000171 001 027 20140501 99999999 1 20140615150854 00013
0294 00000307 002 027 20140601 99999999 1 20140614190042 00030
0294 00000316 002 021 20140702 99999999 1 20140701182827 00034
0295 00000121 001 027 20140101 20140630 1 20140619143853 00013
0296 00000073 003 027 20121010 99999999 1 20140614181155 00030
0297 00000063 001 027 20120501 99999999 1 20140614175252 00030
0299 00000064 001 027 20120601 99999999 1 20140614175510 00030
0300 00000035 001 027 20110908 99999999 1 20140613223524 00030
0300 00000100 001 027 20130901 99999999 1 20140614172558 00030
0300 00000166 001 027 20140301 99999999 1 20140614174002 00030
0300 00000306 002 027 20140603 99999999 1 20140614182324 00030
0300 00000318 002 027 20140701 99999999 1 20140706140638 00030
0300 00001221 002 021 20150101 99999999 1 20150104202600 00078
0300 00001284 003 021 20150201 _ 1 20150709182500 00078
0303 00000221 001 027 20120426 99999999 1 20140604194336 00078
0307 00000154 016 027 20140301 99999999 1 20140614173337 00030
0308 00000167 001 027 20140301 99999999 1 20140614173819 00030
0309 00000151 001 027 20140101 99999999 1 20140614173542 00030
0309 00000152 001 027 20140101 99999999 1 20140614173637 00030
0310 00000096 001 027 20130722 99999999 1 20140614172404 00030
0311 00000028 016 027 20110704 99999999 1 20140614164616 00030
0311 00000103 001 027 20130911 99999999 1 20140619140327 00013
0312 00000026 016 027 20110803 99999999 1 20140614170916 00030
0315 00000254 001 027 20140413 99999999 1 20140701211514 00047
0316 00000095 001 027 20130725 99999999 1 20140614170037 00030
