00000007 0 0 0 0 水道割引 1 20141201104312 00077
00000170 0 0 0 0 水道割引 1 20141201103331 00077
00000171 0 0 0 0 利用者加算給付 1 20150211140645 00077
00000397 0 0 0 0 水道料金割引。　試験です。 1 20141125135825 00077
00000422 0 0 0 0 水道割引 1 20141201103755 00077
00000504 0 0 0 0 水道割引 1 20141201103710 00077
00000533 0 0 0 0 水道割引###KAIGYO### 1 20141201103458 00077
00001140 0 0 0 0 _ 1 20150302115050 00241
00001173 1 0 1 0 膝の関節に障害があります。歩行の際は注意してください。 1 20141022165829 00077
00001197 1 1 1 1 いきいきとすこやか 1 20140828114046 00077
00001227 1 0 1 0 @@@@@　　　　　###KAIGYO######KAIGYO###　　　　　 1 20150302165430 00241
00001228 1 0 1 0 sonotabikou###KAIGYO###その他　備考 1 20150212164801 00241
00001230 0 0 0 0 その他###KAIGYO######KAIGYO###半角@###KAIGYO###全角＠ 1 20150226143139 00241
00001232 0 1 0 1 ソ（G) 1 20150224153123 00241
00001238 0 0 0 0 @@###KAIGYO###＠＠###KAIGYO######KAIGYO###ebimayo_ebimayo@me-you.co.jp###KAIGYO######KAIGYO###_←半角スペース###KAIGYO###　←全角スペース 1 20150226170347 00241
