0001 01 1 _ 101 00001204 20140101 20141231 9 20140924103724 00077
0001 01 1 _ 101 00001208 20141001 20141004 1 20141002151831 00077
0001 01 1 _ 101 00001209 20141005 20141010 1 20141030114604 00077
0001 01 1 _ 101 00001211 20141001 99999999 1 20150206103149 00078
0001 01 1 _ 101 00001212 20141201 99999999 9 20150317164725 00240
0001 01 1 _ 101 00001218 20141202 20150131 1 20150210190451 00078
0001 01 1 _ 101 00001286 20150909 99999999 1 20150909164025 00184
0001 01 1 _ 102 00000134 20140405 20140412 1 20141106192244 00077
0001 01 1 _ 102 00000171 20140307 99999999 1 20150206102303 00078
0001 01 1 _ 102 00001105 20131014 20131015 1 2014070100000000 00078
0001 01 1 _ 102 00001106 20131014 20131015 1 2014070100000000 00078
0001 01 1 _ 102 00001240 20150302 20150707 1 20150803104640 00077
0001 01 1 _ 103 00001082 20130930 99999999 1 20141205105312 00077
0001 01 1 _ 104 00000175 20131215 20131217 1 2014070100000000 00078
0001 01 1 _ 104 00001156 20140329 20140616 1 20141106173724 00077
0001 01 1 _ 104 00001172 20140901 20141106 1 20141022121514 00077
0001 01 1 _ 104 00001217 20150105 99999999 9 20150317164754 00240
0001 01 1 _ 105 00001069 20130923 99999999 1 20141106172826 00077
0001 01 1 _ 106 00001164 20140331 99999999 1 20141106175114 00077
0001 01 1 _ 107 00000175 20140427 99999999 1 20141118152531 00077
0001 01 1 _ 108 00001063 20130908 99999999 1 20141106191628 00077
0001 01 1 _ 108 00001233 20150203 99999999 1 20150218142813 00241
0001 01 1 _ 112 00000161 20140201 99999999 1 20141112181026 00077
0001 01 1 _ 112 00000162 20140201 99999999 1 20141106190640 00077
0001 01 1 _ 113 00001137 20140113 20140113 1 2014070100000000 00078
0001 01 1 _ 113 00001143 20140218 99999999 1 20141112181222 00077
0001 01 1 _ 113 00001144 20140218 99999999 1 20150601145101 00077
0001 01 1 _ 114 00001172 20140801 99999999 1 20140801165919 00077
0001 01 1 _ 114 00001205 20150101 99999999 1 20150112162507 00078
0001 01 2 _ 0 00001173 20140901 99999999 9 20140927194528 00077
0001 01 2 _ 201 00000711 20130924 99999999 1 20141106184627 00077
0001 01 2 _ 201 00001084 20130924 99999999 1 20141106184509 00077
0001 01 2 _ 202 00001160 20140331 99999999 1 20141118152425 00077
0001 01 2 _ 202 00001161 20140331 99999999 1 20141106172330 00077
0001 01 2 _ 203 00001173 20140901 99999999 1 20141023134125 00077
0001 01 2 _ 204 00000153 20131201 99999999 1 20141106190540 00077
0001 01 2 _ 205 00001141 20140305 99999999 1 20141112180456 00077
0001 01 2 _ 206 00001140 20140201 99999999 1 20141106191243 00077
0001 01 2 _ 207 00000139 20131110 20140412 1 20141106192159 00077
0001 01 2 _ 207 00001114 20131110 99999999 1 20141112180405 00077
0001 01 2 _ 208 00000120 20130928 99999999 1 20141106175516 00077
0001 01 2 _ 209 00001097 20131005 99999999 1 20141112180207 00077
0001 01 2 _ 210 00001128 20131221 99999999 1 20141106172005 00077
0001 01 2 _ 210 00001129 20131221 99999999 1 20141106172023 00077
0001 01 2 _ 211 00000103 20130905 99999999 1 20141106175608 00077
0001 01 2 _ 211 00001058 20130905 99999999 1 20141118152743 00077
0001 01 2 _ 212 00000305 20130930 20141107 1 20150105112117 00077
0001 01 2 _ 212 00001090 20130930 99999999 1 20141106174343 00077
0001 01 2 _ 213 00000099 20130908 20141231 1 20150126102223 00077
0001 01 2 _ 213 00001064 20130908 99999999 1 20141118152702 00077
0001 01 2 _ 214 00000121 20131025 99999999 1 20150903192747 00077
0001 01 2 _ 215 00000159 20130906 99999999 1 20141106174111 00077
0001 01 2 _ 216 00001053 20130901 99999999 1 20141112180749 00077
0001 01 2 _ 217 00001071 20130930 99999999 1 20141106172858 00077
0001 01 2 _ 218 00001146 20140225 99999999 1 20141106171332 00077
0001 01 2 _ 218 00001147 20140225 99999999 1 20141106171359 00077
0001 01 3 _ 301 00001135 20131231 99999999 1 20141112180945 00077
0001 01 3 _ 301 00001136 20131231 99999999 1 20141106190322 00077
0001 01 3 _ 301 00001204 20140101 20141231 1 20140924103724 00077
0001 01 3 _ 302 00000102 20130904 99999999 1 20141106174720 00077
0001 01 3 _ 302 00001056 20130904 99999999 1 20141106174757 00077
0001 01 3 _ 303 00001118 20131116 99999999 1 20141106172432 00077
0001 01 3 _ 304 00000071 20141113 20141113 9 20150202121000 00077
0001 01 3 _ 304 00001142 20140210 99999999 1 20141106191315 00077
0001 01 3 _ 305 00001122 20131209 99999999 1 20141106175926 00077
0001 01 3 _ 306 00001098 20131013 99999999 1 20141106172743 00077
0001 01 3 _ 307 00000313 20140601 99999999 1 20140901150307 00077
0001 01 3 _ 307 00001171 20140601 99999999 1 20141106180504 00077
0001 01 3 _ 308 00001151 20140310 99999999 1 20141106175343 00077
0001 01 3 _ 309 00001054 20130902 99999999 1 20141106173320 00077
0001 01 3 _ 310 00000428 20130926 99999999 1 20141106172057 00077
0001 01 3 _ 310 00000429 20130926 99999999 1 20141106172151 00077
0001 01 3 _ 311 00000143 20140426 20140503 1 20141106171600 00077
0001 01 3 _ 311 00001099 20131013 99999999 1 20141112173327 00077
0001 01 3 _ 312 00001101 20131008 99999999 1 20141106173626 00077
0001 01 3 _ 312 00001102 20131008 99999999 1 20141106173651 00077
0001 01 3 _ 313 00001096 20130930 99999999 1 20141106190421 00077
0001 01 3 _ 314 00001068 20130914 99999999 1 20141106171247 00077
0001 01 3 _ 315 00000118 20131120 99999999 1 20141106173931 00077
0001 01 3 _ 316 00000165 20130901 99999999 1 20141106175203 00077
0001 01 3 _ 316 00001239 20150226 99999999 1 20150304145539 00241
0001 01 3 _ 317 00001074 20130926 99999999 1 20141106175839 00077
0001 01 3 _ 317 00001238 20150225 99999999 1 20150225110859 00241
0001 01 3 _ 318 00001157 20140331 99999999 1 20141106180044 00077
0001 01 3 _ 318 00001158 20140331 99999999 1 20141106180101 00077
0001 01 4 _ 401 00001060 20130905 99999999 1 20141106191737 00077
0001 01 4 _ 401 00001061 20130905 99999999 1 20141106192105 00077
0001 01 4 _ 402 00001154 20140325 99999999 1 20141106171808 00077
0001 01 4 _ 402 00001155 20140325 99999999 1 20141106171830 00077
0001 01 4 _ 403 00001133 20140417 99999999 1 20141106180138 00077
0001 01 4 _ 404 00001125 20131218 99999999 1 20141106191430 00077
0001 01 4 _ 405 00001145 20140304 99999999 1 20141106190722 00077
0001 01 4 _ 405 00001234 20150218 99999999 1 20150219150936 00241
0001 01 4 _ 406 00001111 20131104 99999999 1 20141106180239 00077
0001 01 4 _ 406 00001112 20131104 99999999 1 20141106180257 00077
0001 01 4 _ 407 00001195 20140725 99999999 1 20140819142756 00088
0001 01 4 _ 407 00001196 20140725 99999999 1 20140819142613 00088
0001 01 4 _ 408 00001103 20131007 99999999 1 20141118152458 00077
0001 01 4 _ 408 00001104 20131008 99999999 1 20141106172645 00077
0001 01 4 _ 409 00001094 20130930 99999999 1 20141112173445 00077
0001 01 4 _ 409 00001095 20130930 99999999 1 20141106171925 00077
0001 01 4 _ 410 00001093 20130930 99999999 1 20141112180847 00077
0001 01 4 _ 411 00000107 20130924 20140501 1 20141112181339 00077
0001 01 4 _ 411 00000115 20130924 99999999 1 20141106190834 00077
0001 01 4 _ 412 00000105 20130924 99999999 1 20141106190920 00077
0001 01 4 _ 412 00001079 20130924 99999999 1 20141106190944 00077
0001 01 4 _ 413 00001092 20130930 99999999 1 20141112180718 00077
0001 01 4 _ 414 00000111 20130901 99999999 1 20141106191053 00077
0001 01 4 _ 415 00000150 20131222 99999999 1 20141106172959 00077
0001 01 4 _ 416 00001075 20130929 99999999 1 20141106192519 00077
0001 01 4 _ 417 00001166 20140410 99999999 1 20141106191503 00077
0001 01 4 _ 417 00001227 20150202 99999999 1 20150212103808 00241
0001 01 4 _ 418 00001126 20131223 99999999 1 20141112180620 00077
0001 01 4 _ 418 00001127 20131223 99999999 1 20141106175252 00077
0001 01 5 _ 501 00000071 20141115 20141115 9 20150202095659 00077
0001 01 5 _ 501 00001226 20141215 99999999 1 20150212101438 00241
0001 01 5 _ 502 00000332 20131128 99999999 1 20141106171141 00077
0001 01 5 _ 502 00000385 20131128 99999999 1 20141106171212 00077
0001 01 5 _ 503 00000332 20131128 99999999 9 20141103192152 00077
0001 01 5 _ 503 00000385 20131128 99999999 1 2014070100000000 00078
0001 01 5 _ 503 00001210 20131128 99999999 1 20141103192400 00077
0001 01 5 _ 504 00001149 20140304 99999999 1 20141106173141 00077
0001 01 5 _ 505 00001148 20140228 99999999 1 20141106184953 00077
0001 01 5 _ 506 00001065 20130901 99999999 1 20141106171732 00077
0001 01 5 _ 507 00001083 20131013 99999999 1 20141112180052 00077
0001 01 5 _ 507 00001236 20150223 99999999 9 20150223164228 00241
0001 01 5 _ 508 00001152 20140308 99999999 1 20141112180134 00077
0001 01 5 _ 508 00001153 20140308 99999999 1 20141106173235 00077
0001 01 5 _ 509 00001076 20130923 99999999 1 20141106171702 00077
0001 01 5 _ 509 00001237 20150223 99999999 9 20150223165001 00241
0001 01 5 _ 510 00000148 20131212 20140414 1 20141106172509 00077
0001 01 5 _ 510 00000149 20131212 99999999 1 20141106172535 00077
0001 01 5 _ 511 00001086 20130930 99999999 1 20141106190758 00077
0001 01 5 _ 511 00001235 20150223 99999999 9 20150223162656 00241
0001 01 5 _ 512 00001087 20130930 99999999 1 20141112180330 00077
0001 01 5 _ 512 00001088 20130930 99999999 1 20141106174047 00077
0001 01 5 _ 514 00000104 20130920 20131228 1 20141106174541 00077
0001 01 5 _ 514 00001169 20140526 99999999 1 20141118152910 00077
0001 01 5 _ 514 00001232 20150130 99999999 1 20150216140059 00241
0001 01 5 _ 515 00001107 20131026 99999999 1 20141106171056 00077
0001 01 5 _ 515 00001230 20150209 99999999 1 20150213151936 00241
0001 01 5 _ 516 00001050 20130904 99999999 1 20141106191356 00077
0001 01 5 _ 516 00001231 20150220 99999999 1 20150303175624 00241
0001 01 5 _ 517 00001089 20130930 99999999 1 20141112181258 00077
0001 01 5 _ 517 00001212 20141201 99999999 9 20150317164725 00240
0001 02 2 00001 251 00000313 20140831 99999999 1 20141118153103 00077
0001 02 2 00001 252 00000879 20150327 20150329 1 20150302150529 00240
0001 02 2 00001 253 00001181 20140820 99999999 1 20140816135949 00009
0001 02 2 00001 254 00001182 20140820 99999999 1 20140816135838 00009
0001 02 2 00001 255 00001213 20141201 99999999 1 20141212120333 00077
0001 02 2 00001 257 00000099 20150101 99999999 1 20150623105231 00077
0001 02 2 00001 258 00000068 20141201 20141201 9 20141203171732 00077
0001 02 2 00001 258 00001240 20150708 99999999 1 20150803160210 00077
0001 02 2 00001 261 00001173 20140901 99999999 9 20141015145912 00077
0001 02 2 00001 261 00001276 20150601 99999999 1 20150701134214 00078
0001 02 2 00001 262 00000889 20141201 20141201 9 20141203172324 00077
0001 02 2 00001 262 00001214 20141201 99999999 1 20141212121144 00077
0001 02 2 00001 265 00000171 20141110 20141120 1 20150616160713 00077
0001 02 2 00001 266 00000059 20140714 99999999 1 20150618164436 00077
0001 02 3 00002 351 00000146 20140429 20140505 1 20140528163919 00022
0001 02 3 00002 351 00000319 20140721 99999999 1 20140820135945 00077
0001 02 3 00002 351 00001178 20140721 99999999 9 20140716112608 00003
0001 02 3 00002 352 00000141 20140416 99999999 1 20150910153339 _
0001 02 3 00002 353 00000144 20140425 99999999 1 20140528144233 00022
0001 02 3 00002 354 00000135 20140406 99999999 1 20140904111803 00077
0001 02 3 00002 354 00000139 20140413 99999999 9 20140418182614 00022
0001 02 3 00002 355 00000143 20140426 99999999 1 20140528140927 00022
0001 02 3 00002 356 00000139 20140406 20140823 1 20140930142419 00077
0001 02 3 00002 356 00001229 20150105 99999999 1 20150803104636 00078
0001 02 3 00002 357 00000134 20140406 20140823 1 20140904121248 00077
0001 02 3 00002 358 00000146 20140506 99999999 1 20140904125458 00077
0001 02 3 00002 359 00000107 20140425 99999999 1 20140528163714 00022
0001 02 3 00002 360 00000147 20140423 99999999 1 20140509115502 00022
0001 02 3 00002 362 00000301 20140522 99999999 1 20140602124150 00022
0001 02 3 00002 363 00000142 20140416 99999999 1 20140427205643 00022
0001 02 3 00002 364 00000305 20141108 99999999 1 20150803104857 00078
0001 02 3 00002 365 00000320 20140725 99999999 1 20140716121231 00009
0001 02 3 00002 366 00000140 20140420 20140710 1 20140820161519 00077
0001 02 3 00002 367 00001228 20150120 99999999 1 20150212134346 00241
0002 01 1 _ 103 00000068 20120321 99999999 1 20141211160641 00077
0002 01 1 _ 103 00000741 20080129 20080129 9 2014070100000000 00078
0002 01 1 _ 104 00000769 20101001 20140605 1 20141215111300 00077
0002 01 1 _ 104 00001215 20141201 99999999 9 20141217195238 00077
0002 01 1 _ 104 00001216 20141201 99999999 9 20141217195345 00077
0002 01 1 _ 104 00001224 20140628 99999999 1 20150105102810 00077
0002 01 1 _ 105 00000758 20090501 99999999 1 20141105133447 00077
0002 01 1 _ 106 00000062 20110806 99999999 1 20141105115641 00077
0002 01 1 _ 106 00001224 20140628 99999999 9 20150105102810 00077
0002 01 1 _ 107 00000038 20081119 20130205 1 20141105140900 00077
0002 01 1 _ 107 00000084 20081119 20130331 1 2014070100000000 00078
0002 01 1 _ 107 00000156 20130914 99999999 1 20141211161017 00077
0002 01 1 _ 107 00000815 20131001 99999999 9 2014070100000000 00078
0002 01 1 _ 107 00000816 20130914 99999999 1 20141118153325 00077
0002 01 2 _ 201 00000048 20111118 99999999 1 20141105120431 00077
0002 01 2 _ 201 00000049 20111118 20120828 1 20141105120604 00077
0002 01 2 _ 202 00000770 20101010 99999999 1 20141105114258 00077
0002 01 2 _ 203 00000801 20111216 99999999 1 20141105141557 00077
0002 01 2 _ 204 00000753 20110301 99999999 1 2014070100000000 00078
0002 01 2 _ 205 00000778 20110209 99999999 1 20141105134134 00077
0002 01 2 _ 206 00000164 20120401 99999999 1 20141112183953 00077
0002 01 2 _ 207 00000803 20120117 99999999 1 20141105120049 00077
0002 01 2 _ 208 00000805 20120228 20131231 1 20141105123237 00077
0002 01 2 _ 208 00000806 20120301 20131231 1 20141105123145 00077
0002 01 2 _ 208 00000818 20140701 99999999 1 20141105121758 00077
0002 01 2 _ 209 00000114 20090527 99999999 1 20141112184411 00077
0002 01 2 _ 209 00000751 20090125 20090127 1 2014070100000000 00078
0002 01 2 _ 210 00000774 20110314 99999999 1 20141105133553 00077
0002 01 2 _ 211 00000081 20111126 99999999 1 20141105115714 00077
0002 01 2 _ 211 00000742 20080205 20100630 1 20141112181904 00077
0002 01 2 _ 212 00000055 20110331 20120731 1 20141118153538 00077
0002 01 2 _ 212 00000812 20121025 99999999 1 20141105135012 00077
0002 01 2 _ 213 00000814 20130401 99999999 1 20141118153441 00077
0002 01 3 _ 301 00000071 20111123 20141105 1 20141105115312 00077
0002 01 3 _ 302 00000795 20111101 20120731 1 20141118153958 00077
0002 01 3 _ 302 00000813 20121113 99999999 1 20141105133809 00077
0002 01 3 _ 303 00000780 20110321 99999999 1 20141118154940 00077
0002 01 3 _ 304 00000016 20110514 99999999 1 20141105134756 00077
0002 01 3 _ 305 00000753 20090418 20110228 1 20141105115511 00077
0002 01 3 _ 305 00000782 20110331 99999999 1 20141118153712 00077
0002 01 3 _ 306 00000784 20110616 99999999 1 20141105142013 00077
0002 01 3 _ 307 00000809 20120409 99999999 1 20141105120247 00077
0002 01 3 _ 308 00000810 20120324 99999999 1 20141105122104 00077
0002 01 3 _ 309 00000755 20090413 20120621 1 20141112184048 00077
0002 01 3 _ 309 00000756 20090424 99999999 1 20141112184116 00077
0002 01 3 _ 310 00000754 20090808 20090915 1 2014070100000000 00078
0002 01 3 _ 310 00000773 20101209 99999999 1 20141105123353 00077
0002 01 3 _ 311 00000766 20100121 99999999 1 20141105134713 00077
0002 01 3 _ 312 00000765 20090930 99999999 1 20141112183755 00077
0002 01 3 _ 313 00000002 20110206 99999999 1 20141105133253 00077
0002 01 3 _ 314 00000771 20110301 99999999 1 20141112183837 00077
0002 01 3 _ 315 00000786 20110801 20121104 1 20141105120854 00077
0002 01 3 _ 316 00000046 20111020 99999999 1 20141105141819 00077
0002 01 3 _ 317 00000757 20090417 99999999 1 20141105121034 00077
0002 01 3 _ 318 00000746 20080527 99999999 1 20141112181952 00077
0002 01 4 _ 402 00000764 20090930 99999999 1 20141118153911 00077
0002 01 4 _ 403 00000747 20080915 20080916 1 2014070100000000 00078
0002 01 4 _ 403 00000791 20111201 99999999 9 2014070100000000 00078
0002 01 4 _ 403 00000808 20120410 99999999 1 20141105141722 00077
0002 01 4 _ 404 00000015 20080502 99999999 1 2014070100000000 00078
0002 01 4 _ 405 00000759 20090531 99999999 1 20141105121459 00077
0002 01 4 _ 406 00000056 20111106 20120902 1 20141105120719 00077
0002 01 4 _ 406 00000057 20111106 20121228 1 20141105120155 00077
0002 01 4 _ 406 00000084 20130401 99999999 1 20141112181659 00077
0002 01 4 _ 406 00000221 20100129 20110131 1 2014070100000000 00078
0002 01 4 _ 407 00000093 20111210 20131130 1 20141105115216 00077
0002 01 4 _ 407 00000805 20140101 99999999 1 20141105123237 00077
0002 01 4 _ 407 00000806 20140101 99999999 1 20141105123145 00077
0002 01 4 _ 408 00000802 20120131 99999999 1 20141105114202 00077
0002 01 4 _ 409 00000752 20090408 99999999 1 20141112181544 00077
0002 01 4 _ 410 00000787 20110828 99999999 1 20141105133131 00077
0002 01 4 _ 411 00000790 20111210 99999999 1 20141105115748 00077
0002 01 4 _ 412 00000754 20090916 99999999 1 20150206122653 00077
0002 01 4 _ 413 00000811 20120406 99999999 1 20141105133053 00077
0002 01 4 _ 414 00000767 20100312 99999999 1 20141105121251 00077
0002 01 4 _ 415 00000743 20080331 99999999 1 20141118154803 00077
0002 01 4 _ 415 00000744 20080331 99999999 1 20141105135442 00077
0003 01 2 _ 210 00000396 20100820 20131031 1 2014070100000000 00078
0003 01 2 _ 210 00000397 20100820 99999999 1 2014070100000000 00078
0003 01 2 _ 210 00000406 20100617 20100619 1 2014070100000000 00078
0003 01 2 _ 210 00001258 20150601 20270630 1 20150608104445 00247
0003 01 2 _ 211 00000405 20100901 99999999 1 2014070100000000 00078
0003 01 2 _ 212 00000335 20100218 20120731 1 2014070100000000 00078
0003 01 2 _ 212 00000545 20121015 99999999 1 2014070100000000 00078
0003 01 2 _ 213 00000337 20100227 99999999 1 2014070100000000 00078
0003 01 2 _ 214 00000339 20100314 99999999 1 2014070100000000 00078
0003 01 2 _ 215 00000357 20100416 20110522 1 2014070100000000 00078
0003 01 2 _ 215 00000506 20120222 99999999 1 2014070100000000 00078
0003 01 2 _ 216 00000168 20100403 99999999 1 20141112153233 00077
0003 01 2 _ 217 00000356 20100406 99999999 1 2014070100000000 00078
0003 01 2 _ 218 00000373 20100608 99999999 1 2014070100000000 00078
0003 01 2 _ 219 00000436 20101218 20120401 1 2014070100000000 00078
0003 01 2 _ 219 00000437 20101218 99999999 1 2014070100000000 00078
0003 01 2 _ 220 00000399 20100821 20110723 1 2014070100000000 00078
0003 01 2 _ 220 00000499 20111118 99999999 1 2014070100000000 00078
0003 01 2 _ 220 00000500 20111118 20111231 1 2014070100000000 00078
0003 01 3 _ 0 00000374 20100410 20100411 1 2014070100000000 00078
0003 01 3 _ 0 00000375 20100410 20100411 1 2014070100000000 00078
0003 01 3 _ 311 00000332 20100401 20100610 1 2014070100000000 00078
0003 01 3 _ 311 00000410 20100930 99999999 1 20141118150321 00077
0003 01 3 _ 312 00000094 20111103 99999999 1 2014070100000000 00078
0003 01 3 _ 312 00000325 20100227 20110630 1 2014070100000000 00078
0003 01 3 _ 312 00000326 20100227 20110630 1 2014070100000000 00078
0003 01 3 _ 313 00000007 20100826 20100827 1 2014070100000000 00078
0003 01 3 _ 313 00000407 20100820 20100822 1 2014070100000000 00078
0003 01 3 _ 313 00000408 20100820 20100822 1 2014070100000000 00078
0003 01 3 _ 313 00000428 20100924 20100925 1 2014070100000000 00078
0003 01 3 _ 313 00000429 20100924 20100925 1 2014070100000000 00078
0003 01 3 _ 313 00000430 20101009 20101010 1 2014070100000000 00078
0003 01 3 _ 313 00000431 20101019 20101020 1 2014070100000000 00078
0003 01 3 _ 313 00000438 20101211 99999999 1 2014070100000000 00078
0003 01 3 _ 314 00000042 20100321 99999999 1 2014070100000000 00078
0003 01 3 _ 315 00000376 20100501 99999999 1 2014070100000000 00078
0003 01 3 _ 316 00000372 20100501 99999999 1 2014070100000000 00078
0003 01 3 _ 317 00000359 20100501 99999999 1 2014070100000000 00078
0003 01 3 _ 318 00000378 20100907 99999999 1 2014070100000000 00078
0003 01 3 _ 319 00000340 20100308 99999999 1 20141118145754 00077
0003 01 3 _ 319 00000341 20100308 99999999 1 2014070100000000 00078
0003 01 3 _ 320 00000331 20100209 20111227 1 2014070100000000 00078
0003 01 3 _ 320 00000530 20120725 99999999 1 20141118150527 00077
0003 01 4 _ 401 00000370 20100610 99999999 1 2014070100000000 00078
0003 01 4 _ 401 00000371 20100610 99999999 1 2014070100000000 00078
0003 01 4 _ 402 00000520 20120601 99999999 1 20141112164930 00077
0003 01 4 _ 402 00000521 20120601 99999999 1 2014070100000000 00078
0003 01 4 _ 403 00000439 20101226 99999999 1 2014070100000000 00078
0003 01 4 _ 404 00000476 20110608 99999999 1 2014070100000000 00078
0003 01 4 _ 405 00000036 20110702 99999999 1 2014070100000000 00078
0003 01 4 _ 406 00000170 20111121 99999999 1 2014070100000000 00078
0003 01 4 _ 406 00000475 20110801 99999999 9 2014070100000000 00078
0003 01 4 _ 406 00000502 20111121 20140507 1 2014070100000000 00078
0003 01 4 _ 407 00000411 20110413 99999999 1 20141118180112 00077
0003 01 4 _ 408 00000434 20101118 20120731 1 2014070100000000 00078
0003 01 4 _ 408 00000533 20120801 99999999 1 2014070100000000 00078
0003 01 4 _ 408 00000534 20120801 99999999 1 2014070100000000 00078
0003 01 4 _ 409 00000355 20100514 99999999 1 2014070100000000 00078
0003 01 4 _ 410 00000525 20120501 99999999 1 2014070100000000 00078
0003 01 4 _ 414 00000473 20110417 99999999 1 2014070100000000 00078
0003 01 4 _ 415 00000158 20120108 99999999 1 2014070100000000 00078
0003 01 4 _ 415 00000472 20110429 20110604 1 2014070100000000 00078
0003 01 4 _ 415 00000504 20120108 99999999 1 2014070100000000 00078
0003 01 4 _ 416 00000513 20120315 99999999 1 20141118150106 00077
0003 01 4 _ 416 00000514 20120315 99999999 1 2014070100000000 00078
0003 01 4 _ 417 00000064 20110830 99999999 1 2014070100000000 00078
0003 01 4 _ 418 00000035 20101025 99999999 1 2014070100000000 00078
0003 01 4 _ 419 00000166 20110710 99999999 1 2014070100000000 00078
0003 01 4 _ 419 00000318 20110710 99999999 1 2014070100000000 00078
0003 01 4 _ 420 00000529 20120707 99999999 1 2014070100000000 00078
0003 01 4 _ 421 00000480 20111117 99999999 1 2014070100000000 00078
0003 01 5 _ 501 00000469 20110409 20140524 1 20141001122827 00077
0003 01 5 _ 501 00000470 20110409 20140524 1 20141001123200 00077
0003 01 5 _ 501 00001202 20150401 99999999 1 20150715155835 00078
0003 01 5 _ 502 00000509 20120509 99999999 1 2014070100000000 00078
0003 01 5 _ 502 00000510 20120509 99999999 1 2014070100000000 00078
0003 01 5 _ 503 00000512 20120227 99999999 1 2014070100000000 00078
0003 01 5 _ 504 00000400 20101028 99999999 1 2014070100000000 00078
0003 01 5 _ 505 00000522 20120929 99999999 1 20141112171002 00077
0003 01 5 _ 506 00000381 20101101 99999999 1 2014070100000000 00078
0003 01 5 _ 507 00000441 20110223 99999999 1 2014070100000000 00078
0003 01 5 _ 507 00001197 20140709 20180831 1 20140828105830 00077
0003 01 5 _ 508 00000540 20121029 99999999 1 2014070100000000 00078
0003 01 5 _ 508 00000541 20121029 99999999 1 2014070100000000 00078
0003 01 5 _ 509 00000388 20100917 20110828 1 2014070100000000 00078
0003 01 5 _ 509 00000389 20100917 20110828 1 2014070100000000 00078
0003 01 5 _ 509 00000503 20120127 99999999 1 2014070100000000 00078
0003 01 5 _ 510 00000456 20110427 99999999 1 2014070100000000 00078
0003 01 5 _ 511 00000362 20101020 99999999 1 20141112154942 00077
0003 01 5 _ 511 00000363 20101020 99999999 1 2014070100000000 00078
0003 01 5 _ 512 00000477 20110604 99999999 1 20141118180200 00077
0003 01 5 _ 512 00000478 20110604 99999999 1 2014070100000000 00078
0003 01 5 _ 513 00000024 20110418 20120129 1 2014070100000000 00078
0003 01 5 _ 513 00000539 20121222 99999999 1 2014070100000000 00078
0003 01 5 _ 514 00000422 20110313 99999999 1 2014070100000000 00078
0003 01 5 _ 514 00000423 20110313 99999999 1 2014070100000000 00078
0003 01 5 _ 515 00000418 20101011 99999999 1 20141118145458 00077
0003 01 5 _ 515 00000419 20101011 99999999 1 2014070100000000 00078
0003 01 5 _ 516 00000007 20110124 99999999 1 2014070100000000 00078
0003 01 5 _ 517 00000379 20110424 99999999 1 2014070100000000 00078
0003 01 5 _ 518 00000414 20101212 99999999 1 2014070100000000 00078
0003 01 5 _ 519 00000393 20101216 99999999 1 2014070100000000 00078
0003 01 5 _ 519 00000394 20101216 99999999 1 2014070100000000 00078
0003 01 5 _ 520 00000490 20110721 20121119 1 2014070100000000 00078
0003 01 5 _ 520 00000491 20110721 99999999 1 20141112170706 00077
0003 01 5 _ 521 00000445 20110329 99999999 1 2014070100000000 00078
0003 01 6 _ 601 00000560 20130723 99999999 1 2014070100000000 00078
0003 01 6 _ 601 00000562 20130723 99999999 1 2014070100000000 00078
0003 01 6 _ 602 00000553 20130405 99999999 1 20141118150240 00077
0003 01 6 _ 602 00000554 20130405 99999999 1 2014070100000000 00078
0003 01 6 _ 603 00000346 20101031 99999999 9 2014070100000000 00078
0003 01 6 _ 603 00000483 20111003 99999999 1 20141112171222 00077
0003 01 6 _ 604 00000546 20121025 99999999 1 2014070100000000 00078
0003 01 6 _ 605 00000344 20100309 99999999 1 20141112153501 00077
0003 01 6 _ 606 00000354 20100606 99999999 1 20141112163214 00077
0003 01 6 _ 606 00001197 20140807 20180831 9 20140828105044 00077
0003 01 6 _ 607 00000333 20100216 20100407 1 2014070100000000 00078
0003 01 6 _ 607 00000334 20100216 20100407 1 2014070100000000 00078
0003 01 6 _ 607 00000451 20110512 99999999 1 2014070100000000 00078
0003 01 6 _ 608 00000368 20100521 99999999 1 2014070100000000 00078
0003 01 6 _ 608 00000369 20100521 99999999 1 2014070100000000 00078
0003 01 6 _ 609 00000329 20100207 99999999 1 20141118180601 00077
0003 01 6 _ 610 00000338 20100228 99999999 1 2014070100000000 00078
0003 01 6 _ 611 00000360 20100701 99999999 1 20141112152848 00077
0003 01 6 _ 611 00000366 20100701 99999999 1 2014070100000000 00078
0003 01 6 _ 612 00000348 20100319 99999999 1 2014070100000000 00078
0003 01 6 _ 612 00000349 20100319 99999999 1 2014070100000000 00078
0003 01 6 _ 613 00000336 20100221 20110831 1 2014070100000000 00078
0003 01 6 _ 613 00000395 20111001 99999999 1 2014070100000000 00078
0003 01 6 _ 614 00000401 20100930 99999999 1 20141112153405 00077
0003 01 6 _ 614 00000402 20100930 99999999 1 2014070100000000 00078
0003 01 6 _ 615 00000306 20100604 99999999 1 20141118150731 00077
0003 01 6 _ 615 00000364 20100604 20131210 1 2014070100000000 00078
0003 01 6 _ 616 00000061 20100422 99999999 1 2014070100000000 00078
0003 01 6 _ 617 00000398 20100925 99999999 1 2014070100000000 00078
0003 01 6 _ 618 00000395 20101112 20110930 1 20141112170329 00077
0003 01 6 _ 618 00000511 20120112 99999999 1 2014070100000000 00078
0003 01 6 _ 619 00000004 20100321 20110320 1 2014070100000000 00078
0003 01 6 _ 619 00000494 20111012 99999999 1 20141112153904 00077
0003 01 6 _ 619 00000495 20111012 99999999 1 2014070100000000 00078
0003 01 6 _ 620 00000350 20100411 20111130 1 2014070100000000 00078
0003 01 6 _ 620 00000351 20100411 99999999 1 2014070100000000 00078
0003 01 6 _ 621 00000342 20100314 20110831 1 2014070100000000 00078
0003 01 6 _ 621 00000343 20100314 20131225 1 2014070100000000 00078
0003 01 6 _ 621 00000565 20140319 99999999 1 2014070100000000 00078
0003 01 6 _ 621 00000566 20140319 99999999 1 2014070100000000 00078
0003 01 7 _ 701 00000422 20101106 20110312 1 20141118145625 00077
0003 01 7 _ 701 00000423 20101106 20110312 1 20141029185555 00077
0003 01 7 _ 701 00000517 20120323 20121117 1 20141112155909 00077
0003 01 7 _ 701 00000518 20120323 99999999 1 2014070100000000 00078
0003 01 7 _ 702 00000025 20110602 20110605 1 2014070100000000 00078
0003 01 7 _ 702 00000163 20120705 20120706 1 2014070100000000 00078
0003 01 7 _ 702 00000454 20110311 20110313 1 2014070100000000 00078
0003 01 7 _ 702 00000455 20110311 20110313 1 2014070100000000 00078
0003 01 7 _ 702 00000480 20110616 20110618 1 20141118150453 00077
0003 01 7 _ 702 00000481 20110622 20110623 1 2014070100000000 00078
0003 01 7 _ 702 00000490 20110306 20110308 1 20141112170837 00077
0003 01 7 _ 702 00000491 20110306 20110308 1 20141112170706 00077
0003 01 7 _ 702 00000526 20120415 20120420 1 2014070100000000 00078
0003 01 7 _ 702 00000527 20120607 20120608 1 2014070100000000 00078
0003 01 7 _ 702 00000532 20120628 20120629 1 2014070100000000 00078
0003 01 7 _ 702 00000536 20120816 20120817 1 2014070100000000 00078
0003 01 7 _ 702 00000537 20120809 20120810 9 2014070100000000 00078
0003 01 7 _ 702 00000539 20120612 20120613 1 2014070100000000 00078
0003 01 7 _ 702 00000540 20120404 20120405 1 20141112162525 00077
0003 01 7 _ 702 00000541 20120404 20120405 1 2014070100000000 00078
0003 01 7 _ 702 00000548 20121215 99999999 1 2014070100000000 00078
0003 01 7 _ 702 00000549 20120809 20120810 1 2014070100000000 00078
0003 01 7 _ 703 00000100 20130531 99999999 1 2014070100000000 00078
0003 01 7 _ 703 00000528 20120607 20120608 1 2014070100000000 00078
0003 01 7 _ 703 00000542 20120924 20130317 1 2014070100000000 00078
0003 01 7 _ 704 00000069 20120830 20130918 1 2014070100000000 00078
0003 01 7 _ 704 00000563 20140201 99999999 1 2014070100000000 00078
0003 01 7 _ 705 00000519 20120330 20120621 1 2014070100000000 00078
0003 01 7 _ 705 00000532 20120801 99999999 1 2014070100000000 00078
0003 01 7 _ 706 00000526 20120421 99999999 1 2014070100000000 00078
0003 01 7 _ 707 00000444 20101220 20101221 1 2014070100000000 00078
0003 01 7 _ 707 00000449 20110107 20110110 1 2014070100000000 00078
0003 01 7 _ 707 00000450 20110126 20110128 1 2014070100000000 00078
0003 01 7 _ 707 00000457 20110608 99999999 1 2014070100000000 00078
0003 01 7 _ 708 00000163 20121020 99999999 1 2014070100000000 00078
0003 01 7 _ 709 00000332 20110331 20110428 1 2014070100000000 00078
0003 01 7 _ 709 00000493 20110926 99999999 1 2014070100000000 00078
0003 01 7 _ 709 00000496 20110926 99999999 1 2014070100000000 00078
0003 01 7 _ 710 00000515 20120411 99999999 1 20141112153959 00077
0003 01 7 _ 710 00000516 20120411 99999999 1 2014070100000000 00078
0003 01 7 _ 712 00000392 20100929 99999999 1 20141112165041 00077
0003 01 7 _ 713 00000382 20101028 99999999 1 20141112162745 00077
0003 01 7 _ 714 00000507 20111219 99999999 1 20141112155149 00077
0003 01 7 _ 714 00000508 20111219 99999999 1 2014070100000000 00078
0003 01 7 _ 715 00000377 20100901 20101127 1 2014070100000000 00078
0003 01 7 _ 715 00000454 20110528 99999999 1 2014070100000000 00078
0003 01 7 _ 716 00000447 20110215 99999999 1 2014070100000000 00078
0003 01 7 _ 717 00000432 20110417 99999999 1 20141112153129 00077
0003 01 7 _ 718 00000448 20111231 99999999 9 2014070100000000 00078
0003 01 7 _ 718 00000486 20110901 99999999 1 2014070100000000 00078
0003 01 7 _ 719 00000380 20101228 99999999 1 20141118175957 00077
0003 01 7 _ 720 00000466 20110706 99999999 1 2014070100000000 00078
0003 01 7 _ 720 00000474 20110706 99999999 1 2014070100000000 00078
0003 01 7 _ 721 00000415 20110121 99999999 1 20141112171121 00077
0003 01 7 _ 721 00000416 20110121 99999999 1 2014070100000000 00078
0003 01 8 _ 801 00000019 20110423 20120525 1 20141112154420 00077
0003 01 8 _ 801 00000096 20121028 20121030 1 2014070100000000 00078
0003 01 8 _ 801 00000163 20120919 20120920 1 20141118145839 00077
0003 01 8 _ 801 00000536 20120816 20120817 1 2014070100000000 00078
0003 01 8 _ 801 00000552 20121209 20121210 1 2014070100000000 00078
0003 01 8 _ 801 00000558 20130501 99999999 1 20141112162658 00077
0003 01 8 _ 801 00000559 20130501 99999999 1 2014070100000000 00078
0003 01 8 _ 802 00000488 20111205 20120731 1 2014070100000000 00078
0003 01 8 _ 802 00000489 20111205 20120731 1 2014070100000000 00078
0003 01 8 _ 802 00000556 20130507 99999999 1 2014070100000000 00078
0003 01 8 _ 802 00000557 20130507 99999999 1 2014070100000000 00078
0003 01 8 _ 803 00000544 20120927 99999999 1 2014070100000000 00078
0003 01 8 _ 804 00000549 20130508 20140201 1 2014070100000000 00078
0003 01 8 _ 804 00001192 20140720 99999999 1 20140818134617 00077
0003 01 8 _ 805 00000087 20100331 99999999 1 2014070100000000 00078
0003 01 8 _ 806 00000531 20120716 99999999 1 2014070100000000 00078
0003 01 8 _ 807 00000527 20120711 99999999 1 20141118150018 00077
0003 01 8 _ 807 00000528 20120711 99999999 1 2014070100000000 00078
0003 01 8 _ 808 00000355 20100316 20100513 1 20141112163635 00077
0003 01 8 _ 808 00000450 20110517 99999999 1 20141112155624 00077
0003 01 8 _ 809 00000151 20110314 99999999 1 20141118150856 00077
0003 01 8 _ 809 00000462 20110314 99999999 1 2014070100000000 00078
0003 01 8 _ 813 00000383 20100708 99999999 1 2014070100000000 00078
0003 01 8 _ 813 00000384 20100708 99999999 1 2014070100000000 00078
0003 01 8 _ 815 00000327 20100201 99999999 1 20141112163516 00077
0003 01 8 _ 817 00000328 20100207 99999999 1 20141118150605 00077
0003 01 8 _ 819 00001179 20100207 99999999 1 2014070100000000 00078
0003 01 8 _ 821 00000020 20101101 20130204 1 20141112163017 00077
0003 01 8 _ 821 00000542 20130318 99999999 1 20141118150805 00077
0003 01 9 _ 901 00000390 20110414 99999999 1 20141112163127 00077
0003 01 9 _ 901 00000391 20110414 99999999 1 2014070100000000 00078
0003 01 9 _ 902 00000523 20120331 20121031 1 2014070100000000 00078
0003 01 9 _ 902 00000524 20120331 20121031 1 2014070100000000 00078
0003 01 9 _ 902 00000561 20130806 99999999 1 2014070100000000 00078
0003 01 9 _ 903 00001183 20110419 99999999 1 2014070100000000 00078
0003 01 9 _ 904 00000025 20110625 99999999 1 2014070100000000 00078
0003 01 9 _ 905 00000498 20111110 20130923 1 2014070100000000 00078
0003 01 9 _ 905 00000564 20140304 99999999 1 2014070100000000 00078
0003 01 9 _ 906 00000543 20120923 99999999 1 2014070100000000 00078
0003 01 9 _ 907 00000096 20130127 99999999 1 2014070100000000 00078
0003 01 9 _ 908 00000386 20101216 99999999 1 20141112164332 00077
0003 01 9 _ 908 00000387 20101216 99999999 1 2014070100000000 00078
0003 01 9 _ 909 00000050 20110323 99999999 1 2014070100000000 00078
0003 01 9 _ 909 00000442 20110323 99999999 1 2014070100000000 00078
0004 01 1 _ 101 00000059 20050827 99999999 1 20141206170913 00077
0004 01 1 _ 102 00000635 20040901 20110429 1 20141112142015 00077
0004 01 1 _ 102 00000726 20130924 99999999 1 20141112120200 00077
0004 01 1 _ 103 00000666 20050325 20050727 1 20141112151113 00077
0004 01 1 _ 103 00000680 20051007 99999999 1 20141112140143 00077
0004 01 1 _ 104 00000613 20040430 99999999 1 20141112141439 00077
0004 01 1 _ 104 00000614 20040430 99999999 1 2014070100000000 00078
0004 01 1 _ 105 00000667 20050612 99999999 1 2014070100000000 00078
0004 01 1 _ 106 00000032 20050708 20111127 1 20141112142646 00077
0004 01 1 _ 106 00000622 20040327 20040630 1 2014070100000000 00078
0004 01 1 _ 106 00000623 20040327 20040630 1 2014070100000000 00078
0004 01 1 _ 106 00000674 20050708 99999999 1 20141118144148 00077
0004 01 1 _ 107 00000620 20040417 20070826 1 20141112140559 00077
0004 01 1 _ 107 00000621 20040417 99999999 1 20150203140211 00077
0004 01 1 _ 108 00000608 20040219 20071004 1 2014070100000000 00078
0004 01 1 _ 108 00000699 20080915 99999999 1 20141118144027 00077
0004 01 1 _ 108 00000700 20080915 99999999 1 2014070100000000 00078
0004 01 1 _ 109 00000041 20050527 20130713 1 2014070100000000 00078
0004 01 1 _ 109 00000309 20140625 20150624 1 20141112151432 00077
0004 01 1 _ 109 00000624 20040330 20050227 1 2014070100000000 00078
0004 01 1 _ 121 00000011 20060122 20120323 1 20141112142422 00077
0004 01 1 _ 121 00000736 20140331 99999999 1 2014070100000000 00078
0004 01 1 _ 122 00000655 20050310 20100625 1 2014070100000000 00078
0004 01 1 _ 122 00000711 20111201 20130621 1 2014070100000000 00078
0004 01 1 _ 123 00000656 20050429 99999999 1 20141112120859 00077
0004 01 1 _ 124 00000074 20100515 99999999 1 2014070100000000 00078
0004 01 1 _ 124 00000327 20080930 20081130 1 2014070100000000 00078
0004 01 1 _ 124 00000675 20050728 20061108 1 2014070100000000 00078
0004 01 1 _ 125 00000679 20060101 20101003 1 20141112151239 00077
0004 01 1 _ 125 00000722 20130611 99999999 1 20141112151522 00077
0004 01 2 _ 201 00000155 20131025 99999999 1 20141118144828 00077
0004 01 2 _ 201 00000638 20041028 20110602 1 20141112140830 00077
0004 01 2 _ 201 00000730 20131025 99999999 1 2014070100000000 00078
0004 01 2 _ 202 00000615 20040327 99999999 1 20141112142343 00077
0004 01 2 _ 203 00000625 20040411 99999999 1 2014070100000000 00078
0004 01 2 _ 204 00000634 20041202 99999999 1 2014070100000000 00078
0004 01 2 _ 205 00000072 20121014 99999999 1 2014070100000000 00078
0004 01 2 _ 205 00000672 20050623 20051220 1 20141112140424 00077
0004 01 2 _ 205 00000686 20060723 20110616 1 2014070100000000 00078
0004 01 2 _ 206 00000619 20040327 99999999 1 2014070100000000 00078
0004 01 2 _ 207 00000598 20040223 99999999 1 20141118144354 00077
0004 01 2 _ 207 00000599 20040223 99999999 1 2014070100000000 00078
0004 01 2 _ 208 00000607 20040315 99999999 1 2014070100000000 00078
0004 01 2 _ 209 00000651 20050206 99999999 1 20141112120654 00077
0004 01 2 _ 210 00000643 20041118 20070225 1 2014070100000000 00078
0004 01 2 _ 210 00000698 20080115 99999999 1 2014070100000000 00078
0004 01 2 _ 211 00000689 20070127 20091126 1 20141112142257 00077
0004 01 2 _ 211 00000690 20070127 20100331 1 2014070100000000 00078
0004 01 2 _ 211 00000727 20131005 20140420 1 2014070100000000 00078
0004 01 2 _ 211 00000728 20131005 99999999 1 2014070100000000 00078
0004 01 2 _ 212 00000682 20060303 99999999 1 20141112134130 00077
0004 01 2 _ 212 00000683 20060303 99999999 1 2014070100000000 00078
0004 01 2 _ 213 00000660 20050319 99999999 1 20141112133450 00077
0004 01 2 _ 214 00000678 20050930 99999999 1 20141112135915 00077
0004 01 2 _ 215 00000644 20041201 20131220 1 2014070100000000 00078
0004 01 2 _ 216 00000058 20090311 20131028 9 2014070100000000 00078
0004 01 2 _ 216 00000648 20041221 20080619 1 2014070100000000 00078
0004 01 2 _ 216 00000739 20140719 99999999 1 2014070100000000 00078
0004 01 2 _ 217 00000110 20130609 99999999 1 20141118144606 00077
0004 01 2 _ 217 00000653 20050228 20130204 1 2014070100000000 00078
0004 01 2 _ 218 00000054 20091201 99999999 1 2014070100000000 00078
0004 01 2 _ 218 00000668 20050331 20090403 1 20141112150744 00077
0004 01 2 _ 219 00000010 20110319 20121203 1 2014070100000000 00078
0004 01 2 _ 219 00000642 20041128 20100807 1 2014070100000000 00078
0004 01 2 _ 219 00001193 20140812 99999999 1 20140818140420 00077
0004 01 2 _ 220 00000033 20050331 20120630 1 20141112144703 00077
0004 01 2 _ 220 00000725 20130708 99999999 1 2014070100000000 00078
0004 01 2 _ 221 00000083 20040911 20101031 1 2014070100000000 00078
0004 01 2 _ 221 00000636 20040911 20100923 1 20141112140102 00077
0004 01 2 _ 221 00000731 20131203 99999999 1 2014070100000000 00078
0004 01 2 _ 221 00000732 20131203 99999999 1 2014070100000000 00078
0004 01 2 _ 222 00000051 20050602 99999999 1 20150802121458 00077
0004 01 2 _ 223 00000664 20050331 99999999 1 2014070100000000 00078
0004 01 2 _ 224 00000641 20041125 20060613 1 20141112151033 00077
0004 01 2 _ 224 00000696 20071110 99999999 1 2014070100000000 00078
0004 01 2 _ 224 00000697 20071110 20111102 1 2014070100000000 00078
0004 01 2 _ 225 00000533 20041008 20120731 1 2014070100000000 00078
0004 01 2 _ 225 00000534 20041008 20120731 1 2014070100000000 00078
0004 01 2 _ 225 00000721 20130331 99999999 1 2014070100000000 00078
0004 01 2 _ 229 00000617 20040330 20101024 1 20141112135824 00077
0004 01 2 _ 229 00000712 20120316 99999999 1 20141112140032 00077
0004 01 2 _ 230 00000632 20040731 20050123 1 20141112141549 00077
0004 01 2 _ 230 00000633 20040731 99999999 1 20141112134355 00077
0004 01 2 _ 231 00000591 20040214 99999999 1 20141112151551 00077
0004 01 2 _ 231 00000592 20040214 99999999 1 2014070100000000 00078
0004 01 2 _ 232 00000626 20040528 99999999 1 2014070100000000 00078
0004 01 2 _ 233 00000684 20060303 99999999 1 20141112133931 00077
0004 01 2 _ 233 00000685 20060303 99999999 1 2014070100000000 00078
0004 01 3 _ 301 00000600 20040327 99999999 1 2014070100000000 00078
0004 01 3 _ 302 00000014 20040504 20130331 1 20141112151207 00077
0004 01 3 _ 302 00000606 20040504 99999999 1 20141112151844 00077
0004 01 3 _ 303 00000017 20040229 20110712 1 20141112151138 00077
0004 01 3 _ 303 00000713 20120615 20140429 1 2014070100000000 00078
0004 01 3 _ 304 00000012 20041206 20140517 1 20141112141754 00077
0004 01 3 _ 304 00000601 20040318 20070415 1 2014070100000000 00078
0004 01 3 _ 305 00000669 20050601 99999999 1 2014070100000000 00078
0004 01 3 _ 306 00000603 20040305 99999999 1 20141112121413 00077
0004 01 3 _ 307 00000595 20040219 99999999 1 20141112135957 00077
0004 01 3 _ 308 00000609 20040311 20091102 1 20141112142158 00077
0004 01 3 _ 308 00000610 20040311 20100131 1 2014070100000000 00078
0004 01 3 _ 308 00000714 20120803 99999999 1 2014070100000000 00078
0004 01 3 _ 308 00000715 20120803 99999999 1 2014070100000000 00078
0004 01 3 _ 309 00000659 20050401 20070716 1 2014070100000000 00078
0004 01 3 _ 309 00000691 20071001 99999999 1 2014070100000000 00078
0004 01 3 _ 310 00000654 20050303 99999999 1 2014070100000000 00078
0004 01 3 _ 312 00000662 20050324 20090827 1 20141112151000 00077
0004 01 3 _ 312 00000663 20050324 99999999 1 20141112151713 00077
0004 01 3 _ 313 00000657 20050315 20100616 1 20141112141026 00077
0004 01 3 _ 313 00000658 20050315 20100911 1 20141112141002 00077
0004 01 3 _ 313 00000718 20130309 99999999 1 2014070100000000 00078
0004 01 3 _ 314 00000670 20050531 99999999 1 2014070100000000 00078
0004 01 3 _ 315 00000639 20041119 99999999 1 20141112120410 00077
0004 01 3 _ 316 00000612 20041001 99999999 1 2014070100000000 00078
0004 01 3 _ 317 00000031 20040630 20130228 1 2014070100000000 00078
0004 01 3 _ 317 00000733 20140313 99999999 1 2014070100000000 00078
0004 01 3 _ 318 00000652 20050123 20130809 1 2014070100000000 00078
0004 01 3 _ 319 00000647 20041220 99999999 1 20141112121645 00077
0004 01 3 _ 320 00000640 20041119 20080204 1 2014070100000000 00078
0004 01 3 _ 320 00000702 20081120 20090215 1 2014070100000000 00078
0004 01 3 _ 320 00000705 20090711 99999999 1 20141118144247 00077
0004 01 3 _ 321 00000596 20040313 99999999 1 2014070100000000 00078
0004 01 3 _ 322 00000052 20121003 99999999 1 2014070100000000 00078
0004 01 3 _ 322 00000593 20040214 99999999 1 20141112134522 00077
0004 01 3 _ 323 00000677 20050829 20120831 1 2014070100000000 00078
0004 01 3 _ 323 00000719 20130331 99999999 1 2014070100000000 00078
0004 01 3 _ 324 00000650 20050107 20111231 1 2014070100000000 00078
0004 01 3 _ 324 00000717 20121119 99999999 1 2014070100000000 00078
0004 01 3 _ 325 00000028 20110128 99999999 1 20141112133544 00077
0004 01 3 _ 325 00000047 20110201 99999999 1 2014070100000000 00078
0004 01 3 _ 325 00000597 20040223 20090911 1 2014070100000000 00078
0004 01 3 _ 326 00000618 20040326 99999999 1 20141112123007 00077
0004 01 3 _ 327 00000628 20040713 99999999 1 2014070100000000 00078
0004 01 3 _ 328 00000649 20050101 99999999 1 2014070100000000 00078
0004 01 3 _ 329 00000327 20081201 20100131 1 20141112135653 00077
0004 01 3 _ 329 00000611 20080408 20080416 1 2014070100000000 00078
0004 01 3 _ 329 00000734 20140331 99999999 1 20141118144737 00077
0004 01 3 _ 329 00000735 20140331 99999999 1 2014070100000000 00078
0004 01 3 _ 330 00000616 20040301 99999999 1 2014070100000000 00078
0004 01 3 _ 331 00000631 20040801 99999999 1 20141118144931 00077
0004 01 3 _ 331 00000646 20041201 99999999 1 2014070100000000 00078
0004 01 3 _ 332 00000590 20040214 99999999 1 2014070100000000 00078
0004 01 3 _ 333 00000687 20061031 99999999 1 2014070100000000 00078
0004 01 3 _ 333 00000688 20061031 20110705 1 2014070100000000 00078
0005 01 1 _ 101 00000824 20080831 20131018 1 20141105173911 00077
0005 01 1 _ 102 00000864 20100801 20150115 1 20150204170826 00077
0005 01 1 _ 103 00000830 20081031 99999999 1 20141118143042 00077
0005 01 1 _ 103 00000831 20081031 99999999 1 20141105174332 00077
0005 01 1 _ 104 00000844 20090614 99999999 1 20141105163006 00077
0005 01 1 _ 105 00000820 20080331 99999999 1 20141112172419 00077
0005 01 2 _ 201 00000856 20100409 20100410 1 2014070100000000 00078
0005 01 2 _ 201 00000866 20110115 20110731 1 20141112172502 00077
0005 01 2 _ 201 00000867 20110115 20110731 1 20141105180734 00077
0005 01 2 _ 201 00000888 20130331 99999999 1 20141105163213 00077
0005 01 2 _ 201 00000889 20130331 99999999 1 20141105180227 00077
0005 01 2 _ 202 00000857 20100409 20100410 1 2014070100000000 00078
0005 01 2 _ 202 00000869 20110324 20110509 1 2014070100000000 00078
0005 01 2 _ 202 00000882 20120317 99999999 1 20141105173052 00077
0005 01 2 _ 203 00000855 20100331 99999999 1 20141112172116 00077
0005 01 2 _ 204 00000828 20080930 99999999 1 20141112171519 00077
0005 01 2 _ 205 00000078 20121130 20121203 1 2014070100000000 00078
0005 01 2 _ 205 00000091 20130225 20130228 1 2014070100000000 00078
0005 01 2 _ 205 00000885 20120601 20120602 1 2014070100000000 00078
0005 01 2 _ 205 00000886 20120703 20120704 1 2014070100000000 00078
0005 01 2 _ 205 00000894 20130225 20130228 1 2014070100000000 00078
0005 01 2 _ 205 00000896 20130324 20130325 1 2014070100000000 00078
0005 01 2 _ 205 00000897 20130417 20130419 1 2014070100000000 00078
0005 01 2 _ 205 00000898 20130421 20130425 1 2014070100000000 00078
0005 01 2 _ 206 00000066 20120512 20120513 1 2014070100000000 00078
0005 01 2 _ 206 00000852 20120626 99999999 1 2014070100000000 00078
0005 01 2 _ 206 00000880 20111012 20111014 1 2014070100000000 00078
0005 01 2 _ 206 00000881 20111012 20111014 1 2014070100000000 00078
0005 01 2 _ 207 00000091 20130331 20130801 1 20141105173210 00077
0005 01 2 _ 207 00000885 20120914 20121123 1 20141105173305 00077
0005 01 2 _ 207 00000894 20130331 99999999 1 20141112172342 00077
0005 01 2 _ 208 00000875 20120331 20140327 1 20141118142910 00077
0005 01 2 _ 208 00000876 20120331 99999999 1 20141112172808 00077
0005 01 2 _ 209 00000852 20100701 20120625 1 20141105175013 00077
0005 01 2 _ 209 00000871 20120801 99999999 1 2014070100000000 00078
0005 01 2 _ 212 00000849 20091016 99999999 1 20141105175355 00077
0005 01 2 _ 213 00000301 20111024 20140528 1 20141105180951 00077
0005 01 2 _ 214 00000860 20100501 20100530 1 2014070100000000 00078
0005 01 2 _ 214 00000863 20100701 20100704 1 2014070100000000 00078
0005 01 2 _ 214 00000868 20110311 20140415 1 20141105180608 00077
0005 01 3 _ 301 00000037 20080930 99999999 1 20141105174019 00077
0005 01 3 _ 302 00000840 20090331 99999999 1 20141105173005 00077
0005 01 3 _ 303 00000160 20100516 99999999 1 20141118143309 00077
0005 01 3 _ 304 00000071 20141113 99999999 1 20150202121230 00077
0005 01 3 _ 304 00000860 20100530 20110330 1 2014070100000000 00078
0005 01 3 _ 305 00000851 20091219 99999999 1 20141105175754 00077
0005 01 3 _ 306 00000753 20090214 20090216 1 2014070100000000 00078
0005 01 3 _ 306 00000823 20080815 20080819 1 2014070100000000 00078
0005 01 3 _ 306 00000825 20080903 20080914 1 2014070100000000 00078
0005 01 3 _ 306 00000826 20080903 20080914 1 2014070100000000 00078
0005 01 3 _ 306 00000829 20081015 20081016 1 2014070100000000 00078
0005 01 3 _ 306 00000833 20081112 20081115 1 2014070100000000 00078
0005 01 3 _ 306 00000834 20081112 20081115 1 2014070100000000 00078
0005 01 3 _ 306 00000835 20081127 20081128 1 2014070100000000 00078
0005 01 3 _ 306 00000845 20090928 20111031 1 20141105173703 00077
0005 01 3 _ 306 00000899 20130524 20130525 1 2014070100000000 00078
0005 01 3 _ 306 00000900 20140306 20140308 1 2014070100000000 00078
0005 01 3 _ 306 00000901 20140419 20140422 1 2014070100000000 00078
0005 01 3 _ 306 00000902 20140617 20140618 1 2014070100000000 00078
0005 01 3 _ 306 00000903 20140626 20140628 1 2014070100000000 00078
0005 01 3 _ 306 00001194 20140719 20140720 1 20140818141524 00077
0005 01 3 _ 308 00000887 20130130 99999999 1 20141105175538 00077
0005 01 3 _ 309 00000859 20100424 99999999 1 20141105181051 00077
0005 01 3 _ 310 00000870 20110423 20110424 1 2014070100000000 00078
0005 01 3 _ 310 00000871 20110519 20110521 1 2014070100000000 00078
0005 01 3 _ 310 00000872 20110624 20110626 1 2014070100000000 00078
0005 01 3 _ 310 00000873 20110804 99999999 1 20141105174723 00077
0005 01 3 _ 311 00000880 20111101 20140706 1 20141105175054 00077
0005 01 3 _ 311 00000881 20111101 99999999 1 20141105175124 00077
0005 01 3 _ 312 00000860 20110331 20140416 1 20141105174636 00077
0005 01 3 _ 312 00000903 20141107 99999999 1 20141105182605 00077
0005 01 3 _ 314 00000863 20100910 20110901 1 2014070100000000 00078
0005 01 3 _ 314 00000872 20111211 99999999 1 20141105180423 00077
0005 01 4 _ 401 00000836 20081130 99999999 1 20141112171953 00077
0005 01 4 _ 401 00000837 20081130 99999999 1 20141105163036 00077
0005 01 4 _ 402 00000821 20080331 99999999 1 20141112172239 00077
0005 01 4 _ 403 00000216 20080331 20110930 1 20141105162825 00077
0005 01 4 _ 404 00000483 20100930 20110630 1 2014070100000000 00078
0005 01 4 _ 405 00000839 20090325 20130516 1 20141105173420 00077
0005 01 4 _ 406 00000359 20091031 20091101 1 2014070100000000 00078
0005 01 4 _ 406 00000376 20100313 20100322 1 2014070100000000 00078
0005 01 4 _ 406 00000841 20090405 20090406 1 2014070100000000 00078
0005 01 4 _ 406 00000842 20090420 20090421 1 2014070100000000 00078
0005 01 4 _ 406 00000843 20090420 20090421 1 2014070100000000 00078
0005 01 4 _ 406 00000852 20100212 20100228 1 20141105175013 00077
0005 01 4 _ 406 00000854 20100331 20120405 1 20141105175841 00077
0005 01 4 _ 406 00000855 20100324 20100328 1 20141112172116 00077
0005 01 4 _ 407 00000848 20091010 99999999 1 20141105173346 00077
0005 01 4 _ 408 00000892 20130210 99999999 1 20141118143426 00077
0005 01 4 _ 408 00000893 20130210 99999999 1 20141105175653 00077
0005 01 4 _ 409 00000879 20111025 99999999 1 20141105180523 00077
0005 01 4 _ 410 00000071 20110915 20110917 1 2014070100000000 00078
0005 01 4 _ 410 00000875 20110924 20110925 1 20141112172925 00077
0005 01 4 _ 410 00000876 20110924 20110925 1 20141112172808 00077
0005 01 4 _ 410 00000883 20120331 99999999 1 20141105162534 00077
0005 01 4 _ 411 00000066 20120622 99999999 1 20141105173509 00077
0005 01 4 _ 411 00000861 20100522 20100525 1 2014070100000000 00078
0005 01 4 _ 411 00000877 20110928 20111223 1 20141105175908 00077
0005 01 4 _ 412 00000871 20110923 20120731 1 20141118143348 00077
0005 01 4 _ 412 00001263 20120501 99999999 1 20150615181707 00078
0005 01 4 _ 413 00000085 20121215 99999999 1 20141105174129 00077
0005 01 4 _ 414 00000832 20081130 99999999 1 20141105173819 00077
0005 01 4 _ 414 00001262 20120501 20140601 1 20150615181630 00078
0006 01 1 _ 101 00000973 20120310 99999999 1 20141118160028 00077
0006 01 1 _ 101 00000974 20120310 99999999 1 20141111161447 00077
0006 01 1 _ 102 00000113 20091026 99999999 1 20141111154910 00077
0006 01 1 _ 102 00000923 20091026 20120202 1 20141111154849 00077
0006 01 1 _ 102 00001286 20150908 99999999 1 20150909163344 00184
0006 01 1 _ 103 00000307 20140522 99999999 1 20141111141517 00077
0006 01 1 _ 103 00000915 20091026 20130623 1 20141111143448 00077
0006 01 1 _ 104 00000920 20091018 20100114 1 20141111141326 00077
0006 01 1 _ 104 00000971 20120223 99999999 1 20141111155220 00077
0006 01 1 _ 105 00000991 20120331 99999999 1 2014070100000000 00078
0006 01 1 _ 106 00001017 20130331 99999999 1 20141118155958 00077
0006 01 1 _ 107 00001014 20130331 99999999 1 2014070100000000 00078
0006 01 1 _ 108 00001003 20130228 20131206 1 2014070100000000 00078
0006 01 1 _ 108 00001040 20140331 99999999 1 20141111154210 00077
0006 01 1 _ 109 00000532 20110331 20120731 1 2014070100000000 00078
0006 01 1 _ 109 00000943 20100717 20100720 1 2014070100000000 00078
0006 01 1 _ 109 00000947 20100717 20100720 1 2014070100000000 00078
0006 01 1 _ 109 00001018 20130331 20130429 1 2014070100000000 00078
0006 01 1 _ 110 00001047 20140412 99999999 1 2014070100000000 00078
0006 01 1 _ 112 00000157 20130924 99999999 1 20141118155732 00077
0006 01 1 _ 112 00000304 20130924 99999999 1 20141111144310 00077
0006 01 1 _ 116 00001039 20140328 20140329 1 2014070100000000 00078
0006 01 1 _ 116 00001286 20150901 20270930 1 20150909163327 00184
0006 01 2 _ 201 00000142 20120930 20140422 1 2014070100000000 00078
0006 01 2 _ 201 00000989 20120924 99999999 1 20141111143938 00077
0006 01 2 _ 201 00000998 20120930 99999999 1 20141111141855 00077
0006 01 2 _ 202 00000941 20110703 20130511 1 2014070100000000 00078
0006 01 2 _ 202 00000942 20110703 20130511 1 2014070100000000 00078
0006 01 2 _ 203 00000960 20110316 20140531 1 20141111154443 00077
0006 01 2 _ 204 00000078 20121219 20130310 1 20141111144035 00077
0006 01 2 _ 204 00001041 20140331 99999999 1 20141111141639 00077
0006 01 2 _ 205 00000931 20100301 20100531 1 2014070100000000 00078
0006 01 2 _ 205 00000932 20100701 20101201 1 2014070100000000 00078
0006 01 2 _ 205 00000981 20120331 99999999 1 20141111161257 00077
0006 01 2 _ 206 00000885 20120430 20120501 1 2014070100000000 00078
0006 01 2 _ 206 00000886 20120627 20120628 1 2014070100000000 00078
0006 01 2 _ 206 00000984 20120324 20120325 1 2014070100000000 00078
0006 01 2 _ 206 00000986 20120329 20120330 9 2014070100000000 00078
0006 01 2 _ 206 00001001 20121021 99999999 1 20141111144143 00077
0006 01 2 _ 207 00000940 20100628 99999999 1 20141111154553 00077
0006 01 2 _ 208 00000983 20120331 99999999 1 20141111154244 00077
0006 01 2 _ 209 00000970 20120331 99999999 1 20141111161828 00077
0006 01 2 _ 210 00000978 20120331 99999999 1 20141111143900 00077
0006 01 2 _ 210 00000989 20120930 99999999 1 2014070100000000 00078
0006 01 2 _ 211 00000075 20100701 99999999 1 20141111143646 00077
0006 01 2 _ 211 00000939 20100701 99999999 1 20141118155644 00077
0006 01 2 _ 212 00001012 20130331 99999999 1 20141118155854 00077
0006 01 2 _ 212 00001013 20130331 99999999 1 20141111153810 00077
0006 01 2 _ 213 00000911 20091017 99999999 1 20141111155101 00077
0006 01 2 _ 213 00000919 20091017 99999999 1 20141111155038 00077
0006 01 2 _ 214 00000925 20091031 99999999 1 20141111161143 00077
0006 01 2 _ 215 00000930 20100218 20121220 1 20141111144221 00077
0006 01 2 _ 215 00001016 20130304 20130708 1 2014070100000000 00078
0006 01 2 _ 215 00001030 20130802 99999999 1 20141111143343 00077
0006 01 2 _ 216 00000999 20121128 99999999 1 20141111143739 00077
0006 01 2 _ 216 00001000 20121128 99999999 1 20141111143716 00077
0006 01 3 _ 301 00000488 20120801 99999999 1 20141111162452 00077
0006 01 3 _ 301 00000489 20120801 99999999 1 20141111162513 00077
0006 01 3 _ 301 00000917 20091031 20091226 1 2014070100000000 00078
0006 01 3 _ 301 00000918 20091031 20091226 1 2014070100000000 00078
0006 01 3 _ 302 00000934 20100331 99999999 1 20141111154010 00077
0006 01 3 _ 303 00000935 20100503 20100505 1 2014070100000000 00078
0006 01 3 _ 303 00000936 20100503 20100505 1 2014070100000000 00078
0006 01 3 _ 303 00000950 20110331 99999999 1 2014070100000000 00078
0006 01 3 _ 304 00000914 20091024 99999999 1 20141111161332 00077
0006 01 3 _ 305 00000924 20091030 99999999 1 20141111155419 00077
0006 01 3 _ 306 00000532 20110121 20110330 1 20141111155340 00077
0006 01 3 _ 306 00000854 20120406 99999999 1 20141111162805 00077
0006 01 3 _ 306 00000949 20100817 20100929 1 2014070100000000 00078
0006 01 3 _ 307 00000316 20100812 99999999 1 20141111153836 00077
0006 01 3 _ 308 00000967 20111126 20140705 1 20141118160056 00077
0006 01 3 _ 309 00000916 20091024 20130915 1 20141111161631 00077
0006 01 3 _ 309 00001003 20131207 99999999 1 2014070100000000 00078
0006 01 3 _ 310 00000609 20100201 99999999 1 20141111162353 00077
0006 01 3 _ 310 00000610 20100201 99999999 1 20141111162328 00077
0006 01 3 _ 311 00000917 20091227 20100128 1 2014070100000000 00078
0006 01 3 _ 311 00000918 20091227 20100128 1 2014070100000000 00078
0006 01 3 _ 311 00000933 20100331 99999999 1 20141111143221 00077
0006 01 3 _ 313 00000900 20140325 20140329 1 2014070100000000 00078
0006 01 3 _ 313 00000901 20140316 20140318 1 2014070100000000 00078
0006 01 3 _ 313 00001019 20130318 20130322 1 2014070100000000 00078
0006 01 3 _ 313 00001020 20130318 20130322 1 2014070100000000 00078
0006 01 3 _ 313 00001029 20130709 20130711 1 2014070100000000 00078
0006 01 3 _ 313 00001033 20131104 20131105 1 2014070100000000 00078
0006 01 3 _ 313 00001036 20140308 20140309 1 2014070100000000 00078
0006 01 3 _ 313 00001039 20140528 99999999 1 20141111155304 00077
0006 01 3 _ 314 00000912 20091018 20100114 1 20141111144106 00077
0006 01 3 _ 314 00000982 20130622 99999999 1 2014070100000000 00078
0006 01 3 _ 315 00000097 20121216 20131014 1 20141111161723 00077
0006 01 3 _ 315 00000951 20101003 20111002 1 2014070100000000 00078
0006 01 3 _ 316 00000944 20100930 20101001 1 2014070100000000 00078
0006 01 3 _ 316 00000945 20100930 20101001 1 2014070100000000 00078
0006 01 3 _ 316 00001007 20130915 99999999 1 20141111141923 00077
0006 01 3 _ 316 00001008 20130915 99999999 1 20141111141942 00077
0006 01 4 _ 401 00000119 20121127 99999999 1 20141111141707 00077
0006 01 4 _ 401 00001006 20121127 99999999 1 20141111141726 00077
0006 01 4 _ 402 00000931 20100228 20130630 1 20141111153615 00077
0006 01 4 _ 402 00000932 20100228 20130630 1 20141111153632 00077
0006 01 4 _ 403 00001011 20130113 99999999 1 20141111141610 00077
0006 01 4 _ 404 00001021 20130331 99999999 1 20141111154042 00077
0006 01 4 _ 405 00000937 20100602 99999999 1 20141111142008 00077
0006 01 4 _ 406 00000949 20100930 20110809 1 20141111144405 00077
0006 01 4 _ 406 00000969 20120331 99999999 1 20141111143250 00077
0006 01 4 _ 407 00000961 20110304 20111205 1 2014070100000000 00078
0006 01 4 _ 407 00000972 20120331 20120912 1 20141111153909 00077
0006 01 4 _ 407 00000990 20140331 99999999 1 20141111143600 00077
0006 01 4 _ 408 00000968 20120114 20120116 1 2014070100000000 00078
0006 01 4 _ 408 00000976 20120331 20120517 1 2014070100000000 00078
0006 01 4 _ 408 00000977 20120331 20120517 1 2014070100000000 00078
0006 01 4 _ 408 00001004 20130226 20130303 1 20141111153709 00077
0006 01 4 _ 409 00000958 20110225 99999999 1 20141111142040 00077
0006 01 4 _ 409 00000959 20110225 20120512 1 20141111142103 00077
0006 01 4 _ 410 00000900 20140610 99999999 1 20141111155140 00077
0006 01 4 _ 410 00000952 20101009 20101011 1 2014070100000000 00078
0006 01 4 _ 410 00000954 20101023 20101026 1 2014070100000000 00078
0006 01 4 _ 410 00000955 20101120 20101122 1 2014070100000000 00078
0006 01 4 _ 410 00000956 20101120 20101122 1 2014070100000000 00078
0006 01 4 _ 410 00000963 20110622 20110623 1 20141111143150 00077
0006 01 4 _ 410 00000970 20120216 20120217 1 20141118160146 00077
0006 01 4 _ 410 00000978 20120315 20120317 1 20141111143900 00077
0006 01 4 _ 410 00000982 20120331 20130621 1 20141111142144 00077
0006 01 4 _ 410 00000989 20120315 20120317 1 20141111143938 00077
0006 01 4 _ 411 00000965 20110926 99999999 1 20141111154805 00077
0006 01 4 _ 411 00000966 20110926 99999999 1 20141111154818 00077
0006 01 4 _ 413 00000142 20120911 20120912 1 20141111141803 00077
0006 01 4 _ 413 00000998 20120911 20120912 1 20141111141855 00077
0006 01 4 _ 413 00001022 20130331 99999999 1 20141111154353 00077
0006 01 4 _ 414 00000898 20130616 99999999 1 2014070100000000 00078
0006 01 4 _ 415 00000921 20091021 99999999 1 20141111161518 00077
0006 01 5 _ 502 00000910 20091027 99999999 1 20141111143421 00077
0006 01 5 _ 503 00001024 20130331 99999999 1 20141118155808 00077
0006 01 5 _ 503 00001025 20130331 99999999 1 20141111144513 00077
0006 01 5 _ 504 00001035 20140406 99999999 1 20141111161549 00077
0006 01 5 _ 505 00000963 20120302 99999999 1 20141111143150 00077
0006 01 5 _ 506 00001002 20130331 99999999 1 20141111154328 00077
0006 01 5 _ 507 00000886 20120811 99999999 1 20141111141542 00077
0006 01 5 _ 508 00000898 20130425 20130428 1 20141111154522 00077
0006 01 5 _ 508 00000990 20120331 20120628 1 20141111143600 00077
0006 01 5 _ 508 00001003 20121025 20121027 1 20141111154646 00077
0006 01 5 _ 508 00001014 20130201 20130205 1 20141111154956 00077
0006 01 5 _ 508 00001045 20140630 99999999 1 20141111141358 00077
0006 01 5 _ 509 00001023 20130604 99999999 1 20141111161354 00077
0006 01 5 _ 510 00000987 20120331 99999999 1 20141118155929 00077
0006 01 5 _ 511 00000090 20130601 99999999 1 20141111161906 00077
0006 01 5 _ 512 00001046 20140707 99999999 1 20141111143050 00077
0006 01 5 _ 512 00001048 20140707 99999999 1 20141111143009 00077
0007 00 1 _ 107 00001274 20150601 99999999 1 20150625165509 00077
0007 00 2 _ 201 00001277 20150602 99999999 1 20150703121623 00077
