1 00000071 2012 10 61 0073 グランクレール・ケアサービス横浜 1211 予防訪問介護Ⅱ 2440 0 2440 5 2440 0 2440 2440 0 10.84 26449 90 23804 2645 0 n n 0 1 20140808134022 00034
1 00000071 2012 11 61 0073 グランクレール・ケアサービス横浜 1211 予防訪問介護Ⅱ 2440 0 2440 7 2440 0 2440 2440 0 10.84 26449 90 23804 2645 0 n n 0 1 20140808135311 00034
1 00000071 2012 12 61 0073 グランクレール・ケアサービス横浜 1211 予防訪問介護Ⅱ 2440 0 2440 7 2440 0 2440 2440 0 10.84 26449 90 23804 2645 0 n n 0 1 20140808140143 00034
1 00000071 2013 01 61 0073 グランクレール・ケアサービス横浜 1211 予防訪問介護Ⅱ 2440 0 2440 6 2440 0 2440 2440 0 10.84 26449 90 23804 2645 0 n n 0 1 20140724181016 00034
1 00000071 2013 02 61 0073 グランクレール・ケアサービス横浜 1211 予防訪問介護Ⅱ 2440 0 2440 6 2440 0 2440 2440 0 10.84 26449 90 23804 2645 0 n n 0 1 20140724181332 00034
1 00000071 2013 03 61 0073 グランクレール・ケアサービス横浜 1211 予防訪問介護Ⅱ 2440 0 2440 7 2440 0 2440 2440 0 10.84 26449 90 23804 2645 0 n n 0 1 20140724181703 00034
1 00000071 2013 04 61 0073 グランクレール・ケアサービス横浜 1211 予防訪問介護Ⅱ 2440 0 2440 6 2440 0 2440 2440 0 10.84 26449 90 23804 2645 0 n n 0 1 20140724182101 00034
1 00000071 2013 05 61 0073 グランクレール・ケアサービス横浜 1211 予防訪問介護Ⅱ 2440 0 2440 6 2440 0 2440 2440 0 10.84 26449 90 23804 2645 0 n n 0 1 20140724182535 00034
1 00000071 2013 06 61 0073 グランクレール・ケアサービス横浜 1211 予防訪問介護Ⅱ 2440 0 2440 7 2440 0 2440 2440 0 10.84 26449 90 23804 2645 0 n n 0 1 20140724183210 00034
1 00000071 2013 07 61 0073 グランクレール・ケアサービス横浜 1211 予防訪問介護Ⅱ 2440 0 2440 6 2440 0 2440 2440 0 10.84 26449 90 23804 2645 0 n n 0 1 20140724183703 00034
1 00000071 2013 08 61 0073 グランクレール・ケアサービス横浜 1211 予防訪問介護Ⅱ 2440 0 2440 7 2440 0 2440 2440 0 10.84 26449 90 23804 2645 0 n n 0 1 20140724184131 00034
1 00000071 2013 09 61 0073 グランクレール・ケアサービス横浜 1211 予防訪問介護Ⅱ 2440 0 2440 6 2440 0 2440 2440 0 10.84 26449 90 23804 2645 0 n n 0 1 20140627104033 00034
1 00000071 2013 10 61 0073 グランクレール・ケアサービス横浜 1211 予防訪問介護Ⅱ 2440 0 2440 6 2440 0 2440 2440 0 10.84 26449 90 23804 2645 0 n n 0 1 20140627104623 00034
1 00000071 2013 11 61 0073 グランクレール・ケアサービス横浜 1211 予防訪問介護Ⅱ 2440 0 2440 7 2440 0 2440 2440 0 10.84 26449 90 23804 2645 0 n n 0 1 20140627110256 00034
1 00000071 2013 12 61 0073 グランクレール・ケアサービス横浜 1211 予防訪問介護Ⅱ 2440 0 2440 6 2440 0 2440 2440 0 10.84 26449 90 23804 2645 0 n n 0 1 20140627110655 00034
1 00000071 2014 01 61 0073 グランクレール・ケアサービス横浜 1211 予防訪問介護Ⅱ 2440 0 2440 6 2440 0 2440 2440 0 10.84 26449 90 23804 2645 0 n n 0 1 20140613111315 00034
1 00000071 2014 02 61 0073 グランクレール・ケアサービス横浜 1211 予防訪問介護Ⅱ 2440 0 2440 7 2440 0 2440 2440 0 10.84 26449 90 23804 2645 0 n n 0 1 20140613111911 00034
1 00000071 2014 03 61 0073 グランクレール・ケアサービス横浜 1211 予防訪問介護Ⅱ 2440 0 2440 7 2440 0 2440 2440 0 10.84 26449 90 23804 2645 0 n n 0 1 20140613112755 00034
1 00000071 2014 04 61 0073 グランクレール・ケアサービス横浜 1211 予防訪問介護Ⅱ 2452 0 2452 6 2452 0 2452 2452 0 10.84 26579 90 23921 2658 0 n n 0 1 20140613113439 00034
1 00000071 2014 05 61 0073 グランクレール・ケアサービス横浜 1211 予防訪問介護Ⅱ 2452 0 2452 9 2452 0 2452 2452 0 10.84 26579 90 23921 2658 0 n n 0 1 20140815183534 00034
1 00000071 2014 06 61 0073 グランクレール・ケアサービス横浜 1211 予防訪問介護Ⅱ 2452 0 2452 4 2452 0 2452 2452 0 10.84 26579 90 23921 2658 0 n n 0 1 20140801094726 00034
1 00000071 2014 07 61 0073 グランクレール・ケアサービス横浜 1211 予防訪問介護Ⅱ 2452 0 2452 3 2452 0 2452 2452 0 10.84 26579 90 23921 2658 0 n n 0 1 20140801185330 00077
1 00000071 2014 08 61 0073 グランクレール・ケアサービス横浜 1211 予防訪問介護Ⅱ 2452 0 2452 1 2452 0 2452 2452 0 10.84 26579 90 23921 2658 0 n n 0 1 20140816174131 00038
2 00000071 2012 10 61 0073 グランクレール・ケアサービス横浜 6271 予防訪問介護処遇改善加算Ⅰ 98 0 98 1 98 0 98 98 0 10.84 1062 90 955 107 0 a g 0 1 20140808134022 00034
2 00000071 2012 11 61 0073 グランクレール・ケアサービス横浜 6271 予防訪問介護処遇改善加算Ⅰ 98 0 98 1 98 0 98 98 0 10.84 1062 90 955 107 0 a g 0 1 20140808135311 00034
2 00000071 2012 12 61 0073 グランクレール・ケアサービス横浜 6271 予防訪問介護処遇改善加算Ⅰ 98 0 98 1 98 0 98 98 0 10.84 1062 90 955 107 0 a g 0 1 20140808140143 00034
2 00000071 2013 01 61 0073 グランクレール・ケアサービス横浜 6271 予防訪問介護処遇改善加算Ⅰ 98 0 98 1 98 0 98 98 0 10.84 1062 90 955 107 0 a g 0 1 20140724181016 00034
2 00000071 2013 02 61 0073 グランクレール・ケアサービス横浜 6271 予防訪問介護処遇改善加算Ⅰ 98 0 98 1 98 0 98 98 0 10.84 1062 90 955 107 0 a g 0 1 20140724181332 00034
2 00000071 2013 03 61 0073 グランクレール・ケアサービス横浜 6271 予防訪問介護処遇改善加算Ⅰ 98 0 98 1 98 0 98 98 0 10.84 1062 90 955 107 0 a g 0 1 20140724181703 00034
2 00000071 2013 04 61 0073 グランクレール・ケアサービス横浜 6271 予防訪問介護処遇改善加算Ⅰ 98 0 98 1 98 0 98 98 0 10.84 1062 90 955 107 0 a g 0 1 20140724182101 00034
2 00000071 2013 05 61 0073 グランクレール・ケアサービス横浜 6271 予防訪問介護処遇改善加算Ⅰ 98 0 98 1 98 0 98 98 0 10.84 1062 90 955 107 0 a g 0 1 20140724182535 00034
2 00000071 2013 06 61 0073 グランクレール・ケアサービス横浜 6271 予防訪問介護処遇改善加算Ⅰ 98 0 98 1 98 0 98 98 0 10.84 1062 90 955 107 0 a g 0 1 20140724183210 00034
2 00000071 2013 07 61 0073 グランクレール・ケアサービス横浜 6271 予防訪問介護処遇改善加算Ⅰ 98 0 98 1 98 0 98 98 0 10.84 1062 90 955 107 0 a g 0 1 20140724183703 00034
2 00000071 2013 08 61 0073 グランクレール・ケアサービス横浜 6271 予防訪問介護処遇改善加算Ⅰ 98 0 98 1 98 0 98 98 0 10.84 1062 90 955 107 0 a g 0 1 20140724184131 00034
2 00000071 2013 09 61 0073 グランクレール・ケアサービス横浜 6271 予防訪問介護処遇改善加算Ⅰ 98 0 98 1 98 0 98 98 0 10.84 1062 90 955 107 0 a g 0 1 20140627104033 00034
2 00000071 2013 10 61 0073 グランクレール・ケアサービス横浜 6271 予防訪問介護処遇改善加算Ⅰ 98 0 98 1 98 0 98 98 0 10.84 1062 90 955 107 0 a g 0 1 20140627104623 00034
2 00000071 2013 11 61 0073 グランクレール・ケアサービス横浜 6271 予防訪問介護処遇改善加算Ⅰ 98 0 98 1 98 0 98 98 0 10.84 1062 90 955 107 0 a g 0 1 20140627110256 00034
2 00000071 2013 12 61 0073 グランクレール・ケアサービス横浜 6271 予防訪問介護処遇改善加算Ⅰ 98 0 98 1 98 0 98 98 0 10.84 1062 90 955 107 0 a g 0 1 20140627110655 00034
2 00000071 2014 01 61 0073 グランクレール・ケアサービス横浜 6271 予防訪問介護処遇改善加算Ⅰ 98 0 98 1 98 0 98 98 0 10.84 1062 90 955 107 0 a g 0 1 20140613111315 00034
2 00000071 2014 02 61 0073 グランクレール・ケアサービス横浜 6271 予防訪問介護処遇改善加算Ⅰ 98 0 98 1 98 0 98 98 0 10.84 1062 90 955 107 0 a g 0 1 20140613111911 00034
2 00000071 2014 03 61 0073 グランクレール・ケアサービス横浜 6271 予防訪問介護処遇改善加算Ⅰ 98 0 98 1 98 0 98 98 0 10.84 1062 90 955 107 0 a g 0 1 20140613112755 00034
2 00000071 2014 04 61 0073 グランクレール・ケアサービス横浜 6271 予防訪問介護処遇改善加算Ⅰ 98 0 98 1 98 0 98 98 0 10.84 1062 90 955 107 0 a g 0 1 20140613113439 00034
2 00000071 2014 05 61 0073 グランクレール・ケアサービス横浜 6271 予防訪問介護処遇改善加算Ⅰ 98 0 98 1 98 0 98 98 0 10.84 1062 90 955 107 0 a g 0 1 20140815183534 00034
2 00000071 2014 06 61 0073 グランクレール・ケアサービス横浜 6271 予防訪問介護処遇改善加算Ⅰ 98 0 98 1 98 0 98 98 0 10.84 1062 90 955 107 0 a g 0 1 20140801094726 00034
2 00000071 2014 07 61 0073 グランクレール・ケアサービス横浜 6271 予防訪問介護処遇改善加算Ⅰ 98 0 98 1 98 0 98 98 0 10.84 1062 90 955 107 0 a g 0 1 20140801185330 00077
2 00000071 2014 08 61 0073 グランクレール・ケアサービス横浜 6271 予防訪問介護処遇改善加算Ⅰ 98 0 98 1 98 0 98 98 0 10.84 1062 90 955 107 0 a g 0 1 20140816174131 00038
