000012042014101 00001204 2014 10 02 65 1111 13:30 16:45 0271 1 2115 0 _ _ 1 1 20141102110044 88
000012042014101 00001204 2014 10 09 65 1111 13:30 16:45 0271 1 2115 0 _ _ 1 1 20141102110044 88
000012042014101 00001204 2014 10 16 65 1111 13:30 16:45 0271 1 2115 0 _ _ 1 1 20141102110044 88
000012042014101 00001204 2014 10 23 65 1111 13:30 16:45 0271 1 2115 0 _ _ 1 1 20141102110044 88
000012042014101 00001204 2014 10 30 65 1111 13:30 16:45 0271 1 2115 0 _ _ 1 1 20141102110044 88
000012042014102 00001204 2014 10 02 65 5002 _ _ 0271 1 225 0 _ _ 1 1 20141102110044 88
000012042014102 00001204 2014 10 09 65 5002 _ _ 0271 1 225 0 _ _ 1 1 20141102110044 88
000012042014102 00001204 2014 10 16 65 5002 _ _ 0271 1 225 0 _ _ 1 1 20141102110044 88
000012042014102 00001204 2014 10 23 65 5002 _ _ 0271 1 225 0 _ _ 1 1 20141102110044 88
000012042014102 00001204 2014 10 30 65 5002 _ _ 0271 1 225 0 _ _ 1 1 20141102110044 88
000012042014111 00001204 2014 11 06 65 1111 13:30 16:45 0271 1 2115 0 _ _ 1 1 20141202150718 88
000012042014111 00001204 2014 11 20 65 1111 13:30 16:45 0271 1 2115 0 _ _ 1 1 20141202150718 88
000012042014112 00001204 2014 11 06 65 5002 _ _ 0271 1 225 0 _ _ 1 1 20141202150718 88
000012042014112 00001204 2014 11 20 65 5002 _ _ 0271 1 225 0 _ _ 1 1 20141202150718 88
000012042014121 00001204 2014 12 04 65 1111 13:30 16:45 0271 1 2115 0 _ _ 1 1 20141120173156 88
000012042014121 00001204 2014 12 11 65 1111 13:30 16:45 0271 1 2115 0 _ _ 1 1 20141120173156 88
000012042014121 00001204 2014 12 18 65 1111 13:30 16:45 0271 1 2115 0 _ _ 1 1 20141120173156 88
000012042014121 00001204 2014 12 25 65 1111 13:30 16:45 0271 1 2115 0 _ _ 1 1 20141120173156 88
000012042014122 00001204 2014 12 04 65 5002 _ _ 0271 1 225 0 _ _ 1 1 20141120173156 88
000012042014122 00001204 2014 12 11 65 5002 _ _ 0271 1 225 0 _ _ 1 1 20141120173156 88
000012042014122 00001204 2014 12 18 65 5002 _ _ 0271 1 225 0 _ _ 1 1 20141120173156 88
000012042014122 00001204 2014 12 25 65 5002 _ _ 0271 1 225 0 _ _ 1 1 20141120173156 88
