000012042014101 00001204 2014 10 02 65 1111 1 13:30 16:45 0271 1 2115 0 _ _ 1 20141102110044 88
000012042014101 00001204 2014 10 09 65 1111 1 13:30 16:45 0271 1 2115 0 _ _ 1 20141102110044 88
000012042014101 00001204 2014 10 16 65 1111 1 13:30 16:45 0271 1 2115 0 _ _ 1 20141102110044 88
000012042014102 00001204 2014 10 02 65 5002 1 _ _ 0271 1 225 0 _ _ 1 20141102110044 88
000012042014102 00001204 2014 10 09 65 5002 1 _ _ 0271 1 225 0 _ _ 1 20141102110044 88
000012042014102 00001204 2014 10 16 65 5002 1 _ _ 0271 1 225 0 _ _ 1 20141102110044 88
000012042014111 00001204 2014 11 06 65 1111 1 13:30 16:45 0271 1 2115 0 _ _ 1 20141202150718 88
000012042014111 00001204 2014 11 20 65 1111 1 13:30 16:45 0271 1 2115 0 _ _ 1 20141202150718 88
000012042014112 00001204 2014 11 06 65 5002 1 _ _ 0271 1 225 0 _ _ 1 20141202150718 88
000012042014112 00001204 2014 11 20 65 5002 1 _ _ 0271 1 225 0 _ _ 1 20141202150718 88
