000002392014061 00000239 2014 06 02 61 1111 09:30 10:30 0107 1 1226 0 _ _ 1 1 20140701134250 39
000002392014061 00000239 2014 06 09 61 1111 09:30 10:30 0107 1 1226 0 _ _ 1 1 20140701134250 39
000002392014061 00000239 2014 06 16 61 1111 09:30 10:30 0107 1 1226 0 _ _ 1 1 20140701134250 39
000002392014061 00000239 2014 06 23 61 1111 09:30 10:30 0107 1 1226 0 _ _ 1 1 20140701134250 39
000002392014061 00000239 2014 06 30 61 1111 09:30 10:30 0107 1 1226 0 _ _ 1 1 20140701134250 39
000002392014071 00000239 2014 07 07 61 1111 09:30 10:29 0107 1 1226 0 _ _ 1 1 20140802122211 39
000002392014071 00000239 2014 07 14 61 1111 09:30 10:29 0107 1 1226 0 _ _ 1 1 20140802122211 39
000002392014071 00000239 2014 07 21 61 1111 09:30 10:29 0107 1 1226 0 _ _ 1 1 20140802122211 39
000002392014071 00000239 2014 07 28 61 1111 09:30 10:29 0107 1 1226 0 _ _ 1 1 20140802122211 39
000002392014081 00000239 2014 08 04 61 1111 09:30 10:29 0107 1 1226 0 _ _ 1 1 20140812125228 39
000002392014081 00000239 2014 08 11 61 1111 09:30 10:29 0107 1 1226 0 _ _ 1 1 20140812125228 39
000002392014081 00000239 2014 08 18 61 1111 09:30 10:29 0107 1 1226 0 _ _ 1 1 20140812125228 39
000002392014081 00000239 2014 08 25 61 1111 09:30 10:29 0107 1 1226 0 _ _ 1 1 20140812125228 39
