00000002 2013 02 02 09:30 10:29 11 7311 0070 10.84 1 235 1 20140717110123 00034
00000002 2013 02 09 09:30 10:29 11 7311 0070 10.84 1 235 1 20140717110123 00034
00000002 2013 02 13 10:45 12:14 11 1311 0070 10.84 1 584 1 20140717110123 00034
00000002 2013 02 16 09:30 10:29 11 7311 0070 10.84 1 235 1 20140717110123 00034
00000002 2013 02 20 10:30 11:59 11 1311 0070 10.84 1 584 1 20140717110123 00034
00000002 2013 02 23 09:30 10:29 11 7311 0070 10.84 1 235 1 20140717110123 00034
00000002 2013 02 27 10:30 11:59 11 1311 0070 10.84 1 584 1 20140717110123 00034
00000007 2013 02 04 15:00 15:59 61 1111 0073 10.84 1 1220 1 20140717151358 00034
00000007 2013 02 11 15:00 15:59 61 1111 0073 10.84 1 1220 1 20140717151358 00034
00000007 2013 02 18 15:00 15:59 61 1111 0073 10.84 1 1220 1 20140717151358 00034
00000007 2013 02 25 15:00 15:59 61 1111 0073 10.84 1 1220 1 20140717151358 00034
00000013 2013 02 05 13:35 14:45 11 7311 0070 10.84 1 235 1 20140717153146 00034
00000013 2013 02 12 14:00 14:59 11 7311 0070 10.84 1 235 1 20140717153146 00034
00000013 2013 02 16 14:00 14:59 11 7311 0070 10.84 1 235 1 20140717153146 00034
00000013 2013 02 19 14:00 14:59 11 7311 0070 10.84 1 235 1 20140717153146 00034
00000013 2013 02 23 14:00 14:59 11 7311 0070 10.84 1 235 1 20140717153146 00034
00000013 2013 02 26 14:00 14:59 11 7311 0070 10.84 1 235 1 20140717153146 00034
00000015 2013 02 03 15:30 16:29 11 7311 0070 10.84 1 235 1 20140717160603 00034
00000015 2013 02 10 15:15 17:04 11 6111 0070 10.84 1 654 1 20140717160603 00034
00000015 2013 02 17 15:15 17:04 11 6111 0070 10.84 1 654 1 20140717160603 00034
00000015 2013 02 24 15:15 17:04 11 6111 0070 10.84 1 654 1 20140717160603 00034
00000016 2013 02 02 10:45 11:44 61 1111 0073 10.84 1 1220 1 20140717170958 00034
00000016 2013 02 09 10:45 11:44 61 1111 0073 10.84 1 1220 1 20140717170958 00034
00000016 2013 02 16 10:45 11:44 61 1111 0073 10.84 1 1220 1 20140717170958 00034
00000016 2013 02 23 10:45 11:44 61 1111 0073 10.84 1 1220 1 20140717170958 00034
00000018 2013 02 13 14:00 14:59 11 7311 0070 10.84 1 235 1 20140717174457 00034
00000018 2013 02 20 14:00 14:59 11 7311 0070 10.84 1 235 1 20140717174457 00034
00000018 2013 02 27 14:00 14:59 11 7311 0070 10.84 1 235 1 20140717174457 00034
00000020 2013 02 11 13:00 13:59 11 1211 0070 10.84 1 402 1 20140718143845 00034
00000020 2013 02 18 13:15 14:14 11 1211 0070 10.84 1 402 1 20140718143845 00034
00000020 2013 02 25 13:15 14:14 11 1211 0070 10.84 1 402 1 20140718143845 00034
00000022 2013 02 05 15:15 16:05 11 1211 0070 10.84 1 402 1 20140717183704 00034
00000022 2013 02 12 15:15 16:10 11 1211 0070 10.84 1 402 1 20140717183704 00034
00000022 2013 02 20 15:00 15:59 11 1211 0070 10.84 1 402 1 20140717183704 00034
00000022 2013 02 26 15:15 16:05 11 1211 0070 10.84 1 402 1 20140717183704 00034
00000025 2013 02 04 13:30 15:29 11 5211 0070 10.84 1 542 1 20140718145153 00034
00000025 2013 02 07 14:00 15:59 11 5211 0070 10.84 1 542 1 20140718145153 00034
00000025 2013 02 11 13:30 15:29 11 5211 0070 10.84 1 542 1 20140718145153 00034
00000025 2013 02 14 14:00 15:59 11 5211 0070 10.84 1 542 1 20140718145153 00034
00000025 2013 02 18 13:30 15:29 11 5211 0070 10.84 1 542 1 20140718145153 00034
00000025 2013 02 21 14:00 15:59 11 5211 0070 10.84 1 542 1 20140718145153 00034
00000025 2013 02 25 13:00 14:29 11 5111 0070 10.84 1 472 1 20140718145153 00034
00000025 2013 02 28 14:00 15:59 11 5211 0070 10.84 1 542 1 20140718145153 00034
00000026 2013 02 04 13:30 14:29 61 1111 0073 10.84 1 1220 1 20140718160421 00034
00000026 2013 02 11 13:30 14:29 61 1111 0073 10.84 1 1220 1 20140718160421 00034
00000026 2013 02 18 13:30 14:29 61 1111 0073 10.84 1 1220 1 20140718160421 00034
00000026 2013 02 25 13:30 14:29 61 1111 0073 10.84 1 1220 1 20140718160421 00034
00000027 2013 02 03 10:00 10:59 11 7311 0070 10.84 1 235 1 20140718172047 00034
00000027 2013 02 06 09:30 10:30 11 7311 0070 10.84 1 235 1 20140718172047 00034
00000027 2013 02 10 10:00 10:59 11 7311 0070 10.84 1 235 1 20140718172047 00034
00000027 2013 02 13 09:30 10:30 11 7311 0070 10.84 1 235 1 20140718172047 00034
00000027 2013 02 17 10:00 10:59 11 7311 0070 10.84 1 235 1 20140718172047 00034
00000027 2013 02 20 09:30 10:30 11 7311 0070 10.84 1 235 1 20140718172047 00034
00000027 2013 02 24 10:00 10:59 11 7311 0070 10.84 1 235 1 20140718172047 00034
00000027 2013 02 27 09:30 10:30 11 7311 0070 10.84 1 235 1 20140718172047 00034
00000035 2013 02 07 11:30 12:30 61 1111 0073 10.84 1 1220 1 20140820114949 00034
00000035 2013 02 14 11:30 12:30 61 1111 0073 10.84 1 1220 1 20140820114949 00034
00000035 2013 02 21 11:30 12:30 61 1111 0073 10.84 1 1220 1 20140820114949 00034
00000035 2013 02 28 11:30 12:30 61 1111 0073 10.84 1 1220 1 20140820114949 00034
00000042 2013 02 02 09:00 10:00 61 1111 0073 10.84 1 1220 1 20140722173339 00034
00000042 2013 02 09 09:00 10:00 61 1111 0073 10.84 1 1220 1 20140722173339 00034
00000042 2013 02 16 09:00 10:00 61 1111 0073 10.84 1 1220 1 20140722173339 00034
00000042 2013 02 23 09:00 10:00 61 1111 0073 10.84 1 1220 1 20140722173339 00034
00000046 2013 02 08 13:30 14:59 11 1311 0070 10.84 1 584 1 20140722182346 00034
00000046 2013 02 22 13:30 14:55 11 1311 0070 10.84 1 584 1 20140722182346 00034
00000048 2013 02 01 10:30 11:30 11 7311 0070 10.84 1 235 1 20140723110450 00034
00000048 2013 02 05 09:00 10:00 11 7311 0070 10.84 1 235 1 20140723110450 00034
00000048 2013 02 08 10:30 11:30 11 7311 0070 10.84 1 235 1 20140723110450 00034
00000048 2013 02 15 10:30 11:30 11 7311 0070 10.84 1 235 1 20140723110450 00034
00000048 2013 02 19 09:00 10:00 11 7311 0070 10.84 1 235 1 20140723110450 00034
00000048 2013 02 22 10:30 11:30 11 7311 0070 10.84 1 235 1 20140723110450 00034
00000051 2013 02 07 09:00 10:00 61 1111 0073 10.84 1 1220 1 20140723122034 00034
00000051 2013 02 14 09:00 10:00 61 1111 0073 10.84 1 1220 1 20140723122034 00034
00000051 2013 02 21 09:00 10:00 61 1111 0073 10.84 1 1220 1 20140723122034 00034
00000051 2013 02 28 09:00 10:00 61 1111 0073 10.84 1 1220 1 20140723122034 00034
00000060 2013 02 02 16:00 17:00 11 5111 0070 10.84 1 472 1 20140723170011 00034
00000060 2013 02 05 16:30 17:30 11 5111 0070 10.84 1 472 1 20140723170011 00034
00000060 2013 02 07 16:00 17:00 11 5111 0070 10.84 1 472 1 20140723170011 00034
00000060 2013 02 09 16:00 17:00 11 5111 0070 10.84 1 472 1 20140723170011 00034
00000060 2013 02 12 16:30 17:30 11 5111 0070 10.84 1 472 1 20140723170011 00034
00000060 2013 02 14 16:30 17:30 11 5111 0070 10.84 1 472 1 20140723170011 00034
00000060 2013 02 16 16:00 17:00 11 5111 0070 10.84 1 472 1 20140723170011 00034
00000060 2013 02 19 16:30 17:30 11 5111 0070 10.84 1 472 1 20140723170011 00034
00000060 2013 02 21 16:00 17:00 11 5111 0070 10.84 1 472 1 20140723170011 00034
00000060 2013 02 23 16:00 17:00 11 5111 0070 10.84 1 472 1 20140723170011 00034
00000060 2013 02 26 16:30 17:30 11 5111 0070 10.84 1 472 1 20140723170011 00034
00000060 2013 02 28 16:00 17:00 11 5111 0070 10.84 1 472 1 20140723170011 00034
00000064 2013 02 04 09:00 10:00 61 1111 0073 10.84 1 1220 1 20140724115020 00034
00000064 2013 02 11 09:00 10:00 61 1111 0073 10.84 1 1220 1 20140724115020 00034
00000064 2013 02 18 09:00 10:00 61 1111 0073 10.84 1 1220 1 20140724115020 00034
00000064 2013 02 25 09:00 10:00 61 1111 0073 10.84 1 1220 1 20140724115020 00034
00000065 2013 02 01 15:15 16:15 61 1111 0073 10.84 1 1220 1 20140724122348 00034
00000065 2013 02 08 15:15 16:15 61 1111 0073 10.84 1 1220 1 20140724122348 00034
00000065 2013 02 14 15:15 16:15 61 1111 0073 10.84 1 1220 1 20140724122348 00034
00000065 2013 02 22 15:45 16:45 61 1111 0073 10.84 1 1220 1 20140724122348 00034
00000067 2013 02 05 09:50 10:29 11 7211 0070 10.84 1 190 1 20140724145704 00034
00000067 2013 02 12 09:50 10:29 11 7211 0070 10.84 1 190 1 20140724145704 00034
00000067 2013 02 19 09:50 10:29 11 7211 0070 10.84 1 190 1 20140724145704 00034
00000067 2013 02 26 09:50 10:29 11 7211 0070 10.84 1 190 1 20140724145704 00034
00000069 2013 02 04 10:15 11:15 61 1211 0073 10.84 1 2440 1 20140724164216 00034
00000069 2013 02 07 10:15 11:15 61 1211 0073 10.84 1 2440 1 20140724164216 00034
00000069 2013 02 11 10:15 11:15 61 1211 0073 10.84 1 2440 1 20140724164216 00034
00000069 2013 02 14 10:15 11:15 61 1211 0073 10.84 1 2440 1 20140724164216 00034
00000069 2013 02 18 16:15 17:15 61 1211 0073 10.84 1 2440 1 20140724164216 00034
00000069 2013 02 21 10:15 11:15 61 1211 0073 10.84 1 2440 1 20140724164216 00034
00000070 2013 02 01 13:30 14:29 11 7311 0070 10.84 1 235 1 20140724173103 00034
00000070 2013 02 05 11:00 12:00 11 7311 0070 10.84 1 235 1 20140724173103 00034
00000070 2013 02 12 11:00 12:00 11 7311 0070 10.84 1 235 1 20140724173103 00034
00000070 2013 02 15 13:30 14:29 11 7311 0070 10.84 1 235 1 20140724173103 00034
00000070 2013 02 19 11:00 12:00 11 7311 0070 10.84 1 235 1 20140724173103 00034
00000070 2013 02 26 11:00 12:00 11 7311 0070 10.84 1 235 1 20140724173103 00034
00000071 2013 02 01 09:10 10:10 61 1211 0073 10.84 1 2440 1 20140724181332 00034
00000071 2013 02 08 09:15 10:15 61 1211 0073 10.84 1 2440 1 20140724181332 00034
00000071 2013 02 09 13:00 14:00 61 1211 0073 10.84 1 2440 1 20140724181332 00034
00000071 2013 02 15 09:15 10:15 61 1211 0073 10.84 1 2440 1 20140724181332 00034
00000071 2013 02 22 09:15 10:15 61 1211 0073 10.84 1 2440 1 20140724181332 00034
00000071 2013 02 23 13:00 14:00 61 1211 0073 10.84 1 2440 1 20140724181332 00034
00000072 2013 02 01 15:45 16:45 61 1211 0073 10.84 1 2440 1 20140724184938 00034
00000072 2013 02 08 15:45 16:45 61 1211 0073 10.84 1 2440 1 20140724184938 00034
00000072 2013 02 11 16:30 17:30 61 1211 0073 10.84 1 2440 1 20140724184938 00034
00000072 2013 02 15 15:45 16:30 61 1211 0073 10.84 1 2440 1 20140724184938 00034
00000072 2013 02 18 16:30 17:30 61 1211 0073 10.84 1 2440 1 20140724184938 00034
00000072 2013 02 22 15:45 16:45 61 1211 0073 10.84 1 2440 1 20140724184938 00034
00000072 2013 02 25 16:30 17:30 61 1211 0073 10.84 1 2440 1 20140724184938 00034
00000073 2013 02 04 14:45 15:45 11 7311 0070 10.84 1 235 1 20140725102708 00034
00000073 2013 02 11 14:45 15:45 11 7311 0070 10.84 1 235 1 20140725102708 00034
00000073 2013 02 18 14:45 15:45 11 7311 0070 10.84 1 235 1 20140725102708 00034
00000073 2013 02 25 14:45 15:45 11 7311 0070 10.84 1 235 1 20140725102708 00034
00000079 2013 02 28 10:45 11:45 11 7311 0070 10.84 1 235 1 20140725144842 00034
