00000241 2013 08 15 11:15 11:45 61 1111 0107 11.26 1 1220 1 20140704145712 00077
00000241 2013 08 29 11:15 11:45 61 1111 0107 11.26 1 1220 1 20140704145712 00077
00000241 2013 09 05 11:15 11:45 61 1111 0107 11.26 1 1220 1 20140704145703 00077
00000241 2013 09 12 11:15 11:45 61 1111 0107 11.26 1 1220 1 20140704145703 00077
00000241 2013 09 19 11:15 11:45 61 1111 0107 11.26 1 1220 1 20140704145703 00077
00000241 2013 09 26 11:15 11:45 61 1111 0107 11.26 1 1220 1 20140704145703 00077
00000241 2013 10 03 11:15 11:45 61 1111 0107 11.26 1 1220 1 20140704145650 00077
00000241 2013 10 10 11:15 11:45 61 1111 0107 11.26 1 1220 1 20140704145650 00077
00000241 2013 10 17 11:15 11:45 61 1111 0107 11.26 1 1220 1 20140704145650 00077
00000241 2013 10 24 11:15 11:45 61 1111 0107 11.26 1 1220 1 20140704145650 00077
00000241 2013 10 31 11:15 11:45 61 1111 0107 11.26 1 1220 1 20140704145650 00077
00000241 2013 11 07 11:15 11:45 61 1111 0107 11.26 1 1220 1 20140704145640 00077
00000241 2013 11 14 11:15 11:45 61 1111 0107 11.26 1 1220 1 20140704145640 00077
00000241 2013 11 21 11:15 11:45 61 1111 0107 11.26 1 1220 1 20140704145640 00077
00000241 2013 11 28 11:15 11:45 61 1111 0107 11.26 1 1220 1 20140704145640 00077
00000241 2013 12 05 11:15 11:45 61 1111 0107 11.26 1 1220 1 20140704145630 00077
00000241 2013 12 12 11:15 11:45 61 1111 0107 11.26 1 1220 1 20140704145630 00077
00000241 2013 12 19 11:15 11:45 61 1111 0107 11.26 1 1220 1 20140704145630 00077
00000241 2013 12 26 11:15 11:45 61 1111 0107 11.26 1 1220 1 20140704145630 00077
00000241 2014 01 09 11:15 11:45 61 1111 0107 11.26 1 1220 1 20140617183646 00049
00000241 2014 01 16 11:15 11:45 61 1111 0107 11.26 1 1220 1 20140617183646 00049
00000241 2014 01 23 11:15 11:45 61 1111 0107 11.26 1 1220 1 20140617183646 00049
00000241 2014 01 30 11:15 11:45 61 1111 0107 11.26 1 1220 1 20140617183646 00049
00000241 2014 02 10 11:15 11:45 61 1111 0107 11.26 1 1220 1 20140617183452 00049
00000241 2014 02 13 11:15 11:45 61 1111 0107 11.26 1 1220 1 20140617183452 00049
00000241 2014 02 20 11:15 11:45 61 1111 0107 11.26 1 1220 1 20140617183452 00049
00000241 2014 02 27 11:15 11:45 61 1111 0107 11.26 1 1220 1 20140617183452 00049
00000241 2014 03 06 11:15 11:45 61 1111 0107 11.26 1 1220 1 20140617183317 00049
00000241 2014 03 13 11:15 11:45 61 1111 0107 11.26 1 1220 1 20140617183317 00049
00000241 2014 03 20 11:15 11:45 61 1111 0107 11.26 1 1220 1 20140617183317 00049
00000241 2014 03 27 11:15 11:45 61 1111 0107 11.26 1 1220 1 20140617183317 00049
00000241 2014 04 03 11:15 11:45 61 1111 0107 11.26 1 1226 1 20140617183058 00049
00000241 2014 04 10 11:15 11:45 61 1111 0107 11.26 1 1226 1 20140617183058 00049
00000241 2014 04 21 11:15 11:45 61 1111 0107 11.26 1 1226 1 20140617183058 00049
00000241 2014 04 24 11:15 11:45 61 1111 0107 11.26 1 1226 1 20140617183058 00049
00000241 2014 05 01 11:15 11:45 61 1111 0107 11.26 1 1226 1 20140819134535 00078
00000241 2014 05 08 11:15 11:45 61 1111 0107 11.26 1 1226 1 20140819134535 00078
00000241 2014 05 15 11:15 11:45 61 1111 0107 11.26 1 1226 1 20140819134535 00078
00000241 2014 05 22 11:15 11:45 61 1111 0107 11.26 1 1226 1 20140819134535 00078
00000241 2014 06 02 14:30 15:00 61 1111 0107 11.26 1 1226 1 20140701155527 00049
00000241 2014 06 05 11:15 11:45 61 1111 0107 11.26 1 1226 1 20140701155527 00049
00000241 2014 06 12 11:15 11:45 61 1111 0107 11.26 1 1226 1 20140701155527 00049
00000241 2014 06 19 11:15 11:45 61 1111 0107 11.26 1 1226 1 20140701155527 00049
00000241 2014 06 26 11:15 11:45 61 1111 0107 11.26 1 1226 1 20140701155527 00049
00000241 2014 07 07 16:30 17:00 61 1111 0107 11.26 1 1226 1 20140802121443 00047
00000241 2014 07 10 11:15 11:45 61 1111 0107 11.26 1 1226 1 20140802121443 00047
00000241 2014 07 17 11:15 11:45 61 1111 0107 11.26 1 1226 1 20140802121443 00047
00000241 2014 07 24 11:15 11:45 61 1111 0107 11.26 1 1226 1 20140802121443 00047
00000241 2014 07 31 11:15 11:45 61 1111 0107 11.26 1 1226 1 20140802121443 00047
00000241 2014 08 07 11:15 11:45 61 1111 0107 11.26 1 1226 1 20140831131029 00049
00000241 2014 08 14 11:15 11:45 61 1111 0107 11.26 1 1226 1 20140831131029 00049
00000241 2014 08 25 16:30 17:00 61 1111 0107 11.26 1 1226 1 20140831131029 00049
00000241 2014 08 28 11:15 11:45 61 1111 0107 11.26 1 1226 1 20140831131029 00049
00000241 2014 09 04 11:15 11:45 61 1111 0107 11.26 1 1226 1 20140930204332 00049
00000241 2014 09 11 11:15 11:45 61 1111 0107 11.26 1 1226 1 20140930204332 00049
00000241 2014 09 18 11:15 11:45 61 1111 0107 11.26 1 1226 1 20140930204332 00049
00000241 2014 09 25 11:15 11:45 61 1111 0107 11.26 1 1226 1 20140930204332 00049
00000241 2014 10 02 11:15 11:45 61 1111 0107 11.26 1 1226 1 20141031202141 00049
00000241 2014 10 09 11:15 11:45 61 1111 0107 11.26 1 1226 1 20141031202141 00049
00000241 2014 10 16 11:15 11:45 61 1111 0107 11.26 1 1226 1 20141031202141 00049
00000241 2014 10 30 11:15 11:45 61 1111 0107 11.26 1 1226 1 20141031202141 00049
00000241 2014 11 06 11:15 11:45 61 1111 0107 11.26 1 1226 1 20141201121605 00049
00000241 2014 11 10 11:00 11:30 61 1111 0107 11.26 1 1226 1 20141201121605 00049
00000241 2014 11 17 11:00 11:30 61 1111 0107 11.26 1 1226 1 20141201121605 00049
00000241 2014 11 27 11:15 11:45 61 1111 0107 11.26 1 1226 1 20141201121605 00049
