1 00000241 2013 08 61 0107 グランクレール・ケアサービス馬事公苑 1111 予防訪問介護Ⅰ 1220 0 1220 2 1220 0 1220 1220 0 11.26 13737 90 12363 1374 0 n n 0 1 20140704145712 00077
1 00000241 2013 09 61 0107 グランクレール・ケアサービス馬事公苑 1111 予防訪問介護Ⅰ 1220 0 1220 4 1220 0 1220 1220 0 11.26 13737 90 12363 1374 0 n n 0 1 20140704145703 00077
1 00000241 2013 10 61 0107 グランクレール・ケアサービス馬事公苑 1111 予防訪問介護Ⅰ 1220 0 1220 5 1220 0 1220 1220 0 11.26 13737 90 12363 1374 0 n n 0 1 20140704145650 00077
1 00000241 2013 11 61 0107 グランクレール・ケアサービス馬事公苑 1111 予防訪問介護Ⅰ 1220 0 1220 4 1220 0 1220 1220 0 11.26 13737 90 12363 1374 0 n n 0 1 20140704145640 00077
1 00000241 2013 12 61 0107 グランクレール・ケアサービス馬事公苑 1111 予防訪問介護Ⅰ 1220 0 1220 4 1220 0 1220 1220 0 11.26 13737 90 12363 1374 0 n n 0 1 20140704145630 00077
1 00000241 2014 01 61 0107 グランクレール・ケアサービス馬事公苑 1111 予防訪問介護Ⅰ 1220 0 1220 4 1220 0 1220 1220 0 11.26 13737 90 12363 1374 0 n n 0 1 20140617183646 00049
1 00000241 2014 02 61 0107 グランクレール・ケアサービス馬事公苑 1111 予防訪問介護Ⅰ 1220 0 1220 4 1220 0 1220 1220 0 11.26 13737 90 12363 1374 0 n n 0 1 20140617183452 00049
1 00000241 2014 03 61 0107 グランクレール・ケアサービス馬事公苑 1111 予防訪問介護Ⅰ 1220 0 1220 4 1220 0 1220 1220 0 11.26 13737 90 12363 1374 0 n n 0 1 20140617183317 00049
1 00000241 2014 04 61 0107 グランクレール・ケアサービス馬事公苑 1111 予防訪問介護Ⅰ 1226 0 1226 4 1226 0 1226 1226 0 11.26 13804 90 12423 1381 0 n n 0 1 20140617183058 00049
1 00000241 2014 05 61 0107 グランクレール・ケアサービス馬事公苑 1111 予防訪問介護Ⅰ 1226 0 1226 4 1226 0 1226 1226 0 11.26 13804 90 12423 1381 0 n n 0 1 20140819134535 00078
1 00000241 2014 06 61 0107 グランクレール・ケアサービス馬事公苑 1111 予防訪問介護Ⅰ 1226 0 1226 5 1226 0 1226 1226 0 11.26 13804 90 12423 1381 0 n n 0 1 20140701155527 00049
1 00000241 2014 07 61 0107 グランクレール・ケアサービス馬事公苑 1111 予防訪問介護Ⅰ 1226 0 1226 5 1226 0 1226 1226 0 11.26 13804 90 12423 1381 0 n n 0 1 20140802121443 00047
1 00000241 2014 08 61 0107 グランクレール・ケアサービス馬事公苑 1111 予防訪問介護Ⅰ 1226 0 1226 4 1226 0 1226 1226 0 11.26 13804 90 12423 1381 0 n n 0 1 20140831131029 00049
1 00000241 2014 09 61 0107 グランクレール・ケアサービス馬事公苑 1111 予防訪問介護Ⅰ 1226 0 1226 4 1226 0 1226 1226 0 11.26 13804 90 12423 1381 0 n n 0 1 20140930204332 00049
1 00000241 2014 10 61 0107 グランクレール・ケアサービス馬事公苑 1111 予防訪問介護Ⅰ 1226 0 1226 4 1226 0 1226 1226 0 11.26 13804 90 12423 1381 0 n n 0 1 20141031202141 00049
1 00000241 2014 11 61 0107 グランクレール・ケアサービス馬事公苑 1111 予防訪問介護Ⅰ 1226 0 1226 4 1226 0 1226 1226 0 11.26 13804 90 12423 1381 0 n n 0 1 20141201121605 00049
1 00000241 2014 12 61 0107 グランクレール・ケアサービス馬事公苑 1111 予防訪問介護Ⅰ 1226 0 1226 4 1226 0 1226 1226 0 11.26 13804 90 12423 1381 0 n n 0 1 20141205143826 00049
2 00000241 2013 08 61 0107 グランクレール・ケアサービス馬事公苑 6271 予防訪問介護処遇改善加算Ⅰ 49 0 49 1 49 0 49 49 0 11.26 551 90 495 56 0 a g 0 1 20140704145712 00077
2 00000241 2013 09 61 0107 グランクレール・ケアサービス馬事公苑 6271 予防訪問介護処遇改善加算Ⅰ 49 0 49 1 49 0 49 49 0 11.26 551 90 495 56 0 a g 0 1 20140704145703 00077
2 00000241 2013 10 61 0107 グランクレール・ケアサービス馬事公苑 6271 予防訪問介護処遇改善加算Ⅰ 49 0 49 1 49 0 49 49 0 11.26 551 90 495 56 0 a g 0 1 20140704145650 00077
2 00000241 2013 11 61 0107 グランクレール・ケアサービス馬事公苑 6271 予防訪問介護処遇改善加算Ⅰ 49 0 49 1 49 0 49 49 0 11.26 551 90 495 56 0 a g 0 1 20140704145640 00077
2 00000241 2013 12 61 0107 グランクレール・ケアサービス馬事公苑 6271 予防訪問介護処遇改善加算Ⅰ 49 0 49 1 49 0 49 49 0 11.26 551 90 495 56 0 a g 0 1 20140704145630 00077
2 00000241 2014 01 61 0107 グランクレール・ケアサービス馬事公苑 6271 予防訪問介護処遇改善加算Ⅰ 49 0 49 1 49 0 49 49 0 11.26 551 90 495 56 0 a g 0 1 20140617183646 00049
2 00000241 2014 02 61 0107 グランクレール・ケアサービス馬事公苑 6271 予防訪問介護処遇改善加算Ⅰ 49 0 49 1 49 0 49 49 0 11.26 551 90 495 56 0 a g 0 1 20140617183452 00049
2 00000241 2014 03 61 0107 グランクレール・ケアサービス馬事公苑 6271 予防訪問介護処遇改善加算Ⅰ 49 0 49 1 49 0 49 49 0 11.26 551 90 495 56 0 a g 0 1 20140617183317 00049
2 00000241 2014 04 61 0107 グランクレール・ケアサービス馬事公苑 6271 予防訪問介護処遇改善加算Ⅰ 49 0 49 1 49 0 49 49 0 11.26 551 90 495 56 0 a g 0 1 20140617183058 00049
2 00000241 2014 05 61 0107 グランクレール・ケアサービス馬事公苑 6271 予防訪問介護処遇改善加算Ⅰ 49 0 49 1 49 0 49 49 0 11.26 551 90 495 56 0 a g 0 1 20140819134535 00078
2 00000241 2014 06 61 0107 グランクレール・ケアサービス馬事公苑 6271 予防訪問介護処遇改善加算Ⅰ 49 0 49 1 49 0 49 49 0 11.26 551 90 495 56 0 a g 0 1 20140701155527 00049
2 00000241 2014 07 61 0107 グランクレール・ケアサービス馬事公苑 6271 予防訪問介護処遇改善加算Ⅰ 49 0 49 1 49 0 49 49 0 11.26 551 90 495 56 0 a g 0 1 20140802121443 00047
2 00000241 2014 08 61 0107 グランクレール・ケアサービス馬事公苑 6271 予防訪問介護処遇改善加算Ⅰ 49 0 49 1 49 0 49 49 0 11.26 551 90 495 56 0 a g 0 1 20140831131029 00049
2 00000241 2014 09 61 0107 グランクレール・ケアサービス馬事公苑 6271 予防訪問介護処遇改善加算Ⅰ 49 0 49 1 49 0 49 49 0 11.26 551 90 495 56 0 a g 0 1 20140930204332 00049
2 00000241 2014 10 61 0107 グランクレール・ケアサービス馬事公苑 6271 予防訪問介護処遇改善加算Ⅰ 49 0 49 1 49 0 49 49 0 11.26 551 90 495 56 0 a g 0 1 20141031202141 00049
2 00000241 2014 11 61 0107 グランクレール・ケアサービス馬事公苑 6271 予防訪問介護処遇改善加算Ⅰ 49 0 49 1 49 0 49 49 0 11.26 551 90 495 56 0 a g 0 1 20141201121605 00049
2 00000241 2014 12 61 0107 グランクレール・ケアサービス馬事公苑 6271 予防訪問介護処遇改善加算Ⅰ 49 0 49 1 49 0 49 49 0 11.26 551 90 495 56 0 a g 0 1 20141205143826 00049
