00000241 0107 2013 08 0000047 15 00048 _ 11:15 11:45 _ _ 0 1111 1 61 1 20140704145712 00077
00000241 0107 2013 08 0000048 29 00048 _ 11:15 11:45 _ _ 0 1111 1 61 1 20140704145712 00077
00000241 0107 2013 09 0000030 05 00048 _ 11:15 11:45 _ _ 0 1111 1 61 1 20140704145703 00077
00000241 0107 2013 09 0000031 12 00048 _ 11:15 11:45 _ _ 0 1111 1 61 1 20140704145703 00077
00000241 0107 2013 09 0000032 19 00048 _ 11:15 11:45 _ _ 0 1111 1 61 1 20140704145703 00077
00000241 0107 2013 09 0000033 26 00048 _ 11:15 11:45 _ _ 0 1111 1 61 1 20140704145703 00077
00000241 0107 2013 10 0000034 03 00048 _ 11:15 11:45 _ _ 0 1111 1 61 1 20140704145650 00077
00000241 0107 2013 10 0000035 10 00048 _ 11:15 11:45 _ _ 0 1111 1 61 1 20140704145650 00077
00000241 0107 2013 10 0000036 17 00049 _ 11:15 11:45 _ _ 0 1111 1 61 1 20140704145650 00077
00000241 0107 2013 10 0000037 24 00048 _ 11:15 11:45 _ _ 0 1111 1 61 1 20140704145650 00077
00000241 0107 2013 10 0000038 31 00048 _ 11:15 11:45 _ _ 0 1111 1 61 1 20140704145650 00077
00000241 0107 2013 11 0000039 07 00048 _ 11:15 11:45 _ _ 0 1111 1 61 1 20140704145640 00077
00000241 0107 2013 11 0000040 14 00048 _ 11:15 11:45 _ _ 0 1111 1 61 1 20140704145640 00077
00000241 0107 2013 11 0000041 21 00048 _ 11:15 11:45 _ _ 0 1111 1 61 1 20140704145640 00077
00000241 0107 2013 11 0000042 28 00048 _ 11:15 11:45 _ _ 0 1111 1 61 1 20140704145640 00077
00000241 0107 2013 12 0000043 05 00048 _ 11:15 11:45 _ _ 0 1111 1 61 1 20140704145630 00077
00000241 0107 2013 12 0000044 12 00048 _ 11:15 11:45 _ _ 0 1111 1 61 1 20140704145630 00077
00000241 0107 2013 12 0000045 19 00048 _ 11:15 11:45 _ _ 0 1111 1 61 1 20140704145630 00077
00000241 0107 2013 12 0000046 26 00048 _ 11:15 11:45 _ _ 0 1111 1 61 1 20140704145630 00077
00000241 0107 2014 01 0000022 09 00048 _ 11:15 11:45 _ _ 0 1111 1 61 1 20140617183646 00049
00000241 0107 2014 01 0000023 16 00048 _ 11:15 11:45 _ _ 0 1111 1 61 1 20140617183646 00049
00000241 0107 2014 01 0000024 23 00048 _ 11:15 11:45 _ _ 0 1111 1 61 1 20140617183646 00049
00000241 0107 2014 01 0000025 30 00048 _ 11:15 11:45 _ _ 0 1111 1 61 1 20140617183646 00049
00000241 0107 2014 02 0000018 10 00048 _ 11:15 11:45 _ _ 0 1111 1 61 1 20140617183452 00049
00000241 0107 2014 02 0000019 13 00048 _ 11:15 11:45 _ _ 0 1111 1 61 1 20140617183452 00049
00000241 0107 2014 02 0000020 20 00048 _ 11:15 11:45 _ _ 0 1111 1 61 1 20140617183452 00049
00000241 0107 2014 02 0000021 27 00048 _ 11:15 11:45 _ _ 0 1111 1 61 1 20140617183452 00049
00000241 0107 2014 03 0000014 06 00048 _ 11:15 11:45 _ _ 0 1111 1 61 1 20140617183317 00049
00000241 0107 2014 03 0000015 13 00048 _ 11:15 11:45 _ _ 0 1111 1 61 1 20140617183317 00049
00000241 0107 2014 03 0000016 20 00048 _ 11:15 11:45 _ _ 0 1111 1 61 1 20140617183317 00049
00000241 0107 2014 03 0000017 27 00049 _ 11:15 11:45 _ _ 0 1111 1 61 1 20140617183317 00049
00000241 0107 2014 04 0000010 03 00048 _ 11:15 11:45 _ _ 0 1111 1 61 1 20140617183058 00049
00000241 0107 2014 04 0000011 10 00048 _ 11:15 11:45 _ _ 0 1111 1 61 1 20140617183058 00049
00000241 0107 2014 04 0000012 21 00048 _ 11:15 11:45 _ _ 0 1111 1 61 1 20140617183058 00049
00000241 0107 2014 04 0000013 24 00048 _ 11:15 11:45 _ _ 0 1111 1 61 1 20140617183058 00049
00000241 0107 2014 05 0000026 01 00048 _ 11:15 11:45 _ _ 0 1111 1 61 1 20140819134535 00078
00000241 0107 2014 05 0000027 08 00048 _ 11:15 11:45 _ _ 0 1111 1 61 1 20140819134535 00078
00000241 0107 2014 05 0000028 15 00048 _ 11:15 11:45 _ _ 0 1111 1 61 1 20140819134535 00078
00000241 0107 2014 05 0000029 22 00048 _ 11:15 11:45 _ _ 0 1111 1 61 1 20140819134535 00078
00000241 0107 2014 06 0000002 05 00048 _ 11:15 11:45 _ _ 0 1111 1 61 1 20140701155527 00049
00000241 0107 2014 06 0000003 12 00048 _ 11:15 11:45 _ _ 0 1111 1 61 1 20140701155527 00049
00000241 0107 2014 06 0000004 19 00048 _ 11:15 11:45 _ _ 0 1111 1 61 1 20140701155527 00049
00000241 0107 2014 06 0000005 26 00048 _ 11:15 11:45 _ _ 0 1111 1 61 1 20140701155527 00049
00000241 0107 2014 06 0000006 02 00048 _ 14:30 15:00 _ _ 0 1111 1 61 1 20140701155527 00049
00000241 0107 2014 07 0000007 07 00048 _ 16:30 17:00 _ _ 0 1111 1 61 1 20140802121443 00047
00000241 0107 2014 07 0000008 10 00048 _ 11:15 11:45 _ _ 0 1111 1 61 1 20140802121443 00047
00000241 0107 2014 07 0000009 17 00048 _ 11:15 11:45 _ _ 0 1111 1 61 1 20140802121443 00047
00000241 0107 2014 07 0000010 24 00048 _ 11:15 11:45 _ _ 0 1111 1 61 1 20140802121443 00047
00000241 0107 2014 07 0000011 31 00048 _ 11:15 11:45 _ _ 0 1111 1 61 1 20140802121443 00047
00000241 0107 2014 08 0000012 07 00048 _ 11:15 11:45 _ _ 0 1111 1 61 1 20140831131029 00049
00000241 0107 2014 08 0000013 14 00048 _ 11:15 11:45 _ _ 0 1111 1 61 1 20140831131029 00049
00000241 0107 2014 08 0000014 25 00049 _ 16:30 17:00 _ _ 0 1111 1 61 1 20140831131029 00049
00000241 0107 2014 08 0000015 28 00049 _ 11:15 11:45 _ _ 0 1111 1 61 1 20140831131029 00049
00000241 0107 2014 09 0000016 04 00048 _ 11:15 11:45 _ _ 0 1111 1 61 1 20140930204332 00049
00000241 0107 2014 09 0000017 11 00048 _ 11:15 11:45 _ _ 0 1111 1 61 1 20140930204332 00049
00000241 0107 2014 09 0000018 18 00048 _ 11:15 11:45 _ _ 0 1111 1 61 1 20140930204332 00049
00000241 0107 2014 09 0000019 25 00049 _ 11:15 11:45 _ _ 0 1111 1 61 1 20140930204332 00049
00000241 0107 2014 10 0000020 02 00049 00050 11:15 11:45 _ _ 0 1111 1 61 1 20141031202141 00049
00000241 0107 2014 10 0000021 09 00048 _ 11:15 11:45 _ _ 0 1111 1 61 1 20141031202141 00049
00000241 0107 2014 10 0000022 16 00050 _ 11:15 11:45 _ _ 0 1111 1 61 1 20141031202141 00049
00000241 0107 2014 10 0000023 23 _ _ _ _ _ _ 0 _ 1 61 9 20141024124846 00049
00000241 0107 2014 10 0000024 30 00050 _ 11:15 11:45 _ _ 0 1111 1 61 1 20141031202141 00049
00000241 0107 2014 11 0000025 06 00048 _ 11:15 11:45 _ _ 0 1111 1 61 1 20141201121605 00049
00000241 0107 2014 11 0000026 10 00049 00051 11:00 11:30 _ _ 0 1111 1 61 1 20141201121605 00049
00000241 0107 2014 11 0000027 17 00050 _ 11:00 11:30 _ _ 0 1111 1 61 1 20141201121605 00049
00000241 0107 2014 11 0000028 27 00051 00049 11:15 11:45 _ _ 0 1111 1 61 1 20141201121605 00049
00000241 0107 2014 12 0000029 04 00048 _ 11:15 11:45 _ _ 0 1111 1 61 1 20141205143826 00049
00000241 0107 2014 12 0000030 11 _ _ 11:15 11:45 _ _ 0 1111 1 61 1 20141205143826 00049
00000241 0107 2014 12 0000031 18 _ _ 11:15 11:45 _ _ 0 1111 1 61 1 20141205143826 00049
00000241 0107 2014 12 0000032 25 _ _ 11:15 11:45 _ _ 0 1111 1 61 1 20141205143826 00049
