00000225 2012 10 00047 1 20140730113536 00078
00000225 2012 11 00047 1 20140730114148 00078
00000225 2012 12 00047 1 20140730114731 00078
00000225 2013 01 00047 1 20140709174219 00078
00000225 2013 02 00047 1 20140709174700 00078
00000225 2013 03 00047 1 20140709175316 00078
00000225 2013 04 00047 1 20140709175729 00078
00000225 2013 05 00047 1 20140709180650 00078
00000225 2013 06 00047 1 20140709181142 00078
00000225 2013 07 00047 1 20140709181548 00078
00000225 2013 08 00047 1 20140709182102 00078
00000225 2013 09 00047 1 20140703170656 00078
00000225 2013 10 00047 1 20140703171810 00078
00000225 2013 11 00047 1 20140703173104 00078
00000225 2013 12 00047 1 20140703173909 00078
00000225 2014 01 00047 1 20140619170007 00078
00000225 2014 02 00047 1 20140619170613 00078
00000225 2014 03 00047 1 20140619171003 00078
00000225 2014 04 00047 1 20140619171331 00078
00000225 2014 05 00047 1 20140812175522 00078
00000225 2014 06 00047 1 20140630135422 00078
00000225 2014 07 00047 1 20140624152650 00047
