1 00000002 2012 01 11 0070 グランクレール・ケアサービス横浜 7211 生活援助２ 229 0 229 4 916 0 916 916 0 10.84 9929 90 8936 993 0 n n 0 1 20141015162947 00077
1 00000007 2012 01 11 0070 グランクレール・ケアサービス横浜 1211 身体介護２ 402 0 402 4 1608 0 1608 1608 0 10.84 17430 90 15687 1743 0 n n 0 1 20141015173131 00077
1 00000010 2012 01 11 0070 グランクレール・ケアサービス横浜 1211 身体介護２ 402 0 402 7 2814 0 2814 2814 0 10.84 30503 90 27452 3051 0 n n 0 1 20141015174321 00077
1 00000011 2012 01 11 0070 グランクレール・ケアサービス横浜 1211 身体介護２ 402 0 402 4 1608 0 1608 1608 0 10.84 17430 90 15687 1743 0 n n 0 1 20141015165018 00077
1 00000012 2012 01 11 0070 グランクレール・ケアサービス横浜 1111 身体介護１ 254 0 254 9 2286 0 2286 2286 0 10.84 24780 90 22302 2478 0 n n 0 1 20141015182400 00077
1 00000013 2012 01 11 0070 グランクレール・ケアサービス横浜 7211 生活援助２ 229 0 229 1 229 0 229 229 0 10.84 2482 90 2233 249 0 n n 0 1 20141016101228 00077
1 00000015 2012 01 11 0070 グランクレール・ケアサービス横浜 1311 身体介護３ 584 0 584 2 1168 0 1168 1168 0 10.84 12661 90 11394 1267 0 n n 0 1 20141016104409 00077
1 00000020 2012 01 11 0070 グランクレール・ケアサービス横浜 7211 生活援助２ 229 0 229 8 1832 0 1832 1832 0 10.84 19858 90 17872 1986 0 n n 0 1 20141016121644 00077
1 00000022 2012 01 11 0070 グランクレール・ケアサービス横浜 1211 身体介護２ 402 0 402 5 2010 0 2010 2010 0 10.84 21788 90 19609 2179 0 n n 0 1 20141016133446 00077
1 00000046 2012 01 11 0070 グランクレール・ケアサービス横浜 1311 身体介護３ 584 0 584 2 1168 0 1168 1168 0 10.84 12661 90 11394 1267 0 n n 0 1 20141016173731 00077
2 00000002 2012 01 11 0070 グランクレール・ケアサービス横浜 6271 訪問介護処遇改善加算Ⅰ 37 0 37 1 37 37 0.04 37 0 10.84 401 90 360 41 0 a g 0 1 20141015162947 00077
2 00000007 2012 01 11 0070 グランクレール・ケアサービス横浜 6271 訪問介護処遇改善加算Ⅰ 64 0 64 1 64 64 0.04 64 0 10.84 693 90 623 70 0 a g 0 1 20141015173131 00077
2 00000010 2012 01 11 0070 グランクレール・ケアサービス横浜 7211 生活援助２ 229 0 229 1 229 0 229 229 0 10.84 2482 90 2233 249 0 n n 0 1 20141015174321 00077
2 00000011 2012 01 11 0070 グランクレール・ケアサービス横浜 4111 身体１生活１ 337 0 337 4 1348 0 1348 1348 0 10.84 14612 90 13150 1462 0 n n 0 1 20141015165018 00077
2 00000012 2012 01 11 0070 グランクレール・ケアサービス横浜 6271 訪問介護処遇改善加算Ⅰ 91 0 91 1 91 91 0.04 91 0 10.84 986 90 887 99 0 a g 0 1 20141015182400 00077
2 00000013 2012 01 11 0070 グランクレール・ケアサービス横浜 7311 生活援助３ 291 0 291 4 1164 0 1164 1164 0 10.84 12617 90 11355 1262 0 n n 0 1 20141016101228 00077
2 00000015 2012 01 11 0070 グランクレール・ケアサービス横浜 7211 生活援助２ 229 0 229 2 458 0 458 458 0 10.84 4964 90 4467 497 0 n n 0 1 20141016104409 00077
2 00000020 2012 01 11 0070 グランクレール・ケアサービス横浜 6271 訪問介護処遇改善加算Ⅰ 73 0 73 1 73 73 0.04 73 0 10.84 791 90 711 80 0 a g 0 1 20141016121644 00077
2 00000022 2012 01 11 0070 グランクレール・ケアサービス横浜 6271 訪問介護処遇改善加算Ⅰ 80 0 80 1 80 80 0.04 80 0 10.84 867 90 780 87 0 a g 0 1 20141016133446 00077
2 00000046 2012 01 11 0070 グランクレール・ケアサービス横浜 6271 訪問介護処遇改善加算Ⅰ 47 0 47 1 47 47 0.04 47 0 10.84 509 90 458 51 0 a g 0 1 20141016173731 00077
3 00000010 2012 01 11 0070 グランクレール・ケアサービス横浜 6271 訪問介護処遇改善加算Ⅰ 122 0 122 1 122 122 0.04 122 0 10.84 1322 90 1189 133 0 a g 0 1 20141015174321 00077
3 00000011 2012 01 11 0070 グランクレール・ケアサービス横浜 6271 訪問介護処遇改善加算Ⅰ 118 0 118 1 118 118 0.04 118 0 10.84 1279 90 1151 128 0 a g 0 1 20141015165018 00077
3 00000013 2012 01 11 0070 グランクレール・ケアサービス横浜 6271 訪問介護処遇改善加算Ⅰ 56 0 56 1 56 56 0.04 56 0 10.84 607 90 546 61 0 a g 0 1 20141016101228 00077
3 00000015 2012 01 11 0070 グランクレール・ケアサービス横浜 6271 訪問介護処遇改善加算Ⅰ 65 0 65 1 65 65 0.04 65 0 10.84 704 90 633 71 0 a g 0 1 20141016104409 00077
