000003852014071 00000385 2014 07 16 13 1501 13:00 13:39 0259 1 318 0 _ _ _ 1 20140925134959 97
000003852014071 00000385 2014 07 23 13 1501 13:00 13:39 0259 1 318 0 _ _ _ 1 20140925134959 97
000003852014071 00000385 2014 07 30 13 1501 13:00 13:39 0259 1 318 0 _ _ _ 1 20140925134959 97
000003852014081 00000385 2014 08 06 13 1501 13:00 13:39 0259 1 318 0 _ _ _ 1 20140921151915 97
000003852014081 00000385 2014 08 13 13 1501 13:00 13:39 0259 1 318 0 _ _ _ 1 20140921151915 97
000003852014081 00000385 2014 08 20 13 1501 13:00 13:39 0259 1 318 0 _ _ _ 1 20140921151915 97
000003852014081 00000385 2014 08 27 13 1501 13:00 13:39 0259 1 318 0 _ _ _ 1 20140921151915 97
000003852014091 00000385 2014 09 03 13 1501 13:00 13:39 0259 1 318 0 _ _ 1 1 20141002171448 97
000003852014091 00000385 2014 09 10 13 1501 13:00 13:39 0259 1 318 0 _ _ 1 1 20141002171448 97
000003852014091 00000385 2014 09 17 13 1501 13:00 13:39 0259 1 318 0 _ _ 1 1 20141002171448 97
000003852014101 00000385 2014 10 02 13 1501 13:00 13:39 0259 1 318 0 _ _ 1 1 20141102110335 97
000003852014101 00000385 2014 10 08 13 1501 13:00 13:39 0259 1 318 0 _ _ 1 1 20141102110335 97
000003852014101 00000385 2014 10 15 13 1501 13:00 13:39 0259 1 318 0 _ _ 1 1 20141102110335 97
000003852014101 00000385 2014 10 22 13 1501 13:00 13:39 0259 1 318 0 _ _ 1 1 20141102110335 97
000003852014101 00000385 2014 10 29 13 1501 13:00 13:39 0259 1 318 0 _ _ 1 1 20141102110335 97
000003852014111 00000385 2014 11 05 13 1501 13:00 13:39 0259 1 318 0 _ _ 1 1 20141203095857 97
000003852014111 00000385 2014 11 12 13 1501 13:00 13:39 0259 1 318 0 _ _ 1 1 20141203095857 97
000003852014111 00000385 2014 11 19 13 1501 13:00 13:39 0259 1 318 0 _ _ 1 1 20141203095857 97
000003852014111 00000385 2014 11 26 13 1501 13:00 13:39 0259 1 318 0 _ _ 1 1 20141203095857 97
000003852014121 00000385 2014 12 03 13 1501 13:00 13:39 0259 1 318 0 _ _ 1 1 20141207095110 97
000003852014121 00000385 2014 12 10 13 1501 13:00 13:39 0259 1 318 0 _ _ 1 1 20141207095110 97
000003852014121 00000385 2014 12 17 13 1501 13:00 13:39 0259 1 318 0 _ _ 1 1 20141207095110 97
000003852014121 00000385 2014 12 24 13 1501 13:00 13:39 0259 1 318 0 _ _ 1 1 20141207095110 97
000003852014121 00000385 2014 12 31 13 1501 13:00 13:39 0259 1 318 0 _ _ 1 1 20141207095110 97
