1 15 1141 通所介護Ⅰ１１・時減 120 180 1 1 3 3 298
2 15 1142 通所介護Ⅰ１２・時減 120 180 1 1 3 4 342
3 15 1143 通所介護Ⅰ１３・時減 120 180 1 1 3 5 386
4 15 1144 通所介護Ⅰ１４・時減 120 180 1 1 3 6 430
5 15 1145 通所介護Ⅰ１５・時減 120 180 1 1 3 7 475
6 15 1241 通所介護Ⅰ１１ 180 300 1 1 3 3 426
7 15 1242 通所介護Ⅰ１２ 180 300 1 1 3 4 488
8 15 1243 通所介護Ⅰ１３ 180 300 1 1 3 5 552
9 15 1244 通所介護Ⅰ１４ 180 300 1 1 3 6 614
10 15 1245 通所介護Ⅰ１５ 180 300 1 1 3 7 678
11 15 1341 通所介護Ⅰ２１ 300 420 1 1 3 3 641
12 15 1342 通所介護Ⅰ２２ 300 420 1 1 3 4 757
13 15 1343 通所介護Ⅰ２３ 300 420 1 1 3 5 874
14 15 1344 通所介護Ⅰ２４ 300 420 1 1 3 6 990
15 15 1345 通所介護Ⅰ２５ 300 420 1 1 3 7 1107
16 15 1441 通所介護Ⅰ３１ 420 540 1 1 3 3 735
17 15 1442 通所介護Ⅰ３２ 420 540 1 1 3 4 868
18 15 1443 通所介護Ⅰ３３ 420 540 1 1 3 5 1006
19 15 1444 通所介護Ⅰ３４ 420 540 1 1 3 6 1144
20 15 1445 通所介護Ⅰ３５ 420 540 1 1 3 7 1281
21 15 1541 通所介護Ⅰ３１・延１ 540 600 1 1 3 3 785
22 15 1542 通所介護Ⅰ３２・延１ 540 600 1 1 3 4 918
23 15 1543 通所介護Ⅰ３３・延１ 540 600 1 1 3 5 1056
24 15 1544 通所介護Ⅰ３４・延１ 540 600 1 1 3 6 1194
25 15 1545 通所介護Ⅰ３５・延１ 540 600 1 1 3 7 1331
26 15 1641 通所介護Ⅰ３１・延２ 600 660 1 1 3 3 835
27 15 1642 通所介護Ⅰ３２・延２ 600 660 1 1 3 4 968
28 15 1643 通所介護Ⅰ３３・延２ 600 660 1 1 3 5 1106
29 15 1644 通所介護Ⅰ３４・延２ 600 660 1 1 3 6 1244
30 15 1645 通所介護Ⅰ３５・延２ 600 660 1 1 3 7 1381
31 15 1741 通所介護Ⅰ３１・延３ 660 720 1 1 3 3 885
32 15 1742 通所介護Ⅰ３２・延３ 660 720 1 1 3 4 1018
33 15 1743 通所介護Ⅰ３３・延３ 660 720 1 1 3 5 1156
34 15 1744 通所介護Ⅰ３４・延３ 660 720 1 1 3 6 1294
35 15 1745 通所介護Ⅰ３５・延３ 660 720 1 1 3 7 1431
36 15 2141 通所介護Ⅱ１１・時減 120 180 1 1 4 3 266
37 15 2142 通所介護Ⅱ１２・時減 120 180 1 1 4 4 305
38 15 2143 通所介護Ⅱ１３・時減 120 180 1 1 4 5 345
39 15 2144 通所介護Ⅱ１４・時減 120 180 1 1 4 6 384
40 15 2145 通所介護Ⅱ１５・時減 120 180 1 1 4 7 424
41 15 2241 通所介護Ⅱ１１ 180 300 1 1 4 3 380
42 15 2242 通所介護Ⅱ１２ 180 300 1 1 4 4 436
43 15 2243 通所介護Ⅱ１３ 180 300 1 1 4 5 493
44 15 2244 通所介護Ⅱ１４ 180 300 1 1 4 6 548
45 15 2245 通所介護Ⅱ１５ 180 300 1 1 4 7 605
46 15 2341 通所介護Ⅱ２１ 300 420 1 1 4 3 572
47 15 2342 通所介護Ⅱ２２ 300 420 1 1 4 4 676
48 15 2343 通所介護Ⅱ２３ 300 420 1 1 4 5 780
49 15 2344 通所介護Ⅱ２４ 300 420 1 1 4 6 884
50 15 2345 通所介護Ⅱ２５ 300 420 1 1 4 7 988
51 15 2441 通所介護Ⅱ３１ 420 540 1 1 4 3 656
52 15 2442 通所介護Ⅱ３２ 420 540 1 1 4 4 775
53 15 2443 通所介護Ⅱ３３ 420 540 1 1 4 5 898
54 15 2444 通所介護Ⅱ３４ 420 540 1 1 4 6 1021
55 15 2445 通所介護Ⅱ３５ 420 540 1 1 4 7 1144
56 15 2541 通所介護Ⅱ３１・延１ 540 600 1 1 4 3 706
57 15 2542 通所介護Ⅱ３２・延１ 540 600 1 1 4 4 825
58 15 2543 通所介護Ⅱ３３・延１ 540 600 1 1 4 5 948
59 15 2544 通所介護Ⅱ３４・延１ 540 600 1 1 4 6 1071
60 15 2545 通所介護Ⅱ３５・延１ 540 600 1 1 4 7 1194
61 15 2641 通所介護Ⅱ３１・延２ 600 660 1 1 4 3 756
62 15 2642 通所介護Ⅱ３２・延２ 600 660 1 1 4 4 875
63 15 2643 通所介護Ⅱ３３・延２ 600 660 1 1 4 5 998
64 15 2644 通所介護Ⅱ３４・延２ 600 660 1 1 4 6 1121
65 15 2645 通所介護Ⅱ３５・延２ 600 660 1 1 4 7 1244
66 15 2741 通所介護Ⅱ３１・延３ 660 720 1 1 4 3 806
67 15 2742 通所介護Ⅱ３２・延３ 660 720 1 1 4 4 925
68 15 2743 通所介護Ⅱ３３・延３ 660 720 1 1 4 5 1048
69 15 2744 通所介護Ⅱ３４・延３ 660 720 1 1 4 6 1171
70 15 2745 通所介護Ⅱ３５・延３ 660 720 1 1 4 7 1294
71 15 3651 通所介護Ⅲ１１・時減 120 180 1 1 6 3 262
72 15 3652 通所介護Ⅲ１２・時減 120 180 1 1 6 4 300
73 15 3653 通所介護Ⅲ１３・時減 120 180 1 1 6 5 340
74 15 3654 通所介護Ⅲ１４・時減 120 180 1 1 6 6 377
75 15 3655 通所介護Ⅲ１５・時減 120 180 1 1 6 7 417
76 15 3656 通所介護Ⅲ１１ 180 300 1 1 6 3 374
77 15 3657 通所介護Ⅲ１２ 180 300 1 1 6 4 429
78 15 3658 通所介護Ⅲ１３ 180 300 1 1 6 5 485
79 15 3659 通所介護Ⅲ１４ 180 300 1 1 6 6 539
80 15 3660 通所介護Ⅲ１５ 180 300 1 1 6 7 595
81 15 3661 通所介護Ⅲ２１ 300 420 1 1 6 3 562
82 15 3662 通所介護Ⅲ２２ 300 420 1 1 6 4 665
83 15 3663 通所介護Ⅲ２３ 300 420 1 1 6 5 767
84 15 3664 通所介護Ⅲ２４ 300 420 1 1 6 6 869
85 15 3665 通所介護Ⅲ２５ 300 420 1 1 6 7 971
86 15 3666 通所介護Ⅲ３１ 420 540 1 1 6 3 645
87 15 3667 通所介護Ⅲ３２ 420 540 1 1 6 4 762
88 15 3668 通所介護Ⅲ３３ 420 540 1 1 6 5 883
89 15 3669 通所介護Ⅲ３４ 420 540 1 1 6 6 1004
90 15 3670 通所介護Ⅲ３５ 420 540 1 1 6 7 1125
91 15 3671 通所介護Ⅲ３１・延１ 540 600 1 1 6 3 695
92 15 3672 通所介護Ⅲ３２・延１ 540 600 1 1 6 4 812
93 15 3673 通所介護Ⅲ３３・延１ 540 600 1 1 6 5 933
94 15 3674 通所介護Ⅲ３４・延１ 540 600 1 1 6 6 1054
95 15 3675 通所介護Ⅲ３５・延１ 540 600 1 1 6 7 1175
96 15 3676 通所介護Ⅲ３１・延２ 600 660 1 1 6 3 745
97 15 3677 通所介護Ⅲ３２・延２ 600 660 1 1 6 4 862
98 15 3678 通所介護Ⅲ３３・延２ 600 660 1 1 6 5 983
99 15 3679 通所介護Ⅲ３４・延２ 600 660 1 1 6 6 1104
100 15 3680 通所介護Ⅲ３５・延２ 600 660 1 1 6 7 1225
101 15 3711 通所介護Ⅲ３１・延３ 660 720 1 1 6 3 795
102 15 3712 通所介護Ⅲ３２・延３ 660 720 1 1 6 4 912
103 15 3713 通所介護Ⅲ３３・延３ 660 720 1 1 6 5 1033
104 15 3714 通所介護Ⅲ３４・延３ 660 720 1 1 6 6 1154
105 15 3715 通所介護Ⅲ３５・延３ 660 720 1 1 6 7 1275
106 15 3681 通所介護Ⅳ１１・時減 120 180 1 1 7 3 255
107 15 3682 通所介護Ⅳ１２・時減 120 180 1 1 7 4 292
108 15 3683 通所介護Ⅳ１３・時減 120 180 1 1 7 5 330
109 15 3684 通所介護Ⅳ１４・時減 120 180 1 1 7 6 367
110 15 3685 通所介護Ⅳ１５・時減 120 180 1 1 7 7 405
111 15 3686 通所介護Ⅳ１１ 180 300 1 1 7 3 364
112 15 3687 通所介護Ⅳ１２ 180 300 1 1 7 4 417
113 15 3688 通所介護Ⅳ１３ 180 300 1 1 7 5 472
114 15 3689 通所介護Ⅳ１４ 180 300 1 1 7 6 524
115 15 3690 通所介護Ⅳ１５ 180 300 1 1 7 7 579
116 15 3691 通所介護Ⅳ２１ 300 420 1 1 7 3 547
117 15 3692 通所介護Ⅳ２２ 300 420 1 1 7 4 647
118 15 3693 通所介護Ⅳ２３ 300 420 1 1 7 5 746
119 15 3694 通所介護Ⅳ２４ 300 420 1 1 7 6 846
120 15 3695 通所介護Ⅳ２５ 300 420 1 1 7 7 946
121 15 3696 通所介護Ⅳ３１ 420 540 1 1 7 3 628
122 15 3697 通所介護Ⅳ３２ 420 540 1 1 7 4 742
123 15 3698 通所介護Ⅳ３３ 420 540 1 1 7 5 859
124 15 3699 通所介護Ⅳ３４ 420 540 1 1 7 6 977
125 15 3700 通所介護Ⅳ３５ 420 540 1 1 7 7 1095
126 15 3701 通所介護Ⅳ３１・延１ 540 600 1 1 7 3 678
127 15 3702 通所介護Ⅳ３２・延１ 540 600 1 1 7 4 792
128 15 3703 通所介護Ⅳ３３・延１ 540 600 1 1 7 5 909
129 15 3704 通所介護Ⅳ３４・延１ 540 600 1 1 7 6 1027
130 15 3705 通所介護Ⅳ３５・延１ 540 600 1 1 7 7 1145
131 15 3706 通所介護Ⅳ３１・延２ 600 660 1 1 7 3 728
132 15 3707 通所介護Ⅳ３２・延２ 600 660 1 1 7 4 842
133 15 3708 通所介護Ⅳ３３・延２ 600 660 1 1 7 5 959
134 15 3709 通所介護Ⅳ３４・延２ 600 660 1 1 7 6 1077
135 15 3710 通所介護Ⅳ３５・延２ 600 660 1 1 7 7 1195
136 15 3716 通所介護Ⅳ３１・延３ 660 720 1 1 7 3 778
137 15 3717 通所介護Ⅳ３２・延３ 660 720 1 1 7 4 892
138 15 3718 通所介護Ⅳ３３・延３ 660 720 1 1 7 5 1009
139 15 3719 通所介護Ⅳ３４・延３ 660 720 1 1 7 6 1127
140 15 3720 通所介護Ⅳ３５・延３ 660 720 1 1 7 7 1245
141 15 4140 療養通所介護1 180 360 1 1 5 _ 1007
142 15 4141 療養通所介護2 360 480 1 1 5 _ 1511
143 15 9401 通所介護Ⅰ11・人欠・時減 120 180 1 2 3 3 209
144 15 9402 通所介護Ⅰ12・人欠・時減 120 180 1 2 3 4 239
145 15 9403 通所介護Ⅰ13・人欠・時減 120 180 1 2 3 5 270
146 15 9404 通所介護Ⅰ14・人欠・時減 120 180 1 2 3 6 301
147 15 9405 通所介護Ⅰ15・人欠・時減 120 180 1 2 3 7 333
148 15 9411 通所介護Ⅰ11・人欠 180 300 1 2 3 3 298
149 15 9412 通所介護Ⅰ12・人欠 180 300 1 2 3 4 342
150 15 9413 通所介護Ⅰ13・人欠 180 300 1 2 3 5 386
151 15 9414 通所介護Ⅰ14・人欠 180 300 1 2 3 6 430
152 15 9415 通所介護Ⅰ15・人欠 180 300 1 2 3 7 475
153 15 9421 通所介護Ⅰ21・人欠 300 420 1 2 3 3 449
154 15 9422 通所介護Ⅰ22・人欠 300 420 1 2 3 4 530
155 15 9423 通所介護Ⅰ23・人欠 300 420 1 2 3 5 612
156 15 9424 通所介護Ⅰ24・人欠 300 420 1 2 3 6 693
157 15 9425 通所介護Ⅰ25・人欠 300 420 1 2 3 7 775
158 15 9431 通所介護Ⅰ31・人欠 420 540 1 2 3 3 515
159 15 9432 通所介護Ⅰ32・人欠 420 540 1 2 3 4 608
160 15 9433 通所介護Ⅰ33・人欠 420 540 1 2 3 5 704
161 15 9434 通所介護Ⅰ34・人欠 420 540 1 2 3 6 801
162 15 9435 通所介護Ⅰ35・人欠 420 540 1 2 3 7 897
163 15 9441 通所介護Ⅰ31・人欠・延1 540 600 1 2 3 3 565
164 15 9442 通所介護Ⅰ32・人欠・延1 540 600 1 2 3 4 658
165 15 9443 通所介護Ⅰ33・人欠・延1 540 600 1 2 3 5 754
166 15 9444 通所介護Ⅰ34・人欠・延1 540 600 1 2 3 6 851
167 15 9445 通所介護Ⅰ35・人欠・延1 540 600 1 2 3 7 947
168 15 9451 通所介護Ⅰ31・人欠・延2 600 660 1 2 3 3 615
169 15 9452 通所介護Ⅰ32・人欠・延2 600 660 1 2 3 4 708
170 15 9453 通所介護Ⅰ33・人欠・延2 600 660 1 2 3 5 804
171 15 9454 通所介護Ⅰ34・人欠・延2 600 660 1 2 3 6 901
172 15 9455 通所介護Ⅰ35・人欠・延2 600 660 1 2 3 7 997
173 15 9456 通所介護Ⅰ31・人欠・延3 660 720 1 2 3 3 665
174 15 9457 通所介護Ⅰ32・人欠・延3 660 720 1 2 3 4 758
175 15 9458 通所介護Ⅰ33・人欠・延3 660 720 1 2 3 5 854
176 15 9459 通所介護Ⅰ34・人欠・延3 660 720 1 2 3 6 951
177 15 9460 通所介護Ⅰ35・人欠・延3 660 720 1 2 3 7 1047
178 15 9501 通所介護Ⅱ１１・人欠・時減 120 180 1 2 4 3 186
179 15 9502 通所介護Ⅱ１２・人欠・時減 120 180 1 2 4 4 214
180 15 9503 通所介護Ⅱ１３・人欠・時減 120 180 1 2 4 5 242
181 15 9504 通所介護Ⅱ１４・人欠・時減 120 180 1 2 4 6 269
182 15 9505 通所介護Ⅱ１５・人欠・時減 120 180 1 2 4 7 297
183 15 9511 通所介護Ⅱ１１・人欠 180 300 1 2 4 3 266
184 15 9512 通所介護Ⅱ１２・人欠 180 300 1 2 4 4 305
185 15 9513 通所介護Ⅱ１３・人欠 180 300 1 2 4 5 345
186 15 9514 通所介護Ⅱ１４・人欠 180 300 1 2 4 6 384
187 15 9515 通所介護Ⅱ１５・人欠 180 300 1 2 4 7 424
188 15 9521 通所介護Ⅱ２１・人欠 300 420 1 2 4 3 400
189 15 9522 通所介護Ⅱ２２・人欠 300 420 1 2 4 4 473
190 15 9523 通所介護Ⅱ２３・人欠 300 420 1 2 4 5 546
191 15 9524 通所介護Ⅱ２４・人欠 300 420 1 2 4 6 619
192 15 9525 通所介護Ⅱ２５・人欠 300 420 1 2 4 7 692
193 15 9531 通所介護Ⅱ３１・人欠 420 540 1 2 4 3 459
194 15 9532 通所介護Ⅱ３２・人欠 420 540 1 2 4 4 543
195 15 9533 通所介護Ⅱ３３・人欠 420 540 1 2 4 5 629
196 15 9534 通所介護Ⅱ３４・人欠 420 540 1 2 4 6 715
197 15 9535 通所介護Ⅱ３５・人欠 420 540 1 2 4 7 801
198 15 9541 通所介護Ⅱ３１・人欠・延１ 540 600 1 2 4 3 509
199 15 9542 通所介護Ⅱ３２・人欠・延１ 540 600 1 2 4 4 593
200 15 9543 通所介護Ⅱ３３・人欠・延１ 540 600 1 2 4 5 679
201 15 9544 通所介護Ⅱ３４・人欠・延１ 540 600 1 2 4 6 765
202 15 9545 通所介護Ⅱ３５・人欠・延１ 540 600 1 2 4 7 851
203 15 9551 通所介護Ⅱ３１・人欠・延２ 600 660 1 2 4 3 559
204 15 9552 通所介護Ⅱ３２・人欠・延２ 600 660 1 2 4 4 643
205 15 9553 通所介護Ⅱ３３・人欠・延２ 600 660 1 2 4 5 729
206 15 9554 通所介護Ⅱ３４・人欠・延２ 600 660 1 2 4 6 815
207 15 9555 通所介護Ⅱ３５・人欠・延２ 600 660 1 2 4 7 901
208 15 9556 通所介護Ⅱ３１・人欠・延３ 660 720 1 2 4 3 609
209 15 9557 通所介護Ⅱ３２・人欠・延３ 660 720 1 2 4 4 693
210 15 9558 通所介護Ⅱ３３・人欠・延３ 660 720 1 2 4 5 779
211 15 9559 通所介護Ⅱ３４・人欠・延３ 660 720 1 2 4 6 865
212 15 9560 通所介護Ⅱ３５・人欠・延３ 660 720 1 2 4 7 951
213 15 9461 通所介護Ⅲ１１・人欠・時減 120 180 1 2 6 3 183
214 15 9462 通所介護Ⅲ１２・人欠・時減 120 180 1 2 6 4 210
215 15 9463 通所介護Ⅲ１３・人欠・時減 120 180 1 2 6 5 238
216 15 9464 通所介護Ⅲ１４・人欠・時減 120 180 1 2 6 6 264
217 15 9465 通所介護Ⅲ１５・人欠・時減 120 180 1 2 6 7 292
218 15 9466 通所介護Ⅲ１１・人欠 180 300 1 2 6 3 262
219 15 9467 通所介護Ⅲ１２・人欠 180 300 1 2 6 4 300
220 15 9468 通所介護Ⅲ１３・人欠 180 300 1 2 6 5 340
221 15 9469 通所介護Ⅲ１４・人欠 180 300 1 2 6 6 377
222 15 9470 通所介護Ⅲ１５・人欠 180 300 1 2 6 7 417
223 15 9471 通所介護Ⅲ２１・人欠 300 420 1 2 6 3 393
224 15 9472 通所介護Ⅲ２２・人欠 300 420 1 2 6 4 466
225 15 9473 通所介護Ⅲ２３・人欠 300 420 1 2 6 5 537
226 15 9474 通所介護Ⅲ２４・人欠 300 420 1 2 6 6 608
227 15 9475 通所介護Ⅲ２５・人欠 300 420 1 2 6 7 680
228 15 9476 通所介護Ⅲ３１・人欠 420 540 1 2 6 3 452
229 15 9477 通所介護Ⅲ３２・人欠 420 540 1 2 6 4 533
230 15 9478 通所介護Ⅲ３３・人欠 420 540 1 2 6 5 618
231 15 9479 通所介護Ⅲ３４・人欠 420 540 1 2 6 6 703
232 15 9480 通所介護Ⅲ３５・人欠 420 540 1 2 6 7 788
233 15 9481 通所介護Ⅲ３１・人欠・延１ 540 600 1 2 6 3 502
234 15 9482 通所介護Ⅲ３２・人欠・延１ 540 600 1 2 6 4 583
235 15 9483 通所介護Ⅲ３３・人欠・延１ 540 600 1 2 6 5 668
236 15 9484 通所介護Ⅲ３４・人欠・延１ 540 600 1 2 6 6 753
237 15 9485 通所介護Ⅲ３５・人欠・延１ 540 600 1 2 6 7 838
238 15 9486 通所介護Ⅲ３１・人欠・延２ 600 660 1 2 6 3 552
239 15 9487 通所介護Ⅲ３２・人欠・延２ 600 660 1 2 6 4 633
240 15 9488 通所介護Ⅲ３３・人欠・延２ 600 660 1 2 6 5 718
241 15 9489 通所介護Ⅲ３４・人欠・延２ 600 660 1 2 6 6 803
242 15 9490 通所介護Ⅲ３５・人欠・延２ 600 660 1 2 6 7 888
243 15 9491 通所介護Ⅲ３１・人欠・延３ 660 720 1 2 6 3 602
244 15 9492 通所介護Ⅲ３２・人欠・延３ 660 720 1 2 6 4 683
245 15 9493 通所介護Ⅲ３３・人欠・延３ 660 720 1 2 6 5 768
246 15 9494 通所介護Ⅲ３４・人欠・延３ 660 720 1 2 6 6 853
247 15 9495 通所介護Ⅲ３５・人欠・延３ 660 720 1 2 6 7 938
248 15 9561 通所介護Ⅳ１１・人欠・時減 120 180 1 2 7 3 179
249 15 9562 通所介護Ⅳ１２・人欠・時減 120 180 1 2 7 4 204
250 15 9563 通所介護Ⅳ１３・人欠・時減 120 180 1 2 7 5 231
251 15 9564 通所介護Ⅳ１４・人欠・時減 120 180 1 2 7 6 257
252 15 9565 通所介護Ⅳ１５・人欠・時減 120 180 1 2 7 7 284
253 15 9566 通所介護Ⅳ１１・人欠 180 300 1 2 7 3 255
254 15 9567 通所介護Ⅳ１２・人欠 180 300 1 2 7 4 292
255 15 9568 通所介護Ⅳ１３・人欠 180 300 1 2 7 5 330
256 15 9569 通所介護Ⅳ１４・人欠 180 300 1 2 7 6 367
257 15 9570 通所介護Ⅳ１５・人欠 180 300 1 2 7 7 405
258 15 9571 通所介護Ⅳ２１・人欠 300 420 1 2 7 3 383
259 15 9572 通所介護Ⅳ２２・人欠 300 420 1 2 7 4 453
260 15 9573 通所介護Ⅳ２３・人欠 300 420 1 2 7 5 522
261 15 9574 通所介護Ⅳ２４・人欠 300 420 1 2 7 6 592
262 15 9575 通所介護Ⅳ２５・人欠 300 420 1 2 7 7 662
263 15 9576 通所介護Ⅳ３１・人欠 420 540 1 2 7 3 440
264 15 9577 通所介護Ⅳ３２・人欠 420 540 1 2 7 4 519
265 15 9578 通所介護Ⅳ３３・人欠 420 540 1 2 7 5 601
266 15 9579 通所介護Ⅳ３４・人欠 420 540 1 2 7 6 684
267 15 9580 通所介護Ⅳ３５・人欠 420 540 1 2 7 7 767
268 15 9581 通所介護Ⅳ３１・人欠・延１ 540 600 1 2 7 3 490
269 15 9582 通所介護Ⅳ３２・人欠・延１ 540 600 1 2 7 4 569
270 15 9583 通所介護Ⅳ３３・人欠・延１ 540 600 1 2 7 5 651
271 15 9584 通所介護Ⅳ３４・人欠・延１ 540 600 1 2 7 6 734
272 15 9585 通所介護Ⅳ３５・人欠・延１ 540 600 1 2 7 7 817
273 15 9586 通所介護Ⅳ３１・人欠・延２ 600 660 1 2 7 3 540
274 15 9587 通所介護Ⅳ３２・人欠・延２ 600 660 1 2 7 4 619
275 15 9588 通所介護Ⅳ３３・人欠・延２ 600 660 1 2 7 5 701
276 15 9589 通所介護Ⅳ３４・人欠・延２ 600 660 1 2 7 6 784
277 15 9590 通所介護Ⅳ３５・人欠・延２ 600 660 1 2 7 7 867
278 15 9591 通所介護Ⅳ３１・人欠・延３ 660 720 1 2 7 3 590
279 15 9592 通所介護Ⅳ３２・人欠・延３ 660 720 1 2 7 4 669
280 15 9593 通所介護Ⅳ３３・人欠・延３ 660 720 1 2 7 5 751
281 15 9594 通所介護Ⅳ３４・人欠・延３ 660 720 1 2 7 6 834
282 15 9595 通所介護Ⅳ３５・人欠・延３ 660 720 1 2 7 7 917
283 15 9700 療養通所介護１・人欠 180 360 1 2 5 _ 705
284 15 9701 療養通所介護２・人欠 360 480 1 2 5 _ 1058
285 15 8401 通所介護Ⅰ１１・定超・時減 120 180 2 1 3 3 209
286 15 8402 通所介護Ⅰ１２・定超・時減 120 180 2 1 3 4 239
287 15 8403 通所介護Ⅰ１３・定超・時減 120 180 2 1 3 5 270
288 15 8404 通所介護Ⅰ１４・定超・時減 120 180 2 1 3 6 301
289 15 8405 通所介護Ⅰ１５・定超・時減 120 180 2 1 3 7 333
290 15 8411 通所介護Ⅰ１１・定超 180 300 2 1 3 3 298
291 15 8412 通所介護Ⅰ１２・定超 180 300 2 1 3 4 342
292 15 8413 通所介護Ⅰ１３・定超 180 300 2 1 3 5 386
293 15 8414 通所介護Ⅰ１４・定超 180 300 2 1 3 6 430
294 15 8415 通所介護Ⅰ１５・定超 180 300 2 1 3 7 475
295 15 8421 通所介護Ⅰ２１・定超 300 420 2 1 3 3 449
296 15 8422 通所介護Ⅰ２２・定超 300 420 2 1 3 4 530
297 15 8423 通所介護Ⅰ２３・定超 300 420 2 1 3 5 612
298 15 8424 通所介護Ⅰ２４・定超 300 420 2 1 3 6 693
299 15 8425 通所介護Ⅰ２５・定超 300 420 2 1 3 7 775
300 15 8431 通所介護Ⅰ３１・定超 420 540 2 1 3 3 515
301 15 8432 通所介護Ⅰ３２・定超 420 540 2 1 3 4 608
302 15 8433 通所介護Ⅰ３３・定超 420 540 2 1 3 5 704
303 15 8434 通所介護Ⅰ３４・定超 420 540 2 1 3 6 801
304 15 8435 通所介護Ⅰ３５・定超 420 540 2 1 3 7 897
305 15 8441 通所介護Ⅰ３１・定超・延１ 540 600 2 1 3 3 565
306 15 8442 通所介護Ⅰ３２・定超・延１ 540 600 2 1 3 4 658
307 15 8443 通所介護Ⅰ３３・定超・延１ 540 600 2 1 3 5 754
308 15 8444 通所介護Ⅰ３４・定超・延１ 540 600 2 1 3 6 851
309 15 8445 通所介護Ⅰ３５・定超・延１ 540 600 2 1 3 7 947
310 15 8451 通所介護Ⅰ３１・定超・延２ 600 660 2 1 3 3 615
311 15 8452 通所介護Ⅰ３２・定超・延２ 600 660 2 1 3 4 708
312 15 8453 通所介護Ⅰ３３・定超・延２ 600 660 2 1 3 5 804
313 15 8454 通所介護Ⅰ３４・定超・延２ 600 660 2 1 3 6 901
314 15 8455 通所介護Ⅰ３５・定超・延２ 600 660 2 1 3 7 997
315 15 8456 通所介護Ⅰ３１・定超・延３ 660 720 2 1 3 3 665
316 15 8457 通所介護Ⅰ３２・定超・延３ 660 720 2 1 3 4 758
317 15 8458 通所介護Ⅰ３３・定超・延３ 660 720 2 1 3 5 854
318 15 8459 通所介護Ⅰ３４・定超・延３ 660 720 2 1 3 6 951
319 15 8460 通所介護Ⅰ３５・定超・延３ 660 720 2 1 3 7 1047
320 15 8501 通所介護Ⅱ１１・定超・時減 120 180 2 1 4 3 186
321 15 8502 通所介護Ⅱ１２・定超・時減 120 180 2 1 4 4 214
322 15 8503 通所介護Ⅱ１３・定超・時減 120 180 2 1 4 5 242
323 15 8504 通所介護Ⅱ１４・定超・時減 120 180 2 1 4 6 269
324 15 8505 通所介護Ⅱ１５・定超・時減 120 180 2 1 4 7 297
325 15 8511 通所介護Ⅱ１１・定超 180 300 2 1 4 3 266
326 15 8512 通所介護Ⅱ１２・定超 180 300 2 1 4 4 305
327 15 8513 通所介護Ⅱ１３・定超 180 300 2 1 4 5 345
328 15 8514 通所介護Ⅱ１４・定超 180 300 2 1 4 6 384
329 15 8515 通所介護Ⅱ１５・定超 180 300 2 1 4 7 424
330 15 8521 通所介護Ⅱ２１・定超 300 420 2 1 4 3 400
331 15 8522 通所介護Ⅱ２２・定超 300 420 2 1 4 4 473
332 15 8523 通所介護Ⅱ２３・定超 300 420 2 1 4 5 546
333 15 8524 通所介護Ⅱ２４・定超 300 420 2 1 4 6 619
334 15 8525 通所介護Ⅱ２５・定超 300 420 2 1 4 7 692
335 15 8531 通所介護Ⅱ３１・定超 420 540 2 1 4 3 459
336 15 8532 通所介護Ⅱ３２・定超 420 540 2 1 4 4 543
337 15 8533 通所介護Ⅱ３３・定超 420 540 2 1 4 5 629
338 15 8534 通所介護Ⅱ３４・定超 420 540 2 1 4 6 715
339 15 8535 通所介護Ⅱ３５・定超 420 540 2 1 4 7 801
340 15 8541 通所介護Ⅱ３１・定超・延１ 540 600 2 1 4 3 509
341 15 8542 通所介護Ⅱ３２・定超・延１ 540 600 2 1 4 4 593
342 15 8543 通所介護Ⅱ３３・定超・延１ 540 600 2 1 4 5 679
343 15 8544 通所介護Ⅱ３４・定超・延１ 540 600 2 1 4 6 765
344 15 8545 通所介護Ⅱ３５・定超・延１ 540 600 2 1 4 7 851
345 15 8551 通所介護Ⅱ３１・定超・延２ 600 660 2 1 4 3 559
346 15 8552 通所介護Ⅱ３２・定超・延２ 600 660 2 1 4 4 643
347 15 8553 通所介護Ⅱ３３・定超・延２ 600 660 2 1 4 5 729
348 15 8554 通所介護Ⅱ３４・定超・延２ 600 660 2 1 4 6 815
349 15 8555 通所介護Ⅱ３５・定超・延２ 600 660 2 1 4 7 901
350 15 8556 通所介護Ⅱ３１・定超・延３ 660 720 2 1 4 3 609
351 15 8557 通所介護Ⅱ３２・定超・延３ 660 720 2 1 4 4 693
352 15 8558 通所介護Ⅱ３３・定超・延３ 660 720 2 1 4 5 779
353 15 8559 通所介護Ⅱ３４・定超・延３ 660 720 2 1 4 6 865
354 15 8560 通所介護Ⅱ３５・定超・延３ 660 720 2 1 4 7 951
355 15 8461 通所介護Ⅲ１１・定超・時減 120 180 2 1 6 3 183
356 15 8462 通所介護Ⅲ１２・定超・時減 120 180 2 1 6 4 210
357 15 8463 通所介護Ⅲ１３・定超・時減 120 180 2 1 6 5 238
358 15 8464 通所介護Ⅲ１４・定超・時減 120 180 2 1 6 6 264
359 15 8465 通所介護Ⅲ１５・定超・時減 120 180 2 1 6 7 292
360 15 8466 通所介護Ⅲ１１・定超 180 300 2 1 6 3 262
361 15 8467 通所介護Ⅲ１２・定超 180 300 2 1 6 4 300
362 15 8468 通所介護Ⅲ１３・定超 180 300 2 1 6 5 340
363 15 8469 通所介護Ⅲ１４・定超 180 300 2 1 6 6 377
364 15 8470 通所介護Ⅲ１５・定超 180 300 2 1 6 7 417
365 15 8471 通所介護Ⅲ２１・定超 300 420 2 1 6 3 393
366 15 8472 通所介護Ⅲ２２・定超 300 420 2 1 6 4 466
367 15 8473 通所介護Ⅲ２３・定超 300 420 2 1 6 5 537
368 15 8474 通所介護Ⅲ２４・定超 300 420 2 1 6 6 608
369 15 8475 通所介護Ⅲ２５・定超 300 420 2 1 6 7 680
370 15 8476 通所介護Ⅲ３１・定超 420 540 2 1 6 3 452
371 15 8477 通所介護Ⅲ３２・定超 420 540 2 1 6 4 533
372 15 8478 通所介護Ⅲ３３・定超 420 540 2 1 6 5 618
373 15 8479 通所介護Ⅲ３４・定超 420 540 2 1 6 6 703
374 15 8480 通所介護Ⅲ３５・定超 420 540 2 1 6 7 788
375 15 8481 通所介護Ⅲ３１・定超・延１ 540 600 2 1 6 3 502
376 15 8482 通所介護Ⅲ３２・定超・延１ 540 600 2 1 6 4 583
377 15 8483 通所介護Ⅲ３３・定超・延１ 540 600 2 1 6 5 668
378 15 8484 通所介護Ⅲ３４・定超・延１ 540 600 2 1 6 6 753
379 15 8485 通所介護Ⅲ３５・定超・延１ 540 600 2 1 6 7 838
380 15 8486 通所介護Ⅲ３１・定超・延２ 600 660 2 1 6 3 552
381 15 8487 通所介護Ⅲ３２・定超・延２ 600 660 2 1 6 4 633
382 15 8488 通所介護Ⅲ３３・定超・延２ 600 660 2 1 6 5 718
383 15 8489 通所介護Ⅲ３４・定超・延２ 600 660 2 1 6 6 803
384 15 8490 通所介護Ⅲ３５・定超・延２ 600 660 2 1 6 7 888
385 15 8491 通所介護Ⅲ３１・定超・延３ 660 720 2 1 6 3 602
386 15 8492 通所介護Ⅲ３２・定超・延３ 660 720 2 1 6 4 683
387 15 8493 通所介護Ⅲ３３・定超・延３ 660 720 2 1 6 5 768
388 15 8494 通所介護Ⅲ３４・定超・延３ 660 720 2 1 6 6 853
389 15 8495 通所介護Ⅲ３５・定超・延３ 660 720 2 1 6 7 938
390 15 8561 通所介護Ⅳ11・定超・時減 120 180 2 1 7 3 179
391 15 8562 通所介護Ⅳ12・定超・時減 120 180 2 1 7 4 204
392 15 8563 通所介護Ⅳ13・定超・時減 120 180 2 1 7 5 231
393 15 8564 通所介護Ⅳ14・定超・時減 120 180 2 1 7 6 257
394 15 8565 通所介護Ⅳ15・定超・時減 120 180 2 1 7 7 284
395 15 8566 通所介護Ⅳ11・定超 180 300 2 1 7 3 255
396 15 8567 通所介護Ⅳ12・定超 180 300 2 1 7 4 292
397 15 8568 通所介護Ⅳ13・定超 180 300 2 1 7 5 330
398 15 8569 通所介護Ⅳ14・定超 180 300 2 1 7 6 367
399 15 8570 通所介護Ⅳ15・定超 180 300 2 1 7 7 405
400 15 8571 通所介護Ⅳ21・定超 300 420 2 1 7 3 383
401 15 8572 通所介護Ⅳ22・定超 300 420 2 1 7 4 453
402 15 8573 通所介護Ⅳ23・定超 300 420 2 1 7 5 522
403 15 8574 通所介護Ⅳ24・定超 300 420 2 1 7 6 592
404 15 8575 通所介護Ⅳ25・定超 300 420 2 1 7 7 662
405 15 8576 通所介護Ⅳ31・定超 420 540 2 1 7 3 440
406 15 8577 通所介護Ⅳ32・定超 420 540 2 1 7 4 519
407 15 8578 通所介護Ⅳ33・定超 420 540 2 1 7 5 601
408 15 8579 通所介護Ⅳ34・定超 420 540 2 1 7 6 684
409 15 8580 通所介護Ⅳ35・定超 420 540 2 1 7 7 767
410 15 8581 通所介護Ⅳ31・定超・延1 540 600 2 1 7 3 490
411 15 8582 通所介護Ⅳ32・定超・延1 540 600 2 1 7 4 569
412 15 8583 通所介護Ⅳ33・定超・延1 540 600 2 1 7 5 651
413 15 8584 通所介護Ⅳ34・定超・延1 540 600 2 1 7 6 734
414 15 8585 通所介護Ⅳ35・定超・延1 540 600 2 1 7 7 817
415 15 8586 通所介護Ⅳ31・定超・延2 600 660 2 1 7 3 540
416 15 8587 通所介護Ⅳ32・定超・延2 600 660 2 1 7 4 619
417 15 8588 通所介護Ⅳ33・定超・延2 600 660 2 1 7 5 701
418 15 8589 通所介護Ⅳ34・定超・延2 600 660 2 1 7 6 784
419 15 8590 通所介護Ⅳ35・定超・延2 600 660 2 1 7 7 867
420 15 8591 通所介護Ⅳ31・定超・延3 660 720 2 1 7 3 590
421 15 8592 通所介護Ⅳ32・定超・延3 660 720 2 1 7 4 669
422 15 8593 通所介護Ⅳ33・定超・延3 660 720 2 1 7 5 751
423 15 8594 通所介護Ⅳ34・定超・延3 660 720 2 1 7 6 834
424 15 8595 通所介護Ⅳ35・定超・延3 660 720 2 1 7 7 917
425 15 8700 療養通所介護1・定超 180 360 2 1 5 _ 705
426 15 8701 療養通所介護2・定超 360 480 2 1 5 _ 1058
427 15 1751 通所介護Ⅰ３１・延４ 720 780 1 1 3 3 935
428 15 1752 通所介護Ⅰ３２・延４ 720 780 1 1 3 4 1068
429 15 1753 通所介護Ⅰ３３・延４ 720 780 1 1 3 5 1206
430 15 1754 通所介護Ⅰ３４・延４ 720 780 1 1 3 6 1344
431 15 1755 通所介護Ⅰ３５・延４ 720 780 1 1 3 7 1481
432 15 1756 通所介護Ⅰ３１・延５ 780 840 1 1 3 3 985
433 15 1757 通所介護Ⅰ３２・延５ 780 840 1 1 3 4 1118
434 15 1758 通所介護Ⅰ３３・延５ 780 840 1 1 3 5 1256
435 15 1759 通所介護Ⅰ３４・延５ 780 840 1 1 3 6 1394
436 15 1760 通所介護Ⅰ３５・延５ 780 840 1 1 3 7 1531
437 15 2751 通所介護Ⅱ３１・延４ 720 780 1 1 4 3 856
438 15 2752 通所介護Ⅱ３２・延４ 720 780 1 1 4 4 975
439 15 2753 通所介護Ⅱ３３・延４ 720 780 1 1 4 5 1098
440 15 2754 通所介護Ⅱ３４・延４ 720 780 1 1 4 6 1221
441 15 2755 通所介護Ⅱ３５・延４ 720 780 1 1 4 7 1344
442 15 2756 通所介護Ⅱ３１・延５ 780 840 1 1 4 3 906
443 15 2757 通所介護Ⅱ３２・延５ 780 840 1 1 4 4 1025
444 15 2758 通所介護Ⅱ３３・延５ 780 840 1 1 4 5 1148
445 15 2759 通所介護Ⅱ３４・延５ 780 840 1 1 4 6 1271
446 15 2760 通所介護Ⅱ３５・延５ 780 840 1 1 4 7 1394
447 15 3721 通所介護Ⅲ３１・延４ 720 780 1 1 6 3 845
448 15 3722 通所介護Ⅲ３２・延４ 720 780 1 1 6 4 962
449 15 3723 通所介護Ⅲ３３・延４ 720 780 1 1 6 5 1083
450 15 3724 通所介護Ⅲ３４・延４ 720 780 1 1 6 6 1204
451 15 3725 通所介護Ⅲ３５・延４ 720 780 1 1 6 7 1325
452 15 3726 通所介護Ⅲ３１・延５ 780 840 1 1 6 3 895
453 15 3727 通所介護Ⅲ３２・延５ 780 840 1 1 6 4 1012
454 15 3728 通所介護Ⅲ３３・延５ 780 840 1 1 6 5 1133
455 15 3729 通所介護Ⅲ３４・延５ 780 840 1 1 6 6 1254
456 15 3730 通所介護Ⅲ３５・延５ 780 840 1 1 6 7 1375
457 15 3731 通所介護Ⅳ３１・延４ 720 780 1 1 7 3 828
458 15 3732 通所介護Ⅳ３２・延４ 720 780 1 1 7 4 942
459 15 3733 通所介護Ⅳ３３・延４ 720 780 1 1 7 5 1059
460 15 3734 通所介護Ⅳ３４・延４ 720 780 1 1 7 6 1177
461 15 3735 通所介護Ⅳ３５・延４ 720 780 1 1 7 7 1295
462 15 3736 通所介護Ⅳ３１・延５ 780 840 1 1 7 3 878
463 15 3737 通所介護Ⅳ３２・延５ 780 840 1 1 7 4 992
464 15 3738 通所介護Ⅳ３３・延５ 780 840 1 1 7 5 1109
465 15 3739 通所介護Ⅳ３４・延５ 780 840 1 1 7 6 1227
466 15 3740 通所介護Ⅳ３５・延５ 780 840 1 1 7 7 1345
467 15 8711 通所介護Ⅰ３１・定超・延４ 720 780 2 1 3 3 715
468 15 8712 通所介護Ⅰ３２・定超・延４ 720 780 2 1 3 4 808
469 15 8713 通所介護Ⅰ３３・定超・延４ 720 780 2 1 3 5 904
470 15 8714 通所介護Ⅰ３４・定超・延４ 720 780 2 1 3 6 1001
471 15 8715 通所介護Ⅰ３５・定超・延４ 720 780 2 1 3 7 1097
472 15 8716 通所介護Ⅰ３１・定超・延５ 780 840 2 1 3 3 765
473 15 8717 通所介護Ⅰ３２・定超・延５ 780 840 2 1 3 4 858
474 15 8718 通所介護Ⅰ３３・定超・延５ 780 840 2 1 3 5 954
475 15 8719 通所介護Ⅰ３４・定超・延５ 780 840 2 1 3 6 1051
476 15 8720 通所介護Ⅰ３５・定超・延５ 780 840 2 1 3 7 1147
477 15 8721 通所介護Ⅱ３１・定超・延４ 720 780 2 1 4 3 659
478 15 8722 通所介護Ⅱ３２・定超・延４ 720 780 2 1 4 4 743
479 15 8723 通所介護Ⅱ３３・定超・延４ 720 780 2 1 4 5 829
480 15 8724 通所介護Ⅱ３４・定超・延４ 720 780 2 1 4 6 915
481 15 8725 通所介護Ⅱ３５・定超・延４ 720 780 2 1 4 7 1001
482 15 8726 通所介護Ⅱ３１・定超・延５ 780 840 2 1 4 3 709
483 15 8727 通所介護Ⅱ３２・定超・延５ 780 840 2 1 4 4 793
484 15 8728 通所介護Ⅱ３３・定超・延５ 780 840 2 1 4 5 879
485 15 8729 通所介護Ⅱ３４・定超・延５ 780 840 2 1 4 6 965
486 15 8730 通所介護Ⅱ３５・定超・延５ 780 840 2 1 4 7 1051
487 15 8731 通所介護Ⅲ３１・定超・延４ 720 780 2 1 6 3 652
488 15 8732 所介護Ⅲ３２・定超・延４ 720 780 2 1 6 4 733
489 15 8733 通所介護Ⅲ３３・定超・延４ 720 780 2 1 6 5 818
490 15 8734 通所介護Ⅲ３４・定超・延４ 720 780 2 1 6 6 903
491 15 8735 通所介護Ⅲ３５・定超・延４ 720 780 2 1 6 7 988
492 15 8736 通所介護Ⅲ３１・定超・延５ 780 840 2 1 6 3 702
493 15 8737 通所介護Ⅲ３２・定超・延５ 780 840 2 1 6 4 783
494 15 8738 通所介護Ⅲ３３・定超・延５ 780 840 2 1 6 5 868
495 15 8739 通所介護Ⅲ３４・定超・延５ 780 840 2 1 6 6 953
496 15 8740 通所介護Ⅲ３５・定超・延５ 780 840 2 1 6 7 1038
497 15 8741 通所介護Ⅳ31・定超・延4 720 780 2 1 7 3 640
498 15 8742 通所介護Ⅳ32・定超・延4 720 780 2 1 7 4 719
499 15 8743 通所介護Ⅳ33・定超・延4 720 780 2 1 7 5 801
500 15 8744 通所介護Ⅳ34・定超・延4 720 780 2 1 7 6 884
501 15 8745 通所介護Ⅳ35・定超・延4 720 780 2 1 7 7 967
502 15 8746 通所介護Ⅳ31・定超・延5 780 840 2 1 7 3 690
503 15 8747 通所介護Ⅳ32・定超・延5 780 840 2 1 7 4 769
504 15 8748 通所介護Ⅳ33・定超・延5 780 840 2 1 7 5 851
505 15 8749 通所介護Ⅳ34・定超・延5 780 840 2 1 7 6 934
506 15 8750 通所介護Ⅳ35・定超・延5 780 840 2 1 7 7 1017
507 15 9711 通所介護Ⅰ31・人欠・延4 720 780 1 2 3 3 715
508 15 9712 通所介護Ⅰ32・人欠・延4 720 780 1 2 3 4 808
509 15 9713 通所介護Ⅰ33・人欠・延4 720 780 1 2 3 5 904
510 15 9714 通所介護Ⅰ34・人欠・延4 720 780 1 2 3 6 1001
511 15 9715 通所介護Ⅰ35・人欠・延4 720 780 1 2 3 7 1097
512 15 9716 通所介護Ⅰ31・人欠・延5 780 840 1 2 3 3 765
513 15 9717 通所介護Ⅰ32・人欠・延5 780 840 1 2 3 4 858
514 15 9718 通所介護Ⅰ33・人欠・延5 780 840 1 2 3 5 954
515 15 9719 通所介護Ⅰ34・人欠・延5 780 840 1 2 3 6 1051
516 15 9720 通所介護Ⅰ35・人欠・延5 780 840 1 2 3 7 1147
517 15 9721 通所介護Ⅱ３１・人欠・延４ 720 780 1 2 4 3 659
518 15 9722 通所介護Ⅱ３２・人欠・延４ 720 780 1 2 4 4 743
519 15 9723 通所介護Ⅱ３３・人欠・延４ 720 780 1 2 4 5 829
520 15 9724 通所介護Ⅱ３４・人欠・延４ 720 780 1 2 4 6 915
521 15 9725 通所介護Ⅱ３５・人欠・延４ 720 780 1 2 4 7 1001
522 15 9726 通所介護Ⅱ３１・人欠・延５ 780 840 1 2 4 3 709
523 15 9727 通所介護Ⅱ３２・人欠・延５ 780 840 1 2 4 4 793
524 15 9728 通所介護Ⅱ３３・人欠・延５ 780 840 1 2 4 5 879
525 15 9729 通所介護Ⅱ３４・人欠・延５ 780 840 1 2 4 6 965
526 15 9730 通所介護Ⅱ３５・人欠・延５ 780 840 1 2 4 7 1051
527 15 9731 通所介護Ⅲ３１・人欠・延４ 720 780 1 2 6 3 652
528 15 9732 通所介護Ⅲ３２・人欠・延４ 720 780 1 2 6 4 733
529 15 9733 通所介護Ⅲ３３・人欠・延４ 720 780 1 2 6 5 818
530 15 9734 通所介護Ⅲ３４・人欠・延４ 720 780 1 2 6 6 903
531 15 9735 通所介護Ⅲ３５・人欠・延４ 720 780 1 2 6 7 988
532 15 9736 通所介護Ⅲ３１・人欠・延５ 780 840 1 2 6 3 702
533 15 9737 通所介護Ⅲ３２・人欠・延５ 780 840 1 2 6 4 783
534 15 9738 通所介護Ⅲ３３・人欠・延５ 780 840 1 2 6 5 868
535 15 9739 通所介護Ⅲ３４・人欠・延５ 780 840 1 2 6 6 953
536 15 9740 通所介護Ⅲ３５・人欠・延５ 780 840 1 2 6 7 1038
537 15 9741 通所介護Ⅳ３１・人欠・延４ 720 780 1 2 7 3 640
538 15 9742 通所介護Ⅳ３２・人欠・延４ 720 780 1 2 7 4 719
539 15 9743 通所介護Ⅳ３３・人欠・延４ 720 780 1 2 7 5 801
540 15 9744 通所介護Ⅳ３４・人欠・延４ 720 780 1 2 7 6 884
541 15 9745 通所介護Ⅳ３５・人欠・延４ 720 780 1 2 7 7 967
542 15 9746 通所介護Ⅳ３１・人欠・延５ 780 840 1 2 7 3 690
543 15 9747 通所介護Ⅳ３２・人欠・延５ 780 840 1 2 7 4 769
544 15 9748 通所介護Ⅳ３３・人欠・延５ 780 840 1 2 7 5 851
545 15 9749 通所介護Ⅳ３４・人欠・延５ 780 840 1 2 7 6 934
546 15 9750 通所介護Ⅳ３５・人欠・延５ 780 840 1 2 7 7 1017
