00000100 0073 2013 09 1 1 20140630171315 00034
00000100 0073 2013 10 1 1 20140630171636 00034
00000100 0073 2013 11 1 1 20140630171947 00034
00000100 0073 2013 12 1 1 20140630172433 00034
00000100 0073 2014 01 1 1 20140616161644 00034
00000100 0073 2014 02 1 1 20140616162327 00034
00000100 0073 2014 03 1 1 20140616162737 00034
00000100 0073 2014 04 1 1 20140616163158 00034
00000100 0073 2014 05 1 1 20140818144759 00034
00000100 0073 2014 06 1 1 20140701100952 00078
00000100 0073 2014 07 1 1 20140801185706 00077
00000100 0073 2014 08 _ 1 20140815185536 00037
