00000064 2012 06 1 1 00030 1 20140807141217 00030
00000064 2012 07 1 1 00030 1 20140807144156 00030
00000064 2012 08 1 1 00030 1 20140807144435 00030
00000064 2012 09 1 1 00030 1 20140807145254 00030
00000064 2012 10 1 1 00030 1 20140807145529 00030
00000064 2012 11 1 1 00030 1 20140807145923 00030
00000064 2012 12 1 1 00030 1 20140807150156 00030
00000064 2013 01 1 1 00030 1 20140724114654 00030
00000064 2013 02 1 1 00030 1 20140724115030 00030
00000064 2013 03 1 1 00030 1 20140724115337 00030
00000064 2013 04 1 1 00030 1 20140724115929 00030
00000064 2013 05 1 1 00030 1 20140724120213 00030
00000064 2013 06 1 1 00030 1 20140724120523 00030
00000064 2013 07 1 1 00030 1 20140724120807 00030
00000064 2013 08 1 1 00030 1 20140724121147 00030
00000064 2013 09 1 1 00013 1 20140626173451 00030
00000064 2013 10 1 1 00013 1 20140626173801 00030
00000064 2013 11 1 1 00013 1 20140626174134 00030
00000064 2013 12 1 1 00013 1 20140626174509 00030
00000064 2014 01 1 1 00013 1 20140618161553 00078
00000064 2014 02 1 1 00013 1 20140618161525 00078
00000064 2014 03 1 1 00013 1 20140618161501 00078
00000064 2014 04 1 1 00013 1 20140618161436 00078
00000064 2014 05 1 1 00013 1 20140815180559 00030
00000064 2014 06 1 1 00030 1 20140701154639 00030
00000064 2014 07 1 1 00030 1 20140801151625 00030
00000064 2014 08 1 _ 00030 1 20140721101638 00030
00000064 2014 09 1 _ 00030 1 20140817143528 00030
