00000064 2012 06 00030 1 20140807141353 00030
00000064 2012 07 00030 1 20140807144227 00030
00000064 2012 08 00030 1 20140807144512 00030
00000064 2012 09 00030 1 20140807142538 00030
00000064 2012 10 00030 1 20140807145610 00030
00000064 2012 11 00030 1 20140807145951 00030
00000064 2012 12 00030 1 20140807150233 00030
00000064 2013 01 00030 1 20140724114720 00030
00000064 2013 02 00030 1 20140724115040 00030
00000064 2013 03 00030 1 20140724115347 00030
00000064 2013 04 00030 1 20140724115939 00030
00000064 2013 05 00030 1 20140724120227 00030
00000064 2013 06 00030 1 20140724120537 00030
00000064 2013 07 00030 1 20140724120818 00030
00000064 2013 08 00030 1 20140724121159 00030
00000064 2013 09 00013 1 20140626173530 00030
00000064 2013 10 00013 1 20140626173813 00030
00000064 2013 11 00013 1 20140626174151 00030
00000064 2013 12 00013 1 20140626174534 00030
00000064 2014 01 00013 1 20140618161604 00078
00000064 2014 02 00013 1 20140618161536 00078
00000064 2014 03 00013 1 20140618161511 00078
00000064 2014 04 00013 1 20140618161448 00078
00000064 2014 05 00013 1 20140815180611 00030
00000064 2014 06 00030 1 20140701154701 00030
00000064 2014 07 00030 1 20140801151843 00030
00000064 2014 08 00030 1 20140721101650 00030
00000064 2014 09 00030 1 20140817143543 00030
