00000207 2011 07 00047 1 20141130153734 00078
00000207 2011 08 00047 1 20141130114709 00078
00000207 2011 09 00047 1 20141128183616 00078
00000207 2011 10 00047 1 20141127192015 00078
00000207 2011 11 00047 1 20141127150231 00078
00000207 2011 12 00047 1 20141125145226 00078
00000207 2012 01 00047 1 20141124135644 00078
00000207 2012 02 00047 1 20141119185913 00078
00000207 2012 03 00047 1 20141119142210 00078
00000207 2012 04 00047 1 20140716101333 00078
00000207 2012 05 00047 1 20140716101930 00078
00000207 2012 06 00047 1 20140716102232 00078
00000207 2012 07 00047 1 20140716102631 00078
00000207 2012 08 00047 1 20140716103041 00078
00000207 2012 09 00047 1 20140716103336 00078
00000207 2012 10 00047 1 20140716103643 00078
00000207 2012 11 00047 1 20140716104211 00078
00000207 2012 12 00047 1 20140716104520 00078
00000207 2013 01 00047 1 20140708122359 00078
00000207 2013 02 00047 1 20140708122904 00078
00000207 2013 03 00047 1 20140708122853 00078
00000207 2013 04 00047 1 20140708134357 00078
00000207 2013 05 00047 1 20140708135326 00078
00000207 2013 06 00047 1 20140708135827 00078
00000207 2013 07 00047 1 20140708140239 00078
00000207 2013 08 00047 1 20140708140722 00078
00000207 2013 09 00047 1 20140703102041 00078
00000207 2013 10 00047 1 20140703102925 00078
00000207 2013 11 00047 1 20140703103227 00078
00000207 2013 12 00047 1 20140703103646 00078
00000207 2014 01 00047 1 20140618194349 00078
00000207 2014 02 00047 1 20140618194612 00078
00000207 2014 03 00047 1 20140618194822 00078
