00000022 2011 07 00031 1 20141020173011 00077
00000022 2011 08 00031 1 20141020122157 00077
00000022 2011 09 00031 1 20141020122548 00077
00000022 2011 10 00031 1 20141020122952 00077
00000022 2011 11 00031 1 20141020134007 00077
00000022 2011 12 00031 1 20141020134249 00077
00000022 2012 01 00031 1 20141016133704 00077
00000022 2012 02 00031 1 20141016134058 00077
00000022 2012 03 00031 1 20141016134401 00077
00000022 2012 04 00031 1 20140731175626 00078
00000022 2012 05 00031 1 20140731175904 00078
00000022 2012 07 00031 1 20140731180319 00078
00000022 2012 08 00031 1 20140731180606 00078
00000022 2012 09 00031 1 20140731181357 00078
00000022 2012 10 00031 1 20140731181146 00078
00000022 2012 11 00031 1 20140731181738 00078
00000022 2012 12 00031 1 20140731182117 00078
00000022 2013 01 00031 1 20140717183202 00030
00000022 2013 02 00031 1 20140717183727 00030
00000022 2013 03 00031 1 20140815140836 00030
00000022 2013 04 00031 1 20140717185711 00030
00000022 2013 05 00031 1 20140718122634 00030
00000022 2013 06 00031 1 20140718133326 00030
00000022 2013 07 00031 1 20140718134724 00030
00000022 2013 08 00031 1 20140718135752 00030
00000022 2013 09 00031 1 20140625145110 00030
00000022 2013 10 00031 1 20140625145824 00030
00000022 2013 11 00031 1 20140625150516 00030
00000022 2013 12 00031 1 20140625152115 00030
