00001203 20140918 00010 0 10:00 18:00 予防通所介護１ 1 20141217172223 00078
00001203 20140918 00011 3 10:00 15:00 予防通所介護１ 1 20141217172223 00078
00001203 20141101 00004 4 15:00 15:30 予防訪問介護Ⅰ 1 20141216160342 00078
00001203 20141101 00007 1 16:00 17:59 音楽会 1 20141216160342 00078
00001203 20141101 00014 1 15:50 16:00 yotei 1 20150225123213 00078
00001203 20141101 00015 1 18:00 18:10 無理なスケジュール 9 20150225141405 00078
00001203 20141101 00016 1 18:20 18:30 無理じゃないスケジュール 1 20150225141319 00078
00001203 20141101 00017 1 18:10 18:20 中間スケジュール 1 20150225141353 00078
00001203 20141101 00018 1 18:00 18:10 新たなスケジュール 1 20150225141419 00078
00001203 20141101 00019 2 16:00 16:15 １５分休憩 9 20150225144313 00078
00001203 20141101 00020 2 16:15 16:30 テスト 1 20150225144249 00078
00001203 20141101 00021 2 16:00 16:10 15分テスト１ 9 20150225144528 00078
00001203 20141101 00022 2 16:35 16:45 ５分のテスト 1 20150225152308 00078
00001203 20141101 00023 1 15:04 15:15 ５分テスト 1 20150225154045 00078
