00000094 0070 2014 06 0000002 09 00045 _ 09:00 09:59 2 _ 0 _ 1 11 9 20140613111451 00037
00000094 0070 2014 06 0000003 09 00045 _ 09:00 09:59 2 _ 0 _ 1 11 9 20140614101052 00037
00000094 0070 2014 06 0000004 02 00037 _ 09:00 09:59 2 _ 0 _ 1 11 9 20140614101052 00037
00000094 0070 2014 06 0000005 02 00037 _ 09:00 09:59 2 _ 0 7311 1 11 1 20140624124927 00034
00000094 0070 2014 06 0000006 09 00045 _ 09:00 09:59 2 _ 0 7311 1 11 1 20140624124927 00034
00000094 0070 2014 06 0000007 16 00045 _ 09:00 09:59 2 _ 0 7311 1 11 1 20140624124927 00034
00000094 0070 2014 06 0000008 23 00038 _ 09:00 09:59 2 _ 0 7311 1 11 1 20140624124927 00034
00000094 0070 2014 06 0000009 30 00045 _ 09:00 09:59 2 _ 0 7311 1 11 1 20140630135647 00034
00000094 0073 2013 09 0000021 02 00038 _ 09:00 10:00 _ _ 0 1111 1 61 1 20140630110458 00034
00000094 0073 2013 09 0000022 09 00038 _ 09:00 10:00 _ _ 0 1111 1 61 1 20140630110458 00034
00000094 0073 2013 09 0000023 23 00037 _ 09:00 10:00 _ _ 0 1111 1 61 1 20140630110458 00034
00000094 0073 2013 09 0000024 30 00038 _ 09:00 10:00 _ _ 0 1111 1 61 1 20140630110458 00034
00000094 0073 2013 10 0000025 07 00038 _ 09:00 10:00 _ _ 0 1111 1 61 1 20140630110605 00034
00000094 0073 2013 10 0000026 14 00037 _ 09:00 10:00 _ _ 0 1111 1 61 1 20140630110605 00034
00000094 0073 2013 10 0000027 21 00038 _ 09:00 10:00 _ _ 0 1111 1 61 1 20140630110605 00034
00000094 0073 2013 10 0000028 28 00038 _ 09:00 10:00 _ _ 0 1111 1 61 1 20140630110605 00034
00000094 0073 2013 11 0000029 04 00037 _ 09:00 10:00 _ _ 0 1111 1 61 1 20140630110711 00034
00000094 0073 2013 11 0000030 11 00038 _ 09:00 10:00 _ _ 0 1111 1 61 1 20140630110711 00034
00000094 0073 2013 11 0000031 18 00038 _ 09:00 10:00 _ _ 0 1111 1 61 1 20140630110711 00034
00000094 0073 2013 11 0000032 25 00037 _ 09:00 10:00 _ _ 0 1111 1 61 1 20140630110711 00034
00000094 0073 2013 12 0000033 02 00038 _ 09:00 10:00 _ _ 0 1111 1 61 1 20140630110816 00034
00000094 0073 2013 12 0000034 09 00038 _ 09:00 10:00 _ _ 0 1111 1 61 1 20140630110816 00034
00000094 0073 2013 12 0000035 16 00038 _ 09:00 10:00 _ _ 0 1111 1 61 1 20140630110816 00034
00000094 0073 2013 12 0000036 23 00037 _ 09:00 10:00 _ _ 0 1111 1 61 1 20140630110816 00034
00000094 0073 2013 12 0000037 30 00038 _ 09:00 10:00 _ _ 0 1111 1 61 1 20140630110816 00034
00000094 0073 2014 01 0000002 06 00037 _ 09:00 10:00 _ _ 0 1111 1 61 1 20140620102656 00078
00000094 0073 2014 01 0000003 13 00038 _ 09:00 10:00 _ _ 0 1111 1 61 1 20140620102656 00078
00000094 0073 2014 01 0000004 20 00037 _ 09:00 10:00 _ _ 0 1111 1 61 1 20140620102656 00078
00000094 0073 2014 01 0000005 27 00037 _ 09:00 10:00 _ _ 0 1111 1 61 1 20140620102656 00078
00000094 0073 2014 02 0000006 03 00038 _ 09:00 10:00 _ _ 0 1111 1 61 1 20140620102802 00078
00000094 0073 2014 02 0000007 10 00038 _ 09:00 10:00 _ _ 0 1111 1 61 1 20140620102802 00078
00000094 0073 2014 02 0000008 17 00037 _ 09:00 10:00 _ _ 0 1111 1 61 1 20140620102802 00078
00000094 0073 2014 02 0000009 24 00037 _ 09:00 10:00 _ _ 0 1111 1 61 1 20140620102802 00078
00000094 0073 2014 03 0000010 03 00038 _ 09:00 10:00 _ _ 0 1111 1 61 1 20140620102923 00078
00000094 0073 2014 03 0000011 10 00037 _ 09:00 10:00 _ _ 0 1111 1 61 1 20140620102923 00078
00000094 0073 2014 03 0000012 17 00035 _ 09:00 10:00 _ _ 0 1111 1 61 1 20140620102923 00078
00000094 0073 2014 03 0000013 24 00038 _ 09:00 10:00 _ _ 0 1111 1 61 1 20140620102923 00078
00000094 0073 2014 03 0000014 31 00037 _ 09:00 10:00 _ _ 0 1111 1 61 1 20140620102923 00078
00000094 0073 2014 04 0000015 07 00037 _ 09:00 10:00 _ _ 0 1111 1 61 1 20140620103015 00078
00000094 0073 2014 04 0000016 14 00037 _ 09:00 10:00 _ _ 0 1111 1 61 1 20140620103015 00078
00000094 0073 2014 04 0000017 21 00038 _ 09:00 10:00 _ _ 0 1111 1 61 1 20140620103015 00078
00000094 0073 2014 04 0000018 28 00035 _ 09:00 10:00 _ _ 0 1111 1 61 1 20140620103015 00078
00000094 0073 2014 05 0000019 05 00038 _ 09:00 10:00 _ _ 0 1111 1 61 1 20140818143237 00034
00000094 0073 2014 05 0000020 12 00038 _ 09:00 10:00 _ _ 0 1111 1 61 1 20140818143237 00034
00000094 0073 2014 05 0000046 19 00037 _ 09:00 10:00 _ _ 0 1111 1 61 1 20140818143237 00034
00000094 0073 2014 05 0000047 26 00045 _ 09:00 10:00 _ _ 0 1111 1 61 1 20140818143237 00034
00000094 0073 2014 06 0000010 02 00037 _ 09:00 09:59 2 _ 0 1111 1 61 1 20140701100924 00078
00000094 0073 2014 06 0000011 09 00045 _ 09:00 09:59 2 _ 0 1111 1 61 1 20140701100924 00078
00000094 0073 2014 06 0000012 16 00045 _ 09:00 09:59 2 _ 0 1111 1 61 1 20140701100924 00078
00000094 0073 2014 06 0000013 23 00038 _ 09:00 09:59 2 _ 0 1111 1 61 1 20140701100924 00078
00000094 0073 2014 06 0000014 30 00045 _ 09:00 09:59 2 _ 0 1111 1 61 1 20140701100924 00078
00000094 0073 2014 07 0000015 07 00045 _ 09:00 09:59 2 _ 0 1111 1 61 1 20140731104652 00035
00000094 0073 2014 07 0000016 14 00045 _ 09:00 09:59 2 _ 0 1111 1 61 1 20140731104652 00035
00000094 0073 2014 07 0000017 21 00037 _ 09:00 09:57 2 _ 0 _ 1 61 9 20140721173939 00037
00000094 0073 2014 07 0000018 21 00037 _ 09:00 09:57 2 _ 0 1111 1 61 1 20140731104652 00035
00000094 0073 2014 07 0000019 28 00045 _ 09:00 09:59 2 _ 0 1111 1 61 1 20140731104652 00035
00000094 0073 2014 08 0000020 04 00035 _ 09:00 09:59 2 _ 0 1111 1 61 1 20140829201807 00038
00000094 0073 2014 08 0000021 18 00045 _ 09:00 09:59 2 _ 0 1111 1 61 1 20140829201807 00038
00000094 0073 2014 08 0000022 11 00100 _ 09:00 09:59 2 _ 0 1111 1 61 1 20140829201807 00038
00000094 0073 2014 08 0000023 25 00034 _ 09:00 09:59 2 _ 0 1111 1 61 1 20140829201807 00038
00000094 0073 2014 09 0000024 01 00045 _ 09:00 09:59 2 _ 0 1111 1 61 1 20140929210119 00035
00000094 0073 2014 09 0000025 08 00045 _ 09:00 09:59 2 _ 0 1111 1 61 1 20140929210119 00035
00000094 0073 2014 09 0000026 15 00100 _ 09:00 09:59 2 _ 0 1111 1 61 1 20140929210119 00035
00000094 0073 2014 09 0000027 22 00100 _ 09:00 09:59 2 _ 0 1111 1 61 1 20140929210119 00035
00000094 0073 2014 09 0000028 29 00100 _ 09:00 09:59 2 _ 0 1111 1 61 1 20140929210119 00035
00000094 0073 2014 10 0000029 06 00045 _ 09:00 09:59 2 _ 0 1111 1 61 1 20141028195435 00035
00000094 0073 2014 10 0000030 13 00100 _ 09:00 09:59 2 _ 0 1111 1 61 1 20141028195435 00035
00000094 0073 2014 10 0000031 20 00100 _ 09:00 09:59 2 _ 0 1111 1 61 1 20141028195435 00035
00000094 0073 2014 10 0000032 27 00045 _ 09:00 09:59 2 _ 0 1111 1 61 1 20141028195435 00035
00000094 0073 2014 11 0000033 03 00045 _ 09:00 09:59 2 _ 0 1111 1 61 1 20141127190311 00038
00000094 0073 2014 11 0000034 17 00045 _ 09:00 09:59 2 _ 0 1111 1 61 1 20141127190311 00038
00000094 0073 2014 11 0000035 24 00100 _ 09:00 09:59 2 _ 0 1111 1 61 1 20141127190311 00038
00000094 0073 2014 11 0000036 10 00045 _ 09:00 09:59 2 _ 0 1111 1 61 1 20141127190311 00038
00000094 0073 2014 12 0000037 01 00038 _ 09:00 09:59 2 _ 0 1111 1 61 1 20141203100252 00037
