00000218 20120116 KihonCheckCheckList01 1 1 20140516 IKOU
00000218 20120116 KihonCheckCheckList02 0 1 20140516 IKOU
00000218 20120116 KihonCheckCheckList03 0 1 20140516 IKOU
00000218 20120116 KihonCheckCheckList04 1 1 20140516 IKOU
00000218 20120116 KihonCheckCheckList05 0 1 20140516 IKOU
00000218 20120116 KihonCheckCheckList06 2 1 20140516 IKOU
00000218 20120116 KihonCheckCheckList07 2 1 20140516 IKOU
00000218 20120116 KihonCheckCheckList08 2 1 20140516 IKOU
00000218 20120116 KihonCheckCheckList09 0 1 20140516 IKOU
00000218 20120116 KihonCheckCheckList10 2 1 20140516 IKOU
00000218 20120116 KihonCheckCheckList11 3 1 20140516 IKOU
00000218 20120116 KihonCheckCheckList12 0 1 20140516 IKOU
00000218 20120116 KihonCheckCheckList13 0 1 20140516 IKOU
00000218 20120116 KihonCheckCheckList14 4 1 20140516 IKOU
00000218 20120116 KihonCheckCheckList15 0 1 20140516 IKOU
00000218 20120116 KihonCheckCheckList16 0 1 20140516 IKOU
00000218 20120116 KihonCheckCheckList17 0 1 20140516 IKOU
00000218 20120116 KihonCheckCheckList18 0 1 20140516 IKOU
00000218 20120116 KihonCheckCheckList19 0 1 20140516 IKOU
00000218 20120116 KihonCheckCheckList20 0 1 20140516 IKOU
00000218 20120116 KihonCheckCheckList21 0 1 20140516 IKOU
00000218 20120116 KihonCheckCheckList22 0 1 20140516 IKOU
00000218 20120116 KihonCheckCheckList23 0 1 20140516 IKOU
00000218 20120116 KihonCheckCheckList24 0 1 20140516 IKOU
00000218 20120601 KihonCheckCheckList01 1 1 20140516 IKOU
00000218 20120601 KihonCheckCheckList02 1 1 20140516 IKOU
00000218 20120601 KihonCheckCheckList03 1 1 20140516 IKOU
00000218 20120601 KihonCheckCheckList04 1 1 20140516 IKOU
00000218 20120601 KihonCheckCheckList05 0 1 20140516 IKOU
00000218 20120601 KihonCheckCheckList06 2 1 20140516 IKOU
00000218 20120601 KihonCheckCheckList07 2 1 20140516 IKOU
00000218 20120601 KihonCheckCheckList08 2 1 20140516 IKOU
00000218 20120601 KihonCheckCheckList09 0 1 20140516 IKOU
00000218 20120601 KihonCheckCheckList10 2 1 20140516 IKOU
00000218 20120601 KihonCheckCheckList11 0 1 20140516 IKOU
00000218 20120601 KihonCheckCheckList12 0 1 20140516 IKOU
00000218 20120601 KihonCheckCheckList13 0 1 20140516 IKOU
00000218 20120601 KihonCheckCheckList14 4 1 20140516 IKOU
00000218 20120601 KihonCheckCheckList15 0 1 20140516 IKOU
00000218 20120601 KihonCheckCheckList16 0 1 20140516 IKOU
00000218 20120601 KihonCheckCheckList17 0 1 20140516 IKOU
00000218 20120601 KihonCheckCheckList18 0 1 20140516 IKOU
00000218 20120601 KihonCheckCheckList19 0 1 20140516 IKOU
00000218 20120601 KihonCheckCheckList20 0 1 20140516 IKOU
00000218 20120601 KihonCheckCheckList21 0 1 20140516 IKOU
00000218 20120601 KihonCheckCheckList22 0 1 20140516 IKOU
00000218 20120601 KihonCheckCheckList23 0 1 20140516 IKOU
00000218 20120601 KihonCheckCheckList24 0 1 20140516 IKOU
00000218 20121218 KihonCheckCheckList01 1 1 20140516 IKOU
00000218 20121218 KihonCheckCheckList02 1 1 20140516 IKOU
00000218 20121218 KihonCheckCheckList03 1 1 20140516 IKOU
00000218 20121218 KihonCheckCheckList04 1 1 20140516 IKOU
00000218 20121218 KihonCheckCheckList05 0 1 20140516 IKOU
00000218 20121218 KihonCheckCheckList06 2 1 20140516 IKOU
00000218 20121218 KihonCheckCheckList07 2 1 20140516 IKOU
00000218 20121218 KihonCheckCheckList08 2 1 20140516 IKOU
00000218 20121218 KihonCheckCheckList09 0 1 20140516 IKOU
00000218 20121218 KihonCheckCheckList10 2 1 20140516 IKOU
00000218 20121218 KihonCheckCheckList11 0 1 20140516 IKOU
00000218 20121218 KihonCheckCheckList12 0 1 20140516 IKOU
00000218 20121218 KihonCheckCheckList13 0 1 20140516 IKOU
00000218 20121218 KihonCheckCheckList14 4 1 20140516 IKOU
00000218 20121218 KihonCheckCheckList15 0 1 20140516 IKOU
00000218 20121218 KihonCheckCheckList16 0 1 20140516 IKOU
00000218 20121218 KihonCheckCheckList17 0 1 20140516 IKOU
00000218 20121218 KihonCheckCheckList18 0 1 20140516 IKOU
00000218 20121218 KihonCheckCheckList19 0 1 20140516 IKOU
00000218 20121218 KihonCheckCheckList20 0 1 20140516 IKOU
00000218 20121218 KihonCheckCheckList21 0 1 20140516 IKOU
00000218 20121218 KihonCheckCheckList22 7 1 20140516 IKOU
00000218 20121218 KihonCheckCheckList23 0 1 20140516 IKOU
00000218 20121218 KihonCheckCheckList24 0 1 20140516 IKOU
00000218 20131221 KihonCheckCheckList01 1 1 20140516 IKOU
00000218 20131221 KihonCheckCheckList02 1 1 20140516 IKOU
00000218 20131221 KihonCheckCheckList03 0 1 20140516 IKOU
00000218 20131221 KihonCheckCheckList04 1 1 20140516 IKOU
00000218 20131221 KihonCheckCheckList05 0 1 20140516 IKOU
00000218 20131221 KihonCheckCheckList06 2 1 20140516 IKOU
00000218 20131221 KihonCheckCheckList07 2 1 20140516 IKOU
00000218 20131221 KihonCheckCheckList08 2 1 20140516 IKOU
00000218 20131221 KihonCheckCheckList09 0 1 20140516 IKOU
00000218 20131221 KihonCheckCheckList10 2 1 20140516 IKOU
00000218 20131221 KihonCheckCheckList11 0 1 20140516 IKOU
00000218 20131221 KihonCheckCheckList12 0 1 20140516 IKOU
00000218 20131221 KihonCheckCheckList13 0 1 20140516 IKOU
00000218 20131221 KihonCheckCheckList14 4 1 20140516 IKOU
00000218 20131221 KihonCheckCheckList15 0 1 20140516 IKOU
00000218 20131221 KihonCheckCheckList16 0 1 20140516 IKOU
00000218 20131221 KihonCheckCheckList17 0 1 20140516 IKOU
00000218 20131221 KihonCheckCheckList18 0 1 20140516 IKOU
00000218 20131221 KihonCheckCheckList19 0 1 20140516 IKOU
00000218 20131221 KihonCheckCheckList20 0 1 20140516 IKOU
00000218 20131221 KihonCheckCheckList21 0 1 20140516 IKOU
00000218 20131221 KihonCheckCheckList22 0 1 20140516 IKOU
00000218 20131221 KihonCheckCheckList23 0 1 20140516 IKOU
00000218 20131221 KihonCheckCheckList24 0 1 20140516 IKOU
