1 00000248 2014 01 11 0029 グランクレール・ケアサービス馬事公苑 1211 身体介護２ 402 0 402 3 1206 0 1206 1206 0 11.26 13579 90 12221 1358 0 n n 0 1 20140617172359 00049
1 00000248 2014 02 11 0029 グランクレール・ケアサービス馬事公苑 1211 身体介護２ 402 0 402 8 3216 0 3216 3216 0 11.26 36212 90 32590 3622 0 n n 0 1 20140617170717 00049
1 00000248 2014 03 11 0029 グランクレール・ケアサービス馬事公苑 1211 身体介護２ 402 0 402 8 3216 0 3216 3216 0 11.26 36212 90 32590 3622 0 n n 0 1 20140617165852 00049
1 00000248 2014 04 11 0029 グランクレール・ケアサービス馬事公苑 1211 身体介護２ 404 0 404 8 3232 0 3232 3232 0 11.26 36392 90 32752 3640 0 n n 0 1 20140617163410 00049
1 00000248 2014 05 11 0029 グランクレール・ケアサービス馬事公苑 1211 身体介護２ 404 0 404 9 3636 0 3636 3636 0 11.26 40941 90 36846 4095 0 n n 0 1 20140819140550 00078
1 00000248 2014 06 11 0029 グランクレール・ケアサービス馬事公苑 1211 身体介護２ 404 0 404 9 3636 0 3636 3636 0 11.26 40941 90 36846 4095 0 n n 0 1 20140628161440 00049
2 00000248 2014 01 11 0029 グランクレール・ケアサービス馬事公苑 1212 身体介護２・夜 503 0 503 3 1509 0 1509 1509 0 11.26 16991 90 15291 1700 0 n n 0 1 20140617172359 00049
2 00000248 2014 02 11 0029 グランクレール・ケアサービス馬事公苑 7211 生活援助２ 190 0 190 4 760 0 760 760 0 11.26 8557 90 7701 856 0 n n 0 1 20140617170717 00049
2 00000248 2014 03 11 0029 グランクレール・ケアサービス馬事公苑 7211 生活援助２ 190 0 190 5 950 0 950 950 0 11.26 10697 90 9627 1070 0 n n 0 1 20140617165852 00049
2 00000248 2014 04 11 0029 グランクレール・ケアサービス馬事公苑 7211 生活援助２ 191 0 191 4 764 0 764 764 0 11.26 8602 90 7741 861 0 n n 0 1 20140617163410 00049
2 00000248 2014 05 11 0029 グランクレール・ケアサービス馬事公苑 7211 生活援助２ 191 0 191 5 955 0 955 955 0 11.26 10753 90 9677 1076 0 n n 0 1 20140819140550 00078
2 00000248 2014 06 11 0029 グランクレール・ケアサービス馬事公苑 7211 生活援助２ 191 0 191 4 764 0 764 764 0 11.26 8602 90 7741 861 0 n n 0 1 20140628161440 00049
3 00000248 2014 01 11 0029 グランクレール・ケアサービス馬事公苑 7211 生活援助２ 190 0 190 4 760 0 760 760 0 11.26 8557 90 7701 856 0 n n 0 1 20140617172359 00049
3 00000248 2014 02 11 0029 グランクレール・ケアサービス馬事公苑 6271 訪問介護処遇改善加算Ⅰ 159 0 159 1 159 159 0.04 159 0 11.26 1790 90 1611 179 0 a g 0 1 20140617170717 00049
3 00000248 2014 03 11 0029 グランクレール・ケアサービス馬事公苑 6271 訪問介護処遇改善加算Ⅰ 167 0 167 1 167 167 0.04 167 0 11.26 1880 90 1692 188 0 a g 0 1 20140617165852 00049
3 00000248 2014 04 11 0029 グランクレール・ケアサービス馬事公苑 6271 訪問介護処遇改善加算Ⅰ 160 0 160 1 160 160 0.04 160 0 11.26 1801 90 1620 181 0 a g 0 1 20140617163410 00049
3 00000248 2014 05 11 0029 グランクレール・ケアサービス馬事公苑 6271 訪問介護処遇改善加算Ⅰ 184 0 184 1 184 184 0.04 184 0 11.26 2071 90 1863 208 0 a g 0 1 20140819140550 00078
3 00000248 2014 06 11 0029 グランクレール・ケアサービス馬事公苑 6271 訪問介護処遇改善加算Ⅰ 176 0 176 1 176 176 0.04 176 0 11.26 1981 90 1782 199 0 a g 0 1 20140628161440 00049
4 00000248 2014 01 11 0029 グランクレール・ケアサービス馬事公苑 6271 訪問介護処遇改善加算Ⅰ 139 0 139 1 139 139 0.04 139 0 11.26 1565 90 1408 157 0 a g 0 1 20140617172359 00049
