00000248 0029 2014 01 0000051 02 00049 _ 18:20 19:19 1 _ 0 1212 1 11 1 20140617172359 00049
00000248 0029 2014 01 0000052 04 _ _ _ _ _ _ 0 _ 1 11 9 20140617172243 00049
00000248 0029 2014 01 0000053 06 00049 _ 18:20 19:19 1 _ 0 1212 1 11 1 20140617172359 00049
00000248 0029 2014 01 0000054 11 00052 _ 14:50 15:34 2 _ 0 7211 1 11 1 20140617172359 00049
00000248 0029 2014 01 0000055 16 00050 _ 18:20 19:19 1 _ 0 1212 1 11 1 20140617172359 00049
00000248 0029 2014 01 0000056 18 00049 _ 14:50 15:34 2 _ 0 7211 1 11 1 20140617172359 00049
00000248 0029 2014 01 0000057 20 00050 _ 15:20 16:19 1 _ 0 1211 1 11 1 20140617172359 00049
00000248 0029 2014 01 0000058 25 00050 _ 14:50 15:34 2 _ 0 7211 1 11 1 20140617172359 00049
00000248 0029 2014 01 0000059 27 00050 _ 15:20 16:19 1 _ 0 1211 1 11 1 20140617172359 00049
00000248 0029 2014 01 0000060 30 00051 _ 15:20 16:19 1 _ 0 1211 1 11 1 20140617172359 00049
00000248 0029 2014 01 0000061 05 00049 _ 13:00 13:44 2 _ 0 7211 1 11 1 20140617172359 00049
00000248 0029 2014 02 0000039 01 00051 _ 14:50 15:34 2 _ 0 7211 1 11 1 20140617170717 00049
00000248 0029 2014 02 0000040 03 00052 _ 15:20 16:19 1 _ 0 1211 1 11 1 20140617170717 00049
00000248 0029 2014 02 0000041 06 00050 _ 15:20 16:19 1 _ 0 1211 1 11 1 20140617170717 00049
00000248 0029 2014 02 0000042 08 00052 _ 14:50 15:34 2 _ 0 7211 1 11 1 20140617170717 00049
00000248 0029 2014 02 0000043 10 00051 _ 15:20 16:19 1 _ 0 1211 1 11 1 20140617170717 00049
00000248 0029 2014 02 0000044 13 00050 _ 15:20 16:19 1 _ 0 1211 1 11 1 20140617170717 00049
00000248 0029 2014 02 0000045 15 00051 _ 14:50 15:34 2 _ 0 7211 1 11 1 20140617170717 00049
00000248 0029 2014 02 0000046 17 00051 _ 15:20 16:19 1 _ 0 1211 1 11 1 20140617170717 00049
00000248 0029 2014 02 0000047 20 00051 _ 15:20 16:19 1 _ 0 1211 1 11 1 20140617170717 00049
00000248 0029 2014 02 0000048 22 00052 _ 14:50 15:34 2 _ 0 7211 1 11 1 20140617170717 00049
00000248 0029 2014 02 0000049 24 00049 _ 15:20 16:19 1 _ 0 1211 1 11 1 20140617170717 00049
00000248 0029 2014 02 0000050 27 00052 _ 16:30 17:29 1 _ 0 1211 1 11 1 20140617170717 00049
00000248 0029 2014 03 0000026 01 00051 _ 14:50 15:34 2 _ 0 7211 1 11 1 20140617165852 00049
00000248 0029 2014 03 0000027 03 00050 _ 15:20 16:19 1 _ 0 1211 1 11 1 20140617165852 00049
00000248 0029 2014 03 0000028 06 00051 _ 15:20 16:19 1 _ 0 1211 1 11 1 20140617165852 00049
00000248 0029 2014 03 0000029 08 00052 _ 14:50 15:34 2 _ 0 7211 1 11 1 20140617165852 00049
00000248 0029 2014 03 0000030 10 00052 _ 15:20 16:19 1 _ 0 1211 1 11 1 20140617165852 00049
00000248 0029 2014 03 0000031 13 00051 _ 15:20 16:19 1 _ 0 1211 1 11 1 20140617165852 00049
00000248 0029 2014 03 0000032 15 00052 _ 14:50 15:34 2 _ 0 7211 1 11 1 20140617165852 00049
00000248 0029 2014 03 0000033 17 00051 _ 15:20 16:19 1 _ 0 1211 1 11 1 20140617165852 00049
00000248 0029 2014 03 0000034 20 00050 _ 15:20 16:19 1 _ 0 1211 1 11 1 20140617165852 00049
00000248 0029 2014 03 0000035 22 00050 _ 14:50 15:34 2 _ 0 7211 1 11 1 20140617165852 00049
00000248 0029 2014 03 0000036 27 00051 _ 15:20 16:19 1 _ 0 1211 1 11 1 20140617165852 00049
00000248 0029 2014 03 0000037 29 00051 _ 14:50 15:34 2 _ 0 7211 1 11 1 20140617165852 00049
00000248 0029 2014 03 0000038 31 00050 _ 15:20 16:19 1 _ 0 1211 1 11 1 20140617165852 00049
00000248 0029 2014 04 0000014 03 00051 _ 15:20 16:19 _ _ 0 1211 1 11 1 20140617163410 00049
00000248 0029 2014 04 0000015 05 00048 _ 17:30 18:14 _ _ 0 7211 1 11 1 20140617163410 00049
00000248 0029 2014 04 0000016 07 00050 _ 15:20 16:19 _ _ 0 1211 1 11 1 20140617163410 00049
00000248 0029 2014 04 0000017 10 00051 _ 15:20 16:19 _ _ 0 1211 1 11 1 20140617163410 00049
00000248 0029 2014 04 0000018 12 00050 _ 14:50 15:34 _ _ 0 7211 1 11 1 20140617163410 00049
00000248 0029 2014 04 0000019 14 00050 _ 15:20 16:19 _ _ 0 1211 1 11 1 20140617163410 00049
00000248 0029 2014 04 0000020 17 00050 _ 15:20 16:19 _ _ 0 1211 1 11 1 20140617163410 00049
00000248 0029 2014 04 0000021 19 00051 _ 14:50 15:34 _ _ 0 7211 1 11 1 20140617163410 00049
00000248 0029 2014 04 0000022 21 00051 _ 15:20 16:19 _ _ 0 1211 1 11 1 20140617163410 00049
00000248 0029 2014 04 0000023 24 00050 _ 15:20 16:19 _ _ 0 1211 1 11 1 20140617163410 00049
00000248 0029 2014 04 0000024 26 00048 _ 14:50 15:34 _ _ 0 7211 1 11 1 20140617163410 00049
00000248 0029 2014 04 0000025 28 00050 _ 15:20 16:19 _ _ 0 1211 1 11 1 20140617163410 00049
00000248 0029 2014 05 0000062 01 00052 _ 15:20 16:19 _ _ 0 1211 1 11 1 20140819140550 00078
00000248 0029 2014 05 0000063 03 00048 _ 14:50 15:34 _ _ 0 7211 1 11 1 20140819140550 00078
00000248 0029 2014 05 0000064 05 00051 _ 15:20 16:19 _ _ 0 1211 1 11 1 20140819140550 00078
00000248 0029 2014 05 0000065 08 00049 _ 15:20 16:19 _ _ 0 1211 1 11 1 20140819140550 00078
00000248 0029 2014 05 0000066 10 00051 _ 14:50 15:34 _ _ 0 7211 1 11 1 20140819140550 00078
00000248 0029 2014 05 0000067 12 00050 _ 15:20 16:19 _ _ 0 1211 1 11 1 20140819140550 00078
00000248 0029 2014 05 0000068 15 00050 _ 15:20 16:19 _ _ 0 1211 1 11 1 20140819140550 00078
00000248 0029 2014 05 0000069 17 00048 _ 14:50 15:34 _ _ 0 7211 1 11 1 20140819140550 00078
00000248 0029 2014 05 0000070 19 00051 _ 15:20 16:19 _ _ 0 1211 1 11 1 20140819140550 00078
00000248 0029 2014 05 0000071 22 00051 _ 15:20 16:19 _ _ 0 1211 1 11 1 20140819140550 00078
00000248 0029 2014 05 0000072 24 00050 _ 14:50 15:34 _ _ 0 7211 1 11 1 20140819140550 00078
00000248 0029 2014 05 0000073 26 00050 _ 15:20 16:19 _ _ 0 1211 1 11 1 20140819140550 00078
00000248 0029 2014 05 0000074 29 00051 _ 15:20 16:19 _ _ 0 1211 1 11 1 20140819140550 00078
00000248 0029 2014 05 0000075 31 00051 _ 14:10 14:54 2 _ 0 7211 1 11 1 20140819140550 00078
00000248 0029 2014 06 0000002 02 00050 _ 15:20 16:19 _ _ 0 1211 1 11 1 20140628161440 00049
00000248 0029 2014 06 0000003 05 00050 _ 15:20 16:19 _ _ 0 1211 1 11 1 20140628161440 00049
00000248 0029 2014 06 0000004 07 00052 _ 14:10 14:54 _ _ 0 7211 1 11 1 20140628161440 00049
00000248 0029 2014 06 0000005 09 00052 _ 15:20 16:19 _ _ 0 1211 1 11 1 20140628161440 00049
00000248 0029 2014 06 0000006 12 00049 _ 15:20 16:19 _ _ 0 1211 1 11 1 20140628161440 00049
00000248 0029 2014 06 0000007 14 00051 _ 14:10 14:54 _ _ 0 7211 1 11 1 20140628161440 00049
00000248 0029 2014 06 0000008 16 00051 _ 15:20 16:19 _ _ 0 1211 1 11 1 20140628161440 00049
00000248 0029 2014 06 0000009 19 _ _ 15:20 16:19 _ _ 0 1211 1 11 1 20140628161440 00049
00000248 0029 2014 06 0000010 21 00048 _ 14:10 14:54 _ _ 0 7211 1 11 1 20140628161440 00049
00000248 0029 2014 06 0000011 23 00051 _ 15:20 16:19 _ _ 0 1211 1 11 1 20140628161440 00049
00000248 0029 2014 06 0000012 26 00051 _ 15:20 16:19 _ _ 0 1211 1 11 1 20140628161440 00049
00000248 0029 2014 06 0000013 28 00051 _ 14:10 14:54 _ _ 0 7211 1 11 1 20140628161440 00049
00000248 0029 2014 06 0000014 30 _ _ 15:20 16:19 _ _ 0 1211 1 11 1 20140628161440 00049
