00000215 2011 10 2 10400 1 20141127192146 00078
00000215 2011 11 2 10400 1 20141127150448 00078
00000215 2011 12 2 10400 1 20141125145514 00078
00000215 2012 01 2 10400 1 20141124135928 00078
00000215 2012 02 2 10400 1 20141119190154 00078
00000215 2012 03 2 10400 1 20141119142438 00078
00000215 2012 04 2 10400 1 20140716161802 00078
00000215 2012 05 2 10400 1 20140716162318 00078
00000215 2012 06 2 10400 1 20140716163027 00078
00000215 2012 07 2 10400 1 20140716163555 00078
00000215 2012 08 2 10400 1 20140716164213 00078
00000215 2012 09 2 10400 1 20140716165809 00078
00000215 2012 10 2 10400 1 20140716170133 00078
00000215 2012 11 2 10400 1 20140716170538 00078
00000215 2012 12 2 10400 1 20140716171211 00078
00000215 2013 01 2 10400 1 20140708183000 00078
00000215 2013 02 2 10400 1 20140708183503 00078
00000215 2013 03 2 10400 1 20140708183801 00078
00000215 2013 04 2 10400 1 20140708184122 00078
00000215 2013 05 2 10400 1 20140708184444 00078
00000215 2013 06 2 10400 1 20140708184758 00078
00000215 2013 07 5 24075 1 20140709103217 00078
