00000215 2011 10 1 1 00047 1 20141127192136 00078
00000215 2011 11 1 1 00047 1 20141127150438 00078
00000215 2011 12 1 1 00047 1 20141125145503 00078
00000215 2012 01 1 1 00047 1 20141124135916 00078
00000215 2012 02 1 1 00047 1 20141119190145 00078
00000215 2012 03 1 1 00047 1 20141119142428 00078
00000215 2012 04 1 1 00047 1 20140716161750 00078
00000215 2012 05 1 1 00047 1 20140716162306 00078
00000215 2012 06 1 1 00047 1 20140716163010 00078
00000215 2012 07 1 1 00047 1 20140716163536 00078
00000215 2012 08 1 1 00047 1 20140716164201 00078
00000215 2012 09 1 1 00047 1 20140716164931 00078
00000215 2012 10 1 1 00047 1 20140716170121 00078
00000215 2012 11 1 1 00047 1 20140716170522 00078
00000215 2012 12 1 1 00047 1 20140716171153 00078
00000215 2013 01 1 1 00047 1 20140708182925 00078
00000215 2013 02 1 1 00047 1 20140708183428 00078
00000215 2013 03 1 1 00047 1 20140708183748 00078
00000215 2013 04 1 1 00047 1 20140708184111 00078
00000215 2013 05 1 1 00047 1 20140708184430 00078
00000215 2013 06 1 1 00047 1 20140708184741 00078
00000215 2013 07 _ _ 00047 1 20140812171836 00078
