000002152011101 00000215 2011 10 06 61 1111 1 10:45 11:44 0107 1 1234 0 _ _ 1 20141127192136 78
000002152011101 00000215 2011 10 13 61 1111 1 10:45 11:44 0107 1 1234 0 _ _ 1 20141127192136 78
000002152011101 00000215 2011 10 20 61 1111 1 10:45 11:44 0107 1 1234 0 _ _ 1 20141127192136 78
000002152011101 00000215 2011 10 27 61 1111 1 10:45 11:44 0107 1 1234 0 _ _ 1 20141127192136 78
000002152011102 00000215 2011 10 06 61 4001 1 10:45 11:44 0107 1 200 0 _ _ 1 20141127192136 78
000002152011111 00000215 2011 11 04 61 1111 1 13:30 14:29 0107 1 1234 0 _ _ 1 20141127150438 78
000002152011111 00000215 2011 11 11 61 1111 1 13:30 14:29 0107 1 1234 0 _ _ 1 20141127150438 78
000002152011111 00000215 2011 11 18 61 1111 1 13:30 14:29 0107 1 1234 0 _ _ 1 20141127150438 78
000002152011111 00000215 2011 11 25 61 1111 1 13:30 14:29 0107 1 1234 0 _ _ 1 20141127150438 78
000002152011121 00000215 2011 12 02 61 1111 1 13:30 14:29 0107 1 1234 0 _ _ 1 20141125145503 78
000002152011121 00000215 2011 12 09 61 1111 1 13:30 14:29 0107 1 1234 0 _ _ 1 20141125145503 78
000002152011121 00000215 2011 12 16 61 1111 1 13:30 14:29 0107 1 1234 0 _ _ 1 20141125145503 78
000002152011121 00000215 2011 12 23 61 1111 1 13:30 14:29 0107 1 1234 0 _ _ 1 20141125145503 78
000002152011121 00000215 2011 12 30 61 1111 1 13:30 14:29 0107 1 1234 0 _ _ 1 20141125145503 78
000002152012011 00000215 2012 01 06 61 1111 1 13:30 14:29 0107 1 1234 0 _ _ 1 20141124135916 78
000002152012011 00000215 2012 01 13 61 1111 1 13:30 14:29 0107 1 1234 0 _ _ 1 20141124135916 78
000002152012011 00000215 2012 01 20 61 1111 1 13:30 14:29 0107 1 1234 0 _ _ 1 20141124135916 78
000002152012011 00000215 2012 01 27 61 1111 1 13:30 14:29 0107 1 1234 0 _ _ 1 20141124135916 78
000002152012021 00000215 2012 02 03 61 1111 1 13:00 14:29 0107 1 1234 0 _ _ 1 20141119190145 78
000002152012021 00000215 2012 02 10 61 1111 1 13:00 14:29 0107 1 1234 0 _ _ 1 20141119190145 78
000002152012021 00000215 2012 02 17 61 1111 1 13:00 14:29 0107 1 1234 0 _ _ 1 20141119190145 78
000002152012021 00000215 2012 02 24 61 1111 1 13:00 14:29 0107 1 1234 0 _ _ 1 20141119190145 78
000002152012031 00000215 2012 03 02 61 1111 1 13:00 14:29 0107 1 1234 0 _ _ 1 20141119142428 78
000002152012031 00000215 2012 03 09 61 1111 1 13:00 14:29 0107 1 1234 0 _ _ 1 20141119142428 78
000002152012031 00000215 2012 03 16 61 1111 1 13:00 14:29 0107 1 1234 0 _ _ 1 20141119142428 78
000002152012031 00000215 2012 03 23 61 1111 1 13:00 14:29 0107 1 1234 0 _ _ 1 20141119142428 78
000002152012031 00000215 2012 03 30 61 1111 1 13:00 14:29 0107 1 1234 0 _ _ 1 20141119142428 78
000002152012041 00000215 2012 04 06 61 1111 1 13:00 14:29 0107 1 1220 0 _ _ 1 20140716161750 78
000002152012041 00000215 2012 04 13 61 1111 1 13:00 14:29 0107 1 1220 0 _ _ 1 20140716161750 78
000002152012041 00000215 2012 04 20 61 1111 1 13:00 14:29 0107 1 1220 0 _ _ 1 20140716161750 78
000002152012041 00000215 2012 04 27 61 1111 1 13:00 14:29 0107 1 1220 0 _ _ 1 20140716161750 78
000002152012042 00000215 2012 04 01 67 1007 1 _ _ 0221 1 100 0 _ _ 1 20140716161750 78
000002152012043 00000215 2012 04 01 67 1007 1 _ _ 0221 1 300 0 _ _ 1 20140716161750 78
000002152012044 00000215 2012 04 01 67 1007 1 _ _ 0221 1 700 0 _ _ 1 20140716161750 78
000002152012051 00000215 2012 05 04 61 1111 1 13:00 14:29 0107 1 1220 0 _ _ 1 20140716162306 78
000002152012051 00000215 2012 05 11 61 1111 1 13:00 14:29 0107 1 1220 0 _ _ 1 20140716162306 78
000002152012051 00000215 2012 05 18 61 1111 1 13:00 14:29 0107 1 1220 0 _ _ 1 20140716162306 78
000002152012051 00000215 2012 05 25 61 1111 1 13:00 14:29 0107 1 1220 0 _ _ 1 20140716162306 78
000002152012052 00000215 2012 05 01 67 1007 1 _ _ 0221 1 100 0 _ _ 1 20140716162306 78
000002152012053 00000215 2012 05 01 67 1007 1 _ _ 0221 1 300 0 _ _ 1 20140716162306 78
000002152012054 00000215 2012 05 01 67 1007 1 _ _ 0221 1 700 0 _ _ 1 20140716162306 78
000002152012061 00000215 2012 06 01 61 1111 1 13:00 14:29 0107 1 1220 0 _ _ 1 20140716163010 78
000002152012061 00000215 2012 06 08 61 1111 1 13:00 14:29 0107 1 1220 0 _ _ 1 20140716163010 78
000002152012061 00000215 2012 06 15 61 1111 1 13:00 14:29 0107 1 1220 0 _ _ 1 20140716163010 78
000002152012061 00000215 2012 06 22 61 1111 1 13:00 14:29 0107 1 1220 0 _ _ 1 20140716163010 78
000002152012061 00000215 2012 06 29 61 1111 1 13:00 14:29 0107 1 1220 0 _ _ 1 20140716163010 78
000002152012062 00000215 2012 06 01 67 1007 1 _ _ 0221 1 100 0 _ _ 1 20140716163010 78
000002152012063 00000215 2012 06 01 67 1007 1 _ _ 0221 1 300 0 _ _ 1 20140716163010 78
000002152012064 00000215 2012 06 01 67 1007 1 _ _ 0221 1 700 0 _ _ 1 20140716163010 78
000002152012071 00000215 2012 07 06 61 1111 1 13:00 14:29 0107 1 1220 0 _ _ 1 20140716163536 78
000002152012071 00000215 2012 07 13 61 1111 1 13:00 14:29 0107 1 1220 0 _ _ 1 20140716163536 78
000002152012071 00000215 2012 07 20 61 1111 1 13:00 14:29 0107 1 1220 0 _ _ 1 20140716163536 78
000002152012071 00000215 2012 07 27 61 1111 1 13:00 14:29 0107 1 1220 0 _ _ 1 20140716163536 78
000002152012072 00000215 2012 07 01 67 1007 1 _ _ 0221 1 100 0 _ _ 1 20140716163536 78
000002152012073 00000215 2012 07 01 67 1007 1 _ _ 0221 1 300 0 _ _ 1 20140716163536 78
000002152012074 00000215 2012 07 01 67 1007 1 _ _ 0221 1 700 0 _ _ 1 20140716163536 78
000002152012081 00000215 2012 08 03 61 1111 1 13:00 14:29 0107 1 1220 0 _ _ 1 20140716164201 78
000002152012081 00000215 2012 08 10 61 1111 1 13:00 14:29 0107 1 1220 0 _ _ 1 20140716164201 78
000002152012081 00000215 2012 08 17 61 1111 1 13:00 14:29 0107 1 1220 0 _ _ 1 20140716164201 78
000002152012081 00000215 2012 08 24 61 1111 1 13:00 14:29 0107 1 1220 0 _ _ 1 20140716164201 78
000002152012081 00000215 2012 08 31 61 1111 1 13:00 14:29 0107 1 1220 0 _ _ 1 20140716164201 78
000002152012082 00000215 2012 08 01 67 1007 1 _ _ 0221 1 100 0 _ _ 1 20140716164201 78
000002152012083 00000215 2012 08 01 67 1007 1 _ _ 0221 1 300 0 _ _ 1 20140716164201 78
000002152012084 00000215 2012 08 01 67 1007 1 _ _ 0221 1 700 0 _ _ 1 20140716164201 78
000002152012091 00000215 2012 09 07 61 1111 1 13:00 14:29 0107 1 1220 0 _ _ 1 20140716164931 78
000002152012091 00000215 2012 09 14 61 1111 1 13:00 14:29 0107 1 1220 0 _ _ 1 20140716164931 78
000002152012091 00000215 2012 09 21 61 1111 1 13:00 14:29 0107 1 1220 0 _ _ 1 20140716164931 78
000002152012091 00000215 2012 09 28 61 1111 1 13:00 14:29 0107 1 1220 0 _ _ 1 20140716164931 78
000002152012092 00000215 2012 09 01 67 1007 1 _ _ 0221 1 100 0 _ _ 1 20140716164931 78
000002152012093 00000215 2012 09 01 67 1007 1 _ _ 0221 1 300 0 _ _ 1 20140716164931 78
000002152012094 00000215 2012 09 01 67 1007 1 _ _ 0221 1 700 0 _ _ 1 20140716164931 78
000002152012101 00000215 2012 10 05 61 1111 1 13:00 14:29 0107 1 1220 0 _ _ 1 20140716170121 78
000002152012101 00000215 2012 10 12 61 1111 1 13:00 14:29 0107 1 1220 0 _ _ 1 20140716170121 78
000002152012101 00000215 2012 10 19 61 1111 1 13:00 14:29 0107 1 1220 0 _ _ 1 20140716170121 78
000002152012101 00000215 2012 10 26 61 1111 1 13:00 14:29 0107 1 1220 0 _ _ 1 20140716170121 78
000002152012102 00000215 2012 10 01 67 1007 1 _ _ 0221 1 100 0 _ _ 1 20140716170121 78
000002152012103 00000215 2012 10 01 67 1007 1 _ _ 0221 1 300 0 _ _ 1 20140716170121 78
000002152012104 00000215 2012 10 01 67 1007 1 _ _ 0221 1 700 0 _ _ 1 20140716170121 78
000002152012111 00000215 2012 11 02 61 1111 1 13:00 14:29 0107 1 1220 0 _ _ 1 20140716170522 78
000002152012111 00000215 2012 11 09 61 1111 1 13:00 14:29 0107 1 1220 0 _ _ 1 20140716170522 78
000002152012111 00000215 2012 11 16 61 1111 1 13:00 14:29 0107 1 1220 0 _ _ 1 20140716170522 78
000002152012111 00000215 2012 11 23 61 1111 1 13:00 14:29 0107 1 1220 0 _ _ 1 20140716170522 78
000002152012112 00000215 2012 11 01 67 1007 1 _ _ 0221 1 100 0 _ _ 1 20140716170522 78
000002152012113 00000215 2012 11 01 67 1007 1 _ _ 0221 1 300 0 _ _ 1 20140716170522 78
000002152012114 00000215 2012 11 01 67 1007 1 _ _ 0221 1 700 0 _ _ 1 20140716170522 78
000002152012121 00000215 2012 12 01 61 1111 1 13:00 14:29 0107 1 1220 0 _ _ 1 20140716171153 78
000002152012121 00000215 2012 12 07 61 1111 1 13:00 14:29 0107 1 1220 0 _ _ 1 20140716171153 78
000002152012121 00000215 2012 12 14 61 1111 1 13:00 14:29 0107 1 1220 0 _ _ 1 20140716171153 78
000002152012121 00000215 2012 12 21 61 1111 1 13:00 14:29 0107 1 1220 0 _ _ 1 20140716171153 78
000002152012121 00000215 2012 12 28 61 1111 1 13:00 14:29 0107 1 1220 0 _ _ 1 20140716171153 78
000002152012122 00000215 2012 12 01 67 1007 1 _ _ 0221 1 100 0 _ _ 1 20140716171153 78
000002152012123 00000215 2012 12 01 67 1007 1 _ _ 0221 1 300 0 _ _ 1 20140716171153 78
000002152012124 00000215 2012 12 01 67 1007 1 _ _ 0221 1 700 0 _ _ 1 20140716171153 78
000002152013011 00000215 2013 01 04 61 1111 1 13:30 14:30 0107 1 1220 0 _ _ 1 20140708182925 78
000002152013011 00000215 2013 01 13 61 1111 1 13:30 14:30 0107 1 1220 0 _ _ 1 20140708182925 78
000002152013011 00000215 2013 01 18 61 1111 1 13:30 14:30 0107 1 1220 0 _ _ 1 20140708182925 78
000002152013011 00000215 2013 01 25 61 1111 1 13:30 14:30 0107 1 1220 0 _ _ 1 20140708182925 78
000002152013012 00000215 2013 01 01 67 1007 1 _ _ 0221 1 100 0 _ _ 1 20140708182925 78
000002152013013 00000215 2013 01 01 67 1007 1 _ _ 0221 1 300 0 _ _ 1 20140708182925 78
000002152013014 00000215 2013 01 01 67 1007 1 _ _ 0221 1 700 0 _ _ 1 20140708182925 78
000002152013021 00000215 2013 02 01 61 1111 1 13:30 14:30 0107 1 1220 0 _ _ 1 20140708183428 78
000002152013021 00000215 2013 02 08 61 1111 1 13:30 14:30 0107 1 1220 0 _ _ 1 20140708183428 78
000002152013021 00000215 2013 02 15 61 1111 1 13:30 14:30 0107 1 1220 0 _ _ 1 20140708183428 78
000002152013021 00000215 2013 02 22 61 1111 1 13:30 14:30 0107 1 1220 0 _ _ 1 20140708183428 78
000002152013022 00000215 2013 02 01 67 1007 1 _ _ 0221 1 100 0 _ _ 1 20140708183428 78
000002152013023 00000215 2013 02 01 67 1007 1 _ _ 0221 1 300 0 _ _ 1 20140708183428 78
000002152013024 00000215 2013 02 01 67 1007 1 _ _ 0221 1 700 0 _ _ 1 20140708183428 78
000002152013031 00000215 2013 03 01 61 1111 1 13:30 14:30 0107 1 1220 0 _ _ 1 20140708183748 78
000002152013031 00000215 2013 03 08 61 1111 1 13:30 14:30 0107 1 1220 0 _ _ 1 20140708183748 78
000002152013031 00000215 2013 03 22 61 1111 1 13:30 14:30 0107 1 1220 0 _ _ 1 20140708183748 78
000002152013031 00000215 2013 03 29 61 1111 1 13:30 14:30 0107 1 1220 0 _ _ 1 20140708183748 78
000002152013032 00000215 2013 03 01 67 1007 1 _ _ 0221 1 100 0 _ _ 1 20140708183748 78
000002152013033 00000215 2013 03 01 67 1007 1 _ _ 0221 1 300 0 _ _ 1 20140708183748 78
000002152013034 00000215 2013 03 01 67 1007 1 _ _ 0221 1 700 0 _ _ 1 20140708183748 78
000002152013041 00000215 2013 04 05 61 1111 1 13:00 14:00 0107 1 1220 0 _ _ 1 20140708184111 78
000002152013041 00000215 2013 04 12 61 1111 1 13:00 14:00 0107 1 1220 0 _ _ 1 20140708184111 78
000002152013041 00000215 2013 04 19 61 1111 1 13:00 14:00 0107 1 1220 0 _ _ 1 20140708184111 78
000002152013041 00000215 2013 04 26 61 1111 1 13:00 14:00 0107 1 1220 0 _ _ 1 20140708184111 78
000002152013042 00000215 2013 04 01 67 1007 1 _ _ 0221 1 100 0 _ _ 1 20140708184111 78
000002152013043 00000215 2013 04 01 67 1007 1 _ _ 0221 1 300 0 _ _ 1 20140708184111 78
000002152013044 00000215 2013 04 01 67 1007 1 _ _ 0221 1 700 0 _ _ 1 20140708184111 78
000002152013051 00000215 2013 05 03 61 1111 1 13:00 14:00 0107 1 1220 0 _ _ 1 20140708184430 78
000002152013051 00000215 2013 05 10 61 1111 1 13:00 14:00 0107 1 1220 0 _ _ 1 20140708184430 78
000002152013051 00000215 2013 05 17 61 1111 1 13:00 14:00 0107 1 1220 0 _ _ 1 20140708184430 78
000002152013051 00000215 2013 05 24 61 1111 1 13:00 14:00 0107 1 1220 0 _ _ 1 20140708184430 78
000002152013051 00000215 2013 05 31 61 1111 1 13:00 14:00 0107 1 1220 0 _ _ 1 20140708184430 78
000002152013052 00000215 2013 05 01 67 1007 1 _ _ 0221 1 100 0 _ _ 1 20140708184430 78
000002152013053 00000215 2013 05 01 67 1007 1 _ _ 0221 1 300 0 _ _ 1 20140708184430 78
000002152013054 00000215 2013 05 01 67 1007 1 _ _ 0221 1 700 0 _ _ 1 20140708184430 78
000002152013061 00000215 2013 06 07 61 1111 1 13:00 14:00 0107 1 1220 0 _ _ 1 20140708184741 78
000002152013061 00000215 2013 06 14 61 1111 1 13:00 14:00 0107 1 1220 0 _ _ 1 20140708184741 78
000002152013061 00000215 2013 06 21 61 1111 1 13:00 14:00 0107 1 1220 0 _ _ 1 20140708184741 78
000002152013061 00000215 2013 06 28 61 1111 1 13:00 14:00 0107 1 1220 0 _ _ 1 20140708184741 78
000002152013062 00000215 2013 06 01 67 1007 1 _ _ 0221 1 100 0 _ _ 1 20140708184741 78
000002152013063 00000215 2013 06 01 67 1007 1 _ _ 0221 1 300 0 _ _ 1 20140708184741 78
000002152013064 00000215 2013 06 01 67 1007 1 _ _ 0221 1 700 0 _ _ 1 20140708184741 78
