1 00000069 2012 09 61 0073 グランクレール・ケアサービス横浜 1211 予防訪問介護Ⅱ 2440 0 2440 4 2440 0 2440 2440 0 10.84 26449 90 23804 2645 0 n n 0 1 20140808113341 00034
1 00000069 2012 10 61 0073 グランクレール・ケアサービス横浜 1211 予防訪問介護Ⅱ 2440 0 2440 9 2440 0 2440 2440 0 10.84 26449 90 23804 2645 0 n n 0 1 20140808114014 00034
1 00000069 2012 11 61 0073 グランクレール・ケアサービス横浜 1211 予防訪問介護Ⅱ 2440 0 2440 9 2440 0 2440 2440 0 10.84 26449 90 23804 2645 0 n n 0 1 20140808114611 00034
1 00000069 2012 12 61 0073 グランクレール・ケアサービス横浜 1211 予防訪問介護Ⅱ 2440 0 2440 9 2440 0 2440 2440 0 10.84 26449 90 23804 2645 0 n n 0 1 20140808115348 00034
1 00000069 2013 01 61 0073 グランクレール・ケアサービス横浜 1211 予防訪問介護Ⅱ 2440 0 2440 8 2440 0 2440 2440 0 10.84 26449 90 23804 2645 0 n n 0 1 20140724163021 00034
1 00000069 2013 02 61 0073 グランクレール・ケアサービス横浜 1211 予防訪問介護Ⅱ 2440 0 2440 6 2440 0 2440 2440 0 10.84 26449 90 23804 2645 0 n n 0 1 20140724164216 00034
1 00000069 2013 03 61 0073 グランクレール・ケアサービス横浜 1211 予防訪問介護Ⅱ 2440 0 2440 6 2440 0 2440 2440 0 10.84 26449 90 23804 2645 0 n n 0 1 20140724165253 00034
1 00000069 2013 04 61 0073 グランクレール・ケアサービス横浜 1211 予防訪問介護Ⅱ 2440 0 2440 9 2440 0 2440 2440 0 10.84 26449 90 23804 2645 0 n n 0 1 20140724171045 00034
1 00000069 2013 05 61 0073 グランクレール・ケアサービス横浜 1211 予防訪問介護Ⅱ 2440 0 2440 9 2440 0 2440 2440 0 10.84 26449 90 23804 2645 0 n n 0 1 20140724171536 00034
1 00000069 2013 06 61 0073 グランクレール・ケアサービス横浜 1211 予防訪問介護Ⅱ 2440 0 2440 8 2440 0 2440 2440 0 10.84 26449 90 23804 2645 0 n n 0 1 20140724172026 00034
1 00000069 2013 07 61 0073 グランクレール・ケアサービス横浜 1211 予防訪問介護Ⅱ 2440 0 2440 9 2440 0 2440 2440 0 10.84 26449 90 23804 2645 0 n n 0 1 20140724172228 00034
1 00000069 2013 08 61 0073 グランクレール・ケアサービス横浜 1211 予防訪問介護Ⅱ 2440 0 2440 4 2440 0 2440 2440 0 10.84 26449 90 23804 2645 0 n n 0 1 20140724172329 00034
2 00000069 2012 09 61 0073 グランクレール・ケアサービス横浜 6271 予防訪問介護処遇改善加算Ⅰ 98 0 98 1 98 0 98 98 0 10.84 1062 90 955 107 0 a g 0 1 20140808113341 00034
2 00000069 2012 10 61 0073 グランクレール・ケアサービス横浜 6271 予防訪問介護処遇改善加算Ⅰ 98 0 98 1 98 0 98 98 0 10.84 1062 90 955 107 0 a g 0 1 20140808114014 00034
2 00000069 2012 11 61 0073 グランクレール・ケアサービス横浜 6271 予防訪問介護処遇改善加算Ⅰ 98 0 98 1 98 0 98 98 0 10.84 1062 90 955 107 0 a g 0 1 20140808114611 00034
2 00000069 2012 12 61 0073 グランクレール・ケアサービス横浜 6271 予防訪問介護処遇改善加算Ⅰ 98 0 98 1 98 0 98 98 0 10.84 1062 90 955 107 0 a g 0 1 20140808115348 00034
2 00000069 2013 01 61 0073 グランクレール・ケアサービス横浜 6271 予防訪問介護処遇改善加算Ⅰ 98 0 98 1 98 0 98 98 0 10.84 1062 90 955 107 0 a g 0 1 20140724163021 00034
2 00000069 2013 02 61 0073 グランクレール・ケアサービス横浜 6271 予防訪問介護処遇改善加算Ⅰ 98 0 98 1 98 0 98 98 0 10.84 1062 90 955 107 0 a g 0 1 20140724164216 00034
2 00000069 2013 03 61 0073 グランクレール・ケアサービス横浜 6271 予防訪問介護処遇改善加算Ⅰ 98 0 98 1 98 0 98 98 0 10.84 1062 90 955 107 0 a g 0 1 20140724165253 00034
2 00000069 2013 04 61 0073 グランクレール・ケアサービス横浜 6271 予防訪問介護処遇改善加算Ⅰ 98 0 98 1 98 0 98 98 0 10.84 1062 90 955 107 0 a g 0 1 20140724171045 00034
2 00000069 2013 05 61 0073 グランクレール・ケアサービス横浜 6271 予防訪問介護処遇改善加算Ⅰ 98 0 98 1 98 0 98 98 0 10.84 1062 90 955 107 0 a g 0 1 20140724171536 00034
2 00000069 2013 06 61 0073 グランクレール・ケアサービス横浜 6271 予防訪問介護処遇改善加算Ⅰ 98 0 98 1 98 0 98 98 0 10.84 1062 90 955 107 0 a g 0 1 20140724172026 00034
2 00000069 2013 07 61 0073 グランクレール・ケアサービス横浜 6271 予防訪問介護処遇改善加算Ⅰ 98 0 98 1 98 0 98 98 0 10.84 1062 90 955 107 0 a g 0 1 20140724172228 00034
2 00000069 2013 08 61 0073 グランクレール・ケアサービス横浜 6271 予防訪問介護処遇改善加算Ⅰ 98 0 98 1 98 0 98 98 0 10.84 1062 90 955 107 0 a g 0 1 20140724172329 00034
