00000069 0073 2012 09 0000082 17 00037 _ 13:45 14:44 _ _ 0 1211 1 61 1 20140808113341 00034
00000069 0073 2012 09 0000083 20 00037 _ 14:00 14:59 _ _ 0 1211 1 61 1 20140808113341 00034
00000069 0073 2012 09 0000084 24 00037 _ 13:30 14:29 _ _ 0 1211 1 61 1 20140808113341 00034
00000069 0073 2012 09 0000085 27 00037 _ 14:00 14:59 _ _ 0 1211 1 61 1 20140808113341 00034
00000069 0073 2012 10 0000086 01 00034 _ 15:00 15:59 _ _ 0 1211 1 61 1 20140808114014 00034
00000069 0073 2012 10 0000087 04 00037 _ 14:00 14:59 _ _ 0 1211 1 61 1 20140808114014 00034
00000069 0073 2012 10 0000088 08 00037 _ 13:45 14:44 _ _ 0 1211 1 61 1 20140808114014 00034
00000069 0073 2012 10 0000089 11 00037 _ 14:00 14:59 _ _ 0 1211 1 61 1 20140808114014 00034
00000069 0073 2012 10 0000090 15 00037 _ 13:45 14:44 _ _ 0 1211 1 61 1 20140808114014 00034
00000069 0073 2012 10 0000091 18 00037 _ 14:00 14:59 _ _ 0 1211 1 61 1 20140808114014 00034
00000069 0073 2012 10 0000092 22 00102 _ 13:45 14:44 _ _ 0 1211 1 61 1 20140808114014 00034
00000069 0073 2012 10 0000093 25 00037 _ 14:00 14:59 _ _ 0 1211 1 61 1 20140808114014 00034
00000069 0073 2012 10 0000094 29 00037 _ 13:45 14:44 _ _ 0 1211 1 61 1 20140808114014 00034
00000069 0073 2012 11 0000095 01 00037 _ 14:00 14:59 _ _ 0 1211 1 61 1 20140808114611 00034
00000069 0073 2012 11 0000096 05 00037 _ 13:45 14:44 _ _ 0 1211 1 61 1 20140808114611 00034
00000069 0073 2012 11 0000097 08 00037 _ 14:00 14:59 _ _ 0 1211 1 61 1 20140808114611 00034
00000069 0073 2012 11 0000098 12 00102 _ 13:45 14:39 _ _ 0 1211 1 61 1 20140808114611 00034
00000069 0073 2012 11 0000099 15 00037 _ 14:00 14:59 _ _ 0 1211 1 61 1 20140808114611 00034
00000069 0073 2012 11 0000100 19 00037 _ 13:45 14:44 _ _ 0 1211 1 61 1 20140808114611 00034
00000069 0073 2012 11 0000101 22 00037 _ 14:00 14:59 _ _ 0 1211 1 61 1 20140808114611 00034
00000069 0073 2012 11 0000102 26 00102 _ 13:45 14:44 _ _ 0 1211 1 61 1 20140808114611 00034
00000069 0073 2012 11 0000103 29 00037 _ 14:00 14:59 _ _ 0 1211 1 61 1 20140808114611 00034
00000069 0073 2012 12 0000104 03 00037 _ 13:45 14:44 _ _ 0 1211 1 61 1 20140808115348 00034
00000069 0073 2012 12 0000105 06 00102 _ 11:00 11:59 _ _ 0 1211 1 61 1 20140808115348 00034
00000069 0073 2012 12 0000106 10 00037 _ 13:45 14:44 _ _ 0 1211 1 61 1 20140808115348 00034
00000069 0073 2012 12 0000107 13 00037 _ 11:00 11:59 _ _ 0 1211 1 61 1 20140808115348 00034
00000069 0073 2012 12 0000108 17 00037 _ 13:45 14:44 _ _ 0 1211 1 61 1 20140808115348 00034
00000069 0073 2012 12 0000109 20 00037 _ 11:00 11:59 _ _ 0 1211 1 61 1 20140808115348 00034
00000069 0073 2012 12 0000110 24 00037 _ 13:45 14:44 _ _ 0 1211 1 61 1 20140808115348 00034
00000069 0073 2012 12 0000111 27 00102 _ 11:00 11:59 _ _ 0 1211 1 61 1 20140808115348 00034
00000069 0073 2012 12 0000112 31 00102 _ 10:15 11:14 _ _ 0 1211 1 61 1 20140808115348 00034
00000069 0073 2013 01 0000023 07 00037 _ 13:45 14:45 _ _ 0 1211 1 61 1 20140724163021 00034
00000069 0073 2013 01 0000024 10 00102 _ 11:00 12:00 _ _ 0 1211 1 61 1 20140724163021 00034
00000069 0073 2013 01 0000025 14 00037 _ 13:45 14:45 _ _ 0 1211 1 61 1 20140724163021 00034
00000069 0073 2013 01 0000026 17 00037 _ 11:00 12:00 _ _ 0 1211 1 61 1 20140724163021 00034
00000069 0073 2013 01 0000027 21 00037 _ 13:45 14:45 _ _ 0 1211 1 61 1 20140724163021 00034
00000069 0073 2013 01 0000028 24 00037 _ 11:00 12:00 _ _ 0 1211 1 61 1 20140724163021 00034
00000069 0073 2013 01 0000029 28 00102 _ 13:45 14:45 _ _ 0 1211 1 61 1 20140724163021 00034
00000069 0073 2013 01 0000030 31 00102 _ 11:00 12:00 _ _ 0 1211 1 61 1 20140724163021 00034
00000069 0073 2013 02 0000031 04 00037 _ 10:15 11:15 _ _ 0 1211 1 61 1 20140724164216 00034
00000069 0073 2013 02 0000032 07 00102 _ 10:15 11:15 _ _ 0 1211 1 61 1 20140724164216 00034
00000069 0073 2013 02 0000033 11 00038 _ 10:15 11:15 _ _ 0 1211 1 61 1 20140724164216 00034
00000069 0073 2013 02 0000034 14 00038 _ 10:15 11:15 _ _ 0 1211 1 61 1 20140724164216 00034
00000069 0073 2013 02 0000035 18 00037 _ 16:15 17:15 _ _ 0 1211 1 61 1 20140724164216 00034
00000069 0073 2013 02 0000036 21 00037 _ 10:15 11:15 _ _ 0 1211 1 61 1 20140724164216 00034
00000069 0073 2013 03 0000037 11 00102 _ 10:15 11:15 _ _ 0 1211 1 61 1 20140724165253 00034
00000069 0073 2013 03 0000038 14 00037 _ 10:15 11:15 _ _ 0 1211 1 61 1 20140724165253 00034
00000069 0073 2013 03 0000039 18 00038 _ 10:15 11:15 _ _ 0 1211 1 61 1 20140724165253 00034
00000069 0073 2013 03 0000040 21 00102 _ 10:15 11:15 _ _ 0 1211 1 61 1 20140724165253 00034
00000069 0073 2013 03 0000041 25 00038 _ 10:15 11:15 _ _ 0 1211 1 61 1 20140724165253 00034
00000069 0073 2013 03 0000042 28 00102 _ 16:15 17:15 _ _ 0 1211 1 61 1 20140724165253 00034
00000069 0073 2013 04 0000043 01 00102 _ 10:15 11:10 _ _ 0 1211 1 61 1 20140724171045 00034
00000069 0073 2013 04 0000044 04 00102 _ 10:15 11:15 _ _ 0 1211 1 61 1 20140724171045 00034
00000069 0073 2013 04 0000045 08 00034 _ 10:15 11:15 _ _ 0 1211 1 61 1 20140724171045 00034
00000069 0073 2013 04 0000046 11 00037 _ 10:15 11:15 _ _ 0 1211 1 61 1 20140724171045 00034
00000069 0073 2013 04 0000047 15 00038 _ 10:15 11:15 _ _ 0 1211 1 61 1 20140724171045 00034
00000069 0073 2013 04 0000048 18 00038 _ 10:15 11:15 _ _ 0 1211 1 61 1 20140724171045 00034
00000069 0073 2013 04 0000049 22 00037 _ 10:15 11:15 _ _ 0 1211 1 61 1 20140724171045 00034
00000069 0073 2013 04 0000050 25 00038 _ 10:15 11:15 _ _ 0 1211 1 61 1 20140724171045 00034
00000069 0073 2013 04 0000051 29 00102 _ 10:15 11:15 _ _ 0 1211 1 61 1 20140724171045 00034
00000069 0073 2013 05 0000052 02 00038 _ 10:15 11:15 _ _ 0 1211 1 61 1 20140724171536 00034
00000069 0073 2013 05 0000053 06 00038 _ 10:15 11:15 _ _ 0 1211 1 61 1 20140724171536 00034
00000069 0073 2013 05 0000054 09 00102 _ 10:15 11:15 _ _ 0 1211 1 61 1 20140724171536 00034
00000069 0073 2013 05 0000055 13 00037 _ 10:15 11:15 _ _ 0 1211 1 61 1 20140724171536 00034
00000069 0073 2013 05 0000056 16 00038 _ 10:15 11:15 _ _ 0 1211 1 61 1 20140724171536 00034
00000069 0073 2013 05 0000057 20 00038 _ 10:15 11:15 _ _ 0 1211 1 61 1 20140724171536 00034
00000069 0073 2013 05 0000058 23 00037 _ 10:15 11:15 _ _ 0 1211 1 61 1 20140724171536 00034
00000069 0073 2013 05 0000059 27 00037 _ 10:15 11:15 _ _ 0 1211 1 61 1 20140724171536 00034
00000069 0073 2013 05 0000060 30 00038 _ 10:15 11:15 _ _ 0 1211 1 61 1 20140724171536 00034
00000069 0073 2013 06 0000061 03 00034 _ 10:15 11:15 _ _ 0 1211 1 61 1 20140724172026 00034
00000069 0073 2013 06 0000062 06 00038 _ 10:15 11:15 _ _ 0 1211 1 61 1 20140724172026 00034
00000069 0073 2013 06 0000063 10 00037 _ 09:15 10:15 _ _ 0 1211 1 61 1 20140724172026 00034
00000069 0073 2013 06 0000064 13 00038 _ 10:15 11:15 _ _ 0 1211 1 61 1 20140724172026 00034
00000069 0073 2013 06 0000065 17 00037 _ 10:15 11:15 _ _ 0 1211 1 61 1 20140724172026 00034
00000069 0073 2013 06 0000066 20 00038 _ 10:15 11:15 _ _ 0 1211 1 61 1 20140724172026 00034
00000069 0073 2013 06 0000067 24 00034 _ 10:15 11:15 _ _ 0 1211 1 61 1 20140724172026 00034
00000069 0073 2013 06 0000068 27 00102 _ 10:15 11:10 _ _ 0 1211 1 61 1 20140724172026 00034
00000069 0073 2013 07 0000069 01 00038 _ 10:15 11:15 _ _ 0 1211 1 61 1 20140724172228 00034
00000069 0073 2013 07 0000070 04 00038 _ 10:15 11:15 _ _ 0 1211 1 61 1 20140724172228 00034
00000069 0073 2013 07 0000071 08 00034 _ 10:15 11:15 _ _ 0 1211 1 61 1 20140724172228 00034
00000069 0073 2013 07 0000072 11 00037 _ 10:15 11:15 _ _ 0 1211 1 61 1 20140724172228 00034
00000069 0073 2013 07 0000073 15 00037 _ 10:15 11:15 _ _ 0 1211 1 61 1 20140724172228 00034
00000069 0073 2013 07 0000074 18 00035 _ 10:15 11:15 _ _ 0 1211 1 61 1 20140724172228 00034
00000069 0073 2013 07 0000075 22 00038 _ 10:15 11:15 _ _ 0 1211 1 61 1 20140724172228 00034
00000069 0073 2013 07 0000076 25 00034 _ 10:15 11:15 _ _ 0 1211 1 61 1 20140724172228 00034
00000069 0073 2013 07 0000077 29 00037 _ 10:15 11:15 _ _ 0 1211 1 61 1 20140724172228 00034
00000069 0073 2013 08 0000078 01 00037 _ 10:15 11:15 _ _ 0 1211 1 61 1 20140724172329 00034
00000069 0073 2013 08 0000079 05 00035 _ 10:15 11:15 _ _ 0 1211 1 61 1 20140724172329 00034
00000069 0073 2013 08 0000080 08 00035 _ 10:15 11:15 _ _ 0 1211 1 61 1 20140724172329 00034
00000069 0073 2013 08 0000081 12 00034 _ 10:15 11:15 _ _ 0 1211 1 61 1 20140724172329 00034
