00000149 2014 02 1 1 00013 1 20140617150936 00030
00000149 2014 03 1 1 00013 1 20140617151234 00030
00000149 2014 05 1 1 00013 1 20140812162305 00030
00000149 2014 06 1 1 00030 1 20140703201239 00030
00000149 2014 07 1 1 00030 1 20140804104120 00030
00000149 2014 08 1 1 00030 1 20140902202057 00030
00000149 2014 09 1 1 00030 1 20141003110210 00030
00000149 2014 10 1 1 00030 1 20141104103224 00030
00000149 2014 11 1 1 00030 1 20141203105424 00030
00000149 2014 12 1 _ 00030 1 20141123100135 00030
