000001712014051 00000171 2014 05 10 65 1111 08:55 13:00 0273 1 2115 0 _ _ 1 1 20140812162045 24
000001712014051 00000171 2014 05 17 65 1111 08:55 13:00 0273 1 2115 0 _ _ 1 1 20140812162045 24
000001712014051 00000171 2014 05 24 65 1111 08:55 13:00 0273 1 2115 0 _ _ 1 1 20140812162045 24
000001712014051 00000171 2014 05 31 65 1111 08:55 13:00 0273 1 2115 0 _ _ 1 1 20140812162045 24
000001712014052 00000171 2014 05 10 65 5002 _ _ 0273 1 225 0 _ _ 1 1 20140812162045 24
000001712014052 00000171 2014 05 17 65 5002 _ _ 0273 1 225 0 _ _ 1 1 20140812162045 24
000001712014052 00000171 2014 05 24 65 5002 _ _ 0273 1 225 0 _ _ 1 1 20140812162045 24
000001712014052 00000171 2014 05 31 65 5002 _ _ 0273 1 225 0 _ _ 1 1 20140812162045 24
000001712014061 00000171 2014 06 07 65 1111 08:55 13:00 0273 1 2115 0 _ _ _ 1 20140703181405 11
000001712014061 00000171 2014 06 21 65 1111 08:55 13:00 0273 1 2115 0 _ _ _ 1 20140703181405 11
000001712014061 00000171 2014 06 28 65 1111 08:55 13:00 0273 1 2115 0 _ _ _ 1 20140703181405 11
000001712014062 00000171 2014 06 07 65 5002 08:55 13:00 0273 1 225 0 _ _ _ 1 20140703181405 11
000001712014062 00000171 2014 06 21 65 5002 08:55 13:00 0273 1 225 0 _ _ _ 1 20140703181405 11
000001712014062 00000171 2014 06 28 65 5002 08:55 13:00 0273 1 225 0 _ _ _ 1 20140703181405 11
000001712014071 00000171 2014 07 05 65 1111 08:55 13:00 0273 1 2115 0 _ _ _ 1 20140802150749 11
000001712014071 00000171 2014 07 12 65 1111 08:55 13:00 0273 1 2115 0 _ _ _ 1 20140802150749 11
000001712014071 00000171 2014 07 19 65 1111 08:55 13:00 0273 1 2115 0 _ _ _ 1 20140802150749 11
000001712014072 00000171 2014 07 01 65 5002 08:55 13:00 0273 1 225 0 _ _ _ 1 20140802150749 11
000001712014091 00000171 2014 09 06 65 1111 08:55 13:00 0273 1 2115 0 _ _ 1 1 20141001104825 11
000001712014091 00000171 2014 09 13 65 1111 08:55 13:00 0273 1 2115 0 _ _ 1 1 20141001104825 11
000001712014091 00000171 2014 09 20 65 1111 08:55 13:00 0273 1 2115 0 _ _ 1 1 20141001104825 11
000001712014092 00000171 2014 09 06 65 5002 08:55 13:00 0273 1 225 0 _ _ 1 1 20141001104825 11
000001712014092 00000171 2014 09 13 65 5002 08:55 13:00 0273 1 225 0 _ _ 1 1 20141001104825 11
000001712014092 00000171 2014 09 20 65 5002 08:55 13:00 0273 1 225 0 _ _ 1 1 20141001104825 11
000001712014101 00000171 2014 10 11 65 1111 08:55 13:00 0273 1 2115 0 _ _ 1 1 20141101182447 11
000001712014101 00000171 2014 10 18 65 1111 08:55 13:00 0273 1 2115 0 _ _ 1 1 20141101182447 11
000001712014101 00000171 2014 10 25 65 1111 08:55 13:00 0273 1 2115 0 _ _ 1 1 20141101182447 11
000001712014102 00000171 2014 10 11 65 5002 08:55 13:00 0273 1 225 0 _ _ 1 1 20141101182447 11
000001712014102 00000171 2014 10 18 65 5002 08:55 13:00 0273 1 225 0 _ _ 1 1 20141101182447 11
000001712014102 00000171 2014 10 25 65 5002 08:55 13:00 0273 1 225 0 _ _ 1 1 20141101182447 11
000001712014111 00000171 2014 11 11 61 1111 09:00 09:50 0073 1 1226 0 _ _ 1 1 20141202155743 11
000001712014112 00000171 2014 11 11 61 4001 09:00 09:50 0073 1 200 0 _ _ 1 1 20141202155743 11
000001712014113 00000171 2014 11 18 61 1111 09:00 09:59 0073 1 1226 0 _ _ 1 1 20141202155743 11
000001712014113 00000171 2014 11 25 61 1111 09:00 09:59 0073 1 1226 0 _ _ 1 1 20141202155743 11
000001712014114 00000171 2014 11 01 65 1111 08:55 13:00 0273 1 2115 0 _ _ 1 1 20141202155743 11
000001712014114 00000171 2014 11 15 65 1111 08:55 13:00 0273 1 2115 0 _ _ 1 1 20141202155743 11
000001712014114 00000171 2014 11 22 65 1111 08:55 13:00 0273 1 2115 0 _ _ 1 1 20141202155743 11
000001712014114 00000171 2014 11 29 65 1111 08:55 13:00 0273 1 2115 0 _ _ 1 1 20141202155743 11
000001712014115 00000171 2014 11 01 65 5002 08:55 13:00 0273 1 225 0 _ _ 1 1 20141202155743 11
000001712014115 00000171 2014 11 15 65 5002 08:55 13:00 0273 1 225 0 _ _ 1 1 20141202155743 11
000001712014115 00000171 2014 11 22 65 5002 08:55 13:00 0273 1 225 0 _ _ 1 1 20141202155743 11
000001712014115 00000171 2014 11 29 65 5002 08:55 13:00 0273 1 225 0 _ _ 1 1 20141202155743 11
000001712014121 00000171 2014 12 02 61 1111 09:00 09:59 0073 1 1226 0 _ _ 1 1 20141202155924 11
000001712014121 00000171 2014 12 09 61 1111 09:00 09:59 0073 1 1226 0 _ _ 1 1 20141202155924 11
000001712014121 00000171 2014 12 16 61 1111 09:00 09:59 0073 1 1226 0 _ _ 1 1 20141202155924 11
000001712014121 00000171 2014 12 23 61 1111 09:00 09:59 0073 1 1226 0 _ _ 1 1 20141202155924 11
000001712014121 00000171 2014 12 30 61 1111 09:00 09:59 0073 1 1226 0 _ _ 1 1 20141202155924 11
000001712014122 00000171 2014 12 06 65 1111 08:55 13:00 0273 1 2115 0 _ _ 1 1 20141202155924 11
000001712014122 00000171 2014 12 13 65 1111 08:55 13:00 0273 1 2115 0 _ _ 1 1 20141202155924 11
000001712014122 00000171 2014 12 20 65 1111 08:55 13:00 0273 1 2115 0 _ _ 1 1 20141202155924 11
000001712014122 00000171 2014 12 27 65 1111 08:55 13:00 0273 1 2115 0 _ _ 1 1 20141202155924 11
000001712014123 00000171 2014 12 06 65 5002 08:55 13:00 0273 1 225 0 _ _ 1 1 20141202155924 11
000001712014123 00000171 2014 12 13 65 5002 08:55 13:00 0273 1 225 0 _ _ 1 1 20141202155924 11
000001712014123 00000171 2014 12 20 65 5002 08:55 13:00 0273 1 225 0 _ _ 1 1 20141202155924 11
000001712014123 00000171 2014 12 27 65 5002 08:55 13:00 0273 1 225 0 _ _ 1 1 20141202155924 11
000001712015011 00000171 2015 01 06 61 1111 09:00 09:59 0073 1 1226 0 _ _ _ 1 20141206174348 11
000001712015011 00000171 2015 01 13 61 1111 09:00 09:59 0073 1 1226 0 _ _ _ 1 20141206174348 11
000001712015011 00000171 2015 01 20 61 1111 09:00 09:59 0073 1 1226 0 _ _ _ 1 20141206174348 11
000001712015011 00000171 2015 01 27 61 1111 09:00 09:59 0073 1 1226 0 _ _ _ 1 20141206174348 11
000001712015012 00000171 2015 01 10 65 1111 08:55 13:00 0273 1 2115 0 _ _ _ 1 20141206174348 11
000001712015012 00000171 2015 01 17 65 1111 08:55 13:00 0273 1 2115 0 _ _ _ 1 20141206174348 11
000001712015012 00000171 2015 01 24 65 1111 08:55 13:00 0273 1 2115 0 _ _ _ 1 20141206174348 11
000001712015012 00000171 2015 01 31 65 1111 08:55 13:00 0273 1 2115 0 _ _ _ 1 20141206174348 11
000001712015013 00000171 2015 01 10 65 5002 08:55 13:00 0273 1 225 0 _ _ _ 1 20141206174348 11
000001712015013 00000171 2015 01 17 65 5002 08:55 13:00 0273 1 225 0 _ _ _ 1 20141206174348 11
000001712015013 00000171 2015 01 24 65 5002 08:55 13:00 0273 1 225 0 _ _ _ 1 20141206174348 11
000001712015013 00000171 2015 01 31 65 5002 08:55 13:00 0273 1 225 0 _ _ _ 1 20141206174348 11
