000000582012021 00000058 2012 02 01 67 1007 _ _ 0041 1 550 0 _ _ 1 1 20141017112435 63
000000582012021 00000058 2012 02 17 67 1007 _ _ 0041 1 550 0 _ _ 1 1 20141017112435 63
000000582012031 00000058 2012 03 01 65 1121 09:30 12:35 0075 1 4353 0 _ _ 1 1 20141103104259 63
000000582012031 00000058 2012 03 06 65 1121 09:30 12:35 0075 1 4353 0 _ _ 1 1 20141103104259 63
000000582012031 00000058 2012 03 08 65 1121 09:30 12:35 0075 1 4353 0 _ _ 1 1 20141103104259 63
000000582012031 00000058 2012 03 13 65 1121 09:30 12:35 0075 1 4353 0 _ _ 1 1 20141103104259 63
000000582012031 00000058 2012 03 15 65 1121 09:30 12:35 0075 1 4353 0 _ _ 1 1 20141103104259 63
000000582012031 00000058 2012 03 20 65 1121 09:30 12:35 0075 1 4353 0 _ _ 1 1 20141103104259 63
000000582012031 00000058 2012 03 22 65 1121 09:30 12:35 0075 1 4353 0 _ _ 1 1 20141103104259 63
000000582012031 00000058 2012 03 27 65 1121 09:30 12:35 0075 1 4353 0 _ _ 1 1 20141103104259 63
000000582012031 00000058 2012 03 29 65 1121 09:30 12:35 0075 1 4353 0 _ _ 1 1 20141103104259 63
000000582012032 00000058 2012 03 01 67 1007 _ _ 0041 1 1100 0 _ _ 1 1 20141103104259 63
000000582012041 00000058 2012 04 05 65 1121 09:30 12:35 0075 1 4205 0 _ _ 1 1 20140806153526 24
000000582012041 00000058 2012 04 12 65 1121 09:30 12:35 0075 1 4205 0 _ _ 1 1 20140806153526 24
000000582012041 00000058 2012 04 19 65 1121 09:30 12:35 0075 1 4205 0 _ _ 1 1 20140806153526 24
000000582012041 00000058 2012 04 26 65 1121 09:30 12:35 0075 1 4205 0 _ _ 1 1 20140806153526 24
000000582012042 00000058 2012 04 01 67 1007 _ _ 0041 1 1100 0 _ _ 1 1 20140806153526 24
000000582012051 00000058 2012 05 03 65 1121 09:30 12:35 0075 1 4205 0 _ _ 1 1 20140806153809 24
000000582012051 00000058 2012 05 10 65 1121 09:30 12:35 0075 1 4205 0 _ _ 1 1 20140806153809 24
000000582012051 00000058 2012 05 17 65 1121 09:30 12:35 0075 1 4205 0 _ _ 1 1 20140806153809 24
000000582012051 00000058 2012 05 24 65 1121 09:30 12:35 0075 1 4205 0 _ _ 1 1 20140806153809 24
000000582012051 00000058 2012 05 31 65 1121 09:30 12:35 0075 1 4205 0 _ _ 1 1 20140806153809 24
000000582012052 00000058 2012 05 03 65 5002 _ _ 0075 1 225 0 _ _ 1 1 20140806153809 24
000000582012052 00000058 2012 05 10 65 5002 _ _ 0075 1 225 0 _ _ 1 1 20140806153809 24
000000582012052 00000058 2012 05 17 65 5002 _ _ 0075 1 225 0 _ _ 1 1 20140806153809 24
000000582012052 00000058 2012 05 24 65 5002 _ _ 0075 1 225 0 _ _ 1 1 20140806153809 24
000000582012052 00000058 2012 05 31 65 5002 _ _ 0075 1 225 0 _ _ 1 1 20140806153809 24
000000582012053 00000058 2012 05 01 67 1007 _ _ 0041 1 1100 0 _ _ 1 1 20140806153809 24
000000582012061 00000058 2012 06 07 65 1121 09:30 12:35 0075 1 4205 0 _ _ 1 1 20140806154822 24
000000582012061 00000058 2012 06 14 65 1121 09:30 12:35 0075 1 4205 0 _ _ 1 1 20140806154822 24
000000582012061 00000058 2012 06 21 65 1121 09:30 12:35 0075 1 4205 0 _ _ 1 1 20140806154822 24
000000582012061 00000058 2012 06 28 65 1121 09:30 12:35 0075 1 4205 0 _ _ 1 1 20140806154822 24
000000582012062 00000058 2012 06 07 65 5002 _ _ 0075 1 225 0 _ _ 1 1 20140806154822 24
000000582012062 00000058 2012 06 14 65 5002 _ _ 0075 1 225 0 _ _ 1 1 20140806154822 24
000000582012062 00000058 2012 06 21 65 5002 _ _ 0075 1 225 0 _ _ 1 1 20140806154822 24
000000582012062 00000058 2012 06 28 65 5002 _ _ 0075 1 225 0 _ _ 1 1 20140806154822 24
000000582012063 00000058 2012 06 01 67 1007 _ _ 0041 1 1100 0 _ _ 1 1 20140806154822 24
