00000062 0070 2014 06 0000002 01 00035 _ 14:00 14:59 2 _ 0 7311 1 11 1 20140701100853 00078
00000062 0070 2014 06 0000003 08 00038 _ 14:00 14:59 2 _ 0 7311 1 11 1 20140701100853 00078
00000062 0070 2014 06 0000004 15 00035 _ 14:00 14:59 2 _ 0 7311 1 11 1 20140701100853 00078
00000062 0070 2014 06 0000005 22 00037 _ 14:00 14:59 2 _ 0 7311 1 11 1 20140701100853 00078
00000062 0070 2014 06 0000006 29 00037 _ 14:00 14:59 2 _ 0 7311 1 11 1 20140701100853 00078
00000062 0070 2014 07 0000007 06 00037 _ 14:00 14:59 2 _ 0 7311 1 11 1 20140731093610 00035
00000062 0070 2014 07 0000008 13 00037 _ 14:00 14:59 2 _ 0 7311 1 11 1 20140731093610 00035
00000062 0070 2014 07 0000009 20 00038 _ 14:00 14:59 2 _ 0 7311 1 11 1 20140731093610 00035
00000062 0070 2014 07 0000010 27 00035 _ 14:00 14:59 2 _ 0 7311 1 11 1 20140731093610 00035
00000062 0070 2014 08 0000011 03 00037 _ 14:00 14:59 2 _ 0 7311 1 11 1 20140817185049 00035
00000062 0070 2014 08 0000012 10 00038 _ 14:00 14:59 2 _ 0 7311 1 11 1 20140817185049 00035
00000062 0070 2014 08 0000013 17 00035 _ 14:00 14:59 2 _ 0 7311 1 11 1 20140817185049 00035
