000001132014031 00000113 2014 03 05 61 1111 13:45 14:45 0073 1 1220 0 _ _ 1 1 20140616192209 24
000001132014031 00000113 2014 03 12 61 1111 13:45 14:45 0073 1 1220 0 _ _ 1 1 20140616192209 24
000001132014032 00000113 2014 03 05 61 4001 _ _ 0073 1 200 0 _ _ 1 1 20140616192209 24
000001132014041 00000113 2014 04 02 61 1111 13:45 14:45 0073 1 1226 0 _ _ 1 1 20140616192520 24
000001132014041 00000113 2014 04 16 61 1111 13:45 14:45 0073 1 1226 0 _ _ 1 1 20140616192520 24
000001132014041 00000113 2014 04 23 61 1111 13:45 14:45 0073 1 1226 0 _ _ 1 1 20140616192520 24
000001132014051 00000113 2014 05 14 61 1111 13:45 14:45 0073 1 1226 0 _ _ 1 1 20140818150705 24
000001132014051 00000113 2014 05 21 61 1111 13:45 14:45 0073 1 1226 0 _ _ 1 1 20140818150705 24
000001132014061 00000113 2014 06 04 61 1111 13:45 14:44 0073 1 1226 0 _ _ 1 1 20140702151642 25
000001132014061 00000113 2014 06 11 61 1111 13:45 14:44 0073 1 1226 0 _ _ 1 1 20140702151642 25
000001132014061 00000113 2014 06 18 61 1111 13:45 14:44 0073 1 1226 0 _ _ 1 1 20140702151642 25
000001132014061 00000113 2014 06 25 61 1111 13:45 14:44 0073 1 1226 0 _ _ 1 1 20140702151642 25
000001132014071 00000113 2014 07 02 61 1111 13:45 14:44 0073 1 1226 0 _ _ 1 1 20140801211020 25
000001132014071 00000113 2014 07 09 61 1111 13:45 14:44 0073 1 1226 0 _ _ 1 1 20140801211020 25
000001132014071 00000113 2014 07 23 61 1111 13:45 14:44 0073 1 1226 0 _ _ 1 1 20140801211020 25
000001132014081 00000113 2014 08 06 61 1111 13:45 14:45 0073 1 1226 0 _ _ 1 1 20140721181141 25
000001132014081 00000113 2014 08 13 61 1111 13:45 14:45 0073 1 1226 0 _ _ 1 1 20140721181141 25
000001132014081 00000113 2014 08 20 61 1111 13:45 14:45 0073 1 1226 0 _ _ 1 1 20140721181141 25
000001132014081 00000113 2014 08 27 61 1111 13:45 14:45 0073 1 1226 0 _ _ 1 1 20140721181141 25
000001132014091 00000113 2014 09 03 61 1111 13:45 14:45 0073 1 1226 0 _ _ 1 1 20140815153806 25
000001132014091 00000113 2014 09 10 61 1111 13:45 14:45 0073 1 1226 0 _ _ 1 1 20140815153806 25
000001132014091 00000113 2014 09 17 61 1111 13:45 14:45 0073 1 1226 0 _ _ 1 1 20140815153806 25
000001132014091 00000113 2014 09 24 61 1111 13:45 14:45 0073 1 1226 0 _ _ 1 1 20140815153806 25
