00000585 2014 06 01 10:00 12:00 61 2111 0073 10.84 1 40 1 20140721183139 00078
00000585 2014 06 02 10:00 12:00 61 2111 0073 10.84 1 40 1 20140721183139 00078
00000585 2014 06 03 10:00 12:00 61 2111 0073 10.84 1 40 1 20140721183139 00078
00000585 2014 06 04 10:00 12:00 61 2111 0073 10.84 1 40 1 20140721183139 00078
00000585 2014 06 05 10:00 12:00 61 2111 0073 10.84 1 40 1 20140721183139 00078
00000585 2014 06 06 10:00 12:00 61 2111 0073 10.84 1 40 1 20140721183139 00078
00000585 2014 06 07 10:00 12:00 61 2111 0073 10.84 1 40 1 20140721183139 00078
00000585 2014 06 08 10:00 12:00 61 2111 0073 10.84 1 40 1 20140721183139 00078
00000585 2014 06 09 10:00 12:00 61 2111 0073 10.84 1 40 1 20140721183139 00078
00000585 2014 06 10 10:00 12:00 61 2111 0073 10.84 1 40 1 20140721183139 00078
00000585 2014 06 11 10:00 12:00 61 2111 0073 10.84 1 40 1 20140721183139 00078
00000585 2014 06 12 10:00 12:00 61 2111 0073 10.84 1 40 1 20140721183139 00078
00000585 2014 06 13 10:00 12:00 61 2111 0073 10.84 1 40 1 20140721183139 00078
00000585 2014 06 14 10:00 12:00 61 2111 0073 10.84 1 40 1 20140721183139 00078
00000585 2014 06 15 10:00 12:00 61 2111 0073 10.84 1 40 1 20140721183139 00078
00000585 2014 06 16 10:00 12:00 61 2111 0073 10.84 1 40 1 20140721183139 00078
00000585 2014 06 17 15:00 16:00 11 1311 0070 10.84 1 587 1 20140721183205 00078
00000585 2014 06 18 15:00 16:00 11 1311 0070 10.84 1 587 1 20140721183205 00078
00000585 2014 06 19 15:00 16:00 11 1311 0070 10.84 1 587 1 20140721183205 00078
00000585 2014 06 20 15:00 16:00 11 1311 0070 10.84 1 587 1 20140721183205 00078
00000585 2014 06 21 15:00 16:00 11 1311 0070 10.84 1 587 1 20140721183205 00078
00000585 2014 06 22 15:00 16:00 11 1311 0070 10.84 1 587 1 20140721183205 00078
00000585 2014 06 23 15:00 16:00 11 1311 0070 10.84 1 587 1 20140721183205 00078
00000585 2014 06 24 15:00 16:00 11 1311 0070 10.84 1 587 1 20140721183205 00078
00000585 2014 06 25 15:00 16:00 11 1311 0070 10.84 1 587 1 20140721183205 00078
00000585 2014 06 26 15:00 16:00 11 1311 0070 10.84 1 587 1 20140721183205 00078
00000585 2014 06 27 15:00 16:00 11 1311 0070 10.84 1 587 1 20140721183205 00078
00000585 2014 06 28 15:00 16:00 11 1311 0070 10.84 1 587 1 20140721183205 00078
00000585 2014 06 29 15:00 16:00 11 1311 0070 10.84 1 587 1 20140721183205 00078
00000585 2014 06 30 15:00 16:00 11 1311 0070 10.84 1 587 1 20140721183205 00078
