00000161 20140205 KihonCheckCheckList01 1 1 201405230000 IKOU
00000161 20140205 KihonCheckCheckList02 1 1 201405230000 IKOU
00000161 20140205 KihonCheckCheckList03 0 1 201405230000 IKOU
00000161 20140205 KihonCheckCheckList04 1 1 201405230000 IKOU
00000161 20140205 KihonCheckCheckList05 0 1 201405230000 IKOU
00000161 20140205 KihonCheckCheckList06 2 1 201405230000 IKOU
00000161 20140205 KihonCheckCheckList07 2 1 201405230000 IKOU
00000161 20140205 KihonCheckCheckList08 0 1 201405230000 IKOU
00000161 20140205 KihonCheckCheckList09 2 1 201405230000 IKOU
00000161 20140205 KihonCheckCheckList10 2 1 201405230000 IKOU
00000161 20140205 KihonCheckCheckList11 0 1 201405230000 IKOU
00000161 20140205 KihonCheckCheckList12 0 1 201405230000 IKOU
00000161 20140205 KihonCheckCheckList13 0 1 201405230000 IKOU
00000161 20140205 KihonCheckCheckList14 0 1 201405230000 IKOU
00000161 20140205 KihonCheckCheckList15 5 1 201405230000 IKOU
00000161 20140205 KihonCheckCheckList16 5 1 201405230000 IKOU
00000161 20140205 KihonCheckCheckList17 0 1 201405230000 IKOU
00000161 20140205 KihonCheckCheckList18 0 1 201405230000 IKOU
00000161 20140205 KihonCheckCheckList19 0 1 201405230000 IKOU
00000161 20140205 KihonCheckCheckList20 0 1 201405230000 IKOU
00000161 20140205 KihonCheckCheckList21 0 1 201405230000 IKOU
00000161 20140205 KihonCheckCheckList22 0 1 201405230000 IKOU
00000161 20140205 KihonCheckCheckList23 0 1 201405230000 IKOU
00000161 20140205 KihonCheckCheckList24 0 1 201405230000 IKOU
