00000117 0070 2013 12 0000040 14 00035 _ 14:30 15:45 _ _ 0 5111 1 11 1 20140701154507 00034
00000117 0070 2013 12 0000041 17 00035 _ 16:30 17:45 _ _ 0 5111 1 11 1 20140701154507 00034
00000117 0070 2013 12 0000042 21 00035 _ 14:30 15:45 _ _ 0 5111 1 11 1 20140701154507 00034
00000117 0070 2013 12 0000043 24 00035 _ 16:15 17:30 _ _ 0 5111 1 11 1 20140701154507 00034
00000117 0070 2013 12 0000044 28 00037 _ 14:30 15:45 _ _ 0 5111 1 11 1 20140701154507 00034
00000117 0070 2013 12 0000045 31 00035 _ 15:00 16:15 _ _ 0 5111 1 11 1 20140701154507 00034
00000117 0070 2014 01 0000002 04 00035 _ 14:30 15:45 _ _ 0 5111 1 11 1 20140616204326 00034
00000117 0070 2014 01 0000003 07 00035 _ 16:30 17:45 _ _ 0 5111 1 11 1 20140616204326 00034
00000117 0070 2014 01 0000004 11 00045 _ 14:30 15:45 _ _ 0 5111 1 11 1 20140616204326 00034
00000117 0070 2014 01 0000005 14 00043 _ 16:30 17:45 _ _ 0 5111 1 11 1 20140616204326 00034
00000117 0070 2014 01 0000006 18 00045 _ 14:30 15:45 _ _ 0 5111 1 11 1 20140616204326 00034
00000117 0070 2014 01 0000007 21 00043 _ 16:30 17:45 _ _ 0 5111 1 11 1 20140616204326 00034
00000117 0070 2014 01 0000008 25 00045 _ 14:30 15:45 _ _ 0 5111 1 11 1 20140616204326 00034
00000117 0070 2014 01 0000009 28 00043 _ 16:30 17:45 _ _ 0 5111 1 11 1 20140616204326 00034
00000117 0070 2014 02 0000010 01 00045 _ 14:30 15:45 _ _ 0 5111 1 11 1 20140616205522 00034
00000117 0070 2014 02 0000011 04 00043 _ 16:30 17:45 _ _ 0 5111 1 11 1 20140616205522 00034
00000117 0070 2014 02 0000012 08 00045 _ 13:30 14:45 _ _ 0 5111 1 11 1 20140616205522 00034
00000117 0070 2014 02 0000013 11 00043 _ 16:30 17:45 _ _ 0 5111 1 11 1 20140616205522 00034
00000117 0070 2014 02 0000014 15 00045 _ 14:30 15:45 _ _ 0 5111 1 11 1 20140616205522 00034
00000117 0070 2014 02 0000015 18 00043 _ 16:30 17:45 _ _ 0 5111 1 11 1 20140616205522 00034
00000117 0070 2014 02 0000016 22 00045 _ 14:30 15:45 _ _ 0 5111 1 11 1 20140616205522 00034
00000117 0070 2014 02 0000017 25 00043 _ 16:30 17:45 _ _ 0 5111 1 11 1 20140616205522 00034
00000117 0070 2014 03 0000018 01 00045 _ 14:30 15:45 _ _ 0 5111 1 11 1 20140617101649 00034
00000117 0070 2014 03 0000019 04 00043 _ 16:30 17:45 _ _ 0 5111 1 11 1 20140617101649 00034
00000117 0070 2014 03 0000020 08 00045 _ 14:30 15:45 _ _ 0 5111 1 11 1 20140617101649 00034
00000117 0070 2014 03 0000021 11 00043 _ 16:30 17:45 _ _ 0 5111 1 11 1 20140617101649 00034
00000117 0070 2014 03 0000022 15 00045 _ 14:30 15:45 _ _ 0 5111 1 11 1 20140617101649 00034
00000117 0070 2014 03 0000023 18 00043 _ 16:30 17:45 _ _ 0 5111 1 11 1 20140617101649 00034
00000117 0070 2014 03 0000024 22 00045 _ 14:30 15:45 _ _ 0 5111 1 11 1 20140617101649 00034
00000117 0070 2014 03 0000025 25 00043 _ 16:30 17:45 _ _ 0 5111 1 11 1 20140617101649 00034
00000117 0070 2014 03 0000026 29 00045 _ 14:30 15:45 _ _ 0 5111 1 11 1 20140617101649 00034
00000117 0070 2014 04 0000027 01 00038 _ 16:30 17:45 _ _ 0 5111 1 11 1 20140617102755 00034
00000117 0070 2014 04 0000028 05 00045 _ 14:30 15:45 _ _ 0 5111 1 11 1 20140617102755 00034
00000117 0070 2014 04 0000029 08 00043 _ 16:30 17:45 _ _ 0 5111 1 11 1 20140617102755 00034
00000117 0070 2014 04 0000030 12 00045 _ 14:30 15:45 _ _ 0 5111 1 11 1 20140617102755 00034
00000117 0070 2014 04 0000031 15 00043 _ 16:30 17:45 _ _ 0 5111 1 11 1 20140617102755 00034
00000117 0070 2014 04 0000032 19 00045 _ 14:30 15:45 _ _ 0 5111 1 11 1 20140617102755 00034
00000117 0070 2014 04 0000033 22 00043 _ 16:30 17:45 _ _ 0 5111 1 11 1 20140617102755 00034
00000117 0070 2014 04 0000034 26 00045 _ 14:30 15:45 _ _ 0 5111 1 11 1 20140617102755 00034
00000117 0070 2014 04 0000035 29 00035 _ 16:30 17:45 _ _ 0 5111 1 11 1 20140617102755 00034
00000117 0070 2014 05 0000036 03 00045 _ 14:30 15:45 _ _ 0 5111 1 11 1 20140818154936 00034
00000117 0070 2014 05 0000037 06 00043 _ 16:30 17:45 _ _ 0 5111 1 11 1 20140818154936 00034
00000117 0070 2014 05 0000038 10 00045 _ 14:30 15:45 _ _ 0 5111 1 11 1 20140818154936 00034
00000117 0070 2014 05 0000039 13 00043 _ 16:30 17:45 _ _ 0 5111 1 11 1 20140818154936 00034
00000117 0070 2014 05 0000046 17 00045 _ 14:30 15:45 4 _ 0 5111 1 11 1 20140818154936 00034
00000117 0070 2014 05 0000047 20 00043 _ 16:30 17:45 4 _ 0 5111 1 11 1 20140818154936 00034
00000117 0070 2014 05 0000048 24 00045 _ 14:30 15:45 4 _ 0 5111 1 11 1 20140818154936 00034
00000117 0070 2014 05 0000049 27 00043 _ 16:30 17:45 4 _ 0 5111 1 11 1 20140818154936 00034
00000117 0070 2014 05 0000050 31 00045 _ 14:30 15:45 4 _ 0 5111 1 11 1 20140818154936 00034
00000117 0070 2014 06 0000002 03 00043 _ 16:30 17:44 4 _ 0 5111 1 11 1 20140628175404 00035
00000117 0070 2014 06 0000003 10 00043 _ 16:30 17:44 4 _ 0 5111 1 11 1 20140628175404 00035
00000117 0070 2014 06 0000004 07 00045 _ 14:30 15:44 4 _ 0 5111 1 11 1 20140628175404 00035
00000117 0070 2014 06 0000005 14 00045 _ 14:30 15:44 4 _ 0 5111 1 11 1 20140628175404 00035
00000117 0070 2014 06 0000006 17 00043 _ 16:30 17:44 4 _ 0 5111 1 11 1 20140628175404 00035
00000117 0070 2014 06 0000007 24 00043 _ 16:30 17:44 4 _ 0 5111 1 11 1 20140628175404 00035
00000117 0070 2014 06 0000008 28 00035 _ 14:30 15:44 4 _ 0 5111 1 11 1 20140628175404 00035
00000117 0070 2014 06 0000009 21 00045 _ 14:30 15:44 4 _ 0 5111 1 11 1 20140628175404 00035
