000000632012051 00000063 2012 05 19 61 1111 1 10:00 11:00 0055 1 1220 0 _ _ 1 20140807122927 24
000000632012051 00000063 2012 05 25 61 1111 1 10:00 11:00 0055 1 1220 0 _ _ 1 20140807122927 24
000000632012051 00000063 2012 05 31 61 1111 1 10:00 11:00 0055 1 1220 0 _ _ 1 20140807122927 24
000000632012052 00000063 2012 05 19 61 4001 1 _ _ 0055 1 200 0 _ _ 1 20140807122927 24
000000632012061 00000063 2012 06 08 61 1111 1 10:00 11:00 0055 1 1220 0 _ _ 1 20140807133651 24
000000632012061 00000063 2012 06 15 61 1111 1 10:00 11:00 0055 1 1220 0 _ _ 1 20140807133651 24
000000632012061 00000063 2012 06 22 61 1111 1 10:00 11:00 0055 1 1220 0 _ _ 1 20140807133651 24
000000632012061 00000063 2012 06 29 61 1111 1 10:00 11:00 0055 1 1220 0 _ _ 1 20140807133651 24
000000632012071 00000063 2012 07 06 61 1111 _ 10:00 11:00 0055 1 1220 0 _ _ 1 20140807133923 24
000000632012071 00000063 2012 07 13 61 1111 _ 10:00 11:00 0055 1 1220 0 _ _ 1 20140807133923 24
000000632012071 00000063 2012 07 20 61 1111 _ 10:00 11:00 0055 1 1220 0 _ _ 1 20140807133923 24
000000632012071 00000063 2012 07 27 61 1111 _ 10:00 11:00 0055 1 1220 0 _ _ 1 20140807133923 24
000000632012081 00000063 2012 08 03 61 1111 1 10:00 11:00 0055 1 1220 0 _ _ 1 20140807134127 24
000000632012081 00000063 2012 08 17 61 1111 1 10:00 11:00 0055 1 1220 0 _ _ 1 20140807134127 24
000000632012081 00000063 2012 08 24 61 1111 1 10:00 11:00 0055 1 1220 0 _ _ 1 20140807134127 24
000000632012081 00000063 2012 08 31 61 1111 1 10:00 11:00 0055 1 1220 0 _ _ 1 20140807134127 24
000000632012091 00000063 2012 09 07 61 1111 1 10:00 11:00 0055 1 1220 0 _ _ 1 20140807134411 24
000000632012091 00000063 2012 09 14 61 1111 1 10:00 11:00 0055 1 1220 0 _ _ 1 20140807134411 24
000000632012091 00000063 2012 09 21 61 1111 1 10:00 11:00 0055 1 1220 0 _ _ 1 20140807134411 24
000000632012091 00000063 2012 09 28 61 1111 1 10:00 11:00 0055 1 1220 0 _ _ 1 20140807134411 24
000000632012101 00000063 2012 10 05 61 1111 1 10:00 11:00 0055 1 1220 0 _ _ 1 20140807135919 24
000000632012101 00000063 2012 10 12 61 1111 1 10:00 11:00 0055 1 1220 0 _ _ 1 20140807135919 24
000000632012101 00000063 2012 10 19 61 1111 1 10:00 11:00 0055 1 1220 0 _ _ 1 20140807135919 24
000000632012101 00000063 2012 10 26 61 1111 1 10:00 11:00 0055 1 1220 0 _ _ 1 20140807135919 24
000000632012111 00000063 2012 11 02 61 1111 1 10:00 11:00 0055 1 1220 0 _ _ 1 20140807140208 24
000000632012111 00000063 2012 11 09 61 1111 1 10:00 11:00 0055 1 1220 0 _ _ 1 20140807140208 24
000000632012111 00000063 2012 11 16 61 1111 1 10:00 11:00 0055 1 1220 0 _ _ 1 20140807140208 24
000000632012111 00000063 2012 11 23 61 1111 1 10:00 11:00 0055 1 1220 0 _ _ 1 20140807140208 24
000000632012111 00000063 2012 11 30 61 1111 1 10:00 11:00 0055 1 1220 0 _ _ 1 20140807140208 24
000000632012121 00000063 2012 12 07 61 1111 1 10:00 11:00 0055 1 1220 0 _ _ 1 20140807140338 24
000000632012121 00000063 2012 12 14 61 1111 1 10:00 11:00 0055 1 1220 0 _ _ 1 20140807140338 24
000000632012121 00000063 2012 12 21 61 1111 1 10:00 11:00 0055 1 1220 0 _ _ 1 20140807140338 24
000000632012121 00000063 2012 12 28 61 1111 1 10:00 11:00 0055 1 1220 0 _ _ 1 20140807140338 24
000000632013011 00000063 2013 01 07 61 1111 1 10:00 11:00 0055 1 1220 0 _ _ 1 20140724111015 24
000000632013011 00000063 2013 01 11 61 1111 1 10:00 11:00 0055 1 1220 0 _ _ 1 20140724111015 24
000000632013011 00000063 2013 01 18 61 1111 1 10:00 11:00 0055 1 1220 0 _ _ 1 20140724111015 24
000000632013011 00000063 2013 01 25 61 1111 1 10:00 11:00 0055 1 1220 0 _ _ 1 20140724111015 24
000000632013021 00000063 2013 02 01 61 1111 1 10:00 11:00 0055 1 1220 0 _ _ 1 20140724111202 24
000000632013021 00000063 2013 02 08 61 1111 1 10:00 11:00 0055 1 1220 0 _ _ 1 20140724111202 24
000000632013021 00000063 2013 02 15 61 1111 1 10:00 11:00 0055 1 1220 0 _ _ 1 20140724111202 24
000000632013021 00000063 2013 02 22 61 1111 1 10:00 11:00 0055 1 1220 0 _ _ 1 20140724111202 24
000000632013031 00000063 2013 03 01 61 1111 1 10:00 11:00 0055 1 1220 0 _ _ 1 20140724111449 24
000000632013031 00000063 2013 03 08 61 1111 1 10:00 11:00 0055 1 1220 0 _ _ 1 20140724111449 24
000000632013031 00000063 2013 03 15 61 1111 1 10:00 11:00 0055 1 1220 0 _ _ 1 20140724111449 24
000000632013031 00000063 2013 03 22 61 1111 1 10:00 11:00 0055 1 1220 0 _ _ 1 20140724111449 24
000000632013031 00000063 2013 03 29 61 1111 1 10:00 11:00 0055 1 1220 0 _ _ 1 20140724111449 24
000000632013041 00000063 2013 04 05 61 1111 1 10:00 11:00 0055 1 1220 0 _ _ 1 20140724111602 24
000000632013041 00000063 2013 04 12 61 1111 1 10:00 11:00 0055 1 1220 0 _ _ 1 20140724111602 24
000000632013041 00000063 2013 04 19 61 1111 1 10:00 11:00 0055 1 1220 0 _ _ 1 20140724111602 24
000000632013041 00000063 2013 04 26 61 1111 1 10:00 11:00 0055 1 1220 0 _ _ 1 20140724111602 24
000000632013051 00000063 2013 05 03 61 1111 1 10:00 11:00 0055 1 1220 0 _ _ 1 20140724111941 24
000000632013051 00000063 2013 05 10 61 1111 1 10:00 11:00 0055 1 1220 0 _ _ 1 20140724111941 24
000000632013051 00000063 2013 05 16 61 1111 1 10:00 11:00 0055 1 1220 0 _ _ 1 20140724111941 24
000000632013051 00000063 2013 05 24 61 1111 1 10:00 11:00 0055 1 1220 0 _ _ 1 20140724111941 24
000000632013051 00000063 2013 05 31 61 1111 1 10:00 11:00 0055 1 1220 0 _ _ 1 20140724111941 24
000000632013052 00000063 2013 05 14 67 1009 1 _ _ 0045 1 300 0 _ _ 1 20140724111941 24
000000632013061 00000063 2013 06 07 61 1111 1 10:00 11:00 0055 1 1220 0 _ _ 1 20140724112155 24
000000632013061 00000063 2013 06 14 61 1111 1 10:00 11:00 0055 1 1220 0 _ _ 1 20140724112155 24
000000632013061 00000063 2013 06 21 61 1111 1 10:00 11:00 0055 1 1220 0 _ _ 1 20140724112155 24
000000632013061 00000063 2013 06 28 61 1111 1 10:00 11:00 0055 1 1220 0 _ _ 1 20140724112155 24
000000632013062 00000063 2013 06 01 67 1009 1 _ _ 0045 1 300 0 _ _ 1 20140724112155 24
000000632013071 00000063 2013 07 05 61 1111 1 10:00 11:00 0055 1 1220 0 _ _ 1 20140724112616 24
000000632013071 00000063 2013 07 19 61 1111 1 10:00 11:00 0055 1 1220 0 _ _ 1 20140724112616 24
000000632013071 00000063 2013 07 26 61 1111 1 10:00 11:00 0055 1 1220 0 _ _ 1 20140724112616 24
000000632013072 00000063 2013 07 11 61 1111 1 14:00 15:00 0055 1 1220 0 _ _ 1 20140724112616 24
000000632013073 00000063 2013 07 01 67 1009 1 _ _ 0045 1 300 0 _ _ 1 20140724112616 24
000000632013081 00000063 2013 08 01 61 1111 1 15:00 16:00 0055 1 1220 0 _ _ 1 20140724113810 24
000000632013081 00000063 2013 08 08 61 1111 1 15:00 16:00 0055 1 1220 0 _ _ 1 20140724113810 24
000000632013081 00000063 2013 08 15 61 1111 1 15:00 16:00 0055 1 1220 0 _ _ 1 20140724113810 24
000000632013081 00000063 2013 08 22 61 1111 1 15:00 16:00 0055 1 1220 0 _ _ 1 20140724113810 24
000000632013081 00000063 2013 08 29 61 1111 1 15:00 16:00 0055 1 1220 0 _ _ 1 20140724113810 24
000000632013082 00000063 2013 08 01 67 1009 1 _ _ 0045 1 300 0 _ _ 1 20140724113810 24
000000632013091 00000063 2013 09 06 61 1111 1 10:00 11:00 0055 1 1220 0 _ _ 1 20140626172157 24
000000632013091 00000063 2013 09 10 61 1111 1 10:00 11:00 0055 1 1220 0 _ _ 1 20140626172157 24
000000632013091 00000063 2013 09 20 61 1111 1 10:00 11:00 0055 1 1220 0 _ _ 1 20140626172157 24
000000632013091 00000063 2013 09 27 61 1111 1 10:00 11:00 0055 1 1220 0 _ _ 1 20140626172157 24
000000632013092 00000063 2013 09 01 67 1009 1 _ _ 0045 1 308 0 _ _ 1 20140626172157 24
000000632013101 00000063 2013 10 04 61 1111 1 10:00 11:00 0055 1 1220 0 _ _ 1 20140626172119 24
000000632013101 00000063 2013 10 11 61 1111 1 10:00 11:00 0055 1 1220 0 _ _ 1 20140626172119 24
000000632013101 00000063 2013 10 18 61 1111 1 10:00 11:00 0055 1 1220 0 _ _ 1 20140626172119 24
000000632013102 00000063 2013 10 01 67 1009 1 _ _ 0045 1 308 0 _ _ 1 20140626172119 24
000000632013111 00000063 2013 11 23 67 1009 1 _ _ 0045 1 150 0 _ _ 1 20140626172428 24
000000632013121 00000063 2013 12 13 61 1111 1 10:00 11:00 0055 1 1220 0 _ _ 1 20140626172835 24
000000632013121 00000063 2013 12 20 61 1111 1 10:00 11:00 0055 1 1220 0 _ _ 1 20140626172835 24
000000632013121 00000063 2013 12 28 61 1111 1 10:00 11:00 0055 1 1220 0 _ _ 1 20140626172835 24
000000632013122 00000063 2013 12 06 61 1111 1 15:00 16:00 0055 1 1220 0 _ _ 1 20140626172835 24
000000632013123 00000063 2013 12 01 67 1009 1 _ _ 0045 1 204 0 _ _ 1 20140626172835 24
000000632013124 00000063 2013 12 01 67 1009 1 _ _ 0045 1 308 0 _ _ 1 20140626172835 24
000000632014011 00000063 2014 01 03 61 1111 1 10:00 11:00 0055 1 1220 0 _ _ 1 20140618161140 78
000000632014011 00000063 2014 01 11 61 1111 1 10:00 11:00 0055 1 1220 0 _ _ 1 20140618161140 78
000000632014011 00000063 2014 01 18 61 1111 1 10:00 11:00 0055 1 1220 0 _ _ 1 20140618161140 78
000000632014011 00000063 2014 01 24 61 1111 1 10:00 11:00 0055 1 1220 0 _ _ 1 20140618161140 78
000000632014012 00000063 2014 01 01 67 1009 1 _ _ 0045 1 300 0 _ _ 1 20140618161140 78
000000632014013 00000063 2014 01 01 67 1009 1 _ _ 0045 1 200 0 _ _ 1 20140618161140 78
000000632014021 00000063 2014 02 01 61 1111 1 10:00 11:00 0055 1 1220 0 _ _ 1 20140618161214 78
000000632014021 00000063 2014 02 07 61 1111 1 10:00 11:00 0055 1 1220 0 _ _ 1 20140618161214 78
000000632014021 00000063 2014 02 15 61 1111 1 10:00 11:00 0055 1 1220 0 _ _ 1 20140618161214 78
000000632014021 00000063 2014 02 22 61 1111 1 10:00 11:00 0055 1 1220 0 _ _ 1 20140618161214 78
000000632014021 00000063 2014 02 28 61 1111 1 10:00 11:00 0055 1 1220 0 _ _ 1 20140618161214 78
000000632014022 00000063 2014 02 01 67 1009 1 _ _ 0045 1 300 0 _ _ 1 20140618161214 78
000000632014023 00000063 2014 02 01 67 1009 1 _ _ 0045 1 200 0 _ _ 1 20140618161214 78
000000632014031 00000063 2014 03 07 61 1111 1 10:00 11:00 0055 1 1220 0 _ _ 1 20140618161320 78
000000632014031 00000063 2014 03 15 61 1111 1 10:00 11:00 0055 1 1220 0 _ _ 1 20140618161320 78
000000632014031 00000063 2014 03 21 61 1111 1 10:00 11:00 0055 1 1220 0 _ _ 1 20140618161320 78
000000632014031 00000063 2014 03 29 61 1111 1 10:00 11:00 0055 1 1220 0 _ _ 1 20140618161320 78
000000632014032 00000063 2014 03 01 67 1009 1 _ _ 0045 1 300 0 _ _ 1 20140618161320 78
000000632014033 00000063 2014 03 01 67 1009 1 _ _ 0045 1 200 0 _ _ 1 20140618161320 78
000000632014041 00000063 2014 04 04 61 1111 1 10:00 11:00 0055 1 1226 0 _ _ 1 20140618161354 78
000000632014041 00000063 2014 04 11 61 1111 1 10:00 11:00 0055 1 1226 0 _ _ 1 20140618161354 78
000000632014041 00000063 2014 04 18 61 1111 1 10:00 11:00 0055 1 1226 0 _ _ 1 20140618161354 78
000000632014041 00000063 2014 04 25 61 1111 1 10:00 11:00 0055 1 1226 0 _ _ 1 20140618161354 78
000000632014042 00000063 2014 04 01 67 1009 1 _ _ 0045 1 308 0 _ _ 1 20140618161354 78
000000632014043 00000063 2014 04 01 67 1009 1 _ _ 0045 1 204 0 _ _ 1 20140618161354 78
000000632014051 00000063 2014 05 02 61 1111 1 10:00 11:00 0055 1 1226 0 _ _ 1 20140626195759 78
000000632014051 00000063 2014 05 09 61 1111 1 10:00 11:00 0055 1 1226 0 _ _ 1 20140626195759 78
000000632014051 00000063 2014 05 16 61 1111 1 10:00 11:00 0055 1 1226 0 _ _ 1 20140626195759 78
000000632014051 00000063 2014 05 23 61 1111 1 10:00 11:00 0055 1 1226 0 _ _ 1 20140626195759 78
000000632014051 00000063 2014 05 30 61 1111 1 10:00 11:00 0055 1 1226 0 _ _ 1 20140626195759 78
000000632014052 00000063 2014 05 01 67 1009 1 _ _ 0045 1 204 0 _ _ 1 20140626195759 78
000000632014053 00000063 2014 05 01 67 1009 1 _ _ 0045 1 308 0 _ _ 1 20140626195759 78
