00000035 2013 08 00030 1 20140722162018 00030
00000035 2013 09 00013 1 20140625175907 00030
00000035 2013 10 00013 1 20140625180046 00030
00000035 2013 11 00013 1 20140625180312 00030
00000035 2013 12 00013 1 20140625180525 00030
00000035 2014 01 00013 1 20140618155630 00078
00000035 2014 02 00013 1 20140618155659 00078
00000035 2014 03 00013 1 20140618155735 00078
00000035 2014 04 00013 1 20140618155810 00078
00000035 2014 05 00013 1 20140815170108 00030
00000035 2014 06 00030 1 20140701164803 00030
00000035 2014 07 00030 1 20140801153914 00030
00000035 2014 08 00030 1 20140817141218 00030
00000035 2014 09 00030 1 20140817145822 00030
