00000035 2013 08 1 1 00030 1 20140722161849 00030
00000035 2013 09 1 1 00013 1 20140625175721 00030
00000035 2013 10 1 1 00013 1 20140625180035 00030
00000035 2013 11 1 1 00013 1 20140625180253 00030
00000035 2013 12 1 1 00013 1 20140625180516 00030
00000035 2014 01 1 1 00013 1 20140618155620 00078
00000035 2014 02 1 1 00013 1 20140618155650 00078
00000035 2014 03 1 1 00013 1 20140618155720 00078
00000035 2014 04 1 1 00013 1 20140618155751 00078
00000035 2014 05 1 1 00013 1 20140815170058 00030
00000035 2014 06 1 1 00030 1 20140701164733 00030
00000035 2014 07 1 1 00030 1 20140801153802 00030
00000035 2014 08 1 _ 00030 1 20140817141111 00030
00000035 2014 09 1 _ 00030 1 20140817145735 00030
