00000095 0070 2014 01 1 1 20140616142309 00034
00000095 0070 2014 02 1 1 20140616142956 00034
00000095 0070 2014 03 1 1 20140616143613 00034
00000095 0070 2014 04 1 1 20140616144241 00034
00000095 0070 2014 05 1 1 20140818143650 00034
00000095 0070 2014 06 1 1 20140701101505 00078
00000095 0070 2014 07 _ 1 20140804102213 25
00000095 0070 2014 08 _ 1 20140814171301 00038
00000095 0073 2013 08 1 1 20140728111722 00034
00000095 0073 2013 09 1 1 20140630111905 00034
00000095 0073 2013 10 1 1 20140630113026 00034
00000095 0073 2013 11 1 1 20140630113852 00034
00000095 0073 2013 12 1 1 20140630114348 00034
