00000160 2014 02 01 17:00 17:59 11 1211 0070 10.84 1 402 1 20140617193627 00034
00000160 2014 02 05 16:45 17:44 11 1211 0070 10.84 1 402 1 20140617193627 00034
00000160 2014 02 09 17:00 17:59 11 1211 0070 10.84 1 402 1 20140617193627 00034
00000160 2014 02 12 17:00 17:59 11 1211 0070 10.84 1 402 1 20140617193627 00034
00000160 2014 02 15 17:00 17:59 11 1211 0070 10.84 1 402 1 20140617193627 00034
00000160 2014 02 19 17:00 17:59 11 1211 0070 10.84 1 402 1 20140617193627 00034
00000160 2014 02 22 17:00 17:59 11 1211 0070 10.84 1 402 1 20140617193627 00034
00000160 2014 02 26 17:00 17:59 11 1211 0070 10.84 1 402 1 20140617193627 00034
00000160 2014 03 01 17:00 18:15 11 5111 0070 10.84 1 472 1 20140617194308 00034
00000160 2014 03 05 17:00 18:15 11 5111 0070 10.84 1 472 1 20140617194308 00034
00000160 2014 03 08 17:00 18:15 11 5111 0070 10.84 1 472 1 20140617194308 00034
00000160 2014 03 12 17:00 18:15 11 5111 0070 10.84 1 472 1 20140617194308 00034
00000160 2014 03 15 17:00 18:15 11 5111 0070 10.84 1 472 1 20140617194308 00034
00000160 2014 03 19 17:00 18:15 11 5111 0070 10.84 1 472 1 20140617194308 00034
00000160 2014 03 22 17:00 18:15 11 5111 0070 10.84 1 472 1 20140617194308 00034
00000160 2014 03 26 17:00 18:15 11 5111 0070 10.84 1 472 1 20140617194308 00034
00000160 2014 03 29 17:00 18:15 11 5111 0070 10.84 1 472 1 20140617194308 00034
00000160 2014 04 02 17:00 18:15 11 5111 0070 10.84 1 474 1 20140617194822 00034
00000160 2014 04 05 17:00 18:15 11 5111 0070 10.84 1 474 1 20140617194822 00034
00000160 2014 04 09 17:00 18:15 11 5111 0070 10.84 1 474 1 20140617194822 00034
00000160 2014 04 12 17:00 18:15 11 5111 0070 10.84 1 474 1 20140617194822 00034
00000160 2014 04 16 17:00 18:15 11 5111 0070 10.84 1 474 1 20140617194822 00034
00000160 2014 04 19 17:00 18:15 11 5111 0070 10.84 1 474 1 20140617194822 00034
00000160 2014 04 23 17:00 18:15 11 5111 0070 10.84 1 474 1 20140617194822 00034
00000160 2014 04 26 17:00 18:15 11 5111 0070 10.84 1 474 1 20140617194822 00034
00000160 2014 04 30 17:00 18:15 11 5111 0070 10.84 1 474 1 20140617194822 00034
00000160 2014 05 03 17:00 18:15 11 5111 0070 10.84 1 474 1 20140818175132 00034
00000160 2014 05 07 17:00 18:15 11 5111 0070 10.84 1 474 1 20140818175132 00034
00000160 2014 05 10 17:00 18:15 11 5111 0070 10.84 1 474 1 20140818175132 00034
00000160 2014 05 14 17:00 18:15 11 5111 0070 10.84 1 474 1 20140818175132 00034
00000160 2014 05 17 17:00 18:15 11 5111 0070 10.84 1 474 1 20140818175132 00034
00000160 2014 05 21 17:00 18:15 11 5111 0070 10.84 1 474 1 20140818175132 00034
00000160 2014 05 24 17:00 18:15 11 5111 0070 10.84 1 474 1 20140818175132 00034
00000160 2014 05 28 17:00 18:15 11 5111 0070 10.84 1 474 1 20140818175132 00034
00000160 2014 05 31 17:00 18:15 11 5111 0070 10.84 1 474 1 20140818175132 00034
00000160 2014 06 04 17:00 18:14 11 5111 0070 10.84 1 474 1 20140701114300 00034
00000160 2014 06 07 17:00 18:14 11 5111 0070 10.84 1 474 1 20140701114300 00034
00000160 2014 06 11 17:00 18:14 11 5111 0070 10.84 1 474 1 20140701114300 00034
00000160 2014 06 14 17:00 18:14 11 5111 0070 10.84 1 474 1 20140701114300 00034
00000160 2014 06 18 17:00 18:14 11 5111 0070 10.84 1 474 1 20140701114300 00034
00000160 2014 06 21 17:00 18:14 11 5111 0070 10.84 1 474 1 20140701114300 00034
00000160 2014 06 25 17:00 18:14 11 5111 0070 10.84 1 474 1 20140701114300 00034
00000160 2014 06 28 17:00 18:14 11 5111 0070 10.84 1 474 1 20140701114300 00034
00000160 2014 07 02 17:00 18:14 11 5111 0070 10.84 1 474 1 20140731103558 00035
00000160 2014 07 05 17:00 18:14 11 5111 0070 10.84 1 474 1 20140731103558 00035
00000160 2014 07 09 17:00 18:14 11 5111 0070 10.84 1 474 1 20140731103558 00035
00000160 2014 07 12 17:00 18:14 11 5111 0070 10.84 1 474 1 20140731103558 00035
00000160 2014 07 16 17:00 18:14 11 5111 0070 10.84 1 474 1 20140731103558 00035
00000160 2014 07 19 17:00 18:14 11 5111 0070 10.84 1 474 1 20140731103558 00035
00000160 2014 07 23 17:00 18:14 11 5111 0070 10.84 1 474 1 20140731103558 00035
00000160 2014 07 26 17:00 18:14 11 5111 0070 10.84 1 474 1 20140731103558 00035
00000160 2014 07 30 17:00 18:14 11 5111 0070 10.84 1 474 1 20140731103558 00035
00000160 2014 08 02 17:00 18:14 11 5111 0070 10.84 1 474 1 20140829203047 00038
00000160 2014 08 06 17:00 18:14 11 5111 0070 10.84 1 474 1 20140829203047 00038
00000160 2014 09 10 17:00 18:14 11 5111 0070 10.84 1 474 1 20140927190058 00038
00000160 2014 09 13 17:00 18:14 11 5111 0070 10.84 1 474 1 20140927190058 00038
00000160 2014 09 17 17:00 18:14 11 5111 0070 10.84 1 474 1 20140927190058 00038
00000160 2014 09 20 17:00 18:14 11 5111 0070 10.84 1 474 1 20140927190058 00038
00000160 2014 09 24 17:00 18:14 11 5111 0070 10.84 1 474 1 20140927190058 00038
00000160 2014 10 01 17:00 18:14 11 5111 0070 10.84 1 474 1 20141029204550 00038
00000160 2014 10 04 17:00 18:14 11 5111 0070 10.84 1 474 1 20141029204550 00038
00000160 2014 10 08 17:00 18:14 11 5111 0070 10.84 1 474 1 20141029204550 00038
00000160 2014 10 11 17:00 18:14 11 5111 0070 10.84 1 474 1 20141029204550 00038
00000160 2014 10 15 17:00 18:14 11 5111 0070 10.84 1 474 1 20141029204550 00038
00000160 2014 10 18 17:00 18:14 11 5111 0070 10.84 1 474 1 20141029204550 00038
00000160 2014 10 22 17:00 18:14 11 5111 0070 10.84 1 474 1 20141029204550 00038
00000160 2014 10 25 17:00 18:14 11 5111 0070 10.84 1 474 1 20141029204550 00038
00000160 2014 10 29 17:00 18:14 11 5111 0070 10.84 1 474 1 20141029204550 00038
00000160 2014 11 01 17:00 18:14 11 5111 0070 10.84 1 474 1 20141127185730 00038
00000160 2014 11 05 17:00 18:14 11 5111 0070 10.84 1 474 1 20141127185730 00038
00000160 2014 11 08 17:00 18:14 11 5111 0070 10.84 1 474 1 20141127185730 00038
