000000592014061 00000059 2014 06 04 15 2242 1 13:30 16:45 0053 1 460 0 _ _ 1 20140703191101 27
000000592014061 00000059 2014 06 11 15 2242 1 13:30 16:45 0053 1 460 0 _ _ 1 20140703191101 27
000000592014061 00000059 2014 06 18 15 2242 1 13:30 16:45 0053 1 460 0 _ _ 1 20140703191101 27
000000592014061 00000059 2014 06 25 15 2242 1 13:30 16:45 0053 1 460 0 _ _ 1 20140703191101 27
000000592014062 00000059 2014 06 04 15 5052 1 _ _ 0053 1 50 0 _ _ 1 20140703191101 27
000000592014062 00000059 2014 06 11 15 5052 1 _ _ 0053 1 50 0 _ _ 1 20140703191101 27
000000592014062 00000059 2014 06 18 15 5052 1 _ _ 0053 1 50 0 _ _ 1 20140703191101 27
000000592014062 00000059 2014 06 25 15 5052 1 _ _ 0053 1 50 0 _ _ 1 20140703191101 27
000000592014063 00000059 2014 06 04 15 6102 1 _ _ 0053 1 6 0 _ _ 1 20140703191101 27
000000592014063 00000059 2014 06 11 15 6102 1 _ _ 0053 1 6 0 _ _ 1 20140703191101 27
000000592014063 00000059 2014 06 18 15 6102 1 _ _ 0053 1 6 0 _ _ 1 20140703191101 27
000000592014063 00000059 2014 06 25 15 6102 1 _ _ 0053 1 6 0 _ _ 1 20140703191101 27
000000592014064 00000059 2014 06 28 11 1211 1 12:00 12:59 0089 1 404 0 _ _ 1 20140703191101 27
000000592014065 00000059 2014 06 02 11 1211 1 13:30 14:29 0089 1 404 0 _ _ 1 20140703191101 27
000000592014065 00000059 2014 06 09 11 1211 1 13:30 14:29 0089 1 404 0 _ _ 1 20140703191101 27
000000592014065 00000059 2014 06 16 11 1211 1 13:30 14:29 0089 1 404 0 _ _ 1 20140703191101 27
000000592014065 00000059 2014 06 23 11 1211 1 13:30 14:29 0089 1 404 0 _ _ 1 20140703191101 27
000000592014065 00000059 2014 06 30 11 1211 1 13:30 14:29 0089 1 404 0 _ _ 1 20140703191101 27
000000592014066 00000059 2014 06 05 11 1211 1 14:00 14:59 0089 1 404 0 _ _ 1 20140703191101 27
000000592014066 00000059 2014 06 07 11 1211 1 14:00 14:59 0089 1 404 0 _ _ 1 20140703191101 27
000000592014066 00000059 2014 06 12 11 1211 1 14:00 14:59 0089 1 404 0 _ _ 1 20140703191101 27
000000592014066 00000059 2014 06 14 11 1211 1 14:00 14:59 0089 1 404 0 _ _ 1 20140703191101 27
000000592014066 00000059 2014 06 19 11 1211 1 14:00 14:59 0089 1 404 0 _ _ 1 20140703191101 27
000000592014066 00000059 2014 06 21 11 1211 1 14:00 14:59 0089 1 404 0 _ _ 1 20140703191101 27
000000592014066 00000059 2014 06 26 11 1211 1 14:00 14:59 0089 1 404 0 _ _ 1 20140703191101 27
000000592014066 00000059 2014 06 27 11 1211 1 14:00 14:59 0089 1 404 0 _ _ 1 20140703191101 27
000000592014067 00000059 2014 06 20 11 7311 1 14:30 15:29 0089 1 236 0 _ _ 1 20140703191101 27
000000592014068 00000059 2014 06 06 11 7311 1 14:40 15:39 0089 1 236 0 _ _ 1 20140703191101 27
000000592014068 00000059 2014 06 13 11 7311 1 14:40 15:39 0089 1 236 0 _ _ 1 20140703191101 27
000000592014069 00000059 2014 06 01 17 1009 1 _ _ 0033 1 400 0 _ _ 1 20140703191101 27
000000592014071 00000059 2014 07 02 15 2242 1 13:30 16:45 0053 1 460 0 _ _ 1 20140803100447 27
000000592014071 00000059 2014 07 09 15 2242 1 13:30 16:45 0053 1 460 0 _ _ 1 20140803100447 27
000000592014071 00000059 2014 07 23 15 2242 1 13:30 16:45 0053 1 460 0 _ _ 1 20140803100447 27
000000592014071 00000059 2014 07 30 15 2242 1 13:30 16:45 0053 1 460 0 _ _ 1 20140803100447 27
000000592014072 00000059 2014 07 02 15 5052 1 _ _ 0053 1 50 0 _ _ 1 20140803100447 27
000000592014072 00000059 2014 07 09 15 5052 1 _ _ 0053 1 50 0 _ _ 1 20140803100447 27
000000592014072 00000059 2014 07 23 15 5052 1 _ _ 0053 1 50 0 _ _ 1 20140803100447 27
000000592014072 00000059 2014 07 30 15 5052 1 _ _ 0053 1 50 0 _ _ 1 20140803100447 27
000000592014073 00000059 2014 07 02 15 6102 1 _ _ 0053 1 6 0 _ _ 1 20140803100447 27
000000592014073 00000059 2014 07 09 15 6102 1 _ _ 0053 1 6 0 _ _ 1 20140803100447 27
000000592014073 00000059 2014 07 23 15 6102 1 _ _ 0053 1 6 0 _ _ 1 20140803100447 27
000000592014073 00000059 2014 07 30 15 6102 1 _ _ 0053 1 6 0 _ _ 1 20140803100447 27
000000592014074 00000059 2014 07 12 11 1211 1 12:00 12:59 0089 1 404 0 _ _ 1 20140803100447 27
000000592014075 00000059 2014 07 07 11 1211 1 13:30 14:29 0089 1 404 0 _ _ 1 20140803100447 27
000000592014075 00000059 2014 07 14 11 1211 1 13:30 14:29 0089 1 404 0 _ _ 1 20140803100447 27
000000592014075 00000059 2014 07 21 11 1211 1 13:30 14:29 0089 1 404 0 _ _ 1 20140803100447 27
000000592014075 00000059 2014 07 28 11 1211 1 13:30 14:29 0089 1 404 0 _ _ 1 20140803100447 27
000000592014076 00000059 2014 07 03 11 1211 1 14:00 14:59 0089 1 404 0 _ _ 1 20140803100447 27
000000592014076 00000059 2014 07 05 11 1211 1 14:00 14:59 0089 1 404 0 _ _ 1 20140803100447 27
000000592014076 00000059 2014 07 10 11 1211 1 14:00 14:59 0089 1 404 0 _ _ 1 20140803100447 27
000000592014076 00000059 2014 07 17 11 1211 1 14:00 14:59 0089 1 404 0 _ _ 1 20140803100447 27
000000592014076 00000059 2014 07 19 11 1211 1 14:00 14:59 0089 1 404 0 _ _ 1 20140803100447 27
000000592014076 00000059 2014 07 26 11 1211 1 14:00 14:59 0089 1 404 0 _ _ 1 20140803100447 27
000000592014076 00000059 2014 07 31 11 1211 1 14:00 14:59 0089 1 404 0 _ _ 1 20140803100447 27
000000592014077 00000059 2014 07 04 11 7311 1 14:00 14:59 0089 1 236 0 _ _ 1 20140803100447 27
000000592014078 00000059 2014 07 24 11 1211 1 14:10 15:09 0089 1 404 0 _ _ 1 20140803100447 27
000000592014079 00000059 2014 07 18 11 1211 1 14:40 15:39 0089 1 404 0 _ _ 1 20140803100447 27
