1 00000090 2013 06 11 0070 グランクレール・ケアサービス横浜 1211 身体介護２ 402 0 402 7 2814 0 2814 2814 0 10.84 30503 90 27452 3051 0 n n 0 1 20140725182947 00034
1 00000090 2013 07 11 0070 グランクレール・ケアサービス横浜 1211 身体介護２ 402 0 402 9 3618 0 3618 3618 0 10.84 39219 90 35297 3922 0 n n 0 1 20140725184137 00034
1 00000090 2013 08 11 0070 グランクレール・ケアサービス横浜 1211 身体介護２ 402 0 402 6 2412 0 2412 2412 0 10.84 26146 90 23531 2615 0 n n 0 1 20140728101912 00034
1 00000090 2013 09 11 0070 グランクレール・ケアサービス横浜 1311 身体介護３ 584 0 584 9 5256 0 5256 5256 0 10.84 56975 90 51277 5698 0 n n 0 1 20140627181237 00034
1 00000090 2013 10 11 0070 グランクレール・ケアサービス横浜 1311 身体介護３ 584 0 584 9 5256 0 5256 5256 0 10.84 56975 90 51277 5698 0 n n 0 1 20140627182056 00034
1 00000090 2013 11 11 0070 グランクレール・ケアサービス横浜 1311 身体介護３ 584 0 584 8 4672 0 4672 4672 0 10.84 50644 90 45579 5065 0 n n 0 1 20140627182935 00034
1 00000090 2013 12 11 0070 グランクレール・ケアサービス横浜 1311 身体介護３ 584 0 584 9 5256 0 5256 5256 0 10.84 56975 90 51277 5698 0 n n 0 1 20140627183800 00034
1 00000090 2014 01 11 0070 グランクレール・ケアサービス横浜 1311 身体介護３ 584 0 584 8 4672 0 4672 4672 0 10.84 50644 90 45579 5065 0 n n 0 1 20140616110053 00034
1 00000090 2014 02 11 0070 グランクレール・ケアサービス横浜 1311 身体介護３ 584 0 584 7 4088 0 4088 4088 0 10.84 44313 90 39881 4432 0 n n 0 1 20140616112245 00034
1 00000090 2014 03 11 0070 グランクレール・ケアサービス横浜 1311 身体介護３ 584 0 584 13 7592 0 7592 7592 0 10.84 82297 90 74067 8230 0 n n 0 1 20140616115851 00034
1 00000090 2014 04 11 0070 グランクレール・ケアサービス横浜 1311 身体介護３ 587 0 587 8 4696 0 4696 4696 0 10.84 50904 90 45813 5091 0 n n 0 1 20140616122534 00034
1 00000090 2014 05 11 0070 グランクレール・ケアサービス横浜 1311 身体介護３ 587 0 587 9 5283 0 5283 5283 0 10.84 57267 90 51540 5727 0 n n 0 1 20140818122507 00034
1 00000090 2014 06 11 0070 グランクレール・ケアサービス横浜 4111 身体１生活１ 325 0 325 13 4225 0 4225 4225 0 10.84 45799 90 41219 4580 0 n n 0 1 20140731181000 00038
1 00000090 2014 07 11 0070 グランクレール・ケアサービス横浜 4111 身体１生活１ 325 0 325 14 4550 0 4550 4550 0 10.84 49322 90 44389 4933 0 n n 0 1 20140731160732 00037
1 00000090 2014 08 11 0070 グランクレール・ケアサービス横浜 4111 身体１生活１ 325 0 325 17 5525 0 5525 5525 0 10.84 59891 90 53901 5990 0 n n 0 1 20140831185849 00035
1 00000090 2014 09 11 0070 グランクレール・ケアサービス横浜 4111 身体１生活１ 325 0 325 18 5850 0 5850 5850 0 10.84 63414 90 57072 6342 0 n n 0 1 20140930211120 00035
1 00000090 2014 10 11 0070 グランクレール・ケアサービス横浜 4111 身体１生活１ 325 0 325 18 5850 0 5850 5850 0 10.84 63414 90 57072 6342 0 n n 0 1 20141031200149 00038
1 00000090 2014 11 11 0070 グランクレール・ケアサービス横浜 4111 身体１生活１ 325 0 325 17 5525 0 5525 5525 0 10.84 59891 90 53901 5990 0 n n 0 1 20141130184108 00037
1 00000090 2014 12 11 0070 グランクレール・ケアサービス横浜 4111 身体１生活１ 325 0 325 19 6175 0 6175 6175 0 10.84 66937 90 60243 6694 0 n n 0 1 20141208145828 00171
2 00000090 2013 06 11 0070 グランクレール・ケアサービス横浜 7311 生活援助３ 235 0 235 3 705 0 705 705 0 10.84 7642 90 6877 765 0 n n 0 1 20140725182947 00034
2 00000090 2013 07 11 0070 グランクレール・ケアサービス横浜 7311 生活援助３ 235 0 235 5 1175 0 1175 1175 0 10.84 12737 90 11463 1274 0 n n 0 1 20140725184137 00034
2 00000090 2013 08 11 0070 グランクレール・ケアサービス横浜 1311 身体介護３ 584 0 584 2 1168 0 1168 1168 0 10.84 12661 90 11394 1267 0 n n 0 1 20140728101912 00034
2 00000090 2013 09 11 0070 グランクレール・ケアサービス横浜 7311 生活援助３ 235 0 235 4 940 0 940 940 0 10.84 10189 90 9170 1019 0 n n 0 1 20140627181237 00034
2 00000090 2013 10 11 0070 グランクレール・ケアサービス横浜 7311 生活援助３ 235 0 235 5 1175 0 1175 1175 0 10.84 12737 90 11463 1274 0 n n 0 1 20140627182056 00034
2 00000090 2013 11 11 0070 グランクレール・ケアサービス横浜 7311 生活援助３ 235 0 235 4 940 0 940 940 0 10.84 10189 90 9170 1019 0 n n 0 1 20140627182935 00034
2 00000090 2013 12 11 0070 グランクレール・ケアサービス横浜 7311 生活援助３ 235 0 235 7 1645 0 1645 1645 0 10.84 17831 90 16047 1784 0 n n 0 1 20140627183800 00034
2 00000090 2014 01 11 0070 グランクレール・ケアサービス横浜 7311 生活援助３ 235 0 235 8 1880 0 1880 1880 0 10.84 20379 90 18341 2038 0 n n 0 1 20140616110053 00034
2 00000090 2014 02 11 0070 グランクレール・ケアサービス横浜 6111 身体３生活１ 654 0 654 1 654 0 654 654 0 10.84 7089 90 6380 709 0 n g 0 1 20140616112245 00034
2 00000090 2014 03 11 0070 グランクレール・ケアサービス横浜 5111 身体２生活１ 472 0 472 4 1888 0 1888 1888 0 10.84 20465 90 18418 2047 0 n n 0 1 20140616115851 00034
2 00000090 2014 04 11 0070 グランクレール・ケアサービス横浜 5111 身体２生活１ 474 0 474 2 948 0 948 948 0 10.84 10276 90 9248 1028 0 n n 0 1 20140616122534 00034
2 00000090 2014 05 11 0070 グランクレール・ケアサービス横浜 4111 身体１生活１ 325 0 325 4 1300 0 1300 1300 0 10.84 14092 90 12682 1410 0 n n 0 1 20140818122507 00034
2 00000090 2014 06 11 0070 グランクレール・ケアサービス横浜 4112 身体１生活１・夜 406 0 406 5 2030 0 2030 2030 0 10.84 22005 90 19804 2201 0 n n 0 1 20140731181000 00038
2 00000090 2014 07 11 0070 グランクレール・ケアサービス横浜 4112 身体１生活１・夜 406 0 406 4 1624 0 1624 1624 0 10.84 17604 90 15843 1761 0 n n 0 1 20140731160732 00037
2 00000090 2014 08 11 0070 グランクレール・ケアサービス横浜 6111 身体３生活１ 657 0 657 13 8541 0 8541 8541 0 10.84 92584 90 83325 9259 0 n g 0 1 20140831185849 00035
2 00000090 2014 09 11 0070 グランクレール・ケアサービス横浜 6111 身体３生活１ 657 0 657 13 8541 0 8541 8541 0 10.84 92584 90 83325 9259 0 n g 0 1 20140930211120 00035
2 00000090 2014 10 11 0070 グランクレール・ケアサービス横浜 6111 身体３生活１ 657 0 657 12 7884 0 7884 7884 0 10.84 85462 90 76915 8547 0 n g 0 1 20141031200149 00038
2 00000090 2014 11 11 0070 グランクレール・ケアサービス横浜 6111 身体３生活１ 657 0 657 13 8541 0 8541 8541 0 10.84 92584 90 83325 9259 0 n g 0 1 20141130184108 00037
2 00000090 2014 12 11 0070 グランクレール・ケアサービス横浜 6111 身体３生活１ 657 0 657 13 8541 0 8541 8541 0 10.84 92584 90 83325 9259 0 n g 0 1 20141208145828 00171
3 00000090 2013 06 11 0070 グランクレール・ケアサービス横浜 6271 訪問介護処遇改善加算Ⅰ 141 0 141 1 141 141 0.04 141 0 10.84 1528 90 1375 153 0 a g 0 1 20140725182947 00034
3 00000090 2013 07 11 0070 グランクレール・ケアサービス横浜 6271 訪問介護処遇改善加算Ⅰ 192 0 192 1 192 192 0.04 192 0 10.84 2081 90 1872 209 0 a g 0 1 20140725184137 00034
3 00000090 2013 08 11 0070 グランクレール・ケアサービス横浜 5111 身体２生活１ 472 0 472 1 472 0 472 472 0 10.84 5116 90 4604 512 0 n n 0 1 20140728101912 00034
3 00000090 2013 09 11 0070 グランクレール・ケアサービス横浜 6271 訪問介護処遇改善加算Ⅰ 248 0 248 1 248 248 0.04 248 0 10.84 2688 90 2419 269 0 a g 0 1 20140627181237 00034
3 00000090 2013 10 11 0070 グランクレール・ケアサービス横浜 6271 訪問介護処遇改善加算Ⅰ 257 0 257 1 257 257 0.04 257 0 10.84 2785 90 2506 279 0 a g 0 1 20140627182056 00034
3 00000090 2013 11 11 0070 グランクレール・ケアサービス横浜 6271 訪問介護処遇改善加算Ⅰ 224 0 224 1 224 224 0.04 224 0 10.84 2428 90 2185 243 0 a g 0 1 20140627182935 00034
3 00000090 2013 12 11 0070 グランクレール・ケアサービス横浜 6271 訪問介護処遇改善加算Ⅰ 276 0 276 1 276 276 0.04 276 0 10.84 2991 90 2691 300 0 a g 0 1 20140627183800 00034
3 00000090 2014 01 11 0070 グランクレール・ケアサービス横浜 6271 訪問介護処遇改善加算Ⅰ 262 0 262 1 262 262 0.04 262 0 10.84 2840 90 2556 284 0 a g 0 1 20140616110053 00034
3 00000090 2014 02 11 0070 グランクレール・ケアサービス横浜 7311 生活援助３ 235 0 235 7 1645 0 1645 1645 0 10.84 17831 90 16047 1784 0 n n 0 1 20140616112245 00034
3 00000090 2014 03 11 0070 グランクレール・ケアサービス横浜 7311 生活援助３ 235 0 235 9 2115 0 2115 2115 0 10.84 22926 90 20633 2293 0 n n 0 1 20140616115851 00034
3 00000090 2014 04 11 0070 グランクレール・ケアサービス横浜 7311 生活援助３ 236 0 236 6 1416 0 1416 1416 0 10.84 15349 90 13814 1535 0 n n 0 1 20140616122534 00034
3 00000090 2014 05 11 0070 グランクレール・ケアサービス横浜 4112 身体１生活１・夜 406 0 406 2 812 0 812 812 0 10.84 8802 90 7921 881 0 n n 0 1 20140818122507 00034
3 00000090 2014 06 11 0070 グランクレール・ケアサービス横浜 6111 身体３生活１ 657 0 657 12 7884 0 7884 7884 0 10.84 85462 90 76915 8547 0 n g 0 1 20140731181000 00038
3 00000090 2014 07 11 0070 グランクレール・ケアサービス横浜 6111 身体３生活１ 657 0 657 13 8541 0 8541 8541 0 10.84 92584 90 83325 9259 0 n g 0 1 20140731160732 00037
3 00000090 2014 08 11 0070 グランクレール・ケアサービス横浜 7311 生活援助３ 236 0 236 18 4248 0 4248 4248 0 10.84 46048 90 41443 4605 0 n n 0 1 20140831185849 00035
3 00000090 2014 09 11 0070 グランクレール・ケアサービス横浜 7311 生活援助３ 236 0 236 17 4012 0 4012 4012 0 10.84 43490 90 39141 4349 0 n n 0 1 20140930211120 00035
3 00000090 2014 10 11 0070 グランクレール・ケアサービス横浜 7311 生活援助３ 236 0 236 19 4484 0 4484 4484 0 10.84 48606 90 43745 4861 0 n n 0 1 20141031200149 00038
3 00000090 2014 11 11 0070 グランクレール・ケアサービス横浜 7311 生活援助３ 236 0 236 17 4012 0 4012 4012 0 10.84 43490 90 39141 4349 0 n n 0 1 20141130184108 00037
3 00000090 2014 12 11 0070 グランクレール・ケアサービス横浜 7311 生活援助３ 236 0 236 20 4720 0 4720 4720 0 10.84 51164 90 46047 5117 0 n n 0 1 20141208145828 00171
4 00000090 2013 08 11 0070 グランクレール・ケアサービス横浜 7311 生活援助３ 235 0 235 4 940 0 940 940 0 10.84 10189 90 9170 1019 0 n n 0 1 20140728101912 00034
4 00000090 2014 02 11 0070 グランクレール・ケアサービス横浜 6271 訪問介護処遇改善加算Ⅰ 255 0 255 1 255 255 0.04 255 0 10.84 2764 90 2487 277 0 a g 0 1 20140616112245 00034
4 00000090 2014 03 11 0070 グランクレール・ケアサービス横浜 6271 訪問介護処遇改善加算Ⅰ 464 0 464 1 464 464 0.04 464 0 10.84 5029 90 4526 503 0 a g 0 1 20140616115851 00034
4 00000090 2014 04 11 0070 グランクレール・ケアサービス横浜 6271 訪問介護処遇改善加算Ⅰ 282 0 282 1 282 282 0.04 282 0 10.84 3056 90 2750 306 0 a g 0 1 20140616122534 00034
4 00000090 2014 05 11 0070 グランクレール・ケアサービス横浜 6111 身体３生活１ 657 0 657 1 657 0 657 657 0 10.84 7121 90 6408 713 0 n g 0 1 20140818122507 00034
4 00000090 2014 06 11 0070 グランクレール・ケアサービス横浜 7311 生活援助３ 236 0 236 14 3304 0 3304 3304 0 10.84 35815 90 32233 3582 0 n n 0 1 20140731181000 00038
4 00000090 2014 07 11 0070 グランクレール・ケアサービス横浜 7311 生活援助３ 236 0 236 18 4248 0 4248 4248 0 10.84 46048 90 41443 4605 0 n n 0 1 20140731160732 00037
4 00000090 2014 08 11 0070 グランクレール・ケアサービス横浜 6271 訪問介護処遇改善加算Ⅰ 733 0 733 1 733 733 0.04 733 0 10.84 7945 90 7150 795 0 a g 0 1 20140831185849 00035
4 00000090 2014 09 11 0070 グランクレール・ケアサービス横浜 6271 訪問介護処遇改善加算Ⅰ 736 0 736 1 736 736 0.04 736 0 10.84 7978 90 7180 798 0 a g 0 1 20140930211120 00035
4 00000090 2014 10 11 0070 グランクレール・ケアサービス横浜 6271 訪問介護処遇改善加算Ⅰ 729 0 729 1 729 729 0.04 729 0 10.84 7902 90 7111 791 0 a g 0 1 20141031200149 00038
4 00000090 2014 11 11 0070 グランクレール・ケアサービス横浜 6271 訪問介護処遇改善加算Ⅰ 723 0 723 1 723 723 0.04 723 0 10.84 7837 90 7053 784 0 a g 0 1 20141130184108 00037
4 00000090 2014 12 11 0070 グランクレール・ケアサービス横浜 6271 訪問介護処遇改善加算Ⅰ 777 0 777 1 777 777 0.04 777 0 10.84 8422 90 7579 843 0 a g 0 1 20141208145828 00171
5 00000090 2013 08 11 0070 グランクレール・ケアサービス横浜 6271 訪問介護処遇改善加算Ⅰ 200 0 200 1 200 200 0.04 200 0 10.84 2168 90 1951 217 0 a g 0 1 20140728101912 00034
5 00000090 2014 05 11 0070 グランクレール・ケアサービス横浜 7311 生活援助３ 236 0 236 11 2596 0 2596 2596 0 10.84 28140 90 25326 2814 0 n n 0 1 20140818122507 00034
5 00000090 2014 06 11 0070 グランクレール・ケアサービス横浜 6271 訪問介護処遇改善加算Ⅰ 698 0 698 1 698 698 0.04 698 0 10.84 7566 90 6809 757 0 a g 0 1 20140731181000 00038
5 00000090 2014 07 11 0070 グランクレール・ケアサービス横浜 6271 訪問介護処遇改善加算Ⅰ 759 0 759 1 759 759 0.04 759 0 10.84 8227 90 7404 823 0 a g 0 1 20140731160732 00037
6 00000090 2014 05 11 0070 グランクレール・ケアサービス横浜 6271 訪問介護処遇改善加算Ⅰ 426 0 426 1 426 426 0.04 426 0 10.84 4617 90 4155 462 0 a g 0 1 20140818122507 00034
