00001249 2015 04 05 09:00 10:10 61 1114 0073 11.05 1 1051 1 20150410180708 00241
00001249 2015 04 05 20:00 21:00 61 1111 0073 11.05 1 1168 1 20150410180708 00241
00001249 2015 04 06 09:00 10:10 61 1114 0073 11.05 1 1051 1 20150410180708 00241
00001249 2015 04 09 20:00 21:00 61 1111 0073 11.05 1 1168 1 20150410180708 00241
00001249 2015 04 12 09:00 10:10 61 1114 0073 11.05 1 1051 1 20150410180708 00241
00001249 2015 04 14 09:00 10:10 61 1114 0073 11.05 1 1051 1 20150410180708 00241
00001249 2015 04 19 09:00 10:10 61 1114 0073 11.05 1 1051 1 20150410180708 00241
00001249 2015 04 19 20:00 21:00 61 1111 0073 11.05 1 1168 1 20150410180708 00241
00001249 2015 04 22 09:00 10:10 61 1114 0073 11.05 1 1051 1 20150410180708 00241
00001249 2015 04 23 20:00 21:00 61 1111 0073 11.05 1 1168 1 20150410180708 00241
00001249 2015 04 26 09:00 10:10 61 1114 0073 11.05 1 1051 1 20150410180708 00241
00001249 2015 04 28 09:00 10:10 61 1114 0073 11.05 1 1051 1 20150410180708 00241
