00001249 0073 2015 04 0000002 05 00016 _ 09:00 10:10 _ _ 0 1114 1 61 1 20150410180708 00241
00001249 0073 2015 04 0000003 05 00014 _ 20:00 21:00 _ _ 0 1111 1 61 1 20150410180708 00241
00001249 0073 2015 04 0000004 06 00011 _ 09:00 10:10 _ _ 0 1114 1 61 1 20150410180708 00241
00001249 0073 2015 04 0000005 09 00039 _ 20:00 21:00 _ _ 0 1111 1 61 1 20150410180708 00241
00001249 0073 2015 04 0000006 12 00035 _ 09:00 10:10 _ _ 0 1114 1 61 1 20150410180708 00241
00001249 0073 2015 04 0000007 14 00043 _ 09:00 10:10 _ _ 0 1114 1 61 1 20150410180708 00241
00001249 0073 2015 04 0000008 19 00044 _ 09:00 10:10 _ _ 0 1114 1 61 1 20150410180708 00241
00001249 0073 2015 04 0000009 19 00036 _ 20:00 21:00 _ _ 0 1111 1 61 1 20150410180708 00241
00001249 0073 2015 04 0000010 22 00045 _ 09:00 10:10 _ _ 0 1114 1 61 1 20150410180708 00241
00001249 0073 2015 04 0000011 23 00019 _ 20:00 21:00 _ _ 0 1111 1 61 1 20150410180708 00241
00001249 0073 2015 04 0000012 26 00019 _ 09:00 10:10 _ _ 0 1114 1 61 1 20150410180708 00241
00001249 0073 2015 04 0000013 28 00045 _ 09:00 10:10 _ _ 0 1114 1 61 1 20150410180708 00241
00001249 0073 2015 05 0000014 03 00015 _ 09:00 10:10 1 _ 0 2111 1 61 1 20150506110517 00241
00001249 0073 2015 05 0000015 03 00014 _ 20:00 21:00 3 _ 0 1111 1 61 1 20150506110517 00241
00001249 0073 2015 05 0000016 04 00016 _ 09:30 10:10 4 _ 0 1114 1 61 1 20150506110517 00241
00001249 0073 2015 05 0000017 07 00016 _ 20:00 21:00 1 _ 0 1111 1 61 1 20150506110517 00241
00001249 0073 2015 05 0000018 10 00017 _ 09:00 10:10 4 _ 0 1114 1 61 1 20150506110517 00241
00001249 0073 2015 05 0000019 12 00011 _ 09:00 10:10 1 _ 0 1114 1 61 1 20150506110517 00241
00001249 0073 2015 05 0000020 17 00038 _ 09:00 10:10 2 _ 0 1114 1 61 1 20150506110517 00241
00001249 0073 2015 05 0000021 17 00014 _ 20:50 21:25 4 _ 0 1211 1 61 1 20150506110517 00241
00001249 0073 2015 05 0000022 20 00036 _ 09:00 10:10 1 _ 0 1114 1 61 1 20150506110517 00241
00001249 0073 2015 05 0000023 21 00037 _ 20:00 21:00 2 _ 0 1111 1 61 1 20150506110517 00241
00001249 0073 2015 05 0000024 24 00043 _ 09:00 10:10 2 _ 0 1114 1 61 1 20150506110517 00241
00001249 0073 2015 05 0000025 26 00042 _ 09:00 10:10 4 _ 0 1114 1 61 1 20150506110517 00241
00001249 0073 2015 05 0000026 31 00040 _ 09:00 10:10 4 _ 0 1114 1 61 1 20150506110517 00241
00001249 0073 2015 05 0000027 31 00089 _ 20:00 20:30 3 _ 0 1111 1 61 1 20150506110517 00241
00001249 0073 2015 05 0000028 04 00040 _ 06:00 06:59 1 _ 0 1111 1 61 1 20150506110517 00241
00001249 0073 2015 05 0000029 31 00014 _ 13:00 13:19 1 _ 0 1111 1 61 1 20150506110517 00241
00001249 0073 2015 05 0000030 17 00045 _ 16:00 16:10 3 _ 0 1111 1 61 1 20150506110517 00241
00001249 0073 2015 05 0000031 17 00045 _ 18:30 18:45 3 _ 0 1114 1 61 1 20150506110517 00241
00001249 0073 2015 05 0000032 31 00037 _ 23:15 23:33 1 _ 0 1111 1 61 1 20150506110517 00241
