00000139 20131110 13 1211 50 _ 1 0259 b1 14:00 14:59 _ 1 830 830 899 8997 0 1 20140701150847 00030
00000139 20131110 13 1211 60 _ 1 0259 a1 14:25 15:15 _ 1 830 830 899 8997 0 1 20140701150847 00030
00000139 20131110 13 1311 _ _ _ 0030 a4,b4 09:30 10:50 _ 2 2276 2276 2355 23556 0 1 20140701150847 00030
00000139 20131110 13 1501 40 _ 1 0030 _ _ _ _ 0 0 0 0 0 0 1 20140701150847 00030
00000139 20131110 13 1501 _ _ _ 0030 a0 _ _ _ 1 316 316 327 3270 0 1 20140701150847 00030
00000139 20131110 17 1001 _ _ 1 0001 _ _ _ _ 1 100 0 0 0 0 1 20140701150847 00030
00000139 20131110 17 1002 _ _ 1 0001 _ _ _ _ 0 0 0 0 0 0 1 20140701150847 00030
00000139 20131110 17 1003 1 _ 1 0001 _ 00:00 00:00 _ 0 0 0 0 0 0 1 20140701150847 00030
00000139 20131110 17 1004 10 _ 1 0001 _ 00:00 00:00 _ 0 0 0 0 0 0 1 20140701150847 00030
00000139 20131110 17 1004 20 _ 1 0001 _ 00:00 00:00 _ 0 0 0 0 0 0 1 20140701150847 00030
00000139 20131110 17 1005 30 _ 1 0001 _ 00:00 00:00 _ 0 0 0 0 0 0 1 20140701150847 00030
