000000332011101 00000033 2011 10 13 11 1211 _ 10:00 10:59 0096 1 402 0 _ _ 1 20141103141714 63
000000332011101 00000033 2011 10 20 11 1211 _ 10:00 10:59 0096 1 402 0 _ _ 1 20141103141714 63
000000332011101 00000033 2011 10 27 11 1211 _ 10:00 10:59 0096 1 402 0 _ _ 1 20141103141714 63
000000332012021 00000033 2012 02 17 11 7211 1 10:45 11:44 0096 1 229 0 _ _ 1 20141021105201 63
000000332012021 00000033 2012 02 24 11 7211 1 10:45 11:44 0096 1 229 0 _ _ 1 20141021105201 63
000000332012031 00000033 2012 03 02 11 7211 1 10:45 11:44 0096 1 229 0 _ _ 1 20141021105246 63
000000332012031 00000033 2012 03 09 11 7211 1 10:45 11:44 0096 1 229 0 _ _ 1 20141021105246 63
000000332012031 00000033 2012 03 16 11 7211 1 10:45 11:44 0096 1 229 0 _ _ 1 20141021105246 63
000000332012031 00000033 2012 03 23 11 7211 1 10:45 11:44 0096 1 229 0 _ _ 1 20141021105246 63
000000332012031 00000033 2012 03 30 11 7211 1 10:45 11:44 0096 1 229 0 _ _ 1 20141021105246 63
000000332012032 00000033 2012 03 01 17 1007 1 _ _ 0039 1 1100 0 _ _ 1 20141021105246 63
000000332012041 00000033 2012 04 06 11 7311 1 10:45 11:44 0096 1 235 0 _ _ 1 20140801182708 24
000000332012041 00000033 2012 04 13 11 7311 1 10:45 11:44 0096 1 235 0 _ _ 1 20140801182708 24
000000332012041 00000033 2012 04 20 11 7311 1 10:45 11:44 0096 1 235 0 _ _ 1 20140801182708 24
000000332012041 00000033 2012 04 27 11 7311 1 10:45 11:44 0096 1 235 0 _ _ 1 20140801182708 24
000000332012042 00000033 2012 04 02 11 1211 1 13:45 14:44 0096 1 402 0 _ _ 1 20140801182708 24
000000332012043 00000033 2012 04 01 17 1003 1 _ _ 0033 1 1600 0 _ _ 1 20140801182708 24
000000332012044 00000033 2012 04 01 17 1007 1 _ _ 0039 1 1100 0 _ _ 1 20140801182708 24
000000332012051 00000033 2012 05 04 11 7311 1 10:45 11:44 0096 1 235 0 _ _ 1 20140801181646 24
000000332012051 00000033 2012 05 11 11 7311 1 10:45 11:44 0096 1 235 0 _ _ 1 20140801181646 24
000000332012051 00000033 2012 05 18 11 7311 1 10:45 11:44 0096 1 235 0 _ _ 1 20140801181646 24
000000332012051 00000033 2012 05 25 11 7311 1 10:45 11:44 0096 1 235 0 _ _ 1 20140801181646 24
000000332012052 00000033 2012 05 24 11 1211 1 14:00 14:59 0096 1 402 0 _ _ 1 20140801181646 24
000000332012053 00000033 2012 05 01 17 1003 1 _ _ 0033 1 1400 0 _ _ 1 20140801181646 24
000000332012054 00000033 2012 05 01 17 1007 1 _ _ 0039 1 1100 0 _ _ 1 20140801181646 24
000000332012061 00000033 2012 06 01 11 7311 1 10:45 11:44 0096 1 235 0 _ _ 1 20140801182040 24
000000332012062 00000033 2012 06 01 17 1003 1 _ _ 0033 1 1400 0 _ _ 1 20140801182040 24
000000332012063 00000033 2012 06 01 17 1007 1 _ _ 0039 1 1100 0 _ _ 1 20140801182040 24
