000011822014091 00001182 2014 09 29 11 1211 10:45 11:30 0070 1 404 0 _ _ 1 1 20141003160540 11
000011822014092 00001182 2014 09 25 11 4001 10:45 11:50 0070 1 200 0 _ _ 1 1 20141003160540 11
000011822014093 00001182 2014 09 25 11 5111 10:45 11:50 0070 1 474 0 _ _ 1 1 20141003160540 11
000011822014094 00001182 2014 09 24 13 1501 13:30 14:10 0254 1 318 0 _ _ 1 1 20141003160540 11
000011822014095 00001182 2014 09 22 13 1501 15:30 16:10 0254 1 318 0 _ _ 1 1 20141003160540 11
000011822014095 00001182 2014 09 29 13 1501 15:30 16:10 0254 1 318 0 _ _ 1 1 20141003160540 11
000011822014096 00001182 2014 09 22 13 4002 _ _ 0254 1 300 0 _ _ 1 1 20141003160540 11
000011822014097 00001182 2014 09 22 13 6101 _ _ 0254 1 6 0 _ _ 1 1 20141003160540 11
000011822014097 00001182 2014 09 24 13 6101 _ _ 0254 1 6 0 _ _ 1 1 20141003160540 11
000011822014097 00001182 2014 09 29 13 6101 _ _ 0254 1 6 0 _ _ 1 1 20141003160540 11
000011822014098 00001182 2014 09 10 17 1001 _ _ 0093 1 800 0 _ _ 1 1 20141003160540 11
000011822014099 00001182 2014 09 10 17 1002 _ _ 0093 1 100 0 _ _ 1 1 20141003160540 11
000011822014101 00001182 2014 10 06 11 1211 10:45 11:30 0070 1 404 0 _ _ 1 1 20141104110648 11
000011822014101 00001182 2014 10 13 11 1211 10:45 11:30 0070 1 404 0 _ _ 1 1 20141104110648 11
000011822014101 00001182 2014 10 20 11 1211 10:45 11:30 0070 1 404 0 _ _ 1 1 20141104110648 11
000011822014101 00001182 2014 10 23 11 1211 10:45 11:30 0070 1 404 0 _ _ 1 1 20141104110648 11
000011822014101 00001182 2014 10 27 11 1211 10:45 11:30 0070 1 404 0 _ _ 1 1 20141104110648 11
000011822014102 00001182 2014 10 02 11 5111 10:45 11:50 0070 1 474 0 _ _ 1 1 20141104110648 11
000011822014102 00001182 2014 10 16 11 5111 10:45 11:50 0070 1 474 0 _ _ 1 1 20141104110648 11
000011822014102 00001182 2014 10 30 11 5111 10:45 11:50 0070 1 474 0 _ _ 1 1 20141104110648 11
000011822014103 00001182 2014 10 09 11 5111 11:10 12:15 0070 1 474 0 _ _ 1 1 20141104110648 11
000011822014104 00001182 2014 10 01 13 1501 13:30 14:10 0254 1 318 0 _ _ 1 1 20141104110648 11
000011822014104 00001182 2014 10 15 13 1501 13:30 14:10 0254 1 318 0 _ _ 1 1 20141104110648 11
000011822014104 00001182 2014 10 17 13 1501 13:30 14:10 0254 1 318 0 _ _ 1 1 20141104110648 11
000011822014104 00001182 2014 10 29 13 1501 13:30 14:10 0254 1 318 0 _ _ 1 1 20141104110648 11
000011822014105 00001182 2014 10 06 13 1501 15:30 16:10 0254 1 318 0 _ _ 1 1 20141104110648 11
000011822014105 00001182 2014 10 10 13 1501 15:30 16:10 0254 1 318 0 _ _ 1 1 20141104110648 11
000011822014105 00001182 2014 10 20 13 1501 15:30 16:10 0254 1 318 0 _ _ 1 1 20141104110648 11
000011822014105 00001182 2014 10 22 13 1501 15:30 16:10 0254 1 318 0 _ _ 1 1 20141104110648 11
000011822014105 00001182 2014 10 27 13 1501 15:30 16:10 0254 1 318 0 _ _ 1 1 20141104110648 11
000011822014106 00001182 2014 10 01 13 6101 _ _ 0254 1 6 0 _ _ 1 1 20141104110648 11
000011822014106 00001182 2014 10 06 13 6101 _ _ 0254 1 6 0 _ _ 1 1 20141104110648 11
000011822014106 00001182 2014 10 10 13 6101 _ _ 0254 1 6 0 _ _ 1 1 20141104110648 11
000011822014106 00001182 2014 10 15 13 6101 _ _ 0254 1 6 0 _ _ 1 1 20141104110648 11
000011822014106 00001182 2014 10 17 13 6101 _ _ 0254 1 6 0 _ _ 1 1 20141104110648 11
000011822014106 00001182 2014 10 20 13 6101 _ _ 0254 1 6 0 _ _ 1 1 20141104110648 11
000011822014106 00001182 2014 10 22 13 6101 _ _ 0254 1 6 0 _ _ 1 1 20141104110648 11
000011822014106 00001182 2014 10 27 13 6101 _ _ 0254 1 6 0 _ _ 1 1 20141104110648 11
000011822014106 00001182 2014 10 29 13 6101 _ _ 0254 1 6 0 _ _ 1 1 20141104110648 11
000011822014107 00001182 2014 10 01 17 1001 _ _ 0093 1 800 0 _ _ 1 1 20141104110648 11
000011822014108 00001182 2014 10 24 17 1001 _ _ 0093 1 325 0 _ _ 1 1 20141104110648 11
000011822014109 00001182 2014 10 01 17 1002 _ _ 0093 1 100 0 _ _ 1 1 20141104110648 11
000011822014111 00001182 2014 11 03 11 1211 10:00 10:45 0070 1 404 0 _ _ 1 1 20141205085951 11
000011822014112 00001182 2014 11 27 11 5111 10:00 11:05 0070 1 474 0 _ _ 1 1 20141205085951 11
000011822014113 00001182 2014 11 10 11 1211 10:45 11:30 0070 1 404 0 _ _ 1 1 20141205085951 11
000011822014113 00001182 2014 11 17 11 1211 10:45 11:30 0070 1 404 0 _ _ 1 1 20141205085951 11
000011822014113 00001182 2014 11 24 11 1211 10:45 11:30 0070 1 404 0 _ _ 1 1 20141205085951 11
000011822014114 00001182 2014 11 06 11 5111 10:45 11:50 0070 1 474 0 _ _ 1 1 20141205085951 11
000011822014114 00001182 2014 11 13 11 5111 10:45 11:50 0070 1 474 0 _ _ 1 1 20141205085951 11
000011822014114 00001182 2014 11 20 11 5111 10:45 11:50 0070 1 474 0 _ _ 1 1 20141205085951 11
000011822014115 00001182 2014 11 05 13 1501 13:30 14:10 0254 1 318 0 _ _ 1 1 20141205085951 11
000011822014115 00001182 2014 11 12 13 1501 13:30 14:10 0254 1 318 0 _ _ 1 1 20141205085951 11
000011822014115 00001182 2014 11 19 13 1501 13:30 14:10 0254 1 318 0 _ _ 1 1 20141205085951 11
000011822014116 00001182 2014 11 26 13 1521 13:30 14:30 0254 1 286 0 _ _ 1 1 20141205085951 11
000011822014117 00001182 2014 11 07 13 1501 15:30 16:10 0254 1 318 0 _ _ 1 1 20141205085951 11
000011822014117 00001182 2014 11 10 13 1501 15:30 16:10 0254 1 318 0 _ _ 1 1 20141205085951 11
000011822014117 00001182 2014 11 17 13 1501 15:30 16:10 0254 1 318 0 _ _ 1 1 20141205085951 11
000011822014117 00001182 2014 11 28 13 1501 15:30 16:10 0254 1 318 0 _ _ 1 1 20141205085951 11
000011822014118 00001182 2014 11 05 13 6101 _ _ 0254 1 6 0 _ _ 1 1 20141205085951 11
000011822014118 00001182 2014 11 07 13 6101 _ _ 0254 1 6 0 _ _ 1 1 20141205085951 11
000011822014118 00001182 2014 11 10 13 6101 _ _ 0254 1 6 0 _ _ 1 1 20141205085951 11
000011822014118 00001182 2014 11 12 13 6101 _ _ 0254 1 6 0 _ _ 1 1 20141205085951 11
000011822014118 00001182 2014 11 17 13 6101 _ _ 0254 1 6 0 _ _ 1 1 20141205085951 11
000011822014118 00001182 2014 11 19 13 6101 _ _ 0254 1 6 0 _ _ 1 1 20141205085951 11
000011822014118 00001182 2014 11 26 13 6101 _ _ 0254 1 6 0 _ _ 1 1 20141205085951 11
000011822014118 00001182 2014 11 28 13 6101 _ _ 0254 1 6 0 _ _ 1 1 20141205085951 11
000011822014119 00001182 2014 11 01 17 1001 _ _ 0093 1 650 0 _ _ 1 1 20141205085951 11
000011822014121 00001182 2014 12 01 11 1211 10:45 11:30 0070 1 404 0 _ _ 1 1 20141208175633 11
000011822014121 00001182 2014 12 08 11 1211 10:45 11:30 0070 1 404 0 _ _ 1 1 20141208175633 11
000011822014121 00001182 2014 12 15 11 1211 10:45 11:30 0070 1 404 0 _ _ 1 1 20141208175633 11
000011822014121 00001182 2014 12 22 11 1211 10:45 11:30 0070 1 404 0 _ _ 1 1 20141208175633 11
000011822014121 00001182 2014 12 29 11 1211 10:45 11:30 0070 1 404 0 _ _ 1 1 20141208175633 11
000011822014122 00001182 2014 12 04 11 5111 10:45 11:50 0070 1 474 0 _ _ 1 1 20141208175633 11
000011822014122 00001182 2014 12 11 11 5111 10:45 11:50 0070 1 474 0 _ _ 1 1 20141208175633 11
000011822014122 00001182 2014 12 18 11 5111 10:45 11:50 0070 1 474 0 _ _ 1 1 20141208175633 11
000011822014122 00001182 2014 12 25 11 5111 10:45 11:50 0070 1 474 0 _ _ 1 1 20141208175633 11
000011822014123 00001182 2014 12 03 13 1521 11:00 11:39 0254 1 286 0 _ _ 1 1 20141208175633 11
000011822014123 00001182 2014 12 10 13 1521 11:00 11:39 0254 1 286 0 _ _ 1 1 20141208175633 11
000011822014123 00001182 2014 12 17 13 1521 11:00 11:39 0254 1 286 0 _ _ 1 1 20141208175633 11
000011822014123 00001182 2014 12 24 13 1521 11:00 11:39 0254 1 286 0 _ _ 1 1 20141208175633 11
000011822014123 00001182 2014 12 31 13 1521 11:00 11:39 0254 1 286 0 _ _ 1 1 20141208175633 11
000011822014124 00001182 2014 12 01 13 1501 14:30 15:10 0254 1 318 0 _ _ 1 1 20141208175633 11
000011822014124 00001182 2014 12 08 13 1501 14:30 15:10 0254 1 318 0 _ _ 1 1 20141208175633 11
000011822014124 00001182 2014 12 15 13 1501 14:30 15:10 0254 1 318 0 _ _ 1 1 20141208175633 11
000011822014124 00001182 2014 12 22 13 1501 14:30 15:10 0254 1 318 0 _ _ 1 1 20141208175633 11
000011822014124 00001182 2014 12 29 13 1501 14:30 15:10 0254 1 318 0 _ _ 1 1 20141208175633 11
000011822014125 00001182 2014 12 01 13 6101 _ _ 0254 1 6 0 _ _ 1 1 20141208175633 11
000011822014125 00001182 2014 12 03 13 6101 _ _ 0254 1 6 0 _ _ 1 1 20141208175633 11
000011822014125 00001182 2014 12 08 13 6101 _ _ 0254 1 6 0 _ _ 1 1 20141208175633 11
000011822014125 00001182 2014 12 10 13 6101 _ _ 0254 1 6 0 _ _ 1 1 20141208175633 11
000011822014125 00001182 2014 12 15 13 6101 _ _ 0254 1 6 0 _ _ 1 1 20141208175633 11
000011822014125 00001182 2014 12 17 13 6101 _ _ 0254 1 6 0 _ _ 1 1 20141208175633 11
000011822014125 00001182 2014 12 22 13 6101 _ _ 0254 1 6 0 _ _ 1 1 20141208175633 11
000011822014125 00001182 2014 12 24 13 6101 _ _ 0254 1 6 0 _ _ 1 1 20141208175633 11
000011822014125 00001182 2014 12 29 13 6101 _ _ 0254 1 6 0 _ _ 1 1 20141208175633 11
000011822014125 00001182 2014 12 31 13 6101 _ _ 0254 1 6 0 _ _ 1 1 20141208175633 11
000011822014126 00001182 2014 12 01 17 1001 _ _ 0093 1 650 0 _ _ 1 1 20141208175633 11
000011822014127 00001182 2014 12 01 17 1002 _ _ 0093 1 100 0 _ _ 1 1 20141208175633 11
000011822015011 00001182 2015 01 05 11 1211 10:45 11:30 0070 1 404 0 _ _ _ 1 20141208175736 11
000011822015011 00001182 2015 01 12 11 1211 10:45 11:30 0070 1 404 0 _ _ _ 1 20141208175736 11
000011822015011 00001182 2015 01 19 11 1211 10:45 11:30 0070 1 404 0 _ _ _ 1 20141208175736 11
000011822015011 00001182 2015 01 26 11 1211 10:45 11:30 0070 1 404 0 _ _ _ 1 20141208175736 11
000011822015012 00001182 2015 01 01 11 5111 10:45 11:50 0070 1 474 0 _ _ _ 1 20141208175736 11
000011822015012 00001182 2015 01 08 11 5111 10:45 11:50 0070 1 474 0 _ _ _ 1 20141208175736 11
000011822015012 00001182 2015 01 15 11 5111 10:45 11:50 0070 1 474 0 _ _ _ 1 20141208175736 11
000011822015012 00001182 2015 01 22 11 5111 10:45 11:50 0070 1 474 0 _ _ _ 1 20141208175736 11
000011822015012 00001182 2015 01 29 11 5111 10:45 11:50 0070 1 474 0 _ _ _ 1 20141208175736 11
000011822015013 00001182 2015 01 07 13 1521 11:00 11:59 0254 1 286 0 _ _ _ 1 20141208175736 11
000011822015013 00001182 2015 01 14 13 1521 11:00 11:59 0254 1 286 0 _ _ _ 1 20141208175736 11
000011822015013 00001182 2015 01 21 13 1521 11:00 11:59 0254 1 286 0 _ _ _ 1 20141208175736 11
000011822015013 00001182 2015 01 28 13 1521 11:00 11:59 0254 1 286 0 _ _ _ 1 20141208175736 11
000011822015014 00001182 2015 01 05 13 1501 14:30 15:10 0254 1 318 0 _ _ _ 1 20141208175736 11
000011822015014 00001182 2015 01 12 13 1501 14:30 15:10 0254 1 318 0 _ _ _ 1 20141208175736 11
000011822015014 00001182 2015 01 19 13 1501 14:30 15:10 0254 1 318 0 _ _ _ 1 20141208175736 11
000011822015014 00001182 2015 01 26 13 1501 14:30 15:10 0254 1 318 0 _ _ _ 1 20141208175736 11
000011822015015 00001182 2015 01 05 13 6101 _ _ 0254 1 6 0 _ _ _ 1 20141208175736 11
000011822015015 00001182 2015 01 07 13 6101 _ _ 0254 1 6 0 _ _ _ 1 20141208175736 11
000011822015015 00001182 2015 01 12 13 6101 _ _ 0254 1 6 0 _ _ _ 1 20141208175736 11
000011822015015 00001182 2015 01 14 13 6101 _ _ 0254 1 6 0 _ _ _ 1 20141208175736 11
000011822015015 00001182 2015 01 19 13 6101 _ _ 0254 1 6 0 _ _ _ 1 20141208175736 11
000011822015015 00001182 2015 01 21 13 6101 _ _ 0254 1 6 0 _ _ _ 1 20141208175736 11
000011822015015 00001182 2015 01 26 13 6101 _ _ 0254 1 6 0 _ _ _ 1 20141208175736 11
000011822015015 00001182 2015 01 28 13 6101 _ _ 0254 1 6 0 _ _ _ 1 20141208175736 11
000011822015016 00001182 2015 01 01 17 1001 _ _ 0093 1 650 0 _ _ _ 1 20141208175736 11
