000000162012041 00000016 2012 04 07 61 1111 1 10:45 11:44 0073 1 1220 0 _ _ 1 20140731151147 78
000000162012041 00000016 2012 04 14 61 1111 1 10:45 11:44 0073 1 1220 0 _ _ 1 20140731151147 78
000000162012041 00000016 2012 04 21 61 1111 1 10:45 11:44 0073 1 1220 0 _ _ 1 20140731151147 78
000000162012041 00000016 2012 04 28 61 1111 1 10:45 11:44 0073 1 1220 0 _ _ 1 20140731151147 78
000000162012051 00000016 2012 05 05 61 1111 1 10:45 11:44 0073 1 1220 0 _ _ 1 20140731151546 78
000000162012051 00000016 2012 05 12 61 1111 1 10:45 11:44 0073 1 1220 0 _ _ 1 20140731151546 78
000000162012051 00000016 2012 05 19 61 1111 1 10:45 11:44 0073 1 1220 0 _ _ 1 20140731151546 78
000000162012051 00000016 2012 05 26 61 1111 1 10:45 11:44 0073 1 1220 0 _ _ 1 20140731151546 78
000000162012061 00000016 2012 06 02 61 1111 1 10:45 11:44 0073 1 1220 0 _ _ 1 20140731152008 78
000000162012061 00000016 2012 06 09 61 1111 1 10:45 11:44 0073 1 1220 0 _ _ 1 20140731152008 78
000000162012061 00000016 2012 06 23 61 1111 1 10:45 11:44 0073 1 1220 0 _ _ 1 20140731152008 78
000000162012061 00000016 2012 06 30 61 1111 1 10:45 11:44 0073 1 1220 0 _ _ 1 20140731152008 78
000000162012071 00000016 2012 07 07 61 1111 1 10:45 11:44 0073 1 1220 0 _ _ 1 20140731152342 78
000000162012071 00000016 2012 07 14 61 1111 1 10:45 11:44 0073 1 1220 0 _ _ 1 20140731152342 78
000000162012071 00000016 2012 07 21 61 1111 1 10:45 11:44 0073 1 1220 0 _ _ 1 20140731152342 78
000000162012071 00000016 2012 07 28 61 1111 1 10:45 11:44 0073 1 1220 0 _ _ 1 20140731152342 78
000000162012081 00000016 2012 08 04 61 1111 1 10:45 11:44 0073 1 1220 0 _ _ 1 20140731152650 78
000000162012081 00000016 2012 08 11 61 1111 1 10:45 11:44 0073 1 1220 0 _ _ 1 20140731152650 78
000000162012081 00000016 2012 08 18 61 1111 1 10:45 11:44 0073 1 1220 0 _ _ 1 20140731152650 78
000000162012081 00000016 2012 08 25 61 1111 1 10:45 11:44 0073 1 1220 0 _ _ 1 20140731152650 78
000000162012091 00000016 2012 09 01 61 1111 1 10:45 11:44 0073 1 1220 0 _ _ 1 20140731152904 78
000000162012091 00000016 2012 09 08 61 1111 1 10:45 11:44 0073 1 1220 0 _ _ 1 20140731152904 78
000000162012091 00000016 2012 09 15 61 1111 1 10:45 11:44 0073 1 1220 0 _ _ 1 20140731152904 78
000000162012091 00000016 2012 09 22 61 1111 1 10:45 11:44 0073 1 1220 0 _ _ 1 20140731152904 78
000000162012091 00000016 2012 09 29 61 1111 1 10:45 11:44 0073 1 1220 0 _ _ 1 20140731152904 78
000000162012101 00000016 2012 10 06 61 1111 1 10:45 11:44 0073 1 1220 0 _ _ 1 20140731153216 78
000000162012101 00000016 2012 10 13 61 1111 1 10:45 11:44 0073 1 1220 0 _ _ 1 20140731153216 78
000000162012101 00000016 2012 10 20 61 1111 1 10:45 11:44 0073 1 1220 0 _ _ 1 20140731153216 78
000000162012101 00000016 2012 10 27 61 1111 1 10:45 11:44 0073 1 1220 0 _ _ 1 20140731153216 78
000000162012111 00000016 2012 11 03 61 1111 1 10:45 11:44 0073 1 1220 0 _ _ 1 20140731153533 78
000000162012111 00000016 2012 11 17 61 1111 1 10:45 11:44 0073 1 1220 0 _ _ 1 20140731153533 78
000000162012111 00000016 2012 11 24 61 1111 1 10:45 11:44 0073 1 1220 0 _ _ 1 20140731153533 78
000000162012121 00000016 2012 12 01 61 1111 1 10:45 11:44 0073 1 1220 0 _ _ 1 20140731153836 78
000000162012121 00000016 2012 12 08 61 1111 1 10:45 11:44 0073 1 1220 0 _ _ 1 20140731153836 78
000000162012121 00000016 2012 12 15 61 1111 1 10:45 11:44 0073 1 1220 0 _ _ 1 20140731153836 78
000000162012121 00000016 2012 12 22 61 1111 1 10:45 11:44 0073 1 1220 0 _ _ 1 20140731153836 78
000000162012121 00000016 2012 12 29 61 1111 1 10:45 11:44 0073 1 1220 0 _ _ 1 20140731153836 78
000000162013011 00000016 2013 01 05 61 1111 1 10:45 11:44 0073 1 1220 0 _ _ 1 20140717170730 24
000000162013011 00000016 2013 01 12 61 1111 1 10:45 11:44 0073 1 1220 0 _ _ 1 20140717170730 24
000000162013011 00000016 2013 01 19 61 1111 1 10:45 11:44 0073 1 1220 0 _ _ 1 20140717170730 24
000000162013021 00000016 2013 02 02 61 1111 1 10:45 11:44 0073 1 1220 0 _ _ 1 20140717171016 24
000000162013021 00000016 2013 02 09 61 1111 1 10:45 11:44 0073 1 1220 0 _ _ 1 20140717171016 24
000000162013021 00000016 2013 02 16 61 1111 1 10:45 11:44 0073 1 1220 0 _ _ 1 20140717171016 24
000000162013021 00000016 2013 02 23 61 1111 1 10:45 11:44 0073 1 1220 0 _ _ 1 20140717171016 24
000000162013031 00000016 2013 03 09 61 1111 1 10:45 11:44 0073 1 1220 0 _ _ 1 20140717172016 24
000000162013031 00000016 2013 03 16 61 1111 1 10:45 11:44 0073 1 1220 0 _ _ 1 20140717172016 24
000000162013031 00000016 2013 03 30 61 1111 1 10:45 11:44 0073 1 1220 0 _ _ 1 20140717172016 24
000000162013032 00000016 2013 03 03 61 1111 1 13:15 14:14 0073 1 1220 0 _ _ 1 20140717172016 24
000000162013033 00000016 2013 03 23 61 1111 1 14:15 15:14 0073 1 1220 0 _ _ 1 20140717172016 24
000000162013041 00000016 2013 04 06 61 1111 1 10:45 11:44 0073 1 1220 0 _ _ 1 20140717172557 24
000000162013041 00000016 2013 04 13 61 1111 1 10:45 11:44 0073 1 1220 0 _ _ 1 20140717172557 24
000000162013041 00000016 2013 04 20 61 1111 1 10:45 11:44 0073 1 1220 0 _ _ 1 20140717172557 24
000000162013041 00000016 2013 04 27 61 1111 1 10:45 11:44 0073 1 1220 0 _ _ 1 20140717172557 24
000000162013051 00000016 2013 05 04 61 1111 1 10:45 11:44 0073 1 1220 0 _ _ 1 20140717172814 24
000000162013051 00000016 2013 05 11 61 1111 1 10:45 11:44 0073 1 1220 0 _ _ 1 20140717172814 24
000000162013051 00000016 2013 05 18 61 1111 1 10:45 11:44 0073 1 1220 0 _ _ 1 20140717172814 24
000000162013051 00000016 2013 05 25 61 1111 1 10:45 11:44 0073 1 1220 0 _ _ 1 20140717172814 24
000000162013061 00000016 2013 06 01 61 1111 1 10:45 11:44 0073 1 1220 0 _ _ 1 20140717173026 24
000000162013061 00000016 2013 06 08 61 1111 1 10:45 11:44 0073 1 1220 0 _ _ 1 20140717173026 24
000000162013061 00000016 2013 06 15 61 1111 1 10:45 11:44 0073 1 1220 0 _ _ 1 20140717173026 24
000000162013061 00000016 2013 06 22 61 1111 1 10:45 11:44 0073 1 1220 0 _ _ 1 20140717173026 24
000000162013061 00000016 2013 06 29 61 1111 1 10:45 11:44 0073 1 1220 0 _ _ 1 20140717173026 24
000000162013071 00000016 2013 07 06 61 1111 1 10:45 11:29 0073 1 1220 0 _ _ 1 20140717173358 24
000000162013072 00000016 2013 07 13 61 1111 1 10:45 11:44 0073 1 1220 0 _ _ 1 20140717173358 24
000000162013072 00000016 2013 07 20 61 1111 1 10:45 11:44 0073 1 1220 0 _ _ 1 20140717173358 24
000000162013072 00000016 2013 07 27 61 1111 1 10:45 11:44 0073 1 1220 0 _ _ 1 20140717173358 24
000000162013081 00000016 2013 08 03 61 1111 1 10:45 11:44 0073 1 1220 0 _ _ 1 20140717173630 24
000000162013081 00000016 2013 08 10 61 1111 1 10:45 11:44 0073 1 1220 0 _ _ 1 20140717173630 24
000000162013081 00000016 2013 08 17 61 1111 1 10:45 11:44 0073 1 1220 0 _ _ 1 20140717173630 24
000000162013081 00000016 2013 08 24 61 1111 1 10:45 11:44 0073 1 1220 0 _ _ 1 20140717173630 24
000000162013081 00000016 2013 08 31 61 1111 1 10:45 11:44 0073 1 1220 0 _ _ 1 20140717173630 24
000000162013091 00000016 2013 09 20 61 1111 1 09:30 10:30 0073 1 1220 0 _ _ 1 20140625140752 24
000000162013092 00000016 2013 09 07 61 1111 1 10:45 11:44 0073 1 1220 0 _ _ 1 20140625140752 24
000000162013092 00000016 2013 09 14 61 1111 1 10:45 11:44 0073 1 1220 0 _ _ 1 20140625140752 24
000000162013092 00000016 2013 09 28 61 1111 1 10:45 11:44 0073 1 1220 0 _ _ 1 20140625140752 24
000000162013101 00000016 2013 10 05 61 1111 1 10:45 11:44 0073 1 1220 0 _ _ 1 20140625141055 24
000000162013101 00000016 2013 10 12 61 1111 1 10:45 11:44 0073 1 1220 0 _ _ 1 20140625141055 24
000000162013101 00000016 2013 10 19 61 1111 1 10:45 11:44 0073 1 1220 0 _ _ 1 20140625141055 24
000000162013101 00000016 2013 10 26 61 1111 1 10:45 11:44 0073 1 1220 0 _ _ 1 20140625141055 24
000000162013111 00000016 2013 11 02 61 1111 1 10:45 11:44 0073 1 1220 0 _ _ 1 20140625142027 24
000000162013111 00000016 2013 11 09 61 1111 1 10:45 11:44 0073 1 1220 0 _ _ 1 20140625142027 24
000000162013111 00000016 2013 11 16 61 1111 1 10:45 11:44 0073 1 1220 0 _ _ 1 20140625142027 24
000000162013111 00000016 2013 11 30 61 1111 1 10:45 11:44 0073 1 1220 0 _ _ 1 20140625142027 24
000000162013112 00000016 2013 11 24 61 1111 1 15:30 16:30 0073 1 1220 0 _ _ 1 20140625142027 24
000000162013121 00000016 2013 12 07 61 1111 1 10:45 11:44 0073 1 1220 0 _ _ 1 20140625142418 24
000000162013121 00000016 2013 12 14 61 1111 1 10:45 11:44 0073 1 1220 0 _ _ 1 20140625142418 24
000000162013121 00000016 2013 12 21 61 1111 1 10:45 11:44 0073 1 1220 0 _ _ 1 20140625142418 24
000000162013121 00000016 2013 12 28 61 1111 1 10:45 11:44 0073 1 1220 0 _ _ 1 20140625142418 24
000000162014011 00000016 2014 01 04 61 1111 1 10:45 11:44 0073 1 1220 0 _ _ 1 20140618155328 78
000000162014011 00000016 2014 01 11 61 1111 1 10:45 11:44 0073 1 1220 0 _ _ 1 20140618155328 78
000000162014011 00000016 2014 01 18 61 1111 1 10:45 11:44 0073 1 1220 0 _ _ 1 20140618155328 78
000000162014011 00000016 2014 01 25 61 1111 1 10:45 11:44 0073 1 1220 0 _ _ 1 20140618155328 78
000000162014021 00000016 2014 02 01 61 1111 1 10:45 11:44 0073 1 1220 0 _ _ 1 20140618155351 78
000000162014021 00000016 2014 02 08 61 1111 1 10:45 11:44 0073 1 1220 0 _ _ 1 20140618155351 78
000000162014021 00000016 2014 02 15 61 1111 1 10:45 11:44 0073 1 1220 0 _ _ 1 20140618155351 78
000000162014021 00000016 2014 02 22 61 1111 1 10:45 11:44 0073 1 1220 0 _ _ 1 20140618155351 78
000000162014031 00000016 2014 03 01 61 1111 1 10:45 11:44 0073 1 1220 0 _ _ 1 20140618155443 78
000000162014031 00000016 2014 03 08 61 1111 1 10:45 11:44 0073 1 1220 0 _ _ 1 20140618155443 78
000000162014031 00000016 2014 03 15 61 1111 1 10:45 11:44 0073 1 1220 0 _ _ 1 20140618155443 78
000000162014032 00000016 2014 03 25 61 1111 1 09:30 10:30 0073 1 1220 0 _ _ 1 20140618155443 78
000000162014041 00000016 2014 04 05 61 1111 1 10:45 11:44 0073 1 1226 0 _ _ 1 20140618155510 78
000000162014041 00000016 2014 04 12 61 1111 1 10:45 11:44 0073 1 1226 0 _ _ 1 20140618155510 78
000000162014041 00000016 2014 04 19 61 1111 1 10:45 11:44 0073 1 1226 0 _ _ 1 20140618155510 78
000000162014041 00000016 2014 04 26 61 1111 1 10:45 11:44 0073 1 1226 0 _ _ 1 20140618155510 78
000000162014051 00000016 2014 05 03 61 1111 1 10:45 11:44 0073 1 1226 0 _ _ 1 20140815160855 24
000000162014051 00000016 2014 05 10 61 1111 1 10:45 11:44 0073 1 1226 0 _ _ 1 20140815160855 24
000000162014051 00000016 2014 05 17 61 1111 1 10:45 11:44 0073 1 1226 0 _ _ 1 20140815160855 24
000000162014051 00000016 2014 05 24 61 1111 1 10:45 11:44 0073 1 1226 0 _ _ 1 20140815160855 24
000000162014051 00000016 2014 05 31 61 1111 1 10:45 11:44 0073 1 1226 0 _ _ 1 20140815160855 24
000000162014061 00000016 2014 06 07 61 1111 1 10:45 11:44 0073 1 1226 0 _ _ 1 20140701171612 24
000000162014061 00000016 2014 06 14 61 1111 1 10:45 11:44 0073 1 1226 0 _ _ 1 20140701171612 24
000000162014061 00000016 2014 06 21 61 1111 1 10:45 11:44 0073 1 1226 0 _ _ 1 20140701171612 24
000000162014061 00000016 2014 06 28 61 1111 1 10:45 11:44 0073 1 1226 0 _ _ 1 20140701171612 24
000000162014071 00000016 2014 07 26 61 1211 1 10:45 11:44 0073 1 2452 0 _ _ 1 20140801150749 24
000000162014072 00000016 2014 07 29 61 1211 1 11:00 11:59 0073 1 2452 0 _ _ 1 20140801150749 24
000000162014073 00000016 2014 07 22 61 1211 1 14:00 14:59 0073 1 2452 0 _ _ 1 20140801150749 24
