00000221 2012 05 1 4970 1 20140729182728 00078
00000221 2012 06 1 4970 1 20140729183036 00078
00000221 2012 07 1 4970 1 20140729183506 00078
00000221 2012 08 1 4970 1 20140729183914 00078
00000221 2012 09 1 4970 1 20140729184150 00078
00000221 2012 10 1 4970 1 20140729184424 00078
00000221 2012 11 1 4970 1 20140729184651 00078
00000221 2012 12 1 4970 1 20140729185008 00078
00000221 2013 01 1 4970 1 20140709154722 00078
00000221 2013 02 1 4970 1 20140709155208 00078
00000221 2013 03 1 4970 1 20140709155613 00078
00000221 2013 04 1 4970 1 20140709160141 00078
00000221 2013 05 1 4970 1 20140709160513 00078
00000221 2013 06 1 4970 1 20140709160851 00078
00000221 2013 07 1 4970 1 20140709161155 00078
00000221 2013 08 1 4970 1 20140709161459 00078
00000221 2013 10 1 4970 1 20140703161350 00078
00000221 2013 11 1 4970 1 20140703161651 00078
00000221 2013 12 1 4970 1 20140703162001 00078
00000221 2014 01 1 4970 1 20140619155958 00078
00000221 2014 02 1 4970 1 20140619160417 00078
00000221 2014 03 1 4970 1 20140619160826 00078
00000221 2014 04 1 5003 1 20140619161148 00078
