00000060 2014 06 03 16:30 17:29 61 1321 0073 10.84 1 3889 1 20140701100605 00034
00000060 2014 06 05 16:00 16:59 61 1321 0073 10.84 1 3889 1 20140701100605 00034
00000060 2014 06 10 16:30 17:29 61 1321 0073 10.84 1 3889 1 20140701100605 00034
00000060 2014 06 12 16:00 16:59 61 1321 0073 10.84 1 3889 1 20140701100605 00034
00000060 2014 06 14 16:00 16:59 61 1321 0073 10.84 1 3889 1 20140701100605 00034
00000060 2014 06 17 16:30 17:29 61 1321 0073 10.84 1 3889 1 20140701100605 00034
00000060 2014 06 19 16:00 16:59 61 1321 0073 10.84 1 3889 1 20140701100605 00034
00000060 2014 06 21 16:00 16:59 61 1321 0073 10.84 1 3889 1 20140701100605 00034
00000060 2014 06 24 16:30 17:29 61 1321 0073 10.84 1 3889 1 20140701100605 00034
00000060 2014 06 26 16:00 16:59 61 1321 0073 10.84 1 3889 1 20140701100605 00034
00000060 2014 06 28 16:00 16:59 61 1321 0073 10.84 1 3889 1 20140701100605 00034
00000060 2014 07 01 16:30 17:29 61 1321 0073 10.84 1 3889 1 20140731140204 00037
00000060 2014 07 03 16:00 16:59 61 1321 0073 10.84 1 3889 1 20140731140204 00037
00000060 2014 07 05 16:00 16:59 61 1321 0073 10.84 1 3889 1 20140731140204 00037
00000060 2014 07 08 16:30 17:29 61 1321 0073 10.84 1 3889 1 20140731140204 00037
00000060 2014 07 10 16:00 16:59 61 1321 0073 10.84 1 3889 1 20140731140204 00037
00000060 2014 07 12 16:00 16:59 61 1321 0073 10.84 1 3889 1 20140731140204 00037
00000060 2014 07 15 16:30 17:29 61 1321 0073 10.84 1 3889 1 20140731140204 00037
00000060 2014 07 17 16:00 16:59 61 1321 0073 10.84 1 3889 1 20140731140204 00037
00000060 2014 07 19 16:00 16:59 61 1321 0073 10.84 1 3889 1 20140731140204 00037
00000060 2014 07 22 16:30 17:29 61 1321 0073 10.84 1 3889 1 20140731140204 00037
00000060 2014 07 24 16:00 16:59 61 1321 0073 10.84 1 3889 1 20140731140204 00037
00000060 2014 07 26 16:00 16:59 61 1321 0073 10.84 1 3889 1 20140731140204 00037
00000060 2014 07 29 16:30 17:29 61 1321 0073 10.84 1 3889 1 20140731140204 00037
00000060 2014 07 31 16:00 16:59 61 1321 0073 10.84 1 3889 1 20140731140204 00037
