000001412014051 00000141 2014 05 27 11 1211 1 14:00 14:45 0070 1 404 0 _ _ 1 20140811160937 24
000001412014052 00000141 2014 05 23 11 4001 1 14:00 14:45 0070 1 200 0 _ _ 1 20140811160937 24
000001412014053 00000141 2014 05 23 11 5111 1 14:00 15:05 0070 1 474 0 _ _ 1 20140811160937 24
000001412014053 00000141 2014 05 30 11 5111 1 14:00 15:05 0070 1 474 0 _ _ 1 20140811160937 24
000001412014054 00000141 2014 05 20 15 1241 1 09:00 12:15 0251 1 464 0 _ _ 1 20140811160937 24
000001412014054 00000141 2014 05 27 15 1241 1 09:00 12:15 0251 1 464 0 _ _ 1 20140811160937 24
000001412014055 00000141 2014 05 20 15 5052 1 _ _ 0251 1 50 0 _ _ 1 20140811160937 24
000001412014055 00000141 2014 05 27 15 5052 1 _ _ 0251 1 50 0 _ _ 1 20140811160937 24
000001412014061 00000141 2014 06 06 11 1211 1 14:00 14:45 0070 1 404 0 _ _ 1 20140630142403 63
000001412014061 00000141 2014 06 13 11 1211 1 14:00 14:45 0070 1 404 0 _ _ 1 20140630142403 63
000001412014061 00000141 2014 06 20 11 1211 1 14:00 14:45 0070 1 404 0 _ _ 1 20140630142403 63
000001412014061 00000141 2014 06 27 11 1211 1 14:00 14:45 0070 1 404 0 _ _ 1 20140630142403 63
000001412014062 00000141 2014 06 03 11 5111 1 14:00 15:05 0070 1 474 0 _ _ 1 20140630142403 63
000001412014062 00000141 2014 06 10 11 5111 1 14:00 15:05 0070 1 474 0 _ _ 1 20140630142403 63
000001412014062 00000141 2014 06 17 11 5111 1 14:00 15:05 0070 1 474 0 _ _ 1 20140630142403 63
000001412014062 00000141 2014 06 24 11 5111 1 14:00 15:05 0070 1 474 0 _ _ 1 20140630142403 63
000001412014063 00000141 2014 06 14 11 1211 1 15:30 16:15 0070 1 404 0 _ _ 1 20140630142403 63
000001412014063 00000141 2014 06 21 11 1211 1 15:30 16:15 0070 1 404 0 _ _ 1 20140630142403 63
000001412014063 00000141 2014 06 28 11 1211 1 15:30 16:15 0070 1 404 0 _ _ 1 20140630142403 63
000001412014064 00000141 2014 06 11 11 5111 1 15:30 16:35 0070 1 474 0 _ _ 1 20140630142403 63
000001412014064 00000141 2014 06 18 11 5111 1 15:30 16:35 0070 1 474 0 _ _ 1 20140630142403 63
000001412014064 00000141 2014 06 25 11 5111 1 15:30 16:35 0070 1 474 0 _ _ 1 20140630142403 63
000001412014065 00000141 2014 06 03 15 1241 1 09:00 12:15 0251 1 464 0 _ _ 1 20140630142403 63
000001412014065 00000141 2014 06 10 15 1241 1 09:00 12:15 0251 1 464 0 _ _ 1 20140630142403 63
000001412014065 00000141 2014 06 17 15 1241 1 09:00 12:15 0251 1 464 0 _ _ 1 20140630142403 63
000001412014065 00000141 2014 06 24 15 1241 1 09:00 12:15 0251 1 464 0 _ _ 1 20140630142403 63
000001412014066 00000141 2014 06 03 15 5052 1 _ _ 0251 1 50 0 _ _ 1 20140630142403 63
000001412014066 00000141 2014 06 10 15 5052 1 _ _ 0251 1 50 0 _ _ 1 20140630142403 63
000001412014066 00000141 2014 06 17 15 5052 1 _ _ 0251 1 50 0 _ _ 1 20140630142403 63
000001412014066 00000141 2014 06 24 15 5052 1 _ _ 0251 1 50 0 _ _ 1 20140630142403 63
