00000140 0070 2014 05 0000024 24 00017 _ 14:00 14:45 1 _ 0 1211 1 11 1 20140701110304 00034
00000140 0070 2014 05 0000025 24 00011 _ 20:00 20:20 1 _ 0 1112 1 11 1 20140701110304 00034
00000140 0070 2014 05 0000026 25 00011 _ 06:40 07:00 1 _ 0 1112 1 11 1 20140701110304 00034
00000140 0070 2014 05 0000027 25 00016 _ 20:00 20:20 1 _ 0 1112 1 11 1 20140701110304 00034
00000140 0070 2014 05 0000028 26 00016 _ 06:40 07:00 1 _ 0 1112 1 11 1 20140701110304 00034
00000140 0070 2014 05 0000029 26 00019 _ 20:00 20:20 1 _ 0 1112 1 11 1 20140701110304 00034
00000140 0070 2014 05 0000030 27 00019 _ 06:30 06:50 1 _ 0 1112 1 11 1 20140701110304 00034
00000140 0070 2014 05 0000031 27 00017 _ 20:00 20:20 1 _ 0 1112 1 11 1 20140701110304 00034
00000140 0070 2014 05 0000032 28 00017 _ 07:30 07:50 1 _ 0 1112 1 11 1 20140701110304 00034
00000140 0070 2014 05 0000033 28 00016 00011 14:45 15:50 4 _ 0 5111 1 11 1 20140701110304 00034
00000140 0070 2014 05 0000034 28 00083 _ 20:00 20:20 1 _ 0 1112 1 11 1 20140701110304 00034
00000140 0070 2014 05 0000035 29 00083 _ 06:40 07:00 1 _ 0 1112 1 11 1 20140701110304 00034
00000140 0070 2014 05 0000036 29 00082 _ 20:00 20:20 1 _ 0 1112 1 11 1 20140701110304 00034
00000140 0070 2014 05 0000037 30 00015 _ 06:40 07:00 1 _ 0 1112 1 11 1 20140701110304 00034
00000140 0070 2014 05 0000038 30 00015 _ 20:00 20:20 1 _ 0 1112 1 11 1 20140701110304 00034
00000140 0070 2014 05 0000039 31 00011 _ 14:00 14:45 1 _ 0 1211 1 11 1 20140701110304 00034
00000140 0070 2014 05 0000040 31 00017 _ 20:00 20:20 1 _ 0 1112 1 11 1 20140701110304 00034
00000140 0070 2014 05 0000041 31 00015 _ 06:40 07:00 1 _ 0 1112 1 11 1 20140701110304 00034
00000140 0070 2014 06 0000002 01 00017 _ 07:10 07:30 1 _ 0 1112 1 11 1 20140701103019 00078
00000140 0070 2014 06 0000003 01 00019 _ 20:00 20:20 1 _ 0 1112 1 11 1 20140701103019 00078
00000140 0070 2014 06 0000004 02 00019 _ 06:40 07:00 1 _ 0 1112 1 11 1 20140701103019 00078
00000140 0070 2014 06 0000005 02 00083 _ 20:00 20:20 1 _ 0 1112 1 11 1 20140701103019 00078
00000140 0070 2014 06 0000006 03 00083 _ 06:40 07:00 1 _ 0 1112 1 11 1 20140701103019 00078
00000140 0070 2014 06 0000007 03 00016 _ 20:00 20:20 1 _ 0 1112 1 11 1 20140701103019 00078
00000140 0070 2014 06 0000008 04 00016 _ 06:40 07:00 1 _ 0 1112 1 11 1 20140701103019 00078
00000140 0070 2014 06 0000009 04 00019 00011 14:00 15:05 4 _ 0 5111 1 11 1 20140701103019 00078
00000140 0070 2014 06 0000010 04 00015 _ 20:00 20:20 1 _ 0 1112 1 11 1 20140701103019 00078
00000140 0070 2014 06 0000011 05 00015 _ 06:40 07:00 1 _ 0 1112 1 11 1 20140701103019 00078
00000140 0070 2014 06 0000012 05 00082 _ 20:00 20:20 1 _ 0 1112 1 11 1 20140701103019 00078
00000140 0070 2014 06 0000013 06 00082 _ 06:40 07:00 1 _ 0 1112 1 11 1 20140701103019 00078
00000140 0070 2014 06 0000014 06 00017 _ 20:00 20:20 1 _ 0 1112 1 11 1 20140701103019 00078
00000140 0070 2014 06 0000015 07 00017 _ 06:40 07:00 1 _ 0 1112 1 11 1 20140701103019 00078
00000140 0070 2014 06 0000016 07 00019 _ 20:20 20:40 1 _ 0 1112 1 11 1 20140701103019 00078
00000140 0070 2014 06 0000017 08 00019 _ 06:40 07:00 1 _ 0 1112 1 11 1 20140701103019 00078
00000140 0070 2014 06 0000018 08 00016 _ 20:00 20:20 1 _ 0 1112 1 11 1 20140701103019 00078
00000140 0070 2014 06 0000019 09 00082 _ 20:00 20:20 1 _ 0 1112 1 11 1 20140701103019 00078
00000140 0070 2014 06 0000020 10 00082 _ 06:40 07:00 1 _ 0 1112 1 11 1 20140701103019 00078
00000140 0070 2014 06 0000021 10 00015 _ 20:00 20:20 1 _ 0 1112 1 11 1 20140701103019 00078
00000140 0070 2014 06 0000022 11 00015 _ 06:40 07:00 1 _ 0 1112 1 11 1 20140701103019 00078
00000140 0070 2014 06 0000023 11 00019 00016 14:00 15:05 4 _ 0 5111 1 11 1 20140701103019 00078
00000140 0070 2014 06 0000042 11 00017 _ 20:00 20:20 1 _ 0 1112 1 11 1 20140701103019 00078
00000140 0070 2014 06 0000043 12 00017 _ 06:40 07:00 1 _ 0 1112 1 11 1 20140701103019 00078
00000140 0070 2014 06 0000044 12 00083 _ 20:00 20:20 1 _ 0 1112 1 11 1 20140701103019 00078
00000140 0070 2014 06 0000045 13 00019 _ 20:00 20:20 1 _ 0 1112 1 11 1 20140701103019 00078
00000140 0070 2014 06 0000046 14 00019 _ 06:40 07:00 1 _ 0 1112 1 11 1 20140701103019 00078
00000140 0070 2014 06 0000047 14 00015 _ 13:15 14:00 1 _ 0 1211 1 11 1 20140701103019 00078
00000140 0070 2014 06 0000048 14 00016 _ 20:00 20:20 1 _ 0 1112 1 11 1 20140701103019 00078
00000140 0070 2014 06 0000049 15 00016 _ 06:40 07:00 1 _ 0 1112 1 11 1 20140701103019 00078
00000140 0070 2014 06 0000050 15 00082 _ 20:00 20:20 1 _ 0 1112 1 11 1 20140701103019 00078
00000140 0070 2014 06 0000051 16 00082 _ 06:40 07:00 1 _ 0 1112 1 11 1 20140701103019 00078
00000140 0070 2014 06 0000052 16 00017 _ 20:00 20:20 1 _ 0 1112 1 11 1 20140701103019 00078
00000140 0070 2014 06 0000053 17 00017 _ 06:40 07:00 1 _ 0 1112 1 11 1 20140701103019 00078
00000140 0070 2014 06 0000054 17 00015 _ 20:00 20:20 1 _ 0 1112 1 11 1 20140701103019 00078
00000140 0070 2014 06 0000055 18 00015 _ 06:40 07:00 1 _ 0 1112 1 11 1 20140701103019 00078
00000140 0070 2014 06 0000056 18 00092 00082 14:00 15:05 4 _ 0 5111 1 11 1 20140701103019 00078
00000140 0070 2014 06 0000057 17 _ _ _ _ _ _ 0 _ 1 11 9 20140620153325 00014
00000140 0070 2014 06 0000058 18 _ _ _ _ _ _ 0 _ 1 11 9 20140620153325 00014
00000140 0070 2014 06 0000059 18 00083 _ 20:00 20:20 1 _ 0 1112 1 11 1 20140701103019 00078
00000140 0070 2014 06 0000060 19 00083 _ 06:40 07:00 1 _ 0 1112 1 11 1 20140701103019 00078
00000140 0070 2014 06 0000061 19 00016 _ 20:00 20:20 1 _ 0 1112 1 11 1 20140701103019 00078
00000140 0070 2014 06 0000062 20 00016 _ 06:40 07:00 1 _ 0 1112 1 11 1 20140701103019 00078
00000140 0070 2014 06 0000063 20 00082 _ 20:00 20:20 1 _ 0 1112 1 11 1 20140701103019 00078
00000140 0070 2014 06 0000064 21 00082 _ 06:40 07:00 1 _ 0 1112 1 11 1 20140701103019 00078
00000140 0070 2014 06 0000065 21 00083 _ 14:00 14:45 1 _ 0 1211 1 11 1 20140701103019 00078
00000140 0070 2014 06 0000066 21 00011 _ 20:20 20:40 1 _ 0 1112 1 11 1 20140701103019 00078
00000140 0070 2014 06 0000067 22 00011 _ 06:40 07:00 1 _ 0 1112 1 11 1 20140701103019 00078
00000140 0070 2014 06 0000068 22 00083 _ 20:00 20:20 1 _ 0 1112 1 11 1 20140701103019 00078
00000140 0070 2014 06 0000069 23 00083 _ 06:30 06:50 1 _ 0 1112 1 11 1 20140701103019 00078
00000140 0070 2014 06 0000070 23 00015 _ 20:00 20:20 1 _ 0 1112 1 11 1 20140701103019 00078
00000140 0070 2014 06 0000071 24 00015 _ 06:30 06:50 1 _ 0 1112 1 11 1 20140701103019 00078
00000140 0070 2014 06 0000072 24 00019 _ 20:00 20:20 1 _ 0 1112 1 11 1 20140701103019 00078
00000140 0070 2014 06 0000073 25 00019 _ 06:30 06:50 1 _ 0 1112 1 11 1 20140701103019 00078
00000140 0070 2014 06 0000074 25 00016 00083 14:00 15:05 4 _ 0 5111 1 11 1 20140701103019 00078
00000140 0070 2014 06 0000075 25 00017 _ 20:00 20:20 1 _ 0 1112 1 11 1 20140701103019 00078
00000140 0070 2014 06 0000076 26 00017 _ 06:30 06:50 1 _ 0 1112 1 11 1 20140701103019 00078
00000140 0070 2014 06 0000077 26 00016 _ 20:00 20:20 1 _ 0 1112 1 11 1 20140701103019 00078
00000140 0070 2014 06 0000078 27 00016 _ 06:30 06:50 1 _ 0 1112 1 11 1 20140701103019 00078
00000140 0070 2014 06 0000079 27 00092 _ 20:00 20:20 1 _ 0 1112 1 11 1 20140701103019 00078
00000140 0070 2014 06 0000080 28 00092 _ 06:30 06:50 1 _ 0 1112 1 11 1 20140701103019 00078
00000140 0070 2014 06 0000081 28 00017 _ 14:00 14:45 1 _ 0 1211 1 11 1 20140701103019 00078
00000140 0070 2014 06 0000082 28 00019 _ 20:00 20:29 1 _ 0 1112 1 11 1 20140701103019 00078
00000140 0070 2014 06 0000083 29 00019 _ 06:30 06:50 1 _ 0 1112 1 11 1 20140701103019 00078
00000140 0070 2014 06 0000084 30 00015 _ 06:30 06:50 1 _ 0 1112 1 11 1 20140701103019 00078
00000140 0070 2014 06 0000085 29 00015 _ 20:00 20:29 1 _ 0 1112 1 11 1 20140701103019 00078
00000140 0070 2014 06 0000086 30 00017 _ 20:00 20:29 1 _ 0 1112 1 11 1 20140701103019 00078
00000140 0070 2014 06 0000087 07 00016 _ 14:00 14:45 1 _ 0 1211 1 11 1 20140701103019 00078
00000140 0070 2014 06 0000088 13 00083 _ 06:40 07:00 1 _ 0 1112 1 11 1 20140701103019 00078
00000140 0070 2014 07 0000089 01 00017 _ 06:30 06:50 1 _ 0 1112 1 11 1 20140801124506 00034
00000140 0070 2014 07 0000090 01 00083 _ 20:00 20:20 1 _ 0 1112 1 11 1 20140801124506 00034
00000140 0070 2014 07 0000091 02 00083 _ 06:30 06:50 1 _ 0 1112 1 11 1 20140801124506 00034
00000140 0070 2014 07 0000092 02 00015 00019 14:45 15:50 4 _ 0 5111 1 11 1 20140801124506 00034
00000140 0070 2014 07 0000093 02 00016 _ 20:00 20:29 1 _ 0 1112 1 11 1 20140801124506 00034
00000140 0070 2014 07 0000094 03 00016 _ 06:30 06:50 1 _ 0 1112 1 11 1 20140801124506 00034
00000140 0070 2014 07 0000095 03 00019 _ 20:00 20:29 1 _ 0 1112 1 11 1 20140801124506 00034
00000140 0070 2014 07 0000096 04 00019 _ 06:30 06:50 1 _ 0 1112 1 11 1 20140801124506 00034
00000140 0070 2014 07 0000097 04 00015 _ 20:00 20:29 1 _ 0 1112 1 11 1 20140801124506 00034
00000140 0070 2014 07 0000098 05 00015 _ 06:30 06:50 1 _ 0 1112 1 11 1 20140801124506 00034
00000140 0070 2014 07 0000099 05 00016 _ 14:00 14:45 1 _ 0 1211 1 11 1 20140801124506 00034
00000140 0070 2014 07 0000100 05 00092 _ 20:00 20:29 1 _ 0 1112 1 11 1 20140801124506 00034
00000140 0070 2014 07 0000101 06 00092 _ 06:30 06:50 1 _ 0 1112 1 11 1 20140801124506 00034
00000140 0070 2014 07 0000102 06 00082 _ 20:00 20:29 1 _ 0 1112 1 11 1 20140801124506 00034
00000140 0070 2014 07 0000103 07 00083 _ 20:00 20:29 1 _ 0 _ 1 11 9 20140709191637 00014
00000140 0070 2014 07 0000104 08 00083 _ 05:05 05:25 1 _ 0 1113 1 11 1 20140801124506 00034
00000140 0070 2014 07 0000105 08 00019 _ 20:00 20:20 1 _ 0 1112 1 11 1 20140801124506 00034
00000140 0070 2014 07 0000106 09 00019 _ 06:30 06:50 1 _ 0 1112 1 11 1 20140801124506 00034
00000140 0070 2014 07 0000107 09 00017 00082 14:00 15:05 4 _ 0 5111 1 11 1 20140801124506 00034
00000140 0070 2014 07 0000108 07 00083 _ 20:00 20:29 1 _ 0 1112 1 11 1 20140801124506 00034
00000140 0070 2014 07 0000109 09 00015 _ 20:00 20:20 1 _ 0 1112 1 11 1 20140801124506 00034
00000140 0070 2014 07 0000110 10 00015 _ 06:30 06:50 1 _ 0 1112 1 11 1 20140801124506 00034
00000140 0070 2014 07 0000111 10 00016 _ 20:00 20:20 1 _ 0 1112 1 11 1 20140801124506 00034
00000140 0070 2014 07 0000112 11 00016 _ 06:30 06:50 1 _ 0 1112 1 11 1 20140801124506 00034
00000140 0070 2014 07 0000113 11 00017 _ 20:00 20:29 1 _ 0 1112 1 11 1 20140801124506 00034
00000140 0070 2014 07 0000114 12 00017 _ 06:30 06:50 1 _ 0 1112 1 11 1 20140801124506 00034
00000140 0070 2014 07 0000115 12 00082 _ 14:00 14:45 1 _ 0 1211 1 11 1 20140801124506 00034
00000140 0070 2014 07 0000116 12 00092 _ 20:00 20:29 1 _ 0 1112 1 11 1 20140801124506 00034
00000140 0070 2014 07 0000117 13 00092 _ 05:40 06:00 1 _ 0 1113 1 11 1 20140801124506 00034
00000140 0070 2014 07 0000118 13 00082 _ 20:00 20:29 1 _ 0 1112 1 11 1 20140801124506 00034
00000140 0070 2014 07 0000119 14 00082 _ 05:00 05:20 1 _ 0 1113 1 11 1 20140801124506 00034
00000140 0070 2014 07 0000120 14 00016 _ 20:00 20:20 1 _ 0 1112 1 11 1 20140801124506 00034
00000140 0070 2014 07 0000121 15 00016 _ 06:30 06:50 1 _ 0 1112 1 11 1 20140801124506 00034
00000140 0070 2014 07 0000122 15 00015 _ 20:00 20:20 1 _ 0 1112 1 11 1 20140801124506 00034
00000140 0070 2014 07 0000123 16 00015 _ 06:30 06:50 1 _ 0 1112 1 11 1 20140801124506 00034
00000140 0070 2014 07 0000124 16 00082 00095 14:00 15:05 4 _ 0 5111 1 11 1 20140801124506 00034
00000140 0070 2014 07 0000125 16 00017 _ 20:00 20:29 1 _ 0 1112 1 11 1 20140801124506 00034
00000140 0070 2014 07 0000126 17 00017 _ 06:30 06:50 1 _ 0 1112 1 11 1 20140801124506 00034
00000140 0070 2014 07 0000127 17 00092 _ 20:00 20:29 1 _ 0 1112 1 11 1 20140801124506 00034
00000140 0070 2014 07 0000128 18 00092 _ 06:30 06:50 1 _ 0 1112 1 11 1 20140801124506 00034
00000140 0070 2014 07 0000129 19 00017 _ 14:00 14:45 1 _ 0 1211 1 11 1 20140801124506 00034
00000140 0070 2014 07 0000130 19 00015 _ 20:00 20:29 1 _ 0 1112 1 11 1 20140801124506 00034
00000140 0070 2014 07 0000131 20 00015 _ 06:30 06:50 1 _ 0 1112 1 11 1 20140801124506 00034
00000140 0070 2014 07 0000132 18 00082 _ 20:00 20:29 1 _ 0 1112 1 11 1 20140801124506 00034
00000140 0070 2014 07 0000133 19 00082 _ 06:30 06:50 1 _ 0 1112 1 11 1 20140801124506 00034
00000140 0070 2014 07 0000134 20 00016 _ 20:00 20:20 1 _ 0 1112 1 11 1 20140801124506 00034
00000140 0070 2014 07 0000135 21 00016 _ 06:30 06:50 1 _ 0 1112 1 11 1 20140801124506 00034
00000140 0070 2014 07 0000136 21 00019 _ 20:00 20:20 1 _ 0 1112 1 11 1 20140801124506 00034
00000140 0070 2014 07 0000137 22 00019 _ 06:30 06:50 1 _ 0 1112 1 11 1 20140801124506 00034
00000140 0070 2014 07 0000138 22 00092 _ 20:00 20:29 1 _ 0 1112 1 11 1 20140801124506 00034
00000140 0070 2014 07 0000139 23 00092 _ 06:30 06:50 1 _ 0 1112 1 11 1 20140801124506 00034
00000140 0070 2014 07 0000140 23 00016 00093 14:00 15:05 1 _ 0 5111 1 11 1 20140801124506 00034
00000140 0070 2014 07 0000141 23 00017 _ 20:10 20:39 1 _ 0 1112 1 11 1 20140801124506 00034
00000140 0070 2014 07 0000142 24 00017 _ 06:30 06:50 1 _ 0 1112 1 11 1 20140801124506 00034
00000140 0070 2014 07 0000143 24 00082 _ 20:00 20:29 1 _ 0 1112 1 11 1 20140801124506 00034
00000140 0070 2014 07 0000144 25 00082 _ 06:30 06:50 1 _ 0 1112 1 11 1 20140801124506 00034
00000140 0070 2014 07 0000145 25 00083 _ 20:00 20:29 1 _ 0 1112 1 11 1 20140801124506 00034
00000140 0070 2014 07 0000146 26 00083 _ 06:30 06:50 1 _ 0 1112 1 11 1 20140801124506 00034
00000140 0070 2014 07 0000147 26 00092 _ 14:00 14:45 1 _ 0 1211 1 11 1 20140801124506 00034
00000140 0070 2014 07 0000148 26 00019 _ 20:00 20:20 1 _ 0 1112 1 11 1 20140801124506 00034
00000140 0070 2014 07 0000149 27 00019 _ 06:30 06:50 1 _ 0 1112 1 11 1 20140801124506 00034
00000140 0070 2014 07 0000150 27 00015 _ 20:00 20:20 1 _ 0 1112 1 11 1 20140801124506 00034
00000140 0070 2014 07 0000151 28 00015 _ 06:30 06:50 1 _ 0 1112 1 11 1 20140801124506 00034
00000140 0070 2014 07 0000152 28 00017 _ 20:10 20:39 1 _ 0 1112 1 11 1 20140801124506 00034
00000140 0070 2014 07 0000153 29 00017 _ 06:30 06:50 1 _ 0 1112 1 11 1 20140801124506 00034
00000140 0070 2014 07 0000154 29 00092 _ 20:00 20:29 1 _ 0 1112 1 11 1 20140801124506 00034
00000140 0070 2014 07 0000155 30 00092 _ 06:30 06:50 1 _ 0 1112 1 11 1 20140801124506 00034
00000140 0070 2014 07 0000156 30 00096 00093 14:00 15:05 4 _ 0 5111 1 11 1 20140801124506 00034
00000140 0070 2014 07 0000157 30 00016 _ 20:00 20:20 1 _ 0 1112 1 11 1 20140801124506 00034
00000140 0070 2014 07 0000158 31 00016 _ 06:30 06:50 1 _ 0 1112 1 11 1 20140801124506 00034
00000140 0070 2014 07 0000159 31 00019 _ 20:00 20:20 1 _ 0 1112 1 11 1 20140801124506 00034
00000140 0070 2014 08 0000160 01 00019 _ 06:30 06:50 1 _ 0 1112 1 11 1 20140819112454 00014
00000140 0070 2014 08 0000161 01 00082 _ 20:00 20:29 1 _ 0 1112 1 11 1 20140819112454 00014
00000140 0070 2014 08 0000162 02 00082 _ 06:30 06:50 1 _ 0 1112 1 11 1 20140819112454 00014
00000140 0070 2014 08 0000163 02 00092 _ 14:00 14:45 1 _ 0 1211 1 11 1 20140819112454 00014
00000140 0070 2014 08 0000164 02 00083 _ 20:00 20:29 1 _ 0 1112 1 11 1 20140819112454 00014
00000140 0070 2014 08 0000165 03 00083 _ 06:30 06:50 1 _ 0 1112 1 11 1 20140819112454 00014
00000140 0070 2014 08 0000166 03 00092 _ 20:00 20:29 1 _ 0 1112 1 11 1 20140819112454 00014
00000140 0070 2014 08 0000167 04 00092 _ 06:30 06:50 1 _ 0 1112 1 11 1 20140819112454 00014
00000140 0070 2014 08 0000168 04 00017 _ 20:00 20:29 1 _ 0 1112 1 11 1 20140819112454 00014
00000140 0070 2014 08 0000169 05 00017 _ 06:30 06:50 1 _ 0 1112 1 11 1 20140819112454 00014
00000140 0070 2014 08 0000170 05 00016 _ 20:00 20:20 1 _ 0 1112 1 11 1 20140819112454 00014
00000140 0070 2014 08 0000171 06 00016 _ 06:30 06:50 1 _ 0 1112 1 11 1 20140819112454 00014
00000140 0070 2014 08 0000172 06 00093 00011 14:00 15:05 4 _ 0 5111 1 11 1 20140819112454 00014
00000140 0070 2014 08 0000173 06 00015 _ 20:00 20:20 1 _ 0 1112 1 11 1 20140819112454 00014
00000140 0070 2014 08 0000174 07 00015 _ 06:30 06:50 1 _ 0 1112 1 11 1 20140819112454 00014
00000140 0070 2014 08 0000175 07 00082 _ 20:00 20:29 1 _ 0 1112 1 11 1 20140819112454 00014
00000140 0070 2014 08 0000176 08 00082 _ 06:30 06:50 1 _ 0 1112 1 11 1 20140819112454 00014
00000140 0070 2014 08 0000177 08 00019 _ 20:00 20:20 1 _ 0 1112 1 11 1 20140819112454 00014
00000140 0070 2014 08 0000178 09 00019 _ 06:30 06:50 1 _ 0 1112 1 11 1 20140819112454 00014
00000140 0070 2014 08 0000179 09 00083 _ 14:00 14:45 1 _ 0 1211 1 11 1 20140819112454 00014
00000140 0070 2014 08 0000180 09 00092 _ 20:00 20:29 1 _ 0 1112 1 11 1 20140819112454 00014
00000140 0070 2014 08 0000181 10 00092 _ 06:30 06:50 1 _ 0 1112 1 11 1 20140819112454 00014
00000140 0070 2014 08 0000182 10 00016 _ 20:00 20:20 1 _ 0 1112 1 11 1 20140819112454 00014
00000140 0070 2014 08 0000183 11 00016 _ 06:00 06:20 1 _ 0 1112 1 11 1 20140819112454 00014
00000140 0070 2014 08 0000184 11 00083 _ 20:00 20:29 1 _ 0 1112 1 11 1 20140819112454 00014
00000140 0070 2014 08 0000185 12 00083 _ 06:30 06:50 1 _ 0 1112 1 11 1 20140819112454 00014
00000140 0070 2014 08 0000186 12 00017 _ 20:00 20:29 1 _ 0 1112 1 11 1 20140819112454 00014
00000140 0070 2014 08 0000187 13 00017 _ 05:10 05:30 1 _ 0 1113 1 11 1 20140819112454 00014
00000140 0070 2014 08 0000188 13 00096 00093 15:30 16:35 4 _ 0 5111 1 11 1 20140819112454 00014
00000140 0070 2014 08 0000189 13 00019 _ 20:00 20:20 1 _ 0 1112 1 11 1 20140819112454 00014
00000140 0070 2014 08 0000190 14 00019 _ 06:30 06:50 1 _ 0 1112 1 11 1 20140819112454 00014
00000140 0070 2014 08 0000191 14 00016 _ 20:00 20:20 1 _ 0 1112 1 11 1 20140819112454 00014
00000140 0070 2014 08 0000192 15 00016 _ 06:30 06:50 1 _ 0 1112 1 11 1 20140819112454 00014
00000140 0070 2014 08 0000193 15 00092 _ 20:00 20:20 1 _ 0 1112 1 11 1 20140819112454 00014
00000140 0070 2014 08 0000194 16 00092 _ 06:30 06:50 1 _ 0 1112 1 11 1 20140819112454 00014
00000140 0070 2014 08 0000195 16 00083 _ 14:00 14:45 1 _ 0 1211 1 11 1 20140819112454 00014
00000140 0070 2014 08 0000196 16 00017 _ 20:00 20:29 1 _ 0 1112 1 11 1 20140819112454 00014
00000140 0070 2014 08 0000197 17 00017 _ 06:30 06:50 1 _ 0 1112 1 11 1 20140819112454 00014
00000140 0070 2014 08 0000198 17 00082 _ 20:00 20:29 1 _ 0 1112 1 11 1 20140819112454 00014
00000140 0070 2014 08 0000199 18 00082 _ 06:30 06:50 1 _ 0 1112 1 11 1 20140819112454 00014
00000140 0070 2014 08 0000200 18 00083 _ 20:00 20:29 1 _ 0 1112 1 11 1 20140819112454 00014
00000140 0070 2014 08 0000201 19 00083 _ 06:30 06:50 1 _ 0 1112 1 11 1 20140819112454 00014
