000000662014061 00000066 2014 06 05 64 2111 1 13:20 14:00 0013 1 307 0 _ _ 1 20140701165812 24
000000662014061 00000066 2014 06 12 64 2111 1 13:20 14:00 0013 1 307 0 _ _ 1 20140701165812 24
000000662014061 00000066 2014 06 19 64 2111 1 13:20 14:00 0013 1 307 0 _ _ 1 20140701165812 24
000000662014061 00000066 2014 06 26 64 2111 1 13:20 14:00 0013 1 307 0 _ _ 1 20140701165812 24
000000662014062 00000066 2014 06 05 64 6101 1 _ _ 0013 1 6 0 _ _ 1 20140701165812 24
000000662014062 00000066 2014 06 12 64 6101 1 _ _ 0013 1 6 0 _ _ 1 20140701165812 24
000000662014062 00000066 2014 06 19 64 6101 1 _ _ 0013 1 6 0 _ _ 1 20140701165812 24
000000662014062 00000066 2014 06 26 64 6101 1 _ _ 0013 1 6 0 _ _ 1 20140701165812 24
000000662014071 00000066 2014 07 03 64 2111 1 13:20 14:00 0013 1 307 0 _ _ 1 20140801154311 24
000000662014071 00000066 2014 07 10 64 2111 1 13:20 14:00 0013 1 307 0 _ _ 1 20140801154311 24
000000662014071 00000066 2014 07 17 64 2111 1 13:20 14:00 0013 1 307 0 _ _ 1 20140801154311 24
000000662014071 00000066 2014 07 24 64 2111 1 13:20 14:00 0013 1 307 0 _ _ 1 20140801154311 24
000000662014071 00000066 2014 07 31 64 2111 1 13:20 14:00 0013 1 307 0 _ _ 1 20140801154311 24
000000662014072 00000066 2014 07 03 64 6101 1 _ _ 0013 1 6 0 _ _ 1 20140801154311 24
000000662014072 00000066 2014 07 10 64 6101 1 _ _ 0013 1 6 0 _ _ 1 20140801154311 24
000000662014072 00000066 2014 07 17 64 6101 1 _ _ 0013 1 6 0 _ _ 1 20140801154311 24
000000662014072 00000066 2014 07 24 64 6101 1 _ _ 0013 1 6 0 _ _ 1 20140801154311 24
000000662014072 00000066 2014 07 31 64 6101 1 _ _ 0013 1 6 0 _ _ 1 20140801154311 24
