000005782014011 00000578 2014 01 06 11 7211 1 14:00 14:40 0070 1 190 0 _ _ 1 20140703144434 78
000005782014011 00000578 2014 01 13 11 7211 1 14:00 14:40 0070 1 190 0 _ _ 1 20140703144434 78
000005782014011 00000578 2014 01 20 11 7211 1 14:00 14:40 0070 1 190 0 _ _ 1 20140703144434 78
000005782014011 00000578 2014 01 27 11 7211 1 14:00 14:40 0070 1 190 0 _ _ 1 20140703144434 78
000005782014031 00000578 2014 03 03 11 7211 1 14:00 14:40 0070 1 190 0 _ _ 1 20140703144845 78
000005782014031 00000578 2014 03 10 11 7211 1 14:00 14:40 0070 1 190 0 _ _ 1 20140703144845 78
000005782014031 00000578 2014 03 17 11 7211 1 14:00 14:40 0070 1 190 0 _ _ 1 20140703144845 78
000005782014031 00000578 2014 03 24 11 7211 1 14:00 14:40 0070 1 190 0 _ _ 1 20140703144845 78
000005782014041 00000578 2014 04 02 11 4111 1 15:00 15:59 0070 1 325 0 _ _ 1 20140617183948 78
000005782014041 00000578 2014 04 09 11 4111 1 15:00 15:59 0070 1 325 0 _ _ 1 20140617183948 78
000005782014041 00000578 2014 04 16 11 4111 1 15:00 15:59 0070 1 325 0 _ _ 1 20140617183948 78
000005782014041 00000578 2014 04 23 11 4111 1 15:00 15:59 0070 1 325 0 _ _ 1 20140617183948 78
000005782014051 00000578 2014 05 07 11 4111 1 15:00 15:59 0070 1 325 0 _ _ 1 20140617182422 78
000005782014051 00000578 2014 05 14 11 4111 1 15:00 15:59 0070 1 325 0 _ _ 1 20140617182422 78
000005782014051 00000578 2014 05 21 11 4111 1 15:00 15:59 0070 1 325 0 _ _ 1 20140617182422 78
000005782014061 00000578 2014 06 02 11 7211 1 14:00 14:40 0070 1 191 0 _ _ 1 20140703145649 78
000005782014061 00000578 2014 06 09 11 7211 1 14:00 14:40 0070 1 191 0 _ _ 1 20140703145649 78
000005782014061 00000578 2014 06 16 11 7211 1 14:00 14:40 0070 1 191 0 _ _ 1 20140703145649 78
000005782014061 00000578 2014 06 23 11 7211 1 14:00 14:40 0070 1 191 0 _ _ 1 20140703145649 78
000005782014061 00000578 2014 06 30 11 7211 1 14:00 14:40 0070 1 191 0 _ _ 1 20140703145649 78
