00000240 2013 07 00052 1 20140702152421 00078
00000240 2013 08 00052 1 20140702151836 00078
00000240 2013 09 00052 1 20140702124156 00078
00000240 2013 10 00052 1 20140702133835 00078
00000240 2013 11 00052 1 20140702134455 00078
00000240 2013 12 00052 1 20140702143341 00078
00000240 2014 01 00052 1 20140617190857 00052
00000240 2014 02 00052 1 20140617190139 00052
00000240 2014 03 00052 1 20140617185120 00052
00000240 2014 04 00052 1 20140617184502 00052
00000240 2014 05 00052 1 20140819134309 00078
00000240 2014 06 00052 1 20140621124030 00047
