1 00000002 2012 11 61 0073 グランクレール・ケアサービス横浜 1111 予防訪問介護Ⅰ 1220 0 1220 4 1220 0 1220 1220 0 10.84 13224 90 11901 1323 0 n n 0 1 20140730170847 00034
1 00000007 2012 11 61 0073 グランクレール・ケアサービス横浜 1111 予防訪問介護Ⅰ 1220 0 1220 4 1220 0 1220 1220 0 10.84 13224 90 11901 1323 0 n n 0 1 20140814160754 00034
1 00000016 2012 11 61 0073 グランクレール・ケアサービス横浜 1111 予防訪問介護Ⅰ 1220 0 1220 3 1220 0 1220 1220 0 10.84 13224 90 11901 1323 0 n n 0 1 20140731153517 00078
1 00000025 2012 11 61 0073 グランクレール・ケアサービス横浜 1111 予防訪問介護Ⅰ 1220 0 1220 4 1220 0 1220 1220 0 10.84 13224 90 11901 1323 0 n n 0 1 20140731183621 00078
1 00000026 2012 11 61 0073 グランクレール・ケアサービス横浜 1111 予防訪問介護Ⅰ 1220 0 1220 4 1220 0 1220 1220 0 10.84 13224 90 11901 1323 0 n n 0 1 20140801110756 00034
1 00000027 2012 11 61 0073 グランクレール・ケアサービス横浜 1211 予防訪問介護Ⅱ 2440 0 2440 8 2440 0 2440 2440 0 10.84 26449 90 23804 2645 0 n n 0 1 20140801135511 00034
1 00000035 2012 11 61 0073 グランクレール・ケアサービス横浜 1111 予防訪問介護Ⅰ 1220 0 1220 5 1220 0 1220 1220 0 10.84 13224 90 11901 1323 0 n n 0 1 20140804110333 00034
1 00000042 2012 11 61 0073 グランクレール・ケアサービス横浜 1111 予防訪問介護Ⅰ 1220 0 1220 3 1220 0 1220 1220 0 10.84 13224 90 11901 1323 0 n n 0 1 20140804133506 00034
1 00000051 2012 11 61 0073 グランクレール・ケアサービス横浜 1111 予防訪問介護Ⅰ 1220 0 1220 5 1220 0 1220 1220 0 10.84 13224 90 11901 1323 0 n n 0 1 20140806120200 00034
1 00000064 2012 11 61 0073 グランクレール・ケアサービス横浜 1111 予防訪問介護Ⅰ 1220 0 1220 5 1220 0 1220 1220 0 10.84 13224 90 11901 1323 0 n n 0 1 20140807145846 00034
1 00000065 2012 11 61 0073 グランクレール・ケアサービス横浜 1111 予防訪問介護Ⅰ 1220 0 1220 5 1220 0 1220 1220 0 10.84 13224 90 11901 1323 0 n n 0 1 20140807155017 00034
1 00000069 2012 11 61 0073 グランクレール・ケアサービス横浜 1211 予防訪問介護Ⅱ 2440 0 2440 9 2440 0 2440 2440 0 10.84 26449 90 23804 2645 0 n n 0 1 20140808114611 00034
1 00000071 2012 11 61 0073 グランクレール・ケアサービス横浜 1211 予防訪問介護Ⅱ 2440 0 2440 7 2440 0 2440 2440 0 10.84 26449 90 23804 2645 0 n n 0 1 20140808135311 00034
1 00000072 2012 11 61 0073 グランクレール・ケアサービス横浜 1211 予防訪問介護Ⅱ 2440 0 2440 8 2440 0 2440 2440 0 10.84 26449 90 23804 2645 0 n n 0 1 20140808142900 00034
2 00000002 2012 11 61 0073 グランクレール・ケアサービス横浜 6271 予防訪問介護処遇改善加算Ⅰ 49 0 49 1 49 0 49 49 0 10.84 531 90 477 54 0 a g 0 1 20140730170847 00034
2 00000007 2012 11 61 0073 グランクレール・ケアサービス横浜 6271 予防訪問介護処遇改善加算Ⅰ 49 0 49 1 49 0 49 49 0 10.84 531 90 477 54 0 a g 0 1 20140814160754 00034
2 00000016 2012 11 61 0073 グランクレール・ケアサービス横浜 6271 予防訪問介護処遇改善加算Ⅰ 49 0 49 1 49 0 49 49 0 10.84 531 90 477 54 0 a g 0 1 20140731153517 00078
2 00000025 2012 11 61 0073 グランクレール・ケアサービス横浜 6271 予防訪問介護処遇改善加算Ⅰ 49 0 49 1 49 0 49 49 0 10.84 531 90 477 54 0 a g 0 1 20140731183621 00078
2 00000026 2012 11 61 0073 グランクレール・ケアサービス横浜 6271 予防訪問介護処遇改善加算Ⅰ 49 0 49 1 49 0 49 49 0 10.84 531 90 477 54 0 a g 0 1 20140801110756 00034
2 00000027 2012 11 61 0073 グランクレール・ケアサービス横浜 6271 予防訪問介護処遇改善加算Ⅰ 98 0 98 1 98 0 98 98 0 10.84 1062 90 955 107 0 a g 0 1 20140801135511 00034
2 00000035 2012 11 61 0073 グランクレール・ケアサービス横浜 6271 予防訪問介護処遇改善加算Ⅰ 49 0 49 1 49 0 49 49 0 10.84 531 90 477 54 0 a g 0 1 20140804110333 00034
2 00000042 2012 11 61 0073 グランクレール・ケアサービス横浜 6271 予防訪問介護処遇改善加算Ⅰ 49 0 49 1 49 0 49 49 0 10.84 531 90 477 54 0 a g 0 1 20140804133506 00034
2 00000051 2012 11 61 0073 グランクレール・ケアサービス横浜 6271 予防訪問介護処遇改善加算Ⅰ 49 0 49 1 49 0 49 49 0 10.84 531 90 477 54 0 a g 0 1 20140806120200 00034
2 00000064 2012 11 61 0073 グランクレール・ケアサービス横浜 6271 予防訪問介護処遇改善加算Ⅰ 49 0 49 1 49 0 49 49 0 10.84 531 90 477 54 0 a g 0 1 20140807145846 00034
2 00000065 2012 11 61 0073 グランクレール・ケアサービス横浜 6271 予防訪問介護処遇改善加算Ⅰ 49 0 49 1 49 0 49 49 0 10.84 531 90 477 54 0 a g 0 1 20140807155017 00034
2 00000069 2012 11 61 0073 グランクレール・ケアサービス横浜 6271 予防訪問介護処遇改善加算Ⅰ 98 0 98 1 98 0 98 98 0 10.84 1062 90 955 107 0 a g 0 1 20140808114611 00034
2 00000071 2012 11 61 0073 グランクレール・ケアサービス横浜 6271 予防訪問介護処遇改善加算Ⅰ 98 0 98 1 98 0 98 98 0 10.84 1062 90 955 107 0 a g 0 1 20140808135311 00034
2 00000072 2012 11 61 0073 グランクレール・ケアサービス横浜 6271 予防訪問介護処遇改善加算Ⅰ 98 0 98 1 98 0 98 98 0 10.84 1062 90 955 107 0 a g 0 1 20140808142900 00034
