00000238 2013 05 16 13:30 14:30 61 1211 0107 11.26 1 2440 1 20140704142206 00077
00000238 2013 05 20 13:30 14:30 61 1211 0107 11.26 1 2440 1 20140704142206 00077
00000238 2013 05 27 13:30 14:30 61 1211 0107 11.26 1 2440 1 20140704142206 00077
00000238 2013 05 30 13:30 14:30 61 1211 0107 11.26 1 2440 1 20140704142206 00077
00000238 2013 06 03 13:30 14:30 61 1211 0107 11.26 1 2440 1 20140704142147 00077
00000238 2013 06 06 13:30 14:30 61 1211 0107 11.26 1 2440 1 20140704142147 00077
00000238 2013 06 10 13:30 14:30 61 1211 0107 11.26 1 2440 1 20140704142147 00077
00000238 2013 06 13 13:30 14:30 61 1211 0107 11.26 1 2440 1 20140704142147 00077
00000238 2013 06 17 13:30 14:30 61 1211 0107 11.26 1 2440 1 20140704142147 00077
00000238 2013 06 20 13:30 14:30 61 1211 0107 11.26 1 2440 1 20140704142147 00077
00000238 2013 06 24 13:30 14:30 61 1211 0107 11.26 1 2440 1 20140704142147 00077
00000238 2013 07 01 13:30 14:30 61 1211 0107 11.26 1 2440 1 20140704142124 00077
00000238 2013 07 08 13:30 14:30 61 1211 0107 11.26 1 2440 1 20140704142124 00077
00000238 2013 07 11 13:30 14:30 61 1211 0107 11.26 1 2440 1 20140704142124 00077
00000238 2013 07 15 13:30 14:30 61 1211 0107 11.26 1 2440 1 20140704142124 00077
00000238 2013 07 22 13:30 14:30 61 1211 0107 11.26 1 2440 1 20140704142124 00077
00000238 2013 07 25 13:30 14:30 61 1211 0107 11.26 1 2440 1 20140704142124 00077
00000238 2013 07 29 13:30 14:30 61 1211 0107 11.26 1 2440 1 20140704142124 00077
00000238 2013 08 01 13:30 14:30 61 1211 0107 11.26 1 2440 1 20140704142105 00077
00000238 2013 08 08 13:30 14:30 61 1211 0107 11.26 1 2440 1 20140704142105 00077
00000238 2013 08 12 13:30 14:30 61 1211 0107 11.26 1 2440 1 20140704142105 00077
00000238 2013 08 15 13:30 14:30 61 1211 0107 11.26 1 2440 1 20140704142105 00077
00000238 2013 08 19 13:30 14:30 61 1211 0107 11.26 1 2440 1 20140704142105 00077
00000238 2013 08 22 13:30 14:30 61 1211 0107 11.26 1 2440 1 20140704142105 00077
00000238 2013 08 26 13:30 14:30 61 1211 0107 11.26 1 2440 1 20140704142105 00077
00000238 2013 08 29 13:30 14:30 61 1211 0107 11.26 1 2440 1 20140704142105 00077
00000238 2013 09 02 13:30 14:15 61 1211 0107 11.26 1 2440 1 20140704142040 00077
00000238 2013 09 05 13:30 14:15 61 1211 0107 11.26 1 2440 1 20140704142040 00077
00000238 2013 09 09 13:30 14:15 61 1211 0107 11.26 1 2440 1 20140704142040 00077
00000238 2013 09 12 13:30 14:15 61 1211 0107 11.26 1 2440 1 20140704142040 00077
00000238 2013 09 16 13:30 14:15 61 1211 0107 11.26 1 2440 1 20140704142040 00077
00000238 2013 09 19 13:30 14:15 61 1211 0107 11.26 1 2440 1 20140704142040 00077
00000238 2013 09 23 13:30 14:15 61 1211 0107 11.26 1 2440 1 20140704142040 00077
00000238 2013 09 26 13:30 14:15 61 1211 0107 11.26 1 2440 1 20140704142040 00077
00000238 2013 10 03 13:30 14:15 61 1211 0107 11.26 1 2440 1 20140704144959 00077
00000238 2013 10 07 13:30 14:15 61 1211 0107 11.26 1 2440 1 20140704144959 00077
00000238 2013 10 10 13:30 14:15 61 1211 0107 11.26 1 2440 1 20140704144959 00077
00000238 2013 10 14 13:30 14:15 61 1211 0107 11.26 1 2440 1 20140704144959 00077
00000238 2013 10 17 13:30 14:15 61 1211 0107 11.26 1 2440 1 20140704144959 00077
00000238 2013 10 21 13:30 14:15 61 1211 0107 11.26 1 2440 1 20140704144959 00077
00000238 2013 10 24 13:30 14:15 61 1211 0107 11.26 1 2440 1 20140704144959 00077
00000238 2013 10 28 13:30 14:15 61 1211 0107 11.26 1 2440 1 20140704144959 00077
00000238 2013 10 31 13:30 14:15 61 1211 0107 11.26 1 2440 1 20140704144959 00077
00000238 2013 11 04 13:30 14:15 61 1211 0107 11.26 1 2440 1 20140704144947 00077
00000238 2013 11 07 13:30 14:15 61 1211 0107 11.26 1 2440 1 20140704144947 00077
00000238 2013 11 11 13:30 14:15 61 1211 0107 11.26 1 2440 1 20140704144947 00077
00000238 2013 11 14 13:30 14:15 61 1211 0107 11.26 1 2440 1 20140704144947 00077
00000238 2013 11 21 13:30 14:15 61 1211 0107 11.26 1 2440 1 20140704144947 00077
00000238 2013 11 25 13:30 14:15 61 1211 0107 11.26 1 2440 1 20140704144947 00077
00000238 2013 11 28 13:30 14:15 61 1211 0107 11.26 1 2440 1 20140704144947 00077
00000238 2013 12 02 13:30 14:30 61 1211 0107 11.26 1 2440 1 20140704144935 00077
00000238 2013 12 05 13:30 14:30 61 1211 0107 11.26 1 2440 1 20140704144935 00077
00000238 2013 12 09 13:30 14:30 61 1211 0107 11.26 1 2440 1 20140704144935 00077
00000238 2013 12 12 13:30 14:30 61 1211 0107 11.26 1 2440 1 20140704144935 00077
00000238 2013 12 16 13:30 14:30 61 1211 0107 11.26 1 2440 1 20140704144935 00077
00000238 2013 12 19 13:30 14:30 61 1211 0107 11.26 1 2440 1 20140704144935 00077
00000238 2013 12 23 13:30 14:30 61 1211 0107 11.26 1 2440 1 20140704144935 00077
00000238 2013 12 26 13:30 14:30 61 1211 0107 11.26 1 2440 1 20140704144935 00077
00000238 2013 12 30 13:30 14:30 61 1211 0107 11.26 1 2440 1 20140704144935 00077
00000238 2014 01 06 13:30 14:15 61 1211 0107 11.26 1 2440 1 20140617194127 00049
00000238 2014 01 09 13:30 14:15 61 1211 0107 11.26 1 2440 1 20140617194127 00049
00000238 2014 01 13 13:30 14:15 61 1211 0107 11.26 1 2440 1 20140617194127 00049
00000238 2014 01 16 13:30 14:15 61 1211 0107 11.26 1 2440 1 20140617194127 00049
00000238 2014 01 20 13:30 14:15 61 1211 0107 11.26 1 2440 1 20140617194127 00049
00000238 2014 01 23 13:30 14:15 61 1211 0107 11.26 1 2440 1 20140617194127 00049
00000238 2014 01 27 13:30 14:15 61 1211 0107 11.26 1 2440 1 20140617194127 00049
00000238 2014 01 30 13:30 14:15 61 1211 0107 11.26 1 2440 1 20140617194127 00049
00000238 2014 02 03 13:30 14:15 61 1211 0107 11.26 1 2440 1 20140617193441 00049
00000238 2014 02 10 13:30 14:15 61 1211 0107 11.26 1 2440 1 20140617193441 00049
00000238 2014 02 17 13:30 14:15 61 1211 0107 11.26 1 2440 1 20140617193441 00049
00000238 2014 02 20 13:30 14:15 61 1211 0107 11.26 1 2440 1 20140617193441 00049
00000238 2014 02 27 13:30 14:15 61 1211 0107 11.26 1 2440 1 20140617193441 00049
00000238 2014 03 03 13:30 14:15 61 1211 0107 11.26 1 2440 1 20140617193048 00049
00000238 2014 03 06 13:30 14:15 61 1211 0107 11.26 1 2440 1 20140617193048 00049
00000238 2014 03 10 13:30 14:15 61 1211 0107 11.26 1 2440 1 20140617193048 00049
00000238 2014 03 13 13:30 14:15 61 1211 0107 11.26 1 2440 1 20140617193048 00049
00000238 2014 03 17 13:30 14:15 61 1211 0107 11.26 1 2440 1 20140617193048 00049
00000238 2014 03 20 13:30 14:15 61 1211 0107 11.26 1 2440 1 20140617193048 00049
00000238 2014 03 24 13:30 14:15 61 1211 0107 11.26 1 2440 1 20140617193048 00049
00000238 2014 03 27 13:30 14:15 61 1211 0107 11.26 1 2440 1 20140617193048 00049
00000238 2014 03 31 13:30 14:15 61 1211 0107 11.26 1 2440 1 20140617193048 00049
00000238 2014 04 03 13:30 14:15 61 1211 0107 11.26 1 2452 1 20140617192748 00049
00000238 2014 04 07 13:30 14:15 61 1211 0107 11.26 1 2452 1 20140617192748 00049
00000238 2014 04 10 13:30 14:15 61 1211 0107 11.26 1 2452 1 20140617192748 00049
00000238 2014 04 14 13:30 14:15 61 1211 0107 11.26 1 2452 1 20140617192748 00049
00000238 2014 04 17 13:30 14:15 61 1211 0107 11.26 1 2452 1 20140617192748 00049
00000238 2014 04 21 13:30 14:15 61 1211 0107 11.26 1 2452 1 20140617192748 00049
00000238 2014 04 24 13:30 14:15 61 1211 0107 11.26 1 2452 1 20140617192748 00049
00000238 2014 04 28 13:30 14:15 61 1211 0107 11.26 1 2452 1 20140617192748 00049
00000238 2014 05 01 13:30 14:15 61 1211 0107 11.26 1 2452 1 20140819121601 00078
00000238 2014 05 05 13:30 14:15 61 1211 0107 11.26 1 2452 1 20140819121601 00078
00000238 2014 05 08 13:30 14:15 61 1211 0107 11.26 1 2452 1 20140819121601 00078
00000238 2014 05 12 13:30 14:15 61 1211 0107 11.26 1 2452 1 20140819121601 00078
00000238 2014 05 12 13:30 14:30 61 1211 0107 11.26 1 2452 1 20140728181641 00078
00000238 2014 05 15 13:30 14:15 61 1211 0107 11.26 1 2452 1 20140819121601 00078
00000238 2014 05 15 13:30 14:30 61 1211 0107 11.26 1 2452 1 20140728181641 00078
00000238 2014 05 19 13:30 14:15 61 1211 0107 11.26 1 2452 1 20140819121601 00078
00000238 2014 05 19 13:30 14:30 61 1211 0107 11.26 1 2452 1 20140728181641 00078
00000238 2014 05 22 13:30 14:15 61 1211 0107 11.26 1 2452 1 20140819121601 00078
00000238 2014 05 22 13:30 14:30 61 1211 0107 11.26 1 2452 1 20140728181641 00078
00000238 2014 05 26 13:30 14:15 61 1211 0107 11.26 1 2452 1 20140819121601 00078
00000238 2014 05 26 13:30 14:30 61 1211 0107 11.26 1 2452 1 20140728181641 00078
00000238 2014 06 02 13:30 14:15 61 1211 0107 11.26 1 2452 1 20140701160052 00049
00000238 2014 06 05 13:30 14:15 61 1211 0107 11.26 1 2452 1 20140701160052 00049
00000238 2014 06 09 13:30 14:15 61 1211 0107 11.26 1 2452 1 20140701160052 00049
00000238 2014 06 11 13:30 14:15 61 1211 0107 11.26 1 2452 1 20140701160052 00049
00000238 2014 06 16 13:30 14:15 61 1211 0107 11.26 1 2452 1 20140701160052 00049
00000238 2014 06 19 13:00 13:45 61 1211 0107 11.26 1 2452 1 20140701160052 00049
00000238 2014 06 23 13:30 14:15 61 1211 0107 11.26 1 2452 1 20140701160052 00049
00000238 2014 06 26 13:30 14:15 61 1211 0107 11.26 1 2452 1 20140701160052 00049
00000238 2014 06 30 13:30 14:15 61 1211 0107 11.26 1 2452 1 20140701160052 00049
00000238 2014 07 03 13:30 14:14 61 1211 0107 11.26 1 2452 1 20140802122416 00047
00000238 2014 07 07 13:30 14:14 61 1211 0107 11.26 1 2452 1 20140802122416 00047
00000238 2014 07 10 13:30 14:14 61 1211 0107 11.26 1 2452 1 20140802122416 00047
00000238 2014 07 14 13:30 14:14 61 1211 0107 11.26 1 2452 1 20140802122416 00047
00000238 2014 07 17 13:00 13:44 61 1211 0107 11.26 1 2452 1 20140802122416 00047
00000238 2014 07 21 13:30 14:14 61 1211 0107 11.26 1 2452 1 20140802122416 00047
00000238 2014 07 24 13:30 14:14 61 1211 0107 11.26 1 2452 1 20140802122416 00047
00000238 2014 07 28 13:30 14:14 61 1211 0107 11.26 1 2452 1 20140802122416 00047
00000238 2014 07 31 13:30 14:14 61 1211 0107 11.26 1 2452 1 20140802122416 00047
