00000070 2014 06 03 11:00 11:59 61 1211 0073 10.84 1 2452 1 20140701100743 00034
00000070 2014 06 06 13:30 14:29 61 1211 0073 10.84 1 2452 1 20140701100743 00034
00000070 2014 06 10 11:00 11:59 61 1211 0073 10.84 1 2452 1 20140701100743 00034
00000070 2014 06 13 13:30 14:29 61 1211 0073 10.84 1 2452 1 20140701100743 00034
00000070 2014 06 17 11:00 11:59 61 1211 0073 10.84 1 2452 1 20140701100743 00034
00000070 2014 06 20 13:30 14:29 61 1211 0073 10.84 1 2452 1 20140701100743 00034
00000070 2014 06 24 11:00 11:59 61 1211 0073 10.84 1 2452 1 20140701100743 00034
00000070 2014 06 27 13:30 14:29 61 1211 0073 10.84 1 2452 1 20140701100743 00034
00000070 2014 07 01 11:00 11:59 61 1211 0073 10.84 1 2452 1 20140731104028 00035
00000070 2014 07 04 13:30 14:29 61 1211 0073 10.84 1 2452 1 20140731104028 00035
00000070 2014 07 08 11:00 11:59 61 1211 0073 10.84 1 2452 1 20140731104028 00035
00000070 2014 07 11 13:30 14:29 61 1211 0073 10.84 1 2452 1 20140731104028 00035
00000070 2014 07 15 11:00 11:59 61 1211 0073 10.84 1 2452 1 20140731104028 00035
00000070 2014 07 18 13:30 14:29 61 1211 0073 10.84 1 2452 1 20140731104028 00035
00000070 2014 07 22 11:00 11:59 61 1211 0073 10.84 1 2452 1 20140731104028 00035
00000070 2014 07 25 13:30 14:29 61 1211 0073 10.84 1 2452 1 20140731104028 00035
00000070 2014 07 29 11:00 11:59 61 1211 0073 10.84 1 2452 1 20140731104028 00035
