00000070 0073 2014 06 0000002 03 00035 _ 11:00 11:59 2 _ 0 1211 1 61 1 20140701100743 00034
00000070 0073 2014 06 0000003 06 00035 _ 13:30 14:29 2 _ 0 1211 1 61 1 20140701100743 00034
00000070 0073 2014 06 0000004 10 00039 _ 11:00 11:59 2 _ 0 1211 1 61 1 20140701100743 00034
00000070 0073 2014 06 0000005 13 00039 _ 13:30 14:29 2 _ 0 1211 1 61 1 20140701100743 00034
00000070 0073 2014 06 0000006 17 00039 _ 11:00 11:59 2 _ 0 1211 1 61 1 20140701100743 00034
00000070 0073 2014 06 0000007 20 00039 _ 13:30 14:29 2 _ 0 1211 1 61 1 20140701100743 00034
00000070 0073 2014 06 0000008 27 00039 _ 13:30 14:29 2 _ 0 1211 1 61 1 20140701100743 00034
00000070 0073 2014 06 0000009 24 00039 _ 11:00 11:59 2 _ 0 1211 1 61 1 20140701100743 00034
00000070 0073 2014 07 0000010 01 00039 _ 11:00 11:59 2 _ 0 1211 1 61 1 20140731104028 00035
00000070 0073 2014 07 0000011 04 00039 _ 13:30 14:29 2 _ 0 1211 1 61 1 20140731104028 00035
00000070 0073 2014 07 0000012 15 00038 _ 11:00 11:59 2 _ 0 1211 1 61 1 20140731104028 00035
00000070 0073 2014 07 0000013 11 00039 _ 13:30 14:29 2 _ 0 1211 1 61 1 20140731104028 00035
00000070 0073 2014 07 0000014 22 00035 _ 11:00 11:59 2 _ 0 1211 1 61 1 20140731104028 00035
00000070 0073 2014 07 0000015 25 00038 _ 13:30 14:29 2 _ 0 1211 1 61 1 20140731104028 00035
00000070 0073 2014 07 0000016 18 00039 _ 13:30 14:29 2 _ 0 1211 1 61 1 20140731104028 00035
00000070 0073 2014 07 0000017 29 00039 _ 11:00 11:59 2 _ 0 1211 1 61 1 20140731104028 00035
00000070 0073 2014 07 0000018 08 00039 _ 11:00 11:59 2 _ 0 1211 1 61 1 20140731104028 00035
00000070 0073 2014 08 0000019 01 00039 _ 13:30 14:29 2 _ 0 1211 1 61 1 20140815130114 00035
00000070 0073 2014 08 0000020 05 00039 _ 11:00 11:59 2 _ 0 1211 1 61 1 20140815130114 00035
00000070 0073 2014 08 0000021 08 00039 _ 13:30 14:29 2 _ 0 1211 1 61 1 20140815130114 00035
00000070 0073 2014 08 0000022 12 00039 _ 11:00 11:59 2 _ 0 1211 1 61 1 20140815130114 00035
