00000151 2014 01 1 1 00013 1 20140617162520 00030
00000151 2014 02 1 1 00013 1 20140617163052 00030
00000151 2014 03 1 1 00013 1 20140617163948 00030
00000151 2014 04 1 1 00013 1 20140617164658 00030
00000151 2014 05 1 1 00013 1 20140818164759 00030
00000151 2014 06 1 1 00031 1 20140702131252 00031
00000151 2014 07 1 1 00031 1 20140801211521 00031
00000151 2014 08 1 1 00031 1 20140904103921 00031
00000151 2014 09 1 _ 00031 1 20140923154458 00031
00000151 2014 10 1 1 00031 1 20141205161103 00030
00000151 2014 11 1 1 00031 1 20141201173758 00031
00000151 2014 12 1 _ 00031 1 20141204132259 00031
