00000230 2012 11 00032 1 20140730141859 00078
00000230 2012 12 00032 1 20140730144541 00078
00000230 2013 01 00032 1 20140710115345 00078
00000230 2013 02 00032 1 20140710120915 00078
00000230 2013 03 00032 1 20140710150945 00078
00000230 2013 04 00032 1 20140710135427 00078
00000230 2013 05 00032 1 20140710141209 00078
00000230 2013 06 00032 1 20140710143734 00078
00000230 2013 07 00032 1 20140710145226 00078
00000230 2013 08 00032 1 20140710150701 00078
00000230 2013 09 00032 1 20140710153517 00078
00000230 2013 10 00032 1 20140808162147 00078
00000230 2013 11 00032 1 20140808164454 00078
00000230 2013 12 00032 1 20140808165819 00078
00000230 2014 01 00047 1 20140617213330 00052
00000230 2014 02 00047 1 20140617211814 00052
00000230 2014 03 00047 1 20140617212225 00052
