00000082 2013 12 2 10400 1 20140627160725 00030
00000082 2014 01 2 10400 1 20140613165158 00030
00000082 2014 02 2 10400 1 20140613170048 00030
00000082 2014 03 2 10400 1 20140613170912 00030
00000082 2014 04 2 10473 1 20140613171626 00030
00000082 2014 05 2 10473 1 20140818110058 00030
00000082 2014 06 2 10473 1 20140702155007 00088
00000082 2014 07 2 10473 1 20140804100503 00088
00000082 2014 08 2 10473 1 20140903102753 00088
00000082 2014 09 2 10473 1 20141009110214 00088
00000082 2014 10 2 10473 1 20141102102419 00088
00000082 2014 11 2 10473 1 20141201161325 00088
00000082 2014 12 1 5003 1 20141129091633 00088
00000082 2015 01 1 5003 1 20141211102519 00088
