00000307 0073 2014 06 0000002 18 00037 00035 15:00 15:59 2 _ 0 1211 1 61 1 20140701100004 00078
00000307 0073 2014 06 0000003 22 00037 _ 18:15 18:44 2 _ 0 1211 1 61 1 20140701100004 00078
00000307 0073 2014 06 0000004 25 00035 _ 15:00 15:59 2 _ 0 1211 1 61 1 20140701100004 00078
00000307 0073 2014 06 0000005 29 00037 _ 18:30 19:00 2 _ 0 1211 1 61 1 20140701100004 00078
00000307 0073 2014 07 0000006 06 00037 _ 18:15 18:44 2 _ 0 1211 1 61 1 20140731105214 00035
00000307 0073 2014 07 0000007 20 00038 _ 18:15 18:44 2 _ 0 1211 1 61 1 20140731105214 00035
00000307 0073 2014 07 0000008 27 00035 _ 18:15 18:44 2 _ 0 1211 1 61 1 20140731105214 00035
00000307 0073 2014 07 0000009 02 00094 _ 15:00 15:59 2 _ 0 1211 1 61 1 20140731105214 00035
00000307 0073 2014 07 0000010 09 00094 _ 15:00 15:59 2 _ 0 1211 1 61 1 20140731105214 00035
00000307 0073 2014 07 0000011 16 00094 _ 15:00 15:59 2 _ 0 1211 1 61 1 20140731105214 00035
00000307 0073 2014 07 0000012 23 00094 _ 15:00 15:59 2 _ 0 1211 1 61 1 20140731105214 00035
00000307 0073 2014 07 0000013 30 00094 _ 15:00 15:59 2 _ 0 1211 1 61 1 20140731105214 00035
00000307 0073 2014 07 0000014 13 00037 _ 18:15 18:44 2 _ 0 1211 1 61 1 20140731105214 00035
00000307 0073 2014 08 0000015 03 00100 _ 18:15 18:44 2 _ 0 1211 1 61 1 20140815132036 00037
00000307 0073 2014 08 0000016 06 00094 _ 15:00 15:59 2 _ 0 1211 1 61 1 20140815132036 00037
00000307 0073 2014 08 0000017 13 00094 _ 15:00 15:59 2 _ 0 1211 1 61 1 20140815132036 00037
