00000065 00002 00002 05 26 7 平成26年8月1日 1 0 0 0 _ 4日の同窓会（藤が丘　梅の花）を楽しみにされていました。11日舌をかまれており、繰り返してしまうため、柔らかいお食事、食しているとの事です。18日、口内、頬の内側など繰り返し噛んでしまうので歯科受診しましたが、処方された薬が合わず、吐き気があると伺いました。薬は破棄されたとの事。25日、先週唾液を出す薬を服薬した際、3日間気持ち悪かったため、今は梅干を舐め、唾液を出しているとおっしゃっていました。 0 3 1 20140802170124 00034
00000065 00002 00003 05 _ _ _ 1 0 0 0 _ _ 0 0 1 20140802170124 00034
00000065 00002 00004 05 _ _ _ 1 0 0 0 _ _ 0 0 1 20140802170124 00034
00000065 00003 00002 05 26 7 平成26年8月1日 1 0 0 0 _ 4日の同窓会（藤が丘　梅の花）を楽しみにされていました。11日舌をかまれており、繰り返してしまうため、柔らかいお食事、食しているとの事です。18日、口内、頬の内側など繰り返し噛んでしまうので歯科受診しましたが、処方された薬が合わず、吐き気があると伺いました。薬は破棄されたとの事。25日、先週唾液を出す薬を服薬した際、3日間気持ち悪かったため、今は梅干を舐め、唾液を出しているとおっしゃっていました。 0 3 1 20140903183848 00035
00000065 00003 00003 05 26 8 平成26年9月3日 1 0 0 0 _ 新規ヘルパーご紹介し、問題なく受入れて頂いています。\n1日より舌の痛み訴えており、5日受診の予定だそうです。\n8日訪問時、1昨日転倒し頭を打ったと話されています。\n15日訪問時、翌日昭和大学、息子様と受診されると話されており、口腔内舌両側から裏にかけ炎症あり、痛みあるとのこと。頭を打ったところの痛みは治まってきたとのこと。\n19日～25日にかけ検査のため入院されています。29日訪問時はお部屋の片付けをされており、お薬の飲み忘れ防止対策をお考えでした。 0 3 1 20140903183848 00035
00000065 00003 00004 05 _ _ _ 1 0 0 0 _ _ 0 0 1 20140903183848 00035
00000065 00004 00002 05 26 7 平成26年8月1日 1 0 0 0 _ 4日の同窓会（藤が丘　梅の花）を楽しみにされていました。11日舌をかまれており、繰り返してしまうため、柔らかいお食事、食しているとの事です。18日、口内、頬の内側など繰り返し噛んでしまうので歯科受診しましたが、処方された薬が合わず、吐き気があると伺いました。薬は破棄されたとの事。25日、先週唾液を出す薬を服薬した際、3日間気持ち悪かったため、今は梅干を舐め、唾液を出しているとおっしゃっていました。 0 3 1 20140903190849 00035
00000065 00004 00003 05 26 8 平成26年9月3日 1 0 0 1 _ 新規ヘルパーご紹介し、問題なく受入れて頂いています。\n1日より舌の痛み訴えており、5日受診の予定だそうです。\n8日訪問時、1昨日転倒し頭を打ったと話されています。\n15日訪問時、翌日昭和大学、息子様と受診されると話されており、口腔内舌両側から裏にかけ炎症あり、痛みあるとのこと。頭を打ったところの痛みは治まってきたとのこと。\n19日～25日にかけ検査のため入院されています。29日訪問時はお部屋の片付けをされており、お薬の飲み忘れ防止対策をお考えでした。 0 3 1 20140903190849 00035
00000065 00004 00004 05 _ _ _ 1 0 0 0 _ _ 0 0 1 20140903190849 00035
00000065 00005 00002 05 26 7 平成26年8月1日 1 0 0 0 _ 4日の同窓会（藤が丘　梅の花）を楽しみにされていました。11日舌をかまれており、繰り返してしまうため、柔らかいお食事、食しているとの事です。18日、口内、頬の内側など繰り返し噛んでしまうので歯科受診しましたが、処方された薬が合わず、吐き気があると伺いました。薬は破棄されたとの事。25日、先週唾液を出す薬を服薬した際、3日間気持ち悪かったため、今は梅干を舐め、唾液を出しているとおっしゃっていました。 0 3 1 20141003173932 00034
00000065 00005 00003 05 26 8 平成26年9月3日 1 0 0 1 _ 新規ヘルパーご紹介し、問題なく受入れて頂いています。\n1日より舌の痛み訴えており、5日受診予定。\n8日訪問時、1昨日転倒し頭を打ったと話されています。\n15日訪問時、翌日昭和大学、息子様と受診されると話されており、口腔内舌両側から裏にかけ炎症あり、痛みあるとのこと。頭を打ったところの痛みは治まってきたとのこと。\n19日～25日にかけ検査のため入院されています（診断はジスキネシア）。\n29日訪問時はお部屋の片付けをされており、お薬の飲み忘れ防止対策をお考えでした。 0 3 1 20141003173932 00034
00000065 00005 00004 05 26 9 平成26年10月2日 1 0 0 0 _ 体調安定されています。\n訪問時は明るい表情で荷物の整理、お片づけをゆっくりされたり、ご自身が撮られた花の写真を見せてくださったり、台所に立たれ切花されてお過ごしです。\n26日は息子様ご夫妻訪室されています。\n 0 3 1 20141003173932 00034
00000065 00006 00005 05 26 10 平成26年11月1日 1 0 0 0 _ 23日モニタリング行っています（モニタリングシート参照）3日来客あり、ご了承を得てお掃除させて頂いています。近くまでのお買物や、館内のイベントに気軽に参加されています。\n24日冷蔵庫の扉に頭頂部ぶつけ氷で冷やされています。\n参加されていた脳トレの復唱されていたご様子です。 0 3 1 20141101180430 00035
00000065 00006 00006 05 _ _ _ 1 0 0 0 _ _ 0 0 1 20141101180430 00035
00000065 00006 00007 05 _ _ _ 1 0 0 0 _ _ 0 0 1 20141101180430 00035
00000065 00007 00005 05 26 10 平成26年11月1日 1 0 0 0 _ 23日モニタリング行っています（モニタリングシート参照）3日来客あり、ご了承を得てお掃除させて頂いています。近くまでのお買物や、館内のイベントに気軽に参加されています。\n24日冷蔵庫の扉に頭頂部ぶつけ氷で冷やされています。\n参加されていた脳トレの復唱されていたご様子です。\n 0 3 1 20141101180622 00035
00000065 00007 00006 05 _ _ _ 1 0 0 0 _ _ 0 0 1 20141101180622 00035
00000065 00007 00007 05 _ _ _ 1 0 0 0 _ _ 0 0 1 20141101180622 00035
00000065 00008 00005 05 26 10 平成26年11月1日 1 0 0 0 _ 23日モニタリング行っています（モニタリングシート参照）\n3日来客あり、ご了承を得てお掃除させて頂いています。近くまでのお買物や、館内のイベントに気軽に参加されています。\n24日冷蔵庫の扉に頭頂部ぶつけ氷で冷やされています。\n参加されていた脳トレの復唱されていたご様子です。\n 0 3 1 20141101180639 00035
00000065 00008 00006 05 _ _ _ 1 0 0 0 _ _ 0 0 1 20141101180639 00035
00000065 00008 00007 05 _ _ _ 1 0 0 0 _ _ 0 0 1 20141101180639 00035
00000065 00009 00005 05 26 10 平成26年11月1日 1 0 0 0 _ 23日モニタリング行っています（モニタリングシート参照）\n3日来客あり、ご了承を得てお掃除させて頂いています。近くまでのお買物や、館内のイベントに気軽に参加されています。\n24日冷蔵庫の扉に頭頂部ぶつけ氷で冷やされています。\n参加されていた脳トレの復唱されていたご様子です。\n 0 3 1 20141101180800 00035
00000065 00009 00006 05 _ _ _ 1 0 0 0 _ _ 0 0 1 20141101180800 00035
00000065 00009 00007 05 _ _ _ 1 0 0 0 _ _ 0 0 1 20141101180800 00035
00000065 00010 00005 05 26 10 平成26年11月1日 1 0 0 0 _ 23日モニタリング行っています（モニタリングシート参照）\n3日来客あり、ご了承を得てお掃除させて頂いています。近くまでのお買物や、館内のイベントに気軽に参加されています。\n24日冷蔵庫の扉に頭頂部ぶつけ氷で冷やされています。\n参加されていた脳トレの復唱されていたご様子です。\n 0 3 1 20141203191849 00035
00000065 00010 00006 05 26 11 平成26年12月3日 1 0 0 0 _ 7日、フラワーアレンジメントのため当日キャンセルとなっています。14日、前日から頭痛があり、当日は治まっていましたが身体のだるさが残り、サービス中はベッドにて休まれています。21日、体調はお変わりないそうですが、日中も眠いとのこと。身体のだるさは治まったそうです。28日、フロント受付時「個別体操教室」に参加され不在と連絡あり、相談員にお迎えに行って頂き、定時にサービス行っています。ご本人は16時からのサービスと勘違いされていたそうです。今後は14時からの体操教室に時間変更して頂いています。 0 2 1 20141203191849 00035
00000065 00010 00007 05 _ _ _ 1 0 0 0 _ _ 0 0 1 20141203191849 00035
