00000158 2014 02 6 30600 1 20140617190844 00030
00000158 2014 03 6 30600 1 20140617190952 00030
00000158 2014 04 6 30806 1 20140617191724 00030
00000158 2014 05 6 30806 1 20140812122401 00030
00000158 2014 06 6 30806 1 20140703211852 00030
00000158 2014 07 6 30806 1 20140802173153 00030
00000158 2014 08 6 30806 1 20140902215711 00030
00000158 2014 09 6 30806 1 20141004140159 00030
00000158 2014 10 6 30806 1 20141102193252 00030
00000158 2014 11 6 30806 1 20141203121135 00030
00000158 2014 12 4 19616 1 20141115104104 00030
