00000158 2014 02 1 1 00030 1 20140617190835 00030
00000158 2014 03 1 1 00030 1 20140617190941 00030
00000158 2014 04 1 1 00030 1 20140617191707 00030
00000158 2014 05 1 1 00030 1 20140812122349 00030
00000158 2014 06 1 1 00030 1 20140703211835 00030
00000158 2014 07 1 1 00030 1 20140802173136 00030
00000158 2014 08 1 1 00030 1 20140902215626 00030
00000158 2014 09 1 1 00030 1 20141004140137 00030
00000158 2014 10 1 1 00030 1 20141102193216 00030
00000158 2014 11 1 1 00030 1 20141203121109 00030
00000158 2014 12 1 _ 00030 1 20141115104050 00030
