00000203 2013 10 01 08:30 09:29 11 4111 0029 11.26 1 324 1 20140702135303 00078
00000203 2013 10 01 13:00 13:59 11 4111 0029 11.26 1 324 1 20140702135303 00078
00000203 2013 10 01 19:00 19:29 11 1112 0029 11.26 1 318 1 20140702135303 00078
00000203 2013 10 02 08:30 09:29 11 4111 0029 11.26 1 324 1 20140702135303 00078
00000203 2013 10 02 13:00 13:59 11 1211 0029 11.26 1 402 1 20140702135303 00078
00000203 2013 10 02 19:00 19:29 11 1112 0029 11.26 1 318 1 20140702135303 00078
00000203 2013 10 03 08:30 09:29 11 4111 0029 11.26 1 324 1 20140702135303 00078
00000203 2013 10 03 13:00 13:29 11 1111 0029 11.26 1 254 1 20140702135303 00078
00000203 2013 10 03 19:00 19:29 11 1112 0029 11.26 1 318 1 20140702135303 00078
00000203 2013 10 04 08:30 09:29 11 4111 0029 11.26 1 324 1 20140702135303 00078
00000203 2013 10 04 13:00 13:59 11 4111 0029 11.26 1 324 1 20140702135303 00078
00000203 2013 10 04 19:00 19:29 11 1112 0029 11.26 1 318 1 20140702135303 00078
00000203 2013 10 05 08:30 09:29 11 4111 0029 11.26 1 324 1 20140702135303 00078
00000203 2013 10 05 13:00 13:29 11 1111 0029 11.26 1 254 1 20140702135303 00078
00000203 2013 10 05 19:00 19:29 11 1112 0029 11.26 1 318 1 20140702135303 00078
00000203 2013 10 06 08:30 09:29 11 4111 0029 11.26 1 324 1 20140702135303 00078
00000203 2013 10 06 13:00 13:59 11 1211 0029 11.26 1 402 1 20140702135303 00078
00000203 2013 10 06 19:00 19:29 11 1112 0029 11.26 1 318 1 20140702135303 00078
00000203 2013 10 07 08:30 09:29 11 4111 0029 11.26 1 324 1 20140702135303 00078
00000203 2013 10 07 13:00 13:59 11 4111 0029 11.26 1 324 1 20140702135303 00078
00000203 2013 10 07 19:00 19:29 11 1112 0029 11.26 1 318 1 20140702135303 00078
00000203 2013 10 08 08:30 09:29 11 4111 0029 11.26 1 324 1 20140702135303 00078
00000203 2013 10 08 13:00 13:59 11 1211 0029 11.26 1 402 1 20140702135303 00078
00000203 2013 10 08 19:00 19:29 11 1112 0029 11.26 1 318 1 20140702135303 00078
00000203 2013 10 09 08:30 09:29 11 4111 0029 11.26 1 324 1 20140702135303 00078
00000203 2013 10 09 13:00 13:59 11 1211 0029 11.26 1 402 1 20140702135303 00078
00000203 2013 10 09 19:00 19:29 11 1112 0029 11.26 1 318 1 20140702135303 00078
00000203 2013 10 10 08:30 09:29 11 4111 0029 11.26 1 324 1 20140702135303 00078
00000203 2013 10 10 13:00 13:29 11 1111 0029 11.26 1 254 1 20140702135303 00078
00000203 2013 10 10 19:00 19:29 11 1112 0029 11.26 1 318 1 20140702135303 00078
00000203 2013 10 11 08:30 09:29 11 4111 0029 11.26 1 324 1 20140702135303 00078
00000203 2013 10 11 13:00 13:59 11 4111 0029 11.26 1 324 1 20140702135303 00078
00000203 2013 10 11 19:00 19:29 11 1112 0029 11.26 1 318 1 20140702135303 00078
00000203 2013 10 12 08:30 09:29 11 4111 0029 11.26 1 324 1 20140702135303 00078
00000203 2013 10 12 13:00 13:29 11 1111 0029 11.26 1 254 1 20140702135303 00078
00000203 2013 10 12 19:00 19:29 11 1112 0029 11.26 1 318 1 20140702135303 00078
00000203 2013 10 13 08:30 09:29 11 4111 0029 11.26 1 324 1 20140702135303 00078
00000203 2013 10 13 13:00 13:59 11 1211 0029 11.26 1 402 1 20140702135303 00078
00000203 2013 10 13 19:00 19:29 11 1112 0029 11.26 1 318 1 20140702135303 00078
00000203 2013 10 14 08:30 09:29 11 4111 0029 11.26 1 324 1 20140702135303 00078
00000203 2013 10 14 13:00 13:59 11 4111 0029 11.26 1 324 1 20140702135303 00078
00000203 2013 10 14 19:00 19:29 11 1112 0029 11.26 1 318 1 20140702135303 00078
00000203 2013 10 15 08:30 09:29 11 4111 0029 11.26 1 324 1 20140702135303 00078
00000203 2013 10 15 13:00 13:59 11 4111 0029 11.26 1 324 1 20140702135303 00078
00000203 2013 10 15 19:00 19:29 11 1112 0029 11.26 1 318 1 20140702135303 00078
00000203 2013 10 16 08:30 09:29 11 4111 0029 11.26 1 324 1 20140702135303 00078
00000203 2013 10 16 08:30 09:30 11 4111 0029 11.26 1 324 1 20140702134648 00078
00000203 2013 10 16 13:00 13:59 11 1211 0029 11.26 1 402 1 20140702135303 00078
00000203 2013 10 16 19:00 19:29 11 1112 0029 11.26 1 318 1 20140702135303 00078
00000203 2013 10 17 08:30 09:29 11 4111 0029 11.26 1 324 1 20140702135303 00078
00000203 2013 10 17 13:00 13:29 11 1111 0029 11.26 1 254 1 20140702135303 00078
00000203 2013 10 17 19:00 19:29 11 1112 0029 11.26 1 318 1 20140702135303 00078
00000203 2013 10 18 08:30 09:29 11 4111 0029 11.26 1 324 1 20140702135303 00078
00000203 2013 10 18 13:00 13:59 11 4111 0029 11.26 1 324 1 20140702135303 00078
00000203 2013 10 18 19:00 19:29 11 1112 0029 11.26 1 318 1 20140702135303 00078
00000203 2013 10 19 08:30 09:29 11 4111 0029 11.26 1 324 1 20140702135303 00078
00000203 2013 10 19 13:00 13:29 11 1111 0029 11.26 1 254 1 20140702135303 00078
00000203 2013 10 19 19:00 19:29 11 1112 0029 11.26 1 318 1 20140702135303 00078
00000203 2013 10 20 08:30 09:29 11 4111 0029 11.26 1 324 1 20140702135303 00078
00000203 2013 10 20 13:00 13:59 11 1211 0029 11.26 1 402 1 20140702135303 00078
00000203 2013 10 20 19:00 19:29 11 1112 0029 11.26 1 318 1 20140702135303 00078
00000203 2013 10 21 08:30 09:29 11 4111 0029 11.26 1 324 1 20140702135303 00078
00000203 2013 10 21 13:00 13:59 11 4111 0029 11.26 1 324 1 20140702135303 00078
00000203 2013 10 21 19:00 19:29 11 1112 0029 11.26 1 318 1 20140702135303 00078
00000203 2013 10 22 08:30 09:29 11 4111 0029 11.26 1 324 1 20140702135303 00078
00000203 2013 10 22 13:00 13:59 11 4111 0029 11.26 1 324 1 20140702135303 00078
00000203 2013 10 22 19:00 19:29 11 1112 0029 11.26 1 318 1 20140702135303 00078
00000203 2013 10 23 08:30 09:29 11 4111 0029 11.26 1 324 1 20140702135303 00078
00000203 2013 10 23 13:00 13:59 11 1211 0029 11.26 1 402 1 20140702135303 00078
00000203 2013 10 23 19:00 19:29 11 1112 0029 11.26 1 318 1 20140702135303 00078
00000203 2013 10 24 08:30 09:29 11 4111 0029 11.26 1 324 1 20140702135303 00078
00000203 2013 10 25 08:30 09:29 11 4111 0029 11.26 1 324 1 20140702135303 00078
00000203 2013 10 25 13:00 13:59 11 4111 0029 11.26 1 324 1 20140702135303 00078
00000203 2013 10 25 19:00 19:29 11 1112 0029 11.26 1 318 1 20140702135303 00078
00000203 2013 10 26 08:30 09:29 11 4111 0029 11.26 1 324 1 20140702135303 00078
00000203 2013 10 26 08:30 09:30 11 4111 0029 11.26 1 324 1 20140702134648 00078
00000203 2013 10 26 13:00 13:29 11 1111 0029 11.26 1 254 1 20140702135303 00078
00000203 2013 10 27 08:30 09:29 11 4111 0029 11.26 1 324 1 20140702135303 00078
00000203 2013 10 27 08:30 09:30 11 4111 0029 11.26 1 324 1 20140702134648 00078
00000203 2013 10 27 13:00 13:59 11 1211 0029 11.26 1 402 1 20140702135303 00078
00000203 2013 10 27 19:00 19:29 11 1112 0029 11.26 1 318 1 20140702135303 00078
00000203 2013 10 28 08:30 09:29 11 4111 0029 11.26 1 324 1 20140702135303 00078
00000203 2013 10 28 13:00 13:59 11 4111 0029 11.26 1 324 1 20140702135303 00078
00000203 2013 10 28 19:00 19:29 11 1112 0029 11.26 1 318 1 20140702135303 00078
00000203 2013 10 29 08:30 09:29 11 4111 0029 11.26 1 324 1 20140702135303 00078
00000203 2013 10 29 15:00 15:59 11 4111 0029 11.26 1 324 1 20140702135303 00078
00000203 2013 10 29 19:00 19:29 11 1112 0029 11.26 1 318 1 20140702135303 00078
00000203 2013 10 30 08:30 09:29 11 4111 0029 11.26 1 324 1 20140702135303 00078
00000203 2013 10 30 13:00 13:59 11 1211 0029 11.26 1 402 1 20140702135303 00078
00000203 2013 10 31 08:30 09:29 11 4111 0029 11.26 1 324 1 20140702135303 00078
00000203 2013 10 31 13:00 13:29 11 1111 0029 11.26 1 254 1 20140702135303 00078
00000203 2013 10 31 19:00 19:29 11 1112 0029 11.26 1 318 1 20140702135303 00078
00000205 2013 10 01 14:20 15:49 11 1311 0029 11.26 1 584 1 20140702190601 00078
00000205 2013 10 03 14:20 15:19 11 7311 0029 11.26 1 235 1 20140702190601 00078
00000205 2013 10 04 14:20 15:49 11 1311 0029 11.26 1 584 1 20140702190601 00078
00000205 2013 10 08 14:20 15:49 11 1311 0029 11.26 1 584 1 20140702190601 00078
00000205 2013 10 10 14:20 15:19 11 7311 0029 11.26 1 235 1 20140702190601 00078
00000205 2013 10 11 14:20 15:49 11 1311 0029 11.26 1 584 1 20140702190601 00078
00000205 2013 10 15 14:20 15:49 11 1311 0029 11.26 1 584 1 20140702190601 00078
00000205 2013 10 17 14:20 15:19 11 7311 0029 11.26 1 235 1 20140702190601 00078
00000205 2013 10 18 14:20 15:49 11 1311 0029 11.26 1 584 1 20140702190601 00078
00000205 2013 10 22 14:20 15:49 11 1311 0029 11.26 1 584 1 20140702190601 00078
00000205 2013 10 24 14:20 15:19 11 7311 0029 11.26 1 235 1 20140702190601 00078
00000205 2013 10 25 14:20 15:49 11 1311 0029 11.26 1 584 1 20140702190601 00078
00000205 2013 10 29 14:20 15:49 11 1311 0029 11.26 1 584 1 20140702190601 00078
00000205 2013 10 31 14:20 15:19 11 7311 0029 11.26 1 235 1 20140702190601 00078
00000207 2013 10 01 13:30 14:30 61 1111 0107 11.26 1 1220 1 20140703102850 00078
00000207 2013 10 08 13:30 14:30 61 1111 0107 11.26 1 1220 1 20140703102850 00078
00000207 2013 10 15 13:30 14:30 61 1111 0107 11.26 1 1220 1 20140703102850 00078
00000207 2013 10 22 13:30 14:30 61 1111 0107 11.26 1 1220 1 20140703102850 00078
00000207 2013 10 29 13:30 14:30 61 1111 0107 11.26 1 1220 1 20140703102850 00078
00000209 2013 10 04 10:30 11:30 61 1211 0107 11.26 1 2440 1 20140703104856 00078
00000209 2013 10 07 10:30 11:30 61 1211 0107 11.26 1 2440 1 20140703104856 00078
00000209 2013 10 14 10:30 11:30 61 1211 0107 11.26 1 2440 1 20140703104856 00078
00000209 2013 10 18 10:30 11:30 61 1211 0107 11.26 1 2440 1 20140703104856 00078
00000209 2013 10 21 10:30 11:30 61 1211 0107 11.26 1 2440 1 20140703104856 00078
00000209 2013 10 25 10:30 11:30 61 1211 0107 11.26 1 2440 1 20140703104856 00078
00000212 2013 10 02 13:00 14:00 61 1111 0107 11.26 1 1220 1 20140703110515 00078
00000212 2013 10 09 13:00 14:00 61 1111 0107 11.26 1 1220 1 20140703110515 00078
00000212 2013 10 16 13:00 14:00 61 1111 0107 11.26 1 1220 1 20140703110515 00078
00000212 2013 10 23 13:00 14:00 61 1111 0107 11.26 1 1220 1 20140703110515 00078
00000212 2013 10 30 13:00 14:00 61 1111 0107 11.26 1 1220 1 20140703110515 00078
00000213 2013 10 01 10:30 11:29 11 7311 0029 11.26 1 235 1 20140703134241 00078
00000213 2013 10 02 15:50 16:49 11 1211 0029 11.26 1 402 1 20140703134241 00078
00000213 2013 10 05 10:30 11:29 11 7311 0029 11.26 1 235 1 20140703134241 00078
00000213 2013 10 05 15:50 16:49 11 1211 0029 11.26 1 402 1 20140703134241 00078
00000213 2013 10 07 15:50 16:49 11 1211 0029 11.26 1 402 1 20140703134241 00078
00000213 2013 10 08 10:30 11:29 11 7311 0029 11.26 1 235 1 20140703134241 00078
00000213 2013 10 09 15:50 16:49 11 1211 0029 11.26 1 402 1 20140703134241 00078
00000213 2013 10 12 15:00 16:45 11 5211 0029 11.26 1 542 1 20140703134241 00078
00000213 2013 10 14 15:50 16:49 11 1211 0029 11.26 1 402 1 20140703134241 00078
00000213 2013 10 15 10:30 11:29 11 7311 0029 11.26 1 235 1 20140703134241 00078
00000213 2013 10 16 15:50 16:49 11 1211 0029 11.26 1 402 1 20140703134241 00078
00000213 2013 10 19 10:30 11:29 11 7311 0029 11.26 1 235 1 20140703134241 00078
00000213 2013 10 19 15:50 16:49 11 1211 0029 11.26 1 402 1 20140703134241 00078
00000213 2013 10 21 15:50 16:49 11 1211 0029 11.26 1 402 1 20140703134241 00078
00000213 2013 10 22 10:30 11:29 11 7311 0029 11.26 1 235 1 20140703134241 00078
00000213 2013 10 23 15:50 16:49 11 1211 0029 11.26 1 402 1 20140703134241 00078
00000213 2013 10 26 10:30 11:29 11 7311 0029 11.26 1 235 1 20140703134241 00078
00000213 2013 10 26 15:50 16:49 11 1211 0029 11.26 1 402 1 20140703134241 00078
00000213 2013 10 28 15:50 16:49 11 1211 0029 11.26 1 402 1 20140703134241 00078
00000213 2013 10 29 10:30 11:29 11 7311 0029 11.26 1 235 1 20140703134241 00078
00000213 2013 10 30 15:50 16:49 11 1211 0029 11.26 1 402 1 20140703134241 00078
00000214 2013 10 02 10:30 11:30 61 1111 0107 11.26 1 1220 1 20140703141548 00078
00000214 2013 10 09 10:30 11:30 61 1111 0107 11.26 1 1220 1 20140703141548 00078
00000214 2013 10 16 10:30 11:30 61 1111 0107 11.26 1 1220 1 20140703141548 00078
00000214 2013 10 23 10:30 11:30 61 1111 0107 11.26 1 1220 1 20140703141548 00078
00000214 2013 10 30 10:30 11:30 61 1111 0107 11.26 1 1220 1 20140703141548 00078
00000215 2013 10 06 15:30 16:29 11 7311 0029 11.26 1 235 1 20140703143910 00078
00000215 2013 10 13 15:30 16:29 11 7311 0029 11.26 1 235 1 20140703143910 00078
00000215 2013 10 20 15:30 16:29 11 7311 0029 11.26 1 235 1 20140703143910 00078
00000215 2013 10 27 15:30 16:29 11 7311 0029 11.26 1 235 1 20140703143910 00078
00000216 2013 10 02 14:10 15:09 11 1211 0029 11.26 1 402 1 20140703152458 00078
00000216 2013 10 03 13:00 13:59 11 7311 0029 11.26 1 235 1 20140703152458 00078
00000216 2013 10 05 14:10 15:09 11 1211 0029 11.26 1 402 1 20140703152458 00078
00000216 2013 10 07 14:10 15:09 11 1211 0029 11.26 1 402 1 20140703152458 00078
00000216 2013 10 09 14:10 15:09 11 1211 0029 11.26 1 402 1 20140703152458 00078
00000216 2013 10 10 13:00 13:59 11 7311 0029 11.26 1 235 1 20140703152458 00078
00000216 2013 10 14 14:10 15:09 11 1211 0029 11.26 1 402 1 20140703152458 00078
00000216 2013 10 16 14:10 15:09 11 1211 0029 11.26 1 402 1 20140703152458 00078
00000216 2013 10 17 13:00 13:59 11 7311 0029 11.26 1 235 1 20140703152458 00078
00000216 2013 10 19 14:10 15:09 11 1211 0029 11.26 1 402 1 20140703152458 00078
00000216 2013 10 21 14:10 15:09 11 1211 0029 11.26 1 402 1 20140703152458 00078
00000216 2013 10 23 14:10 15:09 11 1211 0029 11.26 1 402 1 20140703152458 00078
00000216 2013 10 24 13:00 13:59 11 7311 0029 11.26 1 235 1 20140703152458 00078
00000216 2013 10 26 14:10 15:09 11 1211 0029 11.26 1 402 1 20140703152458 00078
00000216 2013 10 28 14:10 15:09 11 1211 0029 11.26 1 402 1 20140703152458 00078
00000216 2013 10 30 14:10 15:09 11 1211 0029 11.26 1 402 1 20140703152458 00078
00000216 2013 10 31 13:00 13:59 11 7311 0029 11.26 1 235 1 20140703152458 00078
00000218 2013 10 01 17:00 17:59 61 1321 0107 11.26 1 3870 1 20140703155817 00078
00000218 2013 10 04 17:00 17:59 61 1321 0107 11.26 1 3870 1 20140703155817 00078
00000218 2013 10 06 17:00 17:59 61 1321 0107 11.26 1 3870 1 20140703155817 00078
00000218 2013 10 08 17:00 17:59 61 1321 0107 11.26 1 3870 1 20140703155817 00078
00000218 2013 10 11 17:00 17:59 61 1321 0107 11.26 1 3870 1 20140703155817 00078
00000218 2013 10 13 17:00 17:59 61 1321 0107 11.26 1 3870 1 20140703155817 00078
00000218 2013 10 15 17:00 17:59 61 1321 0107 11.26 1 3870 1 20140703155817 00078
00000218 2013 10 18 17:00 17:59 61 1321 0107 11.26 1 3870 1 20140703155817 00078
00000218 2013 10 20 17:00 17:59 61 1321 0107 11.26 1 3870 1 20140703155817 00078
00000218 2013 10 22 17:00 17:59 61 1321 0107 11.26 1 3870 1 20140703155817 00078
00000218 2013 10 27 17:00 17:59 61 1321 0107 11.26 1 3870 1 20140703155817 00078
00000218 2013 10 29 17:00 17:59 61 1321 0107 11.26 1 3870 1 20140703155817 00078
00000221 2013 10 03 10:30 11:30 61 1111 0107 11.26 1 1220 1 20140703161311 00078
00000221 2013 10 10 10:30 11:30 61 1111 0107 11.26 1 1220 1 20140703161311 00078
00000221 2013 10 17 10:30 11:30 61 1111 0107 11.26 1 1220 1 20140703161311 00078
00000221 2013 10 24 10:30 11:30 61 1111 0107 11.26 1 1220 1 20140703161311 00078
00000221 2013 10 31 10:30 11:30 61 1111 0107 11.26 1 1220 1 20140703161311 00078
00000224 2013 10 03 16:00 16:59 11 1211 0029 11.26 1 402 1 20140703163316 00078
00000224 2013 10 07 10:00 10:59 11 7311 0029 11.26 1 235 1 20140703163316 00078
00000224 2013 10 07 16:00 16:59 11 1211 0029 11.26 1 402 1 20140703163316 00078
00000224 2013 10 10 16:00 16:59 11 1211 0029 11.26 1 402 1 20140703163316 00078
00000224 2013 10 14 10:00 10:59 11 7311 0029 11.26 1 235 1 20140703163316 00078
00000224 2013 10 14 16:00 16:59 11 1211 0029 11.26 1 402 1 20140703163316 00078
00000224 2013 10 17 16:00 16:59 11 1211 0029 11.26 1 402 1 20140703163316 00078
00000224 2013 10 21 10:00 10:59 11 7311 0029 11.26 1 235 1 20140703163316 00078
00000224 2013 10 21 16:00 16:59 11 1211 0029 11.26 1 402 1 20140703163316 00078
00000224 2013 10 24 16:00 16:59 11 1211 0029 11.26 1 402 1 20140703163316 00078
00000224 2013 10 28 10:00 10:59 11 7311 0029 11.26 1 235 1 20140703163316 00078
00000224 2013 10 28 16:00 16:59 11 1211 0029 11.26 1 402 1 20140703163316 00078
00000224 2013 10 31 16:00 16:59 11 1211 0029 11.26 1 402 1 20140703163316 00078
00000226 2013 10 01 15:50 16:49 61 1211 0107 11.26 1 2440 1 20140808175022 00078
00000226 2013 10 04 15:50 16:49 61 1211 0107 11.26 1 2440 1 20140808175022 00078
00000226 2013 10 08 15:50 16:49 61 1211 0107 11.26 1 2440 1 20140808175022 00078
00000226 2013 10 11 15:50 16:49 61 1211 0107 11.26 1 2440 1 20140808175022 00078
00000226 2013 10 15 15:50 16:49 61 1211 0107 11.26 1 2440 1 20140808175022 00078
00000226 2013 10 18 15:50 16:49 61 1211 0107 11.26 1 2440 1 20140808175022 00078
00000226 2013 10 22 15:50 16:49 61 1211 0107 11.26 1 2440 1 20140808175022 00078
00000226 2013 10 25 15:50 16:49 61 1211 0107 11.26 1 2440 1 20140808175022 00078
00000226 2013 10 29 15:50 16:49 61 1211 0107 11.26 1 2440 1 20140808175022 00078
00000228 2013 10 02 16:30 17:30 61 1111 0107 11.26 1 1220 1 20140703175948 00078
00000228 2013 10 09 16:30 17:30 61 1111 0107 11.26 1 1220 1 20140703175948 00078
00000228 2013 10 16 16:30 17:30 61 1111 0107 11.26 1 1220 1 20140703175948 00078
00000228 2013 10 23 16:30 17:30 61 1111 0107 11.26 1 1220 1 20140703175948 00078
00000228 2013 10 30 16:30 17:30 61 1111 0107 11.26 1 1220 1 20140703175948 00078
00000229 2013 10 03 10:00 11:00 61 1111 0107 11.26 1 1220 1 20140703181558 00078
00000229 2013 10 31 10:00 11:00 61 1111 0107 11.26 1 1220 1 20140703181558 00078
00000230 2013 10 01 07:30 07:59 11 1112 0029 11.26 1 318 1 20140808162055 00078
00000230 2013 10 02 07:30 07:59 11 1112 0029 11.26 1 318 1 20140808162055 00078
00000230 2013 10 03 07:30 07:59 11 1112 0029 11.26 1 318 1 20140808162055 00078
00000230 2013 10 04 07:30 07:59 11 1112 0029 11.26 1 318 1 20140808162055 00078
00000230 2013 10 05 07:30 07:59 11 1112 0029 11.26 1 318 1 20140808162055 00078
00000230 2013 10 06 07:30 07:59 11 1112 0029 11.26 1 318 1 20140808162055 00078
00000230 2013 10 07 07:30 07:59 11 1112 0029 11.26 1 318 1 20140808162055 00078
00000230 2013 10 08 07:30 07:59 11 1112 0029 11.26 1 318 1 20140808162055 00078
00000230 2013 10 11 07:30 07:59 11 1112 0029 11.26 1 318 1 20140808162055 00078
00000230 2013 10 12 07:30 07:59 11 1112 0029 11.26 1 318 1 20140808162055 00078
00000230 2013 10 13 07:30 07:59 11 1112 0029 11.26 1 318 1 20140808162055 00078
00000230 2013 10 14 07:30 07:59 11 1112 0029 11.26 1 318 1 20140808162055 00078
00000230 2013 10 15 07:30 07:59 11 1112 0029 11.26 1 318 1 20140808162055 00078
00000230 2013 10 16 07:30 07:59 11 1112 0029 11.26 1 318 1 20140808162055 00078
00000230 2013 10 17 07:30 07:59 11 1112 0029 11.26 1 318 1 20140808162055 00078
00000230 2013 10 18 07:30 07:59 11 1112 0029 11.26 1 318 1 20140808162055 00078
00000230 2013 10 19 07:30 07:59 11 1112 0029 11.26 1 318 1 20140808162055 00078
00000230 2013 10 20 07:30 07:59 11 1112 0029 11.26 1 318 1 20140808162055 00078
00000230 2013 10 21 07:30 07:59 11 1112 0029 11.26 1 318 1 20140808162055 00078
00000230 2013 10 22 07:30 07:59 11 1112 0029 11.26 1 318 1 20140808162055 00078
00000230 2013 10 23 07:30 07:59 11 1112 0029 11.26 1 318 1 20140808162055 00078
00000230 2013 10 24 07:30 07:59 11 1112 0029 11.26 1 318 1 20140808162055 00078
00000230 2013 10 25 07:30 07:59 11 1112 0029 11.26 1 318 1 20140808162055 00078
00000230 2013 10 26 07:30 07:59 11 1112 0029 11.26 1 318 1 20140808162055 00078
00000230 2013 10 27 07:30 07:59 11 1112 0029 11.26 1 318 1 20140808162055 00078
00000230 2013 10 28 07:30 07:59 11 1112 0029 11.26 1 318 1 20140808162055 00078
00000230 2013 10 29 07:30 07:59 11 1112 0029 11.26 1 318 1 20140808162055 00078
00000230 2013 10 30 07:30 07:59 11 1112 0029 11.26 1 318 1 20140808162055 00078
00000230 2013 10 31 07:30 07:59 11 1112 0029 11.26 1 318 1 20140808162055 00078
00000231 2013 10 05 13:00 14:00 61 1111 0107 11.26 1 1220 1 20140704111402 00078
00000231 2013 10 12 13:00 14:00 61 1111 0107 11.26 1 1220 1 20140704111402 00078
00000231 2013 10 19 13:00 14:00 61 1111 0107 11.26 1 1220 1 20140704111402 00078
00000231 2013 10 26 13:00 14:00 61 1111 0107 11.26 1 1220 1 20140704111402 00078
00000233 2013 10 24 14:30 15:30 61 1111 0107 11.26 1 1220 1 20140704111759 00078
00000233 2013 10 31 14:30 15:30 61 1111 0107 11.26 1 1220 1 20140704111759 00078
00000238 2013 10 03 13:30 14:15 61 1211 0107 11.26 1 2440 1 20140704144959 00077
00000238 2013 10 07 13:30 14:15 61 1211 0107 11.26 1 2440 1 20140704144959 00077
00000238 2013 10 10 13:30 14:15 61 1211 0107 11.26 1 2440 1 20140704144959 00077
00000238 2013 10 14 13:30 14:15 61 1211 0107 11.26 1 2440 1 20140704144959 00077
00000238 2013 10 17 13:30 14:15 61 1211 0107 11.26 1 2440 1 20140704144959 00077
00000238 2013 10 21 13:30 14:15 61 1211 0107 11.26 1 2440 1 20140704144959 00077
00000238 2013 10 24 13:30 14:15 61 1211 0107 11.26 1 2440 1 20140704144959 00077
00000238 2013 10 28 13:30 14:15 61 1211 0107 11.26 1 2440 1 20140704144959 00077
00000238 2013 10 31 13:30 14:15 61 1211 0107 11.26 1 2440 1 20140704144959 00077
00000239 2013 10 07 11:15 12:15 61 1111 0107 11.26 1 1220 1 20140704142346 00077
00000239 2013 10 14 11:15 12:15 61 1111 0107 11.26 1 1220 1 20140704142346 00077
00000239 2013 10 21 11:15 12:15 61 1111 0107 11.26 1 1220 1 20140704142346 00077
00000239 2013 10 28 11:15 12:15 61 1111 0107 11.26 1 1220 1 20140704142346 00077
00000240 2013 10 02 14:10 15:15 11 7311 0029 11.26 1 235 1 20140704145342 00077
00000240 2013 10 09 14:30 15:30 11 1311 0029 11.26 1 584 1 20140704145342 00077
00000240 2013 10 23 14:10 15:15 11 7311 0029 11.26 1 235 1 20140704145342 00077
00000240 2013 10 30 14:10 15:15 11 7311 0029 11.26 1 235 1 20140704145342 00077
00000241 2013 10 03 11:15 11:45 61 1111 0107 11.26 1 1220 1 20140704145650 00077
00000241 2013 10 10 11:15 11:45 61 1111 0107 11.26 1 1220 1 20140704145650 00077
00000241 2013 10 17 11:15 11:45 61 1111 0107 11.26 1 1220 1 20140704145650 00077
00000241 2013 10 24 11:15 11:45 61 1111 0107 11.26 1 1220 1 20140704145650 00077
00000241 2013 10 31 11:15 11:45 61 1111 0107 11.26 1 1220 1 20140704145650 00077
00000242 2013 10 07 09:00 09:44 11 7211 0029 11.26 1 190 1 20140704150910 00077
