00000215 0029 2013 07 _ 1 20140812172532 78
00000215 0029 2013 08 1 1 20140709104411 00078
00000215 0029 2013 09 1 1 20140703142955 00078
00000215 0029 2013 10 1 1 20140703143910 00078
00000215 0029 2013 11 1 1 20140703144316 00078
00000215 0029 2013 12 1 1 20140703144702 00078
00000215 0029 2014 01 1 1 20140619122503 00078
00000215 0029 2014 02 1 1 20140619122945 00078
00000215 0029 2014 03 1 1 20140619133456 00078
00000215 0029 2014 04 1 1 20140619134828 00078
00000215 0029 2014 05 1 1 20140819105802 00078
00000215 0029 2014 06 1 1 20140701132331 00049
00000215 0029 2014 07 1 1 20140802135424 00047
00000215 0029 2014 08 _ 1 20140812124018 39
00000215 0107 2012 04 1 1 20140716161733 00078
00000215 0107 2012 05 1 1 20140716162235 00078
00000215 0107 2012 06 1 1 20140716162932 00078
00000215 0107 2012 07 1 1 20140716163519 00078
00000215 0107 2012 08 1 1 20140716164134 00078
00000215 0107 2012 09 1 1 20140716164918 00078
00000215 0107 2012 10 1 1 20140716170105 00078
00000215 0107 2012 11 1 1 20140716170457 00078
00000215 0107 2012 12 1 1 20140716171000 00078
00000215 0107 2013 01 1 1 20140708182903 00078
00000215 0107 2013 02 1 1 20140708183349 00078
00000215 0107 2013 03 1 1 20140708183729 00078
00000215 0107 2013 04 1 1 20140708184027 00078
00000215 0107 2013 05 1 1 20140708184358 00078
00000215 0107 2013 06 1 1 20140708184726 00078
