00000096 2013 08 1 4970 1 20140728112727 00030
00000096 2013 09 1 4970 1 20140630144652 00030
00000096 2013 10 1 4970 1 20140630145226 00030
00000096 2013 11 1 4970 1 20140630145925 00030
00000096 2013 12 1 4970 1 20140630150623 00030
00000096 2014 01 1 4970 1 20140616145741 00030
00000096 2014 02 1 4970 1 20140616150248 00030
00000096 2014 03 1 4970 1 20140616150733 00030
00000096 2014 04 1 5003 1 20140616151252 00030
00000096 2014 05 1 5003 1 20140818144307 00030
00000096 2014 06 1 5003 1 20140612164316 00031
00000096 2014 07 1 5003 1 20140623095943 00030
