00000096 2013 08 00013 1 20140728112727 00030
00000096 2013 09 00013 1 20140630144652 00030
00000096 2013 10 00013 1 20140630145226 00030
00000096 2013 11 00013 1 20140630145925 00030
00000096 2013 12 00013 1 20140630150623 00030
00000096 2014 01 00013 1 20140616145741 00030
00000096 2014 02 00013 1 20140616150248 00030
00000096 2014 03 00013 1 20140616150733 00030
00000096 2014 04 00013 1 20140616151252 00030
00000096 2014 05 00013 1 20140818144307 00030
00000096 2014 06 00009 1 20140612164316 00031
00000096 2014 07 00031 1 20140623095943 00030
