000003032014061 00000303 2014 06 10 13 1211 1 14:30 15:29 0276 1 834 0 _ _ 1 20140702100038 39
000003032014061 00000303 2014 06 13 13 1211 1 14:30 15:29 0276 1 834 0 _ _ 1 20140702100038 39
000003032014061 00000303 2014 06 17 13 1211 1 14:30 15:29 0276 1 834 0 _ _ 1 20140702100038 39
000003032014061 00000303 2014 06 20 13 1211 1 14:30 15:29 0276 1 834 0 _ _ 1 20140702100038 39
000003032014061 00000303 2014 06 24 13 1211 1 14:30 15:29 0276 1 834 0 _ _ 1 20140702100038 39
000003032014061 00000303 2014 06 27 13 1211 1 14:30 15:29 0276 1 834 0 _ _ 1 20140702100038 39
000003032014062 00000303 2014 06 10 13 4001 1 14:30 15:29 0276 1 250 0 _ _ 1 20140702100038 39
000003032014063 00000303 2014 06 10 13 4002 1 14:30 15:29 0276 1 300 0 _ _ 1 20140702100038 39
000003032014071 00000303 2014 07 01 13 1211 1 14:30 15:29 0276 1 834 0 _ _ 1 20140802143832 39
000003032014071 00000303 2014 07 04 13 1211 1 14:30 15:29 0276 1 834 0 _ _ 1 20140802143832 39
000003032014071 00000303 2014 07 08 13 1211 1 14:30 15:29 0276 1 834 0 _ _ 1 20140802143832 39
000003032014071 00000303 2014 07 11 13 1211 1 14:30 15:29 0276 1 834 0 _ _ 1 20140802143832 39
000003032014071 00000303 2014 07 15 13 1211 1 14:30 15:29 0276 1 834 0 _ _ 1 20140802143832 39
000003032014071 00000303 2014 07 22 13 1211 1 14:30 15:29 0276 1 834 0 _ _ 1 20140802143832 39
000003032014071 00000303 2014 07 25 13 1211 1 14:30 15:29 0276 1 834 0 _ _ 1 20140802143832 39
000003032014071 00000303 2014 07 29 13 1211 1 14:30 15:29 0276 1 834 0 _ _ 1 20140802143832 39
000003032014072 00000303 2014 07 01 13 4001 1 14:30 15:29 0276 1 250 0 _ _ 1 20140802143832 39
000003032014073 00000303 2014 07 01 17 1001 1 _ _ 0318 1 300 0 _ _ 1 20140802143832 39
000003032014074 00000303 2014 07 01 17 1002 1 _ _ 0318 1 257 0 _ _ 1 20140802143832 39
000003032014081 00000303 2014 08 01 13 1211 1 14:30 15:29 0276 1 834 0 _ _ 1 20140902185023 39
000003032014081 00000303 2014 08 05 13 1211 1 14:30 15:29 0276 1 834 0 _ _ 1 20140902185023 39
000003032014081 00000303 2014 08 08 13 1211 1 14:30 15:29 0276 1 834 0 _ _ 1 20140902185023 39
000003032014081 00000303 2014 08 12 13 1211 1 14:30 15:29 0276 1 834 0 _ _ 1 20140902185023 39
000003032014081 00000303 2014 08 15 13 1211 1 14:30 15:29 0276 1 834 0 _ _ 1 20140902185023 39
000003032014081 00000303 2014 08 19 13 1211 1 14:30 15:29 0276 1 834 0 _ _ 1 20140902185023 39
000003032014081 00000303 2014 08 22 13 1211 1 14:30 15:29 0276 1 834 0 _ _ 1 20140902185023 39
000003032014081 00000303 2014 08 26 13 1211 1 14:30 15:29 0276 1 834 0 _ _ 1 20140902185023 39
000003032014081 00000303 2014 08 29 13 1211 1 14:30 15:29 0276 1 834 0 _ _ 1 20140902185023 39
000003032014082 00000303 2014 08 01 13 4001 1 14:30 15:29 0276 1 250 0 _ _ 1 20140902185023 39
000003032014083 00000303 2014 08 01 17 1001 1 _ _ 0318 1 300 0 _ _ 1 20140902185023 39
000003032014084 00000303 2014 08 01 17 1002 1 _ _ 0318 1 514 0 _ _ 1 20140902185023 39
000003032014091 00000303 2014 09 02 13 1211 1 14:30 15:29 0276 1 834 0 _ _ 1 20141003092906 39
000003032014091 00000303 2014 09 05 13 1211 1 14:30 15:29 0276 1 834 0 _ _ 1 20141003092906 39
000003032014091 00000303 2014 09 16 13 1211 1 14:30 15:29 0276 1 834 0 _ _ 1 20141003092906 39
000003032014091 00000303 2014 09 19 13 1211 1 14:30 15:29 0276 1 834 0 _ _ 1 20141003092906 39
000003032014091 00000303 2014 09 23 13 1211 1 14:30 15:29 0276 1 834 0 _ _ 1 20141003092906 39
000003032014091 00000303 2014 09 26 13 1211 1 14:30 15:29 0276 1 834 0 _ _ 1 20141003092906 39
000003032014091 00000303 2014 09 30 13 1211 1 14:30 15:29 0276 1 834 0 _ _ 1 20141003092906 39
000003032014092 00000303 2014 09 01 13 4001 1 14:30 15:29 0276 1 250 0 _ _ 1 20141003092906 39
000003032014093 00000303 2014 09 01 17 1001 1 _ _ 0318 1 300 0 _ _ 1 20141003092906 39
000003032014094 00000303 2014 09 01 17 1002 1 _ _ 0318 1 514 0 _ _ 1 20141003092906 39
000003032014101 00000303 2014 10 03 13 1211 1 14:30 15:29 0276 1 834 0 _ _ 1 20141104091205 39
000003032014101 00000303 2014 10 07 13 1211 1 14:30 15:29 0276 1 834 0 _ _ 1 20141104091205 39
000003032014101 00000303 2014 10 10 13 1211 1 14:30 15:29 0276 1 834 0 _ _ 1 20141104091205 39
000003032014101 00000303 2014 10 14 13 1211 1 14:30 15:29 0276 1 834 0 _ _ 1 20141104091205 39
000003032014101 00000303 2014 10 17 13 1211 1 14:30 15:29 0276 1 834 0 _ _ 1 20141104091205 39
000003032014101 00000303 2014 10 21 13 1211 1 14:30 15:29 0276 1 834 0 _ _ 1 20141104091205 39
000003032014101 00000303 2014 10 24 13 1211 1 14:30 15:29 0276 1 834 0 _ _ 1 20141104091205 39
000003032014101 00000303 2014 10 28 13 1211 1 14:30 15:29 0276 1 834 0 _ _ 1 20141104091205 39
000003032014101 00000303 2014 10 31 13 1211 1 14:30 15:29 0276 1 834 0 _ _ 1 20141104091205 39
000003032014102 00000303 2014 10 01 13 4001 1 14:30 15:29 0276 1 250 0 _ _ 1 20141104091205 39
000003032014103 00000303 2014 10 01 17 1001 1 _ _ 0318 1 300 0 _ _ 1 20141104091205 39
000003032014104 00000303 2014 10 01 17 1002 1 _ _ 0318 1 514 0 _ _ 1 20141104091205 39
000003032014111 00000303 2014 11 04 13 1211 1 14:30 15:29 0276 1 834 0 _ _ 1 20141203103721 39
000003032014111 00000303 2014 11 11 13 1211 1 14:30 15:29 0276 1 834 0 _ _ 1 20141203103721 39
000003032014111 00000303 2014 11 14 13 1211 1 14:30 15:29 0276 1 834 0 _ _ 1 20141203103721 39
000003032014111 00000303 2014 11 18 13 1211 1 14:30 15:29 0276 1 834 0 _ _ 1 20141203103721 39
000003032014111 00000303 2014 11 21 13 1211 1 14:30 15:29 0276 1 834 0 _ _ 1 20141203103721 39
000003032014111 00000303 2014 11 25 13 1211 1 14:30 15:29 0276 1 834 0 _ _ 1 20141203103721 39
000003032014111 00000303 2014 11 28 13 1211 1 14:30 15:29 0276 1 834 0 _ _ 1 20141203103721 39
000003032014112 00000303 2014 11 01 13 4001 1 14:30 15:29 0276 1 250 0 _ _ 1 20141203103721 39
000003032014113 00000303 2014 11 01 17 1001 1 _ _ 0318 1 300 0 _ _ 1 20141203103721 39
000003032014114 00000303 2014 11 01 17 1002 1 _ _ 0318 1 514 0 _ _ 1 20141203103721 39
