000000482014061 00000048 2014 06 02 65 1121 1 09:00 12:10 0061 1 4236 0 _ _ 1 20140703200829 24
000000482014061 00000048 2014 06 06 65 1121 1 09:00 12:10 0061 1 4236 0 _ _ 1 20140703200829 24
000000482014061 00000048 2014 06 09 65 1121 1 09:00 12:10 0061 1 4236 0 _ _ 1 20140703200829 24
000000482014061 00000048 2014 06 13 65 1121 1 09:00 12:10 0061 1 4236 0 _ _ 1 20140703200829 24
000000482014061 00000048 2014 06 16 65 1121 1 09:00 12:10 0061 1 4236 0 _ _ 1 20140703200829 24
000000482014061 00000048 2014 06 20 65 1121 1 09:00 12:10 0061 1 4236 0 _ _ 1 20140703200829 24
000000482014061 00000048 2014 06 23 65 1121 1 09:00 12:10 0061 1 4236 0 _ _ 1 20140703200829 24
000000482014061 00000048 2014 06 27 65 1121 1 09:00 12:10 0061 1 4236 0 _ _ 1 20140703200829 24
000000482014061 00000048 2014 06 30 65 1121 1 09:00 12:10 0061 1 4236 0 _ _ 1 20140703200829 24
000000482014062 00000048 2014 06 02 65 5002 1 _ _ 0061 1 225 0 _ _ 1 20140703200829 24
000000482014062 00000048 2014 06 06 65 5002 1 _ _ 0061 1 225 0 _ _ 1 20140703200829 24
000000482014062 00000048 2014 06 09 65 5002 1 _ _ 0061 1 225 0 _ _ 1 20140703200829 24
000000482014062 00000048 2014 06 13 65 5002 1 _ _ 0061 1 225 0 _ _ 1 20140703200829 24
000000482014062 00000048 2014 06 16 65 5002 1 _ _ 0061 1 225 0 _ _ 1 20140703200829 24
000000482014062 00000048 2014 06 20 65 5002 1 _ _ 0061 1 225 0 _ _ 1 20140703200829 24
000000482014062 00000048 2014 06 23 65 5002 1 _ _ 0061 1 225 0 _ _ 1 20140703200829 24
000000482014062 00000048 2014 06 27 65 5002 1 _ _ 0061 1 225 0 _ _ 1 20140703200829 24
000000482014062 00000048 2014 06 30 65 5002 1 _ _ 0061 1 225 0 _ _ 1 20140703200829 24
000000482014063 00000048 2014 06 05 61 1211 1 09:00 09:59 0073 1 2452 0 _ _ 1 20140703200829 24
000000482014063 00000048 2014 06 12 61 1211 1 09:00 09:59 0073 1 2452 0 _ _ 1 20140703200829 24
000000482014063 00000048 2014 06 19 61 1211 1 09:00 09:59 0073 1 2452 0 _ _ 1 20140703200829 24
000000482014063 00000048 2014 06 26 61 1211 1 09:00 09:59 0073 1 2452 0 _ _ 1 20140703200829 24
000000482014064 00000048 2014 06 02 61 1211 1 13:15 14:14 0073 1 2452 0 _ _ 1 20140703200829 24
000000482014064 00000048 2014 06 09 61 1211 1 13:15 14:14 0073 1 2452 0 _ _ 1 20140703200829 24
000000482014064 00000048 2014 06 16 61 1211 1 13:15 14:14 0073 1 2452 0 _ _ 1 20140703200829 24
000000482014064 00000048 2014 06 23 61 1211 1 13:15 14:14 0073 1 2452 0 _ _ 1 20140703200829 24
000000482014064 00000048 2014 06 30 61 1211 1 13:15 14:14 0073 1 2452 0 _ _ 1 20140703200829 24
000000482014065 00000048 2014 06 01 67 1007 1 _ _ 0038 1 300 0 _ _ 1 20140703200829 24
000000482014071 00000048 2014 07 04 65 1121 1 09:00 12:10 0061 1 4236 0 _ _ 1 20140801183149 24
000000482014071 00000048 2014 07 07 65 1121 1 09:00 12:10 0061 1 4236 0 _ _ 1 20140801183149 24
000000482014071 00000048 2014 07 21 65 1121 1 09:00 12:10 0061 1 4236 0 _ _ 1 20140801183149 24
000000482014071 00000048 2014 07 25 65 1121 1 09:00 12:10 0061 1 4236 0 _ _ 1 20140801183149 24
000000482014071 00000048 2014 07 28 65 1121 1 09:00 12:10 0061 1 4236 0 _ _ 1 20140801183149 24
000000482014072 00000048 2014 07 04 65 5002 1 _ _ 0061 1 225 0 _ _ 1 20140801183149 24
000000482014072 00000048 2014 07 07 65 5002 1 _ _ 0061 1 225 0 _ _ 1 20140801183149 24
000000482014072 00000048 2014 07 21 65 5002 1 _ _ 0061 1 225 0 _ _ 1 20140801183149 24
000000482014072 00000048 2014 07 25 65 5002 1 _ _ 0061 1 225 0 _ _ 1 20140801183149 24
000000482014072 00000048 2014 07 28 65 5002 1 _ _ 0061 1 225 0 _ _ 1 20140801183149 24
000000482014073 00000048 2014 07 03 61 1211 1 09:00 09:59 0073 1 2452 0 _ _ 1 20140801183149 24
000000482014073 00000048 2014 07 24 61 1211 1 09:00 09:59 0073 1 2452 0 _ _ 1 20140801183149 24
000000482014073 00000048 2014 07 31 61 1211 1 09:00 09:59 0073 1 2452 0 _ _ 1 20140801183149 24
000000482014074 00000048 2014 07 07 61 1211 1 13:15 14:14 0073 1 2452 0 _ _ 1 20140801183149 24
000000482014074 00000048 2014 07 21 61 1211 1 13:15 14:14 0073 1 2452 0 _ _ 1 20140801183149 24
000000482014074 00000048 2014 07 28 61 1211 1 13:15 14:14 0073 1 2452 0 _ _ 1 20140801183149 24
000000482014075 00000048 2014 07 01 67 1007 1 _ _ 0038 1 300 0 _ _ 1 20140801183149 24
