00000142 2014 05 30 19:20 19:40 11 1112 0070 10.84 1 319 1 20140701110442 00034
00000142 2014 05 31 07:00 07:29 11 1112 0070 10.84 1 319 1 20140701110442 00034
00000142 2014 05 31 19:20 19:49 11 1112 0070 10.84 1 319 1 20140701110442 00034
00000142 2014 06 01 06:40 07:09 11 1112 0070 10.84 1 319 1 20140704114326 00034
00000142 2014 06 01 19:20 19:49 11 1112 0070 10.84 1 319 1 20140704114326 00034
00000142 2014 06 02 06:00 06:20 11 1112 0070 10.84 1 319 1 20140704114326 00034
00000142 2014 06 02 14:45 15:50 11 5111 0070 10.84 1 474 1 20140704114326 00034
00000142 2014 06 02 19:20 19:49 11 1112 0070 10.84 1 319 1 20140704114326 00034
00000142 2014 06 03 07:00 07:29 11 1112 0070 10.84 1 319 1 20140704114326 00034
00000142 2014 06 03 19:20 19:49 11 1112 0070 10.84 1 319 1 20140704114326 00034
00000142 2014 06 04 07:00 07:29 11 1112 0070 10.84 1 319 1 20140704114326 00034
00000142 2014 06 06 19:20 19:49 11 1112 0070 10.84 1 319 1 20140704114326 00034
00000142 2014 06 07 07:00 07:29 11 1112 0070 10.84 1 319 1 20140704114326 00034
00000142 2014 06 07 19:20 19:49 11 1112 0070 10.84 1 319 1 20140704114326 00034
00000142 2014 06 08 06:00 06:20 11 1112 0070 10.84 1 319 1 20140704114326 00034
00000142 2014 06 08 19:20 19:49 11 1112 0070 10.84 1 319 1 20140704114326 00034
00000142 2014 06 09 05:50 06:19 11 1113 0070 10.84 1 383 1 20140704114326 00034
00000142 2014 06 09 14:45 15:50 11 5111 0070 10.84 1 474 1 20140704114326 00034
00000142 2014 06 09 19:20 19:49 11 1112 0070 10.84 1 319 1 20140704114326 00034
00000142 2014 06 10 07:00 07:29 11 1112 0070 10.84 1 319 1 20140704114326 00034
00000142 2014 06 10 19:20 19:49 11 1112 0070 10.84 1 319 1 20140704114326 00034
00000142 2014 06 11 07:00 07:29 11 1112 0070 10.84 1 319 1 20140704114326 00034
00000142 2014 06 11 19:20 19:49 11 1112 0070 10.84 1 319 1 20140704114326 00034
00000142 2014 06 12 07:00 07:29 11 1112 0070 10.84 1 319 1 20140704114326 00034
00000142 2014 06 12 14:45 15:30 11 1211 0070 10.84 1 404 1 20140704114326 00034
00000142 2014 06 12 19:05 19:34 11 1112 0070 10.84 1 319 1 20140704114326 00034
00000142 2014 06 13 07:00 07:29 11 1112 0070 10.84 1 319 1 20140704114326 00034
00000142 2014 06 13 19:20 19:49 11 1112 0070 10.84 1 319 1 20140704114326 00034
00000142 2014 06 14 05:40 06:00 11 1113 0070 10.84 1 383 1 20140704114326 00034
00000142 2014 06 14 19:20 19:49 11 1112 0070 10.84 1 319 1 20140704114326 00034
00000142 2014 06 15 07:00 07:29 11 1112 0070 10.84 1 319 1 20140704114326 00034
00000142 2014 06 15 19:20 19:49 11 1112 0070 10.84 1 319 1 20140704114326 00034
00000142 2014 06 16 06:00 06:20 11 1112 0070 10.84 1 319 1 20140704114326 00034
00000142 2014 06 16 14:45 15:50 11 5111 0070 10.84 1 474 1 20140704114326 00034
00000142 2014 06 16 19:20 19:49 11 1112 0070 10.84 1 319 1 20140704114326 00034
00000142 2014 06 17 05:40 06:00 11 1113 0070 10.84 1 383 1 20140701102921 00078
00000142 2014 06 17 05:40 06:09 11 1113 0070 10.84 1 383 1 20140704114326 00034
00000142 2014 06 17 19:20 19:49 11 1112 0070 10.84 1 319 1 20140704114326 00034
00000142 2014 06 18 05:50 06:19 11 1113 0070 10.84 1 383 1 20140704114326 00034
00000142 2014 06 18 19:20 19:49 11 1112 0070 10.84 1 319 1 20140704114326 00034
00000142 2014 06 19 07:00 07:29 11 1112 0070 10.84 1 319 1 20140704114326 00034
00000142 2014 06 19 14:45 15:30 11 1211 0070 10.84 1 404 1 20140704114326 00034
00000142 2014 06 19 19:20 19:49 11 1112 0070 10.84 1 319 1 20140704114326 00034
00000142 2014 06 20 05:00 05:29 11 1113 0070 10.84 1 383 1 20140704114326 00034
00000142 2014 06 20 19:20 19:49 11 1112 0070 10.84 1 319 1 20140704114326 00034
00000142 2014 06 21 06:00 06:20 11 1112 0070 10.84 1 319 1 20140704114326 00034
00000142 2014 06 21 19:20 19:49 11 1112 0070 10.84 1 319 1 20140704114326 00034
00000142 2014 06 22 06:00 06:20 11 1112 0070 10.84 1 319 1 20140704114326 00034
00000142 2014 06 22 19:20 19:49 11 1112 0070 10.84 1 319 1 20140704114326 00034
00000142 2014 06 23 06:00 06:29 11 1112 0070 10.84 1 319 1 20140704114326 00034
00000142 2014 06 23 14:45 15:50 11 5111 0070 10.84 1 474 1 20140704114326 00034
00000142 2014 06 23 19:20 19:49 11 1112 0070 10.84 1 319 1 20140704114326 00034
00000142 2014 06 24 06:00 06:29 11 1112 0070 10.84 1 319 1 20140704114326 00034
00000142 2014 06 24 19:20 19:49 11 1112 0070 10.84 1 319 1 20140704114326 00034
00000142 2014 06 25 06:00 06:29 11 1112 0070 10.84 1 319 1 20140704114326 00034
00000142 2014 06 25 19:20 19:49 11 1112 0070 10.84 1 319 1 20140704114326 00034
00000142 2014 06 26 06:00 06:29 11 1112 0070 10.84 1 319 1 20140704114326 00034
00000142 2014 06 26 14:45 15:30 11 1211 0070 10.84 1 404 1 20140704114326 00034
00000142 2014 06 26 19:30 19:59 11 1112 0070 10.84 1 319 1 20140704114326 00034
00000142 2014 06 27 06:00 06:29 11 1112 0070 10.84 1 319 1 20140704114326 00034
00000142 2014 06 27 19:20 19:40 11 1112 0070 10.84 1 319 1 20140704114326 00034
00000142 2014 06 28 06:00 06:29 11 1112 0070 10.84 1 319 1 20140704114326 00034
00000142 2014 06 28 19:20 19:49 11 1112 0070 10.84 1 319 1 20140704114326 00034
00000142 2014 06 29 06:00 06:29 11 1112 0070 10.84 1 319 1 20140704114326 00034
00000142 2014 06 29 19:20 19:49 11 1112 0070 10.84 1 319 1 20140704114326 00034
00000142 2014 06 30 06:00 06:29 11 1112 0070 10.84 1 319 1 20140704114326 00034
00000142 2014 06 30 14:45 15:50 11 5111 0070 10.84 1 474 1 20140704114326 00034
00000142 2014 06 30 19:20 19:49 11 1112 0070 10.84 1 319 1 20140704114326 00034
00000142 2014 07 01 06:00 06:29 11 1112 0070 10.84 1 319 1 20140801115642 00034
00000142 2014 07 01 19:20 19:40 11 1112 0070 10.84 1 319 1 20140801115642 00034
00000142 2014 07 02 06:00 06:29 11 1112 0070 10.84 1 319 1 20140801115642 00034
00000142 2014 07 02 19:20 19:49 11 1112 0070 10.84 1 319 1 20140801115642 00034
00000142 2014 07 03 06:00 06:29 11 1112 0070 10.84 1 319 1 20140801115642 00034
00000142 2014 07 03 14:45 15:30 11 1211 0070 10.84 1 404 1 20140801115642 00034
00000142 2014 07 03 19:20 19:49 11 1112 0070 10.84 1 319 1 20140801115642 00034
00000142 2014 07 04 06:00 06:29 11 1112 0070 10.84 1 319 1 20140801115642 00034
00000142 2014 07 04 19:20 19:49 11 1112 0070 10.84 1 319 1 20140801115642 00034
00000142 2014 07 05 06:00 06:29 11 1112 0070 10.84 1 319 1 20140801115642 00034
00000142 2014 07 05 19:20 19:49 11 1112 0070 10.84 1 319 1 20140801115642 00034
00000142 2014 07 06 06:00 06:29 11 1112 0070 10.84 1 319 1 20140801115642 00034
00000142 2014 07 06 19:20 19:49 11 1112 0070 10.84 1 319 1 20140801115642 00034
00000142 2014 07 07 06:00 06:29 11 1112 0070 10.84 1 319 1 20140801115642 00034
00000142 2014 07 07 14:45 15:50 11 5111 0070 10.84 1 474 1 20140801115642 00034
00000142 2014 07 07 19:20 19:40 11 1112 0070 10.84 1 319 1 20140801115642 00034
00000142 2014 07 08 06:00 06:29 11 1112 0070 10.84 1 319 1 20140801115642 00034
00000142 2014 07 08 19:20 19:49 11 1112 0070 10.84 1 319 1 20140801115642 00034
00000142 2014 07 09 05:30 05:59 11 1113 0070 10.84 1 383 1 20140801115642 00034
00000142 2014 07 09 19:20 19:49 11 1112 0070 10.84 1 319 1 20140801115642 00034
00000142 2014 07 10 06:00 06:29 11 1112 0070 10.84 1 319 1 20140801115642 00034
00000142 2014 07 10 14:45 15:30 11 1211 0070 10.84 1 404 1 20140801115642 00034
00000142 2014 07 10 19:20 19:49 11 1112 0070 10.84 1 319 1 20140801115642 00034
00000142 2014 07 11 05:30 05:59 11 1113 0070 10.84 1 383 1 20140801115642 00034
00000142 2014 07 11 19:20 19:49 11 1112 0070 10.84 1 319 1 20140801115642 00034
00000142 2014 07 12 06:00 06:29 11 1112 0070 10.84 1 319 1 20140801115642 00034
00000142 2014 07 12 19:20 19:40 11 1112 0070 10.84 1 319 1 20140801115642 00034
00000142 2014 07 13 06:00 06:29 11 1112 0070 10.84 1 319 1 20140801115642 00034
00000142 2014 07 13 19:20 19:49 11 1112 0070 10.84 1 319 1 20140801115642 00034
00000142 2014 07 14 05:30 05:50 11 1113 0070 10.84 1 383 1 20140801115642 00034
00000142 2014 07 14 14:45 15:50 11 5111 0070 10.84 1 474 1 20140801115642 00034
00000142 2014 07 14 19:20 19:49 11 1112 0070 10.84 1 319 1 20140801115642 00034
00000142 2014 07 15 05:00 05:29 11 1113 0070 10.84 1 383 1 20140801115642 00034
00000142 2014 07 15 19:20 19:49 11 1112 0070 10.84 1 319 1 20140801115642 00034
00000142 2014 07 16 05:30 05:59 11 1113 0070 10.84 1 383 1 20140801115642 00034
00000142 2014 07 16 19:20 19:49 11 1112 0070 10.84 1 319 1 20140801115642 00034
00000142 2014 07 17 06:00 06:29 11 1112 0070 10.84 1 319 1 20140801115642 00034
00000142 2014 07 17 14:45 15:30 11 1211 0070 10.84 1 404 1 20140801115642 00034
00000142 2014 07 17 19:20 19:40 11 1112 0070 10.84 1 319 1 20140801115642 00034
00000142 2014 07 18 06:00 06:29 11 1112 0070 10.84 1 319 1 20140801115642 00034
00000142 2014 07 18 19:20 19:49 11 1112 0070 10.84 1 319 1 20140801115642 00034
00000142 2014 07 19 06:00 06:29 11 1112 0070 10.84 1 319 1 20140801115642 00034
00000142 2014 07 21 20:30 20:59 11 1112 0070 10.84 1 319 1 20140801115642 00034
00000142 2014 07 22 06:00 06:29 11 1112 0070 10.84 1 319 1 20140801115642 00034
00000142 2014 07 22 19:20 19:40 11 1112 0070 10.84 1 319 1 20140801115642 00034
00000142 2014 07 23 06:00 06:29 11 1112 0070 10.84 1 319 1 20140801115642 00034
00000142 2014 07 23 19:20 19:49 11 1112 0070 10.84 1 319 1 20140801115642 00034
00000142 2014 07 24 06:00 06:29 11 1112 0070 10.84 1 319 1 20140801115642 00034
00000142 2014 07 24 14:45 15:50 11 5111 0070 10.84 1 474 1 20140801115642 00034
00000142 2014 07 24 19:20 19:49 11 1112 0070 10.84 1 319 1 20140801115642 00034
00000142 2014 07 25 06:00 06:29 11 1112 0070 10.84 1 319 1 20140801115642 00034
00000142 2014 07 25 19:20 19:40 11 1112 0070 10.84 1 319 1 20140801115642 00034
00000142 2014 07 26 06:00 06:29 11 1112 0070 10.84 1 319 1 20140801115642 00034
00000142 2014 07 26 19:20 19:49 11 1112 0070 10.84 1 319 1 20140801115642 00034
00000142 2014 07 27 06:00 06:29 11 1112 0070 10.84 1 319 1 20140801115642 00034
00000142 2014 07 27 19:20 19:49 11 1112 0070 10.84 1 319 1 20140801115642 00034
00000142 2014 07 28 06:00 06:29 11 1112 0070 10.84 1 319 1 20140801115642 00034
00000142 2014 07 28 14:45 15:14 11 1111 0070 10.84 1 255 1 20140801115642 00034
00000142 2014 07 28 19:30 19:59 11 1112 0070 10.84 1 319 1 20140801115642 00034
00000142 2014 07 29 06:00 06:29 11 1112 0070 10.84 1 319 1 20140801115642 00034
00000142 2014 07 29 19:20 19:40 11 1112 0070 10.84 1 319 1 20140801115642 00034
00000142 2014 07 30 06:00 06:29 11 1112 0070 10.84 1 319 1 20140801115642 00034
00000142 2014 07 30 19:20 19:49 11 1112 0070 10.84 1 319 1 20140801115642 00034
00000142 2014 07 31 06:00 06:29 11 1112 0070 10.84 1 319 1 20140801115642 00034
00000142 2014 07 31 14:45 15:50 11 5111 0070 10.84 1 474 1 20140801115642 00034
00000142 2014 07 31 19:20 19:49 11 1112 0070 10.84 1 319 1 20140801115642 00034
