00000142 0070 2014 05 0000021 30 00015 _ 19:20 19:40 1 _ 0 1112 1 11 1 20140701110503 00034
00000142 0070 2014 05 0000022 31 00015 _ 07:00 07:29 1 _ 0 1112 1 11 1 20140701110503 00034
00000142 0070 2014 05 0000023 31 00017 _ 19:20 19:49 1 _ 0 1112 1 11 1 20140701110503 00034
00000142 0070 2014 06 0000002 01 00017 _ 06:40 07:09 1 _ 0 1112 1 11 1 20140704114326 00034
00000142 0070 2014 06 0000003 01 00019 _ 19:20 19:49 1 _ 0 1112 1 11 1 20140704114326 00034
00000142 0070 2014 06 0000004 02 00019 _ 06:00 06:20 1 _ 0 1112 1 11 1 20140704114326 00034
00000142 0070 2014 06 0000005 02 00016 00014 14:45 15:50 4 _ 0 5111 1 11 1 20140704114326 00034
00000142 0070 2014 06 0000006 02 00083 _ 19:20 19:49 1 _ 0 1112 1 11 1 20140704114326 00034
00000142 0070 2014 06 0000007 03 00083 _ 07:00 07:29 1 _ 0 1112 1 11 1 20140704114326 00034
00000142 0070 2014 06 0000008 03 00016 _ 19:20 19:49 1 _ 0 1112 1 11 1 20140704114326 00034
00000142 0070 2014 06 0000009 04 00016 _ 07:00 07:29 1 _ 0 1112 1 11 1 20140704114326 00034
00000142 0070 2014 06 0000010 06 00017 _ 19:20 19:49 1 _ 0 1112 1 11 1 20140704114326 00034
00000142 0070 2014 06 0000011 07 00017 _ 07:00 07:29 1 _ 0 1112 1 11 1 20140704114326 00034
00000142 0070 2014 06 0000012 07 00019 _ 19:20 19:49 1 _ 0 1112 1 11 1 20140704114326 00034
00000142 0070 2014 06 0000013 08 00019 _ 06:00 06:20 1 _ 0 1112 1 11 1 20140704114326 00034
00000142 0070 2014 06 0000014 08 00016 _ 19:20 19:49 1 _ 0 1112 1 11 1 20140704114326 00034
00000142 0070 2014 06 0000015 09 00016 _ 05:50 06:19 1 _ 0 1113 1 11 1 20140704114326 00034
00000142 0070 2014 06 0000016 09 00017 00011 14:45 15:50 4 _ 0 5111 1 11 1 20140704114326 00034
00000142 0070 2014 06 0000017 09 00082 _ 19:20 19:49 1 _ 0 1112 1 11 1 20140704114326 00034
00000142 0070 2014 06 0000018 10 00082 _ 07:00 07:29 1 _ 0 1112 1 11 1 20140704114326 00034
00000142 0070 2014 06 0000019 10 00015 _ 19:20 19:49 1 _ 0 1112 1 11 1 20140704114326 00034
00000142 0070 2014 06 0000020 11 00015 _ 07:00 07:29 1 _ 0 1112 1 11 1 20140704114326 00034
00000142 0070 2014 06 0000024 11 00017 _ 19:20 19:49 1 _ 0 1112 1 11 1 20140704114326 00034
00000142 0070 2014 06 0000025 12 00017 _ 07:00 07:29 1 _ 0 1112 1 11 1 20140704114326 00034
00000142 0070 2014 06 0000026 12 00082 _ 14:45 15:30 1 _ 0 1211 1 11 1 20140704114326 00034
00000142 0070 2014 06 0000027 13 00083 _ 07:00 07:29 1 _ 0 1112 1 11 1 20140704114326 00034
00000142 0070 2014 06 0000028 12 00083 _ 19:05 19:34 1 _ 0 1112 1 11 1 20140704114326 00034
00000142 0070 2014 06 0000029 13 00019 _ 19:20 19:49 1 _ 0 1112 1 11 1 20140704114326 00034
00000142 0070 2014 06 0000030 14 00019 _ 05:40 06:00 1 _ 0 1113 1 11 1 20140704114326 00034
00000142 0070 2014 06 0000031 14 00016 _ 19:20 19:49 1 _ 0 1112 1 11 1 20140704114326 00034
00000142 0070 2014 06 0000032 15 00016 _ 07:00 07:29 1 _ 0 1112 1 11 1 20140704114326 00034
00000142 0070 2014 06 0000033 15 00082 _ 19:20 19:49 1 _ 0 1112 1 11 1 20140704114326 00034
00000142 0070 2014 06 0000034 16 00082 _ 06:00 06:20 1 _ 0 1112 1 11 1 20140704114326 00034
00000142 0070 2014 06 0000035 16 00083 00019 14:45 15:50 1 _ 0 5111 1 11 1 20140704114326 00034
00000142 0070 2014 06 0000036 16 00017 _ 19:20 19:49 1 _ 0 1112 1 11 1 20140704114326 00034
00000142 0070 2014 06 0000037 17 00017 _ 05:40 06:09 1 _ 0 1113 1 11 1 20140704114326 00034
00000142 0070 2014 06 0000038 17 00015 _ 19:20 19:49 1 _ 0 1112 1 11 1 20140704114326 00034
00000142 0070 2014 06 0000039 18 00015 _ 05:50 06:19 1 _ 0 1113 1 11 1 20140704114326 00034
00000142 0070 2014 06 0000040 18 00083 _ 19:20 19:49 1 _ 0 1112 1 11 1 20140704114326 00034
00000142 0070 2014 06 0000041 19 00083 _ 07:00 07:29 1 _ 0 1112 1 11 1 20140704114326 00034
00000142 0070 2014 06 0000042 19 00092 _ 14:45 15:30 1 _ 0 1211 1 11 1 20140704114326 00034
00000142 0070 2014 06 0000043 19 00016 _ 19:20 19:49 1 _ 0 1112 1 11 1 20140704114326 00034
00000142 0070 2014 06 0000044 20 00016 _ 05:00 05:29 1 _ 0 1113 1 11 1 20140704114326 00034
00000142 0070 2014 06 0000045 20 00082 _ 19:20 19:49 1 _ 0 1112 1 11 1 20140704114326 00034
00000142 0070 2014 06 0000046 21 00082 _ 06:00 06:20 1 _ 0 1112 1 11 1 20140704114326 00034
00000142 0070 2014 06 0000047 21 00011 _ 19:20 19:49 1 _ 0 1112 1 11 1 20140704114326 00034
00000142 0070 2014 06 0000048 22 00011 _ 06:00 06:20 1 _ 0 1112 1 11 1 20140704114326 00034
00000142 0070 2014 06 0000049 22 00083 _ 19:20 19:49 1 _ 0 1112 1 11 1 20140704114326 00034
00000142 0070 2014 06 0000050 23 00083 _ 06:00 06:29 1 _ 0 1112 1 11 1 20140704114326 00034
00000142 0070 2014 06 0000051 23 00017 00082 14:45 15:50 4 _ 0 5111 1 11 1 20140704114326 00034
00000142 0070 2014 06 0000052 23 00015 _ 19:20 19:49 1 _ 0 1112 1 11 1 20140704114326 00034
00000142 0070 2014 06 0000053 24 00015 _ 06:00 06:29 1 _ 0 1112 1 11 1 20140704114326 00034
00000142 0070 2014 06 0000054 24 00019 _ 19:20 19:49 1 _ 0 1112 1 11 1 20140704114326 00034
00000142 0070 2014 06 0000055 25 00019 _ 06:00 06:29 1 _ 0 1112 1 11 1 20140704114326 00034
00000142 0070 2014 06 0000056 25 00017 _ 19:20 19:49 1 _ 0 1112 1 11 1 20140704114326 00034
00000142 0070 2014 06 0000057 26 00017 _ 06:00 06:29 1 _ 0 1112 1 11 1 20140704114326 00034
00000142 0070 2014 06 0000058 26 00092 _ 14:45 15:30 1 _ 0 1211 1 11 1 20140704114326 00034
00000142 0070 2014 06 0000059 26 00016 _ 19:30 19:59 1 _ 0 1112 1 11 1 20140704114326 00034
00000142 0070 2014 06 0000060 27 00016 _ 06:00 06:29 1 _ 0 1112 1 11 1 20140704114326 00034
00000142 0070 2014 06 0000061 27 00092 _ 19:20 19:40 1 _ 0 _ 1 11 9 20140702141016 00034
00000142 0070 2014 06 0000062 28 00092 _ 06:00 06:29 1 _ 0 1112 1 11 1 20140704114326 00034
00000142 0070 2014 06 0000063 28 00019 _ 19:20 19:49 1 _ 0 1112 1 11 1 20140704114326 00034
00000142 0070 2014 06 0000064 29 00019 _ 06:00 06:29 2 _ 0 1112 1 11 1 20140704114326 00034
00000142 0070 2014 06 0000065 30 00015 _ 06:00 06:29 1 _ 0 1112 1 11 1 20140704114326 00034
00000142 0070 2014 06 0000066 29 00015 _ 19:20 19:49 1 _ 0 1112 1 11 1 20140704114326 00034
00000142 0070 2014 06 0000067 30 00082 00083 14:45 15:50 4 _ 0 5111 1 11 1 20140704114326 00034
00000142 0070 2014 06 0000068 30 00017 _ 19:20 19:49 1 _ 0 1112 1 11 1 20140704114326 00034
00000142 0070 2014 06 0000075 27 00092 _ 19:20 19:40 1 _ 0 1112 1 11 1 20140704114326 00034
00000142 0070 2014 07 0000069 01 00017 _ 06:00 06:29 1 _ 0 1112 1 11 1 20140801115642 00034
00000142 0070 2014 07 0000070 01 00083 _ 19:20 19:40 1 _ 0 1112 1 11 1 20140801115642 00034
00000142 0070 2014 07 0000071 02 00083 _ 06:00 06:29 1 _ 0 1112 1 11 1 20140801115642 00034
00000142 0070 2014 07 0000072 02 00016 _ 19:20 19:49 1 _ 0 1112 1 11 1 20140801115642 00034
00000142 0070 2014 07 0000073 03 00016 _ 06:00 06:29 1 _ 0 1112 1 11 1 20140801115642 00034
00000142 0070 2014 07 0000074 03 00017 _ 14:45 15:30 1 _ 0 1211 1 11 1 20140801115642 00034
00000142 0070 2014 07 0000076 03 00019 _ 19:20 19:49 1 _ 0 1112 1 11 1 20140801115642 00034
00000142 0070 2014 07 0000077 04 00019 _ 06:00 06:29 1 _ 0 1112 1 11 1 20140801115642 00034
00000142 0070 2014 07 0000078 04 00015 _ 19:20 19:49 1 _ 0 1112 1 11 1 20140801115642 00034
00000142 0070 2014 07 0000079 05 00015 _ 06:00 06:29 1 _ 0 1112 1 11 1 20140801115642 00034
00000142 0070 2014 07 0000080 05 00092 _ 19:20 19:49 1 _ 0 1112 1 11 1 20140801115642 00034
00000142 0070 2014 07 0000081 06 00092 _ 06:00 06:29 1 _ 0 1112 1 11 1 20140801115642 00034
00000142 0070 2014 07 0000082 06 00082 _ 19:20 19:49 1 _ 0 1112 1 11 1 20140801115642 00034
00000142 0070 2014 07 0000083 07 00082 _ 06:00 06:29 1 _ 0 1112 1 11 1 20140801115642 00034
00000142 0070 2014 07 0000084 07 00015 00019 14:45 15:50 4 _ 0 5111 1 11 1 20140801115642 00034
00000142 0070 2014 07 0000085 07 00083 _ 19:20 19:40 1 _ 0 1112 1 11 1 20140801115642 00034
00000142 0070 2014 07 0000086 08 00083 _ 06:00 06:29 1 _ 0 1112 1 11 1 20140801115642 00034
00000142 0070 2014 07 0000087 08 00019 _ 19:20 19:49 1 _ 0 1112 1 11 1 20140801115642 00034
00000142 0070 2014 07 0000088 09 00019 _ 05:30 05:59 1 _ 0 1113 1 11 1 20140801115642 00034
00000142 0070 2014 07 0000089 09 00015 _ 19:20 19:49 1 _ 0 1112 1 11 1 20140801115642 00034
00000142 0070 2014 07 0000090 10 00015 _ 06:00 06:29 1 _ 0 1112 1 11 1 20140801115642 00034
00000142 0070 2014 07 0000091 10 00093 _ 14:45 15:30 1 _ 0 1211 1 11 1 20140801115642 00034
00000142 0070 2014 07 0000092 10 00016 _ 19:20 19:49 1 _ 0 1112 1 11 1 20140801115642 00034
00000142 0070 2014 07 0000093 11 00016 _ 05:30 05:59 1 _ 0 1113 1 11 1 20140801115642 00034
00000142 0070 2014 07 0000094 11 00017 _ 19:20 19:49 1 _ 0 1112 1 11 1 20140801115642 00034
00000142 0070 2014 07 0000095 12 00017 _ 06:00 06:29 1 _ 0 1112 1 11 1 20140801115642 00034
00000142 0070 2014 07 0000096 12 00092 _ 19:20 19:40 1 _ 0 1112 1 11 1 20140801115642 00034
00000142 0070 2014 07 0000097 13 00092 _ 06:00 06:29 1 _ 0 1112 1 11 1 20140801115642 00034
00000142 0070 2014 07 0000098 13 00082 _ 19:20 19:49 1 _ 0 1112 1 11 1 20140801115642 00034
00000142 0070 2014 07 0000099 14 00082 _ 05:30 05:50 1 _ 0 1113 1 11 1 20140801115642 00034
00000142 0070 2014 07 0000100 14 00095 00093 14:45 15:50 4 _ 0 5111 1 11 1 20140801115642 00034
00000142 0070 2014 07 0000101 14 00016 _ 19:20 19:49 1 _ 0 1112 1 11 1 20140801115642 00034
00000142 0070 2014 07 0000102 15 00016 _ 05:00 05:29 1 _ 0 1113 1 11 1 20140801115642 00034
00000142 0070 2014 07 0000103 15 00015 _ 19:20 19:49 1 _ 0 1112 1 11 1 20140801115642 00034
00000142 0070 2014 07 0000104 16 00015 _ 05:30 05:59 1 _ 0 1113 1 11 1 20140801115642 00034
00000142 0070 2014 07 0000105 16 00017 _ 19:20 19:49 1 _ 0 1112 1 11 1 20140801115642 00034
00000142 0070 2014 07 0000106 17 00017 _ 06:00 06:29 1 _ 0 1112 1 11 1 20140801115642 00034
00000142 0070 2014 07 0000107 17 00092 _ 19:20 19:40 1 _ 0 1112 1 11 1 20140801115642 00034
00000142 0070 2014 07 0000108 18 00092 _ 06:00 06:29 1 _ 0 1112 1 11 1 20140801115642 00034
00000142 0070 2014 07 0000109 17 00019 _ 14:45 15:30 1 _ 0 1211 1 11 1 20140801115642 00034
00000142 0070 2014 07 0000110 18 00082 _ 19:20 19:49 1 _ 0 1112 1 11 1 20140801115642 00034
00000142 0070 2014 07 0000111 19 00082 _ 06:00 06:29 1 _ 0 1112 1 11 1 20140801115642 00034
00000142 0070 2014 07 0000112 21 00019 _ 20:30 20:59 1 _ 0 1112 1 11 1 20140801115642 00034
00000142 0070 2014 07 0000113 22 00019 _ 06:00 06:29 1 _ 0 1112 1 11 1 20140801115642 00034
00000142 0070 2014 07 0000114 22 00092 _ 19:20 19:40 1 _ 0 1112 1 11 1 20140801115642 00034
00000142 0070 2014 07 0000115 23 00092 _ 06:00 06:29 1 _ 0 1112 1 11 1 20140801115642 00034
00000142 0070 2014 07 0000116 23 00017 _ 19:20 19:49 1 _ 0 1112 1 11 1 20140801115642 00034
00000142 0070 2014 07 0000117 24 00017 _ 06:00 06:29 1 _ 0 1112 1 11 1 20140801115642 00034
00000142 0070 2014 07 0000118 24 00095 00083 14:45 15:50 4 _ 0 5111 1 11 1 20140801115642 00034
00000142 0070 2014 07 0000119 24 00082 _ 19:20 19:49 1 _ 0 1112 1 11 1 20140801115642 00034
00000142 0070 2014 07 0000120 25 00082 _ 06:00 06:29 1 _ 0 1112 1 11 1 20140801115642 00034
00000142 0070 2014 07 0000121 25 00083 _ 19:20 19:40 1 _ 0 1112 1 11 1 20140801115642 00034
00000142 0070 2014 07 0000122 26 00083 _ 06:00 06:29 1 _ 0 1112 1 11 1 20140801115642 00034
00000142 0070 2014 07 0000123 26 00019 _ 19:20 19:49 1 _ 0 1112 1 11 1 20140801115642 00034
00000142 0070 2014 07 0000124 27 00019 _ 06:00 06:29 1 _ 0 1112 1 11 1 20140801115642 00034
00000142 0070 2014 07 0000125 27 00015 _ 19:20 19:49 1 _ 0 1112 1 11 1 20140801115642 00034
00000142 0070 2014 07 0000126 28 00015 _ 06:00 06:29 1 _ 0 1112 1 11 1 20140801115642 00034
00000142 0070 2014 07 0000127 28 00093 _ 14:45 15:14 1 _ 0 1111 1 11 1 20140801115642 00034
00000142 0070 2014 07 0000128 28 00017 _ 19:30 19:59 1 _ 0 1112 1 11 1 20140801115642 00034
00000142 0070 2014 07 0000129 29 00017 _ 06:00 06:29 1 _ 0 1112 1 11 1 20140801115642 00034
00000142 0070 2014 07 0000130 29 00092 _ 19:20 19:40 1 _ 0 1112 1 11 1 20140801115642 00034
00000142 0070 2014 07 0000131 30 00092 _ 06:00 06:29 1 _ 0 1112 1 11 1 20140801115642 00034
00000142 0070 2014 07 0000132 30 00016 _ 19:20 19:49 1 _ 0 1112 1 11 1 20140801115642 00034
00000142 0070 2014 07 0000133 31 00016 _ 06:00 06:29 1 _ 0 1112 1 11 1 20140801115642 00034
00000142 0070 2014 07 0000134 31 00017 00096 14:45 15:50 4 _ 0 5111 1 11 1 20140801115642 00034
00000142 0070 2014 07 0000135 31 00019 _ 19:20 19:49 1 _ 0 1112 1 11 1 20140801115642 00034
00000142 0070 2014 08 0000136 01 00019 _ 06:00 06:29 1 _ 0 1112 1 11 1 20140819111504 00014
00000142 0070 2014 08 0000137 01 00082 _ 19:20 19:49 1 _ 0 1112 1 11 1 20140819111504 00014
00000142 0070 2014 08 0000138 02 00082 _ 06:00 06:29 1 _ 0 1112 1 11 1 20140819111504 00014
00000142 0070 2014 08 0000139 02 00083 _ 19:20 19:40 1 _ 0 1112 1 11 1 20140819111504 00014
00000142 0070 2014 08 0000140 03 00083 _ 06:00 06:29 1 _ 0 1112 1 11 1 20140819111504 00014
00000142 0070 2014 08 0000141 03 00092 _ 19:20 19:40 1 _ 0 1112 1 11 1 20140819111504 00014
00000142 0070 2014 08 0000142 04 00092 _ 06:00 06:29 1 _ 0 1112 1 11 1 20140819111504 00014
00000142 0070 2014 08 0000143 04 00095 00019 14:45 15:50 4 _ 0 5111 1 11 1 20140819111504 00014
00000142 0070 2014 08 0000144 04 00017 _ 19:30 19:59 1 _ 0 1112 1 11 1 20140819111504 00014
00000142 0070 2014 08 0000145 05 00017 _ 06:00 06:29 1 _ 0 1112 1 11 1 20140819111504 00014
00000142 0070 2014 08 0000146 05 00016 _ 19:20 19:49 1 _ 0 1112 1 11 1 20140819111504 00014
00000142 0070 2014 08 0000147 06 00016 _ 06:00 06:29 1 _ 0 1112 1 11 1 20140819111504 00014
00000142 0070 2014 08 0000148 06 00015 _ 19:20 19:49 1 _ 0 1112 1 11 1 20140819111504 00014
00000142 0070 2014 08 0000149 07 00015 _ 06:00 06:29 1 _ 0 1112 1 11 1 20140819111504 00014
00000142 0070 2014 08 0000150 07 00092 _ 14:45 15:30 1 _ 0 1211 1 11 1 20140819111504 00014
00000142 0070 2014 08 0000151 07 00082 _ 19:20 19:49 1 _ 0 1112 1 11 1 20140819111504 00014
00000142 0070 2014 08 0000152 08 00082 _ 06:00 06:29 1 _ 0 1112 1 11 1 20140819111504 00014
00000142 0070 2014 08 0000153 08 00019 _ 19:20 19:49 1 _ 0 1112 1 11 1 20140819111504 00014
00000142 0070 2014 08 0000154 09 00019 _ 06:00 06:29 1 _ 0 1112 1 11 1 20140819111504 00014
00000142 0070 2014 08 0000155 09 00092 _ 19:20 19:40 1 _ 0 1112 1 11 1 20140819111504 00014
00000142 0070 2014 08 0000156 10 00092 _ 06:00 06:29 1 _ 0 1112 1 11 1 20140819111504 00014
00000142 0070 2014 08 0000157 10 00016 _ 19:20 19:49 1 _ 0 1112 1 11 1 20140819111504 00014
00000142 0070 2014 08 0000158 11 00016 _ 06:20 06:45 1 _ 0 1112 1 11 1 20140819111504 00014
00000142 0070 2014 08 0000159 11 00083 _ 19:20 19:40 1 _ 0 1112 1 11 1 20140819111504 00014
00000142 0070 2014 08 0000160 12 00083 _ 06:00 06:29 1 _ 0 1112 1 11 1 20140819111504 00014
00000142 0070 2014 08 0000161 12 00017 _ 19:20 19:49 1 _ 0 1112 1 11 1 20140819111504 00014
00000142 0070 2014 08 0000162 13 00017 _ 06:00 06:29 1 _ 0 1112 1 11 1 20140819111504 00014
00000142 0070 2014 08 0000163 13 00019 _ 19:20 19:49 1 _ 0 1112 1 11 1 20140819111504 00014
00000142 0070 2014 08 0000164 14 00019 _ 06:00 06:29 1 _ 0 1112 1 11 1 20140819111504 00014
00000142 0070 2014 08 0000165 14 00095 00092 14:45 15:44 4 _ 0 5111 1 11 1 20140819111504 00014
00000142 0070 2014 08 0000166 14 00016 _ 19:30 19:59 1 _ 0 1112 1 11 1 20140819111504 00014
00000142 0070 2014 08 0000167 15 00016 _ 06:00 06:29 1 _ 0 1112 1 11 1 20140819111504 00014
00000142 0070 2014 08 0000168 15 00092 _ 19:20 19:40 1 _ 0 1112 1 11 1 20140819111504 00014
00000142 0070 2014 08 0000169 16 00092 _ 06:00 06:29 1 _ 0 1112 1 11 1 20140819111504 00014
00000142 0070 2014 08 0000170 16 00017 _ 19:20 19:49 1 _ 0 1112 1 11 1 20140819111504 00014
00000142 0070 2014 08 0000171 17 00017 _ 06:00 06:29 1 _ 0 1112 1 11 1 20140819111504 00014
00000142 0070 2014 08 0000172 17 00082 _ 19:20 19:49 1 _ 0 1112 1 11 1 20140819111504 00014
00000142 0070 2014 08 0000173 18 00082 _ 06:00 06:29 1 _ 0 1112 1 11 1 20140819111504 00014
00000142 0070 2014 08 0000174 18 00095 _ 14:45 15:50 4 _ 0 5111 1 11 1 20140819111504 00014
00000142 0070 2014 08 0000175 18 00083 _ 19:20 19:40 1 _ 0 1112 1 11 1 20140819111504 00014
00000142 0070 2014 08 0000176 19 00083 _ 06:00 06:29 1 _ 0 1112 1 11 1 20140819111504 00014
