000001682014061 00000168 2014 06 03 65 1121 13:30 16:30 0095 1 4236 0 _ _ 1 1 20140702221354 24
000001682014061 00000168 2014 06 10 65 1121 13:30 16:30 0095 1 4236 0 _ _ 1 1 20140702221354 24
000001682014061 00000168 2014 06 17 65 1121 13:30 16:30 0095 1 4236 0 _ _ 1 1 20140702221354 24
000001682014061 00000168 2014 06 24 65 1121 13:30 16:30 0095 1 4236 0 _ _ 1 1 20140702221354 24
000001682014062 00000168 2014 06 03 65 5002 _ _ 0095 1 225 0 _ _ 1 1 20140702221354 24
000001682014062 00000168 2014 06 10 65 5002 _ _ 0095 1 225 0 _ _ 1 1 20140702221354 24
000001682014062 00000168 2014 06 17 65 5002 _ _ 0095 1 225 0 _ _ 1 1 20140702221354 24
000001682014062 00000168 2014 06 24 65 5002 _ _ 0095 1 225 0 _ _ 1 1 20140702221354 24
000001682014063 00000168 2014 06 01 67 1007 _ _ 0103 1 300 0 _ _ 1 1 20140702221354 24
000001682014071 00000168 2014 07 01 65 1121 13:30 16:30 0095 1 4236 0 _ _ 1 1 20140802181532 24
000001682014071 00000168 2014 07 08 65 1121 13:30 16:30 0095 1 4236 0 _ _ 1 1 20140802181532 24
000001682014071 00000168 2014 07 15 65 1121 13:30 16:30 0095 1 4236 0 _ _ 1 1 20140802181532 24
000001682014071 00000168 2014 07 22 65 1121 13:30 16:30 0095 1 4236 0 _ _ 1 1 20140802181532 24
000001682014071 00000168 2014 07 29 65 1121 13:30 16:30 0095 1 4236 0 _ _ 1 1 20140802181532 24
000001682014072 00000168 2014 07 01 65 5002 _ _ 0095 1 225 0 _ _ 1 1 20140802181532 24
000001682014073 00000168 2014 07 01 67 1007 _ _ 0103 1 300 0 _ _ 1 1 20140802181532 24
000001682014081 00000168 2014 08 05 65 1121 13:30 16:30 0095 1 4236 0 _ _ 1 1 20140721104130 24
000001682014081 00000168 2014 08 12 65 1121 13:30 16:30 0095 1 4236 0 _ _ 1 1 20140721104130 24
000001682014081 00000168 2014 08 19 65 1121 13:30 16:30 0095 1 4236 0 _ _ 1 1 20140721104130 24
000001682014081 00000168 2014 08 26 65 1121 13:30 16:30 0095 1 4236 0 _ _ 1 1 20140721104130 24
000001682014082 00000168 2014 08 05 65 5002 _ _ 0095 1 225 0 _ _ 1 1 20140721104130 24
000001682014082 00000168 2014 08 12 65 5002 _ _ 0095 1 225 0 _ _ 1 1 20140721104130 24
000001682014082 00000168 2014 08 19 65 5002 _ _ 0095 1 225 0 _ _ 1 1 20140721104130 24
000001682014082 00000168 2014 08 26 65 5002 _ _ 0095 1 225 0 _ _ 1 1 20140721104130 24
000001682014083 00000168 2014 08 01 67 1007 _ _ 0103 1 300 0 _ _ 1 1 20140721104130 24
000001682014091 00000168 2014 09 02 65 1121 13:30 16:30 0095 1 4236 0 _ _ 1 1 20140817151138 24
000001682014091 00000168 2014 09 09 65 1121 13:30 16:30 0095 1 4236 0 _ _ 1 1 20140817151138 24
000001682014091 00000168 2014 09 16 65 1121 13:30 16:30 0095 1 4236 0 _ _ 1 1 20140817151138 24
000001682014091 00000168 2014 09 23 65 1121 13:30 16:30 0095 1 4236 0 _ _ 1 1 20140817151138 24
000001682014091 00000168 2014 09 30 65 1121 13:30 16:30 0095 1 4236 0 _ _ 1 1 20140817151138 24
000001682014092 00000168 2014 09 01 67 1007 _ _ 0103 1 300 0 _ _ 1 1 20140817151138 24
000001682014093 00000168 2014 09 02 65 5002 _ _ 0095 1 225 0 _ _ 1 1 20140817151138 24
