00000095 2014 01 1 1 00031 1 20140724122719 00078
00000095 2014 02 1 1 00031 1 20140616205537 00078
00000095 2014 03 1 1 00031 1 20140616205527 00078
00000095 2014 04 1 1 00031 1 20140616205507 00078
00000095 2014 05 1 1 00031 1 20140818143713 00030
00000095 2014 06 1 1 00031 1 20140702161934 00031
00000095 2014 07 1 1 00031 1 20140804102447 00031
00000095 2014 08 1 1 00031 1 20140901113616 00031
00000095 2014 09 1 1 00031 1 20141003173923 00031
00000095 2014 10 1 1 00031 1 20141103094313 00031
00000095 2014 11 1 1 00031 1 20141202184319 00031
00000095 2014 12 1 _ 00031 1 20141116172619 00031
