000000952014011 00000095 2014 01 09 11 7311 14:00 14:59 0070 1 235 0 _ _ 1 1 20140724122719 78
000000952014011 00000095 2014 01 16 11 7311 14:00 14:59 0070 1 235 0 _ _ 1 1 20140724122719 78
000000952014011 00000095 2014 01 23 11 7311 14:00 14:59 0070 1 235 0 _ _ 1 1 20140724122719 78
000000952014011 00000095 2014 01 30 11 7311 14:00 14:59 0070 1 235 0 _ _ 1 1 20140724122719 78
000000952014012 00000095 2014 01 16 11 4001 _ _ 0070 1 200 0 _ _ 1 1 20140724122719 78
000000952014013 00000095 2014 01 07 15 1241 09:30 12:30 0081 1 461 0 _ _ 1 1 20140724122719 78
000000952014013 00000095 2014 01 14 15 1241 09:30 12:30 0081 1 461 0 _ _ 1 1 20140724122719 78
000000952014013 00000095 2014 01 21 15 1241 09:30 12:30 0081 1 461 0 _ _ 1 1 20140724122719 78
000000952014013 00000095 2014 01 28 15 1241 09:30 12:30 0081 1 461 0 _ _ 1 1 20140724122719 78
000000952014014 00000095 2014 01 07 15 5051 09:30 12:30 0081 1 42 0 _ _ 1 1 20140724122719 78
000000952014014 00000095 2014 01 14 15 5051 09:30 12:30 0081 1 42 0 _ _ 1 1 20140724122719 78
000000952014014 00000095 2014 01 21 15 5051 09:30 12:30 0081 1 42 0 _ _ 1 1 20140724122719 78
000000952014014 00000095 2014 01 28 15 5051 09:30 12:30 0081 1 42 0 _ _ 1 1 20140724122719 78
000000952014015 00000095 2014 01 07 15 5052 09:30 12:30 0081 1 50 0 _ _ 1 1 20140724122719 78
000000952014015 00000095 2014 01 14 15 5052 09:30 12:30 0081 1 50 0 _ _ 1 1 20140724122719 78
000000952014015 00000095 2014 01 21 15 5052 09:30 12:30 0081 1 50 0 _ _ 1 1 20140724122719 78
000000952014015 00000095 2014 01 28 15 5052 09:30 12:30 0081 1 50 0 _ _ 1 1 20140724122719 78
000000952014016 00000095 2014 01 07 15 5606 09:30 12:30 0081 1 150 0 _ _ 1 1 20140724122719 78
000000952014016 00000095 2014 01 14 15 5606 09:30 12:30 0081 1 150 0 _ _ 1 1 20140724122719 78
000000952014021 00000095 2014 02 06 11 7311 14:00 14:59 0070 1 235 0 _ _ 1 1 20140616205537 78
000000952014021 00000095 2014 02 13 11 7311 14:00 14:59 0070 1 235 0 _ _ 1 1 20140616205537 78
000000952014021 00000095 2014 02 20 11 7311 14:00 14:59 0070 1 235 0 _ _ 1 1 20140616205537 78
000000952014021 00000095 2014 02 27 11 7311 14:00 14:59 0070 1 235 0 _ _ 1 1 20140616205537 78
000000952014022 00000095 2014 02 04 15 1241 09:30 12:30 0081 1 461 0 _ _ 1 1 20140616205537 78
000000952014022 00000095 2014 02 10 15 1241 09:30 12:30 0081 1 461 0 _ _ 1 1 20140616205537 78
000000952014022 00000095 2014 02 18 15 1241 09:30 12:30 0081 1 461 0 _ _ 1 1 20140616205537 78
000000952014022 00000095 2014 02 25 15 1241 09:30 12:30 0081 1 461 0 _ _ 1 1 20140616205537 78
000000952014023 00000095 2014 02 04 15 5052 _ _ 0081 1 50 0 _ _ 1 1 20140616205537 78
000000952014023 00000095 2014 02 18 15 5052 _ _ 0081 1 50 0 _ _ 1 1 20140616205537 78
000000952014023 00000095 2014 02 25 15 5052 _ _ 0081 1 50 0 _ _ 1 1 20140616205537 78
000000952014024 00000095 2014 02 04 15 5606 _ _ 0081 1 150 0 _ _ 1 1 20140616205537 78
000000952014024 00000095 2014 02 18 15 5606 _ _ 0081 1 150 0 _ _ 1 1 20140616205537 78
000000952014025 00000095 2014 02 04 15 5051 _ _ 0081 1 42 0 _ _ 1 1 20140616205537 78
000000952014025 00000095 2014 02 10 15 5051 _ _ 0081 1 42 0 _ _ 1 1 20140616205537 78
000000952014025 00000095 2014 02 18 15 5051 _ _ 0081 1 42 0 _ _ 1 1 20140616205537 78
000000952014025 00000095 2014 02 25 15 5051 _ _ 0081 1 42 0 _ _ 1 1 20140616205537 78
000000952014031 00000095 2014 03 06 11 7311 14:00 14:59 0070 1 235 0 _ _ 1 1 20140616205527 78
000000952014031 00000095 2014 03 13 11 7311 14:00 14:59 0070 1 235 0 _ _ 1 1 20140616205527 78
000000952014031 00000095 2014 03 20 11 7311 14:00 14:59 0070 1 235 0 _ _ 1 1 20140616205527 78
000000952014031 00000095 2014 03 27 11 7311 14:00 14:59 0070 1 235 0 _ _ 1 1 20140616205527 78
000000952014032 00000095 2014 03 04 15 1241 09:30 12:30 0081 1 461 0 _ _ 1 1 20140616205527 78
000000952014032 00000095 2014 03 11 15 1241 09:30 12:30 0081 1 461 0 _ _ 1 1 20140616205527 78
000000952014032 00000095 2014 03 18 15 1241 09:30 12:30 0081 1 461 0 _ _ 1 1 20140616205527 78
000000952014032 00000095 2014 03 25 15 1241 09:30 12:30 0081 1 461 0 _ _ 1 1 20140616205527 78
000000952014033 00000095 2014 03 04 15 5052 _ _ 0081 1 50 0 _ _ 1 1 20140616205527 78
000000952014033 00000095 2014 03 11 15 5052 _ _ 0081 1 50 0 _ _ 1 1 20140616205527 78
000000952014033 00000095 2014 03 18 15 5052 _ _ 0081 1 50 0 _ _ 1 1 20140616205527 78
000000952014033 00000095 2014 03 25 15 5052 _ _ 0081 1 50 0 _ _ 1 1 20140616205527 78
000000952014034 00000095 2014 03 04 15 5606 _ _ 0081 1 150 0 _ _ 1 1 20140616205527 78
000000952014034 00000095 2014 03 11 15 5606 _ _ 0081 1 150 0 _ _ 1 1 20140616205527 78
000000952014035 00000095 2014 03 04 15 5051 _ _ 0081 1 42 0 _ _ 1 1 20140616205527 78
000000952014035 00000095 2014 03 11 15 5051 _ _ 0081 1 42 0 _ _ 1 1 20140616205527 78
000000952014035 00000095 2014 03 18 15 5051 _ _ 0081 1 42 0 _ _ 1 1 20140616205527 78
000000952014035 00000095 2014 03 25 15 5051 _ _ 0081 1 42 0 _ _ 1 1 20140616205527 78
000000952014041 00000095 2014 04 03 11 7311 14:00 14:59 0070 1 236 0 _ _ 1 1 20140616205507 78
000000952014041 00000095 2014 04 10 11 7311 14:00 14:59 0070 1 236 0 _ _ 1 1 20140616205507 78
000000952014041 00000095 2014 04 17 11 7311 14:00 14:59 0070 1 236 0 _ _ 1 1 20140616205507 78
000000952014041 00000095 2014 04 24 11 7311 14:00 14:59 0070 1 236 0 _ _ 1 1 20140616205507 78
000000952014042 00000095 2014 04 01 15 1241 09:30 12:30 0081 1 464 0 _ _ 1 1 20140616205507 78
000000952014042 00000095 2014 04 08 15 1241 09:30 12:30 0081 1 464 0 _ _ 1 1 20140616205507 78
000000952014042 00000095 2014 04 15 15 1241 09:30 12:30 0081 1 464 0 _ _ 1 1 20140616205507 78
000000952014042 00000095 2014 04 22 15 1241 09:30 12:30 0081 1 464 0 _ _ 1 1 20140616205507 78
000000952014043 00000095 2014 04 01 15 5052 _ _ 0081 1 50 0 _ _ 1 1 20140616205507 78
000000952014043 00000095 2014 04 08 15 5052 _ _ 0081 1 50 0 _ _ 1 1 20140616205507 78
000000952014043 00000095 2014 04 15 15 5052 _ _ 0081 1 50 0 _ _ 1 1 20140616205507 78
000000952014043 00000095 2014 04 22 15 5052 _ _ 0081 1 50 0 _ _ 1 1 20140616205507 78
000000952014044 00000095 2014 04 01 15 5606 _ _ 0081 1 150 0 _ _ 1 1 20140616205507 78
000000952014044 00000095 2014 04 08 15 5606 _ _ 0081 1 150 0 _ _ 1 1 20140616205507 78
000000952014045 00000095 2014 04 01 15 5051 _ _ 0081 1 42 0 _ _ 1 1 20140616205507 78
000000952014045 00000095 2014 04 08 15 5051 _ _ 0081 1 42 0 _ _ 1 1 20140616205507 78
000000952014045 00000095 2014 04 15 15 5051 _ _ 0081 1 42 0 _ _ 1 1 20140616205507 78
000000952014045 00000095 2014 04 22 15 5051 _ _ 0081 1 42 0 _ _ 1 1 20140616205507 78
000000952014051 00000095 2014 05 01 11 7311 14:00 14:59 0070 1 236 0 _ _ 1 1 20140818143713 24
000000952014051 00000095 2014 05 08 11 7311 14:00 14:59 0070 1 236 0 _ _ 1 1 20140818143713 24
000000952014051 00000095 2014 05 15 11 7311 14:00 14:59 0070 1 236 0 _ _ 1 1 20140818143713 24
000000952014051 00000095 2014 05 22 11 7311 14:00 14:59 0070 1 236 0 _ _ 1 1 20140818143713 24
000000952014051 00000095 2014 05 29 11 7311 14:00 14:59 0070 1 236 0 _ _ 1 1 20140818143713 24
000000952014052 00000095 2014 05 13 15 1241 09:30 12:30 0081 1 464 0 _ _ 1 1 20140818143713 24
000000952014052 00000095 2014 05 20 15 1241 09:30 12:30 0081 1 464 0 _ _ 1 1 20140818143713 24
000000952014052 00000095 2014 05 27 15 1241 09:30 12:30 0081 1 464 0 _ _ 1 1 20140818143713 24
000000952014053 00000095 2014 05 13 15 5051 _ _ 0081 1 42 0 _ _ 1 1 20140818143713 24
000000952014053 00000095 2014 05 20 15 5051 _ _ 0081 1 42 0 _ _ 1 1 20140818143713 24
000000952014053 00000095 2014 05 27 15 5051 _ _ 0081 1 42 0 _ _ 1 1 20140818143713 24
000000952014054 00000095 2014 05 13 15 5052 _ _ 0081 1 50 0 _ _ 1 1 20140818143713 24
000000952014054 00000095 2014 05 20 15 5052 _ _ 0081 1 50 0 _ _ 1 1 20140818143713 24
000000952014054 00000095 2014 05 27 15 5052 _ _ 0081 1 50 0 _ _ 1 1 20140818143713 24
000000952014055 00000095 2014 05 13 15 5606 _ _ 0081 1 150 0 _ _ 1 1 20140818143713 24
000000952014055 00000095 2014 05 20 15 5606 _ _ 0081 1 150 0 _ _ 1 1 20140818143713 24
000000952014061 00000095 2014 06 05 11 7311 14:00 14:59 0070 1 236 0 _ _ 1 1 20140702161934 25
000000952014061 00000095 2014 06 12 11 7311 14:00 14:59 0070 1 236 0 _ _ 1 1 20140702161934 25
000000952014061 00000095 2014 06 19 11 7311 14:00 14:59 0070 1 236 0 _ _ 1 1 20140702161934 25
000000952014061 00000095 2014 06 26 11 7311 14:00 14:59 0070 1 236 0 _ _ 1 1 20140702161934 25
000000952014062 00000095 2014 06 03 15 1241 09:30 12:30 0081 1 464 0 _ _ 1 1 20140702161934 25
000000952014062 00000095 2014 06 10 15 1241 09:30 12:30 0081 1 464 0 _ _ 1 1 20140702161934 25
000000952014062 00000095 2014 06 17 15 1241 09:30 12:30 0081 1 464 0 _ _ 1 1 20140702161934 25
000000952014062 00000095 2014 06 24 15 1241 09:30 12:30 0081 1 464 0 _ _ 1 1 20140702161934 25
000000952014063 00000095 2014 06 03 15 5051 09:30 12:30 0081 1 42 0 _ _ 1 1 20140702161934 25
000000952014063 00000095 2014 06 10 15 5051 09:30 12:30 0081 1 42 0 _ _ 1 1 20140702161934 25
000000952014063 00000095 2014 06 17 15 5051 09:30 12:30 0081 1 42 0 _ _ 1 1 20140702161934 25
000000952014063 00000095 2014 06 24 15 5051 09:30 12:30 0081 1 42 0 _ _ 1 1 20140702161934 25
000000952014064 00000095 2014 06 03 15 5052 09:30 12:30 0081 1 50 0 _ _ 1 1 20140702161934 25
000000952014064 00000095 2014 06 10 15 5052 09:30 12:30 0081 1 50 0 _ _ 1 1 20140702161934 25
000000952014064 00000095 2014 06 17 15 5052 09:30 12:30 0081 1 50 0 _ _ 1 1 20140702161934 25
000000952014064 00000095 2014 06 24 15 5052 09:30 12:30 0081 1 50 0 _ _ 1 1 20140702161934 25
000000952014065 00000095 2014 06 03 15 5606 09:30 12:30 0081 1 150 0 _ _ 1 1 20140702161934 25
000000952014065 00000095 2014 06 10 15 5606 09:30 12:30 0081 1 150 0 _ _ 1 1 20140702161934 25
000000952014071 00000095 2014 07 03 11 7311 14:00 14:59 0070 1 236 0 _ _ 1 1 20140804102447 25
000000952014071 00000095 2014 07 10 11 7311 14:00 14:59 0070 1 236 0 _ _ 1 1 20140804102447 25
000000952014071 00000095 2014 07 17 11 7311 14:00 14:59 0070 1 236 0 _ _ 1 1 20140804102447 25
000000952014071 00000095 2014 07 24 11 7311 14:00 14:59 0070 1 236 0 _ _ 1 1 20140804102447 25
000000952014071 00000095 2014 07 31 11 7311 14:00 14:59 0070 1 236 0 _ _ 1 1 20140804102447 25
000000952014072 00000095 2014 07 01 15 1241 09:30 12:30 0081 1 464 0 _ _ 1 1 20140804102447 25
000000952014072 00000095 2014 07 08 15 1241 09:30 12:30 0081 1 464 0 _ _ 1 1 20140804102447 25
000000952014072 00000095 2014 07 15 15 1241 09:30 12:30 0081 1 464 0 _ _ 1 1 20140804102447 25
000000952014072 00000095 2014 07 22 15 1241 09:30 12:30 0081 1 464 0 _ _ 1 1 20140804102447 25
000000952014072 00000095 2014 07 29 15 1241 09:30 12:30 0081 1 464 0 _ _ 1 1 20140804102447 25
000000952014073 00000095 2014 07 01 15 5051 _ _ 0081 1 42 0 _ _ 1 1 20140804102447 25
000000952014073 00000095 2014 07 08 15 5051 _ _ 0081 1 42 0 _ _ 1 1 20140804102447 25
000000952014073 00000095 2014 07 15 15 5051 _ _ 0081 1 42 0 _ _ 1 1 20140804102447 25
000000952014073 00000095 2014 07 22 15 5051 _ _ 0081 1 42 0 _ _ 1 1 20140804102447 25
000000952014073 00000095 2014 07 29 15 5051 _ _ 0081 1 42 0 _ _ 1 1 20140804102447 25
000000952014074 00000095 2014 07 01 15 5052 _ _ 0081 1 50 0 _ _ 1 1 20140804102447 25
000000952014074 00000095 2014 07 08 15 5052 _ _ 0081 1 50 0 _ _ 1 1 20140804102447 25
000000952014074 00000095 2014 07 15 15 5052 _ _ 0081 1 50 0 _ _ 1 1 20140804102447 25
000000952014074 00000095 2014 07 22 15 5052 _ _ 0081 1 50 0 _ _ 1 1 20140804102447 25
000000952014074 00000095 2014 07 29 15 5052 _ _ 0081 1 50 0 _ _ 1 1 20140804102447 25
000000952014075 00000095 2014 07 01 15 5606 _ _ 0081 1 150 0 _ _ 1 1 20140804102447 25
000000952014075 00000095 2014 07 08 15 5606 _ _ 0081 1 150 0 _ _ 1 1 20140804102447 25
000000952014081 00000095 2014 08 07 11 7311 14:00 14:59 0070 1 236 0 _ _ 1 1 20140901113616 25
000000952014081 00000095 2014 08 14 11 7311 14:00 14:59 0070 1 236 0 _ _ 1 1 20140901113616 25
000000952014081 00000095 2014 08 21 11 7311 14:00 14:59 0070 1 236 0 _ _ 1 1 20140901113616 25
000000952014081 00000095 2014 08 28 11 7311 14:00 14:59 0070 1 236 0 _ _ 1 1 20140901113616 25
000000952014082 00000095 2014 08 05 15 1241 09:30 12:30 0081 1 464 0 _ _ 1 1 20140901113616 25
000000952014082 00000095 2014 08 12 15 1241 09:30 12:30 0081 1 464 0 _ _ 1 1 20140901113616 25
000000952014082 00000095 2014 08 19 15 1241 09:30 12:30 0081 1 464 0 _ _ 1 1 20140901113616 25
000000952014082 00000095 2014 08 26 15 1241 09:30 12:30 0081 1 464 0 _ _ 1 1 20140901113616 25
000000952014083 00000095 2014 08 05 15 5051 _ _ 0081 1 42 0 _ _ 1 1 20140901113616 25
000000952014083 00000095 2014 08 12 15 5051 _ _ 0081 1 42 0 _ _ 1 1 20140901113616 25
000000952014083 00000095 2014 08 19 15 5051 _ _ 0081 1 42 0 _ _ 1 1 20140901113616 25
000000952014083 00000095 2014 08 26 15 5051 _ _ 0081 1 42 0 _ _ 1 1 20140901113616 25
000000952014084 00000095 2014 08 05 15 5052 _ _ 0081 1 50 0 _ _ 1 1 20140901113616 25
000000952014084 00000095 2014 08 12 15 5052 _ _ 0081 1 50 0 _ _ 1 1 20140901113616 25
000000952014084 00000095 2014 08 19 15 5052 _ _ 0081 1 50 0 _ _ 1 1 20140901113616 25
000000952014084 00000095 2014 08 26 15 5052 _ _ 0081 1 50 0 _ _ 1 1 20140901113616 25
000000952014085 00000095 2014 08 05 15 5606 _ _ 0081 1 150 0 _ _ 1 1 20140901113616 25
000000952014085 00000095 2014 08 12 15 5606 _ _ 0081 1 150 0 _ _ 1 1 20140901113616 25
000000952014091 00000095 2014 09 04 11 7311 14:00 14:59 0070 1 236 0 _ _ 1 1 20141003173923 25
000000952014091 00000095 2014 09 11 11 7311 14:00 14:59 0070 1 236 0 _ _ 1 1 20141003173923 25
000000952014091 00000095 2014 09 18 11 7311 14:00 14:59 0070 1 236 0 _ _ 1 1 20141003173923 25
000000952014091 00000095 2014 09 25 11 7311 14:00 14:59 0070 1 236 0 _ _ 1 1 20141003173923 25
000000952014092 00000095 2014 09 02 15 1241 09:30 12:30 0081 1 464 0 _ _ 1 1 20141003173923 25
000000952014092 00000095 2014 09 09 15 1241 09:30 12:30 0081 1 464 0 _ _ 1 1 20141003173923 25
000000952014092 00000095 2014 09 16 15 1241 09:30 12:30 0081 1 464 0 _ _ 1 1 20141003173923 25
000000952014092 00000095 2014 09 30 15 1241 09:30 12:30 0081 1 464 0 _ _ 1 1 20141003173923 25
000000952014093 00000095 2014 09 02 15 5051 _ _ 0081 1 42 0 _ _ 1 1 20141003173923 25
000000952014093 00000095 2014 09 09 15 5051 _ _ 0081 1 42 0 _ _ 1 1 20141003173923 25
000000952014093 00000095 2014 09 16 15 5051 _ _ 0081 1 42 0 _ _ 1 1 20141003173923 25
000000952014093 00000095 2014 09 30 15 5051 _ _ 0081 1 42 0 _ _ 1 1 20141003173923 25
000000952014094 00000095 2014 09 02 15 5052 _ _ 0081 1 50 0 _ _ 1 1 20141003173923 25
000000952014094 00000095 2014 09 09 15 5052 _ _ 0081 1 50 0 _ _ 1 1 20141003173923 25
000000952014094 00000095 2014 09 16 15 5052 _ _ 0081 1 50 0 _ _ 1 1 20141003173923 25
000000952014094 00000095 2014 09 30 15 5052 _ _ 0081 1 50 0 _ _ 1 1 20141003173923 25
000000952014095 00000095 2014 09 02 15 5606 _ _ 0081 1 150 0 _ _ 1 1 20141003173923 25
000000952014095 00000095 2014 09 09 15 5606 _ _ 0081 1 150 0 _ _ 1 1 20141003173923 25
000000952014095 00000095 2014 09 16 15 5606 _ _ 0081 1 150 0 _ _ 1 1 20141003173923 25
000000952014095 00000095 2014 09 30 15 5606 _ _ 0081 1 150 0 _ _ 1 1 20141003173923 25
000000952014101 00000095 2014 10 02 11 7311 14:00 14:59 0070 1 236 0 _ _ 1 1 20141103094313 25
000000952014101 00000095 2014 10 09 11 7311 14:00 14:59 0070 1 236 0 _ _ 1 1 20141103094313 25
000000952014101 00000095 2014 10 16 11 7311 14:00 14:59 0070 1 236 0 _ _ 1 1 20141103094313 25
000000952014101 00000095 2014 10 23 11 7311 14:00 14:59 0070 1 236 0 _ _ 1 1 20141103094313 25
000000952014101 00000095 2014 10 30 11 7311 14:00 14:59 0070 1 236 0 _ _ 1 1 20141103094313 25
000000952014102 00000095 2014 10 07 15 1241 09:30 12:30 0081 1 464 0 _ _ 1 1 20141103094313 25
000000952014102 00000095 2014 10 14 15 1241 09:30 12:30 0081 1 464 0 _ _ 1 1 20141103094313 25
000000952014102 00000095 2014 10 21 15 1241 09:30 12:30 0081 1 464 0 _ _ 1 1 20141103094313 25
000000952014102 00000095 2014 10 28 15 1241 09:30 12:30 0081 1 464 0 _ _ 1 1 20141103094313 25
000000952014103 00000095 2014 10 07 15 5051 09:30 12:30 0081 1 42 0 _ _ 1 1 20141103094313 25
000000952014103 00000095 2014 10 14 15 5051 09:30 12:30 0081 1 42 0 _ _ 1 1 20141103094313 25
000000952014103 00000095 2014 10 21 15 5051 09:30 12:30 0081 1 42 0 _ _ 1 1 20141103094313 25
000000952014103 00000095 2014 10 28 15 5051 09:30 12:30 0081 1 42 0 _ _ 1 1 20141103094313 25
000000952014104 00000095 2014 10 07 15 5052 _ _ 0081 1 50 0 _ _ 1 1 20141103094313 25
000000952014104 00000095 2014 10 14 15 5052 _ _ 0081 1 50 0 _ _ 1 1 20141103094313 25
000000952014104 00000095 2014 10 21 15 5052 _ _ 0081 1 50 0 _ _ 1 1 20141103094313 25
000000952014104 00000095 2014 10 28 15 5052 _ _ 0081 1 50 0 _ _ 1 1 20141103094313 25
000000952014105 00000095 2014 10 07 15 5606 _ _ 0081 1 150 0 _ _ 1 1 20141103094313 25
000000952014105 00000095 2014 10 14 15 5606 _ _ 0081 1 150 0 _ _ 1 1 20141103094313 25
000000952014111 00000095 2014 11 06 11 7311 14:00 14:59 0070 1 236 0 _ _ 1 1 20141202184319 25
000000952014111 00000095 2014 11 13 11 7311 14:00 14:59 0070 1 236 0 _ _ 1 1 20141202184319 25
000000952014111 00000095 2014 11 20 11 7311 14:00 14:59 0070 1 236 0 _ _ 1 1 20141202184319 25
000000952014111 00000095 2014 11 27 11 7311 14:00 14:59 0070 1 236 0 _ _ 1 1 20141202184319 25
000000952014112 00000095 2014 11 04 15 1241 09:30 12:30 0081 1 464 0 _ _ 1 1 20141202184319 25
000000952014112 00000095 2014 11 11 15 1241 09:30 12:30 0081 1 464 0 _ _ 1 1 20141202184319 25
000000952014112 00000095 2014 11 18 15 1241 09:30 12:30 0081 1 464 0 _ _ 1 1 20141202184319 25
000000952014112 00000095 2014 11 25 15 1241 09:30 12:30 0081 1 464 0 _ _ 1 1 20141202184319 25
000000952014113 00000095 2014 11 04 15 5051 _ _ 0081 1 42 0 _ _ 1 1 20141202184319 25
000000952014113 00000095 2014 11 11 15 5051 _ _ 0081 1 42 0 _ _ 1 1 20141202184319 25
000000952014113 00000095 2014 11 18 15 5051 _ _ 0081 1 42 0 _ _ 1 1 20141202184319 25
000000952014113 00000095 2014 11 25 15 5051 _ _ 0081 1 42 0 _ _ 1 1 20141202184319 25
000000952014114 00000095 2014 11 04 15 5052 _ _ 0081 1 50 0 _ _ 1 1 20141202184319 25
000000952014114 00000095 2014 11 11 15 5052 _ _ 0081 1 50 0 _ _ 1 1 20141202184319 25
000000952014114 00000095 2014 11 18 15 5052 _ _ 0081 1 50 0 _ _ 1 1 20141202184319 25
000000952014114 00000095 2014 11 25 15 5052 _ _ 0081 1 50 0 _ _ 1 1 20141202184319 25
000000952014115 00000095 2014 11 04 15 5606 _ _ 0081 1 150 0 _ _ 1 1 20141202184319 25
000000952014115 00000095 2014 11 11 15 5606 _ _ 0081 1 150 0 _ _ 1 1 20141202184319 25
000000952014121 00000095 2014 12 04 11 7311 14:00 14:59 0070 1 236 0 _ _ 1 1 20141116172619 25
000000952014121 00000095 2014 12 11 11 7311 14:00 14:59 0070 1 236 0 _ _ 1 1 20141116172619 25
000000952014121 00000095 2014 12 18 11 7311 14:00 14:59 0070 1 236 0 _ _ 1 1 20141116172619 25
000000952014121 00000095 2014 12 25 11 7311 14:00 14:59 0070 1 236 0 _ _ 1 1 20141116172619 25
000000952014122 00000095 2014 12 02 15 1241 09:30 12:30 0081 1 464 0 _ _ 1 1 20141116172619 25
000000952014122 00000095 2014 12 09 15 1241 09:30 12:30 0081 1 464 0 _ _ 1 1 20141116172619 25
000000952014122 00000095 2014 12 16 15 1241 09:30 12:30 0081 1 464 0 _ _ 1 1 20141116172619 25
000000952014122 00000095 2014 12 23 15 1241 09:30 12:30 0081 1 464 0 _ _ 1 1 20141116172619 25
000000952014122 00000095 2014 12 30 15 1241 09:30 12:30 0081 1 464 0 _ _ 1 1 20141116172619 25
000000952014123 00000095 2014 12 02 15 5051 _ _ 0081 1 42 0 _ _ 1 1 20141116172619 25
000000952014123 00000095 2014 12 09 15 5051 _ _ 0081 1 42 0 _ _ 1 1 20141116172619 25
000000952014123 00000095 2014 12 16 15 5051 _ _ 0081 1 42 0 _ _ 1 1 20141116172619 25
000000952014123 00000095 2014 12 23 15 5051 _ _ 0081 1 42 0 _ _ 1 1 20141116172619 25
000000952014123 00000095 2014 12 30 15 5051 _ _ 0081 1 42 0 _ _ 1 1 20141116172619 25
000000952014124 00000095 2014 12 02 15 5052 _ _ 0081 1 50 0 _ _ 1 1 20141116172619 25
000000952014124 00000095 2014 12 09 15 5052 _ _ 0081 1 50 0 _ _ 1 1 20141116172619 25
000000952014124 00000095 2014 12 16 15 5052 _ _ 0081 1 50 0 _ _ 1 1 20141116172619 25
000000952014124 00000095 2014 12 23 15 5052 _ _ 0081 1 50 0 _ _ 1 1 20141116172619 25
000000952014124 00000095 2014 12 30 15 5052 _ _ 0081 1 50 0 _ _ 1 1 20141116172619 25
000000952014125 00000095 2014 12 02 15 5606 _ _ 0081 1 150 0 _ _ 1 1 20141116172619 25
000000952014125 00000095 2014 12 16 15 5606 _ _ 0081 1 150 0 _ _ 1 1 20141116172619 25
