1 00000225 2014 09 11 0029 グランクレール・ケアサービス馬事公苑 1311 身体介護３ 587 0 587 9 5283 0 5283 5283 0 11.26 59486 90 53537 5949 0 n n 0 1 20140930202859 00049
1 00000225 2014 10 11 0029 グランクレール・ケアサービス馬事公苑 1311 身体介護３ 587 0 587 9 5283 0 5283 5283 0 11.26 59486 90 53537 5949 0 n n 0 1 20141031201331 00049
1 00000225 2014 11 11 0029 グランクレール・ケアサービス馬事公苑 1311 身体介護３ 587 0 587 7 4109 0 4109 4109 0 11.26 46267 90 41640 4627 0 n n 0 1 20141202114234 00049
1 00000225 2014 12 11 0029 グランクレール・ケアサービス馬事公苑 1211 身体介護２ 404 0 404 1 404 0 404 404 0 11.26 4549 90 4094 455 0 n n 0 1 20141210112150 00049
2 00000225 2014 09 11 0029 グランクレール・ケアサービス馬事公苑 4111 身体１生活１ 325 0 325 8 2600 0 2600 2600 0 11.26 29276 90 26348 2928 0 n n 0 1 20140930202859 00049
2 00000225 2014 10 11 0029 グランクレール・ケアサービス馬事公苑 4111 身体１生活１ 325 0 325 9 2925 0 2925 2925 0 11.26 32935 90 29641 3294 0 n n 0 1 20141031201331 00049
2 00000225 2014 11 11 0029 グランクレール・ケアサービス馬事公苑 4111 身体１生活１ 325 0 325 6 1950 0 1950 1950 0 11.26 21957 90 19761 2196 0 n n 0 1 20141202114234 00049
2 00000225 2014 12 11 0029 グランクレール・ケアサービス馬事公苑 1311 身体介護３ 587 0 587 7 4109 0 4109 4109 0 11.26 46267 90 41640 4627 0 n n 0 1 20141210112150 00049
3 00000225 2014 09 11 0029 グランクレール・ケアサービス馬事公苑 6271 訪問介護処遇改善加算Ⅰ 315 0 315 1 315 315 0.04 315 0 11.26 3546 90 3191 355 0 a g 0 1 20140930202859 00049
3 00000225 2014 10 11 0029 グランクレール・ケアサービス馬事公苑 6271 訪問介護処遇改善加算Ⅰ 328 0 328 1 328 328 0.04 328 0 11.26 3693 90 3323 370 0 a g 0 1 20141031201331 00049
3 00000225 2014 11 11 0029 グランクレール・ケアサービス馬事公苑 6271 訪問介護処遇改善加算Ⅰ 242 0 242 1 242 242 0.04 242 0 11.26 2724 90 2451 273 0 a g 0 1 20141202114234 00049
3 00000225 2014 12 11 0029 グランクレール・ケアサービス馬事公苑 4111 身体１生活１ 325 0 325 9 2925 0 2925 2925 0 11.26 32935 90 29641 3294 0 n n 0 1 20141210112150 00049
4 00000225 2014 12 11 0029 グランクレール・ケアサービス馬事公苑 6271 訪問介護処遇改善加算Ⅰ 298 0 298 1 298 298 0.04 298 0 11.26 3355 90 3019 336 0 a g 0 1 20141210112150 00049
