00000118 2013 11 1 1 00013 1 20140701155315 00030
00000118 2013 12 1 1 00013 1 20140701160336 00030
00000118 2014 01 1 1 00013 1 20140617104423 00030
00000118 2014 02 1 1 00013 1 20140617105311 00030
00000118 2014 03 1 1 00013 1 20140617105929 00030
00000118 2014 04 1 1 00013 1 20140617110631 00030
00000118 2014 05 1 1 00013 1 20140818160944 00030
00000118 2014 06 1 1 00013 1 20140630151323 00077
00000118 2014 07 _ _ 00013 1 20140624003232 00013
00000118 2015 05 _ _ 00013 1 20150506141931 00241
