00000240 201406 0000002 2014/06/01 14:10 15:10 001 散歩付添 60 3240 00054 3000 0.08 1 20140628202154 00049
00000240 201406 0000003 2014/06/01 19:20 19:30 001 就寝セット、服薬促し 10 675 00051 625 0.08 1 20140628202154 00049
00000240 201406 0000004 2014/06/02 13:10 13:30 001 加湿器清掃 20 1080 00050 1000 0.08 1 20140628202154 00049
00000240 201406 0000005 2014/06/02 19:20 19:30 001 就寝セット、服薬促し 10 675 00051 625 0.08 1 20140628202154 00049
00000240 201406 0000006 2014/06/03 19:20 19:30 001 就寝薬セット、服薬促し 10 675 00048 625 0.08 1 20140628202154 00049
00000240 201406 0000007 2014/06/04 19:20 19:30 001 就寝薬セット、服薬促し 10 675 00050 625 0.08 1 20140628202154 00049
00000240 201406 0000008 2014/06/05 19:20 19:30 001 就寝薬セット、服薬促し 10 675 00050 625 0.08 1 20140628202154 00049
00000240 201406 0000009 2014/06/06 19:20 19:30 001 就寝薬セット、服薬促し 10 675 00051 625 0.08 1 20140628202154 00049
00000240 201406 0000010 2014/06/08 19:20 19:30 001 就寝薬セット、服薬促し 10 675 00048 625 0.08 1 20140628202154 00049
00000240 201406 0000011 2014/06/07 19:20 19:30 001 就寝薬セット、服薬促し 10 675 00050 625 0.08 1 20140628202154 00049
00000240 201406 0000012 2014/06/08 14:10 14:50 001 館内にて歩行練習 40 2160 00048 2000 0.08 1 20140628202154 00049
00000240 201406 0000013 2014/06/09 19:20 19:30 001 就寝薬セット、服薬促し 10 675 00050 625 0.08 1 20140628202154 00049
00000240 201406 0000014 2014/06/10 19:20 19:30 001 就寝薬セット、服薬促し 10 675 00050 625 0.08 1 20140628202154 00049
00000240 201406 0000015 2014/06/11 19:20 19:30 001 就寝薬セット、服薬促し 10 675 00051 625 0.08 1 20140628202154 00049
00000240 201406 0000016 2014/06/12 19:20 19:30 001 就寝薬セット、服薬促し 10 675 00049 625 0.08 1 20140628202154 00049
00000240 201406 0000017 2014/06/13 19:20 19:30 001 就寝薬セット、服薬促し 10 675 00048 625 0.08 1 20140628202154 00049
00000240 201406 0000018 2014/06/14 19:50 20:00 001 就寝薬セット、服薬促し 10 675 00050 625 0.08 1 20140628202154 00049
00000240 201406 0000019 2014/06/15 20:00 20:10 001 就寝薬セット、服薬促し 10 675 00054 625 0.08 1 20140628202154 00049
00000240 201406 0000020 2014/06/16 19:20 19:30 001 就寝薬セット、服薬促し 10 675 00051 625 0.08 1 20140628202154 00049
00000240 201406 0000021 2014/06/17 19:20 19:30 001 就寝薬セット、服薬促し 10 675 00051 625 0.08 1 20140628202154 00049
00000240 201406 0000022 2014/06/18 19:20 19:30 001 就寝薬セット、服薬促し 10 675 00049 625 0.08 1 20140628202154 00049
00000240 201406 0000023 2014/06/19 19:20 19:30 001 就寝薬セット、服薬促し 10 675 00050 625 0.08 1 20140628202154 00049
00000240 201406 0000024 2014/06/20 19:20 19:30 001 就寝薬セット、服薬促し 10 675 00051 625 0.08 1 20140628202154 00049
00000240 201406 0000025 2014/06/21 19:20 19:30 001 就寝薬セット、服薬促し 10 675 00051 625 0.08 1 20140628202154 00049
00000240 201406 0000026 2014/06/22 14:10 15:10 001 散歩付添 60 3240 00054 3000 0.08 1 20140628202154 00049
00000240 201406 0000027 2014/06/22 19:20 19:30 001 就寝薬セット、服薬促し 10 675 00054 625 0.08 1 20140628202154 00049
00000240 201406 0000028 2014/06/23 19:20 19:30 001 就寝薬セット、服薬促し 10 675 00050 625 0.08 1 20140628202154 00049
00000240 201406 0000029 2014/06/24 19:20 19:30 001 就寝薬セット、服薬促し 10 675 00050 625 0.08 1 20140628202154 00049
00000240 201406 0000030 2014/06/25 19:20 19:30 001 就寝薬セット、服薬促し 10 675 00051 625 0.08 1 20140628202154 00049
00000240 201406 0000031 2014/06/26 19:20 19:30 001 就寝薬セット、服薬促し 10 675 00051 625 0.08 1 20140628202154 00049
00000240 201406 0000032 2014/06/27 19:20 19:30 001 就寝薬セット、服薬促し 10 675 00048 625 0.08 1 20140628202154 00049
00000240 201406 0000033 2014/06/28 20:00 20:10 001 就寝薬セット、服薬促し 10 675 00048 625 0.08 1 20140628202154 00049
