000001422014051 00000142 2014 05 31 11 1112 1 07:00 07:29 0070 1 319 0 _ _ 1 20140811161148 24
000001422014052 00000142 2014 05 30 11 1112 1 19:20 19:40 0070 1 319 0 _ _ 1 20140811161148 24
000001422014053 00000142 2014 05 31 11 1112 1 19:20 19:49 0070 1 319 0 _ _ 1 20140811161148 24
000001422014054 00000142 2014 05 30 11 4001 1 _ _ 0070 1 200 0 _ _ 1 20140811161148 24
000001422014055 00000142 2014 05 01 17 1001 1 _ _ 0065 1 700 0 _ _ 1 20140811161148 24
000001422014056 00000142 2014 05 01 17 1002 1 _ _ 0065 1 36 0 _ _ 1 20140811161148 24
000001422014061 00000142 2014 06 20 11 1113 1 05:00 05:29 0070 1 383 0 _ _ 1 20140630142853 63
000001422014062 00000142 2014 06 14 11 1113 1 05:40 06:00 0070 1 383 0 _ _ 1 20140630142853 63
000001422014062 00000142 2014 06 17 11 1113 1 05:40 06:00 0070 1 383 0 _ _ 1 20140630142853 63
000001422014063 00000142 2014 06 09 11 1113 1 05:50 06:19 0070 1 383 0 _ _ 1 20140630142853 63
000001422014063 00000142 2014 06 18 11 1113 1 05:50 06:19 0070 1 383 0 _ _ 1 20140630142853 63
000001422014064 00000142 2014 06 02 11 1112 1 06:00 06:20 0070 1 319 0 _ _ 1 20140630142853 63
000001422014064 00000142 2014 06 08 11 1112 1 06:00 06:20 0070 1 319 0 _ _ 1 20140630142853 63
000001422014064 00000142 2014 06 16 11 1112 1 06:00 06:20 0070 1 319 0 _ _ 1 20140630142853 63
000001422014064 00000142 2014 06 21 11 1112 1 06:00 06:20 0070 1 319 0 _ _ 1 20140630142853 63
000001422014064 00000142 2014 06 22 11 1112 1 06:00 06:20 0070 1 319 0 _ _ 1 20140630142853 63
000001422014065 00000142 2014 06 23 11 1112 1 06:00 06:29 0070 1 319 0 _ _ 1 20140630142853 63
000001422014065 00000142 2014 06 24 11 1112 1 06:00 06:29 0070 1 319 0 _ _ 1 20140630142853 63
000001422014065 00000142 2014 06 25 11 1112 1 06:00 06:29 0070 1 319 0 _ _ 1 20140630142853 63
000001422014065 00000142 2014 06 26 11 1112 1 06:00 06:29 0070 1 319 0 _ _ 1 20140630142853 63
000001422014065 00000142 2014 06 27 11 1112 1 06:00 06:29 0070 1 319 0 _ _ 1 20140630142853 63
000001422014065 00000142 2014 06 28 11 1112 1 06:00 06:29 0070 1 319 0 _ _ 1 20140630142853 63
000001422014065 00000142 2014 06 29 11 1112 1 06:00 06:29 0070 1 319 0 _ _ 1 20140630142853 63
000001422014066 00000142 2014 06 01 11 1112 1 06:40 07:09 0070 1 319 0 _ _ 1 20140630142853 63
000001422014067 00000142 2014 06 03 11 1112 1 07:00 07:29 0070 1 319 0 _ _ 1 20140630142853 63
000001422014067 00000142 2014 06 04 11 1112 1 07:00 07:29 0070 1 319 0 _ _ 1 20140630142853 63
000001422014067 00000142 2014 06 07 11 1112 1 07:00 07:29 0070 1 319 0 _ _ 1 20140630142853 63
000001422014067 00000142 2014 06 10 11 1112 1 07:00 07:29 0070 1 319 0 _ _ 1 20140630142853 63
000001422014067 00000142 2014 06 11 11 1112 1 07:00 07:29 0070 1 319 0 _ _ 1 20140630142853 63
000001422014067 00000142 2014 06 12 11 1112 1 07:00 07:29 0070 1 319 0 _ _ 1 20140630142853 63
000001422014067 00000142 2014 06 13 11 1112 1 07:00 07:29 0070 1 319 0 _ _ 1 20140630142853 63
000001422014067 00000142 2014 06 15 11 1112 1 07:00 07:29 0070 1 319 0 _ _ 1 20140630142853 63
000001422014067 00000142 2014 06 19 11 1112 1 07:00 07:29 0070 1 319 0 _ _ 1 20140630142853 63
000001422014068 00000142 2014 06 05 11 1211 1 14:45 15:30 0070 1 404 0 _ _ 1 20140630142853 63
000001422014068 00000142 2014 06 12 11 1211 1 14:45 15:30 0070 1 404 0 _ _ 1 20140630142853 63
000001422014068 00000142 2014 06 19 11 1211 1 14:45 15:30 0070 1 404 0 _ _ 1 20140630142853 63
000001422014068 00000142 2014 06 26 11 1211 1 14:45 15:30 0070 1 404 0 _ _ 1 20140630142853 63
000001422014069 00000142 2014 06 02 11 5111 1 14:45 15:50 0070 1 474 0 _ _ 1 20140630142853 63
000001422014069 00000142 2014 06 09 11 5111 1 14:45 15:50 0070 1 474 0 _ _ 1 20140630142853 63
000001422014069 00000142 2014 06 16 11 5111 1 14:45 15:50 0070 1 474 0 _ _ 1 20140630142853 63
000001422014069 00000142 2014 06 23 11 5111 1 14:45 15:50 0070 1 474 0 _ _ 1 20140630142853 63
