000001562014061 00000156 2014 06 03 13 1111 14:30 14:59 0026 1 474 0 _ _ 1 1 20140704101001 25
000001562014061 00000156 2014 06 10 13 1111 14:30 14:59 0026 1 474 0 _ _ 1 1 20140704101001 25
000001562014061 00000156 2014 06 17 13 1111 14:30 14:59 0026 1 474 0 _ _ 1 1 20140704101001 25
000001562014061 00000156 2014 06 24 13 1111 14:30 14:59 0026 1 474 0 _ _ 1 1 20140704101001 25
000001562014062 00000156 2014 06 01 13 3100 _ _ 0026 _ 540 0 _ _ 1 1 20140704101001 25
000001562014071 00000156 2014 07 03 13 1111 14:30 14:59 0026 1 474 0 _ _ 1 1 20140803183329 25
000001562014071 00000156 2014 07 17 13 1111 14:30 14:59 0026 1 474 0 _ _ 1 1 20140803183329 25
000001562014071 00000156 2014 07 31 13 1111 14:30 14:59 0026 1 474 0 _ _ 1 1 20140803183329 25
000001562014072 00000156 2014 07 01 13 3100 _ _ 0026 1 540 0 _ _ 1 1 20140803183329 25
000001562014081 00000156 2014 08 14 13 1211 14:30 15:29 0026 1 834 0 _ _ 1 1 20140729173625 25
000001562014081 00000156 2014 08 28 13 1211 14:30 15:29 0026 1 834 0 _ _ 1 1 20140729173625 25
000001562014082 00000156 2014 08 01 13 3100 _ _ 0026 1 540 0 _ _ 1 1 20140729173625 25
000001562014091 00000156 2014 09 04 13 1211 14:30 15:29 0026 1 834 0 _ _ 1 1 20140814174206 25
000001562014091 00000156 2014 09 18 13 1211 14:30 15:29 0026 1 834 0 _ _ 1 1 20140814174206 25
000001562014092 00000156 2014 09 01 13 3100 _ _ 0026 1 540 0 _ _ 1 1 20140814174206 25
