00000313 2014 09 11 23:00 23:10 11 4847 0070 10.84 1 257 1 20141101093500 00034
00000313 2014 09 12 02:00 02:10 11 4847 0070 10.84 1 257 1 20141101093500 00034
00000313 2014 09 12 05:00 05:10 11 4847 0070 10.84 1 257 1 20141101093500 00034
00000313 2014 09 12 23:00 23:10 11 4847 0070 10.84 1 257 1 20141101093500 00034
00000313 2014 09 13 02:00 02:10 11 4847 0070 10.84 1 257 1 20141101093500 00034
00000313 2014 09 13 05:00 05:10 11 4847 0070 10.84 1 257 1 20141101093500 00034
00000313 2014 09 13 23:00 23:10 11 4847 0070 10.84 1 257 1 20141101093500 00034
00000313 2014 09 14 02:00 02:10 11 4847 0070 10.84 1 257 1 20141101093500 00034
00000313 2014 09 14 05:00 05:10 11 4847 0070 10.84 1 257 1 20141101093500 00034
00000313 2014 09 14 23:00 23:10 11 4847 0070 10.84 1 257 1 20141101093500 00034
00000313 2014 09 15 02:00 02:10 11 4847 0070 10.84 1 257 1 20141101093500 00034
00000313 2014 09 15 05:00 05:10 11 4847 0070 10.84 1 257 1 20141101093500 00034
00000313 2014 09 15 15:30 16:29 11 1211 0070 10.84 1 404 1 20141101093500 00034
00000313 2014 09 15 23:00 23:10 11 4847 0070 10.84 1 257 1 20141101093500 00034
00000313 2014 09 16 02:00 02:10 11 4847 0070 10.84 1 257 1 20141101093500 00034
00000313 2014 09 16 05:00 05:10 11 4847 0070 10.84 1 257 1 20141101093500 00034
00000313 2014 09 16 23:00 23:10 11 4847 0070 10.84 1 257 1 20141101093500 00034
00000313 2014 09 17 02:00 02:10 11 4847 0070 10.84 1 257 1 20141101093500 00034
00000313 2014 09 17 05:00 05:10 11 4847 0070 10.84 1 257 1 20141101093500 00034
00000313 2014 09 17 23:00 23:10 11 4847 0070 10.84 1 257 1 20141101093500 00034
00000313 2014 09 18 02:00 02:10 11 4847 0070 10.84 1 257 1 20141101093500 00034
00000313 2014 09 18 05:00 05:10 11 4847 0070 10.84 1 257 1 20141101093500 00034
00000313 2014 09 18 15:30 16:50 11 5111 0070 10.84 1 474 1 20141101093500 00034
00000313 2014 09 18 23:00 23:10 11 4847 0070 10.84 1 257 1 20141101093500 00034
00000313 2014 09 19 02:00 02:10 11 4847 0070 10.84 1 257 1 20141101093500 00034
00000313 2014 09 19 05:00 05:10 11 4847 0070 10.84 1 257 1 20141101093500 00034
00000313 2014 09 19 23:00 23:10 11 4847 0070 10.84 1 257 1 20141101093500 00034
00000313 2014 09 20 02:00 02:10 11 4847 0070 10.84 1 257 1 20141101093500 00034
00000313 2014 09 20 05:00 05:10 11 4847 0070 10.84 1 257 1 20141101093500 00034
00000313 2014 09 20 23:00 23:10 11 4847 0070 10.84 1 257 1 20141101093500 00034
00000313 2014 09 21 02:00 02:10 11 4847 0070 10.84 1 257 1 20141101093500 00034
00000313 2014 09 21 05:00 05:10 11 4847 0070 10.84 1 257 1 20141101093500 00034
00000313 2014 09 21 23:00 23:10 11 4847 0070 10.84 1 257 1 20141101093500 00034
00000313 2014 09 22 02:00 02:10 11 4847 0070 10.84 1 257 1 20141101093500 00034
00000313 2014 09 22 05:00 05:10 11 4847 0070 10.84 1 257 1 20141101093500 00034
00000313 2014 09 22 15:30 16:29 11 1211 0070 10.84 1 404 1 20141101093500 00034
00000313 2014 09 22 23:00 23:10 11 4847 0070 10.84 1 257 1 20141101093500 00034
00000313 2014 09 23 02:00 02:10 11 4847 0070 10.84 1 257 1 20141101093500 00034
00000313 2014 09 23 05:00 05:10 11 4847 0070 10.84 1 257 1 20141101093500 00034
00000313 2014 09 23 23:00 23:10 11 4847 0070 10.84 1 257 1 20141101093500 00034
00000313 2014 09 24 02:00 02:10 11 4847 0070 10.84 1 257 1 20141101093500 00034
00000313 2014 09 24 05:00 05:10 11 4847 0070 10.84 1 257 1 20141101093500 00034
00000313 2014 09 24 23:00 23:10 11 4847 0070 10.84 1 257 1 20141101093500 00034
00000313 2014 09 25 02:00 02:10 11 4847 0070 10.84 1 257 1 20141101093500 00034
00000313 2014 09 25 05:00 05:10 11 4847 0070 10.84 1 257 1 20141101093500 00034
00000313 2014 09 25 15:30 16:50 11 5111 0070 10.84 1 474 1 20141101093500 00034
00000313 2014 09 25 23:00 23:10 11 4847 0070 10.84 1 257 1 20141101093500 00034
00000313 2014 09 26 02:00 02:10 11 4847 0070 10.84 1 257 1 20141101093500 00034
00000313 2014 09 26 05:00 05:10 11 4847 0070 10.84 1 257 1 20141101093500 00034
00000313 2014 09 26 23:00 23:10 11 4847 0070 10.84 1 257 1 20141101093500 00034
00000313 2014 09 27 02:00 02:10 11 4847 0070 10.84 1 257 1 20141101093500 00034
00000313 2014 09 27 05:00 05:10 11 4847 0070 10.84 1 257 1 20141101093500 00034
00000313 2014 09 27 23:00 23:10 11 4847 0070 10.84 1 257 1 20141101093500 00034
00000313 2014 09 28 02:00 02:10 11 4847 0070 10.84 1 257 1 20141101093500 00034
00000313 2014 09 28 05:00 05:10 11 4847 0070 10.84 1 257 1 20141101093500 00034
00000313 2014 09 28 23:00 23:10 11 4847 0070 10.84 1 257 1 20141101093500 00034
00000313 2014 09 29 02:00 02:10 11 4847 0070 10.84 1 257 1 20141101093500 00034
00000313 2014 09 29 05:00 05:10 11 4847 0070 10.84 1 257 1 20141101093500 00034
00000313 2014 09 29 15:30 16:29 11 1211 0070 10.84 1 404 1 20141101093500 00034
00000313 2014 09 29 23:00 23:10 11 4847 0070 10.84 1 257 1 20141101093500 00034
00000313 2014 09 30 02:00 02:10 11 4847 0070 10.84 1 257 1 20141101093500 00034
00000313 2014 09 30 05:00 05:10 11 4847 0070 10.84 1 257 1 20141101093500 00034
00000313 2014 09 30 23:00 23:10 11 4847 0070 10.84 1 257 1 20141101093500 00034
00000313 2014 10 01 02:00 02:10 11 4847 0070 10.84 1 257 1 20141022223403 00014
00000313 2014 10 01 05:00 05:10 11 4847 0070 10.84 1 257 1 20141022223403 00014
00000313 2014 10 01 23:00 23:10 11 4847 0070 10.84 1 257 1 20141022223403 00014
00000313 2014 10 02 02:00 02:10 11 4847 0070 10.84 1 257 1 20141022223403 00014
00000313 2014 10 02 05:00 05:10 11 4847 0070 10.84 1 257 1 20141022223403 00014
00000313 2014 10 02 15:30 16:29 11 1211 0070 10.84 1 404 1 20141022223403 00014
00000313 2014 10 02 23:00 23:10 11 4847 0070 10.84 1 257 1 20141022223403 00014
00000313 2014 10 03 02:00 02:10 11 4847 0070 10.84 1 257 1 20141022223403 00014
00000313 2014 10 03 05:00 05:10 11 4847 0070 10.84 1 257 1 20141022223403 00014
00000313 2014 10 03 23:00 23:10 11 4847 0070 10.84 1 257 1 20141022223403 00014
00000313 2014 10 04 02:00 02:10 11 4847 0070 10.84 1 257 1 20141022223403 00014
00000313 2014 10 04 05:00 05:10 11 4847 0070 10.84 1 257 1 20141022223403 00014
00000313 2014 10 04 23:00 23:10 11 4847 0070 10.84 1 257 1 20141022223403 00014
00000313 2014 10 05 02:00 02:10 11 4847 0070 10.84 1 257 1 20141022223403 00014
00000313 2014 10 05 05:00 05:10 11 4847 0070 10.84 1 257 1 20141022223403 00014
00000313 2014 10 05 23:00 23:10 11 4847 0070 10.84 1 257 1 20141022223403 00014
00000313 2014 10 06 02:00 02:10 11 4847 0070 10.84 1 257 1 20141022223403 00014
00000313 2014 10 06 05:00 05:10 11 4847 0070 10.84 1 257 1 20141022223403 00014
00000313 2014 10 06 15:30 16:29 11 1211 0070 10.84 1 404 1 20141022223403 00014
00000313 2014 10 06 23:00 23:10 11 4847 0070 10.84 1 257 1 20141022223403 00014
00000313 2014 10 07 02:00 02:10 11 4847 0070 10.84 1 257 1 20141022223403 00014
00000313 2014 10 07 05:00 05:10 11 4847 0070 10.84 1 257 1 20141022223403 00014
00000313 2014 10 07 23:00 23:10 11 4847 0070 10.84 1 257 1 20141022223403 00014
00000313 2014 10 08 02:00 02:10 11 4847 0070 10.84 1 257 1 20141022223403 00014
00000313 2014 10 08 05:00 05:10 11 4847 0070 10.84 1 257 1 20141022223403 00014
00000313 2014 10 08 23:00 23:10 11 4847 0070 10.84 1 257 1 20141022223403 00014
00000313 2014 10 09 02:00 02:10 11 4847 0070 10.84 1 257 1 20141022223403 00014
00000313 2014 10 09 05:00 05:10 11 4847 0070 10.84 1 257 1 20141022223403 00014
00000313 2014 10 09 15:30 16:50 11 5111 0070 10.84 1 474 1 20141022223403 00014
00000313 2014 10 09 23:00 23:10 11 4847 0070 10.84 1 257 1 20141022223403 00014
00000313 2014 10 10 02:00 02:10 11 4847 0070 10.84 1 257 1 20141022223403 00014
00000313 2014 10 10 05:00 05:10 11 4847 0070 10.84 1 257 1 20141022223403 00014
00000313 2014 10 10 23:00 23:10 11 4847 0070 10.84 1 257 1 20141022223403 00014
00000313 2014 10 11 02:00 02:10 11 4847 0070 10.84 1 257 1 20141022223403 00014
00000313 2014 10 11 05:00 05:10 11 4847 0070 10.84 1 257 1 20141022223403 00014
00000313 2014 10 11 23:00 23:10 11 4847 0070 10.84 1 257 1 20141022223403 00014
00000313 2014 10 12 02:00 02:10 11 4847 0070 10.84 1 257 1 20141022223403 00014
00000313 2014 10 12 05:00 05:10 11 4847 0070 10.84 1 257 1 20141022223403 00014
00000313 2014 10 12 23:00 23:10 11 4847 0070 10.84 1 257 1 20141022223403 00014
00000313 2014 10 13 02:00 02:10 11 4847 0070 10.84 1 257 1 20141022223403 00014
00000313 2014 10 13 05:00 05:10 11 4847 0070 10.84 1 257 1 20141022223403 00014
00000313 2014 10 13 15:30 16:29 11 1211 0070 10.84 1 404 1 20141022223403 00014
00000313 2014 10 13 23:00 23:10 11 4847 0070 10.84 1 257 1 20141022223403 00014
00000313 2014 10 14 02:00 02:10 11 4847 0070 10.84 1 257 1 20141022223403 00014
00000313 2014 10 14 05:00 05:10 11 4847 0070 10.84 1 257 1 20141022223403 00014
00000313 2014 10 14 23:00 23:10 11 4847 0070 10.84 1 257 1 20141022223403 00014
00000313 2014 10 15 02:00 02:10 11 4847 0070 10.84 1 257 1 20141022223403 00014
00000313 2014 10 15 05:00 05:10 11 4847 0070 10.84 1 257 1 20141022223403 00014
00000313 2014 10 15 23:00 23:10 11 4847 0070 10.84 1 257 1 20141022223403 00014
00000313 2014 10 16 02:00 02:10 11 4847 0070 10.84 1 257 1 20141022223403 00014
