00000047 2013 03 00031 1 20140723101718 00030
00000047 2013 04 00031 1 20140723101941 00030
00000047 2013 05 00031 1 20140723102320 00030
00000047 2013 06 00031 1 20140723102854 00030
00000047 2013 07 00031 1 20140723103425 00030
00000047 2013 08 00031 1 20140723103736 00030
00000047 2013 09 00031 1 20140626101354 00030
00000047 2013 10 00031 1 20140626103428 00030
00000047 2013 11 00031 1 20140626105400 00030
00000047 2013 12 00031 1 20140626110617 00030
00000047 2014 01 00031 1 20140616211933 00078
00000047 2014 02 00031 1 20140616211908 00078
00000047 2014 03 00031 1 20140612110314 00030
00000047 2014 04 00031 1 20140616211819 00078
00000047 2014 05 00031 1 20140815172645 00030
00000047 2014 06 00031 1 20140704100515 00031
00000047 2014 07 00031 1 20140803190657 00031
00000047 2014 08 00031 1 20140904113113 00031
00000047 2014 09 00031 1 20141003180919 00031
00000047 2014 10 00031 1 20141105102939 00031
00000047 2014 11 00031 1 20141204094915 00031
00000047 2014 12 00031 1 20141116181725 00031
