00000025 2012 04 05 09:00 09:59 61 1111 0073 10.84 1 1220 1 20140731182653 00078
00000025 2012 04 12 09:00 09:59 61 1111 0073 10.84 1 1220 1 20140731182653 00078
00000025 2012 04 19 09:00 09:59 61 1111 0073 10.84 1 1220 1 20140731182653 00078
00000025 2012 05 03 09:00 09:59 61 1111 0073 10.84 1 1220 1 20140731182857 00078
00000025 2012 05 10 09:00 09:59 61 1111 0073 10.84 1 1220 1 20140731182857 00078
00000025 2012 05 17 09:00 09:59 61 1111 0073 10.84 1 1220 1 20140731182857 00078
00000025 2012 05 24 09:00 09:59 61 1111 0073 10.84 1 1220 1 20140731182857 00078
00000025 2012 05 31 09:00 09:59 61 1111 0073 10.84 1 1220 1 20140731182857 00078
00000025 2012 06 07 09:00 09:59 61 1111 0073 10.84 1 1220 1 20140731183015 00078
00000025 2012 06 14 09:00 09:59 61 1111 0073 10.84 1 1220 1 20140731183015 00078
00000025 2012 06 21 09:00 09:59 61 1111 0073 10.84 1 1220 1 20140731183015 00078
00000025 2012 06 28 09:00 09:59 61 1111 0073 10.84 1 1220 1 20140731183015 00078
00000025 2012 07 05 09:00 09:59 61 1111 0073 10.84 1 1220 1 20140731183122 00078
00000025 2012 07 12 09:00 09:59 61 1111 0073 10.84 1 1220 1 20140731183122 00078
00000025 2012 07 19 09:00 09:59 61 1111 0073 10.84 1 1220 1 20140731183122 00078
00000025 2012 07 26 09:00 09:59 61 1111 0073 10.84 1 1220 1 20140731183122 00078
00000025 2012 08 02 09:00 09:59 61 1111 0073 10.84 1 1220 1 20140731183245 00078
00000025 2012 08 09 09:00 09:59 61 1111 0073 10.84 1 1220 1 20140731183245 00078
00000025 2012 08 16 09:00 09:59 61 1111 0073 10.84 1 1220 1 20140731183245 00078
00000025 2012 08 23 09:00 09:59 61 1111 0073 10.84 1 1220 1 20140731183245 00078
00000025 2012 08 30 09:00 09:59 61 1111 0073 10.84 1 1220 1 20140731183245 00078
00000025 2012 09 06 09:00 09:59 61 1111 0073 10.84 1 1220 1 20140731183351 00078
00000025 2012 09 13 09:00 09:59 61 1111 0073 10.84 1 1220 1 20140731183351 00078
00000025 2012 09 20 09:00 09:59 61 1111 0073 10.84 1 1220 1 20140731183351 00078
00000025 2012 09 27 09:00 09:59 61 1111 0073 10.84 1 1220 1 20140731183351 00078
00000025 2012 10 04 09:00 09:59 61 1111 0073 10.84 1 1220 1 20140731183516 00078
00000025 2012 10 11 09:00 09:59 61 1111 0073 10.84 1 1220 1 20140731183516 00078
00000025 2012 10 18 09:00 09:59 61 1111 0073 10.84 1 1220 1 20140731183516 00078
00000025 2012 10 25 09:00 09:59 61 1111 0073 10.84 1 1220 1 20140731183516 00078
00000025 2012 11 01 09:00 09:59 61 1111 0073 10.84 1 1220 1 20140731183621 00078
00000025 2012 11 08 09:00 09:59 61 1111 0073 10.84 1 1220 1 20140731183621 00078
00000025 2012 11 15 09:00 09:59 61 1111 0073 10.84 1 1220 1 20140731183621 00078
00000025 2012 11 30 15:30 16:29 61 1111 0073 10.84 1 1220 1 20140731183621 00078
00000025 2012 12 03 10:15 11:14 11 1211 0070 10.84 1 402 1 20140731184004 00078
00000025 2012 12 06 14:00 15:59 11 5211 0070 10.84 1 542 1 20140731184004 00078
00000025 2012 12 10 14:30 15:29 11 1211 0070 10.84 1 402 1 20140731184004 00078
00000025 2012 12 13 14:00 15:59 11 5211 0070 10.84 1 542 1 20140731184004 00078
00000025 2012 12 17 14:30 15:29 11 1211 0070 10.84 1 402 1 20140731184004 00078
00000025 2012 12 20 14:00 15:49 11 5211 0070 10.84 1 542 1 20140731184004 00078
00000025 2012 12 24 14:30 15:29 11 1211 0070 10.84 1 402 1 20140731184004 00078
00000025 2012 12 27 14:00 15:59 11 5211 0070 10.84 1 542 1 20140731184004 00078
00000025 2012 12 31 10:15 11:14 11 1211 0070 10.84 1 402 1 20140731184004 00078
00000025 2013 01 03 14:00 16:09 11 5211 0070 10.84 1 542 1 20140718144804 00034
00000025 2013 01 07 14:30 15:29 11 1211 0070 10.84 1 402 1 20140718144804 00034
00000025 2013 01 10 14:00 15:59 11 5211 0070 10.84 1 542 1 20140718144804 00034
00000025 2013 01 14 14:30 15:29 11 1211 0070 10.84 1 402 1 20140718144804 00034
00000025 2013 01 17 14:00 15:59 11 5211 0070 10.84 1 542 1 20140718144804 00034
00000025 2013 01 21 14:30 15:29 11 1211 0070 10.84 1 402 1 20140718144804 00034
00000025 2013 01 24 14:00 15:59 11 5211 0070 10.84 1 542 1 20140718144804 00034
00000025 2013 01 28 14:30 15:29 11 1211 0070 10.84 1 402 1 20140718144804 00034
00000025 2013 01 31 14:00 15:59 11 5211 0070 10.84 1 542 1 20140718144804 00034
00000025 2013 02 04 13:30 15:29 11 5211 0070 10.84 1 542 1 20140718145153 00034
00000025 2013 02 07 14:00 15:59 11 5211 0070 10.84 1 542 1 20140718145153 00034
00000025 2013 02 11 13:30 15:29 11 5211 0070 10.84 1 542 1 20140718145153 00034
00000025 2013 02 14 14:00 15:59 11 5211 0070 10.84 1 542 1 20140718145153 00034
00000025 2013 02 18 13:30 15:29 11 5211 0070 10.84 1 542 1 20140718145153 00034
00000025 2013 02 21 14:00 15:59 11 5211 0070 10.84 1 542 1 20140718145153 00034
00000025 2013 02 25 13:00 14:29 11 5111 0070 10.84 1 472 1 20140718145153 00034
00000025 2013 02 28 14:00 15:59 11 5211 0070 10.84 1 542 1 20140718145153 00034
00000025 2013 03 04 13:30 15:29 11 5211 0070 10.84 1 542 1 20140718145508 00034
00000025 2013 03 07 14:00 15:59 11 5211 0070 10.84 1 542 1 20140718145508 00034
00000025 2013 03 11 13:30 15:29 11 5211 0070 10.84 1 542 1 20140718145508 00034
00000025 2013 03 14 14:00 15:59 11 5211 0070 10.84 1 542 1 20140718145508 00034
00000025 2013 03 18 13:30 15:09 11 5211 0070 10.84 1 542 1 20140718145508 00034
00000025 2013 03 21 14:00 15:59 11 5211 0070 10.84 1 542 1 20140718145508 00034
00000025 2013 03 25 13:30 14:49 11 5111 0070 10.84 1 472 1 20140718145508 00034
00000025 2013 03 28 14:00 15:44 11 5211 0070 10.84 1 542 1 20140718145508 00034
00000025 2013 04 01 13:30 15:29 11 5211 0070 10.84 1 542 1 20140718150544 00034
00000025 2013 04 04 14:00 15:44 11 5211 0070 10.84 1 542 1 20140718150544 00034
00000025 2013 04 08 13:30 15:24 11 5211 0070 10.84 1 542 1 20140718150544 00034
00000025 2013 04 11 14:00 15:59 11 5211 0070 10.84 1 542 1 20140718150544 00034
00000025 2013 04 15 13:30 15:29 11 5211 0070 10.84 1 542 1 20140718150544 00034
00000025 2013 04 18 14:00 15:59 11 5211 0070 10.84 1 542 1 20140718150544 00034
00000025 2013 04 22 13:30 15:29 11 5211 0070 10.84 1 542 1 20140718150544 00034
00000025 2013 04 25 14:00 15:59 11 5211 0070 10.84 1 542 1 20140718150544 00034
00000025 2013 04 29 13:30 15:24 11 5211 0070 10.84 1 542 1 20140718150544 00034
00000025 2013 05 02 14:00 15:59 11 5211 0070 10.84 1 542 1 20140718151034 00034
00000025 2013 05 06 13:30 15:14 11 5211 0070 10.84 1 542 1 20140718151034 00034
00000025 2013 05 09 14:00 15:59 11 5211 0070 10.84 1 542 1 20140718151034 00034
00000025 2013 05 13 13:30 15:09 11 5211 0070 10.84 1 542 1 20140718151034 00034
00000025 2013 05 16 14:00 15:49 11 5211 0070 10.84 1 542 1 20140718151034 00034
00000025 2013 05 20 13:30 15:24 11 5211 0070 10.84 1 542 1 20140718151034 00034
00000025 2013 05 23 14:00 15:59 11 5211 0070 10.84 1 542 1 20140718151034 00034
00000025 2013 05 27 13:30 15:19 11 5211 0070 10.84 1 542 1 20140718151034 00034
00000025 2013 05 30 14:00 15:49 11 5211 0070 10.84 1 542 1 20140718151034 00034
00000025 2013 06 03 13:30 15:29 11 5211 0070 10.84 1 542 1 20140718151403 00034
00000025 2013 06 06 14:00 15:49 11 5211 0070 10.84 1 542 1 20140718151403 00034
00000025 2013 06 13 14:00 15:59 11 5211 0070 10.84 1 542 1 20140718151403 00034
00000025 2013 06 17 13:30 15:29 11 5211 0070 10.84 1 542 1 20140718151403 00034
00000025 2013 06 20 14:00 15:59 11 5211 0070 10.84 1 542 1 20140718151403 00034
00000025 2013 06 24 13:30 15:19 11 5211 0070 10.84 1 542 1 20140718151403 00034
00000025 2013 06 27 14:00 15:49 11 5211 0070 10.84 1 542 1 20140718151403 00034
00000025 2013 07 01 13:30 15:19 11 5211 0070 10.84 1 542 1 20140718151954 00034
00000025 2013 07 04 14:00 15:39 11 5211 0070 10.84 1 542 1 20140718151954 00034
00000025 2013 07 08 13:30 15:19 11 5211 0070 10.84 1 542 1 20140718151954 00034
00000025 2013 07 11 14:00 15:49 11 5211 0070 10.84 1 542 1 20140718151954 00034
00000025 2013 07 15 13:30 15:19 11 5211 0070 10.84 1 542 1 20140718151954 00034
00000025 2013 07 18 14:00 15:49 11 5211 0070 10.84 1 542 1 20140718151954 00034
00000025 2013 07 22 13:30 15:19 11 5211 0070 10.84 1 542 1 20140718151954 00034
00000025 2013 07 25 14:00 15:49 11 5211 0070 10.84 1 542 1 20140718151954 00034
00000025 2013 07 29 13:30 15:19 11 5211 0070 10.84 1 542 1 20140718151954 00034
00000025 2013 08 01 14:00 15:49 11 5211 0070 10.84 1 542 1 20140718152257 00034
00000025 2013 08 05 13:30 15:19 11 5211 0070 10.84 1 542 1 20140718152257 00034
00000025 2013 08 08 13:30 15:29 11 5211 0070 10.84 1 542 1 20140718152257 00034
00000025 2013 08 12 13:30 15:19 11 5211 0070 10.84 1 542 1 20140718152257 00034
00000025 2013 08 15 13:30 15:19 11 5211 0070 10.84 1 542 1 20140718152257 00034
00000025 2013 08 19 13:30 15:19 11 5211 0070 10.84 1 542 1 20140718152257 00034
00000025 2013 08 22 13:30 15:19 11 5211 0070 10.84 1 542 1 20140718152257 00034
00000025 2013 08 26 13:30 15:19 11 5211 0070 10.84 1 542 1 20140718152257 00034
00000025 2013 08 29 13:30 15:19 11 5211 0070 10.84 1 542 1 20140718152257 00034
00000025 2013 09 02 13:30 15:20 11 5211 0070 10.84 1 542 1 20140625152546 00034
00000025 2013 09 05 13:30 15:20 11 5211 0070 10.84 1 542 1 20140625152546 00034
00000025 2013 09 09 13:30 15:20 11 5211 0070 10.84 1 542 1 20140625152546 00034
00000025 2013 09 12 13:30 15:20 11 5211 0070 10.84 1 542 1 20140625152546 00034
00000025 2013 09 16 13:30 15:20 11 5211 0070 10.84 1 542 1 20140625152546 00034
00000025 2013 09 19 13:30 15:20 11 5211 0070 10.84 1 542 1 20140625152546 00034
00000025 2013 09 23 13:30 15:20 11 5211 0070 10.84 1 542 1 20140625152546 00034
00000025 2013 09 26 13:30 15:20 11 5211 0070 10.84 1 542 1 20140625152546 00034
00000025 2013 09 30 13:30 15:20 11 5211 0070 10.84 1 542 1 20140625152546 00034
00000025 2013 10 03 13:30 15:25 11 5211 0070 10.84 1 542 1 20140625152851 00034
00000025 2013 10 07 14:05 15:45 11 5211 0070 10.84 1 542 1 20140625152851 00034
00000025 2013 10 10 13:30 15:20 11 5211 0070 10.84 1 542 1 20140625152851 00034
00000025 2013 10 14 13:30 15:20 11 5211 0070 10.84 1 542 1 20140625152851 00034
00000025 2013 10 17 13:30 15:20 11 5211 0070 10.84 1 542 1 20140625152851 00034
00000025 2013 10 21 13:30 15:20 11 5211 0070 10.84 1 542 1 20140625152851 00034
00000025 2013 10 24 13:30 15:20 11 5211 0070 10.84 1 542 1 20140625152851 00034
00000025 2013 10 28 13:30 15:20 11 5211 0070 10.84 1 542 1 20140625152851 00034
00000025 2013 10 31 13:30 15:20 11 5211 0070 10.84 1 542 1 20140625152851 00034
00000025 2013 11 04 13:30 15:20 11 5211 0070 10.84 1 542 1 20140625153118 00034
00000025 2013 11 07 13:30 15:20 11 5211 0070 10.84 1 542 1 20140625153118 00034
00000025 2013 11 11 13:30 15:20 11 5211 0070 10.84 1 542 1 20140625153118 00034
00000025 2013 11 14 13:30 15:20 11 5211 0070 10.84 1 542 1 20140625153118 00034
00000025 2013 11 18 13:30 15:20 11 5211 0070 10.84 1 542 1 20140625153118 00034
00000025 2013 11 21 13:30 15:20 11 5211 0070 10.84 1 542 1 20140625153118 00034
00000025 2013 11 23 10:15 12:05 11 5211 0070 10.84 1 542 1 20140625153118 00034
00000025 2013 11 28 13:30 15:20 11 5211 0070 10.84 1 542 1 20140625153118 00034
00000025 2013 12 02 13:30 15:20 11 5211 0070 10.84 1 542 1 20140625153422 00034
00000025 2013 12 05 13:30 15:20 11 5211 0070 10.84 1 542 1 20140625153422 00034
00000025 2013 12 09 13:30 15:20 11 5211 0070 10.84 1 542 1 20140625153422 00034
00000025 2013 12 12 13:30 15:20 11 5211 0070 10.84 1 542 1 20140625153422 00034
00000025 2013 12 16 13:30 15:20 11 5211 0070 10.84 1 542 1 20140625153422 00034
00000025 2013 12 19 13:30 15:20 11 5211 0070 10.84 1 542 1 20140625153422 00034
00000025 2013 12 23 13:30 15:20 11 5211 0070 10.84 1 542 1 20140625153422 00034
00000025 2013 12 26 13:30 15:20 11 5211 0070 10.84 1 542 1 20140625153422 00034
00000025 2013 12 30 13:30 15:20 11 5211 0070 10.84 1 542 1 20140625153422 00034
00000025 2014 01 06 13:30 15:20 11 5211 0070 10.84 1 542 1 20140619184826 00034
00000025 2014 01 09 13:30 15:20 11 5211 0070 10.84 1 542 1 20140619184826 00034
00000025 2014 01 13 13:30 15:20 11 5211 0070 10.84 1 542 1 20140619184826 00034
00000025 2014 01 16 13:30 15:20 11 5211 0070 10.84 1 542 1 20140619184826 00034
00000025 2014 01 20 13:30 15:20 11 5211 0070 10.84 1 542 1 20140619184826 00034
00000025 2014 01 23 13:30 15:20 11 5211 0070 10.84 1 542 1 20140619184826 00034
00000025 2014 01 27 13:30 15:20 11 5211 0070 10.84 1 542 1 20140619184826 00034
00000025 2014 01 30 13:30 15:20 11 5211 0070 10.84 1 542 1 20140619184826 00034
00000025 2014 02 03 13:30 15:20 11 5211 0070 10.84 1 542 1 20140619185105 00034
00000025 2014 02 06 13:30 15:20 11 5211 0070 10.84 1 542 1 20140619185105 00034
00000025 2014 02 10 13:30 15:20 11 5211 0070 10.84 1 542 1 20140619185105 00034
00000025 2014 02 13 13:30 15:20 11 5211 0070 10.84 1 542 1 20140619185105 00034
00000025 2014 02 17 13:30 15:20 11 5211 0070 10.84 1 542 1 20140619185105 00034
00000025 2014 02 20 13:30 15:20 11 5211 0070 10.84 1 542 1 20140619185105 00034
00000025 2014 02 24 13:30 15:20 11 5211 0070 10.84 1 542 1 20140619185105 00034
00000025 2014 02 27 13:30 14:30 11 7311 0070 10.84 1 235 1 20140619185105 00034
00000025 2014 03 03 13:30 14:30 11 7311 0070 10.84 1 235 1 20140619185739 00034
00000025 2014 03 06 13:30 14:30 11 7311 0070 10.84 1 235 1 20140619185739 00034
00000025 2014 03 10 13:30 15:30 11 5211 0070 10.84 1 542 1 20140619185739 00034
00000025 2014 03 13 13:30 14:30 11 7311 0070 10.84 1 235 1 20140619185739 00034
00000025 2014 03 17 13:30 15:20 11 5211 0070 10.84 1 542 1 20140619185739 00034
00000025 2014 03 20 13:30 15:20 11 5211 0070 10.84 1 542 1 20140619185739 00034
00000025 2014 03 24 13:30 15:20 11 5211 0070 10.84 1 542 1 20140619185739 00034
00000025 2014 03 27 13:30 14:30 11 7311 0070 10.84 1 235 1 20140619185739 00034
00000025 2014 03 31 13:30 15:20 11 5211 0070 10.84 1 542 1 20140619185739 00034
00000025 2014 04 03 13:30 15:20 11 5211 0070 10.84 1 544 1 20140619190021 00034
00000025 2014 04 07 13:30 15:20 11 5211 0070 10.84 1 544 1 20140619190021 00034
00000025 2014 04 10 13:30 15:20 11 5211 0070 10.84 1 544 1 20140619190021 00034
00000025 2014 04 14 13:20 15:10 11 5211 0070 10.84 1 544 1 20140619190021 00034
00000025 2014 04 17 13:30 15:20 11 5211 0070 10.84 1 544 1 20140619190021 00034
00000025 2014 04 21 13:30 15:20 11 5211 0070 10.84 1 544 1 20140619190021 00034
00000025 2014 04 24 13:30 15:20 11 5211 0070 10.84 1 544 1 20140619190021 00034
00000025 2014 04 28 13:30 15:20 11 5211 0070 10.84 1 544 1 20140619190021 00034
00000025 2014 04 30 13:30 15:20 11 5211 0070 10.84 1 544 1 20140619190021 00034
00000025 2014 05 05 13:30 14:30 11 7311 0070 10.84 1 236 1 20140815162037 00034
00000025 2014 05 08 13:30 15:20 11 5211 0070 10.84 1 544 1 20140815162037 00034
00000025 2014 05 12 13:30 15:20 11 5211 0070 10.84 1 544 1 20140815162037 00034
00000025 2014 05 15 13:30 15:20 11 5211 0070 10.84 1 544 1 20140815162037 00034
00000025 2014 05 19 13:30 15:20 11 5211 0070 10.84 1 544 1 20140815162037 00034
00000025 2014 05 22 13:30 15:20 11 5211 0070 10.84 1 544 1 20140815162037 00034
00000025 2014 05 26 13:30 15:20 11 5211 0070 10.84 1 544 1 20140815162037 00034
00000025 2014 05 29 13:30 15:20 11 5211 0070 10.84 1 544 1 20140815162037 00034
00000025 2014 06 02 13:30 15:19 11 5211 0070 10.84 1 544 1 20140701125641 00034
00000025 2014 06 05 13:30 15:19 11 5211 0070 10.84 1 544 1 20140701125641 00034
00000025 2014 06 09 13:30 15:19 11 5211 0070 10.84 1 544 1 20140701125641 00034
00000025 2014 06 12 13:30 15:19 11 5211 0070 10.84 1 544 1 20140701125641 00034
00000025 2014 06 16 13:30 15:19 11 5211 0070 10.84 1 544 1 20140701125641 00034
00000025 2014 06 19 13:30 15:19 11 5211 0070 10.84 1 544 1 20140701125641 00034
00000025 2014 06 23 13:30 15:19 11 5211 0070 10.84 1 544 1 20140701125641 00034
00000025 2014 06 26 13:30 15:19 11 5211 0070 10.84 1 544 1 20140701125641 00034
00000025 2014 06 30 13:30 15:19 11 5211 0070 10.84 1 544 1 20140701125641 00034
00000025 2014 07 03 13:30 15:19 11 5211 0070 10.84 1 544 1 20140731160849 00037
00000025 2014 07 07 13:30 15:19 11 5211 0070 10.84 1 544 1 20140731160849 00037
00000025 2014 07 10 13:30 15:19 11 5211 0070 10.84 1 544 1 20140731160849 00037
00000025 2014 07 14 13:30 15:19 11 5211 0070 10.84 1 544 1 20140731160849 00037
00000025 2014 07 17 13:30 15:19 11 5211 0070 10.84 1 544 1 20140731160849 00037
00000025 2014 07 21 13:30 15:19 11 5211 0070 10.84 1 544 1 20140731160849 00037
00000025 2014 07 24 13:30 15:19 11 5211 0070 10.84 1 544 1 20140731160849 00037
00000025 2014 07 28 13:30 15:19 11 5211 0070 10.84 1 544 1 20140731160849 00037
00000025 2014 07 31 13:30 15:19 11 5211 0070 10.84 1 544 1 20140731160849 00037
