00000175 2014 05 06 10:15 11:14 61 1111 0073 10.84 1 1226 1 20140801094420 00034
00000175 2014 05 06 10:15 11:15 61 1111 0073 10.84 1 1226 1 20140818183411 00034
00000175 2014 05 13 10:15 11:14 61 1111 0073 10.84 1 1226 1 20140801094420 00034
00000175 2014 05 13 10:15 11:15 61 1111 0073 10.84 1 1226 1 20140818183411 00034
00000175 2014 05 20 10:15 11:14 61 1111 0073 10.84 1 1226 1 20140801094420 00034
00000175 2014 05 20 10:15 11:15 61 1111 0073 10.84 1 1226 1 20140818183411 00034
00000175 2014 05 27 10:15 11:14 61 1111 0073 10.84 1 1226 1 20140801094420 00034
00000175 2014 05 27 10:15 11:15 61 1111 0073 10.84 1 1226 1 20140818183411 00034
00000175 2014 06 03 10:15 11:14 61 1111 0073 10.84 1 1226 1 20140801094454 00034
00000175 2014 06 10 10:15 11:14 61 1111 0073 10.84 1 1226 1 20140801094454 00034
00000175 2014 06 17 10:15 11:14 61 1111 0073 10.84 1 1226 1 20140801094454 00034
00000175 2014 06 24 10:15 11:14 61 1111 0073 10.84 1 1226 1 20140801094454 00034
00000175 2014 07 01 10:15 11:14 61 1111 0073 10.84 1 1226 1 20140731105122 00035
00000175 2014 07 08 10:15 11:14 61 1111 0073 10.84 1 1226 1 20140731105122 00035
00000175 2014 07 15 10:15 11:14 61 1111 0073 10.84 1 1226 1 20140731105122 00035
00000175 2014 07 22 10:15 11:14 61 1111 0073 10.84 1 1226 1 20140731105122 00035
00000175 2014 07 29 10:15 11:14 61 1111 0073 10.84 1 1226 1 20140731105122 00035
00000175 2014 08 05 10:15 11:14 61 1111 0073 10.84 1 1226 1 20140829203107 00038
00000175 2014 08 12 10:15 11:14 61 1111 0073 10.84 1 1226 1 20140829203107 00038
00000175 2014 08 19 10:15 11:14 61 1111 0073 10.84 1 1226 1 20140829203107 00038
00000175 2014 08 26 10:15 11:14 61 1111 0073 10.84 1 1226 1 20140829203107 00038
00000175 2014 09 02 10:15 11:14 61 1111 0073 10.84 1 1226 1 20140930211902 00035
00000175 2014 09 09 10:15 11:14 61 1111 0073 10.84 1 1226 1 20140930211902 00035
00000175 2014 09 16 10:15 11:14 61 1111 0073 10.84 1 1226 1 20140930211902 00035
00000175 2014 09 23 10:15 11:14 61 1111 0073 10.84 1 1226 1 20140930211902 00035
00000175 2014 09 30 10:15 11:14 61 1111 0073 10.84 1 1226 1 20140930211902 00035
00000175 2014 10 07 10:15 11:14 61 1111 0073 10.84 1 1226 1 20141028194404 00035
00000175 2014 10 14 10:15 11:14 61 1111 0073 10.84 1 1226 1 20141028194404 00035
00000175 2014 10 21 10:15 11:14 61 1111 0073 10.84 1 1226 1 20141028194404 00035
00000175 2014 10 28 10:15 11:14 61 1111 0073 10.84 1 1226 1 20141028194404 00035
00000175 2014 11 04 10:15 11:14 61 1111 0073 10.84 1 1226 1 20141127190218 00037
00000175 2014 11 11 10:15 11:14 61 1111 0073 10.84 1 1226 1 20141127190218 00037
00000175 2014 11 18 10:15 11:14 61 1111 0073 10.84 1 1226 1 20141127190218 00037
00000175 2014 11 25 10:15 11:14 61 1111 0073 10.84 1 1226 1 20141127190218 00037
