000000112011071 00000011 2011 07 01 13 1211 09:30 10:29 0026 1 830 0 _ _ 1 1 20141020184131 63
000000112011071 00000011 2011 07 22 13 1211 09:30 10:29 0026 1 830 0 _ _ 1 1 20141020184131 63
000000112011071 00000011 2011 07 29 13 1211 09:30 10:29 0026 1 830 0 _ _ 1 1 20141020184131 63
000000112011072 00000011 2011 07 18 11 4001 10:45 11:44 0070 1 200 0 _ _ 1 1 20141020184131 63
000000112011074 00000011 2011 07 18 11 7211 14:00 14:59 0070 1 229 0 _ _ 1 1 20141020184131 63
000000112011074 00000011 2011 07 25 11 7211 14:00 14:59 0070 1 229 0 _ _ 1 1 20141020184131 63
000000112011081 00000011 2011 08 05 13 1211 09:30 10:29 0026 1 830 0 _ _ 1 1 20141020184216 63
000000112011081 00000011 2011 08 12 13 1211 09:30 10:29 0026 1 830 0 _ _ 1 1 20141020184216 63
000000112011081 00000011 2011 08 19 13 1211 09:30 10:29 0026 1 830 0 _ _ 1 1 20141020184216 63
000000112011081 00000011 2011 08 26 13 1211 09:30 10:29 0026 1 830 0 _ _ 1 1 20141020184216 63
000000112011082 00000011 2011 08 01 11 1211 10:45 11:44 0070 1 402 0 _ _ 1 1 20141020184216 63
000000112011082 00000011 2011 08 08 11 1211 10:45 11:44 0070 1 402 0 _ _ 1 1 20141020184216 63
000000112011082 00000011 2011 08 15 11 1211 10:45 11:44 0070 1 402 0 _ _ 1 1 20141020184216 63
000000112011082 00000011 2011 08 22 11 1211 10:45 11:44 0070 1 402 0 _ _ 1 1 20141020184216 63
000000112011082 00000011 2011 08 29 11 1211 10:45 11:44 0070 1 402 0 _ _ 1 1 20141020184216 63
000000112011091 00000011 2011 09 02 13 1211 09:30 10:29 0026 1 830 0 _ _ 1 1 20141020184333 63
000000112011091 00000011 2011 09 09 13 1211 09:30 10:29 0026 1 830 0 _ _ 1 1 20141020184333 63
000000112011091 00000011 2011 09 16 13 1211 09:30 10:29 0026 1 830 0 _ _ 1 1 20141020184333 63
000000112011091 00000011 2011 09 23 13 1211 09:30 10:29 0026 1 830 0 _ _ 1 1 20141020184333 63
000000112011091 00000011 2011 09 30 13 1211 09:30 10:29 0026 1 830 0 _ _ 1 1 20141020184333 63
000000112011092 00000011 2011 09 05 11 7211 10:45 11:44 0070 1 229 0 _ _ 1 1 20141020184333 63
000000112011092 00000011 2011 09 12 11 7211 10:45 11:44 0070 1 229 0 _ _ 1 1 20141020184333 63
000000112011092 00000011 2011 09 19 11 7211 10:45 11:44 0070 1 229 0 _ _ 1 1 20141020184333 63
000000112011092 00000011 2011 09 26 11 7211 10:45 11:44 0070 1 229 0 _ _ 1 1 20141020184333 63
000000112011101 00000011 2011 10 07 13 1211 09:30 10:29 0026 1 830 0 _ _ 1 1 20141020184418 63
000000112011101 00000011 2011 10 14 13 1211 09:30 10:29 0026 1 830 0 _ _ 1 1 20141020184418 63
000000112011101 00000011 2011 10 21 13 1211 09:30 10:29 0026 1 830 0 _ _ 1 1 20141020184418 63
000000112011101 00000011 2011 10 28 13 1211 09:30 10:29 0026 1 830 0 _ _ 1 1 20141020184418 63
000000112011102 00000011 2011 10 03 11 4111 10:45 11:44 0070 1 337 0 _ _ 1 1 20141020184418 63
000000112011102 00000011 2011 10 10 11 4111 10:45 11:44 0070 1 337 0 _ _ 1 1 20141020184418 63
000000112011102 00000011 2011 10 17 11 4111 10:45 11:44 0070 1 337 0 _ _ 1 1 20141020184418 63
000000112011102 00000011 2011 10 24 11 4111 10:45 11:44 0070 1 337 0 _ _ 1 1 20141020184418 63
000000112011102 00000011 2011 10 31 11 4111 10:45 11:44 0070 1 337 0 _ _ 1 1 20141020184418 63
000000112011111 00000011 2011 11 04 13 1211 09:30 10:29 0026 1 830 0 _ _ 1 1 20141020184458 63
000000112011111 00000011 2011 11 11 13 1211 09:30 10:29 0026 1 830 0 _ _ 1 1 20141020184458 63
000000112011112 00000011 2011 11 18 13 1211 10:30 11:29 0026 1 830 0 _ _ 1 1 20141020184458 63
000000112011112 00000011 2011 11 25 13 1211 10:30 11:29 0026 1 830 0 _ _ 1 1 20141020184458 63
000000112011113 00000011 2011 11 07 11 4111 10:45 11:44 0070 1 337 0 _ _ 1 1 20141020184458 63
000000112011113 00000011 2011 11 14 11 4111 10:45 11:44 0070 1 337 0 _ _ 1 1 20141020184458 63
000000112011113 00000011 2011 11 21 11 4111 10:45 11:44 0070 1 337 0 _ _ 1 1 20141020184458 63
000000112011113 00000011 2011 11 28 11 4111 10:45 11:44 0070 1 337 0 _ _ 1 1 20141020184458 63
000000112011121 00000011 2011 12 02 13 1111 10:30 10:59 0026 1 425 0 _ _ 1 1 20141020184535 63
000000112011121 00000011 2011 12 09 13 1111 10:30 10:59 0026 1 425 0 _ _ 1 1 20141020184535 63
000000112011121 00000011 2011 12 16 13 1111 10:30 10:59 0026 1 425 0 _ _ 1 1 20141020184535 63
000000112011121 00000011 2011 12 22 13 1111 10:30 10:59 0026 1 425 0 _ _ 1 1 20141020184535 63
000000112011121 00000011 2011 12 29 13 1111 10:30 10:59 0026 1 425 0 _ _ 1 1 20141020184535 63
000000112011122 00000011 2011 12 05 11 4111 10:45 11:44 0070 1 337 0 _ _ 1 1 20141020184535 63
000000112011122 00000011 2011 12 12 11 4111 10:45 11:44 0070 1 337 0 _ _ 1 1 20141020184535 63
000000112011122 00000011 2011 12 19 11 4111 10:45 11:44 0070 1 337 0 _ _ 1 1 20141020184535 63
000000112011122 00000011 2011 12 26 11 4111 10:45 11:44 0070 1 337 0 _ _ 1 1 20141020184535 63
000000112011123 00000011 2011 12 21 11 1211 14:30 15:29 0070 1 402 0 _ _ 1 1 20141020184535 63
000000112011123 00000011 2011 12 27 11 1211 14:30 15:29 0070 1 402 0 _ _ 1 1 20141020184535 63
000000112012011 00000011 2012 01 06 13 1111 10:00 10:29 0026 1 425 0 _ _ 1 1 20141020185506 63
000000112012011 00000011 2012 01 13 13 1111 10:00 10:29 0026 1 425 0 _ _ 1 1 20141020185506 63
000000112012011 00000011 2012 01 20 13 1111 10:00 10:29 0026 1 425 0 _ _ 1 1 20141020185506 63
000000112012011 00000011 2012 01 27 13 1111 10:00 10:29 0026 1 425 0 _ _ 1 1 20141020185506 63
000000112012012 00000011 2012 01 09 11 4111 10:45 11:44 0070 1 337 0 _ _ 1 1 20141020185506 63
000000112012012 00000011 2012 01 16 11 4111 10:45 11:44 0070 1 337 0 _ _ 1 1 20141020185506 63
000000112012012 00000011 2012 01 23 11 4111 10:45 11:44 0070 1 337 0 _ _ 1 1 20141020185506 63
000000112012012 00000011 2012 01 30 11 4111 10:45 11:44 0070 1 337 0 _ _ 1 1 20141020185506 63
000000112012013 00000011 2012 01 04 11 1211 14:30 15:29 0070 1 402 0 _ _ 1 1 20141020185506 63
000000112012013 00000011 2012 01 11 11 1211 14:30 15:29 0070 1 402 0 _ _ 1 1 20141020185506 63
000000112012013 00000011 2012 01 18 11 1211 14:30 15:29 0070 1 402 0 _ _ 1 1 20141020185506 63
000000112012013 00000011 2012 01 25 11 1211 14:30 15:29 0070 1 402 0 _ _ 1 1 20141020185506 63
000000112012021 00000011 2012 02 03 13 1111 10:00 10:29 0026 1 425 0 _ _ 1 1 20141020185554 63
000000112012021 00000011 2012 02 10 13 1111 10:00 10:29 0026 1 425 0 _ _ 1 1 20141020185554 63
000000112012021 00000011 2012 02 17 13 1111 10:00 10:29 0026 1 425 0 _ _ 1 1 20141020185554 63
000000112012021 00000011 2012 02 24 13 1111 10:00 10:29 0026 1 425 0 _ _ 1 1 20141020185554 63
000000112012022 00000011 2012 02 06 11 4111 10:45 11:44 0070 1 337 0 _ _ 1 1 20141020185554 63
000000112012022 00000011 2012 02 13 11 4111 10:45 11:44 0070 1 337 0 _ _ 1 1 20141020185554 63
000000112012022 00000011 2012 02 20 11 4111 10:45 11:44 0070 1 337 0 _ _ 1 1 20141020185554 63
000000112012022 00000011 2012 02 27 11 4111 10:45 11:44 0070 1 337 0 _ _ 1 1 20141020185554 63
000000112012024 00000011 2012 02 22 11 1211 13:00 13:59 0070 1 402 0 _ _ 1 1 20141020185554 63
000000112012025 00000011 2012 02 15 11 1111 14:30 14:59 0070 1 254 0 _ _ 1 1 20141020185554 63
000000112012026 00000011 2012 02 01 11 1211 14:30 15:29 0070 1 402 0 _ _ 1 1 20141020185554 63
000000112012026 00000011 2012 02 08 11 1211 14:30 15:29 0070 1 402 0 _ _ 1 1 20141020185554 63
000000112012026 00000011 2012 02 29 11 1211 14:30 15:29 0070 1 402 0 _ _ 1 1 20141020185554 63
000000112012031 00000011 2012 03 02 13 1111 10:00 10:29 0026 1 425 0 _ _ 1 1 20141020185653 63
000000112012031 00000011 2012 03 09 13 1111 10:00 10:29 0026 1 425 0 _ _ 1 1 20141020185653 63
000000112012032 00000011 2012 03 12 11 4111 10:45 11:44 0070 1 337 0 _ _ 1 1 20141020185653 63
000000112012033 00000011 2012 03 05 11 7211 10:45 11:44 0070 1 229 0 _ _ 1 1 20141020185653 63
000000112012035 00000011 2012 03 04 11 1211 14:00 14:59 0070 1 402 0 _ _ 1 1 20141020185653 63
000000112012035 00000011 2012 03 07 11 1211 14:00 14:59 0070 1 402 0 _ _ 1 1 20141020185653 63
000000112012035 00000011 2012 03 09 11 1211 14:00 14:59 0070 1 402 0 _ _ 1 1 20141020185653 63
000000112012035 00000011 2012 03 14 11 1211 14:00 14:59 0070 1 402 0 _ _ 1 1 20141020185653 63
