00000027 2011 08 1 1 00031 1 20141020171650 00077
00000027 2011 09 1 1 00031 1 20141020171744 00077
00000027 2011 10 1 1 00031 1 20141020172027 00077
00000027 2011 11 1 1 00031 1 20141020172105 00077
00000027 2011 12 1 1 00031 1 20141020172139 00077
00000027 2012 01 1 1 00031 1 20141021103516 00077
00000027 2012 02 1 1 00031 1 20141021103615 00077
00000027 2012 03 1 1 00031 1 20141021103708 00077
00000027 2012 04 1 _ 00031 1 20140804101639 00030
00000027 2012 05 1 1 00031 1 20140801114527 00030
00000027 2012 06 1 1 00031 1 20140804121823 00030
00000027 2012 07 1 1 00031 1 20140801121659 00030
00000027 2012 08 1 1 00031 1 20140801122609 00030
00000027 2012 09 1 1 00031 1 20140801123248 00030
00000027 2012 10 1 1 00031 1 20140819180119 00030
00000027 2012 11 1 1 00031 1 20140801135604 00030
00000027 2012 12 1 1 00031 1 20140801141027 00030
00000027 2013 01 1 1 00031 1 20140718170556 00030
