00000046 2011 10 4 19480 1 20141103163925 00077
00000046 2011 11 4 19480 1 20141216112739 00078
00000046 2011 12 4 19480 1 20141103164836 00077
00000046 2012 01 4 19480 1 20141021110120 00077
00000046 2012 02 4 19480 1 20141021110725 00077
00000046 2012 03 4 19480 1 20141021110804 00077
00000046 2012 04 4 19480 1 20140804134552 00030
00000046 2012 05 4 19480 1 20140804135142 00030
00000046 2012 06 4 19480 1 20140804141541 00030
00000046 2012 07 4 19480 1 20140804141800 00030
00000046 2012 08 4 19480 1 20140804142227 00030
00000046 2012 09 4 19480 1 20140804143227 00030
00000046 2012 10 4 19480 1 20140804143202 00030
00000046 2012 11 4 19480 1 20140804144210 00030
00000046 2012 12 4 19480 1 20140804144139 00030
00000046 2013 01 4 19480 1 20140722181743 00030
00000046 2013 02 4 19480 1 20140722182411 00030
00000046 2013 03 3 16580 1 20140722182756 00030
00000046 2013 04 3 16580 1 20140722183049 00030
00000046 2013 05 3 16580 1 20140722183445 00030
00000046 2013 06 3 16580 1 20140722183724 00030
00000046 2013 07 3 16580 1 20140722184351 00030
00000046 2013 08 3 16580 1 20140722185042 00030
00000046 2013 09 3 16580 1 20140625183930 00030
00000046 2013 10 3 16580 1 20140625184803 00030
00000046 2013 11 3 16580 1 20140625185503 00030
00000046 2013 12 3 16580 1 20140625185853 00030
00000046 2014 01 3 16580 1 20140616211624 00078
00000046 2014 02 3 16580 1 20140616211656 00078
00000046 2014 03 3 16580 1 20140616211723 00078
00000046 2014 04 3 16692 1 20140616211753 00078
00000046 2014 05 3 16692 1 20140815172120 00030
