00000119 2013 12 3 16580 1 20140701161548 00030
00000119 2014 01 3 16580 1 20140617111708 00030
00000119 2014 02 3 16580 1 20140617112518 00030
00000119 2014 03 3 16580 1 20140617113434 00030
00000119 2014 04 3 16692 1 20140617115948 00030
00000119 2014 05 3 16692 1 20140811161121 00030
00000119 2014 06 3 16692 1 20140703203913 00030
00000119 2014 07 3 16692 1 20140804100125 00030
00000119 2014 08 3 16692 1 20140904162416 00030
00000119 2014 09 3 16692 1 20141004134137 00030
00000119 2014 10 3 16692 1 20141102192201 00030
00000119 2014 11 3 16692 1 20141203114918 00030
00000119 2014 12 3 16692 1 20141115103340 00030
