000000492012023 00000049 2012 02 01 11 4111 10:30 11:29 0070 1 337 0 _ _ 1 1 20141021112342 63
000000492012023 00000049 2012 02 08 11 4111 10:30 11:29 0070 1 337 0 _ _ 1 1 20141021112342 63
000000492012023 00000049 2012 02 15 11 4111 10:30 11:29 0070 1 337 0 _ _ 1 1 20141021112342 63
000000492012023 00000049 2012 02 22 11 4111 10:30 11:29 0070 1 337 0 _ _ 1 1 20141021112342 63
000000492012023 00000049 2012 02 29 11 4111 10:30 11:29 0070 1 337 0 _ _ 1 1 20141021112342 63
000000492012024 00000049 2012 02 04 11 1211 13:30 14:29 0070 1 402 0 _ _ 1 1 20141021112342 63
000000492012024 00000049 2012 02 18 11 1211 13:30 14:29 0070 1 402 0 _ _ 1 1 20141021112342 63
000000492012024 00000049 2012 02 25 11 1211 13:30 14:29 0070 1 402 0 _ _ 1 1 20141021112342 63
000000492012027 00000049 2012 02 01 17 1009 _ _ 0037 1 200 0 _ _ 1 1 20141021112342 63
000000492012031 00000049 2012 03 19 14 2111 15:10 15:49 0010 1 305 0 _ _ 1 1 20141021112555 63
000000492012031 00000049 2012 03 26 14 2111 15:10 15:49 0010 1 305 0 _ _ 1 1 20141021112555 63
000000492012032 00000049 2012 03 19 14 6101 _ _ 0010 1 6 0 _ _ 1 1 20141021112555 63
000000492012032 00000049 2012 03 26 14 6101 _ _ 0010 1 6 0 _ _ 1 1 20141021112555 63
000000492012033 00000049 2012 03 07 11 4111 10:30 11:29 0070 1 337 0 _ _ 1 1 20141021112555 63
000000492012033 00000049 2012 03 14 11 4111 10:30 11:29 0070 1 337 0 _ _ 1 1 20141021112555 63
000000492012033 00000049 2012 03 21 11 4111 10:30 11:29 0070 1 337 0 _ _ 1 1 20141021112555 63
000000492012033 00000049 2012 03 28 11 4111 10:30 11:29 0070 1 337 0 _ _ 1 1 20141021112555 63
000000492012035 00000049 2012 03 03 11 1211 13:30 14:29 0070 1 402 0 _ _ 1 1 20141021112555 63
000000492012035 00000049 2012 03 10 11 1211 13:30 14:29 0070 1 402 0 _ _ 1 1 20141021112555 63
000000492012035 00000049 2012 03 17 11 1211 13:30 14:29 0070 1 402 0 _ _ 1 1 20141021112555 63
000000492012035 00000049 2012 03 24 11 1211 13:30 14:29 0070 1 402 0 _ _ 1 1 20141021112555 63
000000492012035 00000049 2012 03 31 11 1211 13:30 14:29 0070 1 402 0 _ _ 1 1 20141021112555 63
000000492012037 00000049 2012 03 19 17 1001 _ _ 0037 1 250 0 _ _ 1 1 20141021112555 63
000000492012038 00000049 2012 03 01 17 1009 _ _ 0037 1 200 0 _ _ 1 1 20141021112555 63
000000492012041 00000049 2012 04 02 14 2111 15:10 15:49 0010 1 305 0 _ _ 1 1 20140804172053 24
000000492012041 00000049 2012 04 09 14 2111 15:10 15:49 0010 1 305 0 _ _ 1 1 20140804172053 24
000000492012041 00000049 2012 04 16 14 2111 15:10 15:49 0010 1 305 0 _ _ 1 1 20140804172053 24
000000492012041 00000049 2012 04 23 14 2111 15:10 15:49 0010 1 305 0 _ _ 1 1 20140804172053 24
000000492012041 00000049 2012 04 30 14 2111 15:10 15:49 0010 1 305 0 _ _ 1 1 20140804172053 24
0000004920120410 00000049 2012 04 01 17 1001 _ _ 0037 1 250 0 _ _ 1 1 20140804172053 24
0000004920120411 00000049 2012 04 01 17 1009 _ _ 0037 1 200 0 _ _ 1 1 20140804172053 24
000000492012042 00000049 2012 04 02 14 6101 _ _ 0010 1 6 0 _ _ 1 1 20140804172053 24
000000492012042 00000049 2012 04 09 14 6101 _ _ 0010 1 6 0 _ _ 1 1 20140804172053 24
000000492012042 00000049 2012 04 16 14 6101 _ _ 0010 1 6 0 _ _ 1 1 20140804172053 24
000000492012042 00000049 2012 04 23 14 6101 _ _ 0010 1 6 0 _ _ 1 1 20140804172053 24
000000492012042 00000049 2012 04 30 14 6101 _ _ 0010 1 6 0 _ _ 1 1 20140804172053 24
000000492012046 00000049 2012 04 04 11 4111 10:30 11:29 0070 1 324 0 _ _ 1 1 20140804172053 24
000000492012046 00000049 2012 04 11 11 4111 10:30 11:29 0070 1 324 0 _ _ 1 1 20140804172053 24
000000492012046 00000049 2012 04 18 11 4111 10:30 11:29 0070 1 324 0 _ _ 1 1 20140804172053 24
000000492012046 00000049 2012 04 25 11 4111 10:30 11:29 0070 1 324 0 _ _ 1 1 20140804172053 24
000000492012047 00000049 2012 04 07 11 1211 13:30 14:29 0070 1 402 0 _ _ 1 1 20140804172053 24
000000492012047 00000049 2012 04 14 11 1211 13:30 14:29 0070 1 402 0 _ _ 1 1 20140804172053 24
000000492012047 00000049 2012 04 21 11 1211 13:30 14:29 0070 1 402 0 _ _ 1 1 20140804172053 24
000000492012047 00000049 2012 04 28 11 1211 13:30 14:29 0070 1 402 0 _ _ 1 1 20140804172053 24
000000492012051 00000049 2012 05 07 14 2111 15:10 15:49 0010 1 305 0 _ _ 1 1 20140804174357 24
000000492012051 00000049 2012 05 14 14 2111 15:10 15:49 0010 1 305 0 _ _ 1 1 20140804174357 24
000000492012051 00000049 2012 05 21 14 2111 15:10 15:49 0010 1 305 0 _ _ 1 1 20140804174357 24
000000492012051 00000049 2012 05 28 14 2111 15:10 15:49 0010 1 305 0 _ _ 1 1 20140804174357 24
0000004920120513 00000049 2012 05 07 11 1211 13:00 13:59 0070 1 402 0 _ _ 1 1 20140804174357 24
0000004920120513 00000049 2012 05 14 11 1211 13:00 13:59 0070 1 402 0 _ _ 1 1 20140804174357 24
0000004920120513 00000049 2012 05 21 11 1211 13:00 13:59 0070 1 402 0 _ _ 1 1 20140804174357 24
0000004920120513 00000049 2012 05 28 11 1211 13:00 13:59 0070 1 402 0 _ _ 1 1 20140804174357 24
0000004920120515 00000049 2012 05 05 11 1211 13:30 14:29 0070 1 402 0 _ _ 1 1 20140804174357 24
0000004920120515 00000049 2012 05 12 11 1211 13:30 14:29 0070 1 402 0 _ _ 1 1 20140804174357 24
0000004920120515 00000049 2012 05 19 11 1211 13:30 14:29 0070 1 402 0 _ _ 1 1 20140804174357 24
0000004920120515 00000049 2012 05 26 11 1211 13:30 14:29 0070 1 402 0 _ _ 1 1 20140804174357 24
0000004920120516 00000049 2012 05 01 17 1001 _ _ 0037 1 250 0 _ _ 1 1 20140804174357 24
0000004920120517 00000049 2012 05 01 17 1007 _ _ 0037 1 900 0 _ _ 1 1 20140804174357 24
0000004920120518 00000049 2012 05 01 17 1009 _ _ 0037 1 200 0 _ _ 1 1 20140804174357 24
000000492012052 00000049 2012 05 07 14 6101 _ _ 0010 1 6 0 _ _ 1 1 20140804174357 24
000000492012052 00000049 2012 05 14 14 6101 _ _ 0010 1 6 0 _ _ 1 1 20140804174357 24
000000492012052 00000049 2012 05 21 14 6101 _ _ 0010 1 6 0 _ _ 1 1 20140804174357 24
000000492012052 00000049 2012 05 28 14 6101 _ _ 0010 1 6 0 _ _ 1 1 20140804174357 24
000000492012053 00000049 2012 05 23 13 1211 13:30 14:29 0019 1 830 0 _ _ 1 1 20140804174357 24
000000492012053 00000049 2012 05 30 13 1211 13:30 14:29 0019 1 830 0 _ _ 1 1 20140804174357 24
000000492012054 00000049 2012 05 23 13 3100 _ _ 0019 1 540 0 _ _ 1 1 20140804174357 24
000000492012054 00000049 2012 05 30 13 3100 _ _ 0019 1 540 0 _ _ 1 1 20140804174357 24
000000492012055 00000049 2012 05 01 13 4002 _ _ 0019 1 300 0 _ _ 1 1 20140804174357 24
000000492012058 00000049 2012 05 02 11 4111 10:30 11:29 0070 1 324 0 _ _ 1 1 20140804174357 24
000000492012058 00000049 2012 05 09 11 4111 10:30 11:29 0070 1 324 0 _ _ 1 1 20140804174357 24
000000492012058 00000049 2012 05 16 11 4111 10:30 11:29 0070 1 324 0 _ _ 1 1 20140804174357 24
000000492012058 00000049 2012 05 23 11 4111 10:30 11:29 0070 1 324 0 _ _ 1 1 20140804174357 24
000000492012058 00000049 2012 05 30 11 4111 10:30 11:29 0070 1 324 0 _ _ 1 1 20140804174357 24
000000492012061 00000049 2012 06 04 14 2111 15:10 15:49 0010 1 305 0 _ _ 1 1 20140804181240 24
000000492012061 00000049 2012 06 11 14 2111 15:10 15:49 0010 1 305 0 _ _ 1 1 20140804181240 24
000000492012061 00000049 2012 06 18 14 2111 15:10 15:49 0010 1 305 0 _ _ 1 1 20140804181240 24
000000492012061 00000049 2012 06 25 14 2111 15:10 15:49 0010 1 305 0 _ _ 1 1 20140804181240 24
0000004920120610 00000049 2012 06 01 17 1009 _ _ 0037 1 200 0 _ _ 1 1 20140804181240 24
000000492012062 00000049 2012 06 04 14 6101 _ 15:49 0010 1 6 0 _ _ 1 1 20140804181240 24
000000492012062 00000049 2012 06 11 14 6101 _ 15:49 0010 1 6 0 _ _ 1 1 20140804181240 24
000000492012062 00000049 2012 06 18 14 6101 _ 15:49 0010 1 6 0 _ _ 1 1 20140804181240 24
000000492012062 00000049 2012 06 25 14 6101 _ 15:49 0010 1 6 0 _ _ 1 1 20140804181240 24
000000492012063 00000049 2012 06 06 13 1211 13:30 14:29 0019 1 830 0 _ _ 1 1 20140804181240 24
000000492012063 00000049 2012 06 13 13 1211 13:30 14:29 0019 1 830 0 _ _ 1 1 20140804181240 24
000000492012063 00000049 2012 06 20 13 1211 13:30 14:29 0019 1 830 0 _ _ 1 1 20140804181240 24
000000492012063 00000049 2012 06 27 13 1211 13:30 14:29 0019 1 830 0 _ _ 1 1 20140804181240 24
000000492012064 00000049 2012 06 06 13 3100 _ _ 0019 1 540 0 _ _ 1 1 20140804181240 24
000000492012064 00000049 2012 06 13 13 3100 _ _ 0019 1 540 0 _ _ 1 1 20140804181240 24
000000492012064 00000049 2012 06 20 13 3100 _ _ 0019 1 540 0 _ _ 1 1 20140804181240 24
000000492012064 00000049 2012 06 27 13 3100 _ _ 0019 1 540 0 _ _ 1 1 20140804181240 24
000000492012066 00000049 2012 06 06 11 7311 10:30 11:29 0070 1 235 0 _ _ 1 1 20140804181240 24
000000492012066 00000049 2012 06 13 11 7311 10:30 11:29 0070 1 235 0 _ _ 1 1 20140804181240 24
000000492012066 00000049 2012 06 20 11 7311 10:30 11:29 0070 1 235 0 _ _ 1 1 20140804181240 24
000000492012066 00000049 2012 06 27 11 7311 10:30 11:29 0070 1 235 0 _ _ 1 1 20140804181240 24
000000492012067 00000049 2012 06 02 11 1211 13:30 14:29 0070 1 402 0 _ _ 1 1 20140804181240 24
000000492012067 00000049 2012 06 09 11 1211 13:30 14:29 0070 1 402 0 _ _ 1 1 20140804181240 24
000000492012067 00000049 2012 06 16 11 1211 13:30 14:29 0070 1 402 0 _ _ 1 1 20140804181240 24
000000492012067 00000049 2012 06 23 11 1211 13:30 14:29 0070 1 402 0 _ _ 1 1 20140804181240 24
000000492012067 00000049 2012 06 30 11 1211 13:30 14:29 0070 1 402 0 _ _ 1 1 20140804181240 24
000000492012068 00000049 2012 06 01 17 1001 _ _ 0037 1 250 0 _ _ 1 1 20140804181240 24
000000492012069 00000049 2012 06 01 17 1007 _ _ 0037 1 900 0 _ _ 1 1 20140804181240 24
000000492012071 00000049 2012 07 02 14 2111 15:10 15:49 0010 1 305 0 _ _ 1 1 20140804181009 24
000000492012071 00000049 2012 07 09 14 2111 15:10 15:49 0010 1 305 0 _ _ 1 1 20140804181009 24
000000492012071 00000049 2012 07 16 14 2111 15:10 15:49 0010 1 305 0 _ _ 1 1 20140804181009 24
000000492012071 00000049 2012 07 23 14 2111 15:10 15:49 0010 1 305 0 _ _ 1 1 20140804181009 24
000000492012071 00000049 2012 07 30 14 2111 15:10 15:49 0010 1 305 0 _ _ 1 1 20140804181009 24
0000004920120710 00000049 2012 07 01 17 1009 _ _ 0037 1 200 0 _ _ 1 1 20140804181009 24
000000492012072 00000049 2012 07 02 14 6101 15:10 15:49 0010 1 6 0 _ _ 1 1 20140804181009 24
000000492012072 00000049 2012 07 09 14 6101 15:10 15:49 0010 1 6 0 _ _ 1 1 20140804181009 24
000000492012072 00000049 2012 07 16 14 6101 15:10 15:49 0010 1 6 0 _ _ 1 1 20140804181009 24
000000492012072 00000049 2012 07 23 14 6101 15:10 15:49 0010 1 6 0 _ _ 1 1 20140804181009 24
000000492012072 00000049 2012 07 30 14 6101 15:10 15:49 0010 1 6 0 _ _ 1 1 20140804181009 24
000000492012073 00000049 2012 07 04 13 1211 13:30 14:29 0019 1 830 0 _ _ 1 1 20140804181009 24
000000492012073 00000049 2012 07 11 13 1211 13:30 14:29 0019 1 830 0 _ _ 1 1 20140804181009 24
000000492012073 00000049 2012 07 18 13 1211 13:30 14:29 0019 1 830 0 _ _ 1 1 20140804181009 24
000000492012073 00000049 2012 07 25 13 1211 13:30 14:29 0019 1 830 0 _ _ 1 1 20140804181009 24
000000492012074 00000049 2012 07 04 13 3100 _ _ 0019 1 540 0 _ _ 1 1 20140804181009 24
000000492012075 00000049 2012 07 04 11 7311 10:30 11:29 0070 1 235 0 _ _ 1 1 20140804181009 24
000000492012075 00000049 2012 07 11 11 7311 10:30 11:29 0070 1 235 0 _ _ 1 1 20140804181009 24
000000492012075 00000049 2012 07 18 11 7311 10:30 11:29 0070 1 235 0 _ _ 1 1 20140804181009 24
000000492012075 00000049 2012 07 25 11 7311 10:30 11:29 0070 1 235 0 _ _ 1 1 20140804181009 24
000000492012076 00000049 2012 07 07 11 1211 13:30 14:29 0070 1 402 0 _ _ 1 1 20140804181009 24
000000492012076 00000049 2012 07 14 11 1211 13:30 14:29 0070 1 402 0 _ _ 1 1 20140804181009 24
000000492012076 00000049 2012 07 21 11 1211 13:30 14:29 0070 1 402 0 _ _ 1 1 20140804181009 24
000000492012076 00000049 2012 07 28 11 1211 13:30 14:29 0070 1 402 0 _ _ 1 1 20140804181009 24
000000492012077 00000049 2012 07 31 11 7211 14:30 15:09 0070 1 190 0 _ _ 1 1 20140804181009 24
000000492012078 00000049 2012 07 01 17 1001 _ _ 0037 1 250 0 _ _ 1 1 20140804181009 24
000000492012079 00000049 2012 07 01 17 1007 _ _ 0037 1 900 0 _ _ 1 1 20140804181009 24
000000492012081 00000049 2012 08 06 14 2111 15:10 16:49 0010 1 305 0 _ _ 1 1 20140804184205 24
000000492012081 00000049 2012 08 13 14 2111 15:10 16:49 0010 1 305 0 _ _ 1 1 20140804184205 24
000000492012081 00000049 2012 08 20 14 2111 15:10 16:49 0010 1 305 0 _ _ 1 1 20140804184205 24
000000492012081 00000049 2012 08 27 14 2111 15:10 16:49 0010 1 305 0 _ _ 1 1 20140804184205 24
0000004920120811 00000049 2012 08 04 11 1211 13:30 14:29 0070 1 402 0 _ _ 1 1 20140804184205 24
0000004920120811 00000049 2012 08 11 11 1211 13:30 14:29 0070 1 402 0 _ _ 1 1 20140804184205 24
0000004920120811 00000049 2012 08 18 11 1211 13:30 14:29 0070 1 402 0 _ _ 1 1 20140804184205 24
0000004920120811 00000049 2012 08 25 11 1211 13:30 14:29 0070 1 402 0 _ _ 1 1 20140804184205 24
0000004920120819 00000049 2012 08 01 17 1001 _ _ 0037 1 250 0 _ _ 1 1 20140804184205 24
000000492012082 00000049 2012 08 06 14 6101 _ _ 0010 1 6 0 _ _ 1 1 20140804184205 24
000000492012082 00000049 2012 08 13 14 6101 _ _ 0010 1 6 0 _ _ 1 1 20140804184205 24
000000492012082 00000049 2012 08 20 14 6101 _ _ 0010 1 6 0 _ _ 1 1 20140804184205 24
000000492012082 00000049 2012 08 27 14 6101 _ _ 0010 1 6 0 _ _ 1 1 20140804184205 24
0000004920120820 00000049 2012 08 01 17 1007 _ _ 0037 1 900 0 _ _ 1 1 20140804184205 24
0000004920120821 00000049 2012 08 01 17 1009 _ _ 0037 1 200 0 _ _ 1 1 20140804184205 24
000000492012083 00000049 2012 08 01 13 1211 13:30 14:29 0019 1 830 0 _ _ 1 1 20140804184205 24
000000492012083 00000049 2012 08 08 13 1211 13:30 14:29 0019 1 830 0 _ _ 1 1 20140804184205 24
000000492012083 00000049 2012 08 15 13 1211 13:30 14:29 0019 1 830 0 _ _ 1 1 20140804184205 24
000000492012083 00000049 2012 08 22 13 1211 13:30 14:29 0019 1 830 0 _ _ 1 1 20140804184205 24
000000492012083 00000049 2012 08 29 13 1211 13:30 14:29 0019 1 830 0 _ _ 1 1 20140804184205 24
000000492012084 00000049 2012 08 01 13 3100 _ _ 0019 1 540 0 _ _ 1 1 20140804184205 24
000000492012087 00000049 2012 08 01 11 7311 10:30 11:29 0070 1 235 0 _ _ 1 1 20140804184205 24
000000492012087 00000049 2012 08 08 11 7311 10:30 11:29 0070 1 235 0 _ _ 1 1 20140804184205 24
000000492012087 00000049 2012 08 15 11 7311 10:30 11:29 0070 1 235 0 _ _ 1 1 20140804184205 24
000000492012087 00000049 2012 08 22 11 7311 10:30 11:29 0070 1 235 0 _ _ 1 1 20140804184205 24
000000492012087 00000049 2012 08 29 11 7311 10:30 11:29 0070 1 235 0 _ _ 1 1 20140804184205 24
