00000048 0073 2014 06 0000002 02 00037 _ 13:15 14:14 2 _ 0 1211 1 61 1 20140701101311 00078
00000048 0073 2014 06 0000003 05 00038 _ 09:00 09:59 2 _ 0 1211 1 61 1 20140701101311 00078
00000048 0073 2014 06 0000004 09 00035 _ 13:15 14:14 2 _ 0 1211 1 61 1 20140701101311 00078
00000048 0073 2014 06 0000005 12 00038 _ 09:00 09:59 2 _ 0 1211 1 61 1 20140701101311 00078
00000048 0073 2014 06 0000006 16 00035 _ 13:15 14:14 2 _ 0 1211 1 61 1 20140701101311 00078
00000048 0073 2014 06 0000007 26 00035 _ 09:00 09:59 2 _ 0 1211 1 61 1 20140701101311 00078
00000048 0073 2014 06 0000008 30 00038 _ 13:15 14:14 2 _ 0 1211 1 61 1 20140701101311 00078
00000048 0073 2014 06 0000009 19 00038 _ 09:00 09:59 2 _ 0 1211 1 61 1 20140701101311 00078
00000048 0073 2014 06 0000010 23 00038 _ 13:15 14:14 2 _ 0 1211 1 61 1 20140701101311 00078
00000048 0073 2014 07 0000011 03 00038 _ 09:00 09:59 2 _ 0 1211 1 61 1 20140731122328 00035
00000048 0073 2014 07 0000012 07 00037 _ 13:15 14:14 2 _ 0 1211 1 61 1 20140731122328 00035
00000048 0073 2014 07 0000013 21 00035 _ 13:15 14:14 2 _ 0 1211 1 61 1 20140731122328 00035
00000048 0073 2014 07 0000014 24 00037 _ 09:00 09:59 2 _ 0 1211 1 61 1 20140731122328 00035
00000048 0073 2014 07 0000015 28 00038 _ 13:15 14:14 2 _ 0 1211 1 61 1 20140731122328 00035
00000048 0073 2014 07 0000016 31 00037 _ 09:00 09:59 2 _ 0 1211 1 61 1 20140731122328 00035
00000048 0073 2014 08 0000017 07 00037 _ 09:00 09:59 2 _ 0 1211 1 61 1 20140811144846 00037
00000048 0073 2014 08 0000018 04 00038 _ 13:15 14:14 2 _ 0 1211 1 61 1 20140811144846 00037
00000048 0073 2014 08 0000019 11 00037 _ 13:15 14:14 2 _ 0 1211 1 61 1 20140811144846 00037
