1 00000002 2011 11 11 0070 グランクレール・ケアサービス横浜 7211 生活援助２ 229 0 229 4 916 0 916 916 0 10.84 9929 90 8936 993 0 n n 0 1 20141017140056 00077
1 00000007 2011 11 11 0070 グランクレール・ケアサービス横浜 1211 身体介護２ 402 0 402 3 1206 0 1206 1206 0 10.84 13073 90 11765 1308 0 n n 0 1 20141017142925 00077
1 00000011 2011 11 11 0070 グランクレール・ケアサービス横浜 4111 身体１生活１ 337 0 337 4 1348 0 1348 1348 0 10.84 14612 90 13150 1462 0 n n 0 1 20141017160159 00077
1 00000012 2011 11 11 0070 グランクレール・ケアサービス横浜 1111 身体介護１ 254 0 254 9 2286 0 2286 2286 0 10.84 24780 90 22302 2478 0 n n 0 1 20141017164443 00077
1 00000013 2011 11 11 0070 グランクレール・ケアサービス横浜 7311 生活援助３ 291 0 291 5 1455 0 1455 1455 0 10.84 15772 90 14194 1578 0 n n 0 1 20141017171509 00077
1 00000015 2011 11 11 0070 グランクレール・ケアサービス横浜 1311 身体介護３ 584 0 584 2 1168 0 1168 1168 0 10.84 12661 90 11394 1267 0 n n 0 1 20141017183113 00077
1 00000020 2011 11 11 0070 グランクレール・ケアサービス横浜 1211 身体介護２ 402 0 402 3 1206 0 1206 1206 0 10.84 13073 90 11765 1308 0 n n 0 1 20141020113209 00077
1 00000022 2011 11 11 0070 グランクレール・ケアサービス横浜 1211 身体介護２ 402 0 402 5 2010 0 2010 2010 0 10.84 21788 90 19609 2179 0 n n 0 1 20141020133848 00077
1 00000034 2011 11 11 0070 グランクレール・ケアサービス横浜 1111 身体介護１ 254 0 254 1 254 0 254 254 0 10.84 2753 90 2477 276 0 n n 0 1 20141103150416 00077
2 00000002 2011 11 11 0070 グランクレール・ケアサービス横浜 6271 訪問介護処遇改善加算Ⅰ 37 0 37 1 37 37 0.04 37 0 10.84 401 90 360 41 0 a g 0 1 20141017140056 00077
2 00000007 2011 11 11 0070 グランクレール・ケアサービス横浜 6271 訪問介護処遇改善加算Ⅰ 48 0 48 1 48 48 0.04 48 0 10.84 520 90 468 52 0 a g 0 1 20141017142925 00077
2 00000011 2011 11 11 0070 グランクレール・ケアサービス横浜 6271 訪問介護処遇改善加算Ⅰ 54 0 54 1 54 54 0.04 54 0 10.84 585 90 526 59 0 a g 0 1 20141017160159 00077
2 00000012 2011 11 11 0070 グランクレール・ケアサービス横浜 6271 訪問介護処遇改善加算Ⅰ 91 0 91 1 91 91 0.04 91 0 10.84 986 90 887 99 0 a g 0 1 20141017164443 00077
2 00000013 2011 11 11 0070 グランクレール・ケアサービス横浜 6271 訪問介護処遇改善加算Ⅰ 58 0 58 1 58 58 0.04 58 0 10.84 628 90 565 63 0 a g 0 1 20141017171509 00077
2 00000015 2011 11 11 0070 グランクレール・ケアサービス横浜 7211 生活援助２ 229 0 229 2 458 0 458 458 0 10.84 4964 90 4467 497 0 n n 0 1 20141017183113 00077
2 00000020 2011 11 11 0070 グランクレール・ケアサービス横浜 7211 生活援助２ 229 0 229 4 916 0 916 916 0 10.84 9929 90 8936 993 0 n n 0 1 20141020113209 00077
2 00000022 2011 11 11 0070 グランクレール・ケアサービス横浜 6271 訪問介護処遇改善加算Ⅰ 80 0 80 1 80 80 0.04 80 0 10.84 867 90 780 87 0 a g 0 1 20141020133848 00077
2 00000034 2011 11 11 0070 グランクレール・ケアサービス横浜 1211 身体介護２ 402 0 402 8 3216 0 3216 3216 0 10.84 34861 90 31374 3487 0 n n 0 1 20141103150416 00077
3 00000015 2011 11 11 0070 グランクレール・ケアサービス横浜 6271 訪問介護処遇改善加算Ⅰ 65 0 65 1 65 65 0.04 65 0 10.84 704 90 633 71 0 a g 0 1 20141017183113 00077
3 00000020 2011 11 11 0070 グランクレール・ケアサービス横浜 6271 訪問介護処遇改善加算Ⅰ 85 0 85 1 85 85 0.04 85 0 10.84 921 90 828 93 0 a g 0 1 20141020113209 00077
