00000002 2011 11 05 09:30 10:29 11 7211 0070 10.84 1 229 1 20141017140056 00077
00000002 2011 11 12 09:30 10:29 11 7211 0070 10.84 1 229 1 20141017140056 00077
00000002 2011 11 19 09:30 10:29 11 7211 0070 10.84 1 229 1 20141017140056 00077
00000002 2011 11 26 09:30 10:29 11 7211 0070 10.84 1 229 1 20141017140056 00077
00000007 2011 11 07 15:00 15:59 11 1211 0070 10.84 1 402 1 20141017142925 00077
00000007 2011 11 14 15:00 15:59 11 1211 0070 10.84 1 402 1 20141017142925 00077
00000007 2011 11 21 15:00 15:59 11 1211 0070 10.84 1 402 1 20141017142925 00077
00000010 2011 11 04 11:00 11:59 61 1211 0073 10.84 1 2468 1 20141017152549 00077
00000010 2011 11 07 09:30 10:29 61 1211 0073 10.84 1 2468 1 20141017152549 00077
00000010 2011 11 11 11:00 11:59 61 1211 0073 10.84 1 2468 1 20141017152549 00077
00000010 2011 11 14 09:30 10:29 61 1211 0073 10.84 1 2468 1 20141017152549 00077
00000010 2011 11 18 11:00 11:59 61 1211 0073 10.84 1 2468 1 20141017152549 00077
00000010 2011 11 21 09:30 10:29 61 1211 0073 10.84 1 2468 1 20141017152549 00077
00000010 2011 11 25 11:00 11:59 61 1211 0073 10.84 1 2468 1 20141017152549 00077
00000010 2011 11 28 09:30 11:29 61 1211 0073 10.84 1 2468 1 20141017152549 00077
00000011 2011 11 07 10:45 11:44 11 4111 0070 10.84 1 337 1 20141017160159 00077
00000011 2011 11 14 10:45 11:44 11 4111 0070 10.84 1 337 1 20141017160159 00077
00000011 2011 11 21 10:45 11:44 11 4111 0070 10.84 1 337 1 20141017160159 00077
00000011 2011 11 28 10:45 11:44 11 4111 0070 10.84 1 337 1 20141017160159 00077
00000012 2011 11 01 08:30 08:59 11 1111 0070 10.84 1 254 1 20141017164443 00077
00000012 2011 11 04 08:30 08:59 11 1111 0070 10.84 1 254 1 20141017164443 00077
00000012 2011 11 08 08:30 08:59 11 1111 0070 10.84 1 254 1 20141017164443 00077
00000012 2011 11 11 08:30 08:59 11 1111 0070 10.84 1 254 1 20141017164443 00077
00000012 2011 11 15 08:30 08:59 11 1111 0070 10.84 1 254 1 20141017164443 00077
00000012 2011 11 18 08:30 08:59 11 1111 0070 10.84 1 254 1 20141017164443 00077
00000012 2011 11 22 08:30 08:59 11 1111 0070 10.84 1 254 1 20141017164443 00077
00000012 2011 11 25 08:30 08:59 11 1111 0070 10.84 1 254 1 20141017164443 00077
00000012 2011 11 29 08:30 08:59 11 1111 0070 10.84 1 254 1 20141017164443 00077
00000013 2011 11 01 13:15 14:44 11 7311 0070 10.84 1 291 1 20141017171509 00077
00000013 2011 11 08 13:15 14:44 11 7311 0070 10.84 1 291 1 20141017171509 00077
00000013 2011 11 15 13:15 14:44 11 7311 0070 10.84 1 291 1 20141017171509 00077
00000013 2011 11 22 13:15 14:44 11 7311 0070 10.84 1 291 1 20141017171509 00077
00000013 2011 11 29 13:15 14:44 11 7311 0070 10.84 1 291 1 20141017171509 00077
00000015 2011 11 05 15:30 16:59 11 1311 0070 10.84 1 584 1 20141017183113 00077
00000015 2011 11 12 15:30 16:29 11 7211 0070 10.84 1 229 1 20141017183113 00077
00000015 2011 11 19 15:30 16:29 11 7211 0070 10.84 1 229 1 20141017183113 00077
00000015 2011 11 26 15:30 16:59 11 1311 0070 10.84 1 584 1 20141017183113 00077
00000016 2011 11 05 10:45 11:44 61 1111 0073 10.84 1 1234 1 20141020104028 00077
00000016 2011 11 12 10:45 11:44 61 1111 0073 10.84 1 1234 1 20141020104028 00077
00000016 2011 11 19 10:45 11:44 61 1111 0073 10.84 1 1234 1 20141020104028 00077
00000016 2011 11 26 10:45 11:44 61 1111 0073 10.84 1 1234 1 20141020104028 00077
00000018 2011 11 09 12:45 13:44 61 1111 0073 10.84 1 1234 1 20141020105056 00077
00000018 2011 11 16 12:15 13:44 61 1111 0073 10.84 1 1234 1 20141020105056 00077
00000018 2011 11 23 12:15 13:14 61 1111 0073 10.84 1 1234 1 20141020105056 00077
00000020 2011 11 07 16:15 17:14 11 1211 0070 10.84 1 402 1 20141020113209 00077
00000020 2011 11 10 10:15 11:14 11 7211 0070 10.84 1 229 1 20141020113209 00077
00000020 2011 11 14 16:15 17:14 11 7211 0070 10.84 1 229 1 20141020113209 00077
00000020 2011 11 17 10:15 11:14 11 1211 0070 10.84 1 402 1 20141020113209 00077
00000020 2011 11 21 16:15 17:14 11 7211 0070 10.84 1 229 1 20141020113209 00077
00000020 2011 11 24 10:15 11:14 11 1211 0070 10.84 1 402 1 20141020113209 00077
00000020 2011 11 28 16:15 17:14 11 7211 0070 10.84 1 229 1 20141020113209 00077
00000022 2011 11 01 15:00 15:59 11 1211 0070 10.84 1 402 1 20141020133848 00077
00000022 2011 11 08 15:00 15:59 11 1211 0070 10.84 1 402 1 20141020133848 00077
00000022 2011 11 15 15:00 15:59 11 1211 0070 10.84 1 402 1 20141020133848 00077
00000022 2011 11 22 15:00 15:59 11 1211 0070 10.84 1 402 1 20141020133848 00077
00000022 2011 11 29 15:00 15:59 11 1211 0070 10.84 1 402 1 20141020133848 00077
00000024 2011 11 02 16:30 17:29 61 1111 0073 10.84 1 1234 1 20141020144312 00077
00000024 2011 11 09 16:30 17:29 61 1111 0073 10.84 1 1234 1 20141020144312 00077
00000024 2011 11 16 16:30 17:29 61 1111 0073 10.84 1 1234 1 20141020144312 00077
00000024 2011 11 30 16:30 17:29 61 1111 0073 10.84 1 1234 1 20141020144312 00077
00000025 2011 11 03 09:00 09:59 61 1111 0073 10.84 1 1234 1 20141020145617 00077
00000025 2011 11 10 09:00 09:59 61 1111 0073 10.84 1 1234 1 20141020145617 00077
00000025 2011 11 17 09:00 09:59 61 1111 0073 10.84 1 1234 1 20141020145617 00077
00000025 2011 11 25 01:30 02:29 61 1111 0073 10.84 1 1234 1 20141020145617 00077
00000026 2011 11 02 10:45 11:44 61 1111 0073 10.84 1 1234 1 20141020141955 00077
00000026 2011 11 09 10:45 11:44 61 1111 0073 10.84 1 1234 1 20141020141955 00077
00000026 2011 11 16 10:45 11:44 61 1111 0073 10.84 1 1234 1 20141020141955 00077
00000026 2011 11 23 10:45 11:44 61 1111 0073 10.84 1 1234 1 20141020141955 00077
00000026 2011 11 30 10:45 11:44 61 1111 0073 10.84 1 1234 1 20141020141955 00077
00000027 2011 11 02 09:30 10:29 61 1211 0073 10.84 1 2468 1 20141020153103 00077
00000027 2011 11 06 10:00 10:59 61 1211 0073 10.84 1 2468 1 20141020153103 00077
00000027 2011 11 09 09:30 10:29 61 1211 0073 10.84 1 2468 1 20141020153103 00077
00000027 2011 11 13 10:00 10:59 61 1211 0073 10.84 1 2468 1 20141020153103 00077
00000027 2011 11 16 09:30 10:29 61 1211 0073 10.84 1 2468 1 20141020153103 00077
00000027 2011 11 20 10:00 10:59 61 1211 0073 10.84 1 2468 1 20141020153103 00077
00000027 2011 11 23 09:30 10:29 61 1211 0073 10.84 1 2468 1 20141020153103 00077
00000027 2011 11 27 10:00 10:59 61 1211 0073 10.84 1 2468 1 20141020153103 00077
00000027 2011 11 30 09:30 10:29 61 1211 0073 10.84 1 2468 1 20141020153103 00077
00000034 2011 11 02 14:00 14:59 11 1211 0070 10.84 1 402 1 20141103150416 00077
00000034 2011 11 06 14:00 14:59 11 1211 0070 10.84 1 402 1 20141103150416 00077
00000034 2011 11 09 14:00 14:59 11 1211 0070 10.84 1 402 1 20141103150416 00077
00000034 2011 11 13 14:00 14:59 11 1211 0070 10.84 1 402 1 20141103150416 00077
00000034 2011 11 16 14:00 14:59 11 1211 0070 10.84 1 402 1 20141103150416 00077
00000034 2011 11 20 14:00 14:29 11 1111 0070 10.84 1 254 1 20141103150416 00077
00000034 2011 11 23 14:00 14:59 11 1211 0070 10.84 1 402 1 20141103150416 00077
00000034 2011 11 27 14:00 14:59 11 1211 0070 10.84 1 402 1 20141103150416 00077
00000034 2011 11 30 14:00 14:59 11 1211 0070 10.84 1 402 1 20141103150416 00077
00000035 2011 11 03 11:30 12:29 61 1111 0073 10.84 1 1234 1 20141103151906 00077
00000035 2011 11 17 14:00 14:59 61 1111 0073 10.84 1 1234 1 20141103151906 00077
00000035 2011 11 24 11:30 12:29 61 1111 0073 10.84 1 1234 1 20141103151906 00077
00000036 2011 11 03 13:30 14:59 61 1111 0073 10.84 1 1234 1 20141103152951 00077
00000036 2011 11 10 13:30 14:59 61 1111 0073 10.84 1 1234 1 20141103152951 00077
00000036 2011 11 17 13:30 14:59 61 1111 0073 10.84 1 1234 1 20141103152951 00077
00000042 2011 11 06 16:30 17:29 61 1111 0073 10.84 1 1234 1 20141103162635 00077
00000042 2011 11 13 16:30 17:29 61 1111 0073 10.84 1 1234 1 20141103162635 00077
00000042 2011 11 20 16:30 17:29 61 1111 0073 10.84 1 1234 1 20141103162635 00077
00000042 2011 11 27 16:30 17:29 61 1111 0073 10.84 1 1234 1 20141103162635 00077
