1 00000231 2013 02 61 0107 グランクレール・ケアサービス馬事公苑 1111 予防訪問介護Ⅰ 1220 0 1220 1 1220 0 1220 1220 0 11.26 13737 90 12363 1374 0 n n 0 1 20140704111558 00078
1 00000231 2013 03 61 0107 グランクレール・ケアサービス馬事公苑 1111 予防訪問介護Ⅰ 1220 0 1220 4 1220 0 1220 1220 0 11.26 13737 90 12363 1374 0 n n 0 1 20140704111545 00078
1 00000231 2013 04 61 0107 グランクレール・ケアサービス馬事公苑 1111 予防訪問介護Ⅰ 1220 0 1220 4 1220 0 1220 1220 0 11.26 13737 90 12363 1374 0 n n 0 1 20140704111529 00078
1 00000231 2013 05 61 0107 グランクレール・ケアサービス馬事公苑 1111 予防訪問介護Ⅰ 1220 0 1220 5 1220 0 1220 1220 0 11.26 13737 90 12363 1374 0 n n 0 1 20140704111509 00078
1 00000231 2013 06 61 0107 グランクレール・ケアサービス馬事公苑 1111 予防訪問介護Ⅰ 1220 0 1220 3 1220 0 1220 1220 0 11.26 13737 90 12363 1374 0 n n 0 1 20140704111458 00078
1 00000231 2013 07 61 0107 グランクレール・ケアサービス馬事公苑 1111 予防訪問介護Ⅰ 1220 0 1220 4 1220 0 1220 1220 0 11.26 13737 90 12363 1374 0 n n 0 1 20140704111447 00078
1 00000231 2013 08 61 0107 グランクレール・ケアサービス馬事公苑 1111 予防訪問介護Ⅰ 1220 0 1220 4 1220 0 1220 1220 0 11.26 13737 90 12363 1374 0 n n 0 1 20140704111435 00078
1 00000231 2013 09 61 0107 グランクレール・ケアサービス馬事公苑 1111 予防訪問介護Ⅰ 1220 0 1220 4 1220 0 1220 1220 0 11.26 13737 90 12363 1374 0 n n 0 1 20140704111419 00078
1 00000231 2013 10 61 0107 グランクレール・ケアサービス馬事公苑 1111 予防訪問介護Ⅰ 1220 0 1220 4 1220 0 1220 1220 0 11.26 13737 90 12363 1374 0 n n 0 1 20140704111402 00078
1 00000231 2013 11 61 0107 グランクレール・ケアサービス馬事公苑 1111 予防訪問介護Ⅰ 1220 0 1220 2 1220 0 1220 1220 0 11.26 13737 90 12363 1374 0 n n 0 1 20140704111347 00078
1 00000231 2013 12 61 0107 グランクレール・ケアサービス馬事公苑 1321 予防訪問介護Ⅲ 3870 0 3870 2 3870 0 3870 3870 0 11.26 43576 90 39218 4358 0 n n 0 1 20140704111329 00078
1 00000231 2014 01 61 0107 グランクレール・ケアサービス馬事公苑 1321 予防訪問介護Ⅲ 3870 0 3870 10 3870 0 3870 3870 0 11.26 43576 90 39218 4358 0 n n 0 1 20140617203854 00049
1 00000231 2014 02 61 0107 グランクレール・ケアサービス馬事公苑 1321 予防訪問介護Ⅲ 3870 0 3870 7 3870 0 3870 3870 0 11.26 43576 90 39218 4358 0 n n 0 1 20140617203512 00049
1 00000231 2014 03 61 0107 グランクレール・ケアサービス馬事公苑 1321 予防訪問介護Ⅲ 3870 0 3870 10 3870 0 3870 3870 0 11.26 43576 90 39218 4358 0 n n 0 1 20140617202733 00049
1 00000231 2014 04 61 0107 グランクレール・ケアサービス馬事公苑 1321 予防訪問介護Ⅲ 3889 0 3889 9 3889 0 3889 3889 0 11.26 43790 90 39411 4379 0 n n 0 1 20140617203043 00049
1 00000231 2014 05 61 0107 グランクレール・ケアサービス馬事公苑 1321 予防訪問介護Ⅲ 3889 0 3889 5 3889 0 3889 3889 0 11.26 43790 90 39411 4379 0 n n 0 1 20140624163341 00078
1 00000231 2014 07 61 0107 グランクレール・ケアサービス馬事公苑 1321 予防訪問介護Ⅲ 3889 0 3889 7 3889 0 3889 3889 0 11.26 43790 90 39411 4379 0 n n 0 1 20140802130704 00047
1 00000231 2014 08 61 0107 グランクレール・ケアサービス馬事公苑 1321 予防訪問介護Ⅲ 3889 0 3889 10 3889 0 3889 3889 0 11.26 43790 90 39411 4379 0 n n 0 1 20140831125132 00049
1 00000231 2014 09 61 0107 グランクレール・ケアサービス馬事公苑 1211 予防訪問介護Ⅱ 2452 0 2452 8 2452 0 2452 2452 0 11.26 27609 90 24848 2761 0 n n 0 1 20140930202935 00049
1 00000231 2014 10 61 0107 グランクレール・ケアサービス馬事公苑 1211 予防訪問介護Ⅱ 2452 0 2452 8 2452 0 2452 2452 0 11.26 27609 90 24848 2761 0 n n 0 1 20141031201445 00049
1 00000231 2014 11 61 0107 グランクレール・ケアサービス馬事公苑 1211 予防訪問介護Ⅱ 2452 0 2452 8 2452 0 2452 2452 0 11.26 27609 90 24848 2761 0 n n 0 1 20141201092237 00049
1 00000231 2014 12 61 0107 グランクレール・ケアサービス馬事公苑 1211 予防訪問介護Ⅱ 2452 0 2452 8 2452 0 2452 2452 0 11.26 27609 90 24848 2761 0 n n 0 1 20141210112300 00049
2 00000231 2013 02 61 0107 グランクレール・ケアサービス馬事公苑 6271 予防訪問介護処遇改善加算Ⅰ 49 0 49 1 49 0 49 49 0 11.26 551 90 495 56 0 a g 0 1 20140704111558 00078
2 00000231 2013 03 61 0107 グランクレール・ケアサービス馬事公苑 6271 予防訪問介護処遇改善加算Ⅰ 49 0 49 1 49 0 49 49 0 11.26 551 90 495 56 0 a g 0 1 20140704111545 00078
2 00000231 2013 04 61 0107 グランクレール・ケアサービス馬事公苑 6271 予防訪問介護処遇改善加算Ⅰ 49 0 49 1 49 0 49 49 0 11.26 551 90 495 56 0 a g 0 1 20140704111529 00078
2 00000231 2013 05 61 0107 グランクレール・ケアサービス馬事公苑 6271 予防訪問介護処遇改善加算Ⅰ 49 0 49 1 49 0 49 49 0 11.26 551 90 495 56 0 a g 0 1 20140704111509 00078
2 00000231 2013 06 61 0107 グランクレール・ケアサービス馬事公苑 6271 予防訪問介護処遇改善加算Ⅰ 49 0 49 1 49 0 49 49 0 11.26 551 90 495 56 0 a g 0 1 20140704111458 00078
2 00000231 2013 07 61 0107 グランクレール・ケアサービス馬事公苑 6271 予防訪問介護処遇改善加算Ⅰ 49 0 49 1 49 0 49 49 0 11.26 551 90 495 56 0 a g 0 1 20140704111447 00078
2 00000231 2013 08 61 0107 グランクレール・ケアサービス馬事公苑 6271 予防訪問介護処遇改善加算Ⅰ 49 0 49 1 49 0 49 49 0 11.26 551 90 495 56 0 a g 0 1 20140704111435 00078
2 00000231 2013 09 61 0107 グランクレール・ケアサービス馬事公苑 6271 予防訪問介護処遇改善加算Ⅰ 49 0 49 1 49 0 49 49 0 11.26 551 90 495 56 0 a g 0 1 20140704111419 00078
2 00000231 2013 10 61 0107 グランクレール・ケアサービス馬事公苑 6271 予防訪問介護処遇改善加算Ⅰ 49 0 49 1 49 0 49 49 0 11.26 551 90 495 56 0 a g 0 1 20140704111402 00078
2 00000231 2013 11 61 0107 グランクレール・ケアサービス馬事公苑 6271 予防訪問介護処遇改善加算Ⅰ 49 0 49 1 49 0 49 49 0 11.26 551 90 495 56 0 a g 0 1 20140704111347 00078
2 00000231 2013 12 61 0107 グランクレール・ケアサービス馬事公苑 6271 予防訪問介護処遇改善加算Ⅰ 155 0 155 1 155 0 155 155 0 11.26 1745 90 1570 175 0 a g 0 1 20140704111329 00078
2 00000231 2014 01 61 0107 グランクレール・ケアサービス馬事公苑 6271 予防訪問介護処遇改善加算Ⅰ 155 0 155 1 155 0 155 155 0 11.26 1745 90 1570 175 0 a g 0 1 20140617203854 00049
2 00000231 2014 02 61 0107 グランクレール・ケアサービス馬事公苑 6271 予防訪問介護処遇改善加算Ⅰ 155 0 155 1 155 0 155 155 0 11.26 1745 90 1570 175 0 a g 0 1 20140617203512 00049
2 00000231 2014 03 61 0107 グランクレール・ケアサービス馬事公苑 6271 予防訪問介護処遇改善加算Ⅰ 155 0 155 1 155 0 155 155 0 11.26 1745 90 1570 175 0 a g 0 1 20140617202733 00049
2 00000231 2014 04 61 0107 グランクレール・ケアサービス馬事公苑 6271 予防訪問介護処遇改善加算Ⅰ 156 0 156 1 156 0 156 156 0 11.26 1756 90 1580 176 0 a g 0 1 20140617203043 00049
2 00000231 2014 05 61 0107 グランクレール・ケアサービス馬事公苑 6271 予防訪問介護処遇改善加算Ⅰ 156 0 156 1 156 0 156 156 0 11.26 1756 90 1580 176 0 a g 0 1 20140624163341 00078
2 00000231 2014 07 61 0107 グランクレール・ケアサービス馬事公苑 6271 予防訪問介護処遇改善加算Ⅰ 156 0 156 1 156 0 156 156 0 11.26 1756 90 1580 176 0 a g 0 1 20140802130704 00047
2 00000231 2014 08 61 0107 グランクレール・ケアサービス馬事公苑 6271 予防訪問介護処遇改善加算Ⅰ 156 0 156 1 156 0 156 156 0 11.26 1756 90 1580 176 0 a g 0 1 20140831125132 00049
2 00000231 2014 09 61 0107 グランクレール・ケアサービス馬事公苑 6271 予防訪問介護処遇改善加算Ⅰ 98 0 98 1 98 0 98 98 0 11.26 1103 90 992 111 0 a g 0 1 20140930202935 00049
2 00000231 2014 10 61 0107 グランクレール・ケアサービス馬事公苑 6271 予防訪問介護処遇改善加算Ⅰ 98 0 98 1 98 0 98 98 0 11.26 1103 90 992 111 0 a g 0 1 20141031201445 00049
2 00000231 2014 11 61 0107 グランクレール・ケアサービス馬事公苑 6271 予防訪問介護処遇改善加算Ⅰ 98 0 98 1 98 0 98 98 0 11.26 1103 90 992 111 0 a g 0 1 20141201092237 00049
2 00000231 2014 12 61 0107 グランクレール・ケアサービス馬事公苑 6271 予防訪問介護処遇改善加算Ⅰ 98 0 98 1 98 0 98 98 0 11.26 1103 90 992 111 0 a g 0 1 20141210112300 00049
