00000027 0070 2013 02 _ 1 20140718172047 00034
00000027 0070 2013 03 _ 1 20140718174019 00034
00000027 0070 2013 04 _ 1 20140718175143 00034
00000027 0070 2013 05 _ 1 20140718180159 00034
00000027 0070 2013 06 _ 1 20140718181013 00034
00000027 0070 2013 07 _ 1 20140722112158 00034
00000027 0070 2013 08 _ 1 20140722113901 00034
00000027 0070 2013 09 _ 1 20140625160907 00034
00000027 0070 2013 10 _ 1 20140625161615 00034
00000027 0070 2013 11 _ 1 20140625162519 00034
00000027 0070 2013 12 _ 1 20140625163711 00034
00000027 0070 2014 01 _ 1 20140611143726 00034
00000027 0070 2014 02 _ 1 20140611151637 00034
00000027 0070 2014 03 _ 1 20140611154044 00034
00000027 0073 2011 08 1 1 20141020150832 00077
00000027 0073 2011 09 _ 1 20141020151809 00077
00000027 0073 2011 10 _ 1 20141020152304 00077
00000027 0073 2011 11 _ 1 20141020153103 00077
00000027 0073 2011 12 _ 1 20141020153632 00077
00000027 0073 2012 01 _ 1 20141016144249 00077
00000027 0073 2012 02 _ 1 20141016144817 00077
00000027 0073 2012 03 _ 1 20141016145443 00077
00000027 0073 2012 04 _ 1 20140804100025 00034
00000027 0073 2012 05 _ 1 20140801114512 00034
00000027 0073 2012 06 _ 1 20140804121645 00034
00000027 0073 2012 07 _ 1 20140801121644 00034
00000027 0073 2012 08 _ 1 20140801122552 00034
00000027 0073 2012 09 _ 1 20140801123229 00034
00000027 0073 2012 10 _ 1 20140819174006 00034
00000027 0073 2012 11 _ 1 20140801135511 00034
00000027 0073 2012 12 _ 1 20140801141003 00034
00000027 0073 2013 01 _ 1 20140718170521 00034
