00000027 0070 2013 02 0000101 03 00038 _ 10:00 10:59 2 _ 0 7311 1 11 1 20140718172047 00034
00000027 0070 2013 02 0000102 06 00036 _ 09:30 10:30 2 _ 0 7311 1 11 1 20140718172047 00034
00000027 0070 2013 02 0000103 10 00037 _ 10:00 10:59 2 _ 0 7311 1 11 1 20140718172047 00034
00000027 0070 2013 02 0000104 13 00036 _ 09:30 10:30 2 _ 0 7311 1 11 1 20140718172047 00034
00000027 0070 2013 02 0000105 17 00037 _ 10:00 10:59 2 _ 0 7311 1 11 1 20140718172047 00034
00000027 0070 2013 02 0000106 20 00036 _ 09:30 10:30 2 _ 0 7311 1 11 1 20140718172047 00034
00000027 0070 2013 02 0000107 24 00102 _ 10:00 10:59 2 _ 0 7311 1 11 1 20140718172047 00034
00000027 0070 2013 02 0000108 27 00036 _ 09:30 10:30 2 _ 0 7311 1 11 1 20140718172047 00034
00000027 0070 2013 03 0000109 03 00102 _ 10:00 11:00 2 _ 0 7311 1 11 1 20140718174019 00034
00000027 0070 2013 03 0000110 06 00036 _ 09:30 10:30 2 _ 0 7311 1 11 1 20140718174019 00034
00000027 0070 2013 03 0000111 10 00102 _ 10:00 11:00 2 _ 0 7311 1 11 1 20140718174019 00034
00000027 0070 2013 03 0000112 13 00036 _ 09:30 10:30 2 _ 0 7311 1 11 1 20140718174019 00034
00000027 0070 2013 03 0000113 17 00038 _ 10:00 11:00 2 _ 0 7311 1 11 1 20140718174019 00034
00000027 0070 2013 03 0000114 20 00036 _ 09:30 10:30 2 _ 0 7311 1 11 1 20140718174019 00034
00000027 0070 2013 03 0000115 24 00037 _ 10:00 11:00 2 _ 0 7311 1 11 1 20140718174019 00034
00000027 0070 2013 03 0000116 27 00036 _ 09:30 10:30 2 _ 0 7311 1 11 1 20140718174019 00034
00000027 0070 2013 03 0000117 31 00102 _ 09:55 10:55 2 _ 0 7311 1 11 1 20140718174019 00034
00000027 0070 2013 04 0000118 03 00036 _ 09:30 10:30 2 _ 0 7311 1 11 1 20140718175143 00034
00000027 0070 2013 04 0000119 07 00037 _ 10:00 11:00 2 _ 0 7311 1 11 1 20140718175143 00034
00000027 0070 2013 04 0000120 10 00036 _ 09:30 10:30 2 _ 0 7311 1 11 1 20140718175143 00034
00000027 0070 2013 04 0000121 14 00102 _ 10:00 11:00 2 _ 0 7311 1 11 1 20140718175143 00034
00000027 0070 2013 04 0000122 17 00036 _ 09:30 10:30 2 _ 0 7311 1 11 1 20140718175143 00034
00000027 0070 2013 04 0000123 21 00038 _ 10:00 11:00 2 _ 0 7311 1 11 1 20140718175143 00034
00000027 0070 2013 04 0000124 24 00036 _ 09:40 10:30 2 _ 0 7311 1 11 1 20140718175143 00034
00000027 0070 2013 04 0000125 28 00037 _ 10:00 11:00 2 _ 0 7311 1 11 1 20140718175143 00034
00000027 0070 2013 05 0000126 01 00036 _ 09:30 10:30 2 _ 0 7311 1 11 1 20140718180159 00034
00000027 0070 2013 05 0000127 05 00102 _ 10:00 11:00 2 _ 0 7311 1 11 1 20140718180159 00034
00000027 0070 2013 05 0000128 08 00036 _ 09:30 10:30 2 _ 0 7311 1 11 1 20140718180159 00034
00000027 0070 2013 05 0000129 12 00038 _ 10:00 11:00 2 _ 0 7311 1 11 1 20140718180159 00034
00000027 0070 2013 05 0000130 15 00036 _ 09:30 10:30 2 _ 0 7311 1 11 1 20140718180159 00034
00000027 0070 2013 05 0000131 19 00102 _ 10:00 11:00 2 _ 0 7311 1 11 1 20140718180159 00034
00000027 0070 2013 05 0000132 22 00036 _ 09:30 10:30 2 _ 0 7311 1 11 1 20140718180159 00034
00000027 0070 2013 05 0000133 26 00037 _ 10:00 11:00 2 _ 0 7311 1 11 1 20140718180159 00034
00000027 0070 2013 05 0000134 29 00102 _ 09:15 10:00 2 _ 0 7311 1 11 1 20140718180159 00034
00000027 0070 2013 06 0000135 02 00102 _ 10:00 11:00 2 _ 0 7311 1 11 1 20140718181013 00034
00000027 0070 2013 06 0000136 06 00037 _ 10:45 11:45 2 _ 0 7311 1 11 1 20140718181013 00034
00000027 0070 2013 06 0000137 09 00102 _ 10:00 11:00 2 _ 0 7311 1 11 1 20140718181013 00034
00000027 0070 2013 06 0000138 12 00102 _ 09:30 10:30 2 _ 0 7311 1 11 1 20140718181013 00034
00000027 0070 2013 06 0000139 16 00102 _ 10:00 11:00 2 _ 0 7311 1 11 1 20140718181013 00034
00000027 0070 2013 06 0000140 19 00036 _ 10:40 11:29 2 _ 0 7311 1 11 1 20140718181013 00034
00000027 0070 2013 06 0000141 23 00037 _ 10:00 11:00 2 _ 0 7311 1 11 1 20140718181013 00034
00000027 0070 2013 06 0000142 30 00037 _ 10:00 11:00 2 _ 0 7311 1 11 1 20140718181013 00034
00000027 0070 2013 07 0000143 03 00036 _ 09:30 10:30 2 _ 0 7311 1 11 1 20140722112158 00034
00000027 0070 2013 07 0000144 07 00035 _ 10:00 11:00 2 _ 0 7311 1 11 1 20140722112158 00034
00000027 0070 2013 07 0000145 10 00036 _ 09:30 10:30 2 _ 0 7311 1 11 1 20140722112158 00034
00000027 0070 2013 07 0000146 14 00038 _ 10:00 11:00 2 _ 0 7311 1 11 1 20140722112158 00034
00000027 0070 2013 07 0000147 17 00036 _ 09:30 10:30 2 _ 0 7311 1 11 1 20140722112158 00034
00000027 0070 2013 07 0000148 21 00037 _ 10:00 11:00 2 _ 0 7311 1 11 1 20140722112158 00034
00000027 0070 2013 07 0000149 24 00036 _ 09:30 10:30 2 _ 0 7311 1 11 1 20140722112158 00034
00000027 0070 2013 07 0000150 28 00038 _ 10:00 11:00 2 _ 0 7311 1 11 1 20140722112158 00034
00000027 0070 2013 07 0000151 31 00036 _ 09:30 10:30 2 _ 0 7311 1 11 1 20140722112158 00034
00000027 0070 2013 08 0000152 04 00035 _ 10:00 11:00 2 _ 0 7311 1 11 1 20140722113901 00034
00000027 0070 2013 08 0000153 07 00036 _ 09:30 10:30 2 _ 0 7311 1 11 1 20140722113901 00034
00000027 0070 2013 08 0000154 11 00038 _ 10:00 11:00 2 _ 0 7311 1 11 1 20140722113901 00034
00000027 0070 2013 08 0000155 14 00036 _ 09:30 10:30 2 _ 0 7311 1 11 1 20140722113901 00034
00000027 0070 2013 08 0000156 18 00037 _ 10:00 11:00 2 _ 0 7311 1 11 1 20140722113901 00034
00000027 0070 2013 08 0000157 21 00036 _ 09:30 10:30 2 _ 0 7311 1 11 1 20140722113901 00034
00000027 0070 2013 08 0000158 25 00035 _ 10:00 11:00 2 _ 0 7311 1 11 1 20140722113901 00034
00000027 0070 2013 08 0000159 28 00036 _ 09:30 10:30 2 _ 0 7311 1 11 1 20140722113901 00034
00000027 0070 2013 09 0000057 01 00038 _ 10:00 11:00 _ _ 0 7311 1 11 1 20140625160907 00034
00000027 0070 2013 09 0000058 04 00036 _ 09:30 10:30 _ _ 0 7311 1 11 1 20140625160907 00034
00000027 0070 2013 09 0000059 08 00038 _ 10:00 11:00 _ _ 0 7311 1 11 1 20140625160907 00034
00000027 0070 2013 09 0000060 11 00036 _ 09:30 10:30 _ _ 0 7311 1 11 1 20140625160907 00034
00000027 0070 2013 09 0000061 15 00035 _ 10:00 11:00 _ _ 0 7311 1 11 1 20140625160907 00034
00000027 0070 2013 09 0000062 18 00036 _ 09:30 10:30 _ _ 0 7311 1 11 1 20140625160907 00034
00000027 0070 2013 09 0000063 22 00038 _ 10:00 11:00 _ _ 0 7311 1 11 1 20140625160907 00034
00000027 0070 2013 09 0000064 25 00036 _ 09:30 10:30 _ _ 0 7311 1 11 1 20140625160907 00034
00000027 0070 2013 09 0000065 29 00037 _ 10:00 11:00 _ _ 0 7311 1 11 1 20140625160907 00034
00000027 0070 2013 10 0000066 02 00036 _ 09:30 10:30 _ _ 0 7311 1 11 1 20140625161615 00034
00000027 0070 2013 10 0000067 06 00035 _ 10:00 11:00 _ _ 0 7311 1 11 1 20140625161615 00034
00000027 0070 2013 10 0000068 09 00036 _ 09:30 10:30 _ _ 0 7311 1 11 1 20140625161615 00034
00000027 0070 2013 10 0000069 13 00038 _ 10:00 11:00 _ _ 0 7311 1 11 1 20140625161615 00034
00000027 0070 2013 10 0000070 16 00036 _ 09:30 10:30 _ _ 0 7311 1 11 1 20140625161615 00034
00000027 0070 2013 10 0000071 20 00037 _ 10:00 11:00 _ _ 0 7311 1 11 1 20140625161615 00034
00000027 0070 2013 10 0000072 23 00036 _ 09:30 10:30 _ _ 0 7311 1 11 1 20140625161615 00034
00000027 0070 2013 10 0000073 27 00037 _ 10:00 11:00 _ _ 0 7311 1 11 1 20140625161615 00034
00000027 0070 2013 10 0000074 30 00036 _ 09:30 10:30 _ _ 0 7311 1 11 1 20140625161615 00034
00000027 0070 2013 11 0000075 03 00038 _ 10:00 11:00 _ _ 0 7311 1 11 1 20140625162519 00034
00000027 0070 2013 11 0000076 06 00036 _ 09:30 10:30 _ _ 0 7311 1 11 1 20140625162519 00034
00000027 0070 2013 11 0000077 10 00035 _ 10:00 11:00 _ _ 0 7311 1 11 1 20140625162519 00034
00000027 0070 2013 11 0000078 13 00036 _ 09:30 10:30 _ _ 0 7311 1 11 1 20140625162519 00034
00000027 0070 2013 11 0000079 17 00037 _ 10:00 11:00 _ _ 0 7311 1 11 1 20140625162519 00034
00000027 0070 2013 11 0000080 20 00036 _ 09:30 10:30 _ _ 0 7311 1 11 1 20140625162519 00034
00000027 0070 2013 11 0000081 24 00038 _ 10:00 11:00 _ _ 0 7311 1 11 1 20140625162519 00034
00000027 0070 2013 11 0000082 27 00036 _ 09:30 10:30 _ _ 0 7311 1 11 1 20140625162519 00034
00000027 0070 2013 12 0000083 01 00035 _ 10:00 11:00 _ _ 0 7311 1 11 1 20140625163711 00034
00000027 0070 2013 12 0000084 03 00035 _ 09:30 10:30 _ _ 0 7311 1 11 1 20140625163711 00034
00000027 0070 2013 12 0000085 08 00038 _ 10:00 11:00 _ _ 0 7311 1 11 1 20140625163711 00034
00000027 0070 2013 12 0000086 11 00036 _ 09:30 10:30 _ _ 0 7311 1 11 1 20140625163711 00034
00000027 0070 2013 12 0000087 15 00037 _ 10:00 11:00 _ _ 0 7311 1 11 1 20140625163711 00034
00000027 0070 2013 12 0000088 18 00036 _ 09:30 10:30 _ _ 0 7311 1 11 1 20140625163711 00034
00000027 0070 2013 12 0000089 22 00035 _ 10:00 11:00 _ _ 0 7311 1 11 1 20140625163711 00034
00000027 0070 2013 12 0000090 25 00036 _ 09:30 10:30 _ _ 0 7311 1 11 1 20140625163711 00034
00000027 0070 2013 12 0000091 29 00037 _ 10:00 11:00 _ _ 0 7311 1 11 1 20140625163711 00034
00000027 0070 2014 01 0000036 05 00038 _ 10:00 11:00 _ _ 0 7311 1 11 1 20140611143726 00034
00000027 0070 2014 01 0000037 08 00036 _ 09:30 10:30 _ _ 0 7311 1 11 1 20140611143726 00034
00000027 0070 2014 01 0000038 12 00038 _ 10:05 11:05 _ _ 0 7311 1 11 1 20140611143726 00034
00000027 0070 2014 01 0000039 15 00036 _ 09:30 10:30 _ _ 0 7311 1 11 1 20140611143726 00034
00000027 0070 2014 01 0000040 19 00037 _ 10:00 11:00 _ _ 0 7311 1 11 1 20140611143726 00034
00000027 0070 2014 01 0000041 22 00036 _ 09:30 10:30 _ _ 0 7311 1 11 1 20140611143726 00034
00000027 0070 2014 01 0000042 26 00035 _ 10:00 11:00 _ _ 0 7311 1 11 1 20140611143726 00034
00000027 0070 2014 01 0000043 30 00037 _ 10:45 11:45 _ _ 0 7311 1 11 1 20140611143726 00034
00000027 0070 2014 02 0000044 02 00037 _ 10:00 11:00 _ _ 0 7311 1 11 1 20140611151637 00034
00000027 0070 2014 02 0000045 05 00036 _ 09:30 10:30 _ _ 0 7311 1 11 1 20140611151637 00034
00000027 0070 2014 02 0000046 09 00037 _ 10:00 11:00 _ _ 0 7311 1 11 1 20140611151637 00034
00000027 0070 2014 02 0000047 12 00036 _ 09:30 10:30 _ _ 0 7311 1 11 1 20140611151637 00034
00000027 0070 2014 02 0000048 16 00035 _ 10:00 11:00 _ _ 0 7311 1 11 1 20140611151637 00034
00000027 0070 2014 02 0000049 19 00036 _ 09:30 10:30 _ _ 0 7311 1 11 1 20140611151637 00034
00000027 0070 2014 02 0000050 23 00038 _ 10:00 11:00 _ _ 0 7311 1 11 1 20140611151637 00034
00000027 0070 2014 02 0000051 26 00036 _ 09:30 10:30 _ _ 0 7311 1 11 1 20140611151637 00034
00000027 0070 2014 03 0000052 02 00037 _ 10:00 11:00 _ _ 0 7311 1 11 1 20140611154044 00034
00000027 0070 2014 03 0000053 09 00035 _ 10:00 11:00 _ _ 0 7311 1 11 1 20140611154044 00034
00000027 0070 2014 03 0000054 12 00036 _ 09:30 10:30 _ _ 0 7311 1 11 1 20140611154044 00034
00000027 0070 2014 03 0000055 16 00037 _ 10:00 11:00 _ _ 0 7311 1 11 1 20140611154044 00034
00000027 0070 2014 03 0000056 19 00036 _ 09:30 10:30 _ _ 0 7311 1 11 1 20140611154044 00034
00000027 0073 2011 08 0000263 03 00235 _ 09:30 10:29 _ _ 0 1211 1 61 1 20141020150832 00077
00000027 0073 2011 08 0000264 10 00102 _ 09:30 10:29 _ _ 0 1211 1 61 1 20141020150832 00077
00000027 0073 2011 08 0000265 14 00235 _ 09:30 10:29 _ _ 0 1211 1 61 1 20141020150832 00077
00000027 0073 2011 08 0000266 17 00235 _ 09:30 10:29 _ _ 0 1211 1 61 1 20141020150832 00077
00000027 0073 2011 08 0000267 21 00235 _ 09:30 10:29 _ _ 0 1211 1 61 1 20141020150832 00077
00000027 0073 2011 08 0000268 24 00102 _ 09:30 10:29 _ _ 0 1211 1 61 1 20141020150832 00077
00000027 0073 2011 08 0000269 28 00235 _ 09:30 10:29 _ _ 0 1211 1 61 1 20141020150832 00077
00000027 0073 2011 08 0000270 31 00235 _ 09:30 10:29 _ _ 0 1211 1 61 1 20141020150832 00077
00000027 0073 2011 09 0000271 04 00235 _ 09:30 10:29 _ _ 0 1211 1 61 1 20141020151809 00077
00000027 0073 2011 09 0000272 07 00102 _ 09:30 10:29 _ _ 0 1211 1 61 1 20141020151809 00077
00000027 0073 2011 09 0000273 11 00235 _ 09:30 10:29 _ _ 0 1211 1 61 1 20141020151809 00077
00000027 0073 2011 09 0000274 14 00235 _ 09:30 10:29 _ _ 0 1211 1 61 1 20141020151809 00077
00000027 0073 2011 09 0000275 18 00235 _ 09:30 10:29 _ _ 0 1211 1 61 1 20141020151809 00077
00000027 0073 2011 09 0000276 21 00102 _ 09:30 10:29 _ _ 0 1211 1 61 1 20141020151809 00077
00000027 0073 2011 09 0000277 25 00235 _ 09:30 10:29 _ _ 0 1211 1 61 1 20141020151809 00077
00000027 0073 2011 09 0000278 28 00102 _ 09:30 10:29 _ _ 0 1211 1 61 1 20141020151809 00077
00000027 0073 2011 10 0000279 05 00102 _ 09:30 10:29 _ _ 0 1211 1 61 1 20141020152304 00077
00000027 0073 2011 10 0000280 09 00235 _ 10:00 10:59 _ _ 0 1211 1 61 1 20141020152304 00077
00000027 0073 2011 10 0000281 12 00102 _ 09:30 10:29 _ _ 0 1211 1 61 1 20141020152304 00077
00000027 0073 2011 10 0000282 16 00102 _ 10:00 10:59 _ _ 0 1211 1 61 1 20141020152304 00077
00000027 0073 2011 10 0000283 19 00102 _ 09:30 10:29 _ _ 0 1211 1 61 1 20141020152304 00077
00000027 0073 2011 10 0000284 26 00235 _ 09:30 10:29 _ _ 0 1211 1 61 1 20141020152304 00077
00000027 0073 2011 10 0000285 30 00235 _ 10:00 10:59 _ _ 0 1211 1 61 1 20141020152304 00077
00000027 0073 2011 11 0000286 02 00235 _ 09:30 10:29 _ _ 0 1211 1 61 1 20141020153103 00077
00000027 0073 2011 11 0000287 06 00235 _ 10:00 10:59 _ _ 0 1211 1 61 1 20141020153103 00077
00000027 0073 2011 11 0000288 09 00102 _ 09:30 10:29 _ _ 0 1211 1 61 1 20141020153103 00077
00000027 0073 2011 11 0000289 13 00102 _ 10:00 10:59 _ _ 0 1211 1 61 1 20141020153103 00077
00000027 0073 2011 11 0000290 16 00235 _ 09:30 10:29 _ _ 0 1211 1 61 1 20141020153103 00077
00000027 0073 2011 11 0000291 20 00235 _ 10:00 10:59 _ _ 0 1211 1 61 1 20141020153103 00077
00000027 0073 2011 11 0000292 23 00102 _ 09:30 10:29 _ _ 0 1211 1 61 1 20141020153103 00077
00000027 0073 2011 11 0000293 27 00102 _ 10:00 10:59 _ _ 0 1211 1 61 1 20141020153103 00077
00000027 0073 2011 11 0000294 30 00102 _ 09:30 10:29 _ _ 0 1211 1 61 1 20141020153103 00077
00000027 0073 2011 12 0000295 07 00235 _ 09:30 10:29 _ _ 0 1211 1 61 1 20141020153632 00077
00000027 0073 2011 12 0000296 11 00235 _ 10:00 10:59 _ _ 0 1211 1 61 1 20141020153632 00077
00000027 0073 2011 12 0000297 14 00036 _ 09:30 10:29 _ _ 0 1211 1 61 1 20141020153632 00077
00000027 0073 2011 12 0000298 18 00235 _ 10:00 10:59 _ _ 0 1211 1 61 1 20141020153632 00077
00000027 0073 2011 12 0000299 21 00036 _ 09:30 10:29 _ _ 0 1211 1 61 1 20141020153632 00077
00000027 0073 2011 12 0000300 25 00235 _ 10:00 10:59 _ _ 0 1211 1 61 1 20141020153632 00077
00000027 0073 2012 01 0000238 04 00036 _ 09:30 10:29 _ _ 0 1211 1 61 1 20141016144249 00077
00000027 0073 2012 01 0000239 08 00235 _ 10:00 10:59 _ _ 0 1211 1 61 1 20141016144249 00077
00000027 0073 2012 01 0000240 11 00036 _ 09:30 10:29 _ _ 0 1211 1 61 1 20141016144249 00077
00000027 0073 2012 01 0000241 15 00235 _ 10:00 10:59 _ _ 0 1211 1 61 1 20141016144249 00077
00000027 0073 2012 01 0000242 18 00036 _ 09:30 10:29 _ _ 0 1211 1 61 1 20141016144249 00077
00000027 0073 2012 01 0000243 22 00102 _ 10:00 10:59 _ _ 0 1211 1 61 1 20141016144249 00077
00000027 0073 2012 01 0000244 25 00036 _ 09:30 10:29 _ _ 0 1211 1 61 1 20141016144249 00077
00000027 0073 2012 01 0000245 29 00235 _ 10:00 10:59 _ _ 0 1211 1 61 1 20141016144249 00077
00000027 0073 2012 02 0000246 01 00036 _ 09:30 10:29 _ _ 0 1211 1 61 1 20141016144817 00077
00000027 0073 2012 02 0000247 05 00235 _ 10:00 10:59 _ _ 0 1211 1 61 1 20141016144817 00077
00000027 0073 2012 02 0000248 08 00036 _ 09:30 10:29 _ _ 0 1211 1 61 1 20141016144817 00077
00000027 0073 2012 02 0000249 12 00235 _ 10:00 10:59 _ _ 0 1211 1 61 1 20141016144817 00077
00000027 0073 2012 02 0000250 15 00036 _ 09:30 10:29 _ _ 0 1211 1 61 1 20141016144817 00077
00000027 0073 2012 02 0000251 19 00235 _ 10:00 10:59 _ _ 0 1211 1 61 1 20141016144817 00077
00000027 0073 2012 02 0000252 22 00036 _ 09:30 10:29 _ _ 0 1211 1 61 1 20141016144817 00077
00000027 0073 2012 02 0000253 26 00036 _ 10:00 10:59 _ _ 0 1211 1 61 1 20141016144817 00077
00000027 0073 2012 02 0000254 29 00036 _ 09:30 10:29 _ _ 0 1211 1 61 1 20141016144817 00077
00000027 0073 2012 03 0000255 04 00036 _ 10:00 10:59 _ _ 0 1211 1 61 1 20141016145443 00077
00000027 0073 2012 03 0000256 07 00036 _ 09:30 10:29 _ _ 0 1211 1 61 1 20141016145443 00077
00000027 0073 2012 03 0000257 11 00036 _ 10:00 10:59 _ _ 0 1211 1 61 1 20141016145443 00077
00000027 0073 2012 03 0000258 14 00036 _ 09:30 10:29 _ _ 0 1211 1 61 1 20141016145443 00077
00000027 0073 2012 03 0000259 18 00048 _ 10:00 10:59 _ _ 0 1211 1 61 1 20141016145443 00077
00000027 0073 2012 03 0000260 21 00036 _ 09:30 10:29 _ _ 0 1211 1 61 1 20141016145443 00077
00000027 0073 2012 03 0000261 25 00102 _ 10:00 10:59 _ _ 0 1211 1 61 1 20141016145443 00077
00000027 0073 2012 03 0000262 28 00036 _ 09:30 10:29 _ _ 0 1211 1 61 1 20141016145443 00077
00000027 0073 2012 04 0000169 01 00048 _ 10:01 11:00 _ _ 0 1211 1 61 1 20140804100025 00034
00000027 0073 2012 04 0000170 04 00036 _ 09:31 10:30 _ _ 0 1211 1 61 1 20140804100025 00034
00000027 0073 2012 04 0000171 08 00048 _ 10:01 11:00 _ _ 0 1211 1 61 1 20140804100025 00034
00000027 0073 2012 04 0000172 11 00036 _ 09:31 10:30 _ _ 0 1211 1 61 1 20140804100025 00034
00000027 0073 2012 04 0000173 15 00102 _ 10:01 11:00 _ _ 0 1211 1 61 1 20140804100025 00034
00000027 0073 2012 04 0000174 18 00036 _ 09:31 10:30 _ _ 0 1211 1 61 1 20140804100025 00034
00000027 0073 2012 04 0000175 22 00102 _ 10:01 11:00 _ _ 0 1211 1 61 1 20140804100025 00034
00000027 0073 2012 04 0000176 25 00036 _ 09:00 09:59 _ _ 0 1211 1 61 1 20140804100025 00034
00000027 0073 2012 04 0000177 28 00102 _ 10:01 11:00 _ _ 0 1211 1 61 1 20140804100025 00034
00000027 0073 2012 05 0000160 02 00036 _ 09:31 10:30 _ _ 0 1211 1 61 1 20140801114512 00034
00000027 0073 2012 05 0000161 06 00048 _ 10:01 11:00 _ _ 0 1211 1 61 1 20140801114512 00034
00000027 0073 2012 05 0000162 09 00036 _ 09:31 10:30 _ _ 0 1211 1 61 1 20140801114512 00034
00000027 0073 2012 05 0000163 14 00048 _ 10:01 11:00 _ _ 0 1211 1 61 1 20140801114512 00034
00000027 0073 2012 05 0000164 17 00036 _ 10:01 11:00 _ _ 0 1211 1 61 1 20140801114512 00034
00000027 0073 2012 05 0000165 20 00102 _ 10:01 11:00 _ _ 0 1211 1 61 1 20140801114512 00034
00000027 0073 2012 05 0000166 23 00036 _ 09:31 10:30 _ _ 0 1211 1 61 1 20140801114512 00034
00000027 0073 2012 05 0000167 27 00048 _ 10:01 11:00 _ _ 0 1211 1 61 1 20140801114512 00034
00000027 0073 2012 05 0000168 30 00036 _ 09:31 10:30 _ _ 0 1211 1 61 1 20140801114512 00034
00000027 0073 2012 06 0000178 03 00104 _ 10:01 11:00 _ _ 0 1211 1 61 1 20140804121645 00034
00000027 0073 2012 06 0000179 10 00037 _ 10:01 11:00 _ _ 0 1211 1 61 1 20140804121645 00034
00000027 0073 2012 06 0000180 13 00036 _ 09:31 10:30 _ _ 0 1211 1 61 1 20140804121645 00034
00000027 0073 2012 06 0000181 17 00102 _ 10:01 11:00 _ _ 0 1211 1 61 1 20140804121645 00034
00000027 0073 2012 06 0000182 20 00036 _ 09:31 10:30 _ _ 0 1211 1 61 1 20140804121645 00034
00000027 0073 2012 06 0000183 24 00102 _ 10:01 11:00 _ _ 0 1211 1 61 1 20140804121645 00034
00000027 0073 2012 06 0000184 27 00036 _ 09:31 10:30 _ _ 0 1211 1 61 1 20140804121645 00034
00000027 0073 2012 07 0000185 01 00037 _ 10:01 11:00 _ _ 0 1211 1 61 1 20140801121644 00034
00000027 0073 2012 07 0000186 04 00036 _ 09:31 10:30 _ _ 0 1211 1 61 1 20140801121644 00034
00000027 0073 2012 07 0000187 08 00037 _ 09:50 10:29 _ _ 0 1211 1 61 1 20140801121644 00034
00000027 0073 2012 07 0000188 11 00036 _ 09:31 10:30 _ _ 0 1211 1 61 1 20140801121644 00034
00000027 0073 2012 07 0000189 15 00102 _ 10:01 11:00 _ _ 0 1211 1 61 1 20140801121644 00034
00000027 0073 2012 07 0000190 18 00036 _ 09:31 10:30 _ _ 0 1211 1 61 1 20140801121644 00034
00000027 0073 2012 07 0000191 22 00037 _ 10:01 11:00 _ _ 0 1211 1 61 1 20140801121644 00034
00000027 0073 2012 07 0000192 25 00036 _ 09:31 10:30 _ _ 0 1211 1 61 1 20140801121644 00034
00000027 0073 2012 07 0000193 29 00102 _ 10:01 11:00 _ _ 0 1211 1 61 1 20140801121644 00034
00000027 0073 2012 08 0000194 01 00036 _ 09:31 10:30 _ _ 0 1211 1 61 1 20140801122552 00034
00000027 0073 2012 08 0000195 05 00102 _ 10:01 11:00 _ _ 0 1211 1 61 1 20140801122552 00034
00000027 0073 2012 08 0000196 08 00036 _ 09:31 10:30 _ _ 0 1211 1 61 1 20140801122552 00034
00000027 0073 2012 08 0000197 12 00037 _ 10:01 11:00 _ _ 0 1211 1 61 1 20140801122552 00034
00000027 0073 2012 08 0000198 15 00036 _ 09:31 10:30 _ _ 0 1211 1 61 1 20140801122552 00034
00000027 0073 2012 08 0000199 19 00037 _ 10:01 11:00 _ _ 0 1211 1 61 1 20140801122552 00034
00000027 0073 2012 08 0000200 22 00036 _ 09:31 10:30 _ _ 0 1211 1 61 1 20140801122552 00034
00000027 0073 2012 08 0000201 26 00102 _ 10:01 11:00 _ _ 0 1211 1 61 1 20140801122552 00034
00000027 0073 2012 08 0000202 29 00036 _ 09:31 10:30 _ _ 0 1211 1 61 1 20140801122552 00034
00000027 0073 2012 09 0000203 02 00037 _ 10:01 11:00 _ _ 0 1211 1 61 1 20140801123229 00034
00000027 0073 2012 09 0000204 05 00036 _ 09:31 10:30 _ _ 0 1211 1 61 1 20140801123229 00034
00000027 0073 2012 09 0000205 09 00102 _ 10:01 11:00 _ _ 0 1211 1 61 1 20140801123229 00034
00000027 0073 2012 09 0000206 12 00036 _ 09:31 10:30 _ _ 0 1211 1 61 1 20140801123229 00034
00000027 0073 2012 09 0000207 16 00102 _ 10:01 11:00 _ _ 0 1211 1 61 1 20140801123229 00034
00000027 0073 2012 09 0000208 19 00036 _ 09:31 10:30 _ _ 0 1211 1 61 1 20140801123229 00034
00000027 0073 2012 09 0000209 23 00037 _ 10:01 11:00 _ _ 0 1211 1 61 1 20140801123229 00034
00000027 0073 2012 09 0000210 26 00036 _ 09:31 10:30 _ _ 0 1211 1 61 1 20140801123229 00034
00000027 0073 2012 09 0000211 30 00037 _ 09:31 10:30 _ _ 0 1211 1 61 1 20140801123229 00034
00000027 0073 2012 10 0000212 03 00036 _ 09:31 10:30 _ _ 0 1211 1 61 1 20140819174006 00034
00000027 0073 2012 10 0000213 07 00102 _ 10:01 11:00 _ _ 0 1211 1 61 1 20140819174006 00034
00000027 0073 2012 10 0000214 10 00036 _ 09:31 10:30 _ _ 0 1211 1 61 1 20140819174006 00034
00000027 0073 2012 10 0000215 14 00037 _ 10:01 11:00 _ _ 0 1211 1 61 1 20140819174006 00034
00000027 0073 2012 10 0000216 18 00102 _ 13:45 14:45 _ _ 0 1211 1 61 1 20140819174006 00034
00000027 0073 2012 10 0000217 21 00037 _ 10:01 11:00 _ _ 0 1211 1 61 1 20140819174006 00034
00000027 0073 2012 10 0000218 24 00036 _ 09:31 10:30 _ _ 0 1211 1 61 1 20140819174006 00034
00000027 0073 2012 10 0000219 28 00037 _ 10:01 11:00 _ _ 0 1211 1 61 1 20140819174006 00034
00000027 0073 2012 10 0000220 31 00036 _ 09:31 10:30 _ _ 0 1211 1 61 1 20140819174006 00034
00000027 0073 2012 11 0000221 04 00102 _ 10:01 11:00 _ _ 0 1211 1 61 1 20140801135511 00034
00000027 0073 2012 11 0000222 08 00036 _ 15:00 15:59 _ _ 0 1211 1 61 1 20140801135511 00034
00000027 0073 2012 11 0000223 11 00037 _ 10:01 11:00 _ _ 0 1211 1 61 1 20140801135511 00034
00000027 0073 2012 11 0000224 14 00036 _ 09:31 10:30 _ _ 0 1211 1 61 1 20140801135511 00034
00000027 0073 2012 11 0000225 18 00037 _ 10:01 11:00 _ _ 0 1211 1 61 1 20140801135511 00034
00000027 0073 2012 11 0000226 21 00036 _ 09:31 10:30 _ _ 0 1211 1 61 1 20140801135511 00034
00000027 0073 2012 11 0000227 25 00037 _ 10:01 11:00 _ _ 0 1211 1 61 1 20140801135511 00034
00000027 0073 2012 11 0000228 28 00036 _ 09:31 10:30 _ _ 0 1211 1 61 1 20140801135511 00034
00000027 0073 2012 12 0000229 02 00037 _ 10:01 11:00 _ _ 0 1211 1 61 1 20140801141003 00034
00000027 0073 2012 12 0000230 05 00036 _ 09:31 10:30 _ _ 0 1211 1 61 1 20140801141003 00034
00000027 0073 2012 12 0000231 09 00037 _ 10:01 11:00 _ _ 0 1211 1 61 1 20140801141003 00034
00000027 0073 2012 12 0000232 12 00036 _ 09:31 10:30 _ _ 0 1211 1 61 1 20140801141003 00034
00000027 0073 2012 12 0000233 16 00102 _ 09:15 10:09 _ _ 0 1211 1 61 1 20140801141003 00034
00000027 0073 2012 12 0000234 19 00036 _ 09:31 10:30 _ _ 0 1211 1 61 1 20140801141003 00034
00000027 0073 2012 12 0000235 23 00037 _ 10:01 11:00 _ _ 0 1211 1 61 1 20140801141003 00034
00000027 0073 2012 12 0000236 26 00036 _ 09:31 10:30 _ _ 0 1211 1 61 1 20140801141003 00034
00000027 0073 2012 12 0000237 30 00037 _ 10:01 11:00 _ _ 0 1211 1 61 1 20140801141003 00034
00000027 0073 2013 01 0000092 04 00037 _ 09:31 10:30 _ _ 0 1211 1 61 1 20140718170521 00034
00000027 0073 2013 01 0000093 06 00102 _ 10:01 11:00 _ _ 0 1211 1 61 1 20140718170521 00034
00000027 0073 2013 01 0000094 09 00036 _ 09:31 10:30 _ _ 0 1211 1 61 1 20140718170521 00034
00000027 0073 2013 01 0000095 13 00102 _ 10:01 11:00 _ _ 0 1211 1 61 1 20140718170521 00034
00000027 0073 2013 01 0000096 16 00036 _ 09:31 10:30 _ _ 0 1211 1 61 1 20140718170521 00034
00000027 0073 2013 01 0000097 20 00037 _ 10:01 11:00 _ _ 0 1211 1 61 1 20140718170521 00034
00000027 0073 2013 01 0000098 23 00036 _ 09:31 10:30 _ _ 0 1211 1 61 1 20140718170521 00034
00000027 0073 2013 01 0000099 27 00037 _ 10:01 11:00 _ _ 0 1211 1 61 1 20140718170521 00034
00000027 0073 2013 01 0000100 30 00036 _ 09:31 10:30 _ _ 0 1211 1 61 1 20140718170521 00034
