00000134 2014 05 01 13:15 14:00 11 1211 0070 10.84 1 404 1 20140626183048 00078
00000134 2014 05 05 13:15 14:00 11 1211 0070 10.84 1 404 1 20140626183048 00078
00000134 2014 05 05 13:20 13:49 11 1111 0070 10.84 1 255 1 20140818185448 00034
00000134 2014 05 08 13:15 14:00 11 1211 0070 10.84 1 404 1 20140626183048 00078
00000134 2014 05 09 13:15 14:00 11 1211 0070 10.84 1 404 1 20140626183048 00078
00000134 2014 05 09 14:45 15:30 11 1211 0070 10.84 1 404 1 20140818185448 00034
00000134 2014 05 12 13:15 14:00 11 1211 0070 10.84 1 404 1 20140818185448 00034
00000134 2014 05 13 13:15 14:00 11 1211 0070 10.84 1 404 1 20140626183048 00078
00000134 2014 05 15 13:15 14:00 11 1211 0070 10.84 1 404 1 20140818185448 00034
00000134 2014 05 16 13:15 14:00 11 1211 0070 10.84 1 404 1 20140626183048 00078
00000134 2014 05 19 13:15 14:00 11 1211 0070 10.84 1 404 1 20140818185448 00034
00000134 2014 05 20 13:15 14:00 11 1211 0070 10.84 1 404 1 20140626183048 00078
00000134 2014 05 22 13:15 14:00 11 1211 0070 10.84 1 404 1 20140818185448 00034
00000134 2014 05 23 13:15 14:00 11 1211 0070 10.84 1 404 1 20140626183048 00078
00000134 2014 05 26 13:15 14:00 11 1211 0070 10.84 1 404 1 20140818185448 00034
00000134 2014 05 27 13:15 14:00 11 1211 0070 10.84 1 404 1 20140626183048 00078
00000134 2014 05 29 13:15 14:00 11 1211 0070 10.84 1 404 1 20140818185448 00034
00000134 2014 05 30 13:15 14:00 11 1211 0070 10.84 1 404 1 20140626183048 00078
00000134 2014 06 02 13:15 14:00 11 1211 0070 10.84 1 404 1 20140630144216 00077
00000134 2014 06 05 13:15 14:00 11 1211 0070 10.84 1 404 1 20140630144216 00077
00000134 2014 06 09 13:15 14:00 11 1211 0070 10.84 1 404 1 20140630144216 00077
00000134 2014 06 12 13:15 14:00 11 1211 0070 10.84 1 404 1 20140630144216 00077
00000134 2014 06 19 13:15 14:00 11 1211 0070 10.84 1 404 1 20140630144216 00077
00000134 2014 06 23 13:15 14:00 11 1211 0070 10.84 1 404 1 20140630144216 00077
