000001702014041 00000170 2014 04 30 15 2441 1 10:00 17:10 0260 1 695 0 _ _ 1 20140618152006 24
000001702014042 00000170 2014 04 30 15 5301 1 _ _ 0260 1 50 0 _ _ 1 20140618152006 24
000001702014043 00000170 2014 04 30 15 5052 1 _ _ 0260 1 50 0 _ _ 1 20140618152006 24
000001702014044 00000170 2014 04 30 15 5611 1 _ _ 0260 1 -94 0 _ _ 1 20140618152006 24
000001702014051 00000170 2014 05 14 15 2441 1 10:00 17:10 0260 1 695 0 _ _ 1 20140812152521 24
000001702014051 00000170 2014 05 21 15 2441 1 10:00 17:10 0260 1 695 0 _ _ 1 20140812152521 24
000001702014051 00000170 2014 05 24 15 2441 1 10:00 17:10 0260 1 695 0 _ _ 1 20140812152521 24
000001702014051 00000170 2014 05 28 15 2441 1 10:00 17:10 0260 1 695 0 _ _ 1 20140812152521 24
000001702014051 00000170 2014 05 31 15 2441 1 10:00 17:10 0260 1 695 0 _ _ 1 20140812152521 24
000001702014052 00000170 2014 05 14 15 5051 1 _ _ 0260 1 42 0 _ _ 1 20140812152521 24
000001702014052 00000170 2014 05 21 15 5051 1 _ _ 0260 1 42 0 _ _ 1 20140812152521 24
000001702014052 00000170 2014 05 28 15 5051 1 _ _ 0260 1 42 0 _ _ 1 20140812152521 24
000001702014053 00000170 2014 05 14 15 5052 1 _ _ 0260 1 50 0 _ _ 1 20140812152521 24
000001702014053 00000170 2014 05 21 15 5052 1 _ _ 0260 1 50 0 _ _ 1 20140812152521 24
000001702014053 00000170 2014 05 24 15 5052 1 _ _ 0260 1 50 0 _ _ 1 20140812152521 24
000001702014053 00000170 2014 05 28 15 5052 1 _ _ 0260 1 50 0 _ _ 1 20140812152521 24
000001702014053 00000170 2014 05 31 15 5052 1 _ _ 0260 1 50 0 _ _ 1 20140812152521 24
000001702014054 00000170 2014 05 14 15 5301 1 _ _ 0260 1 50 0 _ _ 1 20140812152521 24
000001702014054 00000170 2014 05 21 15 5301 1 _ _ 0260 1 50 0 _ _ 1 20140812152521 24
000001702014054 00000170 2014 05 24 15 5301 1 _ _ 0260 1 50 0 _ _ 1 20140812152521 24
000001702014054 00000170 2014 05 28 15 5301 1 _ _ 0260 1 50 0 _ _ 1 20140812152521 24
000001702014054 00000170 2014 05 31 15 5301 1 _ _ 0260 1 50 0 _ _ 1 20140812152521 24
000001702014055 00000170 2014 05 14 15 5611 1 _ _ 0260 1 -94 0 _ _ 1 20140812152521 24
000001702014055 00000170 2014 05 21 15 5611 1 _ _ 0260 1 -94 0 _ _ 1 20140812152521 24
000001702014055 00000170 2014 05 24 15 5611 1 _ _ 0260 1 -94 0 _ _ 1 20140812152521 24
000001702014055 00000170 2014 05 28 15 5611 1 _ _ 0260 1 -94 0 _ _ 1 20140812152521 24
000001702014055 00000170 2014 05 31 15 5611 1 _ _ 0260 1 -94 0 _ _ 1 20140812152521 24
000001702014061 00000170 2014 06 07 15 2441 1 10:00 17:10 0260 1 695 0 _ _ 1 20140702160729 24
000001702014061 00000170 2014 06 11 15 2441 1 10:00 17:10 0260 1 695 0 _ _ 1 20140702160729 24
000001702014061 00000170 2014 06 14 15 2441 1 10:00 17:10 0260 1 695 0 _ _ 1 20140702160729 24
000001702014061 00000170 2014 06 18 15 2441 1 10:00 17:10 0260 1 695 0 _ _ 1 20140702160729 24
000001702014061 00000170 2014 06 21 15 2441 1 10:00 17:10 0260 1 695 0 _ _ 1 20140702160729 24
000001702014061 00000170 2014 06 25 15 2441 1 10:00 17:10 0260 1 695 0 _ _ 1 20140702160729 24
000001702014061 00000170 2014 06 28 15 2441 1 10:00 17:10 0260 1 695 0 _ _ 1 20140702160729 24
000001702014062 00000170 2014 06 11 15 5051 1 _ _ 0260 1 42 0 _ _ 1 20140702160729 24
000001702014062 00000170 2014 06 18 15 5051 1 _ _ 0260 1 42 0 _ _ 1 20140702160729 24
000001702014062 00000170 2014 06 25 15 5051 1 _ _ 0260 1 42 0 _ _ 1 20140702160729 24
000001702014063 00000170 2014 06 07 15 5052 1 _ _ 0260 1 50 0 _ _ 1 20140702160729 24
000001702014063 00000170 2014 06 11 15 5052 1 _ _ 0260 1 50 0 _ _ 1 20140702160729 24
000001702014063 00000170 2014 06 14 15 5052 1 _ _ 0260 1 50 0 _ _ 1 20140702160729 24
000001702014063 00000170 2014 06 18 15 5052 1 _ _ 0260 1 50 0 _ _ 1 20140702160729 24
000001702014063 00000170 2014 06 21 15 5052 1 _ _ 0260 1 50 0 _ _ 1 20140702160729 24
000001702014063 00000170 2014 06 25 15 5052 1 _ _ 0260 1 50 0 _ _ 1 20140702160729 24
000001702014063 00000170 2014 06 28 15 5052 1 _ _ 0260 1 50 0 _ _ 1 20140702160729 24
000001702014064 00000170 2014 06 07 15 5301 1 _ _ 0260 1 50 0 _ _ 1 20140702160729 24
000001702014064 00000170 2014 06 11 15 5301 1 _ _ 0260 1 50 0 _ _ 1 20140702160729 24
000001702014064 00000170 2014 06 14 15 5301 1 _ _ 0260 1 50 0 _ _ 1 20140702160729 24
000001702014064 00000170 2014 06 18 15 5301 1 _ _ 0260 1 50 0 _ _ 1 20140702160729 24
000001702014064 00000170 2014 06 21 15 5301 1 _ _ 0260 1 50 0 _ _ 1 20140702160729 24
000001702014064 00000170 2014 06 25 15 5301 1 _ _ 0260 1 50 0 _ _ 1 20140702160729 24
000001702014064 00000170 2014 06 28 15 5301 1 _ _ 0260 1 50 0 _ _ 1 20140702160729 24
000001702014065 00000170 2014 06 07 15 5611 1 _ _ 0260 1 -94 0 _ _ 1 20140702160729 24
000001702014065 00000170 2014 06 11 15 5611 1 _ _ 0260 1 -94 0 _ _ 1 20140702160729 24
000001702014065 00000170 2014 06 14 15 5611 1 _ _ 0260 1 -94 0 _ _ 1 20140702160729 24
000001702014065 00000170 2014 06 18 15 5611 1 _ _ 0260 1 -94 0 _ _ 1 20140702160729 24
000001702014065 00000170 2014 06 21 15 5611 1 _ _ 0260 1 -94 0 _ _ 1 20140702160729 24
000001702014065 00000170 2014 06 25 15 5611 1 _ _ 0260 1 -94 0 _ _ 1 20140702160729 24
000001702014065 00000170 2014 06 28 15 5611 1 _ _ 0260 1 -94 0 _ _ 1 20140702160729 24
000001702014071 00000170 2014 07 02 15 2441 1 10:00 17:10 0260 1 695 0 _ _ 1 20140802180612 24
000001702014071 00000170 2014 07 05 15 2441 1 10:00 17:10 0260 1 695 0 _ _ 1 20140802180612 24
000001702014071 00000170 2014 07 09 15 2441 1 10:00 17:10 0260 1 695 0 _ _ 1 20140802180612 24
000001702014071 00000170 2014 07 12 15 2441 1 10:00 17:10 0260 1 695 0 _ _ 1 20140802180612 24
000001702014071 00000170 2014 07 16 15 2441 1 10:00 17:10 0260 1 695 0 _ _ 1 20140802180612 24
000001702014071 00000170 2014 07 19 15 2441 1 10:00 17:10 0260 1 695 0 _ _ 1 20140802180612 24
000001702014071 00000170 2014 07 23 15 2441 1 10:00 17:10 0260 1 695 0 _ _ 1 20140802180612 24
000001702014071 00000170 2014 07 26 15 2441 1 10:00 17:10 0260 1 695 0 _ _ 1 20140802180612 24
000001702014071 00000170 2014 07 30 15 2441 1 10:00 17:10 0260 1 695 0 _ _ 1 20140802180612 24
000001702014072 00000170 2014 07 02 15 5051 1 _ _ 0260 1 42 0 _ _ 1 20140802180612 24
000001702014072 00000170 2014 07 16 15 5051 1 _ _ 0260 1 42 0 _ _ 1 20140802180612 24
000001702014072 00000170 2014 07 23 15 5051 1 _ _ 0260 1 42 0 _ _ 1 20140802180612 24
000001702014072 00000170 2014 07 30 15 5051 1 _ _ 0260 1 42 0 _ _ 1 20140802180612 24
000001702014073 00000170 2014 07 02 15 5052 1 _ _ 0260 1 50 0 _ _ 1 20140802180612 24
000001702014073 00000170 2014 07 05 15 5052 1 _ _ 0260 1 50 0 _ _ 1 20140802180612 24
000001702014073 00000170 2014 07 09 15 5052 1 _ _ 0260 1 50 0 _ _ 1 20140802180612 24
000001702014073 00000170 2014 07 12 15 5052 1 _ _ 0260 1 50 0 _ _ 1 20140802180612 24
000001702014073 00000170 2014 07 16 15 5052 1 _ _ 0260 1 50 0 _ _ 1 20140802180612 24
000001702014073 00000170 2014 07 19 15 5052 1 _ _ 0260 1 50 0 _ _ 1 20140802180612 24
000001702014073 00000170 2014 07 26 15 5052 1 _ _ 0260 1 50 0 _ _ 1 20140802180612 24
000001702014073 00000170 2014 07 30 15 5052 1 _ _ 0260 1 50 0 _ _ 1 20140802180612 24
000001702014074 00000170 2014 07 02 15 5301 1 _ _ 0260 1 50 0 _ _ 1 20140802180612 24
000001702014074 00000170 2014 07 05 15 5301 1 _ _ 0260 1 50 0 _ _ 1 20140802180612 24
000001702014074 00000170 2014 07 09 15 5301 1 _ _ 0260 1 50 0 _ _ 1 20140802180612 24
000001702014074 00000170 2014 07 12 15 5301 1 _ _ 0260 1 50 0 _ _ 1 20140802180612 24
000001702014074 00000170 2014 07 16 15 5301 1 _ _ 0260 1 50 0 _ _ 1 20140802180612 24
000001702014074 00000170 2014 07 19 15 5301 1 _ _ 0260 1 50 0 _ _ 1 20140802180612 24
000001702014074 00000170 2014 07 23 15 5301 1 _ _ 0260 1 50 0 _ _ 1 20140802180612 24
000001702014074 00000170 2014 07 26 15 5301 1 _ _ 0260 1 50 0 _ _ 1 20140802180612 24
000001702014074 00000170 2014 07 30 15 5301 1 _ _ 0260 1 50 0 _ _ 1 20140802180612 24
000001702014075 00000170 2014 07 02 15 5611 1 _ _ 0260 1 -94 0 _ _ 1 20140802180612 24
000001702014075 00000170 2014 07 05 15 5611 1 _ _ 0260 1 -94 0 _ _ 1 20140802180612 24
000001702014075 00000170 2014 07 09 15 5611 1 _ _ 0260 1 -94 0 _ _ 1 20140802180612 24
000001702014075 00000170 2014 07 12 15 5611 1 _ _ 0260 1 -94 0 _ _ 1 20140802180612 24
000001702014075 00000170 2014 07 16 15 5611 1 _ _ 0260 1 -94 0 _ _ 1 20140802180612 24
000001702014075 00000170 2014 07 19 15 5611 1 _ _ 0260 1 -94 0 _ _ 1 20140802180612 24
000001702014075 00000170 2014 07 23 15 5611 1 _ _ 0260 1 -94 0 _ _ 1 20140802180612 24
000001702014075 00000170 2014 07 26 15 5611 1 _ _ 0260 1 -94 0 _ _ 1 20140802180612 24
000001702014075 00000170 2014 07 30 15 5611 1 _ _ 0260 1 -94 0 _ _ 1 20140802180612 24
