00000161 2014 02 11 16:15 17:10 61 1211 0073 10.84 1 2440 1 20140617201411 00034
00000161 2014 02 15 13:00 14:00 61 1211 0073 10.84 1 2440 1 20140617201537 00034
00000161 2014 02 18 16:15 17:15 61 1211 0073 10.84 1 2440 1 20140617201537 00034
00000161 2014 02 22 13:00 14:00 61 1211 0073 10.84 1 2440 1 20140617201537 00034
00000161 2014 02 25 16:15 17:15 61 1211 0073 10.84 1 2440 1 20140617201537 00034
00000161 2014 03 01 13:00 14:00 61 1211 0073 10.84 1 2440 1 20140617200927 00034
00000161 2014 03 04 16:15 17:15 61 1211 0073 10.84 1 2440 1 20140617200927 00034
00000161 2014 03 08 13:00 14:00 61 1211 0073 10.84 1 2440 1 20140617200927 00034
00000161 2014 03 11 16:15 17:15 61 1211 0073 10.84 1 2440 1 20140617200927 00034
00000161 2014 03 15 13:00 14:00 61 1211 0073 10.84 1 2440 1 20140617200927 00034
00000161 2014 03 18 16:15 17:15 61 1211 0073 10.84 1 2440 1 20140617200927 00034
00000161 2014 04 01 15:15 16:15 61 1211 0073 10.84 1 2452 1 20140617202127 00034
00000161 2014 04 05 14:00 15:00 61 1211 0073 10.84 1 2452 1 20140617202127 00034
00000161 2014 04 08 15:15 16:15 61 1211 0073 10.84 1 2452 1 20140617202127 00034
00000161 2014 04 12 14:00 15:00 61 1211 0073 10.84 1 2452 1 20140617202127 00034
00000161 2014 04 15 16:45 17:45 61 1211 0073 10.84 1 2452 1 20140617202127 00034
00000161 2014 04 29 15:15 16:15 61 1211 0073 10.84 1 2452 1 20140617202127 00034
00000161 2014 05 03 14:00 15:00 61 1211 0073 10.84 1 2452 1 20140818175634 00034
00000161 2014 05 06 15:15 16:15 61 1211 0073 10.84 1 2452 1 20140818175634 00034
00000161 2014 05 10 14:00 15:00 61 1211 0073 10.84 1 2452 1 20140818175634 00034
00000161 2014 05 13 15:15 16:15 61 1211 0073 10.84 1 2452 1 20140818175634 00034
00000161 2014 05 17 14:00 15:00 61 1211 0073 10.84 1 2452 1 20140818175634 00034
00000161 2014 05 20 15:15 16:15 61 1211 0073 10.84 1 2452 1 20140818175634 00034
00000161 2014 05 24 14:00 15:00 61 1211 0073 10.84 1 2452 1 20140818175634 00034
00000161 2014 05 27 15:15 16:15 61 1211 0073 10.84 1 2452 1 20140818175634 00034
00000161 2014 05 31 14:00 15:00 61 1211 0073 10.84 1 2452 1 20140818175634 00034
00000161 2014 06 03 15:15 16:14 61 1211 0073 10.84 1 2452 1 20140701095636 00078
00000161 2014 06 07 14:00 14:59 61 1211 0073 10.84 1 2452 1 20140701095636 00078
00000161 2014 06 10 15:15 16:14 61 1211 0073 10.84 1 2452 1 20140701095636 00078
00000161 2014 06 14 14:00 14:59 61 1211 0073 10.84 1 2452 1 20140701095636 00078
00000161 2014 06 17 15:15 16:14 61 1211 0073 10.84 1 2452 1 20140701095636 00078
00000161 2014 06 21 14:00 14:59 61 1211 0073 10.84 1 2452 1 20140701095636 00078
00000161 2014 06 24 15:15 16:14 61 1211 0073 10.84 1 2452 1 20140701095636 00078
00000161 2014 06 28 14:00 14:59 61 1211 0073 10.84 1 2452 1 20140701095636 00078
00000161 2014 07 01 15:15 16:14 61 1211 0073 10.84 1 2452 1 20140731102928 00035
00000161 2014 07 05 14:00 14:59 61 1211 0073 10.84 1 2452 1 20140731102928 00035
00000161 2014 07 08 15:15 16:14 61 1211 0073 10.84 1 2452 1 20140731102928 00035
00000161 2014 07 12 14:00 14:59 61 1211 0073 10.84 1 2452 1 20140731102928 00035
00000161 2014 07 15 15:15 16:14 61 1211 0073 10.84 1 2452 1 20140731102928 00035
00000161 2014 07 19 14:00 14:59 61 1211 0073 10.84 1 2452 1 20140731102928 00035
00000161 2014 07 26 14:00 14:59 61 1211 0073 10.84 1 2452 1 20140731102928 00035
00000161 2014 07 29 15:15 16:14 61 1211 0073 10.84 1 2452 1 20140731102928 00035
00000161 2014 08 02 14:00 14:59 61 1321 0073 10.84 1 3889 1 20140830200621 00038
00000161 2014 08 05 15:15 16:14 61 1321 0073 10.84 1 3889 1 20140830200621 00038
00000161 2014 08 07 14:30 15:29 61 1321 0073 10.84 1 3889 1 20140830200621 00038
00000161 2014 08 09 14:00 14:59 61 1321 0073 10.84 1 3889 1 20140830200621 00038
00000161 2014 08 12 15:15 16:14 61 1321 0073 10.84 1 3889 1 20140830200621 00038
00000161 2014 08 14 14:30 15:29 61 1321 0073 10.84 1 3889 1 20140830200621 00038
00000161 2014 08 16 14:00 14:59 61 1321 0073 10.84 1 3889 1 20140830200621 00038
00000161 2014 08 19 15:15 16:14 61 1321 0073 10.84 1 3889 1 20140830200621 00038
00000161 2014 08 21 14:30 15:29 61 1321 0073 10.84 1 3889 1 20140830200621 00038
00000161 2014 08 23 14:00 14:59 61 1321 0073 10.84 1 3889 1 20140830200621 00038
00000161 2014 08 26 15:15 16:14 61 1321 0073 10.84 1 3889 1 20140830200621 00038
00000161 2014 08 28 14:30 15:29 61 1321 0073 10.84 1 3889 1 20140830200621 00038
00000161 2014 08 30 14:00 14:59 61 1321 0073 10.84 1 3889 1 20140830200621 00038
00000161 2014 09 02 15:15 16:14 61 1321 0073 10.84 1 3889 1 20140930211944 00035
00000161 2014 09 04 14:30 15:29 61 1321 0073 10.84 1 3889 1 20140930211944 00035
00000161 2014 09 06 14:00 14:59 61 1321 0073 10.84 1 3889 1 20140930211944 00035
00000161 2014 09 09 15:15 16:14 61 1321 0073 10.84 1 3889 1 20140930211944 00035
00000161 2014 09 11 14:30 15:29 61 1321 0073 10.84 1 3889 1 20140930211944 00035
00000161 2014 09 13 14:00 14:59 61 1321 0073 10.84 1 3889 1 20140930211944 00035
00000161 2014 09 16 15:15 16:14 61 1321 0073 10.84 1 3889 1 20140930211944 00035
00000161 2014 09 18 14:30 15:29 61 1321 0073 10.84 1 3889 1 20140930211944 00035
00000161 2014 09 20 14:00 14:59 61 1321 0073 10.84 1 3889 1 20140930211944 00035
00000161 2014 09 27 14:00 14:59 61 1321 0073 10.84 1 3889 1 20140930211944 00035
00000161 2014 09 30 15:15 16:14 61 1321 0073 10.84 1 3889 1 20140930211944 00035
00000161 2014 10 02 14:30 15:29 61 1321 0073 10.84 1 3889 1 20141030195742 00038
00000161 2014 10 04 14:00 14:59 61 1321 0073 10.84 1 3889 1 20141030195742 00038
00000161 2014 10 07 15:15 16:14 61 1321 0073 10.84 1 3889 1 20141030195742 00038
00000161 2014 10 09 14:30 15:29 61 1321 0073 10.84 1 3889 1 20141030195742 00038
00000161 2014 10 11 14:00 14:59 61 1321 0073 10.84 1 3889 1 20141030195742 00038
00000161 2014 10 14 15:15 16:14 61 1321 0073 10.84 1 3889 1 20141030195742 00038
00000161 2014 10 16 14:30 15:29 61 1321 0073 10.84 1 3889 1 20141030195742 00038
00000161 2014 10 18 14:00 14:59 61 1321 0073 10.84 1 3889 1 20141030195742 00038
00000161 2014 10 21 15:15 16:14 61 1321 0073 10.84 1 3889 1 20141030195742 00038
00000161 2014 10 23 14:30 15:29 61 1321 0073 10.84 1 3889 1 20141030195742 00038
00000161 2014 10 25 14:00 14:59 61 1321 0073 10.84 1 3889 1 20141030195742 00038
00000161 2014 10 28 15:15 16:14 61 1321 0073 10.84 1 3889 1 20141030195742 00038
00000161 2014 10 30 14:30 15:29 61 1321 0073 10.84 1 3889 1 20141030195742 00038
00000161 2014 11 01 14:00 14:59 61 1321 0073 10.84 1 3889 1 20141130151822 00038
00000161 2014 11 04 15:15 16:14 61 1321 0073 10.84 1 3889 1 20141130151822 00038
00000161 2014 11 06 14:30 15:29 61 1321 0073 10.84 1 3889 1 20141130151822 00038
00000161 2014 11 08 14:00 14:59 61 1321 0073 10.84 1 3889 1 20141130151822 00038
00000161 2014 11 11 15:15 16:14 61 1321 0073 10.84 1 3889 1 20141130151822 00038
00000161 2014 11 13 14:30 15:29 61 1321 0073 10.84 1 3889 1 20141130151822 00038
00000161 2014 11 18 15:15 16:14 61 1321 0073 10.84 1 3889 1 20141130151822 00038
00000161 2014 11 20 14:30 15:29 61 1321 0073 10.84 1 3889 1 20141130151822 00038
00000161 2014 11 22 14:00 14:59 61 1321 0073 10.84 1 3889 1 20141130151822 00038
00000161 2014 11 25 15:15 16:14 61 1321 0073 10.84 1 3889 1 20141130151822 00038
00000161 2014 11 27 14:30 15:29 61 1321 0073 10.84 1 3889 1 20141130151822 00038
00000161 2014 11 29 14:00 14:59 61 1321 0073 10.84 1 3889 1 20141130151822 00038
