00000016 20110604 20110609 武井静子 本人 1 2014052900000000 00078
00000016 20110604 20110609 中村雅子 美しが丘地域包括支援センター 1 2014052900000000 00078
00000016 20110604 20110609 森永子 グランクレール・ケアサービス美しが丘 1 2014052900000000 00078
00000016 20110604 20110609 小沼智子 グランクレール・ケアサービス美しが丘（ケアプラン） 1 2014052900000000 00078
00000016 20110620 20110609 武井静子 本人 1 2014052900000000 00078
00000016 20110620 20110609 中村雅子 美しが丘地域包括支援センター 1 2014052900000000 00078
00000016 20110620 20110609 森永子 グランクレール・ケアサービス美しが丘 1 2014052900000000 00078
00000016 20110620 20110609 小沼智子 グランクレール・ケアサービス美しが丘（ケアプラン） 1 2014052900000000 00078
00000016 20121207 20121211 武井静子 本人 1 2014052900000000 00078
00000016 20121207 20121211 中村雅子 美しが丘地域包括支援センター 1 2014052900000000 00078
00000016 20121207 20121211 臼井俊之 グランクレール・ケアサービス美しが丘 1 2014052900000000 00078
00000016 20121207 20121211 小沼智子 グランクレール・ケアサービス美しが丘（ケアプラン） 1 2014052900000000 00078
00000016 20131121 20131203 武井静子 本人 1 2014052900000000 00078
00000016 20131121 20131203 小田切千里 新石川クリニック医師 1 2014052900000000 00078
00000016 20131121 20131203 上原・井田 グランクレール美しが丘 1 2014052900000000 00078
00000016 20131121 20131203 臼井・小沼 グランクレール・ケアサービス横浜 1 2014052900000000 00078
