000000342014061 00000034 2014 06 03 15 1241 1 09:30 12:30 0081 1 464 0 _ _ 1 20140702171203 25
000000342014061 00000034 2014 06 10 15 1241 1 09:30 12:30 0081 1 464 0 _ _ 1 20140702171203 25
000000342014061 00000034 2014 06 17 15 1241 1 09:30 12:30 0081 1 464 0 _ _ 1 20140702171203 25
000000342014061 00000034 2014 06 24 15 1241 1 09:30 12:30 0081 1 464 0 _ _ 1 20140702171203 25
000000342014062 00000034 2014 06 01 17 1007 1 _ _ 0044 1 308 0 _ _ 1 20140702171203 25
000000342014063 00000034 2014 06 01 17 1007 1 _ _ 0044 1 308 0 _ _ 1 20140702171203 25
000000342014064 00000034 2014 06 01 17 1009 1 _ _ 0044 1 308 0 _ _ 1 20140702171203 25
000000342014065 00000034 2014 06 03 15 5051 1 09:30 12:30 0081 1 42 0 _ _ 1 20140702171203 25
000000342014065 00000034 2014 06 10 15 5051 1 09:30 12:30 0081 1 42 0 _ _ 1 20140702171203 25
000000342014065 00000034 2014 06 17 15 5051 1 09:30 12:30 0081 1 42 0 _ _ 1 20140702171203 25
000000342014065 00000034 2014 06 24 15 5051 1 09:30 12:30 0081 1 42 0 _ _ 1 20140702171203 25
000000342014066 00000034 2014 06 03 15 5052 1 09:30 12:30 0081 1 50 0 _ _ 1 20140702171203 25
000000342014066 00000034 2014 06 10 15 5052 1 09:30 12:30 0081 1 50 0 _ _ 1 20140702171203 25
000000342014066 00000034 2014 06 17 15 5052 1 09:30 12:30 0081 1 50 0 _ _ 1 20140702171203 25
000000342014066 00000034 2014 06 24 15 5052 1 09:30 12:30 0081 1 50 0 _ _ 1 20140702171203 25
000000342014067 00000034 2014 06 03 15 5606 1 09:30 12:30 0081 1 150 0 _ _ 1 20140702171203 25
000000342014067 00000034 2014 06 10 15 5606 1 09:30 12:30 0081 1 150 0 _ _ 1 20140702171203 25
000000342014071 00000034 2014 07 01 15 1241 1 09:30 12:30 0081 1 464 0 _ _ 1 20140804103356 25
000000342014071 00000034 2014 07 08 15 1241 1 09:30 12:30 0081 1 464 0 _ _ 1 20140804103356 25
000000342014071 00000034 2014 07 15 15 1241 1 09:30 12:30 0081 1 464 0 _ _ 1 20140804103356 25
000000342014071 00000034 2014 07 22 15 1241 1 09:30 12:30 0081 1 464 0 _ _ 1 20140804103356 25
000000342014071 00000034 2014 07 29 15 1241 1 09:30 12:30 0081 1 464 0 _ _ 1 20140804103356 25
000000342014072 00000034 2014 07 01 15 5051 1 _ _ 0081 1 42 0 _ _ 1 20140804103356 25
000000342014072 00000034 2014 07 08 15 5051 1 _ _ 0081 1 42 0 _ _ 1 20140804103356 25
000000342014072 00000034 2014 07 15 15 5051 1 _ _ 0081 1 42 0 _ _ 1 20140804103356 25
000000342014072 00000034 2014 07 22 15 5051 1 _ _ 0081 1 42 0 _ _ 1 20140804103356 25
000000342014072 00000034 2014 07 29 15 5051 1 _ _ 0081 1 42 0 _ _ 1 20140804103356 25
000000342014073 00000034 2014 07 01 15 5052 1 _ _ 0081 1 50 0 _ _ 1 20140804103356 25
000000342014073 00000034 2014 07 08 15 5052 1 _ _ 0081 1 50 0 _ _ 1 20140804103356 25
000000342014073 00000034 2014 07 15 15 5052 1 _ _ 0081 1 50 0 _ _ 1 20140804103356 25
000000342014073 00000034 2014 07 22 15 5052 1 _ _ 0081 1 50 0 _ _ 1 20140804103356 25
000000342014073 00000034 2014 07 29 15 5052 1 _ _ 0081 1 50 0 _ _ 1 20140804103356 25
000000342014074 00000034 2014 07 01 15 5606 1 _ _ 0081 1 150 0 _ _ 1 20140804103356 25
000000342014074 00000034 2014 07 08 15 5606 1 _ _ 0081 1 150 0 _ _ 1 20140804103356 25
000000342014075 00000034 2014 07 01 17 1007 1 _ _ 0044 1 308 0 _ _ 1 20140804103356 25
000000342014076 00000034 2014 07 01 17 1007 1 _ _ 0044 1 308 0 _ _ 1 20140804103356 25
000000342014077 00000034 2014 07 01 17 1009 1 _ _ 0044 1 308 0 _ _ 1 20140804103356 25
