000000342014061 00000034 2014 06 03 15 1241 09:30 12:30 0081 1 464 0 _ _ 1 1 20140702171203 25
000000342014061 00000034 2014 06 10 15 1241 09:30 12:30 0081 1 464 0 _ _ 1 1 20140702171203 25
000000342014061 00000034 2014 06 17 15 1241 09:30 12:30 0081 1 464 0 _ _ 1 1 20140702171203 25
000000342014061 00000034 2014 06 24 15 1241 09:30 12:30 0081 1 464 0 _ _ 1 1 20140702171203 25
000000342014062 00000034 2014 06 01 17 1007 _ _ 0044 1 308 0 _ _ 1 1 20140702171203 25
000000342014063 00000034 2014 06 01 17 1007 _ _ 0044 1 308 0 _ _ 1 1 20140702171203 25
000000342014064 00000034 2014 06 01 17 1009 _ _ 0044 1 308 0 _ _ 1 1 20140702171203 25
000000342014065 00000034 2014 06 03 15 5051 09:30 12:30 0081 1 42 0 _ _ 1 1 20140702171203 25
000000342014065 00000034 2014 06 10 15 5051 09:30 12:30 0081 1 42 0 _ _ 1 1 20140702171203 25
000000342014065 00000034 2014 06 17 15 5051 09:30 12:30 0081 1 42 0 _ _ 1 1 20140702171203 25
000000342014065 00000034 2014 06 24 15 5051 09:30 12:30 0081 1 42 0 _ _ 1 1 20140702171203 25
000000342014066 00000034 2014 06 03 15 5052 09:30 12:30 0081 1 50 0 _ _ 1 1 20140702171203 25
000000342014066 00000034 2014 06 10 15 5052 09:30 12:30 0081 1 50 0 _ _ 1 1 20140702171203 25
000000342014066 00000034 2014 06 17 15 5052 09:30 12:30 0081 1 50 0 _ _ 1 1 20140702171203 25
000000342014066 00000034 2014 06 24 15 5052 09:30 12:30 0081 1 50 0 _ _ 1 1 20140702171203 25
000000342014067 00000034 2014 06 03 15 5606 09:30 12:30 0081 1 150 0 _ _ 1 1 20140702171203 25
000000342014067 00000034 2014 06 10 15 5606 09:30 12:30 0081 1 150 0 _ _ 1 1 20140702171203 25
000000342014071 00000034 2014 07 01 15 1241 09:30 12:30 0081 1 464 0 _ _ 1 1 20140804103356 25
000000342014071 00000034 2014 07 08 15 1241 09:30 12:30 0081 1 464 0 _ _ 1 1 20140804103356 25
000000342014071 00000034 2014 07 15 15 1241 09:30 12:30 0081 1 464 0 _ _ 1 1 20140804103356 25
000000342014071 00000034 2014 07 22 15 1241 09:30 12:30 0081 1 464 0 _ _ 1 1 20140804103356 25
000000342014071 00000034 2014 07 29 15 1241 09:30 12:30 0081 1 464 0 _ _ 1 1 20140804103356 25
000000342014072 00000034 2014 07 01 15 5051 _ _ 0081 1 42 0 _ _ 1 1 20140804103356 25
000000342014072 00000034 2014 07 08 15 5051 _ _ 0081 1 42 0 _ _ 1 1 20140804103356 25
000000342014072 00000034 2014 07 15 15 5051 _ _ 0081 1 42 0 _ _ 1 1 20140804103356 25
000000342014072 00000034 2014 07 22 15 5051 _ _ 0081 1 42 0 _ _ 1 1 20140804103356 25
000000342014072 00000034 2014 07 29 15 5051 _ _ 0081 1 42 0 _ _ 1 1 20140804103356 25
000000342014073 00000034 2014 07 01 15 5052 _ _ 0081 1 50 0 _ _ 1 1 20140804103356 25
000000342014073 00000034 2014 07 08 15 5052 _ _ 0081 1 50 0 _ _ 1 1 20140804103356 25
000000342014073 00000034 2014 07 15 15 5052 _ _ 0081 1 50 0 _ _ 1 1 20140804103356 25
000000342014073 00000034 2014 07 22 15 5052 _ _ 0081 1 50 0 _ _ 1 1 20140804103356 25
000000342014073 00000034 2014 07 29 15 5052 _ _ 0081 1 50 0 _ _ 1 1 20140804103356 25
000000342014074 00000034 2014 07 01 15 5606 _ _ 0081 1 150 0 _ _ 1 1 20140804103356 25
000000342014074 00000034 2014 07 08 15 5606 _ _ 0081 1 150 0 _ _ 1 1 20140804103356 25
000000342014075 00000034 2014 07 01 17 1007 _ _ 0044 1 308 0 _ _ 1 1 20140804103356 25
000000342014076 00000034 2014 07 01 17 1007 _ _ 0044 1 308 0 _ _ 1 1 20140804103356 25
000000342014077 00000034 2014 07 01 17 1009 _ _ 0044 1 308 0 _ _ 1 1 20140804103356 25
000000342014081 00000034 2014 08 05 15 1241 09:30 12:30 0081 1 464 0 _ _ 1 1 20140721173604 25
000000342014081 00000034 2014 08 12 15 1241 09:30 12:30 0081 1 464 0 _ _ 1 1 20140721173604 25
000000342014081 00000034 2014 08 19 15 1241 09:30 12:30 0081 1 464 0 _ _ 1 1 20140721173604 25
000000342014081 00000034 2014 08 26 15 1241 09:30 12:30 0081 1 464 0 _ _ 1 1 20140721173604 25
000000342014082 00000034 2014 08 01 17 1007 _ _ 0044 1 308 0 _ _ 1 1 20140721173604 25
000000342014083 00000034 2014 08 01 17 1007 _ _ 0044 1 308 0 _ _ 1 1 20140721173604 25
000000342014084 00000034 2014 08 01 17 1009 _ _ 0044 1 308 0 _ _ 1 1 20140721173604 25
000000342014085 00000034 2014 08 05 15 5051 _ _ 0081 1 42 0 _ _ 1 1 20140721173604 25
000000342014085 00000034 2014 08 12 15 5051 _ _ 0081 1 42 0 _ _ 1 1 20140721173604 25
000000342014085 00000034 2014 08 19 15 5051 _ _ 0081 1 42 0 _ _ 1 1 20140721173604 25
000000342014085 00000034 2014 08 26 15 5051 _ _ 0081 1 42 0 _ _ 1 1 20140721173604 25
000000342014086 00000034 2014 08 05 15 5052 _ _ 0081 1 50 0 _ _ 1 1 20140721173604 25
000000342014086 00000034 2014 08 12 15 5052 _ _ 0081 1 50 0 _ _ 1 1 20140721173604 25
000000342014086 00000034 2014 08 19 15 5052 _ _ 0081 1 50 0 _ _ 1 1 20140721173604 25
000000342014086 00000034 2014 08 26 15 5052 _ _ 0081 1 50 0 _ _ 1 1 20140721173604 25
000000342014087 00000034 2014 08 05 15 5606 _ _ 0081 1 150 0 _ _ 1 1 20140721173604 25
000000342014087 00000034 2014 08 12 15 5606 _ _ 0081 1 150 0 _ _ 1 1 20140721173604 25
000000342014091 00000034 2014 09 02 15 1241 09:30 12:30 0081 1 464 0 _ _ 1 1 20140814173647 25
000000342014091 00000034 2014 09 09 15 1241 09:30 12:30 0081 1 464 0 _ _ 1 1 20140814173647 25
000000342014091 00000034 2014 09 16 15 1241 09:30 12:30 0081 1 464 0 _ _ 1 1 20140814173647 25
000000342014091 00000034 2014 09 30 15 1241 09:30 12:30 0081 1 464 0 _ _ 1 1 20140814173647 25
000000342014092 00000034 2014 09 02 15 5051 _ _ 0081 1 42 0 _ _ 1 1 20140814173647 25
000000342014092 00000034 2014 09 09 15 5051 _ _ 0081 1 42 0 _ _ 1 1 20140814173647 25
000000342014092 00000034 2014 09 16 15 5051 _ _ 0081 1 42 0 _ _ 1 1 20140814173647 25
000000342014092 00000034 2014 09 30 15 5051 _ _ 0081 1 42 0 _ _ 1 1 20140814173647 25
000000342014093 00000034 2014 09 02 15 5052 _ _ 0081 1 50 0 _ _ 1 1 20140814173647 25
000000342014093 00000034 2014 09 09 15 5052 _ _ 0081 1 50 0 _ _ 1 1 20140814173647 25
000000342014093 00000034 2014 09 16 15 5052 _ _ 0081 1 50 0 _ _ 1 1 20140814173647 25
000000342014093 00000034 2014 09 30 15 5052 _ _ 0081 1 50 0 _ _ 1 1 20140814173647 25
000000342014094 00000034 2014 09 02 15 5606 _ _ 0081 1 150 0 _ _ 1 1 20140814173647 25
000000342014094 00000034 2014 09 09 15 5606 _ _ 0081 1 150 0 _ _ 1 1 20140814173647 25
000000342014095 00000034 2014 09 01 17 1007 _ _ 0044 1 308 0 _ _ 1 1 20140814173647 25
000000342014096 00000034 2014 09 01 17 1007 _ _ 0044 1 308 0 _ _ 1 1 20140814173647 25
000000342014097 00000034 2014 09 01 17 1009 _ _ 0044 1 308 0 _ _ 1 1 20140814173647 25
