00000120 0073 2013 12 0000021 18 00035 _ 10:15 11:15 _ _ 0 1111 1 61 1 20140701162107 00034
00000120 0073 2013 12 0000022 27 00014 _ 11:00 12:00 _ _ 0 1111 1 61 1 20140701162107 00034
00000120 0073 2014 01 0000002 08 00014 _ 10:15 11:15 _ _ 0 1111 1 61 1 20140617120912 00034
00000120 0073 2014 01 0000003 15 00035 _ 10:15 11:15 _ _ 0 1111 1 61 1 20140617120912 00034
00000120 0073 2014 01 0000004 22 00035 _ 10:15 11:15 _ _ 0 1111 1 61 1 20140617120912 00034
00000120 0073 2014 01 0000005 29 00037 _ 10:15 11:15 _ _ 0 1111 1 61 1 20140617120912 00034
00000120 0073 2014 02 0000006 05 00035 _ 10:15 11:15 _ _ 0 1111 1 61 1 20140617121142 00034
00000120 0073 2014 02 0000007 12 00040 _ 10:15 11:15 _ _ 0 1111 1 61 1 20140617121142 00034
00000120 0073 2014 02 0000008 19 00040 _ 10:15 11:15 _ _ 0 1111 1 61 1 20140617121142 00034
00000120 0073 2014 02 0000009 26 00040 _ 10:15 11:15 _ _ 0 1111 1 61 1 20140617121142 00034
00000120 0073 2014 03 0000010 05 00037 _ 10:15 11:15 _ _ 0 1111 1 61 1 20140617121446 00034
00000120 0073 2014 03 0000011 12 00040 _ 10:15 11:15 _ _ 0 1111 1 61 1 20140617121446 00034
00000120 0073 2014 03 0000012 19 00040 _ 10:15 11:15 _ _ 0 1111 1 61 1 20140617121446 00034
00000120 0073 2014 03 0000013 26 00040 _ 10:15 11:15 _ _ 0 1111 1 61 1 20140617121446 00034
00000120 0073 2014 04 0000014 02 00040 _ 10:15 11:15 _ _ 0 1111 1 61 1 20140617121711 00034
00000120 0073 2014 04 0000015 09 00040 _ 10:15 11:15 _ _ 0 1111 1 61 1 20140617121711 00034
00000120 0073 2014 04 0000016 16 00038 _ 10:15 11:15 _ _ 0 1111 1 61 1 20140617121711 00034
00000120 0073 2014 04 0000017 23 00040 _ 10:15 11:15 _ _ 0 1111 1 61 1 20140617121711 00034
00000120 0073 2014 04 0000018 30 00040 _ 10:15 11:15 _ _ 0 1111 1 61 1 20140617121711 00034
00000120 0073 2014 05 0000019 07 00040 _ 10:15 11:15 _ _ 0 1111 1 61 1 20140818161931 00034
00000120 0073 2014 05 0000020 14 00040 _ 10:15 11:15 _ _ 0 1111 1 61 1 20140818161931 00034
00000120 0073 2014 05 0000023 21 00040 _ 10:15 11:15 _ _ 0 1111 1 61 1 20140818161931 00034
00000120 0073 2014 05 0000024 28 00040 _ 10:15 11:15 _ _ 0 1111 1 61 1 20140818161931 00034
00000120 0073 2014 06 0000002 25 00040 _ 10:15 11:14 2 _ 0 _ 1 61 9 20140626152035 00035
00000120 0073 2014 06 0000003 04 00035 _ 10:15 11:14 2 _ 0 1111 1 61 1 20140701095606 00078
00000120 0073 2014 06 0000004 11 00040 _ 10:15 11:14 2 _ 0 1111 1 61 1 20140701095606 00078
00000120 0073 2014 06 0000005 18 00035 _ 10:15 11:14 2 _ 0 1111 1 61 1 20140701095606 00078
00000120 0073 2014 06 0000006 25 00040 _ 10:15 11:14 2 _ 0 1111 1 61 1 20140701095606 00078
00000120 0073 2014 06 0000007 25 _ _ 10:15 11:14 _ _ 0 _ 1 61 9 20140627130823 00038
00000120 0073 2014 07 0000008 02 00035 _ 10:15 11:14 2 _ 0 1111 1 61 1 20140731102751 00035
00000120 0073 2014 07 0000009 09 00038 _ 10:15 11:14 2 _ 0 1111 1 61 1 20140731102751 00035
00000120 0073 2014 07 0000010 03 00089 _ 14:00 15:29 _ _ 0 _ 1 61 9 20140730174533 00035
00000120 0073 2014 07 0000011 10 00037 _ 14:00 15:29 _ _ 0 _ 1 61 9 20140730174533 00035
00000120 0073 2014 07 0000012 16 00040 _ 10:15 11:14 2 _ 0 1111 1 61 1 20140731102751 00035
00000120 0073 2014 07 0000013 23 00037 _ 09:00 09:59 2 _ 0 1111 1 61 1 20140731102751 00035
00000120 0073 2014 07 0000014 30 00037 _ 10:15 11:14 2 _ 0 1111 1 61 1 20140731102751 00035
00000120 0073 2014 08 0000015 13 _ _ 10:15 11:15 _ _ 0 _ 1 61 9 20140813175657 00038
00000120 0073 2014 08 0000016 20 _ _ 10:15 11:15 _ _ 0 1111 1 61 1 20140813175657 00038
00000120 0073 2014 08 0000017 27 _ _ 10:15 11:15 _ _ 0 1111 1 61 1 20140813175657 00038
00000120 0073 2014 08 0000018 06 00035 _ 10:15 11:14 2 _ 0 1111 1 61 1 20140813175657 00038
00000120 0073 2014 08 0000019 13 00035 _ 11:00 11:59 2 _ 0 1111 1 61 1 20140813175657 00038
