000003172014071 00000317 2014 07 11 15 1242 09:30 12:35 0326 1 533 0 _ _ 1 1 20140802195138 39
000003172014071 00000317 2014 07 15 15 1242 09:30 12:35 0326 1 533 0 _ _ 1 1 20140802195138 39
000003172014071 00000317 2014 07 18 15 1242 09:30 12:35 0326 1 533 0 _ _ 1 1 20140802195138 39
000003172014071 00000317 2014 07 22 15 1242 09:30 12:35 0326 1 533 0 _ _ 1 1 20140802195138 39
000003172014071 00000317 2014 07 25 15 1242 09:30 12:35 0326 1 533 0 _ _ 1 1 20140802195138 39
000003172014071 00000317 2014 07 29 15 1242 09:30 12:35 0326 1 533 0 _ _ 1 1 20140802195138 39
000003172014081 00000317 2014 08 01 15 1242 09:30 12:35 0326 1 533 0 _ _ 1 1 20140714134645 39
000003172014081 00000317 2014 08 05 15 1242 09:30 12:35 0326 1 533 0 _ _ 1 1 20140714134645 39
000003172014081 00000317 2014 08 08 15 1242 09:30 12:35 0326 1 533 0 _ _ 1 1 20140714134645 39
000003172014081 00000317 2014 08 12 15 1242 09:30 12:35 0326 1 533 0 _ _ 1 1 20140714134645 39
000003172014081 00000317 2014 08 15 15 1242 09:30 12:35 0326 1 533 0 _ _ 1 1 20140714134645 39
000003172014081 00000317 2014 08 19 15 1242 09:30 12:35 0326 1 533 0 _ _ 1 1 20140714134645 39
000003172014081 00000317 2014 08 22 15 1242 09:30 12:35 0326 1 533 0 _ _ 1 1 20140714134645 39
000003172014081 00000317 2014 08 26 15 1242 09:30 12:35 0326 1 533 0 _ _ 1 1 20140714134645 39
000003172014081 00000317 2014 08 29 15 1242 09:30 12:35 0326 1 533 0 _ _ 1 1 20140714134645 39
000003172014091 00000317 2014 09 02 15 1242 09:30 12:35 0326 1 533 0 _ _ 1 1 20140816102605 39
000003172014091 00000317 2014 09 05 15 1242 09:30 12:35 0326 1 533 0 _ _ 1 1 20140816102605 39
000003172014091 00000317 2014 09 09 15 1242 09:30 12:35 0326 1 533 0 _ _ 1 1 20140816102605 39
000003172014091 00000317 2014 09 12 15 1242 09:30 12:35 0326 1 533 0 _ _ 1 1 20140816102605 39
000003172014091 00000317 2014 09 16 15 1242 09:30 12:35 0326 1 533 0 _ _ 1 1 20140816102605 39
000003172014091 00000317 2014 09 19 15 1242 09:30 12:35 0326 1 533 0 _ _ 1 1 20140816102605 39
000003172014091 00000317 2014 09 23 15 1242 09:30 12:35 0326 1 533 0 _ _ 1 1 20140816102605 39
000003172014091 00000317 2014 09 26 15 1242 09:30 12:35 0326 1 533 0 _ _ 1 1 20140816102605 39
000003172014091 00000317 2014 09 30 15 1242 09:30 12:35 0326 1 533 0 _ _ 1 1 20140816102605 39
