000002402014061 00000240 2014 06 01 11 7211 08:40 09:00 0029 1 191 0 _ _ 1 1 20140701165800 39
000002402014061 00000240 2014 06 02 11 7211 08:40 09:00 0029 1 191 0 _ _ 1 1 20140701165800 39
000002402014061 00000240 2014 06 07 11 7211 08:40 09:00 0029 1 191 0 _ _ 1 1 20140701165800 39
000002402014061 00000240 2014 06 08 11 7211 08:40 09:00 0029 1 191 0 _ _ 1 1 20140701165800 39
000002402014061 00000240 2014 06 09 11 7211 08:40 09:00 0029 1 191 0 _ _ 1 1 20140701165800 39
000002402014061 00000240 2014 06 14 11 7211 08:40 09:00 0029 1 191 0 _ _ 1 1 20140701165800 39
000002402014061 00000240 2014 06 15 11 7211 08:40 09:00 0029 1 191 0 _ _ 1 1 20140701165800 39
000002402014061 00000240 2014 06 16 11 7211 08:40 09:00 0029 1 191 0 _ _ 1 1 20140701165800 39
000002402014061 00000240 2014 06 21 11 7211 08:40 09:00 0029 1 191 0 _ _ 1 1 20140701165800 39
000002402014061 00000240 2014 06 22 11 7211 08:40 09:00 0029 1 191 0 _ _ 1 1 20140701165800 39
000002402014061 00000240 2014 06 23 11 7211 08:40 09:00 0029 1 191 0 _ _ 1 1 20140701165800 39
000002402014061 00000240 2014 06 28 11 7211 08:40 09:00 0029 1 191 0 _ _ 1 1 20140701165800 39
000002402014061 00000240 2014 06 29 11 7211 08:40 09:00 0029 1 191 0 _ _ 1 1 20140701165800 39
000002402014061 00000240 2014 06 30 11 7211 08:40 09:00 0029 1 191 0 _ _ 1 1 20140701165800 39
000002402014062 00000240 2014 06 03 11 7211 08:40 09:09 0029 1 191 0 _ _ 1 1 20140701165800 39
000002402014062 00000240 2014 06 04 11 7211 08:40 09:09 0029 1 191 0 _ _ 1 1 20140701165800 39
000002402014062 00000240 2014 06 05 11 7211 08:40 09:09 0029 1 191 0 _ _ 1 1 20140701165800 39
000002402014062 00000240 2014 06 06 11 7211 08:40 09:09 0029 1 191 0 _ _ 1 1 20140701165800 39
000002402014062 00000240 2014 06 10 11 7211 08:40 09:09 0029 1 191 0 _ _ 1 1 20140701165800 39
000002402014062 00000240 2014 06 11 11 7211 08:40 09:09 0029 1 191 0 _ _ 1 1 20140701165800 39
000002402014062 00000240 2014 06 12 11 7211 08:40 09:09 0029 1 191 0 _ _ 1 1 20140701165800 39
000002402014062 00000240 2014 06 13 11 7211 08:40 09:09 0029 1 191 0 _ _ 1 1 20140701165800 39
000002402014062 00000240 2014 06 17 11 7211 08:40 09:09 0029 1 191 0 _ _ 1 1 20140701165800 39
000002402014062 00000240 2014 06 18 11 7211 08:40 09:09 0029 1 191 0 _ _ 1 1 20140701165800 39
000002402014062 00000240 2014 06 19 11 7211 08:40 09:09 0029 1 191 0 _ _ 1 1 20140701165800 39
000002402014062 00000240 2014 06 20 11 7211 08:40 09:09 0029 1 191 0 _ _ 1 1 20140701165800 39
000002402014062 00000240 2014 06 24 11 7211 08:40 09:09 0029 1 191 0 _ _ 1 1 20140701165800 39
000002402014062 00000240 2014 06 25 11 7211 08:40 09:09 0029 1 191 0 _ _ 1 1 20140701165800 39
000002402014062 00000240 2014 06 26 11 7211 08:40 09:09 0029 1 191 0 _ _ 1 1 20140701165800 39
000002402014062 00000240 2014 06 27 11 7211 08:40 09:09 0029 1 191 0 _ _ 1 1 20140701165800 39
000002402014063 00000240 2014 06 04 11 7311 15:20 16:19 0029 1 236 0 _ _ 1 1 20140701165800 39
000002402014063 00000240 2014 06 11 11 7311 15:20 16:19 0029 1 236 0 _ _ 1 1 20140701165800 39
000002402014063 00000240 2014 06 18 11 7311 15:20 16:19 0029 1 236 0 _ _ 1 1 20140701165800 39
000002402014063 00000240 2014 06 25 11 7311 15:20 16:19 0029 1 236 0 _ _ 1 1 20140701165800 39
000002402014071 00000240 2014 07 05 11 7211 08:40 09:00 0029 1 191 0 _ _ 1 1 20140802134712 39
000002402014071 00000240 2014 07 06 11 7211 08:40 09:00 0029 1 191 0 _ _ 1 1 20140802134712 39
000002402014071 00000240 2014 07 07 11 7211 08:40 09:00 0029 1 191 0 _ _ 1 1 20140802134712 39
000002402014071 00000240 2014 07 12 11 7211 08:40 09:00 0029 1 191 0 _ _ 1 1 20140802134712 39
000002402014071 00000240 2014 07 13 11 7211 08:40 09:00 0029 1 191 0 _ _ 1 1 20140802134712 39
000002402014071 00000240 2014 07 14 11 7211 08:40 09:00 0029 1 191 0 _ _ 1 1 20140802134712 39
000002402014071 00000240 2014 07 19 11 7211 08:40 09:00 0029 1 191 0 _ _ 1 1 20140802134712 39
000002402014071 00000240 2014 07 20 11 7211 08:40 09:00 0029 1 191 0 _ _ 1 1 20140802134712 39
000002402014071 00000240 2014 07 21 11 7211 08:40 09:00 0029 1 191 0 _ _ 1 1 20140802134712 39
000002402014071 00000240 2014 07 26 11 7211 08:40 09:00 0029 1 191 0 _ _ 1 1 20140802134712 39
000002402014071 00000240 2014 07 27 11 7211 08:40 09:00 0029 1 191 0 _ _ 1 1 20140802134712 39
000002402014071 00000240 2014 07 28 11 7211 08:40 09:00 0029 1 191 0 _ _ 1 1 20140802134712 39
000002402014072 00000240 2014 07 01 11 7211 08:40 09:09 0029 1 191 0 _ _ 1 1 20140802134712 39
000002402014072 00000240 2014 07 02 11 7211 08:40 09:09 0029 1 191 0 _ _ 1 1 20140802134712 39
000002402014072 00000240 2014 07 03 11 7211 08:40 09:09 0029 1 191 0 _ _ 1 1 20140802134712 39
000002402014072 00000240 2014 07 04 11 7211 08:40 09:09 0029 1 191 0 _ _ 1 1 20140802134712 39
000002402014072 00000240 2014 07 08 11 7211 08:40 09:09 0029 1 191 0 _ _ 1 1 20140802134712 39
000002402014072 00000240 2014 07 09 11 7211 08:40 09:09 0029 1 191 0 _ _ 1 1 20140802134712 39
000002402014072 00000240 2014 07 10 11 7211 08:40 09:09 0029 1 191 0 _ _ 1 1 20140802134712 39
000002402014072 00000240 2014 07 11 11 7211 08:40 09:09 0029 1 191 0 _ _ 1 1 20140802134712 39
000002402014072 00000240 2014 07 15 11 7211 08:40 09:09 0029 1 191 0 _ _ 1 1 20140802134712 39
000002402014072 00000240 2014 07 16 11 7211 08:40 09:09 0029 1 191 0 _ _ 1 1 20140802134712 39
000002402014072 00000240 2014 07 17 11 7211 08:40 09:09 0029 1 191 0 _ _ 1 1 20140802134712 39
000002402014072 00000240 2014 07 18 11 7211 08:40 09:09 0029 1 191 0 _ _ 1 1 20140802134712 39
000002402014072 00000240 2014 07 22 11 7211 08:40 09:09 0029 1 191 0 _ _ 1 1 20140802134712 39
000002402014072 00000240 2014 07 23 11 7211 08:40 09:09 0029 1 191 0 _ _ 1 1 20140802134712 39
000002402014072 00000240 2014 07 24 11 7211 08:40 09:09 0029 1 191 0 _ _ 1 1 20140802134712 39
000002402014072 00000240 2014 07 25 11 7211 08:40 09:09 0029 1 191 0 _ _ 1 1 20140802134712 39
000002402014072 00000240 2014 07 29 11 7211 08:40 09:09 0029 1 191 0 _ _ 1 1 20140802134712 39
000002402014072 00000240 2014 07 30 11 7211 08:40 09:09 0029 1 191 0 _ _ 1 1 20140802134712 39
000002402014072 00000240 2014 07 31 11 7211 08:40 09:09 0029 1 191 0 _ _ 1 1 20140802134712 39
000002402014075 00000240 2014 07 02 11 7311 15:20 16:19 0029 1 236 0 _ _ 1 1 20140802134712 39
000002402014075 00000240 2014 07 09 11 7311 15:20 16:19 0029 1 236 0 _ _ 1 1 20140802134712 39
000002402014075 00000240 2014 07 16 11 7311 15:20 16:19 0029 1 236 0 _ _ 1 1 20140802134712 39
000002402014075 00000240 2014 07 23 11 7311 15:20 16:19 0029 1 236 0 _ _ 1 1 20140802134712 39
000002402014075 00000240 2014 07 30 11 7311 15:20 16:19 0029 1 236 0 _ _ 1 1 20140802134712 39
000002402014081 00000240 2014 08 01 11 7211 08:40 09:09 0029 1 191 0 _ _ 1 1 20140807084627 42
000002402014081 00000240 2014 08 05 11 7211 08:40 09:09 0029 1 191 0 _ _ 1 1 20140807084627 42
000002402014081 00000240 2014 08 06 11 7211 08:40 09:09 0029 1 191 0 _ _ 1 1 20140807084627 42
000002402014081 00000240 2014 08 07 11 7211 08:40 09:09 0029 1 191 0 _ _ 1 1 20140807084627 42
000002402014081 00000240 2014 08 08 11 7211 08:40 09:09 0029 1 191 0 _ _ 1 1 20140807084627 42
000002402014081 00000240 2014 08 12 11 7211 08:40 09:09 0029 1 191 0 _ _ 1 1 20140807084627 42
000002402014081 00000240 2014 08 13 11 7211 08:40 09:09 0029 1 191 0 _ _ 1 1 20140807084627 42
000002402014081 00000240 2014 08 14 11 7211 08:40 09:09 0029 1 191 0 _ _ 1 1 20140807084627 42
000002402014081 00000240 2014 08 15 11 7211 08:40 09:09 0029 1 191 0 _ _ 1 1 20140807084627 42
000002402014081 00000240 2014 08 19 11 7211 08:40 09:09 0029 1 191 0 _ _ 1 1 20140807084627 42
000002402014081 00000240 2014 08 20 11 7211 08:40 09:09 0029 1 191 0 _ _ 1 1 20140807084627 42
000002402014081 00000240 2014 08 21 11 7211 08:40 09:09 0029 1 191 0 _ _ 1 1 20140807084627 42
000002402014081 00000240 2014 08 22 11 7211 08:40 09:09 0029 1 191 0 _ _ 1 1 20140807084627 42
000002402014081 00000240 2014 08 26 11 7211 08:40 09:09 0029 1 191 0 _ _ 1 1 20140807084627 42
000002402014081 00000240 2014 08 27 11 7211 08:40 09:09 0029 1 191 0 _ _ 1 1 20140807084627 42
000002402014081 00000240 2014 08 28 11 7211 08:40 09:09 0029 1 191 0 _ _ 1 1 20140807084627 42
000002402014081 00000240 2014 08 29 11 7211 08:40 09:09 0029 1 191 0 _ _ 1 1 20140807084627 42
000002402014082 00000240 2014 08 06 11 7311 15:20 16:19 0029 1 236 0 _ _ 1 1 20140807084627 42
000002402014082 00000240 2014 08 13 11 7311 15:20 16:19 0029 1 236 0 _ _ 1 1 20140807084627 42
000002402014082 00000240 2014 08 20 11 7311 15:20 16:19 0029 1 236 0 _ _ 1 1 20140807084627 42
000002402014082 00000240 2014 08 27 11 7311 15:20 16:19 0029 1 236 0 _ _ 1 1 20140807084627 42
000002402014083 00000240 2014 08 02 11 7211 08:40 09:00 0029 1 191 0 _ _ 1 1 20140807084627 42
000002402014083 00000240 2014 08 03 11 7211 08:40 09:00 0029 1 191 0 _ _ 1 1 20140807084627 42
000002402014083 00000240 2014 08 04 11 7211 08:40 09:00 0029 1 191 0 _ _ 1 1 20140807084627 42
000002402014083 00000240 2014 08 09 11 7211 08:40 09:00 0029 1 191 0 _ _ 1 1 20140807084627 42
000002402014083 00000240 2014 08 10 11 7211 08:40 09:00 0029 1 191 0 _ _ 1 1 20140807084627 42
000002402014083 00000240 2014 08 11 11 7211 08:40 09:00 0029 1 191 0 _ _ 1 1 20140807084627 42
000002402014083 00000240 2014 08 16 11 7211 08:40 09:00 0029 1 191 0 _ _ 1 1 20140807084627 42
000002402014083 00000240 2014 08 17 11 7211 08:40 09:00 0029 1 191 0 _ _ 1 1 20140807084627 42
000002402014083 00000240 2014 08 18 11 7211 08:40 09:00 0029 1 191 0 _ _ 1 1 20140807084627 42
000002402014083 00000240 2014 08 23 11 7211 08:40 09:00 0029 1 191 0 _ _ 1 1 20140807084627 42
000002402014083 00000240 2014 08 24 11 7211 08:40 09:00 0029 1 191 0 _ _ 1 1 20140807084627 42
000002402014083 00000240 2014 08 25 11 7211 08:40 09:00 0029 1 191 0 _ _ 1 1 20140807084627 42
000002402014083 00000240 2014 08 30 11 7211 08:40 09:00 0029 1 191 0 _ _ 1 1 20140807084627 42
000002402014083 00000240 2014 08 31 11 7211 08:40 09:00 0029 1 191 0 _ _ 1 1 20140807084627 42
000002402014091 00000240 2014 09 02 11 7211 08:40 09:09 0029 1 191 0 _ _ 1 1 20140817091340 42
000002402014091 00000240 2014 09 03 11 7211 08:40 09:09 0029 1 191 0 _ _ 1 1 20140817091340 42
000002402014091 00000240 2014 09 04 11 7211 08:40 09:09 0029 1 191 0 _ _ 1 1 20140817091340 42
000002402014091 00000240 2014 09 05 11 7211 08:40 09:09 0029 1 191 0 _ _ 1 1 20140817091340 42
000002402014091 00000240 2014 09 09 11 7211 08:40 09:09 0029 1 191 0 _ _ 1 1 20140817091340 42
000002402014091 00000240 2014 09 10 11 7211 08:40 09:09 0029 1 191 0 _ _ 1 1 20140817091340 42
000002402014091 00000240 2014 09 11 11 7211 08:40 09:09 0029 1 191 0 _ _ 1 1 20140817091340 42
000002402014091 00000240 2014 09 12 11 7211 08:40 09:09 0029 1 191 0 _ _ 1 1 20140817091340 42
000002402014091 00000240 2014 09 16 11 7211 08:40 09:09 0029 1 191 0 _ _ 1 1 20140817091340 42
000002402014091 00000240 2014 09 17 11 7211 08:40 09:09 0029 1 191 0 _ _ 1 1 20140817091340 42
000002402014091 00000240 2014 09 18 11 7211 08:40 09:09 0029 1 191 0 _ _ 1 1 20140817091340 42
000002402014091 00000240 2014 09 19 11 7211 08:40 09:09 0029 1 191 0 _ _ 1 1 20140817091340 42
000002402014091 00000240 2014 09 23 11 7211 08:40 09:09 0029 1 191 0 _ _ 1 1 20140817091340 42
000002402014091 00000240 2014 09 24 11 7211 08:40 09:09 0029 1 191 0 _ _ 1 1 20140817091340 42
000002402014091 00000240 2014 09 25 11 7211 08:40 09:09 0029 1 191 0 _ _ 1 1 20140817091340 42
000002402014091 00000240 2014 09 26 11 7211 08:40 09:09 0029 1 191 0 _ _ 1 1 20140817091340 42
000002402014091 00000240 2014 09 30 11 7211 08:40 09:09 0029 1 191 0 _ _ 1 1 20140817091340 42
000002402014092 00000240 2014 09 03 11 7311 15:20 16:19 0029 1 236 0 _ _ 1 1 20140817091340 42
000002402014092 00000240 2014 09 10 11 7311 15:20 16:19 0029 1 236 0 _ _ 1 1 20140817091340 42
000002402014092 00000240 2014 09 17 11 7311 15:20 16:19 0029 1 236 0 _ _ 1 1 20140817091340 42
000002402014092 00000240 2014 09 24 11 7311 15:20 16:19 0029 1 236 0 _ _ 1 1 20140817091340 42
000002402014093 00000240 2014 09 06 11 7211 08:40 09:00 0029 1 191 0 _ _ 1 1 20140817091340 42
000002402014093 00000240 2014 09 07 11 7211 08:40 09:00 0029 1 191 0 _ _ 1 1 20140817091340 42
000002402014093 00000240 2014 09 08 11 7211 08:40 09:00 0029 1 191 0 _ _ 1 1 20140817091340 42
000002402014093 00000240 2014 09 13 11 7211 08:40 09:00 0029 1 191 0 _ _ 1 1 20140817091340 42
000002402014093 00000240 2014 09 14 11 7211 08:40 09:00 0029 1 191 0 _ _ 1 1 20140817091340 42
000002402014093 00000240 2014 09 15 11 7211 08:40 09:00 0029 1 191 0 _ _ 1 1 20140817091340 42
000002402014093 00000240 2014 09 20 11 7211 08:40 09:00 0029 1 191 0 _ _ 1 1 20140817091340 42
000002402014093 00000240 2014 09 21 11 7211 08:40 09:00 0029 1 191 0 _ _ 1 1 20140817091340 42
000002402014093 00000240 2014 09 22 11 7211 08:40 09:00 0029 1 191 0 _ _ 1 1 20140817091340 42
000002402014093 00000240 2014 09 27 11 7211 08:40 09:00 0029 1 191 0 _ _ 1 1 20140817091340 42
000002402014093 00000240 2014 09 28 11 7211 08:40 09:00 0029 1 191 0 _ _ 1 1 20140817091340 42
000002402014093 00000240 2014 09 29 11 7211 08:40 09:00 0029 1 191 0 _ _ 1 1 20140817091340 42
