00000228 0107 2014 06 0000002 04 00050 _ 16:30 17:30 _ _ 0 1111 1 61 1 20140701160029 00049
00000228 0107 2014 06 0000003 11 00051 _ 16:30 17:30 _ _ 0 1111 1 61 1 20140701160029 00049
00000228 0107 2014 06 0000004 18 00049 _ 16:30 17:30 _ _ 0 1111 1 61 1 20140701160029 00049
00000228 0107 2014 06 0000005 25 00051 _ 16:30 17:30 _ _ 0 1111 1 61 1 20140701160029 00049
00000228 0107 2014 07 0000006 02 00051 _ 16:30 17:29 _ _ 0 1111 1 61 1 20140802132804 00047
00000228 0107 2014 07 0000007 09 00050 _ 16:30 17:29 _ _ 0 1111 1 61 1 20140802132804 00047
00000228 0107 2014 07 0000008 16 00051 _ 16:30 17:29 _ _ 0 1111 1 61 1 20140802132804 00047
00000228 0107 2014 07 0000009 23 00050 _ 16:30 17:29 _ _ 0 1111 1 61 1 20140802132804 00047
00000228 0107 2014 07 0000010 30 00052 _ 16:30 17:29 _ _ 0 1111 1 61 1 20140802132804 00047
00000228 0107 2014 08 0000011 06 00048 _ 16:30 17:29 _ _ 0 1111 1 61 1 20140808184805 00049
00000228 0107 2014 08 0000012 13 _ _ 16:30 17:29 _ _ 0 1111 1 61 1 20140808184805 00049
00000228 0107 2014 08 0000013 20 _ _ 16:30 17:29 _ _ 0 1111 1 61 1 20140808184805 00049
00000228 0107 2014 08 0000014 27 _ _ 16:30 17:29 _ _ 0 1111 1 61 1 20140808184805 00049
