00000046 2012 04 00031 1 20140804134552 00030
00000046 2012 05 00031 1 20140804135142 00030
00000046 2012 06 00031 1 20140804141541 00030
00000046 2012 07 00031 1 20140804141800 00030
00000046 2012 08 00031 1 20140804142227 00030
00000046 2012 09 00031 1 20140804143227 00030
00000046 2012 10 00031 1 20140804143202 00030
00000046 2012 11 00031 1 20140804144210 00030
00000046 2012 12 00031 1 20140804144139 00030
00000046 2013 01 00031 1 20140722181743 00030
00000046 2013 02 00031 1 20140722182411 00030
00000046 2013 03 00031 1 20140722182756 00030
00000046 2013 04 00031 1 20140722183049 00030
00000046 2013 05 00031 1 20140722183445 00030
00000046 2013 06 00031 1 20140722183724 00030
00000046 2013 07 00031 1 20140722184351 00030
00000046 2013 08 00031 1 20140722185042 00030
00000046 2013 09 00031 1 20140625183930 00030
00000046 2013 10 00031 1 20140625184803 00030
00000046 2013 11 00031 1 20140625185503 00030
00000046 2013 12 00031 1 20140625185853 00030
00000046 2014 01 00031 1 20140616211624 00078
00000046 2014 02 00031 1 20140616211656 00078
00000046 2014 03 00031 1 20140616211723 00078
00000046 2014 04 00031 1 20140616211753 00078
00000046 2014 05 00031 1 20140815172120 00030
00000046 2014 06 00031 1 20140702175145 00031
00000046 2014 07 00031 1 20140803185714 00031
00000046 2014 08 00031 1 20140901122325 00031
00000046 2014 09 00031 1 20141003183454 00031
00000046 2014 10 00031 1 20141103100448 00031
00000046 2014 11 00031 1 20141202185817 00031
