00000015 2012 04 1 1 00030 1 20140731120735 00078
00000015 2012 05 1 1 00030 1 20140731121716 00078
00000015 2012 06 1 1 00030 1 20140731122324 00078
00000015 2012 07 1 1 00030 1 20140731122904 00078
00000015 2012 08 1 1 00030 1 20140731134650 00078
00000015 2012 09 1 1 00030 1 20140814182109 00030
00000015 2012 10 1 1 00030 1 20140731145001 00078
00000015 2012 11 1 1 00030 1 20140731142026 00078
00000015 2012 12 1 1 00030 1 20140731150331 00078
00000015 2013 01 1 1 00030 1 20140717160043 00030
00000015 2013 02 1 1 00030 1 20140717160641 00030
00000015 2013 03 1 1 00030 1 20140717162218 00030
00000015 2013 04 1 1 00030 1 20140717162907 00030
00000015 2013 05 1 1 00030 1 20140717163711 00030
00000015 2013 06 1 1 00030 1 20140717164405 00030
00000015 2013 07 1 1 00030 1 20140717165241 00030
00000015 2013 08 1 1 00030 1 20140814180737 00030
00000015 2013 09 1 1 00030 1 20140625120948 00030
00000015 2013 10 1 1 00030 1 20140625122229 00030
00000015 2013 11 1 1 00030 1 20140625134840 00030
00000015 2013 12 1 1 00030 1 20140625135539 00030
00000015 2014 01 1 1 00030 1 20140814175850 00030
00000015 2014 02 1 1 00030 1 20140616210744 00078
00000015 2014 03 1 1 00030 1 20140616210653 00078
00000015 2014 04 1 1 00030 1 20140616203904 00078
00000015 2014 05 1 1 00030 1 20140815155700 00030
00000015 2014 06 1 1 00030 1 20140703211528 00030
00000015 2014 07 1 1 00030 1 20140802172930 00030
