000012202015061 00001220 2015 06 02 11 9217 1 12:00 13:00 0070 1 223 0 _ _ 1 20150615143545 78
000012202015061 00001220 2015 06 04 11 9217 1 12:00 13:00 0070 1 223 0 _ _ 1 20150615143545 78
000012202015061 00001220 2015 06 06 11 9217 1 12:00 13:00 0070 1 223 0 _ _ 1 20150615143545 78
000012202015061 00001220 2015 06 09 11 9217 1 12:00 13:00 0070 1 223 0 _ _ 1 20150615143545 78
000012202015061 00001220 2015 06 11 11 9217 1 12:00 13:00 0070 1 223 0 _ _ 1 20150615143545 78
000012202015061 00001220 2015 06 13 11 9217 1 12:00 13:00 0070 1 223 0 _ _ 1 20150615143545 78
000012202015061 00001220 2015 06 16 11 9217 1 12:00 13:00 0070 1 223 0 _ _ 1 20150615143545 78
000012202015061 00001220 2015 06 18 11 9217 1 12:00 13:00 0070 1 223 0 _ _ 1 20150615143545 78
000012202015061 00001220 2015 06 20 11 9217 1 12:00 13:00 0070 1 223 0 _ _ 1 20150615143545 78
000012202015061 00001220 2015 06 23 11 9217 1 12:00 13:00 0070 1 223 0 _ _ 1 20150615143545 78
000012202015061 00001220 2015 06 25 11 9217 1 12:00 13:00 0070 1 223 0 _ _ 1 20150615143545 78
000012202015061 00001220 2015 06 27 11 9217 1 12:00 13:00 0070 1 223 0 _ _ 1 20150615143545 78
000012202015061 00001220 2015 06 30 11 9217 1 12:00 13:00 0070 1 223 0 _ _ 1 20150615143545 78
