1 24 1111 予単独短期生活Ⅰ１ 1 1 1 1 1 1 1 1 d 461
2 24 1113 予単独短期生活Ⅰ１・夜 1 1 1 1 2 1 1 1 d 447
3 24 1121 予単独短期生活Ⅰ２ 1 1 1 1 1 1 1 2 d 572
4 24 1123 予単独短期生活Ⅰ２・夜 1 1 1 1 2 1 1 2 d 555
5 24 1115 予単独短期生活Ⅱ１ 1 2 1 1 1 1 1 1 d 495
6 24 1117 予単独短期生活Ⅱ１・夜 1 2 1 1 2 1 1 1 d 480
7 24 1125 予単独短期生活Ⅱ２ 1 2 1 1 1 1 1 2 d 615
8 24 1127 予単独短期生活Ⅱ２・夜 1 2 1 1 2 1 1 2 d 597
9 24 2111 予併設短期生活Ⅰ１ 2 1 1 1 1 1 1 1 d 433
10 24 2113 予併設短期生活Ⅰ１・夜 2 1 1 1 2 1 1 1 d 420
11 24 2121 予併設短期生活Ⅰ２ 2 1 1 1 1 1 1 2 d 538
12 24 2123 予併設短期生活Ⅰ２・夜 2 1 1 1 2 1 1 2 d 522
13 24 2115 予併設短期生活Ⅱ１ 2 2 1 1 1 1 1 1 d 473
14 24 2117 予併設短期生活Ⅱ１・夜 2 2 1 1 2 1 1 1 d 459
15 24 2125 予併設短期生活Ⅱ２ 2 2 1 1 1 1 1 2 d 581
16 24 2127 予併設短期生活Ⅱ２・夜 2 2 1 1 2 1 1 2 d 564
17 24 1411 予単ユ短期生活Ⅰ１ 3 1 1 1 1 1 1 1 d 539
18 24 1413 予単ユ短期生活Ⅰ１・夜 3 1 1 1 2 1 1 1 d 523
19 24 1421 予単ユ短期生活Ⅰ２ 3 1 1 1 1 1 1 2 d 655
20 24 1423 予単ユ短期生活Ⅰ２・夜 3 1 1 1 2 1 1 2 d 635
21 24 1415 予単ユ短期生活Ⅱ１ 3 2 2 1 1 1 1 1 d 539
22 24 1417 予単ユ短期生活Ⅱ１・夜 3 2 2 1 2 1 1 1 d 523
23 24 1425 予単ユ短期生活Ⅱ２ 3 2 2 1 1 1 1 2 d 655
24 24 1427 予単ユ短期生活Ⅱ２・夜 3 2 2 1 2 1 1 2 d 635
25 24 2411 予併ユ短期生活Ⅰ１ 4 1 1 1 1 1 1 1 d 508
26 24 2413 予併ユ短期生活Ⅰ１・夜 4 1 1 1 2 1 1 1 d 493
27 24 2421 予併ユ短期生活Ⅰ２ 4 1 1 1 1 1 1 2 d 631
28 24 2423 予併ユ短期生活Ⅰ２・夜 4 1 1 1 2 1 1 2 d 612
29 24 2415 予併ユ短期生活Ⅱ１ 4 2 2 1 1 1 1 1 d 508
30 24 2417 予併ユ短期生活Ⅱ１・夜 4 2 2 1 2 1 1 1 d 493
31 24 2425 予併ユ短期生活Ⅱ２ 4 2 2 1 1 1 1 2 d 631
32 24 2427 予併ユ短期生活Ⅱ２・夜 4 2 2 1 2 1 1 2 d 612
33 24 1511 予単ユ短期生活Ⅰ１・未 3 1 1 2 1 1 1 1 d 523
34 24 1513 予単ユ短期生活Ⅰ１・夜・未 3 1 1 2 2 1 1 1 d 507
35 24 1521 予単ユ短期生活Ⅰ２・未 3 1 1 2 1 1 1 2 d 635
36 24 1523 予単ユ短期生活Ⅰ２・夜・未 3 1 1 2 2 1 1 2 d 616
37 24 1515 予単ユ短期生活Ⅱ１・未 3 2 2 2 1 1 1 1 d 523
38 24 1517 予単ユ短期生活Ⅱ１・夜・未 3 2 2 2 2 1 1 1 d 507
39 24 1525 予単ユ短期生活Ⅱ２・未 3 2 2 2 1 1 1 2 d 635
40 24 1527 予単ユ短期生活Ⅱ２・夜・未 3 2 2 2 2 1 1 2 d 616
41 24 2511 予併ユ短期生活Ⅰ１・未 4 1 1 2 1 1 1 1 d 493
42 24 2513 予併ユ短期生活Ⅰ１・夜・未 4 1 1 2 2 1 1 1 d 478
43 24 2521 予併ユ短期生活Ⅰ２・未 4 1 1 2 1 1 1 2 d 612
44 24 2523 予併ユ短期生活Ⅰ２・夜・未 4 1 1 2 2 1 1 2 d 594
45 24 2515 予併ユ短期生活Ⅱ１・未 4 2 2 2 1 1 1 1 d 493
46 24 2517 予併ユ短期生活Ⅱ１・夜・未 4 2 2 2 2 1 1 1 d 478
47 24 2525 予併ユ短期生活Ⅱ２・未 4 2 2 2 1 1 1 2 d 612
48 24 2527 予併ユ短期生活Ⅱ２・夜・未 4 2 2 2 2 1 1 2 d 594
49 24 8011 予単独短期Ⅰ１・超 1 1 1 1 1 2 1 1 d 323
50 24 8013 予単独短期Ⅰ１・夜・超 1 1 1 1 2 2 1 1 d 313
51 24 8021 予単独短期Ⅰ２・超 1 1 1 1 1 2 1 2 d 400
52 24 8023 予単独短期Ⅰ２・夜・超 1 1 1 1 2 2 1 2 d 389
53 24 8015 予単独短期Ⅱ１・超 1 2 1 1 1 2 1 1 d 347
54 24 8017 予単独短期Ⅱ１・夜・超 1 2 1 1 2 2 1 1 d 336
55 24 8025 予単独短期Ⅱ２・超 1 2 1 1 1 2 1 2 d 431
56 24 8027 予単独短期Ⅱ２・夜・超 1 2 1 1 2 2 1 2 d 418
57 24 8371 予併設短期Ⅰ１・超 2 1 1 1 1 2 1 1 d 303
58 24 8373 予併設短期Ⅰ１・夜・超 2 1 1 1 2 2 1 1 d 294
59 24 8381 予併設短期Ⅰ２・超 2 1 1 1 1 2 1 2 d 377
60 24 8383 予併設短期Ⅰ２・夜・超 2 1 1 1 2 2 1 2 d 365
61 24 8375 予併設短期Ⅱ１・超 2 2 1 1 1 2 1 1 d 331
62 24 8377 予併設短期Ⅱ１・夜・超 2 2 1 1 2 2 1 1 d 321
63 24 8385 予併設短期Ⅱ２・超 2 2 1 1 1 2 1 2 d 407
64 24 8387 予併設短期Ⅱ２・夜・超 2 2 1 1 2 2 1 2 d 395
65 24 8191 予単ユ短期Ⅰ１・超 3 1 1 1 1 2 1 1 d 377
66 24 8193 予単ユ短期Ⅰ１・夜・超 3 1 1 1 2 2 1 1 d 366
67 24 8201 予単ユ短期Ⅰ２・超 3 1 1 1 1 2 1 2 d 459
68 24 8203 予単ユ短期Ⅰ２・夜・超 3 1 1 1 2 2 1 2 d 445
69 24 8195 予単ユ短期Ⅱ１・超 3 2 2 1 1 2 1 1 d 377
70 24 8197 予単ユ短期Ⅱ１・夜・超 3 2 2 1 2 2 1 1 d 366
71 24 8205 予単ユ短期Ⅱ２・超 3 2 2 1 1 2 1 2 d 459
72 24 8207 予単ユ短期Ⅱ２・夜・超 3 2 2 1 2 2 1 2 d 445
73 24 8551 予併ユ短期Ⅰ１・超 4 1 1 1 1 2 1 1 d 356
74 24 8553 予併ユ短期Ⅰ１・夜・超 4 1 1 1 2 2 1 1 d 345
75 24 8561 予併ユ短期Ⅰ２・超 4 1 1 1 1 2 1 2 d 442
76 24 8563 予併ユ短期Ⅰ２・夜・超 4 1 1 1 2 2 1 2 d 428
77 24 8555 予併ユ短期Ⅱ１・超 4 2 2 1 1 2 1 1 d 356
78 24 8557 予併ユ短期Ⅱ１・夜・超 4 2 2 1 2 2 1 1 d 345
79 24 8565 予併ユ短期Ⅱ２・超 4 2 2 1 1 2 1 2 d 442
80 24 8567 予併ユ短期Ⅱ２・夜・超 4 2 2 1 2 2 1 2 d 428
81 24 8211 予単ユ短期Ⅰ１・超・未 3 1 1 2 1 2 1 1 d 366
82 24 8213 予単ユ短期Ⅰ１・夜・超・未 3 1 1 2 2 2 1 1 d 355
83 24 8215 予単ユ短期Ⅰ２・超・未 3 1 1 2 1 2 1 2 d 445
84 24 8217 予単ユ短期Ⅰ２・夜・超・未 3 1 1 2 2 2 1 2 d 432
85 24 8219 予単ユ短期Ⅱ１・超・未 3 2 2 2 1 2 1 1 d 366
86 24 8221 予単ユ短期Ⅱ１・夜・超・未 3 2 2 2 2 2 1 1 d 355
87 24 8223 予単ユ短期Ⅱ２・超・未 3 2 2 2 1 2 1 2 d 445
88 24 8225 予単ユ短期Ⅱ２・夜・超・未 3 2 2 2 2 2 1 2 d 432
89 24 8571 予併ユ短期Ⅰ１・超・未 4 1 1 2 1 2 1 1 d 345
90 24 8573 予併ユ短期Ⅰ１・夜・超・未 4 1 1 2 2 2 1 1 d 335
91 24 8575 予併ユ短期Ⅰ２・超・未 4 1 1 2 1 2 1 2 d 429
92 24 8577 予併ユ短期Ⅰ２・夜・超・未 4 1 1 2 2 2 1 2 d 415
93 24 8579 予併ユ短期Ⅱ１・超・未 4 2 2 2 1 2 1 1 d 345
94 24 8581 予併ユ短期Ⅱ１・夜・超・未 4 2 2 2 2 2 1 1 d 335
95 24 8583 予併ユ短期Ⅱ２・超・未 4 2 2 2 1 2 1 2 d 429
96 24 8585 予併ユ短期Ⅱ２・夜・超・未 4 2 2 2 2 2 1 2 d 415
97 24 9411 予単独短期Ⅰ１・欠 1 1 1 1 1 1 2 1 d 323
98 24 9413 予単独短期Ⅰ１・夜・欠 1 1 1 1 2 1 2 1 d 313
99 24 9421 予単独短期Ⅰ２・欠 1 1 1 1 1 1 2 2 d 400
100 24 9423 予単独短期Ⅰ２・夜・欠 1 1 1 1 2 1 2 2 d 389
101 24 9415 予単独短期Ⅱ１・欠 1 2 1 1 1 1 2 1 d 347
102 24 9417 予単独短期Ⅱ１・夜・欠 1 2 1 1 2 1 2 1 d 336
103 24 9425 予単独短期Ⅱ２・欠 1 2 1 1 1 1 2 2 d 431
104 24 9427 予単独短期Ⅱ２・夜・欠 1 2 1 1 2 1 2 2 d 418
105 24 9511 予併設短期Ⅰ１・欠 2 1 1 1 1 1 2 1 d 303
106 24 9513 予併設短期Ⅰ１・夜・欠 2 1 1 1 2 1 2 1 d 294
107 24 9521 予併設短期Ⅰ２・欠 2 1 1 1 1 1 2 2 d 377
108 24 9523 予併設短期Ⅰ２・夜・欠 2 1 1 1 2 1 2 2 d 365
109 24 9515 予併設短期Ⅱ１・欠 2 2 1 1 1 1 2 1 d 331
110 24 9517 予併設短期Ⅱ１・夜・欠 2 2 1 1 2 1 2 1 d 321
111 24 9525 予併設短期Ⅱ２・欠 2 2 1 1 1 1 2 2 d 407
112 24 9527 予併設短期Ⅱ２・夜・欠 2 2 1 1 2 1 2 2 d 395
113 24 9111 予単ユ短期Ⅰ１・欠 3 1 1 1 1 1 2 1 d 377
114 24 9113 予単ユ短期Ⅰ１・夜・欠 3 1 1 1 2 1 2 1 d 366
115 24 9121 予単ユ短期Ⅰ２・欠 3 1 1 1 1 1 2 2 d 459
116 24 9123 予単ユ短期Ⅰ２・夜・欠 3 1 1 1 2 1 2 2 d 445
117 24 9115 予単ユ短期Ⅱ１・欠 3 2 2 1 1 1 2 1 d 377
118 24 9117 予単ユ短期Ⅱ１・夜・欠 3 2 2 1 2 1 2 1 d 366
119 24 9125 予単ユ短期Ⅱ２・欠 3 2 2 1 1 1 2 2 d 459
120 24 9127 予単ユ短期Ⅱ２・夜・欠 3 2 2 1 2 1 2 2 d 445
121 24 9311 予併ユ短期Ⅰ１・欠 4 1 1 1 1 1 2 1 d 356
122 24 9313 予併ユ短期Ⅰ１・夜・欠 4 1 1 1 2 1 2 1 d 345
123 24 9321 予併ユ短期Ⅰ２・欠 4 1 1 1 1 1 2 2 d 442
124 24 9323 予併ユ短期Ⅰ２・夜・欠 4 1 1 1 2 1 2 2 d 428
125 24 9315 予併ユ短期Ⅱ１・欠 4 2 2 1 1 1 2 1 d 356
126 24 9317 予併ユ短期Ⅱ１・夜・欠 4 2 2 1 2 1 2 1 d 345
127 24 9325 予併ユ短期Ⅱ２・欠 4 2 2 1 1 1 2 2 d 442
128 24 9327 予併ユ短期Ⅱ２・夜・欠 4 2 2 1 2 1 2 2 d 428
129 24 9131 予単ユ短期Ⅰ１・欠・未 3 1 1 2 1 1 2 1 d 366
130 24 9133 予単ユ短期Ⅰ１・夜・欠・未 3 1 1 2 2 1 2 1 d 355
131 24 9135 予単ユ短期Ⅰ２・欠・未 3 1 1 2 1 1 2 2 d 445
132 24 9137 予単ユ短期Ⅰ２・夜・欠・未 3 1 1 2 2 1 2 2 d 432
133 24 9139 予単ユ短期Ⅱ１・欠・未 3 2 2 2 1 1 2 1 d 366
134 24 9141 予単ユ短期Ⅱ１・夜・欠・未 3 2 2 2 2 1 2 1 d 355
135 24 9143 予単ユ短期Ⅱ２・欠・未 3 2 2 2 1 1 2 2 d 445
136 24 9145 予単ユ短期Ⅱ２・夜・欠・未 3 2 2 2 2 1 2 2 d 432
137 24 9331 予併ユ短期Ⅰ１・欠・未 4 1 1 2 1 1 2 1 d 345
138 24 9333 予併ユ短期Ⅰ１・夜・欠・未 4 1 1 2 2 1 2 1 d 335
139 24 9335 予併ユ短期Ⅰ２・欠・未 4 1 1 2 1 1 2 2 d 429
140 24 9337 予併ユ短期Ⅰ２・夜・欠・未 4 1 1 2 2 1 2 2 d 415
141 24 9339 予併ユ短期Ⅱ１・欠・未 4 2 2 2 1 1 2 1 d 345
142 24 9341 予併ユ短期Ⅱ１・夜・欠・未 4 2 2 2 2 1 2 1 d 335
143 24 9343 予併ユ短期Ⅱ２・欠・未 4 2 2 2 1 1 2 2 d 429
144 24 9345 予併ユ短期Ⅱ２・夜・欠・未 4 2 2 2 2 1 2 2 d 415
