1 66 1111 予防通所リハ１１ 1 1 1 m 1812
2 66 1121 予防通所リハ１２ 1 1 2 m 3715
3 66 2111 予防通所リハ２１ 1 1 1 m 1812
4 66 2121 予防通所リハ２２ 1 1 2 m 3715
5 66 8001 予防通所リハビリ１１・定超 2 1 1 m 1268
6 66 8011 予防通所リハビリ１２・定超 2 1 2 m 2601
7 66 8201 予防通所リハビリ２１・定超 2 1 1 m 1268
8 66 8211 予防通所リハビリ２２・定超 2 1 2 m 2601
9 66 9001 予防通所リハビリ１１・人欠 1 2 1 m 1268
10 66 9011 予防通所リハビリ１２・人欠 1 2 2 m 2601
11 66 9201 予防通所リハビリ２１・人欠 1 2 1 m 1268
12 66 9211 予防通所リハビリ２２・人欠 1 2 2 m 2601
13 66 1112 予防通所リハビリ１１・日割 1 1 1 d 60
14 66 1122 予防通所リハビリ１２・日割 1 1 2 d 122
15 66 2112 予防通所リハビリ２１・日割 1 1 1 d 60
16 66 2122 予防通所リハビリ２２・日割 1 1 2 d 122
17 66 8002 予防通所リハビリ１１・定超・日割 2 1 1 d 42
18 66 8012 予防通所リハビリ１２・定超・日割 2 1 2 d 86
19 66 8202 予防通所リハビリ２１・定超・日割 2 1 1 d 42
20 66 8212 予防通所リハビリ２２・定超・日割 2 1 2 d 86
21 66 9002 予防通所リハビリ１１・人欠・日割 1 2 1 d 42
22 66 9012 予防通所リハビリ１２・人欠・日割 1 2 2 d 86
23 66 9202 予防通所リハビリ２１・人欠・日割 1 2 1 d 42
24 66 9212 予防通所リハビリ２２・人欠・日割 1 2 2 d 86
