000001612014021 00000161 2014 02 18 61 1211 16:15 17:15 0073 1 2440 0 _ _ 1 1 20140617201658 24
000001612014021 00000161 2014 02 25 61 1211 16:15 17:15 0073 1 2440 0 _ _ 1 1 20140617201658 24
000001612014022 00000161 2014 02 15 61 1211 13:00 14:00 0073 1 2440 0 _ _ 1 1 20140617201658 24
000001612014022 00000161 2014 02 22 61 1211 13:00 14:00 0073 1 2440 0 _ _ 1 1 20140617201658 24
000001612014023 00000161 2014 02 15 61 4001 _ _ 0073 1 200 0 _ _ 1 1 20140617201658 24
000001612014024 00000161 2014 02 14 67 1010 _ _ 0272 1 75 0 _ _ 1 1 20140617201658 24
000001612014025 00000161 2014 02 14 67 1009 _ _ 0272 1 175 0 _ _ 1 1 20140617201658 24
000001612014031 00000161 2014 03 04 61 1211 16:15 17:15 0073 1 2440 0 _ _ 1 1 20140617201100 24
000001612014031 00000161 2014 03 11 61 1211 16:15 17:15 0073 1 2440 0 _ _ 1 1 20140617201100 24
000001612014031 00000161 2014 03 18 61 1211 16:15 17:15 0073 1 2440 0 _ _ 1 1 20140617201100 24
000001612014032 00000161 2014 03 01 61 1211 13:00 14:00 0073 1 2440 0 _ _ 1 1 20140617201100 24
000001612014032 00000161 2014 03 08 61 1211 13:00 14:00 0073 1 2440 0 _ _ 1 1 20140617201100 24
000001612014032 00000161 2014 03 15 61 1211 13:00 14:00 0073 1 2440 0 _ _ 1 1 20140617201100 24
000001612014033 00000161 2014 03 01 67 1009 _ _ 0272 1 350 0 _ _ 1 1 20140617201100 24
000001612014034 00000161 2014 03 01 67 1010 _ _ 0272 1 150 0 _ _ 1 1 20140617201100 24
000001612014041 00000161 2014 04 01 61 1211 15:15 16:15 0073 1 2452 0 _ _ 1 1 20140617202234 24
000001612014041 00000161 2014 04 08 61 1211 15:15 16:15 0073 1 2452 0 _ _ 1 1 20140617202234 24
000001612014042 00000161 2014 04 05 61 1211 14:00 15:00 0073 1 2452 0 _ _ 1 1 20140617202234 24
000001612014042 00000161 2014 04 12 61 1211 14:00 15:00 0073 1 2452 0 _ _ 1 1 20140617202234 24
000001612014043 00000161 2014 04 15 61 1211 16:45 17:45 0073 1 2452 0 _ _ 1 1 20140617202234 24
000001612014044 00000161 2014 04 01 67 1010 _ _ 0272 1 150 0 _ _ 1 1 20140617202234 24
000001612014045 00000161 2014 04 01 67 1009 _ _ 0272 1 350 0 _ _ 1 1 20140617202234 24
000001612014051 00000161 2014 05 03 61 1211 14:00 15:00 0073 1 2452 0 _ _ 1 1 20140818175655 24
000001612014051 00000161 2014 05 10 61 1211 14:00 15:00 0073 1 2452 0 _ _ 1 1 20140818175655 24
000001612014051 00000161 2014 05 17 61 1211 14:00 15:00 0073 1 2452 0 _ _ 1 1 20140818175655 24
000001612014051 00000161 2014 05 24 61 1211 14:00 15:00 0073 1 2452 0 _ _ 1 1 20140818175655 24
000001612014051 00000161 2014 05 31 61 1211 14:00 15:00 0073 1 2452 0 _ _ 1 1 20140818175655 24
000001612014052 00000161 2014 05 06 61 1211 15:15 16:15 0073 1 2452 0 _ _ 1 1 20140818175655 24
000001612014052 00000161 2014 05 13 61 1211 15:15 16:15 0073 1 2452 0 _ _ 1 1 20140818175655 24
000001612014052 00000161 2014 05 20 61 1211 15:15 16:15 0073 1 2452 0 _ _ 1 1 20140818175655 24
000001612014052 00000161 2014 05 27 61 1211 15:15 16:15 0073 1 2452 0 _ _ 1 1 20140818175655 24
000001612014053 00000161 2014 05 01 67 1009 _ _ 0272 1 350 0 _ _ 1 1 20140818175655 24
000001612014054 00000161 2014 05 01 67 1010 _ _ 0272 1 150 0 _ _ 1 1 20140818175655 24
000001612014062 00000161 2014 06 07 61 1211 14:00 15:15 0073 1 2452 0 _ _ 1 1 20140717205535 78
000001612014062 00000161 2014 06 14 61 1211 14:00 15:15 0073 1 2452 0 _ _ 1 1 20140717205535 78
000001612014062 00000161 2014 06 21 61 1211 14:00 15:15 0073 1 2452 0 _ _ 1 1 20140717205535 78
000001612014062 00000161 2014 06 28 61 1211 14:00 15:15 0073 1 2452 0 _ _ 1 1 20140717205535 78
000001612014064 00000161 2014 06 03 61 1211 15:15 16:15 0073 1 2452 0 _ _ 1 1 20140717205535 78
000001612014064 00000161 2014 06 10 61 1211 15:15 16:15 0073 1 2452 0 _ _ 1 1 20140717205535 78
000001612014064 00000161 2014 06 17 61 1211 15:15 16:15 0073 1 2452 0 _ _ 1 1 20140717205535 78
000001612014064 00000161 2014 06 24 61 1211 15:15 16:15 0073 1 2452 0 _ _ 1 1 20140717205535 78
000001612014065 00000161 2014 06 01 67 1009 _ _ 0272 1 350 0 _ _ 1 1 20140717205535 78
000001612014066 00000161 2014 06 01 67 1010 _ _ 0272 1 150 0 _ _ 1 1 20140717205535 78
000001612014071 00000161 2014 07 01 61 1211 15:15 16:15 0073 1 2452 0 _ _ _ 1 20140623231129 11
000001612014071 00000161 2014 07 05 61 1211 14:00 15:15 0073 1 2452 0 _ _ _ 1 20140606235905 11
000001612014071 00000161 2014 07 08 61 1211 15:15 16:15 0073 1 2452 0 _ _ _ 1 20140623231129 11
000001612014071 00000161 2014 07 12 61 1211 14:00 15:15 0073 1 2452 0 _ _ _ 1 20140606235905 11
000001612014071 00000161 2014 07 15 61 1211 15:15 16:15 0073 1 2452 0 _ _ _ 1 20140623231129 11
000001612014071 00000161 2014 07 19 61 1211 14:00 15:15 0073 1 2452 0 _ _ _ 1 20140606235905 11
000001612014071 00000161 2014 07 22 61 1211 15:15 16:15 0073 1 2452 0 _ _ _ 1 20140623231129 11
000001612014071 00000161 2014 07 26 61 1211 14:00 15:15 0073 1 2452 0 _ _ _ 1 20140606235905 11
000001612014071 00000161 2014 07 29 61 1211 15:15 16:15 0073 1 2452 0 _ _ _ 1 20140623231129 11
000001612014072 00000161 2014 07 01 61 1211 15:15 16:15 0073 1 2452 0 _ _ _ 1 20140606235905 11
000001612014072 00000161 2014 07 05 61 1211 14:00 15:00 0073 1 2452 0 _ _ _ 1 20140623231129 11
000001612014072 00000161 2014 07 08 61 1211 15:15 16:15 0073 1 2452 0 _ _ _ 1 20140606235905 11
000001612014072 00000161 2014 07 12 61 1211 14:00 15:00 0073 1 2452 0 _ _ _ 1 20140623231129 11
000001612014072 00000161 2014 07 15 61 1211 15:15 16:15 0073 1 2452 0 _ _ _ 1 20140606235905 11
000001612014072 00000161 2014 07 19 61 1211 14:00 15:00 0073 1 2452 0 _ _ _ 1 20140623231129 11
000001612014072 00000161 2014 07 22 61 1211 15:15 16:15 0073 1 2452 0 _ _ _ 1 20140606235905 11
000001612014072 00000161 2014 07 26 61 1211 14:00 15:00 0073 1 2452 0 _ _ _ 1 20140623231129 11
000001612014072 00000161 2014 07 29 61 1211 15:15 16:15 0073 1 2452 0 _ _ _ 1 20140606235905 11
000001612014073 00000161 2014 07 01 67 1009 _ _ 0272 1 350 0 _ _ _ 1 20140606235905 11
000001612014073 00000161 2014 07 01 67 1009 _ _ 0272 1 350 0 _ _ _ 1 20140623231129 11
000001612014074 00000161 2014 07 01 67 1010 _ _ 0272 1 150 0 _ _ _ 1 20140606235905 11
000001612014074 00000161 2014 07 01 67 1010 _ _ 0272 1 150 0 _ _ _ 1 20140623231129 11
