000003032014061 00000303 2014 06 10 13 1211 14:30 15:29 0276 1 834 0 _ _ 1 1 20140702100038 39
000003032014061 00000303 2014 06 13 13 1211 14:30 15:29 0276 1 834 0 _ _ 1 1 20140702100038 39
000003032014061 00000303 2014 06 17 13 1211 14:30 15:29 0276 1 834 0 _ _ 1 1 20140702100038 39
000003032014061 00000303 2014 06 20 13 1211 14:30 15:29 0276 1 834 0 _ _ 1 1 20140702100038 39
000003032014061 00000303 2014 06 24 13 1211 14:30 15:29 0276 1 834 0 _ _ 1 1 20140702100038 39
000003032014061 00000303 2014 06 27 13 1211 14:30 15:29 0276 1 834 0 _ _ 1 1 20140702100038 39
000003032014062 00000303 2014 06 10 13 4001 14:30 15:29 0276 1 250 0 _ _ 1 1 20140702100038 39
000003032014063 00000303 2014 06 10 13 4002 14:30 15:29 0276 1 300 0 _ _ 1 1 20140702100038 39
000003032014071 00000303 2014 07 01 13 1211 14:30 15:29 0276 1 834 0 _ _ 1 1 20140802143832 39
000003032014071 00000303 2014 07 04 13 1211 14:30 15:29 0276 1 834 0 _ _ 1 1 20140802143832 39
000003032014071 00000303 2014 07 08 13 1211 14:30 15:29 0276 1 834 0 _ _ 1 1 20140802143832 39
000003032014071 00000303 2014 07 11 13 1211 14:30 15:29 0276 1 834 0 _ _ 1 1 20140802143832 39
000003032014071 00000303 2014 07 15 13 1211 14:30 15:29 0276 1 834 0 _ _ 1 1 20140802143832 39
000003032014071 00000303 2014 07 18 13 1211 14:30 15:29 0276 1 834 0 _ _ 1 1 20140802143832 39
000003032014071 00000303 2014 07 22 13 1211 14:30 15:29 0276 1 834 0 _ _ 1 1 20140802143832 39
000003032014071 00000303 2014 07 25 13 1211 14:30 15:29 0276 1 834 0 _ _ 1 1 20140802143832 39
000003032014071 00000303 2014 07 29 13 1211 14:30 15:29 0276 1 834 0 _ _ 1 1 20140802143832 39
000003032014072 00000303 2014 07 01 13 4001 14:30 15:29 0276 1 250 0 _ _ 1 1 20140802143832 39
000003032014073 00000303 2014 07 01 17 1001 _ _ 0318 1 300 0 _ _ 1 1 20140802143832 39
000003032014074 00000303 2014 07 01 17 1002 _ _ 0318 1 257 0 _ _ 1 1 20140802143832 39
000003032014081 00000303 2014 08 01 13 1211 14:30 15:29 0276 1 834 0 _ _ _ 1 20140729162847 26
000003032014081 00000303 2014 08 05 13 1211 14:30 15:29 0276 1 834 0 _ _ _ 1 20140729162847 26
000003032014081 00000303 2014 08 08 13 1211 14:30 15:29 0276 1 834 0 _ _ _ 1 20140729162847 26
000003032014081 00000303 2014 08 12 13 1211 14:30 15:29 0276 1 834 0 _ _ _ 1 20140729162847 26
000003032014081 00000303 2014 08 15 13 1211 14:30 15:29 0276 1 834 0 _ _ _ 1 20140729162847 26
000003032014081 00000303 2014 08 19 13 1211 14:30 15:29 0276 1 834 0 _ _ _ 1 20140729162847 26
000003032014081 00000303 2014 08 22 13 1211 14:30 15:29 0276 1 834 0 _ _ _ 1 20140729162847 26
000003032014081 00000303 2014 08 26 13 1211 14:30 15:29 0276 1 834 0 _ _ _ 1 20140729162847 26
000003032014081 00000303 2014 08 29 13 1211 14:30 15:29 0276 1 834 0 _ _ _ 1 20140729162847 26
000003032014083 00000303 2014 08 01 17 1001 _ _ 0318 1 300 0 _ _ _ 1 20140729162847 26
000003032014084 00000303 2014 08 01 17 1002 _ _ 0318 1 514 0 _ _ _ 1 20140729162847 26
