00000202 2012 11 01 08:00 08:29 11 1111 0029 11.26 1 254 1 20140711174342 00078
00000202 2012 11 01 13:00 13:29 11 1111 0029 11.26 1 254 1 20140711174342 00078
00000202 2012 11 01 15:30 15:59 11 1111 0029 11.26 1 254 1 20140711174342 00078
00000202 2012 11 01 19:30 19:59 11 1112 0029 11.26 1 318 1 20140711174342 00078
00000202 2012 11 02 08:00 08:29 11 1111 0029 11.26 1 254 1 20140711174342 00078
00000202 2012 11 02 13:00 13:29 11 1111 0029 11.26 1 254 1 20140711174342 00078
00000202 2012 11 02 19:30 19:59 11 1112 0029 11.26 1 318 1 20140711174342 00078
00000202 2012 11 03 08:00 08:29 11 1111 0029 11.26 1 254 1 20140711174342 00078
00000202 2012 11 03 13:00 13:29 11 1111 0029 11.26 1 254 1 20140711174342 00078
00000202 2012 11 03 15:30 15:59 11 1111 0029 11.26 1 254 1 20140711174342 00078
00000202 2012 11 03 19:30 19:59 11 1112 0029 11.26 1 318 1 20140711174342 00078
00000202 2012 11 04 08:00 08:29 11 1111 0029 11.26 1 254 1 20140711174342 00078
00000202 2012 11 04 13:00 13:29 11 1111 0029 11.26 1 254 1 20140711174342 00078
00000202 2012 11 04 15:30 15:59 11 1111 0029 11.26 1 254 1 20140711174342 00078
00000202 2012 11 04 19:30 19:59 11 1112 0029 11.26 1 318 1 20140711174342 00078
00000202 2012 11 05 08:00 08:29 11 1111 0029 11.26 1 254 1 20140711174342 00078
00000202 2012 11 05 13:00 13:29 11 1111 0029 11.26 1 254 1 20140711174342 00078
00000202 2012 11 05 15:30 16:29 11 1221 0029 11.26 1 804 1 20140711174342 00078
00000202 2012 11 05 19:30 19:59 11 1112 0029 11.26 1 318 1 20140711174342 00078
00000202 2012 11 06 08:00 08:29 11 1111 0029 11.26 1 254 1 20140711174342 00078
00000202 2012 11 06 13:00 13:29 11 1111 0029 11.26 1 254 1 20140711174342 00078
00000202 2012 11 06 15:30 15:59 11 1111 0029 11.26 1 254 1 20140711174342 00078
00000202 2012 11 06 19:30 19:59 11 1112 0029 11.26 1 318 1 20140711174342 00078
00000202 2012 11 07 08:00 08:29 11 1111 0029 11.26 1 254 1 20140711174342 00078
00000202 2012 11 07 13:00 13:29 11 1111 0029 11.26 1 254 1 20140711174342 00078
00000202 2012 11 07 15:30 16:29 11 1221 0029 11.26 1 804 1 20140711174342 00078
00000202 2012 11 07 19:30 19:59 11 1112 0029 11.26 1 318 1 20140711174342 00078
00000202 2012 11 08 08:00 08:29 11 1111 0029 11.26 1 254 1 20140711174342 00078
00000202 2012 11 08 13:00 13:29 11 1111 0029 11.26 1 254 1 20140711174342 00078
00000202 2012 11 08 15:30 15:59 11 1111 0029 11.26 1 254 1 20140711174342 00078
00000202 2012 11 08 19:30 19:59 11 1112 0029 11.26 1 318 1 20140711174342 00078
00000202 2012 11 09 08:00 08:29 11 1111 0029 11.26 1 254 1 20140711174342 00078
00000202 2012 11 09 13:00 13:29 11 1111 0029 11.26 1 254 1 20140711174342 00078
00000202 2012 11 09 19:30 19:59 11 1112 0029 11.26 1 318 1 20140711174342 00078
00000202 2012 11 10 08:00 08:29 11 1111 0029 11.26 1 254 1 20140711174342 00078
00000202 2012 11 10 13:00 13:29 11 1111 0029 11.26 1 254 1 20140711174342 00078
00000202 2012 11 10 15:30 15:59 11 1111 0029 11.26 1 254 1 20140711174342 00078
00000202 2012 11 10 19:30 19:59 11 1112 0029 11.26 1 318 1 20140711174342 00078
00000202 2012 11 11 08:00 08:29 11 1111 0029 11.26 1 254 1 20140711174342 00078
00000202 2012 11 11 13:00 13:29 11 1111 0029 11.26 1 254 1 20140711174342 00078
00000202 2012 11 11 15:30 15:59 11 1111 0029 11.26 1 254 1 20140711174342 00078
00000202 2012 11 11 19:30 19:59 11 1112 0029 11.26 1 318 1 20140711174342 00078
00000202 2012 11 12 08:00 08:29 11 1111 0029 11.26 1 254 1 20140711174342 00078
00000202 2012 11 12 13:00 13:29 11 1111 0029 11.26 1 254 1 20140711174342 00078
00000202 2012 11 12 16:00 16:59 11 1221 0029 11.26 1 804 1 20140711174342 00078
00000202 2012 11 12 19:30 19:59 11 1112 0029 11.26 1 318 1 20140711174342 00078
00000202 2012 11 13 08:00 08:29 11 1111 0029 11.26 1 254 1 20140711174342 00078
00000202 2012 11 13 13:00 13:29 11 1111 0029 11.26 1 254 1 20140711174342 00078
00000202 2012 11 13 15:30 15:59 11 1111 0029 11.26 1 254 1 20140711174342 00078
00000202 2012 11 13 19:30 19:59 11 1112 0029 11.26 1 318 1 20140711174342 00078
00000202 2012 11 14 08:00 08:29 11 1111 0029 11.26 1 254 1 20140711174342 00078
00000202 2012 11 14 13:00 13:29 11 1111 0029 11.26 1 254 1 20140711174342 00078
00000202 2012 11 14 15:30 16:29 11 1221 0029 11.26 1 804 1 20140711174342 00078
00000202 2012 11 14 19:30 19:59 11 1112 0029 11.26 1 318 1 20140711174342 00078
00000202 2012 11 15 08:00 08:29 11 1111 0029 11.26 1 254 1 20140711174342 00078
00000202 2012 11 15 13:00 13:29 11 1111 0029 11.26 1 254 1 20140711174342 00078
00000202 2012 11 15 15:30 15:59 11 1111 0029 11.26 1 254 1 20140711174342 00078
00000202 2012 11 15 19:30 19:59 11 1112 0029 11.26 1 318 1 20140711174342 00078
00000202 2012 11 16 08:00 08:29 11 1111 0029 11.26 1 254 1 20140711174342 00078
00000202 2012 11 16 13:00 13:29 11 1111 0029 11.26 1 254 1 20140711174342 00078
00000202 2012 11 16 19:30 19:59 11 1112 0029 11.26 1 318 1 20140711174342 00078
00000202 2012 11 17 09:15 09:44 11 1111 0029 11.26 1 254 1 20140711174342 00078
00000202 2012 11 17 13:00 13:29 11 1111 0029 11.26 1 254 1 20140711174342 00078
00000202 2012 11 17 15:30 15:59 11 1111 0029 11.26 1 254 1 20140711174342 00078
00000202 2012 11 17 19:30 19:59 11 1112 0029 11.26 1 318 1 20140711174342 00078
00000202 2012 11 18 08:00 08:29 11 1111 0029 11.26 1 254 1 20140711174342 00078
00000202 2012 11 18 13:00 13:29 11 1111 0029 11.26 1 254 1 20140711174342 00078
00000202 2012 11 18 15:30 15:59 11 1111 0029 11.26 1 254 1 20140711174342 00078
00000202 2012 11 18 19:30 19:59 11 1112 0029 11.26 1 318 1 20140711174342 00078
00000202 2012 11 19 08:00 08:29 11 1111 0029 11.26 1 254 1 20140711174342 00078
00000202 2012 11 19 13:00 13:29 11 1111 0029 11.26 1 254 1 20140711174342 00078
00000202 2012 11 19 15:30 16:29 11 1221 0029 11.26 1 804 1 20140711174342 00078
00000202 2012 11 19 19:30 19:59 11 1112 0029 11.26 1 318 1 20140711174342 00078
00000202 2012 11 20 08:00 08:29 11 1111 0029 11.26 1 254 1 20140711174342 00078
00000202 2012 11 20 13:00 13:29 11 1111 0029 11.26 1 254 1 20140711174342 00078
00000202 2012 11 20 15:30 15:59 11 1111 0029 11.26 1 254 1 20140711174342 00078
00000202 2012 11 20 19:30 19:59 11 1112 0029 11.26 1 318 1 20140711174342 00078
00000202 2012 11 21 08:00 08:29 11 1111 0029 11.26 1 254 1 20140711174342 00078
00000202 2012 11 21 13:00 13:29 11 1111 0029 11.26 1 254 1 20140711174342 00078
00000202 2012 11 21 15:30 16:29 11 1221 0029 11.26 1 804 1 20140711174342 00078
00000202 2012 11 21 19:30 19:59 11 1112 0029 11.26 1 318 1 20140711174342 00078
00000202 2012 11 22 08:00 08:29 11 1111 0029 11.26 1 254 1 20140711174342 00078
00000202 2012 11 22 13:00 13:29 11 1111 0029 11.26 1 254 1 20140711174342 00078
00000202 2012 11 22 15:30 15:59 11 1111 0029 11.26 1 254 1 20140711174342 00078
00000202 2012 11 22 19:30 19:59 11 1112 0029 11.26 1 318 1 20140711174342 00078
00000202 2012 11 23 08:00 08:29 11 1111 0029 11.26 1 254 1 20140711174342 00078
00000202 2012 11 23 13:00 13:29 11 1111 0029 11.26 1 254 1 20140711174342 00078
00000202 2012 11 23 19:30 19:59 11 1112 0029 11.26 1 318 1 20140711174342 00078
00000202 2012 11 24 13:00 13:29 11 1111 0029 11.26 1 254 1 20140711174342 00078
00000202 2012 11 24 15:30 15:59 11 1111 0029 11.26 1 254 1 20140711174342 00078
00000202 2012 11 24 19:30 19:59 11 1112 0029 11.26 1 318 1 20140711174342 00078
00000202 2012 11 25 08:00 08:29 11 1111 0029 11.26 1 254 1 20140711174342 00078
00000202 2012 11 25 13:00 13:29 11 1111 0029 11.26 1 254 1 20140711174342 00078
00000202 2012 11 25 15:30 15:59 11 1111 0029 11.26 1 254 1 20140711174342 00078
00000202 2012 11 25 19:30 19:59 11 1112 0029 11.26 1 318 1 20140711174342 00078
00000202 2012 11 26 08:00 08:29 11 1111 0029 11.26 1 254 1 20140711174342 00078
00000202 2012 11 26 13:00 13:29 11 1111 0029 11.26 1 254 1 20140711174342 00078
00000202 2012 11 26 15:30 16:29 11 1221 0029 11.26 1 804 1 20140711174342 00078
00000202 2012 11 26 19:30 19:59 11 1112 0029 11.26 1 318 1 20140711174342 00078
00000202 2012 11 27 08:00 08:29 11 1111 0029 11.26 1 254 1 20140711174342 00078
00000202 2012 11 27 13:00 13:29 11 1111 0029 11.26 1 254 1 20140711174342 00078
00000202 2012 11 27 15:30 15:59 11 1111 0029 11.26 1 254 1 20140711174342 00078
00000202 2012 11 27 19:30 19:59 11 1112 0029 11.26 1 318 1 20140711174342 00078
00000202 2012 11 28 08:00 08:29 11 1111 0029 11.26 1 254 1 20140711174342 00078
00000202 2012 11 28 13:00 13:29 11 1111 0029 11.26 1 254 1 20140711174342 00078
00000202 2012 11 28 15:30 16:29 11 1221 0029 11.26 1 804 1 20140711174342 00078
00000202 2012 11 28 19:30 19:59 11 1112 0029 11.26 1 318 1 20140711174342 00078
00000202 2012 11 29 08:00 08:29 11 1111 0029 11.26 1 254 1 20140711174342 00078
00000202 2012 11 29 13:00 13:29 11 1111 0029 11.26 1 254 1 20140711174342 00078
00000202 2012 11 29 15:30 15:59 11 1111 0029 11.26 1 254 1 20140711174342 00078
00000202 2012 11 29 19:30 19:59 11 1112 0029 11.26 1 318 1 20140711174342 00078
00000202 2012 11 30 08:00 08:29 11 1111 0029 11.26 1 254 1 20140711174342 00078
00000202 2012 11 30 13:00 13:29 11 1111 0029 11.26 1 254 1 20140711174342 00078
00000202 2012 11 30 19:30 19:59 11 1112 0029 11.26 1 318 1 20140711174342 00078
00000203 2012 11 01 08:30 09:29 11 4111 0029 11.26 1 324 1 20140714173917 00078
00000203 2012 11 01 14:00 14:29 11 1111 0029 11.26 1 254 1 20140714173917 00078
00000203 2012 11 01 19:00 19:29 11 1112 0029 11.26 1 318 1 20140714173917 00078
00000203 2012 11 02 08:30 09:29 11 4111 0029 11.26 1 324 1 20140714173917 00078
00000203 2012 11 02 14:00 14:59 11 4111 0029 11.26 1 324 1 20140714173917 00078
00000203 2012 11 02 19:00 19:29 11 1112 0029 11.26 1 318 1 20140714173917 00078
00000203 2012 11 03 08:30 09:29 11 4111 0029 11.26 1 324 1 20140714173917 00078
00000203 2012 11 03 14:00 14:29 11 1111 0029 11.26 1 254 1 20140714173917 00078
00000203 2012 11 03 19:00 19:29 11 1112 0029 11.26 1 318 1 20140714173917 00078
00000203 2012 11 04 08:30 09:29 11 7311 0029 11.26 1 235 1 20140714173917 00078
00000203 2012 11 04 14:00 14:59 11 1211 0029 11.26 1 402 1 20140714173917 00078
00000203 2012 11 04 19:00 19:29 11 1112 0029 11.26 1 318 1 20140714173917 00078
00000203 2012 11 05 08:30 09:29 11 4111 0029 11.26 1 324 1 20140714173917 00078
00000203 2012 11 05 13:00 14:59 11 4311 0029 11.26 1 464 1 20140714173917 00078
00000203 2012 11 05 19:00 19:29 11 1112 0029 11.26 1 318 1 20140714173917 00078
00000203 2012 11 06 08:30 09:29 11 4111 0029 11.26 1 324 1 20140714173917 00078
00000203 2012 11 06 14:00 14:29 11 1111 0029 11.26 1 254 1 20140714173917 00078
00000203 2012 11 06 19:00 19:29 11 1112 0029 11.26 1 318 1 20140714173917 00078
00000203 2012 11 07 08:30 09:29 11 4111 0029 11.26 1 324 1 20140714173917 00078
00000203 2012 11 07 14:00 14:59 11 1211 0029 11.26 1 402 1 20140714173917 00078
00000203 2012 11 07 19:00 19:29 11 1112 0029 11.26 1 318 1 20140714173917 00078
00000203 2012 11 08 08:30 09:29 11 4111 0029 11.26 1 324 1 20140714173917 00078
00000203 2012 11 08 14:00 14:29 11 1111 0029 11.26 1 254 1 20140714173917 00078
00000203 2012 11 08 19:00 19:29 11 1112 0029 11.26 1 318 1 20140714173917 00078
00000203 2012 11 09 08:30 09:29 11 4111 0029 11.26 1 324 1 20140714173917 00078
00000203 2012 11 09 14:00 14:59 11 4111 0029 11.26 1 324 1 20140714173917 00078
00000203 2012 11 09 19:00 19:29 11 1112 0029 11.26 1 318 1 20140714173917 00078
00000203 2012 11 10 08:30 09:29 11 4111 0029 11.26 1 324 1 20140714173917 00078
00000203 2012 11 10 14:00 14:29 11 1111 0029 11.26 1 254 1 20140714173917 00078
00000203 2012 11 10 19:00 19:29 11 1112 0029 11.26 1 318 1 20140714173917 00078
00000203 2012 11 11 08:30 09:29 11 4111 0029 11.26 1 324 1 20140714173917 00078
00000203 2012 11 11 14:00 14:59 11 1211 0029 11.26 1 402 1 20140714173917 00078
00000203 2012 11 11 19:00 19:29 11 1112 0029 11.26 1 318 1 20140714173917 00078
00000203 2012 11 12 08:30 09:29 11 4111 0029 11.26 1 324 1 20140714173917 00078
00000203 2012 11 12 13:00 14:59 11 6111 0029 11.26 1 654 1 20140714173917 00078
00000203 2012 11 12 19:00 19:29 11 1112 0029 11.26 1 318 1 20140714173917 00078
00000203 2012 11 13 08:30 09:29 11 4111 0029 11.26 1 324 1 20140714173917 00078
00000203 2012 11 13 14:00 14:29 11 1111 0029 11.26 1 254 1 20140714173917 00078
00000203 2012 11 13 19:00 19:29 11 1112 0029 11.26 1 318 1 20140714173917 00078
00000203 2012 11 14 08:30 09:29 11 4111 0029 11.26 1 324 1 20140714173917 00078
00000203 2012 11 14 14:00 14:59 11 1211 0029 11.26 1 402 1 20140714173917 00078
00000203 2012 11 14 19:00 19:29 11 1112 0029 11.26 1 318 1 20140714173917 00078
00000203 2012 11 15 08:30 09:29 11 4111 0029 11.26 1 324 1 20140714173917 00078
00000203 2012 11 15 14:00 14:29 11 1111 0029 11.26 1 254 1 20140714173917 00078
00000203 2012 11 15 19:00 19:29 11 1112 0029 11.26 1 318 1 20140714173917 00078
00000203 2012 11 16 08:30 09:29 11 4111 0029 11.26 1 324 1 20140714173917 00078
00000203 2012 11 16 14:00 14:59 11 4111 0029 11.26 1 324 1 20140714173917 00078
00000203 2012 11 17 14:00 14:29 11 1111 0029 11.26 1 254 1 20140714173917 00078
00000203 2012 11 17 19:00 19:29 11 1112 0029 11.26 1 318 1 20140714173917 00078
00000203 2012 11 18 08:30 08:59 11 1111 0029 11.26 1 254 1 20140714173917 00078
00000203 2012 11 18 14:00 14:59 11 1211 0029 11.26 1 402 1 20140714173917 00078
00000203 2012 11 18 19:00 19:29 11 1112 0029 11.26 1 318 1 20140714173917 00078
00000203 2012 11 19 08:30 09:29 11 1211 0029 11.26 1 402 1 20140714173917 00078
00000203 2012 11 19 13:00 14:59 11 6111 0029 11.26 1 654 1 20140714173917 00078
00000203 2012 11 19 19:00 19:29 11 1112 0029 11.26 1 318 1 20140714173917 00078
00000203 2012 11 20 08:30 09:29 11 4111 0029 11.26 1 324 1 20140714173917 00078
00000203 2012 11 20 14:00 14:29 11 1111 0029 11.26 1 254 1 20140714173917 00078
00000203 2012 11 20 19:00 19:29 11 1112 0029 11.26 1 318 1 20140714173917 00078
00000203 2012 11 21 08:30 09:29 11 4111 0029 11.26 1 324 1 20140714173917 00078
00000203 2012 11 21 14:00 14:29 11 1111 0029 11.26 1 254 1 20140714173917 00078
00000203 2012 11 21 19:00 19:29 11 1112 0029 11.26 1 318 1 20140714173917 00078
00000203 2012 11 22 08:30 09:29 11 4111 0029 11.26 1 324 1 20140714173917 00078
00000203 2012 11 22 14:00 14:29 11 1111 0029 11.26 1 254 1 20140714173917 00078
00000203 2012 11 22 19:00 19:29 11 1112 0029 11.26 1 318 1 20140714173917 00078
00000203 2012 11 23 08:30 09:29 11 4111 0029 11.26 1 324 1 20140714173917 00078
00000203 2012 11 23 14:00 14:59 11 4111 0029 11.26 1 324 1 20140714173917 00078
00000203 2012 11 23 19:00 19:29 11 1112 0029 11.26 1 318 1 20140714173917 00078
00000203 2012 11 24 08:30 09:29 11 4111 0029 11.26 1 324 1 20140714173917 00078
00000203 2012 11 24 14:00 14:29 11 1111 0029 11.26 1 254 1 20140714173917 00078
00000203 2012 11 24 19:00 19:29 11 1112 0029 11.26 1 318 1 20140714173917 00078
00000203 2012 11 25 08:30 09:29 11 4111 0029 11.26 1 324 1 20140714173917 00078
00000203 2012 11 25 14:00 14:59 11 1211 0029 11.26 1 402 1 20140714173917 00078
00000203 2012 11 25 19:00 19:29 11 1112 0029 11.26 1 318 1 20140714173917 00078
00000203 2012 11 26 08:30 09:29 11 4111 0029 11.26 1 324 1 20140714173917 00078
00000203 2012 11 26 13:00 14:59 11 4311 0029 11.26 1 464 1 20140714173917 00078
00000203 2012 11 26 19:00 19:29 11 1112 0029 11.26 1 318 1 20140714173917 00078
00000203 2012 11 27 08:30 09:29 11 4111 0029 11.26 1 324 1 20140714173917 00078
00000203 2012 11 27 14:00 14:29 11 1111 0029 11.26 1 254 1 20140714173917 00078
00000203 2012 11 27 19:00 19:29 11 1112 0029 11.26 1 318 1 20140714173917 00078
00000203 2012 11 28 08:30 09:29 11 4111 0029 11.26 1 324 1 20140714173917 00078
00000203 2012 11 28 14:00 14:59 11 1211 0029 11.26 1 402 1 20140714173917 00078
00000203 2012 11 28 19:00 19:29 11 1112 0029 11.26 1 318 1 20140714173917 00078
00000203 2012 11 29 08:30 09:29 11 4111 0029 11.26 1 324 1 20140714173917 00078
00000203 2012 11 29 19:00 19:29 11 1112 0029 11.26 1 318 1 20140714173917 00078
00000203 2012 11 30 08:30 09:29 11 4111 0029 11.26 1 324 1 20140714173917 00078
00000203 2012 11 30 14:00 14:59 11 4111 0029 11.26 1 324 1 20140714173917 00078
00000203 2012 11 30 19:00 19:29 11 1112 0029 11.26 1 318 1 20140714173917 00078
00000204 2012 11 01 10:00 10:29 11 1111 0029 11.26 1 254 1 20140715151120 00078
00000204 2012 11 01 14:30 14:59 11 1111 0029 11.26 1 254 1 20140715151120 00078
00000204 2012 11 01 20:00 20:29 11 1112 0029 11.26 1 318 1 20140715151120 00078
00000204 2012 11 02 09:30 09:59 11 1111 0029 11.26 1 254 1 20140715151120 00078
00000204 2012 11 02 20:00 20:29 11 1112 0029 11.26 1 318 1 20140715151120 00078
00000204 2012 11 03 10:00 10:29 11 1111 0029 11.26 1 254 1 20140715151120 00078
00000204 2012 11 03 14:30 15:29 11 4111 0029 11.26 1 324 1 20140715151120 00078
00000204 2012 11 03 20:00 20:29 11 1112 0029 11.26 1 318 1 20140715151120 00078
00000204 2012 11 04 10:00 10:29 11 1111 0029 11.26 1 254 1 20140715151120 00078
00000204 2012 11 04 14:30 14:59 11 1111 0029 11.26 1 254 1 20140715151120 00078
00000204 2012 11 04 20:00 20:29 11 1112 0029 11.26 1 318 1 20140715151120 00078
00000204 2012 11 05 09:30 09:59 11 1111 0029 11.26 1 254 1 20140715151120 00078
00000204 2012 11 05 20:00 20:29 11 1112 0029 11.26 1 318 1 20140715151120 00078
00000204 2012 11 06 10:00 10:29 11 1111 0029 11.26 1 254 1 20140715151120 00078
00000204 2012 11 06 14:30 14:59 11 1111 0029 11.26 1 254 1 20140715151120 00078
00000204 2012 11 06 20:00 20:29 11 1112 0029 11.26 1 318 1 20140715151120 00078
00000204 2012 11 07 20:00 20:29 11 1112 0029 11.26 1 318 1 20140715151120 00078
00000204 2012 11 08 10:00 10:29 11 1111 0029 11.26 1 254 1 20140715151120 00078
00000204 2012 11 08 14:30 14:59 11 1111 0029 11.26 1 254 1 20140715151120 00078
00000204 2012 11 08 20:00 20:29 11 1112 0029 11.26 1 318 1 20140715151120 00078
00000204 2012 11 09 09:30 09:59 11 1111 0029 11.26 1 254 1 20140715151120 00078
00000204 2012 11 09 20:00 20:29 11 1112 0029 11.26 1 318 1 20140715151120 00078
00000204 2012 11 10 10:00 10:29 11 1111 0029 11.26 1 254 1 20140715151120 00078
00000204 2012 11 10 14:30 15:29 11 4111 0029 11.26 1 324 1 20140715151120 00078
00000204 2012 11 10 20:00 20:29 11 1112 0029 11.26 1 318 1 20140715151120 00078
00000204 2012 11 11 10:00 10:29 11 1111 0029 11.26 1 254 1 20140715151120 00078
00000204 2012 11 11 14:30 14:59 11 1111 0029 11.26 1 254 1 20140715151120 00078
00000204 2012 11 11 20:00 20:29 11 1112 0029 11.26 1 318 1 20140715151120 00078
00000204 2012 11 12 09:30 09:59 11 1111 0029 11.26 1 254 1 20140715151120 00078
00000204 2012 11 12 20:00 20:29 11 1112 0029 11.26 1 318 1 20140715151120 00078
00000204 2012 11 13 20:00 20:29 11 1112 0029 11.26 1 318 1 20140715151120 00078
00000204 2012 11 14 10:00 10:29 11 1111 0029 11.26 1 254 1 20140715151120 00078
00000204 2012 11 14 20:00 20:29 11 1112 0029 11.26 1 318 1 20140715151120 00078
00000204 2012 11 15 10:00 10:29 11 1111 0029 11.26 1 254 1 20140715151120 00078
00000204 2012 11 15 14:30 14:59 11 1111 0029 11.26 1 254 1 20140715151120 00078
00000204 2012 11 15 20:00 20:29 11 1112 0029 11.26 1 318 1 20140715151120 00078
00000204 2012 11 16 09:30 09:59 11 1111 0029 11.26 1 254 1 20140715151120 00078
00000204 2012 11 16 20:00 20:29 11 1112 0029 11.26 1 318 1 20140715151120 00078
00000204 2012 11 17 10:00 10:29 11 1111 0029 11.26 1 254 1 20140715151120 00078
00000204 2012 11 17 14:30 15:29 11 4111 0029 11.26 1 324 1 20140715151120 00078
00000204 2012 11 17 20:00 20:29 11 1112 0029 11.26 1 318 1 20140715151120 00078
00000204 2012 11 18 10:00 10:29 11 1111 0029 11.26 1 254 1 20140715151120 00078
00000204 2012 11 18 14:30 14:59 11 1111 0029 11.26 1 254 1 20140715151120 00078
00000204 2012 11 18 20:00 20:29 11 1112 0029 11.26 1 318 1 20140715151120 00078
00000204 2012 11 19 09:30 09:59 11 1111 0029 11.26 1 254 1 20140715151120 00078
00000204 2012 11 19 14:30 14:59 11 1111 0029 11.26 1 254 1 20140715151120 00078
00000204 2012 11 19 20:00 20:29 11 1112 0029 11.26 1 318 1 20140715151120 00078
00000204 2012 11 20 10:00 10:29 11 1111 0029 11.26 1 254 1 20140715151120 00078
00000204 2012 11 20 14:30 14:59 11 1111 0029 11.26 1 254 1 20140715151120 00078
00000204 2012 11 20 20:00 20:29 11 1112 0029 11.26 1 318 1 20140715151120 00078
00000204 2012 11 21 20:00 20:29 11 1112 0029 11.26 1 318 1 20140715151120 00078
00000204 2012 11 22 10:00 10:29 11 1111 0029 11.26 1 254 1 20140715151120 00078
00000204 2012 11 22 14:30 14:59 11 1111 0029 11.26 1 254 1 20140715151120 00078
00000204 2012 11 22 20:00 20:29 11 1112 0029 11.26 1 318 1 20140715151120 00078
00000204 2012 11 23 09:30 09:59 11 1111 0029 11.26 1 254 1 20140715151120 00078
00000204 2012 11 23 20:00 20:29 11 1112 0029 11.26 1 318 1 20140715151120 00078
00000204 2012 11 24 10:00 10:29 11 1111 0029 11.26 1 254 1 20140715151120 00078
00000204 2012 11 24 13:00 13:59 11 4111 0029 11.26 1 324 1 20140715151120 00078
00000204 2012 11 24 20:00 20:29 11 1112 0029 11.26 1 318 1 20140715151120 00078
00000204 2012 11 25 10:00 10:29 11 1111 0029 11.26 1 254 1 20140715151120 00078
00000204 2012 11 25 14:30 14:59 11 1111 0029 11.26 1 254 1 20140715151120 00078
00000204 2012 11 25 20:00 20:29 11 1112 0029 11.26 1 318 1 20140715151120 00078
00000204 2012 11 26 09:30 09:59 11 1111 0029 11.26 1 254 1 20140715151120 00078
00000204 2012 11 26 20:00 20:29 11 1112 0029 11.26 1 318 1 20140715151120 00078
00000204 2012 11 27 20:00 20:29 11 1112 0029 11.26 1 318 1 20140715151120 00078
00000204 2012 11 28 10:00 10:29 11 1111 0029 11.26 1 254 1 20140715151120 00078
00000204 2012 11 28 20:00 20:29 11 1112 0029 11.26 1 318 1 20140715151120 00078
00000204 2012 11 29 10:00 10:29 11 1111 0029 11.26 1 254 1 20140715151120 00078
00000204 2012 11 29 14:30 14:59 11 1111 0029 11.26 1 254 1 20140715151120 00078
00000204 2012 11 29 20:00 20:29 11 1112 0029 11.26 1 318 1 20140715151120 00078
00000204 2012 11 30 09:30 09:59 11 1111 0029 11.26 1 254 1 20140715151120 00078
00000204 2012 11 30 20:00 20:29 11 1112 0029 11.26 1 318 1 20140715151120 00078
00000205 2012 11 01 14:30 15:29 11 7311 0029 11.26 1 235 1 20140715165143 00078
00000205 2012 11 02 14:30 15:59 11 1311 0029 11.26 1 584 1 20140715165143 00078
00000205 2012 11 13 14:30 15:59 11 1311 0029 11.26 1 584 1 20140715165143 00078
00000205 2012 11 16 14:30 15:59 11 1311 0029 11.26 1 584 1 20140715165143 00078
00000205 2012 11 20 14:30 15:59 11 1311 0029 11.26 1 584 1 20140715165143 00078
00000205 2012 11 22 14:30 15:29 11 7311 0029 11.26 1 235 1 20140715165143 00078
00000205 2012 11 23 14:30 15:59 11 1311 0029 11.26 1 584 1 20140715165143 00078
00000205 2012 11 27 14:30 15:59 11 1311 0029 11.26 1 584 1 20140715165143 00078
00000205 2012 11 29 14:30 15:29 11 7311 0029 11.26 1 235 1 20140715165143 00078
00000205 2012 11 30 14:30 15:59 11 1311 0029 11.26 1 584 1 20140715165143 00078
00000206 2012 11 01 16:30 17:29 11 7311 0029 11.26 1 235 1 20140715191011 00078
00000206 2012 11 03 16:30 17:29 11 1211 0029 11.26 1 402 1 20140715191011 00078
00000206 2012 11 04 16:30 17:29 11 7311 0029 11.26 1 235 1 20140715191011 00078
00000206 2012 11 05 17:00 17:59 11 1211 0029 11.26 1 402 1 20140715191011 00078
00000206 2012 11 07 17:00 17:59 11 1211 0029 11.26 1 402 1 20140715191011 00078
00000206 2012 11 08 16:30 17:29 11 7311 0029 11.26 1 235 1 20140715191011 00078
00000206 2012 11 10 16:30 17:29 11 1211 0029 11.26 1 402 1 20140715191011 00078
00000206 2012 11 11 16:30 17:29 11 7311 0029 11.26 1 235 1 20140715191011 00078
00000206 2012 11 12 17:00 17:59 11 1211 0029 11.26 1 402 1 20140715191011 00078
00000206 2012 11 15 16:30 17:29 11 7311 0029 11.26 1 235 1 20140715191011 00078
00000206 2012 11 18 15:00 16:59 11 5211 0029 11.26 1 542 1 20140715191011 00078
00000206 2012 11 19 17:00 17:59 11 1211 0029 11.26 1 402 1 20140715191011 00078
00000206 2012 11 22 16:30 17:29 11 7311 0029 11.26 1 235 1 20140715191011 00078
00000206 2012 11 25 16:30 16:59 11 1111 0029 11.26 1 254 1 20140715191011 00078
00000206 2012 11 26 17:00 17:29 11 1111 0029 11.26 1 254 1 20140715191011 00078
00000206 2012 11 28 17:00 17:59 11 1211 0029 11.26 1 402 1 20140715191011 00078
00000206 2012 11 29 16:30 17:29 11 7311 0029 11.26 1 235 1 20140715191011 00078
00000207 2012 11 06 14:00 14:59 61 1111 0107 11.26 1 1220 1 20140716104140 00078
00000207 2012 11 20 14:00 14:59 61 1111 0107 11.26 1 1220 1 20140716104140 00078
00000207 2012 11 27 14:00 14:59 61 1111 0107 11.26 1 1220 1 20140716104140 00078
00000209 2012 11 02 10:45 11:44 61 1211 0107 11.26 1 2440 1 20140716113009 00078
00000209 2012 11 05 10:45 11:44 61 1211 0107 11.26 1 2440 1 20140716113009 00078
00000209 2012 11 09 10:45 11:44 61 1211 0107 11.26 1 2440 1 20140716113009 00078
00000209 2012 11 16 10:45 11:44 61 1211 0107 11.26 1 2440 1 20140716113009 00078
00000209 2012 11 19 10:45 11:44 61 1211 0107 11.26 1 2440 1 20140716113009 00078
00000209 2012 11 23 10:45 11:44 61 1211 0107 11.26 1 2440 1 20140716113009 00078
00000209 2012 11 26 10:45 11:44 61 1211 0107 11.26 1 2440 1 20140716113009 00078
00000212 2012 11 07 13:00 13:59 61 1111 0107 11.26 1 1220 1 20140716174238 00078
00000212 2012 11 14 13:00 13:59 61 1111 0107 11.26 1 1220 1 20140716174238 00078
00000212 2012 11 28 13:00 13:59 61 1111 0107 11.26 1 1220 1 20140716174238 00078
00000213 2012 11 01 16:00 16:59 11 1211 0029 11.26 1 402 1 20140716155319 00078
00000213 2012 11 03 10:45 11:44 11 7311 0029 11.26 1 235 1 20140716155319 00078
00000213 2012 11 03 16:00 16:59 11 1211 0029 11.26 1 402 1 20140716155319 00078
00000213 2012 11 06 10:45 11:44 11 7311 0029 11.26 1 235 1 20140716155319 00078
00000213 2012 11 06 16:00 16:59 11 1211 0029 11.26 1 402 1 20140716155319 00078
00000213 2012 11 08 16:00 16:59 11 1211 0029 11.26 1 402 1 20140716155319 00078
00000213 2012 11 10 10:45 11:44 11 7311 0029 11.26 1 235 1 20140716155319 00078
00000213 2012 11 10 16:00 16:59 11 1211 0029 11.26 1 402 1 20140716155319 00078
00000213 2012 11 13 10:45 11:44 11 7311 0029 11.26 1 235 1 20140716155319 00078
00000213 2012 11 15 16:00 16:59 11 1211 0029 11.26 1 402 1 20140716155319 00078
00000213 2012 11 17 10:45 11:44 11 7311 0029 11.26 1 235 1 20140716155319 00078
00000213 2012 11 17 16:00 16:59 11 1211 0029 11.26 1 402 1 20140716155319 00078
00000213 2012 11 20 10:45 11:44 11 7311 0029 11.26 1 235 1 20140716155319 00078
00000213 2012 11 20 16:00 16:59 11 1211 0029 11.26 1 402 1 20140716155319 00078
00000213 2012 11 22 16:00 16:59 11 1211 0029 11.26 1 402 1 20140716155319 00078
00000213 2012 11 24 10:45 11:44 11 7311 0029 11.26 1 235 1 20140716155319 00078
00000213 2012 11 24 16:00 16:59 11 1211 0029 11.26 1 402 1 20140716155319 00078
00000213 2012 11 27 10:45 11:44 11 7311 0029 11.26 1 235 1 20140716155319 00078
00000213 2012 11 27 16:00 16:59 11 1211 0029 11.26 1 402 1 20140716155319 00078
00000213 2012 11 29 16:00 16:59 11 1211 0029 11.26 1 402 1 20140716155319 00078
00000214 2012 11 07 10:45 11:44 61 1111 0107 11.26 1 1220 1 20140716181908 00078
00000214 2012 11 14 10:45 11:44 61 1111 0107 11.26 1 1220 1 20140716181908 00078
00000214 2012 11 28 10:45 11:44 61 1111 0107 11.26 1 1220 1 20140716181908 00078
00000215 2012 11 02 13:00 14:29 61 1111 0107 11.26 1 1220 1 20140716170457 00078
00000215 2012 11 09 13:00 14:29 61 1111 0107 11.26 1 1220 1 20140716170457 00078
00000215 2012 11 16 13:00 14:29 61 1111 0107 11.26 1 1220 1 20140716170457 00078
00000215 2012 11 23 13:00 14:29 61 1111 0107 11.26 1 1220 1 20140716170457 00078
00000216 2012 11 30 09:00 10:00 61 1111 0107 11.26 1 1220 1 20140729152739 00078
00000218 2012 11 05 14:00 15:00 61 1321 0107 11.26 1 3870 1 20140729164811 00078
00000218 2012 11 06 17:00 17:59 61 1321 0107 11.26 1 3870 1 20140729164811 00078
00000218 2012 11 09 17:00 17:59 61 1321 0107 11.26 1 3870 1 20140729164811 00078
00000218 2012 11 11 17:00 17:59 61 1321 0107 11.26 1 3870 1 20140729164811 00078
00000218 2012 11 16 17:00 17:59 61 1321 0107 11.26 1 3870 1 20140729164811 00078
00000218 2012 11 18 17:00 17:59 61 1321 0107 11.26 1 3870 1 20140729164811 00078
00000218 2012 11 23 17:00 17:59 61 1321 0107 11.26 1 3870 1 20140729164811 00078
00000218 2012 11 25 17:00 17:59 61 1321 0107 11.26 1 3870 1 20140729164811 00078
00000218 2012 11 27 17:00 17:59 61 1321 0107 11.26 1 3870 1 20140729164811 00078
00000221 2012 11 01 10:45 11:30 61 1111 0107 11.26 1 1220 1 20140729184631 00078
00000221 2012 11 08 10:45 11:30 61 1111 0107 11.26 1 1220 1 20140729184631 00078
00000226 2012 11 02 16:00 17:00 61 1211 0107 11.26 1 2440 1 20140730115919 00078
00000226 2012 11 06 16:00 17:00 61 1211 0107 11.26 1 2440 1 20140730115919 00078
00000226 2012 11 13 16:00 17:00 61 1211 0107 11.26 1 2440 1 20140730115919 00078
00000226 2012 11 20 16:00 17:00 61 1211 0107 11.26 1 2440 1 20140730115919 00078
00000226 2012 11 23 16:00 17:00 61 1211 0107 11.26 1 2440 1 20140730115919 00078
00000226 2012 11 27 16:00 17:00 61 1211 0107 11.26 1 2440 1 20140730115919 00078
00000226 2012 11 30 16:00 17:00 61 1211 0107 11.26 1 2440 1 20140730115919 00078
00000228 2012 11 09 16:00 17:00 61 1111 0107 11.26 1 1220 1 20140730121532 00078
00000228 2012 11 16 16:00 17:00 61 1111 0107 11.26 1 1220 1 20140730121532 00078
00000228 2012 11 23 16:00 17:00 61 1111 0107 11.26 1 1220 1 20140730121532 00078
00000228 2012 11 30 16:00 17:00 61 1111 0107 11.26 1 1220 1 20140730121532 00078
00000229 2012 11 15 10:00 11:00 61 1111 0107 11.26 1 1220 1 20140730122753 00078
00000229 2012 11 23 10:00 11:00 61 1111 0107 11.26 1 1220 1 20140730122753 00078
00000229 2012 11 30 10:00 11:00 61 1111 0107 11.26 1 1220 1 20140730122753 00078
