000000822013121 00000082 2013 12 02 65 1121 1 _ _ 0068 1 4205 0 _ _ 1 20140627160711 24
000000822013121 00000082 2013 12 09 65 1121 1 _ _ 0068 1 4205 0 _ _ 1 20140627160711 24
000000822013121 00000082 2013 12 16 65 1121 1 _ _ 0068 1 4205 0 _ _ 1 20140627160711 24
000000822013121 00000082 2013 12 23 65 1121 1 _ _ 0068 1 4205 0 _ _ 1 20140627160711 24
000000822013122 00000082 2013 12 02 65 5002 1 _ _ 0068 1 225 0 _ _ 1 20140627160711 24
000000822013122 00000082 2013 12 09 65 5002 1 _ _ 0068 1 225 0 _ _ 1 20140627160711 24
000000822013122 00000082 2013 12 16 65 5002 1 _ _ 0068 1 225 0 _ _ 1 20140627160711 24
000000822013122 00000082 2013 12 23 65 5002 1 _ _ 0068 1 225 0 _ _ 1 20140627160711 24
000000822013123 00000082 2013 12 03 61 1211 1 15:15 16:14 0073 1 2440 0 _ _ 1 20140627160711 24
000000822013123 00000082 2013 12 07 61 1211 1 15:15 16:14 0073 1 2440 0 _ _ 1 20140627160711 24
000000822013123 00000082 2013 12 10 61 1211 1 15:15 16:14 0073 1 2440 0 _ _ 1 20140627160711 24
000000822013123 00000082 2013 12 14 61 1211 1 15:15 16:14 0073 1 2440 0 _ _ 1 20140627160711 24
000000822013123 00000082 2013 12 17 61 1211 1 15:15 16:14 0073 1 2440 0 _ _ 1 20140627160711 24
000000822013123 00000082 2013 12 21 61 1211 1 15:15 16:14 0073 1 2440 0 _ _ 1 20140627160711 24
000000822013123 00000082 2013 12 24 61 1211 1 15:15 16:14 0073 1 2440 0 _ _ 1 20140627160711 24
000000822013123 00000082 2013 12 28 61 1211 1 15:15 16:14 0073 1 2440 0 _ _ 1 20140627160711 24
000000822013123 00000082 2013 12 31 61 1211 1 15:15 16:14 0073 1 2440 0 _ _ 1 20140627160711 24
000000822013124 00000082 2013 12 03 61 4001 1 15:15 16:14 0073 1 200 0 _ _ 1 20140627160711 24
000000822013126 00000082 2013 12 01 67 1007 1 _ _ 0103 1 200 0 _ _ 1 20140627160711 24
000000822013127 00000082 2013 12 01 67 1009 1 _ _ 0103 1 200 0 _ _ 1 20140627160711 24
000000822014011 00000082 2014 01 04 61 1211 1 15:15 16:14 0073 1 2440 0 _ _ 1 20140613165139 24
000000822014011 00000082 2014 01 07 61 1211 1 15:15 16:14 0073 1 2440 0 _ _ 1 20140613165139 24
000000822014011 00000082 2014 01 11 61 1211 1 15:15 16:14 0073 1 2440 0 _ _ 1 20140613165139 24
000000822014011 00000082 2014 01 14 61 1211 1 15:15 16:14 0073 1 2440 0 _ _ 1 20140613165139 24
000000822014011 00000082 2014 01 18 61 1211 1 15:15 16:14 0073 1 2440 0 _ _ 1 20140613165139 24
000000822014011 00000082 2014 01 21 61 1211 1 15:15 16:14 0073 1 2440 0 _ _ 1 20140613165139 24
000000822014011 00000082 2014 01 25 61 1211 1 15:15 16:14 0073 1 2440 0 _ _ 1 20140613165139 24
000000822014011 00000082 2014 01 28 61 1211 1 15:15 16:14 0073 1 2440 0 _ _ 1 20140613165139 24
000000822014012 00000082 2014 01 01 65 1122 1 09:00 12:00 0068 _ 138 0 _ _ 1 20140613165139 24
000000822014012 00000082 2014 01 02 65 1122 1 09:00 12:00 0068 _ 138 0 _ _ 1 20140613165139 24
000000822014012 00000082 2014 01 03 65 1122 1 09:00 12:00 0068 _ 138 0 _ _ 1 20140613165139 24
000000822014012 00000082 2014 01 04 65 1122 1 09:00 12:00 0068 _ 138 0 _ _ 1 20140613165139 24
000000822014012 00000082 2014 01 05 65 1122 1 09:00 12:00 0068 _ 138 0 _ _ 1 20140613165139 24
000000822014012 00000082 2014 01 06 65 1122 1 09:00 12:00 0068 _ 138 0 _ _ 1 20140613165139 24
000000822014012 00000082 2014 01 07 65 1122 1 09:00 12:00 0068 _ 138 0 _ _ 1 20140613165139 24
000000822014013 00000082 2014 01 01 67 1009 1 _ _ 0103 1 200 0 _ _ 1 20140613165139 24
000000822014014 00000082 2014 01 01 67 1007 1 _ _ 0103 1 200 0 _ _ 1 20140613165139 24
000000822014021 00000082 2014 02 01 61 1211 1 15:15 16:14 0073 1 2440 0 _ _ 1 20140613170010 24
000000822014021 00000082 2014 02 04 61 1211 1 15:15 16:14 0073 1 2440 0 _ _ 1 20140613170010 24
000000822014021 00000082 2014 02 11 61 1211 1 15:15 16:14 0073 1 2440 0 _ _ 1 20140613170010 24
000000822014021 00000082 2014 02 15 61 1211 1 15:15 16:14 0073 1 2440 0 _ _ 1 20140613170010 24
000000822014021 00000082 2014 02 18 61 1211 1 15:15 16:14 0073 1 2440 0 _ _ 1 20140613170010 24
000000822014021 00000082 2014 02 22 61 1211 1 15:15 16:14 0073 1 2440 0 _ _ 1 20140613170010 24
000000822014021 00000082 2014 02 25 61 1211 1 15:15 16:14 0073 1 2440 0 _ _ 1 20140613170010 24
000000822014022 00000082 2014 02 08 61 1211 1 13:30 14:30 0073 1 2440 0 _ _ 1 20140613170010 24
000000822014023 00000082 2014 02 17 65 1121 1 09:30 12:30 0095 1 4205 0 _ _ 1 20140613170010 24
000000822014023 00000082 2014 02 24 65 1121 1 09:30 12:30 0095 1 4205 0 _ _ 1 20140613170010 24
000000822014024 00000082 2014 02 17 65 5002 1 _ _ 0095 1 225 0 _ _ 1 20140613170010 24
000000822014024 00000082 2014 02 24 65 5002 1 _ _ 0095 1 225 0 _ _ 1 20140613170010 24
000000822014025 00000082 2014 02 01 67 1009 1 _ _ 0103 1 200 0 _ _ 1 20140613170010 24
000000822014026 00000082 2014 02 01 67 1007 1 _ _ 0103 1 200 0 _ _ 1 20140613170010 24
000000822014031 00000082 2014 03 01 61 1211 1 15:15 16:14 0073 1 2440 0 _ _ 1 20140613170849 24
000000822014031 00000082 2014 03 04 61 1211 1 15:15 16:14 0073 1 2440 0 _ _ 1 20140613170849 24
000000822014031 00000082 2014 03 08 61 1211 1 15:15 16:14 0073 1 2440 0 _ _ 1 20140613170849 24
000000822014031 00000082 2014 03 11 61 1211 1 15:15 16:14 0073 1 2440 0 _ _ 1 20140613170849 24
000000822014031 00000082 2014 03 15 61 1211 1 15:15 16:14 0073 1 2440 0 _ _ 1 20140613170849 24
000000822014031 00000082 2014 03 18 61 1211 1 15:15 16:14 0073 1 2440 0 _ _ 1 20140613170849 24
000000822014031 00000082 2014 03 22 61 1211 1 15:15 16:14 0073 1 2440 0 _ _ 1 20140613170849 24
000000822014031 00000082 2014 03 25 61 1211 1 15:15 16:14 0073 1 2440 0 _ _ 1 20140613170849 24
000000822014031 00000082 2014 03 29 61 1211 1 15:15 16:14 0073 1 2440 0 _ _ 1 20140613170849 24
000000822014032 00000082 2014 03 03 65 1121 1 09:30 12:30 0095 1 4205 0 _ _ 1 20140613170849 24
000000822014032 00000082 2014 03 10 65 1121 1 09:30 12:30 0095 1 4205 0 _ _ 1 20140613170849 24
000000822014032 00000082 2014 03 17 65 1121 1 09:30 12:30 0095 1 4205 0 _ _ 1 20140613170849 24
000000822014032 00000082 2014 03 24 65 1121 1 09:30 12:30 0095 1 4205 0 _ _ 1 20140613170849 24
000000822014033 00000082 2014 03 03 65 5002 1 _ _ 0095 1 225 0 _ _ 1 20140613170849 24
000000822014033 00000082 2014 03 10 65 5002 1 _ _ 0095 1 225 0 _ _ 1 20140613170849 24
000000822014033 00000082 2014 03 17 65 5002 1 _ _ 0095 1 225 0 _ _ 1 20140613170849 24
000000822014033 00000082 2014 03 24 65 5002 1 _ _ 0095 1 225 0 _ _ 1 20140613170849 24
000000822014034 00000082 2014 03 01 67 1009 1 _ _ 0103 1 200 0 _ _ 1 20140613170849 24
000000822014035 00000082 2014 03 01 67 1007 1 _ _ 0103 1 200 0 _ _ 1 20140613170849 24
000000822014041 00000082 2014 04 08 61 1211 1 15:15 16:14 0073 1 2452 0 _ _ 1 20140613171609 24
000000822014041 00000082 2014 04 12 61 1211 1 15:15 16:14 0073 1 2452 0 _ _ 1 20140613171609 24
000000822014041 00000082 2014 04 15 61 1211 1 15:15 16:14 0073 1 2452 0 _ _ 1 20140613171609 24
000000822014041 00000082 2014 04 19 61 1211 1 15:15 16:14 0073 1 2452 0 _ _ 1 20140613171609 24
000000822014041 00000082 2014 04 22 61 1211 1 15:15 16:14 0073 1 2452 0 _ _ 1 20140613171609 24
000000822014041 00000082 2014 04 26 61 1211 1 15:15 16:14 0073 1 2452 0 _ _ 1 20140613171609 24
000000822014041 00000082 2014 04 29 61 1211 1 15:15 16:14 0073 1 2452 0 _ _ 1 20140613171609 24
000000822014042 00000082 2014 04 14 65 1121 1 09:30 12:30 0095 1 4236 0 _ _ 1 20140613171609 24
000000822014042 00000082 2014 04 21 65 1121 1 09:30 12:30 0095 1 4236 0 _ _ 1 20140613171609 24
000000822014042 00000082 2014 04 28 65 1121 1 09:30 12:30 0095 1 4236 0 _ _ 1 20140613171609 24
000000822014043 00000082 2014 04 14 65 5002 1 _ _ 0095 1 225 0 _ _ 1 20140613171609 24
000000822014043 00000082 2014 04 21 65 5002 1 _ _ 0095 1 225 0 _ _ 1 20140613171609 24
000000822014043 00000082 2014 04 28 65 5002 1 _ _ 0095 1 225 0 _ _ 1 20140613171609 24
000000822014044 00000082 2014 04 01 67 1009 1 _ _ 0103 1 200 0 _ _ 1 20140613171609 24
000000822014045 00000082 2014 04 01 67 1007 1 _ _ 0103 1 200 0 _ _ 1 20140613171609 24
000000822014051 00000082 2014 05 03 61 1211 1 15:15 16:14 0073 1 2452 0 _ _ 1 20140626195853 78
000000822014051 00000082 2014 05 06 61 1211 1 15:15 16:14 0073 1 2452 0 _ _ 1 20140626195853 78
000000822014051 00000082 2014 05 10 61 1211 1 15:15 16:14 0073 1 2452 0 _ _ 1 20140626195853 78
000000822014051 00000082 2014 05 13 61 1211 1 15:15 16:14 0073 1 2452 0 _ _ 1 20140626195853 78
000000822014051 00000082 2014 05 17 61 1211 1 15:15 16:14 0073 1 2452 0 _ _ 1 20140626195853 78
000000822014052 00000082 2014 05 05 65 1121 1 09:30 12:30 0082 1 4236 0 _ _ 1 20140626195853 78
000000822014052 00000082 2014 05 12 65 1121 1 09:30 12:30 0082 1 4236 0 _ _ 1 20140626195853 78
000000822014052 00000082 2014 05 19 65 1121 1 09:30 12:30 0082 1 4236 0 _ _ 1 20140626195853 78
000000822014052 00000082 2014 05 26 65 1121 1 09:30 12:30 0082 1 4236 0 _ _ 1 20140626195853 78
000000822014053 00000082 2014 05 05 65 1121 1 _ _ 0082 1 4236 0 _ _ 1 20140626195853 78
000000822014053 00000082 2014 05 12 65 1121 1 _ _ 0082 1 4236 0 _ _ 1 20140626195853 78
000000822014053 00000082 2014 05 19 65 1121 1 _ _ 0082 1 4236 0 _ _ 1 20140626195853 78
000000822014053 00000082 2014 05 26 65 1121 1 _ _ 0082 1 4236 0 _ _ 1 20140626195853 78
000000822014054 00000082 2014 05 05 65 5002 1 _ _ 0082 1 225 0 _ _ 1 20140626195853 78
000000822014054 00000082 2014 05 12 65 5002 1 _ _ 0082 1 225 0 _ _ 1 20140626195853 78
000000822014054 00000082 2014 05 19 65 5002 1 _ _ 0082 1 225 0 _ _ 1 20140626195853 78
000000822014054 00000082 2014 05 26 65 5002 1 _ _ 0082 1 225 0 _ _ 1 20140626195853 78
000000822014055 00000082 2014 05 01 67 1007 1 _ _ 0103 1 200 0 _ _ 1 20140626195853 78
000000822014056 00000082 2014 05 01 67 1009 1 _ _ 0103 1 200 0 _ _ 1 20140626195853 78
