1004 00000001 20140101 99999999 1 20140101 00077
1004 00000002 20140101 99999999 1 20140101 00077
1004 00000003 20140101 99999999 1 20140101 00077
1004 00000005 20140101 99999999 1 20140101 00077
1004 00000006 20140101 99999999 1 20140101 00077
1004 00000007 20140101 99999999 1 20140101 00077
1004 00000008 20140101 99999999 1 20140101 00077
1004 00000009 20140101 99999999 1 20140101 00077
1004 00000010 20140101 99999999 1 20140101 00077
1004 00000011 20140101 99999999 1 20140101 00077
1004 00000012 20140101 99999999 1 20140101 00077
1004 00000013 20140101 99999999 1 20140101 00077
1004 00000014 20140101 99999999 1 20140101 00077
1004 00000015 20140101 99999999 1 20140101 00077
1004 00000016 20140101 99999999 1 20140101 00077
1004 00000017 20140101 99999999 1 20140101 00077
1004 00000018 20140101 99999999 1 20140101 00077
1004 00000019 20140101 99999999 1 20140101 00077
1004 00000020 20140101 99999999 1 20140101 00077
1004 00000021 20140101 99999999 1 20140101 00077
1004 00000022 20140101 99999999 1 20140101 00077
1004 00000023 20140101 99999999 1 20140101 00077
1004 00000024 20140101 99999999 1 20140101 00077
1004 00000025 20140101 99999999 1 20140101 00077
1004 00000026 20140101 99999999 1 20140101 00077
1004 00000027 20140101 99999999 1 20140101 00077
1004 00000028 20140101 99999999 1 20140101 00077
1004 00000029 20140101 99999999 1 20140101 00077
1004 00000030 20140101 99999999 1 20140101 00077
1004 00000031 20140101 99999999 1 20140101 00077
1004 00000032 20140101 99999999 1 20140101 00077
1004 00000033 20140101 99999999 1 20140101 00077
1004 00000034 20140101 99999999 1 20140101 00077
1004 00000035 20140101 99999999 1 20140101 00077
1004 00000036 20140101 99999999 1 20140101 00077
1004 00000037 20140101 99999999 1 20140101 00077
1004 00000038 20140101 99999999 1 20140101 00077
1004 00000039 20140101 99999999 1 20140101 00077
1004 00000040 20140101 99999999 1 20140101 00077
1004 00000041 20140101 99999999 1 20140101 00077
1004 00000042 20140101 99999999 1 20140101 00077
1004 00000044 20140101 99999999 1 20140101 00077
1004 00000045 20140101 99999999 1 20140101 00077
1004 00000046 20140101 99999999 1 20140101 00077
1004 00000047 20140101 99999999 1 20140101 00077
1004 00000048 20140101 99999999 1 20140101 00077
1004 00000049 20140101 99999999 1 20140101 00077
1004 00000050 20140101 99999999 1 20140101 00077
1004 00000051 20140101 99999999 1 20140101 00077
1004 00000052 20140101 99999999 1 20140101 00077
1004 00000053 20140101 99999999 1 20140101 00077
1004 00000054 20140101 99999999 1 20140101 00077
1004 00000055 20140101 99999999 1 20140101 00077
1004 00000056 20140101 99999999 1 20140101 00077
1004 00000057 20140101 99999999 1 20140101 00077
1004 00000058 20140101 99999999 1 20140101 00077
1004 00000059 20140101 99999999 1 20140101 00077
1004 00000060 20140101 99999999 1 20140101 00077
1004 00000061 20140101 99999999 1 20140101 00077
1004 00000062 20140101 99999999 1 20140101 00077
1004 00000063 20140101 99999999 1 20140101 00077
1004 00000064 20140101 99999999 1 20140101 00077
1004 00000065 20140101 99999999 1 20140101 00077
1004 00000066 20140101 99999999 1 20140101 00077
1004 00000067 20140101 99999999 1 20140101 00077
1004 00000068 20140101 99999999 1 20140101 00077
1004 00000069 20140101 99999999 1 20140101 00077
1004 00000070 20140101 99999999 1 20140101 00077
1004 00000071 20140101 99999999 1 20140101 00077
1004 00000072 20140101 99999999 1 20140101 00077
1004 00000073 20140101 99999999 1 20140101 00077
1004 00000074 20140101 99999999 1 20140101 00077
1004 00000075 20140101 99999999 1 20140101 00077
1004 00000076 20140101 99999999 1 20140101 00077
1004 00000077 20140101 99999999 1 20140101 00077
1004 00000078 20140101 99999999 1 20140101 00077
1004 00000079 20140101 99999999 1 20140101 00077
1004 00000080 20140101 99999999 1 20140101 00077
1004 00000081 20140101 99999999 1 20140101 00077
1004 00000082 20140101 99999999 1 20140101 00077
1004 00000083 20140101 99999999 1 20140101 00077
1004 00000084 20140101 99999999 1 20140101 00077
1004 00000085 20140101 99999999 1 20140101 00077
1004 00000086 20140101 99999999 1 20140101 00077
1004 00000087 20140101 99999999 1 20140101 00077
1004 00000090 20140101 99999999 1 20140101 00077
1004 00000091 20140101 99999999 1 20140101 00077
1004 00000092 20140101 99999999 1 20140101 00078
1004 00000093 20140101 99999999 1 20140101 00077
1004 00000094 20140101 99999999 1 20140101 00077
1004 00000095 20140101 99999999 1 20140101 00077
1004 00000096 20140101 99999999 1 20140101 00077
1004 00000097 20140101 99999999 1 20140101 00077
1004 00000098 20140101 99999999 1 20140101 00077
1004 00000099 20140101 99999999 1 20140101 00077
1004 00000100 20140101 99999999 1 20140101 00077
1004 00000102 20140101 99999999 1 20140101 00077
1004 00000103 20140101 99999999 1 20140101 00077
1004 00000104 20140101 99999999 1 20140101 00077
1004 00000105 20140101 99999999 1 20140101 00077
1004 00000107 20131001 99999999 1 20140415191614 00013
1004 00000109 20140101 99999999 1 20140101 00077
1004 00000110 20140101 99999999 1 20140101 00077
1004 00000111 20140101 99999999 1 20140101 00077
1004 00000112 20140101 99999999 1 20140101 00077
1004 00000113 20140101 99999999 1 20140101 00077
1004 00000114 20140101 99999999 1 20140101 00077
1004 00000115 20140101 99999999 1 20140101 00077
1004 00000116 20131110 20131215 1 20140402202140 00013
1004 00000117 20140101 99999999 1 20140101 00077
1004 00000118 20140101 99999999 1 20140101 00077
1004 00000119 20140101 99999999 1 20140101 00077
1004 00000120 20140101 99999999 1 20140101 00077
1004 00000121 20140101 99999999 1 20140101 00077
1004 00000134 20140413 99999999 1 20140421225504 00013
1004 00000135 20140413 99999999 1 20140421225329 00013
1004 00000139 20140413 99999999 1 20140421225413 00013
1004 00000140 20140427 99999999 1 20140428202822 00013
1004 00000141 20140423 99999999 1 20140421225545 00013
1004 00000142 20140423 99999999 1 20140425223700 00013
1004 00000143 20140503 99999999 1 20140503085237 00013
1005 00000201 20140101 99999999 1 20140101000000 00077
1005 00000202 20140101 99999999 1 20140101000000 00077
1005 00000203 20140101 99999999 1 20140101000000 00077
1005 00000204 20140101 99999999 1 20140101000000 00077
1005 00000205 20140101 99999999 1 20140101000000 00077
1005 00000206 20140101 99999999 1 20140101000000 00077
1005 00000207 20140101 99999999 1 20140101000000 00077
1005 00000208 20140101 99999999 1 20140101000000 00077
1005 00000209 20140101 99999999 1 20140101000000 00077
1005 00000210 20140101 99999999 1 20140101000000 00077
1005 00000211 20140101 99999999 1 20140101000000 00077
1005 00000212 20140101 99999999 1 20140101000000 00077
1005 00000213 20140101 99999999 1 20140101000000 00077
1005 00000214 20140101 99999999 1 20140101000000 00077
1005 00000215 20140101 99999999 1 20140101000000 00077
1005 00000216 20140101 99999999 1 20140101000000 00077
1005 00000217 20140101 99999999 1 20140101000000 00077
1005 00000218 20140101 99999999 1 20140101000000 00077
1005 00000219 20140101 99999999 1 20140101000000 00077
1005 00000220 20140101 99999999 1 20140101000000 00077
1005 00000221 20140101 99999999 1 20140101000000 00077
1005 00000223 20140101 99999999 1 20140101000000 00077
1005 00000224 20140101 99999999 1 20140101000000 00077
1005 00000225 20140101 99999999 1 20140101000000 00077
1005 00000226 20140101 99999999 1 20140101000000 00077
1005 00000227 20140101 99999999 1 20140101000000 00077
1005 00000228 20140101 99999999 1 20140101000000 00077
1005 00000229 20140101 99999999 1 20140101000000 00077
1005 00000230 20140101 99999999 1 20140101000000 00077
1005 00000231 20140101 99999999 1 20140101000000 00077
1005 00000232 20140101 99999999 1 20140101000000 00077
1005 00000233 20140101 99999999 1 20140101000000 00077
1005 00000234 20140101 99999999 1 20140101000000 00077
1005 00000235 20140101 99999999 1 20140101000000 00077
1005 00000236 20140101 99999999 1 20140101000000 00077
1005 00000237 20140101 99999999 1 20140101000000 00077
1005 00000238 20140101 99999999 1 20140101000000 00077
1005 00000239 20140101 99999999 1 20140101000000 00077
1005 00000240 20140101 99999999 1 20140101000000 00077
1005 00000241 20140101 99999999 1 20140101000000 00077
1005 00000242 20140101 99999999 1 20140101000000 00077
1005 00000243 20140101 99999999 1 20140101000000 00077
1005 00000244 20140101 99999999 1 20140101000000 00077
1005 00000245 20140101 99999999 1 20140101000000 00077
1005 00000246 20140101 99999999 1 20140101000000 00077
1005 00000247 20140101 99999999 1 20140101000000 00077
1005 00000248 20140101 99999999 1 20140101000000 00077
1005 00000249 20140101 99999999 1 20140101000000 00077
1005 00000250 20140101 99999999 1 20140101000000 00077
1005 00000251 20140101 99999999 1 20140101000000 00077
