00000231 2013 02 26 15:00 16:00 61 1111 0107 11.26 1 1220 1 20140704111558 00078
00000231 2013 03 05 15:00 16:00 61 1111 0107 11.26 1 1220 1 20140704111545 00078
00000231 2013 03 12 15:00 16:00 61 1111 0107 11.26 1 1220 1 20140704111545 00078
00000231 2013 03 21 15:00 16:00 61 1111 0107 11.26 1 1220 1 20140704111545 00078
00000231 2013 03 28 15:00 16:00 61 1111 0107 11.26 1 1220 1 20140704111545 00078
00000231 2013 04 04 14:10 15:10 61 1111 0107 11.26 1 1220 1 20140704111529 00078
00000231 2013 04 11 14:10 15:10 61 1111 0107 11.26 1 1220 1 20140704111529 00078
00000231 2013 04 18 14:10 15:10 61 1111 0107 11.26 1 1220 1 20140704111529 00078
00000231 2013 04 25 14:10 15:10 61 1111 0107 11.26 1 1220 1 20140704111529 00078
00000231 2013 05 02 14:10 15:10 61 1111 0107 11.26 1 1220 1 20140704111509 00078
00000231 2013 05 09 14:10 15:10 61 1111 0107 11.26 1 1220 1 20140704111509 00078
00000231 2013 05 16 14:10 15:10 61 1111 0107 11.26 1 1220 1 20140704111509 00078
00000231 2013 05 23 14:10 15:10 61 1111 0107 11.26 1 1220 1 20140704111509 00078
00000231 2013 05 30 14:10 15:10 61 1111 0107 11.26 1 1220 1 20140704111509 00078
00000231 2013 06 06 14:10 15:10 61 1111 0107 11.26 1 1220 1 20140704111458 00078
00000231 2013 06 13 14:10 15:10 61 1111 0107 11.26 1 1220 1 20140704111458 00078
00000231 2013 06 27 14:10 15:10 61 1111 0107 11.26 1 1220 1 20140704111458 00078
00000231 2013 07 04 14:10 15:10 61 1111 0107 11.26 1 1220 1 20140704111447 00078
00000231 2013 07 11 14:10 15:10 61 1111 0107 11.26 1 1220 1 20140704111447 00078
00000231 2013 07 18 14:10 15:10 61 1111 0107 11.26 1 1220 1 20140704111447 00078
00000231 2013 07 25 14:10 15:10 61 1111 0107 11.26 1 1220 1 20140704111447 00078
00000231 2013 08 01 14:10 15:10 61 1111 0107 11.26 1 1220 1 20140704111435 00078
00000231 2013 08 08 14:10 15:10 61 1111 0107 11.26 1 1220 1 20140704111435 00078
00000231 2013 08 15 14:10 15:10 61 1111 0107 11.26 1 1220 1 20140704111435 00078
00000231 2013 08 29 14:10 15:10 61 1111 0107 11.26 1 1220 1 20140704111435 00078
00000231 2013 09 07 13:00 14:00 61 1111 0107 11.26 1 1220 1 20140704111419 00078
00000231 2013 09 14 13:00 14:00 61 1111 0107 11.26 1 1220 1 20140704111419 00078
00000231 2013 09 21 13:00 14:00 61 1111 0107 11.26 1 1220 1 20140704111419 00078
00000231 2013 09 28 13:00 14:00 61 1111 0107 11.26 1 1220 1 20140704111419 00078
00000231 2013 10 05 13:00 14:00 61 1111 0107 11.26 1 1220 1 20140704111402 00078
00000231 2013 10 12 13:00 14:00 61 1111 0107 11.26 1 1220 1 20140704111402 00078
00000231 2013 10 19 13:00 14:00 61 1111 0107 11.26 1 1220 1 20140704111402 00078
00000231 2013 10 26 13:00 14:00 61 1111 0107 11.26 1 1220 1 20140704111402 00078
00000231 2013 11 02 13:00 14:00 61 1111 0107 11.26 1 1220 1 20140704111347 00078
00000231 2013 11 09 13:00 14:00 61 1111 0107 11.26 1 1220 1 20140704111347 00078
00000231 2013 12 28 15:50 16:50 61 1321 0107 11.26 1 3870 1 20140704111329 00078
00000231 2013 12 30 15:50 16:50 61 1321 0107 11.26 1 3870 1 20140704111329 00078
00000231 2014 01 04 15:50 16:50 61 1321 0107 11.26 1 3870 1 20140617203854 00049
00000231 2014 01 06 15:50 16:50 61 1321 0107 11.26 1 3870 1 20140617203854 00049
00000231 2014 01 09 15:50 16:50 61 1321 0107 11.26 1 3870 1 20140617203854 00049
00000231 2014 01 11 15:50 16:50 61 1321 0107 11.26 1 3870 1 20140617203854 00049
00000231 2014 01 13 15:50 16:50 61 1321 0107 11.26 1 3870 1 20140617203854 00049
00000231 2014 01 18 15:50 16:50 61 1321 0107 11.26 1 3870 1 20140617203854 00049
00000231 2014 01 20 15:50 16:50 61 1321 0107 11.26 1 3870 1 20140617203854 00049
00000231 2014 01 24 15:50 16:50 61 1321 0107 11.26 1 3870 1 20140617203854 00049
00000231 2014 01 25 15:50 16:50 61 1321 0107 11.26 1 3870 1 20140617203854 00049
00000231 2014 01 27 15:50 16:50 61 1321 0107 11.26 1 3870 1 20140617203854 00049
00000231 2014 02 01 15:50 16:50 61 1321 0107 11.26 1 3870 1 20140617203512 00049
00000231 2014 02 03 15:50 16:50 61 1321 0107 11.26 1 3870 1 20140617203512 00049
00000231 2014 02 08 15:50 16:50 61 1321 0107 11.26 1 3870 1 20140617203512 00049
00000231 2014 02 10 15:50 16:50 61 1321 0107 11.26 1 3870 1 20140617203512 00049
00000231 2014 02 15 15:50 16:50 61 1321 0107 11.26 1 3870 1 20140617203512 00049
00000231 2014 02 22 15:50 16:50 61 1321 0107 11.26 1 3870 1 20140617203512 00049
00000231 2014 02 24 15:50 16:50 61 1321 0107 11.26 1 3870 1 20140617203512 00049
00000231 2014 03 01 15:50 16:50 61 1321 0107 11.26 1 3870 1 20140617202733 00049
00000231 2014 03 03 15:50 16:50 61 1321 0107 11.26 1 3870 1 20140617202733 00049
00000231 2014 03 08 15:50 16:50 61 1321 0107 11.26 1 3870 1 20140617202733 00049
00000231 2014 03 10 15:50 16:50 61 1321 0107 11.26 1 3870 1 20140617202733 00049
00000231 2014 03 15 15:50 16:50 61 1321 0107 11.26 1 3870 1 20140617202733 00049
00000231 2014 03 17 15:50 16:50 61 1321 0107 11.26 1 3870 1 20140617202733 00049
00000231 2014 03 22 15:50 16:50 61 1321 0107 11.26 1 3870 1 20140617202733 00049
00000231 2014 03 24 15:50 16:50 61 1321 0107 11.26 1 3870 1 20140617202733 00049
00000231 2014 03 29 15:50 16:50 61 1321 0107 11.26 1 3870 1 20140617202733 00049
00000231 2014 03 31 15:50 16:50 61 1321 0107 11.26 1 3870 1 20140617202733 00049
00000231 2014 04 04 15:50 16:50 61 1321 0107 11.26 1 3889 1 20140617202227 00049
00000231 2014 04 05 15:50 16:50 61 1321 0107 11.26 1 3889 1 20140617203043 00049
00000231 2014 04 06 15:50 16:50 61 1321 0107 11.26 1 3889 1 20140617202227 00049
00000231 2014 04 07 15:50 16:50 61 1321 0107 11.26 1 3889 1 20140617203043 00049
00000231 2014 04 09 15:50 16:50 61 1321 0107 11.26 1 3889 1 20140617202227 00049
00000231 2014 04 11 14:10 15:10 61 1321 0107 11.26 1 3889 1 20140617203043 00049
00000231 2014 04 11 15:50 16:50 61 1321 0107 11.26 1 3889 1 20140617202227 00049
00000231 2014 04 12 15:50 16:50 61 1321 0107 11.26 1 3889 1 20140617203043 00049
00000231 2014 04 13 15:50 16:50 61 1321 0107 11.26 1 3889 1 20140617202227 00049
00000231 2014 04 14 15:50 16:50 61 1321 0107 11.26 1 3889 1 20140617203043 00049
00000231 2014 04 18 15:50 16:50 61 1321 0107 11.26 1 3889 1 20140617202227 00049
00000231 2014 04 19 15:50 16:50 61 1321 0107 11.26 1 3889 1 20140617203043 00049
00000231 2014 04 20 15:50 16:50 61 1321 0107 11.26 1 3889 1 20140617202227 00049
00000231 2014 04 21 15:50 16:50 61 1321 0107 11.26 1 3889 1 20140617203043 00049
00000231 2014 04 24 15:50 16:50 61 1321 0107 11.26 1 3889 1 20140617202227 00049
00000231 2014 04 25 15:50 16:50 61 1321 0107 11.26 1 3889 1 20140617202227 00049
00000231 2014 04 26 15:50 16:50 61 1321 0107 11.26 1 3889 1 20140617203043 00049
00000231 2014 04 27 15:50 16:50 61 1321 0107 11.26 1 3889 1 20140617202227 00049
00000231 2014 04 28 15:50 16:50 61 1321 0107 11.26 1 3889 1 20140617203043 00049
00000231 2014 05 03 15:50 16:50 61 1321 0107 11.26 1 3889 1 20140624163341 00078
00000231 2014 05 10 15:50 16:50 61 1321 0107 11.26 1 3889 1 20140624163341 00078
00000231 2014 05 12 15:50 16:50 61 1321 0107 11.26 1 3889 1 20140624163341 00078
00000231 2014 05 17 15:50 16:50 61 1321 0107 11.26 1 3889 1 20140624163341 00078
00000231 2014 05 19 15:50 16:50 61 1321 0107 11.26 1 3889 1 20140624163341 00078
00000231 2014 07 11 13:00 13:59 61 1321 0107 11.26 1 3889 1 20140802130704 00047
00000231 2014 07 14 15:50 16:49 61 1321 0107 11.26 1 3889 1 20140802130704 00047
00000231 2014 07 18 16:00 16:59 61 1321 0107 11.26 1 3889 1 20140802130704 00047
00000231 2014 07 19 13:00 13:59 61 1321 0107 11.26 1 3889 1 20140802130704 00047
00000231 2014 07 21 15:50 16:49 61 1321 0107 11.26 1 3889 1 20140802130704 00047
00000231 2014 07 25 13:00 13:59 61 1321 0107 11.26 1 3889 1 20140802130704 00047
00000231 2014 07 28 15:50 16:49 61 1321 0107 11.26 1 3889 1 20140802130704 00047
