0000029 0001 003 1 20141126150547 00077
0000034 0002 001 1 20150209092527 00078
0000035 0002 004 1 20150209092645 00078
0000036 0002 004 1 20150209092752 00078
0000036 0002 008 1 20150209092752 00078
0000037 0001 001 1 20150209102900 00078
0000038 0003 008 1 20150209103001 00078
0000040 0004 006 1 20150209103133 00078
0000040 0004 009 1 20150209103133 00078
0000041 0001 002 1 20150209143550 00078
0000043 0001 002 1 20150224114229 00241
0000044 0001 001 1 20150226121818 00241
0000046 0001 1000 1 20150516153859 00078
0000047 0001 002 1 20150612113302 00078
0000050 0001 002 1 20150707170842 00247
0000052 1000 1000 1 20150831152229 00078
0000054 0001 1000 1 20150903100503 00077
0000056 1004 001 1 20150914151850 00078
0000056 1004 002 1 20150914151850 00078
0000056 1004 003 1 20150914151850 00078
0000057 0003 005 1 20150914153618 00078
0000059 0002 005 1 20150914160450 00078
0000059 0002 006 1 20150914160450 00078
0000059 0002 007 1 20150914160450 00078
0000060 1004 004 1 20150914160630 00078
0000062 1005 002 1 20150914164839 00078
0000062 1005 006 1 20150914164839 00078
0000062 1005 008 1 20150914164839 00078
00016 0001 001 1 20141120132125 00077
00016 0001 002 1 20141120132125 00077
00016 0001 003 1 20141120132125 00077
00016 0001 004 1 20141120132125 00077
00016 0001 005 1 20141120132125 00077
00016 0001 009 1 20141120132125 00077
00016 0001 1000 1 20141120132125 00077
00017 0001 001 9 20140825140627 00077
00017 0001 002 9 20140825140627 00077
00017 0001 003 9 20140825140627 00077
00017 0001 004 9 20140825140627 00077
00017 0001 e 9 20140825140627 00077
00017 0001 k 9 20140825140627 00077
00017 0001 o 9 20140825140627 00077
00017 0003 001 1 20140825140627 00077
00017 0003 1000 1 20140825140627 00077
00023 0003 001 1 20140828170050 00077
00023 0003 002 1 20140828170050 00077
00023 0003 003 1 20140828170050 00077
00023 0003 004 1 20140828170050 00077
00023 0003 005 1 20140828170050 00077
00023 0003 006 1 20140828170050 00077
00023 0003 007 1 20140828170050 00077
00023 0003 008 1 20140828170050 00077
00023 0003 009 1 20140828170050 00077
00023 0003 010 1 20140828170050 00077
00023 0003 1000 1 20140828170050 00077
