00000247 00002 00002 05 _ _ _ 1 0 0 0 _ 18時ごろ、支配人から「寺田様がお風呂場で倒れている」と連絡が入り\n対応する。磯野、上野、吉岡で先に大浴場へ伺うと、脱衣所の床にタオルが敷いており、\n肌着、スカートを着た状態で右側臥位になっていた。声かけに意識あり、顔色も特に問題ない様子。\n 0 0 1 20140817123155 00049
00000247 00002 00003 05 _ _ _ 1 0 0 0 _ _ 0 0 1 20140817123155 00049
00000247 00002 00004 05 _ _ _ 1 0 0 0 _ _ 0 0 1 20140817123155 00049
00000247 00003 00002 05 26 8 _ 3 0 0 0 _ 9日の18時ごろ、寺田様がお風呂場でのぼせたため、脱衣場で横になっておりました。その後看護師より状況確認し問題ないとのことでした。その後はお変わりなく過ごされております。\n 0 0 1 20140817123402 00049
00000247 00003 00003 05 _ _ _ 1 0 0 0 _ _ 0 0 1 20140817123402 00049
00000247 00003 00004 05 _ _ _ 1 0 0 0 _ _ 0 0 1 20140817123402 00049
00000247 00004 00002 05 26 8 _ 3 0 0 0 _ 9日の18時ごろ、寺田様がお風呂場でのぼせたため、脱衣場で横になっておりました。その後看護師より状況確認し問題ないとのことでした。その後はお変わりなく過ごされております。\n 0 0 1 20140817123418 00049
00000247 00004 00003 05 _ _ _ 1 0 0 0 _ _ 0 0 1 20140817123418 00049
00000247 00004 00004 05 _ _ _ 1 0 0 0 _ _ 0 0 1 20140817123418 00049
00000247 00005 00002 05 26 8 平成26年8月31日 3 0 1 0 _ 18時ごろ、支配人から「寺田様がお風呂場で倒れている」と連絡が入り\n対応する。磯野、上野、吉岡で先に大浴場へ伺うと、脱衣所の床にタオルが敷いており、\n肌着、スカートを着た状態で右側臥位になっていた。声かけに意識あり、顔色も特に問題ありませんでした。その後はお変わりなく過ごされております。\n 0 0 1 20141026190716 00049
00000247 00005 00003 05 26 9 平成26年9月30日 3 0 1 0 _ 今月のサービスは通常通り実施しております。サービス時は、埃取りを行なってくださいっています。足の浮腫は現在も見られており、朝の体操へ参加されております。 0 3 1 20141026190716 00049
00000247 00005 00004 05 26 10 平成26年10月31日 3 0 1 0 _ 3日訪問するも不在、確認したところレストランで食事中でした。そのため時間変更でサービスを行なっております。その後は変わらずサービスを行なっております。またサービス時は声かけにて、積極的に掃除を行なってくださいます。今後も無理なく声かけをしていきたいと思います。 0 3 1 20141026190716 00049
00000247 00006 00005 05 26 11 平成26年11月30日 3 0 1 0 _ 今月は28日の施設イベントのバスツアーに娘様と参加されております。そのため、30日にサービス振替えております。掃除の際は、ご自分でも積極的に動かれております。来月より、買い物同行行う事となりました。天候に合わせ買い物同行の対応方法を変更し、体調不良時には、サービス中止となりますが、様子を確認しながら行っていきます。 0 0 1 20141130213542 00049
00000247 00006 00006 05 _ _ _ 1 0 0 0 _ _ 0 0 1 20141130213542 00049
00000247 00006 00007 05 _ _ _ 1 0 0 0 _ _ 0 0 1 20141130213542 00049
