00000072 2014 06 02 16:30 17:29 61 1211 0073 10.84 1 2452 1 20140701101209 00034
00000072 2014 06 06 15:45 16:44 61 1211 0073 10.84 1 2452 1 20140701101209 00034
00000072 2014 06 09 16:30 17:29 61 1211 0073 10.84 1 2452 1 20140701101209 00034
00000072 2014 06 13 15:45 16:44 61 1211 0073 10.84 1 2452 1 20140701101209 00034
00000072 2014 06 16 16:30 17:29 61 1211 0073 10.84 1 2452 1 20140701101209 00034
00000072 2014 06 20 15:45 16:44 61 1211 0073 10.84 1 2452 1 20140701101209 00034
00000072 2014 06 23 16:30 17:29 61 1211 0073 10.84 1 2452 1 20140701101209 00034
00000072 2014 06 27 15:45 16:44 61 1211 0073 10.84 1 2452 1 20140701101209 00034
00000072 2014 06 30 16:30 17:29 61 1211 0073 10.84 1 2452 1 20140701101209 00034
00000072 2014 07 04 15:45 16:44 61 1211 0073 10.84 1 2452 1 20140731130351 00038
00000072 2014 07 07 16:30 17:29 61 1211 0073 10.84 1 2452 1 20140731130351 00038
00000072 2014 07 11 15:45 16:44 61 1211 0073 10.84 1 2452 1 20140731130351 00038
00000072 2014 07 14 16:30 17:29 61 1211 0073 10.84 1 2452 1 20140731130351 00038
00000072 2014 07 18 15:45 16:44 61 1211 0073 10.84 1 2452 1 20140731130351 00038
00000072 2014 07 21 16:30 17:29 61 1211 0073 10.84 1 2452 1 20140731130351 00038
00000072 2014 07 25 15:45 16:44 61 1211 0073 10.84 1 2452 1 20140731130351 00038
00000072 2014 07 28 16:30 17:29 61 1211 0073 10.84 1 2452 1 20140731130351 00038
