000012382014111 00001238 2014 11 01 15 2442 1 09:30 16:30 0395 1 817 0 _ _ 1 20141205172450 11
000012382014111 00001238 2014 11 03 15 2442 1 09:30 16:30 0395 1 817 0 _ _ 1 20141205172450 11
000012382014111 00001238 2014 11 04 15 2442 1 09:30 16:30 0395 1 817 0 _ _ 1 20141205172450 11
000012382014111 00001238 2014 11 05 15 2442 1 09:30 16:30 0395 1 817 0 _ _ 1 20141205172450 11
000012382014111 00001238 2014 11 06 15 2442 1 09:30 16:30 0395 1 817 0 _ _ 1 20141205172450 11
000012382014111 00001238 2014 11 07 15 2442 1 09:30 16:30 0395 1 817 0 _ _ 1 20141205172450 11
000012382014111 00001238 2014 11 08 15 2442 1 09:30 16:30 0395 1 817 0 _ _ 1 20141205172450 11
000012382014112 00001238 2014 11 01 15 5051 1 _ _ 0395 1 42 0 _ _ 1 20141205172450 11
000012382014112 00001238 2014 11 05 15 5051 1 _ _ 0395 1 42 0 _ _ 1 20141205172450 11
000012382014112 00001238 2014 11 06 15 5051 1 _ _ 0395 1 42 0 _ _ 1 20141205172450 11
000012382014112 00001238 2014 11 07 15 5051 1 _ _ 0395 1 42 0 _ _ 1 20141205172450 11
000012382014112 00001238 2014 11 08 15 5051 1 _ _ 0395 1 42 0 _ _ 1 20141205172450 11
000012382014113 00001238 2014 11 01 15 5301 1 _ _ 0395 1 50 0 _ _ 1 20141205172450 11
000012382014113 00001238 2014 11 03 15 5301 1 _ _ 0395 1 50 0 _ _ 1 20141205172450 11
000012382014113 00001238 2014 11 05 15 5301 1 _ _ 0395 1 50 0 _ _ 1 20141205172450 11
000012382014113 00001238 2014 11 07 15 5301 1 _ _ 0395 1 50 0 _ _ 1 20141205172450 11
000012382014114 00001238 2014 11 01 15 5611 1 _ _ 0395 1 -94 0 _ _ 1 20141205172450 11
000012382014114 00001238 2014 11 03 15 5611 1 _ _ 0395 1 -94 0 _ _ 1 20141205172450 11
000012382014114 00001238 2014 11 04 15 5611 1 _ _ 0395 1 -94 0 _ _ 1 20141205172450 11
000012382014114 00001238 2014 11 05 15 5611 1 _ _ 0395 1 -94 0 _ _ 1 20141205172450 11
000012382014114 00001238 2014 11 06 15 5611 1 _ _ 0395 1 -94 0 _ _ 1 20141205172450 11
000012382014114 00001238 2014 11 07 15 5611 1 _ _ 0395 1 -94 0 _ _ 1 20141205172450 11
000012382014114 00001238 2014 11 08 15 5611 1 _ _ 0395 1 -94 0 _ _ 1 20141205172450 11
000012382014115 00001238 2014 11 01 11 7211 1 16:30 17:14 0396 1 191 0 _ _ 1 20141205172450 11
000012382014115 00001238 2014 11 03 11 7211 1 16:30 17:14 0396 1 191 0 _ _ 1 20141205172450 11
000012382014115 00001238 2014 11 05 11 7211 1 16:30 17:14 0396 1 191 0 _ _ 1 20141205172450 11
000012382014115 00001238 2014 11 08 11 7211 1 16:30 17:14 0396 1 191 0 _ _ 1 20141205172450 11
000012382014116 00001238 2014 11 25 17 1001 1 _ _ 0101 1 250 0 _ _ 1 20141205172450 11
000012382014117 00001238 2014 11 01 17 1007 1 _ _ 0391 1 1150 0 _ _ 1 20141205172450 11
000012382014118 00001238 2014 11 01 17 1009 1 _ _ 0391 1 100 0 _ _ 1 20141205172450 11
000012382014121 00001238 2014 12 01 17 1001 _ _ _ 0101 1 500 0 _ _ 1 20141203143719 97
