00000047 0070 2013 11 0000024 14 00038 _ 17:00 17:59 _ _ 0 1211 1 11 1 20140626105127 00034
00000047 0070 2013 11 0000025 18 00035 _ 14:15 15:14 _ _ 0 1211 1 11 1 20140626105127 00034
00000047 0070 2013 11 0000026 21 00038 _ 17:00 17:59 _ _ 0 1211 1 11 1 20140626105127 00034
00000047 0070 2013 11 0000027 25 00035 _ 14:15 15:14 _ _ 0 1211 1 11 1 20140626105127 00034
00000047 0070 2013 11 0000028 28 00035 _ 17:00 17:59 _ _ 0 1211 1 11 1 20140626105127 00034
00000047 0070 2013 12 0000029 02 00037 _ 14:15 15:14 _ _ 0 1211 1 11 1 20140626110406 00034
00000047 0070 2013 12 0000030 05 00038 _ 17:00 17:59 _ _ 0 1211 1 11 1 20140626110406 00034
00000047 0070 2013 12 0000031 09 00038 _ 14:15 15:14 _ _ 0 1211 1 11 1 20140626110406 00034
00000047 0070 2013 12 0000032 16 00038 _ 14:15 15:14 _ _ 0 1211 1 11 1 20140626110406 00034
00000047 0070 2013 12 0000033 23 00037 _ 14:00 14:59 _ _ 0 1211 1 11 1 20140626110406 00034
00000047 0070 2013 12 0000034 30 00038 _ 14:15 15:14 _ _ 0 1211 1 11 1 20140626110406 00034
00000047 0070 2014 01 0000011 06 00037 _ 15:15 16:14 _ _ 0 1211 1 11 1 20140612104633 00034
00000047 0070 2014 01 0000012 13 00038 _ 15:15 16:14 _ _ 0 1211 1 11 1 20140612104633 00034
00000047 0070 2014 01 0000013 20 00037 _ 15:15 16:14 _ _ 0 1211 1 11 1 20140612104633 00034
00000047 0070 2014 01 0000014 27 00037 _ 15:15 16:14 _ _ 0 1211 1 11 1 20140612104633 00034
00000047 0070 2014 02 0000015 03 00038 _ 15:15 16:14 _ _ 0 1211 1 11 1 20140612105431 00034
00000047 0070 2014 02 0000016 10 00035 _ 15:15 16:14 _ _ 0 1211 1 11 1 20140612105431 00034
00000047 0070 2014 04 0000017 07 00037 _ 15:15 15:54 _ _ 0 7211 1 11 1 20140612110659 00034
00000047 0070 2014 04 0000018 14 00035 _ 15:15 15:54 _ _ 0 7211 1 11 1 20140612110659 00034
00000047 0070 2014 04 0000019 21 00035 _ 15:15 15:54 _ _ 0 7211 1 11 1 20140612110659 00034
00000047 0070 2014 04 0000020 28 00038 _ 15:15 15:54 _ _ 0 7211 1 11 1 20140612110659 00034
00000047 0070 2014 05 0000021 05 00038 _ 15:15 15:54 2 _ 0 7211 1 11 1 20140815172616 00034
00000047 0070 2014 05 0000022 12 00038 _ 15:15 15:54 2 _ 0 7211 1 11 1 20140815172616 00034
00000047 0070 2014 05 0000023 19 00037 _ 15:15 15:54 2 _ 0 7211 1 11 1 20140815172616 00034
00000047 0070 2014 05 0000035 26 00045 _ 15:15 15:54 2 _ 0 7211 1 11 1 20140815172616 00034
00000047 0070 2014 06 0000002 02 00037 _ 15:15 15:54 2 _ 0 7211 1 11 1 20140613111130 00037
00000047 0070 2014 06 0000003 09 00045 _ 15:15 15:54 2 _ 0 7211 1 11 1 20140613111130 00037
00000047 0070 2014 06 0000004 16 00045 _ 15:15 15:54 2 _ 0 7211 1 11 1 20140625115536 00038
00000047 0070 2014 06 0000005 23 00037 _ 15:15 15:54 2 _ 0 7211 1 11 1 20140625115536 00038
00000047 0070 2015 05 0000036 04 00014 _ 15:15 16:14 1 _ 0 1211 1 11 1 20150507110237 00241
00000047 0070 2015 05 0000037 11 00011 _ 15:15 16:14 1 _ 0 1211 1 11 1 20150507110237 00241
00000047 0070 2015 05 0000038 18 00036 _ 15:15 16:14 1 _ 0 1211 1 11 1 20150507110237 00241
00000047 0070 2015 05 0000039 25 00019 _ 15:15 16:14 1 _ 0 1211 1 11 1 20150507110237 00241
00000047 0070 2015 05 0000040 04 00014 _ 15:15 16:14 1 _ 0 1211 1 11 1 20150507110333 00241
00000047 0070 2015 05 0000041 11 00011 _ 15:15 16:14 1 _ 0 1211 1 11 1 20150507110333 00241
00000047 0070 2015 05 0000042 18 00036 _ 15:15 16:14 1 _ 0 1211 1 11 1 20150507110333 00241
00000047 0070 2015 05 0000043 25 00019 _ 15:15 16:14 1 _ 0 1211 1 11 1 20150507110333 00241
00000047 0070 2015 05 0000044 18 00016 _ 18:15 19:00 4 _ 0 4112 1 11 1 20150507110333 00241
