00000141 00002 00002 05 26 6 平成26年6月29日 3 0 0 0 _ プラン通りに実施できています。6/4（水）～6/10（火）まで外泊をされました。6/6(金)と6/10（火）はサービスキャンセルとなっております。毎週金曜日の午前中にデイサービス、午後に入浴と予定が重なっており、ご本人がお疲れのため、入浴できないことが先月、ありましたが、プラン変更後は問題ありません。6/11（水）から入浴日が水曜日と土曜日に変更になっています。足の指に痒みあり、入浴後、お薬を塗布しています。改善傾向です。6/28(土\n)左膝にイボができており、浸出液がみられています。洗髪・洗身、ご自身でされています。 1 3 1 20140629110802 00014
00000141 00002 00003 05 _ _ _ 1 0 0 0 _ _ 0 0 1 20140629110802 00014
00000141 00002 00004 05 _ _ _ 1 0 0 0 _ _ 0 0 1 20140629110802 00014
00000141 00003 00002 05 26 7 平成26年7月31日 3 0 0 0 _ プラン通りにサービス実施できています。肌が乾燥していて身体の痒みを訴えることがあります。左ソケイ部や左脇下に発疹、左膝にイボのようなものができています。入浴後に看護師へ報告し、処置していただいてます。洗身や洗髪などはお声掛けにてご自分でして下さっています。手の届かない所をヘルパーが介助しています。入浴中は以前されていたお仕事のお話をして下さいました。以前の奥様のご要望で、洗身の際は、石鹸を使用しないとなっていましたが、やはり月に一度は石鹸を使用して欲しいとお話がありましたので、月初めのサービスで石鹸を使用することになりました。 1 3 1 20141004125351 00014
00000141 00003 00003 05 26 8 平成26年8月31日 3 0 0 0 _ 8/9（土）～8/12（火）まで外泊をされました。8/9（土）はサービスキャンセルとなっています。8/20（水）に新都市脳神経外科通院（認知症MRI、脳の血流検査）がありました。訪問介護自費サービスでヘルパーが同行し、受診されています。8/13（水）ですが、他ご利用者のご都合により、ご本人に確認の上、14:00～15:05にサービス時間変更させて頂いています。入浴時、左脇周囲にポツポツと発赤がみられ、痒みの訴えもありました。8/16（土）も発赤持続。入浴後に保湿クリームを塗布しています。8/20（水）は通院のため、サービスキャンセルです。8/23（土）にシーツ交換と掃除を振替で行いました。 1 3 1 20141004125351 00014
00000141 00003 00004 05 26 9 平成26年9月30日 3 0 0 0 _ プラン通りにサービス実施できています。背中に掻きこわしがあり、入浴後にヒルドイドローションを塗布しています。足指間にはゼフナード塗布していますが、皮むけ等はなく、状態良好です。ご本人から痒みの訴えはありませんが、左脇に湿疹ができていることがあり、テクスメテン軟膏を塗布しています。奥様より10/9（木）新都市脳神経外科の通院同行の依頼がありました。8/20（水）の検査結果では、大脳基底核変性症・正常圧水頭症の疑いとまでしか分からず、確定診断のためにはダットスキャンの検査が必要と吉澤Ｄｒからお話があったようです。当日は11時に注射、14時に撮影の予定となっています。 1 3 1 20141004125351 00014
00000141 00004 00002 05 26 7 平成26年7月31日 3 0 0 0 _ プラン通りにサービス実施できています。肌が乾燥していて身体の痒みを訴えることがあります。左ソケイ部や左脇下に発疹、左膝にイボのようなものができています。入浴後に看護師へ報告し、処置していただいてます。洗身や洗髪などはお声掛けにてご自分でして下さっています。手の届かない所をヘルパーが介助しています。入浴中は以前されていたお仕事のお話をして下さいました。以前の奥様のご要望で、洗身の際は、石鹸を使用しないとなっていましたが、やはり月に一度は石鹸を使用して欲しいとお話がありましたので、月初めのサービスで石鹸を使用することになりました。 1 3 1 20141030213650 00014
00000141 00004 00003 05 26 8 平成26年8月31日 3 0 0 0 _ 8/9（土）～8/12（火）まで外泊をされました。8/9（土）はサービスキャンセルとなっています。8/20（水）に新都市脳神経外科通院（認知症MRI、脳の血流検査）がありました。訪問介護自費サービスでヘルパーが同行し、受診されています。8/13（水）ですが、他ご利用者のご都合により、ご本人に確認の上、14:00～15:05にサービス時間変更させて頂いています。入浴時、左脇周囲にポツポツと発赤がみられ、痒みの訴えもありました。8/16（土）も発赤持続。入浴後に保湿クリームを塗布しています。8/20（水）は通院のため、サービスキャンセルです。8/23（土）にシーツ交換と掃除を振替で行いました。 1 3 1 20141030213650 00014
00000141 00004 00004 05 26 9 平成26年9月30日 3 0 0 0 _ プラン通りにサービス実施できています。背中に掻きこわしがあり、入浴後にヒルドイドローションを塗布しています。足指間にはゼフナード塗布していますが、皮むけ等はなく、状態良好です。ご本人から痒みの訴えはありませんが、左脇に湿疹ができていることがあり、テクスメテン軟膏を塗布しています。奥様より10/9（木）新都市脳神経外科の通院同行の依頼がありました。8/20（水）の検査結果では、大脳基底核変性症・正常圧水頭症の疑いとまでしか分からず、確定診断のためにはダットスキャンの検査が必要と吉澤Ｄｒからお話があったようです。当日は11時に注射、14時に撮影の予定となっています。 1 3 1 20141030213650 00014
00000141 00004 00005 05 26 10 平成26年10月30日 1 0 0 0 _ _ 0 0 1 20141030213726 00014
00000141 00004 00006 05 _ _ _ 1 0 0 0 _ _ 0 0 1 20141030213726 00014
00000141 00004 00007 05 _ _ _ 1 0 0 0 _ _ 0 0 1 20141030213726 00014
00000141 00005 00008 05 26 10 平成26年10月30日 3 0 0 0 _ プラン通りにサービス実施できています。\n他ご利用者の都合により、ご本人に相談の上、サービス日時を変更させて頂きました。\n10/20（月）より変更となっています。午前中の入浴は問題ありません。\n10/15（水）ですが、入浴時、背部、腰部、下肢、左脇下に掻きこわしを発見しました。クリーム塗布しています。痒みの訴えはありませんでした。手の届きにくい所のみ介助させて頂いております。10/9（水）自費サービスにて新都市脳神経外科通院されました。ダットスキャン検査結果については後日、クリニック医庵より連絡がございます。 1 1 1 20141127205319 00014
00000141 00005 00009 05 26 11 平成26年11月27日 3 0 0 0 _ プラン通りにサービス実施できています。\n11/10（月）ですが、10:00から床屋のご予約をされたため、10:45～11:50でサービスを実施しています。両腕や背部などに引っかき傷があり、スキントラブル見られています。乾燥時期になりますので、ヒルドイドローション塗布し、保湿しています。洗身や洗髪はご自身でされています。 1 0 1 20141127205319 00014
00000141 00005 00010 05 _ _ _ 1 0 0 0 _ _ 0 0 1 20141127205319 00014
