1 00000203 2013 09 11 0029 グランクレール・ケアサービス馬事公苑 1111 身体介護１ 254 0 254 8 2032 0 2032 2032 0 11.26 22880 90 20592 2288 0 n n 0 1 20140702113719 00078
1 00000204 2013 09 11 0029 グランクレール・ケアサービス馬事公苑 1111 身体介護１ 254 0 254 36 9144 0 9144 9144 0 11.26 102961 90 92664 10297 0 n n 0 1 20140702171544 00078
1 00000205 2013 09 11 0029 グランクレール・ケアサービス馬事公苑 1211 身体介護２ 402 0 402 1 402 0 402 402 0 11.26 4526 90 4073 453 0 n n 0 1 20140702190031 00078
1 00000213 2013 09 11 0029 グランクレール・ケアサービス馬事公苑 1211 身体介護２ 402 0 402 13 5226 0 5226 5226 0 11.26 58844 90 52959 5885 0 n n 0 1 20140703121617 00078
1 00000215 2013 09 11 0029 グランクレール・ケアサービス馬事公苑 7311 生活援助３ 235 0 235 5 1175 0 1175 1175 0 11.26 13230 90 11907 1323 0 n n 0 1 20140703142955 00078
1 00000216 2013 09 11 0029 グランクレール・ケアサービス馬事公苑 1211 身体介護２ 402 0 402 11 4422 0 4422 4422 0 11.26 49791 90 44811 4980 0 n n 0 1 20140703150916 00078
1 00000224 2013 09 11 0029 グランクレール・ケアサービス馬事公苑 1211 身体介護２ 402 0 402 9 3618 0 3618 3618 0 11.26 40738 90 36664 4074 0 n n 0 1 20140703162804 00078
1 00000230 2013 09 11 0029 グランクレール・ケアサービス馬事公苑 1112 身体介護１・夜 318 0 318 30 9540 0 9540 9540 0 11.26 107420 90 96678 10742 0 n n 0 1 20140710153431 00078
1 00000240 2013 09 11 0029 グランクレール・ケアサービス馬事公苑 7311 生活援助３ 235 0 235 4 940 0 940 940 0 11.26 10584 90 9525 1059 0 n n 0 1 20140704145403 00077
2 00000203 2013 09 11 0029 グランクレール・ケアサービス馬事公苑 1112 身体介護１・夜 318 0 318 28 8904 0 8904 8904 0 11.26 100259 90 90233 10026 0 n n 0 1 20140702113719 00078
2 00000204 2013 09 11 0029 グランクレール・ケアサービス馬事公苑 1112 身体介護１・夜 318 0 318 30 9540 0 9540 9540 0 11.26 107420 90 96678 10742 0 n n 0 1 20140702171544 00078
2 00000205 2013 09 11 0029 グランクレール・ケアサービス馬事公苑 1311 身体介護３ 584 0 584 7 4088 0 4088 4088 0 11.26 46030 90 41427 4603 0 n n 0 1 20140702190031 00078
2 00000213 2013 09 11 0029 グランクレール・ケアサービス馬事公苑 7311 生活援助３ 235 0 235 7 1645 0 1645 1645 0 11.26 18522 90 16669 1853 0 n n 0 1 20140703121617 00078
2 00000215 2013 09 11 0029 グランクレール・ケアサービス馬事公苑 6271 訪問介護処遇改善加算Ⅰ 47 0 47 1 47 47 0.04 47 0 11.26 529 90 476 53 0 a g 0 1 20140703142955 00078
2 00000216 2013 09 11 0029 グランクレール・ケアサービス馬事公苑 7311 生活援助３ 235 0 235 4 940 0 940 940 0 11.26 10584 90 9525 1059 0 n n 0 1 20140703150916 00078
2 00000224 2013 09 11 0029 グランクレール・ケアサービス馬事公苑 7311 生活援助３ 235 0 235 5 1175 0 1175 1175 0 11.26 13230 90 11907 1323 0 n n 0 1 20140703162804 00078
2 00000230 2013 09 11 0029 グランクレール・ケアサービス馬事公苑 6271 訪問介護処遇改善加算Ⅰ 382 0 382 1 382 382 0.04 382 0 11.26 4301 90 3870 431 0 a g 0 1 20140710153431 00078
2 00000240 2013 09 11 0029 グランクレール・ケアサービス馬事公苑 6271 訪問介護処遇改善加算Ⅰ 38 0 38 1 38 38 0.04 38 0 11.26 427 90 384 43 0 a g 0 1 20140704145403 00077
3 00000203 2013 09 11 0029 グランクレール・ケアサービス馬事公苑 1211 身体介護２ 402 0 402 10 4020 0 4020 4020 0 11.26 45265 90 40738 4527 0 n n 0 1 20140702113719 00078
3 00000204 2013 09 11 0029 グランクレール・ケアサービス馬事公苑 4111 身体１生活１ 324 0 324 3 972 0 972 972 0 11.26 10944 90 9849 1095 0 n n 0 1 20140702171544 00078
3 00000205 2013 09 11 0029 グランクレール・ケアサービス馬事公苑 7311 生活援助３ 235 0 235 4 940 0 940 940 0 11.26 10584 90 9525 1059 0 n n 0 1 20140702190031 00078
3 00000213 2013 09 11 0029 グランクレール・ケアサービス馬事公苑 6271 訪問介護処遇改善加算Ⅰ 275 0 275 1 275 275 0.04 275 0 11.26 3096 90 2786 310 0 a g 0 1 20140703121617 00078
3 00000216 2013 09 11 0029 グランクレール・ケアサービス馬事公苑 6271 訪問介護処遇改善加算Ⅰ 214 0 214 1 214 214 0.04 214 0 11.26 2409 90 2168 241 0 a g 0 1 20140703150916 00078
3 00000224 2013 09 11 0029 グランクレール・ケアサービス馬事公苑 6271 訪問介護処遇改善加算Ⅰ 192 0 192 1 192 192 0.04 192 0 11.26 2161 90 1944 217 0 a g 0 1 20140703162804 00078
4 00000203 2013 09 11 0029 グランクレール・ケアサービス馬事公苑 4111 身体１生活１ 324 0 324 40 12960 0 12960 12960 0 11.26 145929 90 131336 14593 0 n n 0 1 20140702113719 00078
4 00000204 2013 09 11 0029 グランクレール・ケアサービス馬事公苑 6271 訪問介護処遇改善加算Ⅰ 786 0 786 1 786 786 0.04 786 0 11.26 8850 90 7965 885 0 a g 0 1 20140702171544 00078
4 00000205 2013 09 11 0029 グランクレール・ケアサービス馬事公苑 6271 訪問介護処遇改善加算Ⅰ 217 0 217 1 217 217 0.04 217 0 11.26 2443 90 2198 245 0 a g 0 1 20140702190031 00078
5 00000203 2013 09 11 0029 グランクレール・ケアサービス馬事公苑 4211 身体１生活２ 394 0 394 1 394 0 394 394 0 11.26 4436 90 3992 444 0 n n 0 1 20140702113719 00078
6 00000203 2013 09 11 0029 グランクレール・ケアサービス馬事公苑 6271 訪問介護処遇改善加算Ⅰ 1132 0 1132 1 1132 1132 0.04 1132 0 11.26 12746 90 11471 1275 0 a g 0 1 20140702113719 00078
