000001412014051 00000141 2014 05 27 11 1211 1 14:00 14:45 0070 1 404 0 _ _ 1 20140811160937 24
000001412014052 00000141 2014 05 23 11 4001 1 14:00 14:45 0070 1 200 0 _ _ 1 20140811160937 24
000001412014053 00000141 2014 05 23 11 5111 1 14:00 15:05 0070 1 474 0 _ _ 1 20140811160937 24
000001412014053 00000141 2014 05 30 11 5111 1 14:00 15:05 0070 1 474 0 _ _ 1 20140811160937 24
000001412014054 00000141 2014 05 20 15 1241 1 09:00 12:15 0251 1 464 0 _ _ 1 20140811160937 24
000001412014054 00000141 2014 05 27 15 1241 1 09:00 12:15 0251 1 464 0 _ _ 1 20140811160937 24
000001412014055 00000141 2014 05 20 15 5052 1 _ _ 0251 1 50 0 _ _ 1 20140811160937 24
000001412014055 00000141 2014 05 27 15 5052 1 _ _ 0251 1 50 0 _ _ 1 20140811160937 24
000001412014061 00000141 2014 06 03 11 5111 1 14:00 15:05 0070 1 474 0 _ _ 1 20140703202444 11
000001412014062 00000141 2014 06 14 11 1211 1 15:30 16:15 0070 1 404 0 _ _ 1 20140703202444 11
000001412014062 00000141 2014 06 21 11 1211 1 15:30 16:15 0070 1 404 0 _ _ 1 20140703202444 11
000001412014062 00000141 2014 06 28 11 1211 1 15:30 16:15 0070 1 404 0 _ _ 1 20140703202444 11
000001412014063 00000141 2014 06 11 11 5111 1 15:30 16:35 0070 1 474 0 _ _ 1 20140703202444 11
000001412014063 00000141 2014 06 18 11 5111 1 15:30 16:35 0070 1 474 0 _ _ 1 20140703202444 11
000001412014063 00000141 2014 06 25 11 5111 1 15:30 16:35 0070 1 474 0 _ _ 1 20140703202444 11
000001412014064 00000141 2014 06 03 15 1241 1 09:00 12:15 0251 1 464 0 _ _ 1 20140703202444 11
000001412014064 00000141 2014 06 17 15 1241 1 09:00 12:15 0251 1 464 0 _ _ 1 20140703202444 11
000001412014064 00000141 2014 06 24 15 1241 1 09:00 12:15 0251 1 464 0 _ _ 1 20140703202444 11
000001412014065 00000141 2014 06 03 15 5052 1 _ _ 0251 1 50 0 _ _ 1 20140703202444 11
000001412014065 00000141 2014 06 17 15 5052 1 _ _ 0251 1 50 0 _ _ 1 20140703202444 11
000001412014065 00000141 2014 06 24 15 5052 1 _ _ 0251 1 50 0 _ _ 1 20140703202444 11
000001412014071 00000141 2014 07 05 11 1211 1 15:30 16:15 0070 1 404 0 _ _ 1 20140802153346 11
000001412014071 00000141 2014 07 12 11 1211 1 15:30 16:15 0070 1 404 0 _ _ 1 20140802153346 11
000001412014071 00000141 2014 07 19 11 1211 1 15:30 16:15 0070 1 404 0 _ _ 1 20140802153346 11
000001412014071 00000141 2014 07 26 11 1211 1 15:30 16:15 0070 1 404 0 _ _ 1 20140802153346 11
000001412014072 00000141 2014 07 02 11 5111 1 15:30 16:35 0070 1 474 0 _ _ 1 20140802153346 11
000001412014072 00000141 2014 07 09 11 5111 1 15:30 16:35 0070 1 474 0 _ _ 1 20140802153346 11
000001412014072 00000141 2014 07 16 11 5111 1 15:30 16:35 0070 1 474 0 _ _ 1 20140802153346 11
000001412014072 00000141 2014 07 23 11 5111 1 15:30 16:35 0070 1 474 0 _ _ 1 20140802153346 11
000001412014072 00000141 2014 07 30 11 5111 1 15:30 16:35 0070 1 474 0 _ _ 1 20140802153346 11
000001412014073 00000141 2014 07 01 15 1241 1 09:00 12:15 0251 1 464 0 _ _ 1 20140802153346 11
000001412014073 00000141 2014 07 08 15 1241 1 09:00 12:15 0251 1 464 0 _ _ 1 20140802153346 11
000001412014073 00000141 2014 07 15 15 1241 1 09:00 12:15 0251 1 464 0 _ _ 1 20140802153346 11
000001412014073 00000141 2014 07 22 15 1241 1 09:00 12:15 0251 1 464 0 _ _ 1 20140802153346 11
000001412014073 00000141 2014 07 29 15 1241 1 09:00 12:15 0251 1 464 0 _ _ 1 20140802153346 11
000001412014074 00000141 2014 07 01 15 5052 1 _ _ 0251 1 50 0 _ _ 1 20140802153346 11
000001412014074 00000141 2014 07 15 15 5052 1 _ _ 0251 1 50 0 _ _ 1 20140802153346 11
000001412014074 00000141 2014 07 22 15 5052 1 _ _ 0251 1 50 0 _ _ 1 20140802153346 11
000001412014074 00000141 2014 07 29 15 5052 1 _ _ 0251 1 50 0 _ _ 1 20140802153346 11
000001412014081 00000141 2014 08 23 11 5111 1 13:15 14:20 0070 1 474 0 _ _ 1 20140903143830 11
000001412014082 00000141 2014 08 13 11 5111 1 14:00 15:05 0070 1 474 0 _ _ 1 20140903143830 11
000001412014083 00000141 2014 08 02 11 1211 1 15:30 16:15 0070 1 404 0 _ _ 1 20140903143830 11
000001412014083 00000141 2014 08 16 11 1211 1 15:30 16:15 0070 1 404 0 _ _ 1 20140903143830 11
000001412014083 00000141 2014 08 30 11 1211 1 15:30 16:15 0070 1 404 0 _ _ 1 20140903143830 11
000001412014084 00000141 2014 08 06 11 5111 1 15:30 16:35 0070 1 474 0 _ _ 1 20140903143830 11
000001412014084 00000141 2014 08 27 11 5111 1 15:30 16:35 0070 1 474 0 _ _ 1 20140903143830 11
000001412014085 00000141 2014 08 05 15 1241 1 09:00 12:15 0251 1 464 0 _ _ 1 20140903143830 11
000001412014085 00000141 2014 08 19 15 1241 1 09:00 12:15 0251 1 464 0 _ _ 1 20140903143830 11
000001412014085 00000141 2014 08 26 15 1241 1 09:00 12:15 0251 1 464 0 _ _ 1 20140903143830 11
000001412014086 00000141 2014 08 05 15 5052 1 _ _ 0251 1 50 0 _ _ 1 20140903143830 11
000001412014086 00000141 2014 08 19 15 5052 1 _ _ 0251 1 50 0 _ _ 1 20140903143830 11
000001412014086 00000141 2014 08 26 15 5052 1 _ _ 0251 1 50 0 _ _ 1 20140903143830 11
000001412014091 00000141 2014 09 06 11 1211 1 15:30 16:15 0070 1 404 0 _ _ 1 20141001155928 11
000001412014091 00000141 2014 09 13 11 1211 1 15:30 16:15 0070 1 404 0 _ _ 1 20141001155928 11
000001412014091 00000141 2014 09 20 11 1211 1 15:30 16:15 0070 1 404 0 _ _ 1 20141001155928 11
000001412014091 00000141 2014 09 27 11 1211 1 15:30 16:15 0070 1 404 0 _ _ 1 20141001155928 11
000001412014092 00000141 2014 09 03 11 5111 1 15:30 16:35 0070 1 474 0 _ _ 1 20141001155928 11
000001412014092 00000141 2014 09 10 11 5111 1 15:30 16:35 0070 1 474 0 _ _ 1 20141001155928 11
000001412014092 00000141 2014 09 17 11 5111 1 15:30 16:35 0070 1 474 0 _ _ 1 20141001155928 11
000001412014092 00000141 2014 09 24 11 5111 1 15:30 16:35 0070 1 474 0 _ _ 1 20141001155928 11
000001412014093 00000141 2014 09 02 15 1241 1 09:00 12:15 0251 1 464 0 _ _ 1 20141001155928 11
000001412014093 00000141 2014 09 09 15 1241 1 09:00 12:15 0251 1 464 0 _ _ 1 20141001155928 11
000001412014093 00000141 2014 09 16 15 1241 1 09:00 12:15 0251 1 464 0 _ _ 1 20141001155928 11
000001412014093 00000141 2014 09 23 15 1241 1 09:00 12:15 0251 1 464 0 _ _ 1 20141001155928 11
000001412014093 00000141 2014 09 30 15 1241 1 09:00 12:15 0251 1 464 0 _ _ 1 20141001155928 11
000001412014094 00000141 2014 09 02 15 5052 1 _ _ 0251 1 50 0 _ _ 1 20141001155928 11
000001412014094 00000141 2014 09 09 15 5052 1 _ _ 0251 1 50 0 _ _ 1 20141001155928 11
000001412014094 00000141 2014 09 16 15 5052 1 _ _ 0251 1 50 0 _ _ 1 20141001155928 11
000001412014094 00000141 2014 09 23 15 5052 1 _ _ 0251 1 50 0 _ _ 1 20141001155928 11
000001412014094 00000141 2014 09 30 15 5052 1 _ _ 0251 1 50 0 _ _ 1 20141001155928 11
000001412014101 00000141 2014 10 23 11 1211 1 10:00 10:45 0070 1 404 0 _ _ 1 20141103112442 11
000001412014101 00000141 2014 10 30 11 1211 1 10:00 10:45 0070 1 404 0 _ _ 1 20141103112442 11
000001412014102 00000141 2014 10 20 11 5111 1 10:00 11:05 0070 1 474 0 _ _ 1 20141103112442 11
000001412014102 00000141 2014 10 27 11 5111 1 10:00 11:05 0070 1 474 0 _ _ 1 20141103112442 11
000001412014103 00000141 2014 10 04 11 1211 1 15:30 16:15 0070 1 404 0 _ _ 1 20141103112442 11
000001412014103 00000141 2014 10 11 11 1211 1 15:30 16:15 0070 1 404 0 _ _ 1 20141103112442 11
000001412014103 00000141 2014 10 18 11 1211 1 15:30 16:15 0070 1 404 0 _ _ 1 20141103112442 11
000001412014104 00000141 2014 10 01 11 5111 1 15:30 16:35 0070 1 474 0 _ _ 1 20141103112442 11
000001412014104 00000141 2014 10 08 11 5111 1 15:30 16:35 0070 1 474 0 _ _ 1 20141103112442 11
000001412014104 00000141 2014 10 15 11 5111 1 15:30 16:35 0070 1 474 0 _ _ 1 20141103112442 11
000001412014105 00000141 2014 10 07 15 1241 1 09:00 12:15 0251 1 464 0 _ _ 1 20141103112442 11
000001412014105 00000141 2014 10 14 15 1241 1 09:00 12:15 0251 1 464 0 _ _ 1 20141103112442 11
000001412014105 00000141 2014 10 21 15 1241 1 09:00 12:15 0251 1 464 0 _ _ 1 20141103112442 11
000001412014105 00000141 2014 10 28 15 1241 1 09:00 12:15 0251 1 464 0 _ _ 1 20141103112442 11
000001412014106 00000141 2014 10 07 15 5052 1 _ _ 0251 1 50 0 _ _ 1 20141103112442 11
000001412014106 00000141 2014 10 14 15 5052 1 _ _ 0251 1 50 0 _ _ 1 20141103112442 11
000001412014106 00000141 2014 10 21 15 5052 1 _ _ 0251 1 50 0 _ _ 1 20141103112442 11
000001412014106 00000141 2014 10 28 15 5052 1 _ _ 0251 1 50 0 _ _ 1 20141103112442 11
000001412014111 00000141 2014 11 06 11 1211 1 10:00 10:45 0070 1 404 0 _ _ 1 20141202191911 11
000001412014111 00000141 2014 11 13 11 1211 1 10:00 10:45 0070 1 404 0 _ _ 1 20141202191911 11
000001412014111 00000141 2014 11 20 11 1211 1 10:00 10:45 0070 1 404 0 _ _ 1 20141202191911 11
000001412014111 00000141 2014 11 27 11 1211 1 10:00 10:45 0070 1 404 0 _ _ 1 20141202191911 11
000001412014112 00000141 2014 11 03 11 5111 1 10:00 11:05 0070 1 474 0 _ _ 1 20141202191911 11
000001412014112 00000141 2014 11 17 11 5111 1 10:00 11:05 0070 1 474 0 _ _ 1 20141202191911 11
000001412014112 00000141 2014 11 24 11 5111 1 10:00 11:05 0070 1 474 0 _ _ 1 20141202191911 11
000001412014113 00000141 2014 11 10 11 5111 1 10:45 11:50 0070 1 474 0 _ _ 1 20141202191911 11
000001412014114 00000141 2014 11 04 15 1241 1 09:00 12:15 0251 1 464 0 _ _ 1 20141202191911 11
000001412014114 00000141 2014 11 11 15 1241 1 09:00 12:15 0251 1 464 0 _ _ 1 20141202191911 11
000001412014114 00000141 2014 11 18 15 1241 1 09:00 12:15 0251 1 464 0 _ _ 1 20141202191911 11
000001412014114 00000141 2014 11 25 15 1241 1 09:00 12:15 0251 1 464 0 _ _ 1 20141202191911 11
000001412014115 00000141 2014 11 04 15 5052 1 _ _ 0251 1 50 0 _ _ 1 20141202191911 11
000001412014115 00000141 2014 11 11 15 5052 1 _ _ 0251 1 50 0 _ _ 1 20141202191911 11
000001412014115 00000141 2014 11 18 15 5052 1 _ _ 0251 1 50 0 _ _ 1 20141202191911 11
000001412014115 00000141 2014 11 25 15 5052 1 _ _ 0251 1 50 0 _ _ 1 20141202191911 11
