000000752013091 00000075 2013 09 02 64 2111 13:30 15:14 0011 1 305 0 _ _ 1 1 20140627134754 24
000000752013091 00000075 2013 09 09 64 2111 13:30 15:14 0011 1 305 0 _ _ 1 1 20140627134754 24
000000752013091 00000075 2013 09 23 64 2111 13:30 15:14 0011 1 305 0 _ _ 1 1 20140627134754 24
000000752013091 00000075 2013 09 30 64 2111 13:30 15:14 0011 1 305 0 _ _ 1 1 20140627134754 24
000000752013092 00000075 2013 09 02 64 6101 _ _ 0011 1 6 0 _ _ 1 1 20140627134754 24
000000752013092 00000075 2013 09 09 64 6101 _ _ 0011 1 6 0 _ _ 1 1 20140627134754 24
000000752013092 00000075 2013 09 23 64 6101 _ _ 0011 1 6 0 _ _ 1 1 20140627134754 24
000000752013092 00000075 2013 09 30 64 6101 _ _ 0011 1 6 0 _ _ 1 1 20140627134754 24
000000752013093 00000075 2013 09 01 67 1007 _ _ 0066 1 410 0 _ _ 1 1 20140627134754 24
000000752013094 00000075 2013 09 01 67 1009 _ _ 0066 1 204 0 _ _ 1 1 20140627134754 24
000000752013095 00000075 2013 09 01 67 1010 _ _ 0066 1 100 0 _ _ 1 1 20140627134754 24
000000752013101 00000075 2013 10 07 64 2111 13:30 15:14 0011 1 305 0 _ _ 1 1 20140627135541 24
000000752013101 00000075 2013 10 14 64 2111 13:30 15:14 0011 1 305 0 _ _ 1 1 20140627135541 24
000000752013101 00000075 2013 10 21 64 2111 13:30 15:14 0011 1 305 0 _ _ 1 1 20140627135541 24
000000752013101 00000075 2013 10 28 64 2111 13:30 15:14 0011 1 305 0 _ _ 1 1 20140627135541 24
000000752013102 00000075 2013 10 07 64 6101 _ _ 0011 1 6 0 _ _ 1 1 20140627135541 24
000000752013102 00000075 2013 10 14 64 6101 _ _ 0011 1 6 0 _ _ 1 1 20140627135541 24
000000752013102 00000075 2013 10 21 64 6101 _ _ 0011 1 6 0 _ _ 1 1 20140627135541 24
000000752013102 00000075 2013 10 28 64 6101 _ _ 0011 1 6 0 _ _ 1 1 20140627135541 24
000000752013103 00000075 2013 10 01 67 1007 _ _ 0066 1 410 0 _ _ 1 1 20140627135541 24
000000752013104 00000075 2013 10 01 67 1009 _ _ 0066 1 204 0 _ _ 1 1 20140627135541 24
000000752013105 00000075 2013 10 01 67 1010 _ _ 0066 1 100 0 _ _ 1 1 20140627135541 24
000000752013111 00000075 2013 11 04 64 2111 13:30 15:14 0011 1 305 0 _ _ 1 1 20140627140226 24
000000752013111 00000075 2013 11 18 64 2111 13:30 15:14 0011 1 305 0 _ _ 1 1 20140627140226 24
000000752013112 00000075 2013 11 04 64 6101 _ _ 0011 1 6 0 _ _ 1 1 20140627140226 24
000000752013112 00000075 2013 11 18 64 6101 _ _ 0011 1 6 0 _ _ 1 1 20140627140226 24
000000752013113 00000075 2013 11 01 67 1007 _ _ 0066 1 410 0 _ _ 1 1 20140627140226 24
000000752013114 00000075 2013 11 01 67 1009 _ _ 0066 1 204 0 _ _ 1 1 20140627140226 24
000000752013115 00000075 2013 11 01 67 1010 _ _ 0066 1 100 0 _ _ 1 1 20140627140226 24
000000752013121 00000075 2013 12 09 64 2111 13:30 15:14 0011 1 305 0 _ _ 1 1 20140627140715 24
000000752013121 00000075 2013 12 16 64 2111 13:30 15:14 0011 1 305 0 _ _ 1 1 20140627140715 24
000000752013121 00000075 2013 12 23 64 2111 13:30 15:14 0011 1 305 0 _ _ 1 1 20140627140715 24
000000752013122 00000075 2013 12 09 64 6101 _ _ 0011 1 6 0 _ _ 1 1 20140627140715 24
000000752013122 00000075 2013 12 16 64 6101 _ _ 0011 1 6 0 _ _ 1 1 20140627140715 24
000000752013122 00000075 2013 12 23 64 6101 _ _ 0011 1 6 0 _ _ 1 1 20140627140715 24
000000752013123 00000075 2013 12 01 67 1007 _ _ 0066 1 410 0 _ _ 1 1 20140627140715 24
000000752013124 00000075 2013 12 01 67 1009 _ _ 0066 1 204 0 _ _ 1 1 20140627140715 24
000000752013125 00000075 2013 12 01 67 1010 _ _ 0066 1 100 0 _ _ 1 1 20140627140715 24
000000752014011 00000075 2014 01 01 67 1007 _ _ 0066 1 410 0 _ _ 1 1 20140613152056 24
000000752014012 00000075 2014 01 01 67 1009 _ _ 0066 1 204 0 _ _ 1 1 20140613152056 24
000000752014013 00000075 2014 01 06 64 2111 13:30 15:14 0011 1 305 0 _ _ 1 1 20140613152056 24
000000752014013 00000075 2014 01 13 64 2111 13:30 15:14 0011 1 305 0 _ _ 1 1 20140613152056 24
000000752014013 00000075 2014 01 20 64 2111 13:30 15:14 0011 1 305 0 _ _ 1 1 20140613152056 24
000000752014013 00000075 2014 01 27 64 2111 13:30 15:14 0011 1 305 0 _ _ 1 1 20140613152056 24
000000752014014 00000075 2014 01 06 64 6101 _ _ 0011 1 6 0 _ _ 1 1 20140613152056 24
000000752014014 00000075 2014 01 13 64 6101 _ _ 0011 1 6 0 _ _ 1 1 20140613152056 24
000000752014014 00000075 2014 01 20 64 6101 _ _ 0011 1 6 0 _ _ 1 1 20140613152056 24
000000752014014 00000075 2014 01 27 64 6101 _ _ 0011 1 6 0 _ _ 1 1 20140613152056 24
000000752014021 00000075 2014 02 01 67 1007 _ _ 0066 1 410 0 _ _ 1 1 20140613152937 24
000000752014022 00000075 2014 02 01 67 1009 _ _ 0066 1 204 0 _ _ 1 1 20140613152937 24
000000752014023 00000075 2014 02 24 64 2111 13:30 15:14 0011 1 305 0 _ _ 1 1 20140613152937 24
000000752014024 00000075 2014 02 24 64 6101 _ _ 0011 1 6 0 _ _ 1 1 20140613152937 24
000000752014031 00000075 2014 03 01 67 1007 _ _ 0066 1 410 0 _ _ 1 1 20140613153612 24
000000752014032 00000075 2014 03 01 67 1009 _ _ 0066 1 204 0 _ _ 1 1 20140613153612 24
000000752014033 00000075 2014 03 03 64 2111 13:30 15:14 0011 1 305 0 _ _ 1 1 20140613153612 24
000000752014033 00000075 2014 03 10 64 2111 13:30 15:14 0011 1 305 0 _ _ 1 1 20140613153612 24
000000752014033 00000075 2014 03 17 64 2111 13:30 15:14 0011 1 305 0 _ _ 1 1 20140613153612 24
000000752014033 00000075 2014 03 24 64 2111 13:30 15:14 0011 1 305 0 _ _ 1 1 20140613153612 24
000000752014033 00000075 2014 03 31 64 2111 13:30 15:14 0011 1 305 0 _ _ 1 1 20140613153612 24
000000752014034 00000075 2014 03 03 64 6101 _ _ 0011 1 6 0 _ _ 1 1 20140613153612 24
000000752014034 00000075 2014 03 10 64 6101 _ _ 0011 1 6 0 _ _ 1 1 20140613153612 24
000000752014034 00000075 2014 03 17 64 6101 _ _ 0011 1 6 0 _ _ 1 1 20140613153612 24
000000752014034 00000075 2014 03 24 64 6101 _ _ 0011 1 6 0 _ _ 1 1 20140613153612 24
000000752014034 00000075 2014 03 31 64 6101 _ _ 0011 1 6 0 _ _ 1 1 20140613153612 24
000000752014041 00000075 2014 04 01 67 1007 _ _ 0066 1 410 0 _ _ 1 1 20140613153851 24
000000752014042 00000075 2014 04 01 67 1009 _ _ 0066 1 204 0 _ _ 1 1 20140613153851 24
000000752014051 00000075 2014 05 01 67 1007 _ _ 0066 1 410 0 _ _ 1 1 20140701164556 24
000000752014052 00000075 2014 05 01 67 1009 _ _ 0066 1 204 0 _ _ 1 1 20140701164556 24
000000752014061 00000075 2014 06 01 67 1007 _ _ 0066 1 410 0 _ _ 1 1 20140701164437 24
000000752014062 00000075 2014 06 01 67 1009 _ _ 0066 1 204 0 _ _ 1 1 20140701164437 24
000000752014071 00000075 2014 07 01 67 1007 _ _ 0066 1 410 0 _ _ 1 1 20140801153618 24
000000752014072 00000075 2014 07 01 67 1009 _ _ 0066 1 204 0 _ _ 1 1 20140801153618 24
000000752014081 00000075 2014 08 01 67 1007 _ _ 0066 1 410 0 _ _ 1 1 20140721103757 24
000000752014082 00000075 2014 08 01 67 1009 _ _ 0066 1 204 0 _ _ 1 1 20140721103757 24
000000752014091 00000075 2014 09 01 67 1007 _ _ 0066 1 410 0 _ _ 1 1 20140817145553 24
000000752014092 00000075 2014 09 01 67 1009 _ _ 0066 1 204 0 _ _ 1 1 20140817145553 24
