1 74 1141 予防認知通所介護Ⅰⅰ１１・時減 120 180 1 1 1 1 326 d
2 74 1142 予防認知通所介護Ⅰⅰ１２・時減 120 180 1 2 1 1 362 d
3 74 1241 予防認知通所介護Ⅰⅰ１１ 180 300 1 1 1 1 518 d
4 74 1242 予防認知通所介護Ⅰⅰ１２ 180 300 1 2 1 1 574 d
5 74 1341 予防認知通所介護Ⅰⅰ２１ 300 420 1 1 1 1 787 d
6 74 1342 予防認知通所介護Ⅰⅰ２２ 300 420 1 2 1 1 878 d
7 74 1441 予防認知通所介護Ⅰⅰ３１ 420 540 1 1 1 1 896 d
8 74 1442 予防認知通所介護Ⅰⅰ３２ 420 540 1 2 1 1 1001 d
9 74 1541 予防認知通所介護Ⅰⅰ３１・延１ 540 600 1 1 1 1 946 d
10 74 1542 予防認知通所介護Ⅰⅰ３２・延１ 540 600 1 2 1 1 1051 d
11 74 1641 予防認知通所介護Ⅰⅰ３１・延２ 600 660 1 1 1 1 996 d
12 74 1642 予防認知通所介護Ⅰⅰ３２・延２ 600 660 1 2 1 1 1101 d
13 74 1651 予防認知通所介護Ⅰⅰ３１・延３ 660 720 1 1 1 1 1046 d
14 74 1652 予防認知通所介護Ⅰⅰ３２・延３ 660 720 1 2 1 1 1151 d
15 74 2141 予防認知通所介護Ⅰⅱ１１・時減 120 180 2 1 1 1 295 d
16 74 2142 予防認知通所介護Ⅰⅱ１２・時減 120 180 2 2 1 1 327 d
17 74 2241 予防認知通所介護Ⅰⅱ１１ 180 300 2 1 1 1 468 d
18 74 2242 予防認知通所介護Ⅰⅱ１２ 180 300 2 2 1 1 519 d
19 74 2341 予防認知通所介護Ⅰⅱ２１ 300 420 2 1 1 1 707 d
20 74 2342 予防認知通所介護Ⅰⅱ２２ 300 420 2 2 1 1 790 d
21 74 2441 予防認知通所介護Ⅰⅱ３１ 420 540 2 1 1 1 805 d
22 74 2442 予防認知通所介護Ⅰⅱ３２ 420 540 2 2 1 1 899 d
23 74 2541 予防認知通所介護Ⅰⅱ３１・延１ 540 600 2 1 1 1 855 d
24 74 2542 予防認知通所介護Ⅰⅱ３２・延１ 540 600 2 2 1 1 949 d
25 74 2641 予防認知通所介護Ⅰⅱ３１・延２ 600 660 2 1 1 1 905 d
26 74 2642 予防認知通所介護Ⅰⅱ３２・延２ 600 660 2 2 1 1 999 d
27 74 2651 予防認知通所介護Ⅰⅱ３１・延３ 660 720 2 1 1 1 955 d
28 74 2652 予防認知通所介護Ⅰⅱ３２・延３ 660 720 2 2 1 1 1049 d
29 74 3141 予防認知通所介護Ⅱ１１・時減 120 180 3 1 1 1 158 d
30 74 3142 予防認知通所介護Ⅱ１２・時減 120 180 3 2 1 1 167 d
31 74 3241 予防認知通所介護Ⅱ１１ 180 300 3 1 1 1 251 d
32 74 3242 予防認知通所介護Ⅱ１２ 180 300 3 2 1 1 265 d
33 74 3341 予防認知通所介護Ⅱ２１ 300 420 3 1 1 1 407 d
34 74 3342 予防認知通所介護Ⅱ２２ 300 420 3 2 1 1 430 d
35 74 3441 予防認知通所介護Ⅱ３１ 420 540 3 1 1 1 469 d
36 74 3442 予防認知通所介護Ⅱ３２ 420 540 3 2 1 1 496 d
37 74 3541 予防認知通所介護Ⅱ３１・延１ 540 600 3 1 1 1 519 d
38 74 3542 予防認知通所介護Ⅱ３２・延１ 540 600 3 2 1 1 546 d
39 74 3641 予防認知通所介護Ⅱ３１・延２ 600 660 3 1 1 1 569 d
40 74 3642 予防認知通所介護Ⅱ３２・延２ 600 660 3 2 1 1 596 d
41 74 3651 予防認知通所介護Ⅱ３１・延３ 660 720 3 1 1 1 619 d
42 74 3652 予防認知通所介護Ⅱ３２・延３ 660 720 3 2 1 1 646 d
43 74 8401 予認通所介護Ⅰⅰ１１・定超・時減 120 180 1 1 2 1 229 d
44 74 8402 予認通所介護Ⅰⅰ１２・定超・時減 120 180 1 2 2 1 253 d
45 74 8411 予認通所介護Ⅰⅰ１１・定超 180 300 1 1 2 1 363 d
46 74 8412 予認通所介護Ⅰⅰ１２・定超 180 300 1 2 2 1 402 d
47 74 8421 予認通所介護Ⅰⅰ２１・定超 300 420 1 1 2 1 551 d
48 74 8422 予認通所介護Ⅰⅰ２２・定超 300 420 1 2 2 1 615 d
49 74 8431 予認通所介護Ⅰⅰ３１・定超 420 540 1 1 2 1 627 d
50 74 8432 予認通所介護Ⅰⅰ３２・定超 420 540 1 2 2 1 701 d
51 74 8441 予認通所介護Ⅰⅰ３１・定超・延１ 540 600 1 1 2 1 677 d
52 74 8442 予認通所介護Ⅰⅰ３２・定超・延１ 540 600 1 2 2 1 751 d
53 74 8451 予認通所介護Ⅰⅰ３１・定超・延２ 600 660 1 1 2 1 727 d
54 74 8452 予認通所介護Ⅰⅰ３２・定超・延２ 600 660 1 2 2 1 801 d
55 74 8461 予認通所介護Ⅰⅰ３１・定超・延３ 660 720 1 1 2 1 777 d
56 74 8462 予認通所介護Ⅰⅰ３２・定超・延３ 660 720 1 2 2 1 851 d
57 74 8501 予認通所介護Ⅰⅱ１１・定超・時減 120 180 2 1 2 1 207 d
58 74 8502 予認通所介護Ⅰⅱ１２・定超・時減 120 180 2 2 2 1 229 d
59 74 8511 予認通所介護Ⅰⅱ１１・定超 180 300 2 1 2 1 328 d
60 74 8512 予認通所介護Ⅰⅱ１２・定超 180 300 2 2 2 1 363 d
61 74 8521 予認通所介護Ⅰⅱ２１・定超 300 420 2 1 2 1 495 d
62 74 8522 予認通所介護Ⅰⅱ２２・定超 300 420 2 2 2 1 553 d
63 74 8531 予認通所介護Ⅰⅱ３１・定超 420 540 2 1 2 1 564 d
64 74 8532 予認通所介護Ⅰⅱ３２・定超 420 540 2 2 2 1 629 d
65 74 8541 予認通所介護Ⅰⅱ３１・定超・延１ 540 600 2 1 2 1 614 d
66 74 8542 予認通所介護Ⅰⅱ３２・定超・延１ 540 600 2 2 2 1 679 d
67 74 8551 予認通所介護Ⅰⅱ３１・定超・延２ 600 660 2 1 2 1 664 d
68 74 8552 予認通所介護Ⅰⅱ３２・定超・延２ 600 660 2 2 2 1 729 d
69 74 8561 予認通所介護Ⅰⅱ３１・定超・延３ 660 720 2 1 2 1 714 d
70 74 8562 予認通所介護Ⅰⅱ３２・定超・延３ 660 720 2 2 2 1 779 d
71 74 8601 予認通所介護Ⅱ１１・定超・時減 120 180 3 1 2 1 111 d
72 74 8602 予認通所介護Ⅱ１２・定超・時減 120 180 3 2 2 1 117 d
73 74 8611 予認通所介護Ⅱ１１・定超 180 300 3 1 2 1 176 d
74 74 8612 予認通所介護Ⅱ１２・定超 180 300 3 2 2 1 186 d
75 74 8621 予認通所介護Ⅱ２１・定超 300 420 3 1 2 1 285 d
76 74 8622 予認通所介護Ⅱ２２・定超 300 420 3 2 2 1 301 d
77 74 8631 予認通所介護Ⅱ３１・定超 420 540 3 1 2 1 328 d
78 74 8632 予認通所介護Ⅱ３２・定超 420 540 3 2 2 1 347 d
79 74 8641 予認通所介護Ⅱ３１・定超・延１ 540 600 3 1 2 1 378 d
80 74 8642 予認通所介護Ⅱ３２・定超・延１ 540 600 3 2 2 1 397 d
81 74 8651 予認通所介護Ⅱ３１・定超・延２ 600 660 3 1 2 1 428 d
82 74 8652 予認通所介護Ⅱ３２・定超・延２ 600 660 3 2 2 1 447 d
83 74 8661 予認通所介護Ⅱ３１・定超・延３ 660 720 3 1 2 1 478 d
84 74 8662 予認通所介護Ⅱ３２・定超・延３ 660 720 3 2 2 1 497 d
85 74 9401 予認通所介護Ⅰⅰ１１・人欠・時減 120 180 1 1 1 2 229 d
86 74 9402 予認通所介護Ⅰⅰ１２・人欠・時減 120 180 1 2 1 2 253 d
87 74 9411 予認通所介護Ⅰⅰ１１・人欠 180 300 1 1 1 2 363 d
88 74 9412 予認通所介護Ⅰⅰ１２・人欠 180 300 1 2 1 2 402 d
89 74 9421 予認通所介護Ⅰⅰ２１・人欠 300 420 1 1 1 2 551 d
90 74 9422 予認通所介護Ⅰⅰ２２・人欠 300 420 1 2 1 2 615 d
91 74 9431 予認通所介護Ⅰⅰ３１・人欠 420 540 1 1 1 2 627 d
92 74 9432 予認通所介護Ⅰⅰ３２・人欠 420 540 1 2 1 2 701 d
93 74 9441 予認通所介護Ⅰⅰ３１・人欠・延１ 540 600 1 1 1 2 677 d
94 74 9442 予認通所介護Ⅰⅰ３２・人欠・延１ 540 600 1 2 1 2 751 d
95 74 9451 予認通所介護Ⅰⅰ３１・人欠・延２ 600 660 1 1 1 2 727 d
96 74 9452 予認通所介護Ⅰⅰ３２・人欠・延２ 600 660 1 2 1 2 801 d
97 74 9461 予認通所介護Ⅰⅰ３１・人欠・延３ 660 720 1 1 1 2 777 d
98 74 9462 予認通所介護Ⅰⅰ３２・人欠・延３ 660 720 1 2 1 2 851 d
99 74 9501 予認通所介護Ⅰⅱ１１・人欠・時減 120 180 2 1 1 2 207 d
100 74 9502 予認通所介護Ⅰⅱ１２・人欠・時減 120 180 2 2 1 2 229 d
101 74 9511 予認通所介護Ⅰⅱ１１・人欠 180 300 2 1 1 2 328 d
102 74 9512 予認通所介護Ⅰⅱ１２・人欠 180 300 2 2 1 2 363 d
103 74 9521 予認通所介護Ⅰⅱ２１・人欠 300 420 2 1 1 2 495 d
104 74 9522 予認通所介護Ⅰⅱ２２・人欠 300 420 2 2 1 2 553 d
105 74 9531 予認通所介護Ⅰⅱ３１・人欠 420 540 2 1 1 2 564 d
106 74 9532 予認通所介護Ⅰⅱ３２・人欠 420 540 2 2 1 2 629 d
107 74 9541 予認通所介護Ⅰⅱ３１・人欠・延１ 540 600 2 1 1 2 614 d
108 74 9542 予認通所介護Ⅰⅱ３２・人欠・延１ 540 600 2 2 1 2 679 d
109 74 9551 予認通所介護Ⅰⅱ３１・人欠・延２ 600 660 2 1 1 2 664 d
110 74 9552 予認通所介護Ⅰⅱ３２・人欠・延２ 600 660 2 2 1 2 729 d
111 74 9561 予認通所介護Ⅰⅱ３１・人欠・延３ 660 720 2 1 1 2 714 d
112 74 9562 予認通所介護Ⅰⅱ３２・人欠・延３ 660 720 2 2 1 2 779 d
113 74 9601 予認通所介護Ⅱ１１・人欠・時減 120 180 3 1 1 2 111 d
114 74 9602 予認通所介護Ⅱ１２・人欠・時減 120 180 3 2 1 2 117 d
115 74 9611 予認通所介護Ⅱ１１・人欠 180 300 3 1 1 2 176 d
116 74 9612 予認通所介護Ⅱ１２・人欠 180 300 3 2 1 2 186 d
117 74 9621 予認通所介護Ⅱ２１・人欠 300 420 3 1 1 2 285 d
118 74 9622 予認通所介護Ⅱ２２・人欠 300 420 3 2 1 2 301 d
119 74 9631 予認通所介護Ⅱ３１・人欠 420 540 3 1 1 2 328 d
120 74 9632 予認通所介護Ⅱ３２・人欠 420 540 3 2 1 2 347 d
121 74 9641 予認通所介護Ⅱ３１・人欠・延１ 540 600 3 1 1 2 378 d
122 74 9642 予認通所介護Ⅱ３２・人欠・延１ 540 600 3 2 1 2 397 d
123 74 9651 予認通所介護Ⅱ３１・人欠・延２ 600 660 3 1 1 2 428 d
124 74 9652 予認通所介護Ⅱ３２・人欠・延２ 600 660 3 2 1 2 447 d
125 74 9661 予認通所介護Ⅱ３１・人欠・延３ 660 720 3 1 1 2 478 d
126 74 9662 予認通所介護Ⅱ３２・人欠・延３ 660 720 3 2 1 2 497 d
