1 32 1111 認知症共同生活介護Ⅰ１ 1 3 1 1 805 d
2 32 1113 認知症共同生活介護Ⅰ１・夜減 1 3 1 1 781 d
3 32 1121 認知症共同生活介護Ⅰ２ 1 4 1 1 843 d
4 32 1123 認知症共同生活介護Ⅰ２・夜減 1 4 1 1 818 d
5 32 1131 認知症共同生活介護Ⅰ３ 1 5 1 1 868 d
6 32 1133 認知症共同生活介護Ⅰ３・夜減 1 5 1 1 842 d
7 32 1141 認知症共同生活介護Ⅰ４ 1 6 1 1 886 d
8 32 1143 認知症共同生活介護Ⅰ４・夜減 1 6 1 1 859 d
9 32 1151 認知症共同生活介護Ⅰ５ 1 7 1 1 904 d
10 32 1153 認知症共同生活介護Ⅰ５・夜減 1 7 1 1 877 d
11 32 2111 認知症共同生活介護Ⅱ１ 2 3 1 1 792 d
12 32 2113 認知症共同生活介護Ⅱ１・夜減 2 3 1 1 768 d
13 32 2121 認知症共同生活介護Ⅱ２ 2 4 1 1 830 d
14 32 2123 認知症共同生活介護Ⅱ２・夜減 2 4 1 1 805 d
15 32 2131 認知症共同生活介護Ⅱ３ 2 5 1 1 855 d
16 32 2133 認知症共同生活介護Ⅱ３・夜減 2 5 1 1 829 d
17 32 2141 認知症共同生活介護Ⅱ４ 2 6 1 1 872 d
18 32 2143 認知症共同生活介護Ⅱ４・夜減 2 6 1 1 846 d
19 32 2151 認知症共同生活介護Ⅱ５ 2 7 1 1 890 d
20 32 2153 認知症共同生活介護Ⅱ５・夜減 2 7 1 1 863 d
21 32 8001 認知症共同生活介護Ⅰ１・超 1 3 2 1 564 d
22 32 8003 認知症共同生活介護Ⅰ１・夜減・超 1 3 2 1 547 d
23 32 8011 認知症共同生活介護Ⅰ２・超 1 4 2 1 590 d
24 32 8013 認知症共同生活介護Ⅰ２・夜減・超 1 4 2 1 573 d
25 32 8021 認知症共同生活介護Ⅰ３・超 1 5 2 1 608 d
26 32 8023 認知症共同生活介護Ⅰ３・夜減・超 1 5 2 1 589 d
27 32 8031 認知症共同生活介護Ⅰ４・超 1 6 2 1 620 d
28 32 8033 認知症共同生活介護Ⅰ４・夜減・超 1 6 2 1 601 d
29 32 8041 認知症共同生活介護Ⅰ５・超 1 7 2 1 633 d
30 32 8043 認知症共同生活介護Ⅰ５・夜減・超 1 7 2 1 614 d
31 32 8101 認知症共同生活介護Ⅱ１・超 2 3 2 1 554 d
32 32 8103 認知症共同生活介護Ⅱ１・夜減・超 2 3 2 1 538 d
33 32 8111 認知症共同生活介護Ⅱ２・超 2 4 2 1 581 d
34 32 8113 認知症共同生活介護Ⅱ２・夜減・超 2 4 2 1 564 d
35 32 8121 認知症共同生活介護Ⅱ３・超 2 5 2 1 599 d
36 32 8123 認知症共同生活介護Ⅱ３・夜減・超 2 5 2 1 580 d
37 32 8131 認知症共同生活介護Ⅱ４・超 2 6 2 1 610 d
38 32 8133 認知症共同生活介護Ⅱ４・夜減・超 2 6 2 1 592 d
39 32 8141 認知症共同生活介護Ⅱ５・超 2 7 2 1 623 d
40 32 8143 認知症共同生活介護Ⅱ５・夜減・超 2 7 2 1 604 d
41 32 9001 認知症共同生活介護Ⅰ１・欠 1 3 1 2 564 d
42 32 9003 認知症共同生活介護Ⅰ１・夜減・欠 1 3 1 2 547 d
43 32 9011 認知症共同生活介護Ⅰ２・欠 1 4 1 2 590 d
44 32 9013 認知症共同生活介護Ⅰ２・夜減・欠 1 4 1 2 573 d
45 32 9021 認知症共同生活介護Ⅰ３・欠 1 5 1 2 608 d
46 32 9023 認知症共同生活介護Ⅰ３・夜減・欠 1 5 1 2 589 d
47 32 9031 認知症共同生活介護Ⅰ４・欠 1 6 1 2 620 d
48 32 9033 認知症共同生活介護Ⅰ４・夜減・欠 1 6 1 2 601 d
49 32 9041 認知症共同生活介護Ⅰ５・欠 1 7 1 2 633 d
50 32 9043 認知症共同生活介護Ⅰ５・夜減・欠 1 7 1 2 614 d
51 32 9101 認知症共同生活介護Ⅱ１・欠 2 3 1 2 554 d
52 32 9103 認知症共同生活介護Ⅱ１・夜減・欠 2 3 1 2 538 d
53 32 9111 認知症共同生活介護Ⅱ２・欠 2 4 1 2 581 d
54 32 9113 認知症共同生活介護Ⅱ２・夜減・欠 2 4 1 2 564 d
55 32 9121 認知症共同生活介護Ⅱ３・欠 2 5 1 2 599 d
56 32 9123 認知症共同生活介護Ⅱ３・夜減・欠 2 5 1 2 580 d
57 32 9131 認知症共同生活介護Ⅱ４・欠 2 6 1 2 610 d
58 32 9133 認知症共同生活介護Ⅱ４・夜減・欠 2 6 1 2 592 d
59 32 9141 認知症共同生活介護Ⅱ５・欠 2 7 1 2 623 d
60 32 9143 認知症共同生活介護Ⅱ５・夜減・欠 2 7 1 2 604 d
