00000002 2011 05 07 09:30 10:29 11 7211 0070 10.84 1 229 1 20141205113916 00078
00000002 2011 05 14 09:30 10:29 11 7211 0070 10.84 1 229 1 20141205113916 00078
00000002 2011 05 21 09:30 10:29 11 7211 0070 10.84 1 229 1 20141205113916 00078
00000002 2011 05 28 09:30 10:29 11 7211 0070 10.84 1 229 1 20141205113916 00078
00000007 2011 05 02 15:00 15:59 11 4111 0070 10.84 1 337 1 20141017142047 00077
00000007 2011 05 09 15:00 15:59 11 4111 0070 10.84 1 337 1 20141017142047 00077
00000007 2011 05 16 15:00 15:59 11 4111 0070 10.84 1 337 1 20141017142047 00077
00000007 2011 05 23 15:00 15:59 11 4111 0070 10.84 1 337 1 20141017142047 00077
00000007 2011 05 30 15:00 15:59 11 4111 0070 10.84 1 337 1 20141017142047 00077
00000010 2011 05 02 09:30 10:29 61 1211 0073 10.84 1 2468 1 20141017145605 00077
00000010 2011 05 06 13:00 13:59 61 1211 0073 10.84 1 2468 1 20141017145605 00077
00000010 2011 05 09 09:30 10:29 61 1211 0073 10.84 1 2468 1 20141017145605 00077
00000010 2011 05 13 13:00 13:59 61 1211 0073 10.84 1 2468 1 20141017145605 00077
00000010 2011 05 16 09:30 10:29 61 1211 0073 10.84 1 2468 1 20141017145605 00077
00000010 2011 05 20 13:00 13:59 61 1211 0073 10.84 1 2468 1 20141017145605 00077
00000010 2011 05 23 09:30 10:29 61 1211 0073 10.84 1 2468 1 20141017145605 00077
00000010 2011 05 27 13:00 13:59 61 1211 0073 10.84 1 2468 1 20141017145605 00077
00000010 2011 05 30 09:30 10:29 61 1211 0073 10.84 1 2468 1 20141017145605 00077
00000013 2011 05 24 13:30 14:29 11 7211 0070 10.84 1 229 1 20141017170354 00077
00000013 2011 05 31 13:30 14:29 11 7211 0070 10.84 1 229 1 20141017170354 00077
