00000029 20110903 KihonCheckCheckList01 1 1 201405230000 IKOU
00000029 20110903 KihonCheckCheckList02 0 1 201405230000 IKOU
00000029 20110903 KihonCheckCheckList03 1 1 201405230000 IKOU
00000029 20110903 KihonCheckCheckList04 1 1 201405230000 IKOU
00000029 20110903 KihonCheckCheckList05 1 1 201405230000 IKOU
00000029 20110903 KihonCheckCheckList06 0 1 201405230000 IKOU
00000029 20110903 KihonCheckCheckList07 0 1 201405230000 IKOU
00000029 20110903 KihonCheckCheckList08 2 1 201405230000 IKOU
00000029 20110903 KihonCheckCheckList09 0 1 201405230000 IKOU
00000029 20110903 KihonCheckCheckList10 0 1 201405230000 IKOU
00000029 20110903 KihonCheckCheckList11 0 1 201405230000 IKOU
00000029 20110903 KihonCheckCheckList12 0 1 201405230000 IKOU
00000029 20110903 KihonCheckCheckList13 0 1 201405230000 IKOU
00000029 20110903 KihonCheckCheckList14 0 1 201405230000 IKOU
00000029 20110903 KihonCheckCheckList15 0 1 201405230000 IKOU
00000029 20110903 KihonCheckCheckList16 5 1 201405230000 IKOU
00000029 20110903 KihonCheckCheckList17 6 1 201405230000 IKOU
00000029 20110903 KihonCheckCheckList18 6 1 201405230000 IKOU
00000029 20110903 KihonCheckCheckList19 0 1 201405230000 IKOU
00000029 20110903 KihonCheckCheckList20 0 1 201405230000 IKOU
00000029 20110903 KihonCheckCheckList21 0 1 201405230000 IKOU
00000029 20110903 KihonCheckCheckList22 7 1 201405230000 IKOU
00000029 20110903 KihonCheckCheckList23 0 1 201405230000 IKOU
00000029 20110903 KihonCheckCheckList24 0 1 201405230000 IKOU
00000029 20110903 KihonCheckCheckList01 1 1 201405230000 IKOU
00000029 20110903 KihonCheckCheckList02 0 1 201405230000 IKOU
00000029 20110903 KihonCheckCheckList03 1 1 201405230000 IKOU
00000029 20110903 KihonCheckCheckList04 1 1 201405230000 IKOU
00000029 20110903 KihonCheckCheckList05 1 1 201405230000 IKOU
00000029 20110903 KihonCheckCheckList06 0 1 201405230000 IKOU
00000029 20110903 KihonCheckCheckList07 0 1 201405230000 IKOU
00000029 20110903 KihonCheckCheckList08 2 1 201405230000 IKOU
00000029 20110903 KihonCheckCheckList09 0 1 201405230000 IKOU
00000029 20110903 KihonCheckCheckList10 0 1 201405230000 IKOU
00000029 20110903 KihonCheckCheckList11 0 1 201405230000 IKOU
00000029 20110903 KihonCheckCheckList12 0 1 201405230000 IKOU
00000029 20110903 KihonCheckCheckList13 0 1 201405230000 IKOU
00000029 20110903 KihonCheckCheckList14 0 1 201405230000 IKOU
00000029 20110903 KihonCheckCheckList15 0 1 201405230000 IKOU
00000029 20110903 KihonCheckCheckList16 5 1 201405230000 IKOU
00000029 20110903 KihonCheckCheckList17 6 1 201405230000 IKOU
00000029 20110903 KihonCheckCheckList18 6 1 201405230000 IKOU
00000029 20110903 KihonCheckCheckList19 6 1 201405230000 IKOU
00000029 20110903 KihonCheckCheckList20 0 1 201405230000 IKOU
00000029 20110903 KihonCheckCheckList21 0 1 201405230000 IKOU
00000029 20110903 KihonCheckCheckList22 7 1 201405230000 IKOU
00000029 20110903 KihonCheckCheckList23 0 1 201405230000 IKOU
00000029 20110903 KihonCheckCheckList24 0 1 201405230000 IKOU
