000001542014041 00000154 2014 04 03 65 1121 09:30 12:15 0271 1 4236 0 _ _ 1 1 20140617184217 24
000001542014041 00000154 2014 04 10 65 1121 09:30 12:15 0271 1 4236 0 _ _ 1 1 20140617184217 24
000001542014041 00000154 2014 04 17 65 1121 09:30 12:15 0271 1 4236 0 _ _ 1 1 20140617184217 24
000001542014041 00000154 2014 04 24 65 1121 09:30 12:15 0271 1 4236 0 _ _ 1 1 20140617184217 24
000001542014042 00000154 2014 04 03 65 5002 _ _ 0271 1 225 0 _ _ 1 1 20140617184217 24
000001542014042 00000154 2014 04 10 65 5002 _ _ 0271 1 225 0 _ _ 1 1 20140617184217 24
000001542014042 00000154 2014 04 17 65 5002 _ _ 0271 1 225 0 _ _ 1 1 20140617184217 24
000001542014042 00000154 2014 04 24 65 5002 _ _ 0271 1 225 0 _ _ 1 1 20140617184217 24
000001542014051 00000154 2014 05 01 65 1121 09:30 12:15 0271 1 4236 0 _ _ 1 1 20140626200237 78
000001542014051 00000154 2014 05 08 65 1121 09:30 12:15 0271 1 4236 0 _ _ 1 1 20140626200237 78
000001542014051 00000154 2014 05 15 65 1121 09:30 12:15 0271 1 4236 0 _ _ 1 1 20140626200237 78
000001542014051 00000154 2014 05 22 65 1121 09:30 12:15 0271 1 4236 0 _ _ 1 1 20140626200237 78
000001542014051 00000154 2014 05 29 65 1121 09:30 12:15 0271 1 4236 0 _ _ 1 1 20140626200237 78
000001542014052 00000154 2014 05 01 65 5002 _ _ 0271 1 225 0 _ _ 1 1 20140626200237 78
000001542014052 00000154 2014 05 08 65 5002 _ _ 0271 1 225 0 _ _ 1 1 20140626200237 78
000001542014052 00000154 2014 05 15 65 5002 _ _ 0271 1 225 0 _ _ 1 1 20140626200237 78
000001542014052 00000154 2014 05 22 65 5002 _ _ 0271 1 225 0 _ _ 1 1 20140626200237 78
000001542014052 00000154 2014 05 29 65 5002 _ _ 0271 1 225 0 _ _ 1 1 20140626200237 78
