00000063 20120706 KihonCheckCheckList01 0 1 201405230000 IKOU
00000063 20120706 KihonCheckCheckList02 0 1 201405230000 IKOU
00000063 20120706 KihonCheckCheckList03 0 1 201405230000 IKOU
00000063 20120706 KihonCheckCheckList04 1 1 201405230000 IKOU
00000063 20120706 KihonCheckCheckList05 0 1 201405230000 IKOU
00000063 20120706 KihonCheckCheckList06 0 1 201405230000 IKOU
00000063 20120706 KihonCheckCheckList07 0 1 201405230000 IKOU
00000063 20120706 KihonCheckCheckList08 0 1 201405230000 IKOU
00000063 20120706 KihonCheckCheckList09 2 1 201405230000 IKOU
00000063 20120706 KihonCheckCheckList10 2 1 201405230000 IKOU
00000063 20120706 KihonCheckCheckList11 3 1 201405230000 IKOU
00000063 20120706 KihonCheckCheckList12 0 1 201405230000 IKOU
00000063 20120706 KihonCheckCheckList13 4 1 201405230000 IKOU
00000063 20120706 KihonCheckCheckList14 4 1 201405230000 IKOU
00000063 20120706 KihonCheckCheckList15 0 1 201405230000 IKOU
00000063 20120706 KihonCheckCheckList16 5 1 201405230000 IKOU
00000063 20120706 KihonCheckCheckList17 0 1 201405230000 IKOU
00000063 20120706 KihonCheckCheckList18 0 1 201405230000 IKOU
00000063 20120706 KihonCheckCheckList19 6 1 201405230000 IKOU
00000063 20120706 KihonCheckCheckList20 0 1 201405230000 IKOU
00000063 20120706 KihonCheckCheckList21 0 1 201405230000 IKOU
00000063 20120706 KihonCheckCheckList22 0 1 201405230000 IKOU
00000063 20120706 KihonCheckCheckList23 0 1 201405230000 IKOU
00000063 20120706 KihonCheckCheckList24 0 1 201405230000 IKOU
00000063 20130520 KihonCheckCheckList01 1 1 201405230000 IKOU
00000063 20130520 KihonCheckCheckList02 0 1 201405230000 IKOU
00000063 20130520 KihonCheckCheckList03 0 1 201405230000 IKOU
00000063 20130520 KihonCheckCheckList04 1 1 201405230000 IKOU
00000063 20130520 KihonCheckCheckList05 0 1 201405230000 IKOU
00000063 20130520 KihonCheckCheckList06 0 1 201405230000 IKOU
00000063 20130520 KihonCheckCheckList07 0 1 201405230000 IKOU
00000063 20130520 KihonCheckCheckList08 0 1 201405230000 IKOU
00000063 20130520 KihonCheckCheckList09 2 1 201405230000 IKOU
00000063 20130520 KihonCheckCheckList10 2 1 201405230000 IKOU
00000063 20130520 KihonCheckCheckList11 3 1 201405230000 IKOU
00000063 20130520 KihonCheckCheckList12 0 1 201405230000 IKOU
00000063 20130520 KihonCheckCheckList13 4 1 201405230000 IKOU
00000063 20130520 KihonCheckCheckList14 4 1 201405230000 IKOU
00000063 20130520 KihonCheckCheckList15 0 1 201405230000 IKOU
00000063 20130520 KihonCheckCheckList16 5 1 201405230000 IKOU
00000063 20130520 KihonCheckCheckList17 0 1 201405230000 IKOU
00000063 20130520 KihonCheckCheckList18 0 1 201405230000 IKOU
00000063 20130520 KihonCheckCheckList19 6 1 201405230000 IKOU
00000063 20130520 KihonCheckCheckList20 0 1 201405230000 IKOU
00000063 20130520 KihonCheckCheckList21 0 1 201405230000 IKOU
00000063 20130520 KihonCheckCheckList22 0 1 201405230000 IKOU
00000063 20130520 KihonCheckCheckList23 0 1 201405230000 IKOU
00000063 20130520 KihonCheckCheckList24 0 1 201405230000 IKOU
00000063 20130628 KihonCheckCheckList01 1 1 201405230000 IKOU
00000063 20130628 KihonCheckCheckList02 0 1 201405230000 IKOU
00000063 20130628 KihonCheckCheckList03 0 1 201405230000 IKOU
00000063 20130628 KihonCheckCheckList04 1 1 201405230000 IKOU
00000063 20130628 KihonCheckCheckList05 0 1 201405230000 IKOU
00000063 20130628 KihonCheckCheckList06 0 1 201405230000 IKOU
00000063 20130628 KihonCheckCheckList07 0 1 201405230000 IKOU
00000063 20130628 KihonCheckCheckList08 0 1 201405230000 IKOU
00000063 20130628 KihonCheckCheckList09 2 1 201405230000 IKOU
00000063 20130628 KihonCheckCheckList10 2 1 201405230000 IKOU
00000063 20130628 KihonCheckCheckList11 3 1 201405230000 IKOU
00000063 20130628 KihonCheckCheckList12 0 1 201405230000 IKOU
00000063 20130628 KihonCheckCheckList13 4 1 201405230000 IKOU
00000063 20130628 KihonCheckCheckList14 4 1 201405230000 IKOU
00000063 20130628 KihonCheckCheckList15 0 1 201405230000 IKOU
00000063 20130628 KihonCheckCheckList16 5 1 201405230000 IKOU
00000063 20130628 KihonCheckCheckList17 0 1 201405230000 IKOU
00000063 20130628 KihonCheckCheckList18 0 1 201405230000 IKOU
00000063 20130628 KihonCheckCheckList19 6 1 201405230000 IKOU
00000063 20130628 KihonCheckCheckList20 0 1 201405230000 IKOU
00000063 20130628 KihonCheckCheckList21 0 1 201405230000 IKOU
00000063 20130628 KihonCheckCheckList22 0 1 201405230000 IKOU
00000063 20130628 KihonCheckCheckList23 0 1 201405230000 IKOU
00000063 20130628 KihonCheckCheckList24 0 1 201405230000 IKOU
