00000063 20120515 20120519 鍵谷裕子 本人 1 2014052900000000 00078
00000063 20120515 20120519 原サービス提供責任者 やさしい手青葉台 1 2014052900000000 00078
00000063 20120515 20120519 櫻井相談員 グランクレール藤が丘 1 2014052900000000 00078
00000063 20120515 20120519 山岸綾子 グランクレール・ケアサービス美しが丘 1 2014052900000000 00078
00000063 20120705 20120706 鍵谷裕子 本人 1 2014052900000000 00078
00000063 20120705 20120706 原サービス提供責任者 やさしい手青葉台 1 2014052900000000 00078
00000063 20120705 20120706 山岸綾子 グランクレール・ケアサービス美しが丘 1 2014052900000000 00078
00000063 20120906 20120706 鍵谷裕子 本人 1 2014052900000000 00078
00000063 20120906 20120706 原サービス提供責任者 やさしい手青葉台 1 2014052900000000 00078
00000063 20120906 20120706 山岸綾子 グランクレール・ケアサービス美しが丘 1 2014052900000000 00078
00000063 20120906 20130514 鍵谷裕子 本人 1 2014052900000000 00078
00000063 20120906 20130514 原サービス提供責任者（コメント） やさしい手青葉台 1 2014052900000000 00078
00000063 20120906 20130514 山岸綾子 グランクレール・ケアサービス横浜 1 2014052900000000 00078
00000063 20120906 20130514 髙階福祉用具専門相談員 トーカイ　横浜支店 1 2014052900000000 00078
00000063 20130628 20130705 鍵谷裕子 本人 1 2014052900000000 00078
00000063 20130628 20130705 原サービス提供責任者（コメント） やさしい手青葉台 1 2014052900000000 00078
00000063 20130628 20130705 山岸綾子 グランクレール・ケアサービス横浜 1 2014052900000000 00078
00000063 20130628 20130705 髙階福祉用具専門相談員 トーカイ　横浜支店（コメント） 1 2014052900000000 00078
00000063 20130628 20130705 吉野相談員 グランクレール藤が丘 1 2014052900000000 00078
