00000213 2012 04 00077 1 20140716141820 00078
00000213 2012 05 00077 1 20140716143512 00078
00000213 2012 06 00077 1 20140716144304 00078
00000213 2012 07 00077 1 20140716145829 00078
00000213 2012 08 00077 1 20140716150729 00078
00000213 2012 09 00077 1 20140716151917 00078
00000213 2012 10 00077 1 20140716153714 00078
00000213 2012 11 00077 1 20140716155535 00078
00000213 2012 12 00077 1 20140716160526 00078
00000213 2013 01 00077 1 20140708162911 00078
00000213 2013 02 00077 1 20140708164233 00078
00000213 2013 03 00077 1 20140708165823 00078
00000213 2013 04 00077 1 20140708170914 00078
00000213 2013 05 00077 1 20140708172820 00078
00000213 2013 06 00077 1 20140708173700 00078
00000213 2013 07 00077 1 20140708174636 00078
00000213 2013 08 00077 1 20140708175603 00078
00000213 2013 09 00077 1 20140703121805 00078
00000213 2013 10 00077 1 20140703134503 00078
00000213 2013 11 00077 1 20140703135540 00078
00000213 2013 12 00077 1 20140703140900 00078
00000213 2014 01 00077 1 20140619111201 00078
00000213 2014 02 00077 1 20140619112344 00078
00000213 2014 03 00077 1 20140729104025 00078
00000213 2014 04 00077 1 20140619120625 00078
00000213 2014 05 00077 1 20140819105031 00078
00000213 2014 06 00052 1 20140701130253 00047
00000213 2014 07 00052 1 20140802142009 00047
00000213 2014 08 00052 1 20140725090205 00052
00000213 2014 09 00052 1 20140816150915 00052
