1 00000010 2012 09 11 0070 グランクレール・ケアサービス横浜 7311 生活援助３ 235 0 235 8 1880 0 1880 1880 0 10.84 20379 90 18341 2038 0 n n 0 1 20140730182706 00034
1 00000013 2012 09 11 0070 グランクレール・ケアサービス横浜 7311 生活援助３ 235 0 235 3 705 0 705 705 0 10.84 7642 90 6877 765 0 n n 0 1 20140731113913 00078
1 00000015 2012 09 11 0070 グランクレール・ケアサービス横浜 1311 身体介護３ 584 0 584 3 1752 0 1752 1752 0 10.84 18991 90 17091 1900 0 n n 0 1 20140814182048 00034
1 00000018 2012 09 11 0070 グランクレール・ケアサービス横浜 7311 生活援助３ 235 0 235 3 705 0 705 705 0 10.84 7642 90 6877 765 0 n n 0 1 20140731165423 00078
1 00000020 2012 09 11 0070 グランクレール・ケアサービス横浜 7311 生活援助３ 235 0 235 8 1880 0 1880 1880 0 10.84 20379 90 18341 2038 0 n n 0 1 20140731172727 00078
1 00000022 2012 09 11 0070 グランクレール・ケアサービス横浜 1211 身体介護２ 402 0 402 4 1608 0 1608 1608 0 10.84 17430 90 15687 1743 0 n n 0 1 20140731181331 00078
1 00000046 2012 09 11 0070 グランクレール・ケアサービス横浜 1311 身体介護３ 584 0 584 2 1168 0 1168 1168 0 10.84 12661 90 11394 1267 0 n n 0 1 20140804142544 00034
1 00000060 2012 09 11 0070 グランクレール・ケアサービス横浜 5111 身体２生活１ 472 0 472 13 6136 0 6136 6136 0 10.84 66514 90 59862 6652 0 n n 0 1 20140807112111 00034
2 00000010 2012 09 11 0070 グランクレール・ケアサービス横浜 6271 訪問介護処遇改善加算Ⅰ 75 0 75 1 75 75 0.04 75 0 10.84 813 90 731 82 0 a g 0 1 20140730182706 00034
2 00000013 2012 09 11 0070 グランクレール・ケアサービス横浜 6271 訪問介護処遇改善加算Ⅰ 28 0 28 1 28 28 0.04 28 0 10.84 303 90 272 31 0 a g 0 1 20140731113913 00078
2 00000015 2012 09 11 0070 グランクレール・ケアサービス横浜 7311 生活援助３ 235 0 235 2 470 0 470 470 0 10.84 5094 90 4584 510 0 n n 0 1 20140814182048 00034
2 00000018 2012 09 11 0070 グランクレール・ケアサービス横浜 6271 訪問介護処遇改善加算Ⅰ 28 0 28 1 28 28 0.04 28 0 10.84 303 90 272 31 0 a g 0 1 20140731165423 00078
2 00000020 2012 09 11 0070 グランクレール・ケアサービス横浜 6271 訪問介護処遇改善加算Ⅰ 75 0 75 1 75 75 0.04 75 0 10.84 813 90 731 82 0 a g 0 1 20140731172727 00078
2 00000022 2012 09 11 0070 グランクレール・ケアサービス横浜 6271 訪問介護処遇改善加算Ⅰ 64 0 64 1 64 64 0.04 64 0 10.84 693 90 623 70 0 a g 0 1 20140731181331 00078
2 00000046 2012 09 11 0070 グランクレール・ケアサービス横浜 6271 訪問介護処遇改善加算Ⅰ 47 0 47 1 47 47 0.04 47 0 10.84 509 90 458 51 0 a g 0 1 20140804142544 00034
2 00000060 2012 09 11 0070 グランクレール・ケアサービス横浜 6271 訪問介護処遇改善加算Ⅰ 245 0 245 1 245 245 0.04 245 0 10.84 2655 90 2389 266 0 a g 0 1 20140807112111 00034
3 00000015 2012 09 11 0070 グランクレール・ケアサービス横浜 6271 訪問介護処遇改善加算Ⅰ 89 0 89 1 89 89 0.04 89 0 10.84 964 90 867 97 0 a g 0 1 20140814182048 00034
