1 00000143 2014 06 11 0070 グランクレール・ケアサービス横浜 1112 身体介護１・夜 319 0 319 60 19140 0 19140 19140 0 10.84 207477 90 186729 20748 0 n n 0 1 20140701102457 00078
1 00000143 2014 07 11 0070 グランクレール・ケアサービス横浜 1112 身体介護１・夜 319 0 319 62 19778 0 19778 19778 0 10.84 214393 90 192953 21440 0 n n 0 1 20140801112304 00034
1 00000143 2014 08 11 0070 グランクレール・ケアサービス横浜 1112 身体介護１・夜 319 0 319 37 11803 0 11803 11803 0 10.84 127944 90 115149 12795 0 n n 0 1 20140819112205 00014
2 00000143 2014 06 11 0070 グランクレール・ケアサービス横浜 1211 身体介護２ 404 0 404 4 1616 0 1616 1616 0 10.84 17517 90 15765 1752 0 n n 0 1 20140701102457 00078
2 00000143 2014 07 11 0070 グランクレール・ケアサービス横浜 1211 身体介護２ 404 0 404 4 1616 0 1616 1616 0 10.84 17517 90 15765 1752 0 n n 0 1 20140801112304 00034
2 00000143 2014 08 11 0070 グランクレール・ケアサービス横浜 1211 身体介護２ 404 0 404 3 1212 0 1212 1212 0 10.84 13138 90 11824 1314 0 n n 0 1 20140819112205 00014
3 00000143 2014 06 11 0070 グランクレール・ケアサービス横浜 5111 身体２生活１ 474 0 474 4 1896 0 1896 1896 0 10.84 20552 90 18496 2056 0 n n 0 1 20140701102457 00078
3 00000143 2014 07 11 0070 グランクレール・ケアサービス横浜 5111 身体２生活１ 474 0 474 5 2370 0 2370 2370 0 10.84 25690 90 23121 2569 0 n n 0 1 20140801112304 00034
3 00000143 2014 08 11 0070 グランクレール・ケアサービス横浜 5111 身体２生活１ 474 0 474 2 948 0 948 948 0 10.84 10276 90 9248 1028 0 n n 0 1 20140819112205 00014
4 00000143 2014 06 11 0070 グランクレール・ケアサービス横浜 6271 訪問介護処遇改善加算Ⅰ 906 0 906 1 906 906 0.04 906 0 10.84 9821 90 8838 983 0 a g 0 1 20140701102457 00078
4 00000143 2014 07 11 0070 グランクレール・ケアサービス横浜 6271 訪問介護処遇改善加算Ⅰ 951 0 951 1 951 951 0.04 951 0 10.84 10308 90 9277 1031 0 a g 0 1 20140801112304 00034
4 00000143 2014 08 11 0070 グランクレール・ケアサービス横浜 6271 訪問介護処遇改善加算Ⅰ 559 0 559 1 559 559 0.04 559 0 10.84 6059 90 5453 606 0 a g 0 1 20140819112205 00014
