00000143 0070 2014 06 0000002 01 00017 _ 06:20 06:40 1 _ 0 1112 1 11 1 20140701102457 00078
00000143 0070 2014 06 0000003 01 00011 _ 19:20 19:40 1 _ 0 1112 1 11 1 20140701102457 00078
00000143 0070 2014 06 0000004 02 00019 _ 06:20 06:40 1 _ 0 1112 1 11 1 20140701102457 00078
00000143 0070 2014 06 0000005 03 00083 _ 06:20 06:40 1 _ 0 1112 1 11 1 20140701102457 00078
00000143 0070 2014 06 0000006 03 00082 _ 19:20 19:40 1 _ 0 1112 1 11 1 20140701102457 00078
00000143 0070 2014 06 0000007 04 00016 _ 06:20 06:40 1 _ 0 1112 1 11 1 20140701102457 00078
00000143 0070 2014 06 0000008 04 00011 00019 14:45 15:50 4 _ 0 5111 1 11 1 20140701102457 00078
00000143 0070 2014 06 0000009 04 00017 _ 19:20 19:40 1 _ 0 1112 1 11 1 20140701102457 00078
00000143 0070 2014 06 0000010 05 00015 _ 06:20 06:40 1 _ 0 1112 1 11 1 20140701102457 00078
00000143 0070 2014 06 0000011 05 00017 _ 19:20 19:40 1 _ 0 1112 1 11 1 20140701102457 00078
00000143 0070 2014 06 0000012 06 00082 _ 06:20 06:40 1 _ 0 1112 1 11 1 20140701102457 00078
00000143 0070 2014 06 0000013 06 00019 _ 19:20 19:40 1 _ 0 1112 1 11 1 20140701102457 00078
00000143 0070 2014 06 0000014 07 00017 _ 06:20 06:40 1 _ 0 1112 1 11 1 20140701102457 00078
00000143 0070 2014 06 0000015 07 00083 _ 19:20 19:40 1 _ 0 1112 1 11 1 20140701102457 00078
00000143 0070 2014 06 0000016 08 00019 _ 06:20 06:40 1 _ 0 1112 1 11 1 20140701102457 00078
00000143 0070 2014 06 0000017 08 00015 _ 19:20 19:40 1 _ 0 1112 1 11 1 20140701102457 00078
00000143 0070 2014 06 0000018 07 00016 _ 14:45 15:30 1 _ 0 1211 1 11 1 20140701102457 00078
00000143 0070 2014 06 0000019 09 00016 _ 06:20 06:40 1 _ 0 1112 1 11 1 20140701102457 00078
00000143 0070 2014 06 0000020 09 00015 _ 19:20 19:40 1 _ 0 1112 1 11 1 20140701102457 00078
00000143 0070 2014 06 0000021 10 00082 _ 06:20 06:40 1 _ 0 1112 1 11 1 20140701102457 00078
00000143 0070 2014 06 0000022 10 00017 _ 19:20 19:40 1 _ 0 1112 1 11 1 20140701102457 00078
00000143 0070 2014 06 0000023 11 00015 _ 06:20 06:40 1 _ 0 1112 1 11 1 20140701102457 00078
00000143 0070 2014 06 0000024 11 00019 00016 14:45 15:50 4 _ 0 5111 1 11 1 20140701102457 00078
00000143 0070 2014 06 0000025 11 00011 _ 19:20 19:40 1 _ 0 1112 1 11 1 20140701102457 00078
00000143 0070 2014 06 0000026 12 00017 _ 06:20 06:40 1 _ 0 1112 1 11 1 20140701102457 00078
00000143 0070 2014 06 0000027 12 00019 _ 19:20 19:40 1 _ 0 1112 1 11 1 20140701102457 00078
00000143 0070 2014 06 0000028 13 00083 _ 06:20 06:40 1 _ 0 1112 1 11 1 20140701102457 00078
00000143 0070 2014 06 0000029 13 00016 _ 19:20 19:40 1 _ 0 1112 1 11 1 20140701102457 00078
00000143 0070 2014 06 0000030 14 00019 _ 06:20 06:40 1 _ 0 1112 1 11 1 20140701102457 00078
00000143 0070 2014 06 0000031 14 00015 _ 14:45 15:30 1 _ 0 1211 1 11 1 20140701102457 00078
00000143 0070 2014 06 0000032 14 00082 _ 19:20 19:40 1 _ 0 1112 1 11 1 20140701102457 00078
00000143 0070 2014 06 0000033 15 00016 _ 06:20 06:40 1 _ 0 1112 1 11 1 20140701102457 00078
00000143 0070 2014 06 0000034 15 00015 _ 19:20 19:40 1 _ 0 1112 1 11 1 20140701102457 00078
00000143 0070 2014 06 0000035 16 00082 _ 06:20 06:40 1 _ 0 1112 1 11 1 20140701102457 00078
00000143 0070 2014 06 0000036 16 00019 _ 19:20 19:40 1 _ 0 1112 1 11 1 20140701102457 00078
00000143 0070 2014 06 0000037 17 00017 _ 06:20 06:40 1 _ 0 1112 1 11 1 20140701102457 00078
00000143 0070 2014 06 0000038 02 00082 _ 19:20 19:40 1 _ 0 1112 1 11 1 20140701102457 00078
00000143 0070 2014 06 0000039 18 00016 _ 19:20 19:40 1 _ 0 1112 1 11 1 20140701102457 00078
00000143 0070 2014 06 0000040 19 00083 _ 06:20 06:40 1 _ 0 1112 1 11 1 20140701102457 00078
00000143 0070 2014 06 0000041 19 00082 _ 19:20 19:40 1 _ 0 1112 1 11 1 20140701102457 00078
00000143 0070 2014 06 0000042 20 00016 _ 06:20 06:40 1 _ 0 1112 1 11 1 20140701102457 00078
00000143 0070 2014 06 0000043 17 00019 _ 19:20 19:40 1 _ 0 1112 1 11 1 20140701102457 00078
00000143 0070 2014 06 0000044 18 00015 _ 06:20 06:40 1 _ 0 1112 1 11 1 20140701102457 00078
00000143 0070 2014 06 0000045 18 00092 00082 14:45 15:50 4 _ 0 5111 1 11 1 20140701102457 00078
00000143 0070 2014 06 0000046 20 00019 _ 19:20 19:40 1 _ 0 1112 1 11 1 20140701102457 00078
00000143 0070 2014 06 0000047 21 00082 _ 06:20 06:40 1 _ 0 1112 1 11 1 20140701102457 00078
00000143 0070 2014 06 0000048 21 00083 _ 14:45 15:30 1 _ 0 1211 1 11 1 20140701102457 00078
00000143 0070 2014 06 0000049 21 00017 _ 19:20 19:40 1 _ 0 1112 1 11 1 20140701102457 00078
00000143 0070 2014 06 0000050 22 00011 _ 06:20 06:40 1 _ 0 1112 1 11 1 20140701102457 00078
00000143 0070 2014 06 0000051 22 00092 _ 19:20 19:40 1 _ 0 1112 1 11 1 20140701102457 00078
00000143 0070 2014 06 0000052 23 00083 _ 06:50 07:10 1 _ 0 1112 1 11 1 20140701102457 00078
00000143 0070 2014 06 0000053 23 00016 _ 19:20 19:40 1 _ 0 1112 1 11 1 20140701102457 00078
00000143 0070 2014 06 0000054 24 00015 _ 06:50 07:10 1 _ 0 1112 1 11 1 20140701102457 00078
00000143 0070 2014 06 0000055 24 00082 _ 19:20 19:40 1 _ 0 1112 1 11 1 20140701102457 00078
00000143 0070 2014 06 0000056 25 00019 _ 06:50 07:10 1 _ 0 1112 1 11 1 20140701102457 00078
00000143 0070 2014 06 0000057 25 00016 00083 14:45 15:50 4 _ 0 5111 1 11 1 20140701102457 00078
00000143 0070 2014 06 0000058 25 00082 _ 19:20 19:40 1 _ 0 1112 1 11 1 20140701102457 00078
00000143 0070 2014 06 0000059 26 00017 _ 06:50 07:10 1 _ 0 1112 1 11 1 20140701102457 00078
00000143 0070 2014 06 0000060 26 00083 _ 19:20 19:40 1 _ 0 1112 1 11 1 20140701102457 00078
00000143 0070 2014 06 0000061 27 00016 _ 06:50 07:10 1 _ 0 1112 1 11 1 20140701102457 00078
00000143 0070 2014 06 0000062 27 00015 _ 19:20 19:40 1 _ 0 1112 1 11 1 20140701102457 00078
00000143 0070 2014 06 0000063 28 00092 _ 06:50 07:10 1 _ 0 1112 1 11 1 20140701102457 00078
00000143 0070 2014 06 0000064 28 00017 _ 14:45 15:30 1 _ 0 1211 1 11 1 20140701102457 00078
00000143 0070 2014 06 0000065 28 00015 _ 19:20 19:40 1 _ 0 1112 1 11 1 20140701102457 00078
00000143 0070 2014 06 0000066 29 00019 _ 06:50 07:10 1 _ 0 1112 1 11 1 20140701102457 00078
00000143 0070 2014 06 0000067 29 00017 _ 19:20 19:40 1 _ 0 1112 1 11 1 20140701102457 00078
00000143 0070 2014 06 0000068 30 00015 _ 07:05 07:25 1 _ 0 1112 1 11 1 20140701102457 00078
00000143 0070 2014 06 0000069 30 00092 _ 19:20 19:40 1 _ 0 1112 1 11 1 20140701102457 00078
00000143 0070 2014 07 0000070 01 00017 _ 06:50 07:10 1 _ 0 1112 1 11 1 20140801112304 00034
00000143 0070 2014 07 0000071 01 00092 _ 19:20 19:40 1 _ 0 1112 1 11 1 20140801112304 00034
00000143 0070 2014 07 0000072 02 00083 _ 06:50 07:10 1 _ 0 1112 1 11 1 20140801112304 00034
00000143 0070 2014 07 0000073 02 00015 00019 14:00 15:05 4 _ 0 5111 1 11 1 20140801112304 00034
00000143 0070 2014 07 0000074 02 00082 _ 19:20 19:40 1 _ 0 1112 1 11 1 20140801112304 00034
00000143 0070 2014 07 0000075 03 00016 _ 06:50 07:10 1 _ 0 1112 1 11 1 20140801112304 00034
00000143 0070 2014 07 0000076 03 00015 _ 19:20 19:40 1 _ 0 1112 1 11 1 20140801112304 00034
00000143 0070 2014 07 0000077 04 00019 _ 06:50 07:10 1 _ 0 1112 1 11 1 20140801112304 00034
00000143 0070 2014 07 0000078 04 00017 _ 19:20 19:40 1 _ 0 1112 1 11 1 20140801112304 00034
00000143 0070 2014 07 0000079 05 00015 _ 06:50 07:10 1 _ 0 1112 1 11 1 20140801112304 00034
00000143 0070 2014 07 0000080 05 00016 _ 14:45 15:30 1 _ 0 1211 1 11 1 20140801112304 00034
00000143 0070 2014 07 0000081 05 00083 _ 19:20 19:40 1 _ 0 1112 1 11 1 20140801112304 00034
00000143 0070 2014 07 0000082 06 00092 _ 06:50 07:10 1 _ 0 1112 1 11 1 20140801112304 00034
00000143 0070 2014 07 0000083 06 00095 _ 19:20 19:40 1 _ 0 1112 1 11 1 20140801112304 00034
00000143 0070 2014 07 0000084 07 00082 _ 06:50 07:10 1 _ 0 1112 1 11 1 20140801112304 00034
00000143 0070 2014 07 0000085 07 00011 _ 19:20 19:40 1 _ 0 1112 1 11 1 20140801112304 00034
00000143 0070 2014 07 0000086 08 00083 _ 06:50 07:10 1 _ 0 1112 1 11 1 20140801112304 00034
00000143 0070 2014 07 0000087 08 00016 _ 19:20 19:40 1 _ 0 1112 1 11 1 20140801112304 00034
00000143 0070 2014 07 0000088 09 00019 _ 06:50 07:10 2 _ 0 1112 1 11 1 20140801112304 00034
00000143 0070 2014 07 0000089 09 00017 00082 14:45 15:50 1 _ 0 5111 1 11 1 20140801112304 00034
00000143 0070 2014 07 0000090 09 00092 _ 19:20 19:40 1 _ 0 1112 1 11 1 20140801112304 00034
00000143 0070 2014 07 0000091 10 00015 _ 06:50 07:10 1 _ 0 1112 1 11 1 20140801112304 00034
00000143 0070 2014 07 0000092 10 00017 _ 19:20 19:40 1 _ 0 1112 1 11 1 20140801112304 00034
00000143 0070 2014 07 0000093 11 00016 _ 06:50 07:10 1 _ 0 1112 1 11 1 20140801112304 00034
00000143 0070 2014 07 0000094 11 00095 _ 19:20 19:40 1 _ 0 1112 1 11 1 20140801112304 00034
00000143 0070 2014 07 0000095 12 00017 _ 06:50 07:10 1 _ 0 1112 1 11 1 20140801112304 00034
00000143 0070 2014 07 0000096 12 00082 _ 14:45 15:30 1 _ 0 1211 1 11 1 20140801112304 00034
00000143 0070 2014 07 0000097 12 00093 _ 19:20 19:40 1 _ 0 1112 1 11 1 20140801112304 00034
00000143 0070 2014 07 0000098 13 00092 _ 06:50 07:10 1 _ 0 1112 1 11 1 20140801112304 00034
00000143 0070 2014 07 0000099 13 00019 _ 19:20 19:40 1 _ 0 1112 1 11 1 20140801112304 00034
00000143 0070 2014 07 0000100 14 00082 _ 06:50 07:10 1 _ 0 1112 1 11 1 20140801112304 00034
00000143 0070 2014 07 0000101 14 00015 _ 19:20 19:40 1 _ 0 1112 1 11 1 20140801112304 00034
00000143 0070 2014 07 0000102 15 00016 _ 06:50 07:10 1 _ 0 1112 1 11 1 20140801112304 00034
00000143 0070 2014 07 0000103 15 00093 _ 19:20 19:40 1 _ 0 1112 1 11 1 20140801112304 00034
00000143 0070 2014 07 0000104 16 00015 _ 06:50 07:10 1 _ 0 1112 1 11 1 20140801112304 00034
00000143 0070 2014 07 0000105 16 00082 00095 14:45 15:50 4 _ 0 5111 1 11 1 20140801112304 00034
00000143 0070 2014 07 0000106 16 00092 _ 19:20 19:40 1 _ 0 1112 1 11 1 20140801112304 00034
00000143 0070 2014 07 0000107 17 00017 _ 06:50 07:10 1 _ 0 1112 1 11 1 20140801112304 00034
00000143 0070 2014 07 0000108 17 00095 _ 19:20 19:40 1 _ 0 1112 1 11 1 20140801112304 00034
00000143 0070 2014 07 0000109 18 00092 _ 06:50 07:10 1 _ 0 1112 1 11 1 20140801112304 00034
00000143 0070 2014 07 0000110 18 00093 _ 19:20 19:40 1 _ 0 1112 1 11 1 20140801112304 00034
00000143 0070 2014 07 0000111 19 00017 _ 14:45 15:30 1 _ 0 1211 1 11 1 20140801112304 00034
00000143 0070 2014 07 0000112 19 00093 _ 19:20 19:40 1 _ 0 1112 1 11 1 20140801112304 00034
00000143 0070 2014 07 0000113 20 00015 _ 06:50 07:10 1 _ 0 1112 1 11 1 20140801112304 00034
00000143 0070 2014 07 0000114 20 _ _ _ _ _ _ 0 _ 1 11 9 20140720102511 00014
00000143 0070 2014 07 0000115 19 00082 _ 06:50 07:10 1 _ 0 1112 1 11 1 20140801112304 00034
00000143 0070 2014 07 0000116 20 00095 _ 19:20 19:40 1 _ 0 1112 1 11 1 20140801112304 00034
00000143 0070 2014 07 0000117 21 00016 _ 06:50 07:10 1 _ 0 1112 1 11 1 20140801112304 00034
00000143 0070 2014 07 0000118 21 00095 _ 19:20 19:40 1 _ 0 1112 1 11 1 20140801112304 00034
00000143 0070 2014 07 0000119 22 00019 _ 06:50 07:10 1 _ 0 1112 1 11 1 20140801112304 00034
00000143 0070 2014 07 0000120 22 00083 _ 19:20 19:40 1 _ 0 1112 1 11 1 20140801112304 00034
00000143 0070 2014 07 0000121 23 00092 _ 06:50 07:10 1 _ 0 1112 1 11 1 20140801112304 00034
00000143 0070 2014 07 0000122 23 00016 00093 14:45 15:50 4 _ 0 5111 1 11 1 20140801112304 00034
00000143 0070 2014 07 0000123 23 00082 _ 19:20 19:40 1 _ 0 1112 1 11 1 20140801112304 00034
00000143 0070 2014 07 0000124 24 00017 _ 06:50 07:10 1 _ 0 1112 1 11 1 20140801112304 00034
00000143 0070 2014 07 0000125 24 00019 _ 19:20 19:40 1 _ 0 1112 1 11 1 20140801112304 00034
00000143 0070 2014 07 0000126 25 00082 _ 06:50 07:10 1 _ 0 1112 1 11 1 20140801112304 00034
00000143 0070 2014 07 0000127 25 00093 _ 19:20 19:40 1 _ 0 1112 1 11 1 20140801112304 00034
00000143 0070 2014 07 0000128 26 00083 _ 06:50 07:10 1 _ 0 1112 1 11 1 20140801112304 00034
00000143 0070 2014 07 0000129 26 00092 _ 14:45 15:30 1 _ 0 1211 1 11 1 20140801112304 00034
00000143 0070 2014 07 0000130 26 00093 _ 19:20 19:40 1 _ 0 1112 1 11 1 20140801112304 00034
00000143 0070 2014 07 0000131 27 00019 _ 06:50 07:10 1 _ 0 1112 1 11 1 20140801112304 00034
00000143 0070 2014 07 0000132 27 00016 _ 19:20 19:40 1 _ 0 1112 1 11 1 20140801112304 00034
00000143 0070 2014 07 0000133 28 00015 _ 06:50 07:10 1 _ 0 1112 1 11 1 20140801112304 00034
00000143 0070 2014 07 0000134 28 00095 _ 19:20 19:40 1 _ 0 1112 1 11 1 20140801112304 00034
00000143 0070 2014 07 0000135 29 00017 _ 06:50 07:10 1 _ 0 1112 1 11 1 20140801112304 00034
00000143 0070 2014 07 0000136 29 00095 _ 19:20 19:40 1 _ 0 1112 1 11 1 20140801112304 00034
00000143 0070 2014 07 0000137 30 00092 _ 06:50 07:10 1 _ 0 1112 1 11 1 20140801112304 00034
00000143 0070 2014 07 0000138 30 00096 00093 14:45 15:50 4 _ 0 5111 1 11 1 20140801112304 00034
00000143 0070 2014 07 0000139 30 00082 _ 19:20 19:40 1 _ 0 1112 1 11 1 20140801112304 00034
00000143 0070 2014 07 0000140 31 00016 _ 06:50 07:10 1 _ 0 1112 1 11 1 20140801112304 00034
00000143 0070 2014 07 0000141 31 00083 _ 19:20 19:40 1 _ 0 1112 1 11 1 20140801112304 00034
00000143 0070 2014 08 0000142 01 00019 _ 06:50 07:10 1 _ 0 1112 1 11 1 20140819112205 00014
00000143 0070 2014 08 0000143 01 00015 _ 19:20 19:40 1 _ 0 1112 1 11 1 20140819112205 00014
00000143 0070 2014 08 0000144 02 00082 _ 06:50 07:10 1 _ 0 1112 1 11 1 20140819112205 00014
00000143 0070 2014 08 0000145 02 00092 _ 14:45 15:30 1 _ 0 1211 1 11 1 20140819112205 00014
00000143 0070 2014 08 0000146 02 00015 _ 19:20 19:40 1 _ 0 1112 1 11 1 20140819112205 00014
00000143 0070 2014 08 0000147 03 00083 _ 06:50 07:10 1 _ 0 1112 1 11 1 20140819112205 00014
00000143 0070 2014 08 0000148 03 00093 _ 19:20 19:40 1 _ 0 1112 1 11 1 20140819112205 00014
00000143 0070 2014 08 0000149 04 00092 _ 06:50 07:10 1 _ 0 1112 1 11 1 20140819112205 00014
00000143 0070 2014 08 0000150 04 00093 _ 19:20 19:40 1 _ 0 1112 1 11 1 20140819112205 00014
00000143 0070 2014 08 0000151 05 00017 _ 06:50 07:10 1 _ 0 1112 1 11 1 20140819112205 00014
00000143 0070 2014 08 0000152 05 00015 _ 19:20 19:40 1 _ 0 1112 1 11 1 20140819112205 00014
00000143 0070 2014 08 0000153 06 00016 _ 06:50 07:10 1 _ 0 1112 1 11 1 20140819112205 00014
00000143 0070 2014 08 0000154 06 00093 00011 14:45 15:50 4 _ 0 5111 1 11 1 20140819112205 00014
00000143 0070 2014 08 0000155 06 00083 _ 19:20 19:40 1 _ 0 1112 1 11 1 20140819112205 00014
00000143 0070 2014 08 0000156 07 00015 _ 06:50 07:10 1 _ 0 1112 1 11 1 20140819112205 00014
00000143 0070 2014 08 0000157 07 00083 _ 19:20 19:40 1 _ 0 1112 1 11 1 20140819112205 00014
00000143 0070 2014 08 0000158 08 00082 _ 06:50 07:10 1 _ 0 1112 1 11 1 20140819112205 00014
00000143 0070 2014 08 0000159 08 00093 _ 19:20 19:40 1 _ 0 1112 1 11 1 20140819112205 00014
00000143 0070 2014 08 0000160 09 00019 _ 06:50 07:10 1 _ 0 1112 1 11 1 20140819112205 00014
00000143 0070 2014 08 0000161 09 00083 _ 14:45 15:30 1 _ 0 1211 1 11 1 20140819112205 00014
00000143 0070 2014 08 0000162 09 00017 _ 19:20 19:40 1 _ 0 1112 1 11 1 20140819112205 00014
00000143 0070 2014 08 0000163 10 00092 _ 06:50 07:10 1 _ 0 1112 1 11 1 20140819112205 00014
00000143 0070 2014 08 0000164 10 00096 _ 19:20 19:40 1 _ 0 1112 1 11 1 20140819112205 00014
00000143 0070 2014 08 0000165 11 00016 _ 06:50 07:10 1 _ 0 1112 1 11 1 20140819112205 00014
00000143 0070 2014 08 0000166 11 00093 _ 19:20 19:40 1 _ 0 1112 1 11 1 20140819112205 00014
00000143 0070 2014 08 0000167 12 00083 _ 06:50 07:10 1 _ 0 1112 1 11 1 20140819112205 00014
00000143 0070 2014 08 0000168 12 00082 _ 19:20 19:40 1 _ 0 1112 1 11 1 20140819112205 00014
00000143 0070 2014 08 0000169 13 00017 _ 06:50 07:10 1 _ 0 1112 1 11 1 20140819112205 00014
00000143 0070 2014 08 0000170 13 00016 00093 14:45 15:50 4 _ 0 5111 1 11 1 20140819112205 00014
00000143 0070 2014 08 0000171 13 00096 _ 19:20 19:40 1 _ 0 1112 1 11 1 20140819112205 00014
00000143 0070 2014 08 0000172 14 00019 _ 06:50 07:10 1 _ 0 1112 1 11 1 20140819112205 00014
00000143 0070 2014 08 0000173 14 00096 _ 19:20 19:40 1 _ 0 1112 1 11 1 20140819112205 00014
00000143 0070 2014 08 0000174 15 00016 _ 06:50 07:10 1 _ 0 1112 1 11 1 20140819112205 00014
00000143 0070 2014 08 0000175 15 00093 _ 19:20 19:40 1 _ 0 1112 1 11 1 20140819112205 00014
00000143 0070 2014 08 0000176 16 00092 _ 06:50 07:10 1 _ 0 1112 1 11 1 20140819112205 00014
00000143 0070 2014 08 0000177 16 00083 _ 14:45 15:30 1 _ 0 1211 1 11 1 20140819112205 00014
00000143 0070 2014 08 0000178 16 00082 _ 19:20 19:40 1 _ 0 1112 1 11 1 20140819112205 00014
00000143 0070 2014 08 0000179 17 00017 _ 06:50 07:10 1 _ 0 1112 1 11 1 20140819112205 00014
00000143 0070 2014 08 0000180 17 00082 _ 18:20 18:40 1 _ 0 1112 1 11 1 20140819112205 00014
00000143 0070 2014 08 0000181 18 00082 _ 06:50 07:10 1 _ 0 1112 1 11 1 20140819112205 00014
00000143 0070 2014 08 0000182 18 00016 _ 19:20 19:40 1 _ 0 1112 1 11 1 20140819112205 00014
00000143 0070 2014 08 0000183 19 00083 _ 06:50 07:10 1 _ 0 1112 1 11 1 20140819112205 00014
