00000207 0029 2014 06 0000002 03 00049 _ 13:30 14:29 _ _ 0 7311 1 11 1 20140701132508 00049
00000207 0029 2014 06 0000003 10 00049 _ 13:00 13:59 _ _ 0 7311 1 11 1 20140701132508 00049
00000207 0029 2014 06 0000004 17 00049 _ 13:30 14:29 _ _ 0 7311 1 11 1 20140701132508 00049
00000207 0029 2014 06 0000005 24 00049 _ 13:30 14:29 _ _ 0 7311 1 11 1 20140701132508 00049
00000207 0029 2014 07 0000006 01 00049 _ 13:30 14:29 2 _ 0 7311 1 11 1 20140802135702 00047
00000207 0029 2014 07 0000007 08 00049 _ 13:30 14:29 2 _ 0 7311 1 11 1 20140802135702 00047
00000207 0029 2014 07 0000008 15 00049 _ 13:00 13:59 2 _ 0 7311 1 11 1 20140802135702 00047
00000207 0029 2014 07 0000009 22 00049 _ 14:00 14:59 2 _ 0 7311 1 11 1 20140802135702 00047
00000207 0029 2014 07 0000010 29 00049 _ 13:30 14:29 2 _ 0 7311 1 11 1 20140802135702 00047
00000207 0029 2014 08 0000011 05 00049 _ 13:30 14:29 2 _ 0 7311 1 11 1 20140812144714 00049
00000207 0029 2014 08 0000012 12 00049 _ 13:30 14:29 2 _ 0 7311 1 11 1 20140812144714 00049
00000207 0029 2014 08 0000013 19 _ _ 13:30 14:29 2 _ 0 7311 1 11 1 20140812144714 00049
00000207 0029 2014 08 0000014 26 _ _ 13:30 14:29 2 _ 0 7311 1 11 1 20140812144714 00049
