00000215 2013 07 00047 1 20140812172616 00078
00000215 2013 08 00047 1 20140709104514 00078
00000215 2013 09 00047 1 20140703143047 00078
00000215 2013 10 00047 1 20140703143946 00078
00000215 2013 11 00047 1 20140703144401 00078
00000215 2013 12 00047 1 20140703144741 00078
00000215 2014 01 00047 1 20140619122603 00078
00000215 2014 02 00047 1 20140619123040 00078
00000215 2014 03 00047 1 20140619133706 00078
00000215 2014 04 00047 1 20140619135054 00078
00000215 2014 05 00047 1 20140819105846 00078
00000215 2014 06 00047 1 20140630135709 00078
00000215 2014 07 00047 1 20140624152113 00047
