00000117 2013 12 00031 1 20140701154824 00030
00000117 2014 01 00031 1 20140616204613 00030
00000117 2014 02 00031 1 20140616205741 00030
00000117 2014 03 00031 1 20140617102010 00030
00000117 2014 04 00031 1 20140617103031 00030
00000117 2014 05 00031 1 20140818155031 00030
00000117 2014 06 00031 1 20140702180820 00031
00000117 2014 07 00031 1 20140803191533 00031
00000117 2014 08 00031 1 20140901124424 00031
00000117 2014 09 00031 1 20141003184424 00031
00000117 2014 10 00031 1 20141103105540 00031
00000117 2014 11 00031 1 20141202185513 00031
00000117 2014 12 00031 1 20141125155008 00031
