00000117 2013 12 1 1 00031 1 20140701154756 00030
00000117 2014 01 1 1 00031 1 20140616204547 00030
00000117 2014 02 1 1 00031 1 20140616205722 00030
00000117 2014 03 1 1 00031 1 20140617101956 00030
00000117 2014 04 1 1 00031 1 20140617103009 00030
00000117 2014 05 1 1 00031 1 20140818154950 00030
00000117 2014 06 1 1 00031 1 20140702180702 00031
00000117 2014 07 1 1 00031 1 20140803191506 00031
00000117 2014 08 1 1 00031 1 20140901124303 00031
00000117 2014 09 1 1 00031 1 20141003184323 00031
00000117 2014 10 1 1 00031 1 20141103104848 00031
00000117 2014 11 1 1 00031 1 20141202185426 00031
00000117 2014 12 1 _ 00031 1 20141125154944 00031
