00000079 2013 02 00030 1 20140725144905 00030
00000079 2013 03 00030 1 20140725145227 00030
00000079 2013 04 00030 1 20140725145554 00030
00000079 2013 05 00030 1 20140725145835 00030
00000079 2013 06 00030 1 20140725150234 00030
00000079 2013 07 00030 1 20140725150520 00030
00000079 2013 08 00030 1 20140725150947 00030
00000079 2013 09 00030 1 20140627144611 00030
00000079 2013 10 00030 1 20140627145036 00030
00000079 2013 11 00030 1 20140627145712 00030
00000079 2013 12 00030 1 20140627145930 00030
00000079 2014 01 00030 1 20140707180342 00078
00000079 2014 02 00030 1 20140613162856 00030
00000079 2014 03 00030 1 20140613163453 00030
00000079 2014 04 00030 1 20140613164017 00030
00000079 2014 05 00030 1 20140818104305 00030
00000079 2015 05 00030 1 20150505165426 00241
