1 00000233 2013 10 61 0107 グランクレール・ケアサービス馬事公苑 1111 予防訪問介護Ⅰ 1220 0 1220 2 1220 0 1220 1220 0 11.26 13737 90 12363 1374 0 n n 0 1 20140704111759 00078
1 00000233 2013 11 61 0107 グランクレール・ケアサービス馬事公苑 1111 予防訪問介護Ⅰ 1220 0 1220 2 1220 0 1220 1220 0 11.26 13737 90 12363 1374 0 n n 0 1 20140704111748 00078
1 00000233 2013 12 61 0107 グランクレール・ケアサービス馬事公苑 1111 予防訪問介護Ⅰ 1220 0 1220 2 1220 0 1220 1220 0 11.26 13737 90 12363 1374 0 n n 0 1 20140704111738 00078
1 00000233 2014 01 61 0107 グランクレール・ケアサービス馬事公苑 1111 予防訪問介護Ⅰ 1220 0 1220 3 1220 0 1220 1220 0 11.26 13737 90 12363 1374 0 n n 0 1 20140617201717 00049
1 00000233 2014 02 61 0107 グランクレール・ケアサービス馬事公苑 1111 予防訪問介護Ⅰ 1220 0 1220 4 1220 0 1220 1220 0 11.26 13737 90 12363 1374 0 n n 0 1 20140617201522 00049
1 00000233 2014 03 61 0107 グランクレール・ケアサービス馬事公苑 1111 予防訪問介護Ⅰ 1220 0 1220 4 1220 0 1220 1220 0 11.26 13737 90 12363 1374 0 n n 0 1 20140617201311 00049
1 00000233 2014 04 61 0107 グランクレール・ケアサービス馬事公苑 1111 予防訪問介護Ⅰ 1226 0 1226 3 1226 0 1226 1226 0 11.26 13804 90 12423 1381 0 n n 0 1 20140617201102 00049
1 00000233 2014 05 61 0107 グランクレール・ケアサービス馬事公苑 1111 予防訪問介護Ⅰ 1226 0 1226 5 1226 0 1226 1226 0 11.26 13804 90 12423 1381 0 n n 0 1 20140819120728 00078
1 00000233 2014 06 61 0107 グランクレール・ケアサービス馬事公苑 1111 予防訪問介護Ⅰ 1226 0 1226 4 1226 0 1226 1226 0 11.26 13804 90 12423 1381 0 n n 0 1 20140701172636 00047
1 00000233 2014 07 61 0107 グランクレール・ケアサービス馬事公苑 1111 予防訪問介護Ⅰ 1226 0 1226 5 1226 0 1226 1226 0 11.26 13804 90 12423 1381 0 n n 0 1 20140731184303 00049
1 00000233 2014 08 61 0107 グランクレール・ケアサービス馬事公苑 1111 予防訪問介護Ⅰ 1226 0 1226 4 1226 0 1226 1226 0 11.26 13804 90 12423 1381 0 n n 0 1 20140816114727 00049
2 00000233 2013 10 61 0107 グランクレール・ケアサービス馬事公苑 6271 予防訪問介護処遇改善加算Ⅰ 49 0 49 1 49 0 49 49 0 11.26 551 90 495 56 0 a g 0 1 20140704111759 00078
2 00000233 2013 11 61 0107 グランクレール・ケアサービス馬事公苑 6271 予防訪問介護処遇改善加算Ⅰ 49 0 49 1 49 0 49 49 0 11.26 551 90 495 56 0 a g 0 1 20140704111748 00078
2 00000233 2013 12 61 0107 グランクレール・ケアサービス馬事公苑 6271 予防訪問介護処遇改善加算Ⅰ 49 0 49 1 49 0 49 49 0 11.26 551 90 495 56 0 a g 0 1 20140704111738 00078
2 00000233 2014 01 61 0107 グランクレール・ケアサービス馬事公苑 6271 予防訪問介護処遇改善加算Ⅰ 49 0 49 1 49 0 49 49 0 11.26 551 90 495 56 0 a g 0 1 20140617201717 00049
2 00000233 2014 02 61 0107 グランクレール・ケアサービス馬事公苑 6271 予防訪問介護処遇改善加算Ⅰ 49 0 49 1 49 0 49 49 0 11.26 551 90 495 56 0 a g 0 1 20140617201522 00049
2 00000233 2014 03 61 0107 グランクレール・ケアサービス馬事公苑 6271 予防訪問介護処遇改善加算Ⅰ 49 0 49 1 49 0 49 49 0 11.26 551 90 495 56 0 a g 0 1 20140617201311 00049
2 00000233 2014 04 61 0107 グランクレール・ケアサービス馬事公苑 6271 予防訪問介護処遇改善加算Ⅰ 49 0 49 1 49 0 49 49 0 11.26 551 90 495 56 0 a g 0 1 20140617201102 00049
2 00000233 2014 05 61 0107 グランクレール・ケアサービス馬事公苑 6271 予防訪問介護処遇改善加算Ⅰ 49 0 49 1 49 0 49 49 0 11.26 551 90 495 56 0 a g 0 1 20140819120728 00078
2 00000233 2014 06 61 0107 グランクレール・ケアサービス馬事公苑 6271 予防訪問介護処遇改善加算Ⅰ 49 0 49 1 49 0 49 49 0 11.26 551 90 495 56 0 a g 0 1 20140701172636 00047
2 00000233 2014 07 61 0107 グランクレール・ケアサービス馬事公苑 6271 予防訪問介護処遇改善加算Ⅰ 49 0 49 1 49 0 49 49 0 11.26 551 90 495 56 0 a g 0 1 20140731184303 00049
2 00000233 2014 08 61 0107 グランクレール・ケアサービス馬事公苑 6271 予防訪問介護処遇改善加算Ⅰ 49 0 49 1 49 0 49 49 0 11.26 551 90 495 56 0 a g 0 1 20140816114727 00049
