00000239 2013 06 1 1 00032 1 20140702153637 00078
00000239 2013 07 1 1 00032 1 20140702153243 00078
00000239 2013 08 1 1 00032 1 20140702152910 00078
00000239 2013 09 1 1 00032 1 20140702143503 00078
00000239 2013 10 1 1 00032 1 20140702143757 00078
00000239 2013 11 1 1 00032 1 20140702144608 00078
00000239 2013 12 1 1 00032 1 20140702144951 00078
00000239 2014 01 1 1 00032 1 20140617192323 00052
00000239 2014 02 1 1 00032 1 20140617192155 00052
00000239 2014 03 1 1 00047 1 20140617192009 00052
00000239 2014 04 1 1 00032 1 20140617191253 00052
00000239 2014 05 1 1 00032 1 20140819123003 00078
00000239 2014 06 1 1 00032 1 20140701134250 00047
00000239 2014 07 1 1 00032 1 20140802122211 00047
00000239 2014 08 1 1 00032 1 20140901142530 00047
00000239 2014 09 1 1 00032 1 20141001135245 00047
00000239 2014 10 1 1 00032 1 20141101110034 00047
00000239 2014 11 1 1 00032 1 20141202103041 00047
00000239 2014 12 1 _ 00032 1 20141122163118 00032
