1 00000202 2012 12 11 0029 グランクレール・ケアサービス馬事公苑 1111 身体介護１ 254 0 254 80 20320 0 20320 20320 0 11.26 228803 90 205922 22881 0 n n 0 1 20140711182457 00078
1 00000203 2012 12 11 0029 グランクレール・ケアサービス馬事公苑 1111 身体介護１ 254 0 254 13 3302 0 3302 3302 0 11.26 37180 90 33462 3718 0 n n 0 1 20140714182046 00078
1 00000204 2012 12 11 0029 グランクレール・ケアサービス馬事公苑 1111 身体介護１ 254 0 254 40 10160 0 10160 10160 0 11.26 114401 90 102960 11441 0 n n 0 1 20140715155746 00078
1 00000205 2012 12 11 0029 グランクレール・ケアサービス馬事公苑 1311 身体介護３ 584 0 584 6 3504 0 3504 3504 0 11.26 39455 90 35509 3946 0 n n 0 1 20140715165654 00078
1 00000213 2012 12 11 0029 グランクレール・ケアサービス馬事公苑 1211 身体介護２ 402 0 402 13 5226 0 5226 5226 0 11.26 58844 90 52959 5885 0 n n 0 1 20140716160352 00078
1 00000224 2012 12 11 0029 グランクレール・ケアサービス馬事公苑 1211 身体介護２ 402 0 402 1 402 0 402 402 0 11.26 4526 90 4073 453 0 n n 0 1 20140730111751 00078
2 00000202 2012 12 11 0029 グランクレール・ケアサービス馬事公苑 1112 身体介護１・夜 318 0 318 31 9858 0 9858 9858 0 11.26 111001 90 99900 11101 0 n n 0 1 20140711182457 00078
2 00000203 2012 12 11 0029 グランクレール・ケアサービス馬事公苑 1112 身体介護１・夜 318 0 318 30 9540 0 9540 9540 0 11.26 107420 90 96678 10742 0 n n 0 1 20140714182046 00078
2 00000204 2012 12 11 0029 グランクレール・ケアサービス馬事公苑 1112 身体介護１・夜 318 0 318 31 9858 0 9858 9858 0 11.26 111001 90 99900 11101 0 n n 0 1 20140715155746 00078
2 00000205 2012 12 11 0029 グランクレール・ケアサービス馬事公苑 7311 生活援助３ 235 0 235 1 235 0 235 235 0 11.26 2646 90 2381 265 0 n n 0 1 20140715165654 00078
2 00000213 2012 12 11 0029 グランクレール・ケアサービス馬事公苑 7311 生活援助３ 235 0 235 9 2115 0 2115 2115 0 11.26 23814 90 21432 2382 0 n n 0 1 20140716160352 00078
2 00000224 2012 12 11 0029 グランクレール・ケアサービス馬事公苑 7311 生活援助３ 235 0 235 1 235 0 235 235 0 11.26 2646 90 2381 265 0 n n 0 1 20140730111751 00078
3 00000202 2012 12 11 0029 グランクレール・ケアサービス馬事公苑 1221 身体介護２・２人 804 0 804 9 7236 0 7236 5652 1584 11.26 63641 90 57276 6365 17836 n n 0 1 20140711182457 00078
3 00000203 2012 12 11 0029 グランクレール・ケアサービス馬事公苑 1211 身体介護２ 402 0 402 9 3618 0 3618 3618 0 11.26 40738 90 36664 4074 0 n n 0 1 20140714182046 00078
3 00000204 2012 12 11 0029 グランクレール・ケアサービス馬事公苑 4111 身体１生活１ 324 0 324 5 1620 0 1620 1620 0 11.26 18241 90 16416 1825 0 n n 0 1 20140715155746 00078
3 00000205 2012 12 11 0029 グランクレール・ケアサービス馬事公苑 6271 訪問介護処遇改善加算Ⅰ 150 0 150 1 150 150 0.04 150 0 11.26 1689 90 1520 169 0 a g 0 1 20140715165654 00078
3 00000213 2012 12 11 0029 グランクレール・ケアサービス馬事公苑 6271 訪問介護処遇改善加算Ⅰ 294 0 294 1 294 294 0.04 294 0 11.26 3310 90 2979 331 0 a g 0 1 20140716160352 00078
3 00000224 2012 12 11 0029 グランクレール・ケアサービス馬事公苑 6271 訪問介護処遇改善加算Ⅰ 25 0 25 1 25 25 0.04 25 0 11.26 281 90 252 29 0 a g 0 1 20140730111751 00078
4 00000202 2012 12 11 0029 グランクレール・ケアサービス馬事公苑 6271 訪問介護処遇改善加算Ⅰ 1497 0 1497 1 1497 1497 0.04 1497 0 11.26 16856 90 15170 1686 0 a g 0 1 20140711182457 00078
4 00000203 2012 12 11 0029 グランクレール・ケアサービス馬事公苑 4111 身体１生活１ 324 0 324 35 11340 0 11340 11340 0 11.26 127688 90 114919 12769 0 n n 0 1 20140714182046 00078
4 00000204 2012 12 11 0029 グランクレール・ケアサービス馬事公苑 6271 訪問介護処遇改善加算Ⅰ 866 0 866 1 866 866 0.04 866 0 11.26 9751 90 8775 976 0 a g 0 1 20140715155746 00078
5 00000203 2012 12 11 0029 グランクレール・ケアサービス馬事公苑 4311 身体１生活３ 464 0 464 5 2320 0 2320 2320 0 11.26 26123 90 23510 2613 0 n n 0 1 20140714182046 00078
6 00000203 2012 12 11 0029 グランクレール・ケアサービス馬事公苑 6271 訪問介護処遇改善加算Ⅰ 1205 0 1205 1 1205 1205 0.04 1205 0 11.26 13568 90 12211 1357 0 a g 0 1 20140714182046 00078
