00000082 0070 2013 03 0000073 30 00102 _ 15:15 16:44 4 _ 0 5111 1 11 1 20140725160433 00034
00000082 0070 2013 04 0000074 02 00038 _ 16:30 17:59 4 _ 0 5111 1 11 1 20140725161550 00034
00000082 0070 2013 04 0000075 06 00038 _ 15:15 16:44 4 _ 0 5111 1 11 1 20140725161550 00034
00000082 0070 2013 04 0000076 09 00037 _ 16:30 17:59 4 _ 0 5111 1 11 1 20140725161550 00034
00000082 0070 2013 04 0000077 13 00037 _ 15:15 16:44 4 _ 0 5111 1 11 1 20140725161550 00034
00000082 0070 2013 04 0000078 16 00037 _ 16:30 17:59 4 _ 0 5111 1 11 1 20140725161550 00034
00000082 0070 2013 04 0000079 20 00102 _ 15:15 16:44 4 _ 0 5111 1 11 1 20140725161550 00034
00000082 0070 2013 04 0000080 24 00037 _ 16:30 17:59 4 _ 0 5111 1 11 1 20140725161550 00034
00000082 0070 2013 04 0000081 27 00038 _ 15:15 16:44 4 _ 0 5111 1 11 1 20140725161550 00034
00000082 0070 2013 04 0000082 30 00037 _ 16:30 17:59 4 _ 0 5111 1 11 1 20140725161550 00034
00000082 0070 2013 05 0000083 04 00037 _ 15:15 16:44 4 _ 0 5111 1 11 1 20140725162247 00034
00000082 0070 2013 05 0000084 07 00038 _ 16:30 17:59 4 _ 0 5111 1 11 1 20140725162247 00034
00000082 0070 2013 05 0000085 11 00102 _ 15:15 16:44 4 _ 0 5111 1 11 1 20140725162247 00034
00000082 0070 2013 05 0000086 14 00037 _ 16:30 17:59 4 _ 0 5111 1 11 1 20140725162247 00034
00000082 0070 2013 05 0000087 18 00038 _ 15:15 16:44 4 _ 0 5111 1 11 1 20140725162247 00034
00000082 0070 2013 05 0000088 21 00037 _ 16:30 17:59 4 _ 0 5111 1 11 1 20140725162247 00034
00000082 0070 2013 05 0000089 25 00102 _ 15:15 16:44 4 _ 0 5111 1 11 1 20140725162247 00034
00000082 0070 2013 05 0000090 28 00038 _ 16:30 17:59 4 _ 0 5111 1 11 1 20140725162247 00034
00000082 0070 2013 06 0000091 01 00038 _ 15:15 16:44 4 _ 0 5111 1 11 1 20140725163102 00034
00000082 0070 2013 06 0000092 04 00038 _ 16:30 17:59 4 _ 0 5111 1 11 1 20140725163102 00034
00000082 0070 2013 06 0000093 08 00102 _ 15:15 16:44 4 _ 0 5111 1 11 1 20140725163102 00034
00000082 0070 2013 06 0000094 11 00037 _ 16:30 17:59 4 _ 0 5111 1 11 1 20140725163102 00034
00000082 0070 2013 06 0000095 15 00038 _ 15:15 16:44 4 _ 0 5111 1 11 1 20140725163102 00034
00000082 0070 2013 06 0000096 18 00037 _ 16:30 17:59 4 _ 0 5111 1 11 1 20140725163102 00034
00000082 0070 2013 06 0000097 22 00035 _ 15:15 16:44 4 _ 0 5111 1 11 1 20140725163102 00034
00000082 0070 2013 06 0000098 25 00037 _ 16:30 17:59 4 _ 0 5111 1 11 1 20140725163102 00034
00000082 0070 2013 06 0000099 29 00037 _ 15:15 16:44 4 _ 0 5111 1 11 1 20140725163102 00034
00000082 0070 2013 07 0000100 02 00037 _ 16:30 17:59 4 _ 0 5111 1 11 1 20140725164026 00034
00000082 0070 2013 07 0000101 06 00038 _ 15:15 16:44 4 _ 0 5111 1 11 1 20140725164026 00034
00000082 0070 2013 07 0000102 09 00037 _ 16:30 17:59 4 _ 0 5111 1 11 1 20140725164026 00034
00000082 0070 2013 07 0000103 13 00037 _ 15:15 16:44 4 _ 0 5111 1 11 1 20140725164026 00034
00000082 0070 2013 07 0000104 16 00037 _ 16:30 17:59 4 _ 0 5111 1 11 1 20140725164026 00034
00000082 0070 2013 07 0000105 20 00038 _ 15:15 16:44 4 _ 0 5111 1 11 1 20140725164026 00034
00000082 0070 2013 07 0000106 23 00035 _ 16:30 17:59 4 _ 0 5111 1 11 1 20140725164026 00034
00000082 0070 2013 07 0000107 28 00037 _ 15:15 16:40 4 _ 0 5111 1 11 1 20140725164026 00034
00000082 0070 2013 07 0000108 30 00037 _ 16:30 17:59 4 _ 0 5111 1 11 1 20140725164026 00034
00000082 0070 2013 08 0000109 03 00037 _ 15:15 16:44 4 _ 0 5111 1 11 1 20140725164914 00034
00000082 0070 2013 08 0000110 06 00037 _ 16:30 17:59 4 _ 0 5111 1 11 1 20140725164914 00034
00000082 0070 2013 08 0000111 10 00038 _ 15:15 16:44 4 _ 0 5111 1 11 1 20140725164914 00034
00000082 0070 2013 08 0000112 13 00037 _ 16:30 17:59 4 _ 0 5111 1 11 1 20140725164914 00034
00000082 0070 2013 08 0000113 17 00038 _ 15:15 16:44 4 _ 0 5111 1 11 1 20140725164914 00034
00000082 0070 2013 08 0000114 20 00037 _ 16:30 17:59 4 _ 0 5111 1 11 1 20140725164914 00034
00000082 0070 2013 08 0000115 24 00038 _ 15:15 16:44 4 _ 0 5111 1 11 1 20140725164914 00034
00000082 0070 2013 08 0000116 27 00037 _ 16:30 17:59 4 _ 0 5111 1 11 1 20140725164914 00034
00000082 0070 2013 08 0000117 31 00038 _ 15:15 16:44 4 _ 0 5111 1 11 1 20140725164914 00034
00000082 0070 2013 09 0000039 03 00037 _ 16:30 17:59 _ _ 0 5111 1 11 1 20140627152948 00034
00000082 0070 2013 09 0000040 07 00038 _ 15:15 16:44 _ _ 0 5111 1 11 1 20140627152948 00034
00000082 0070 2013 09 0000041 10 00035 _ 16:30 17:59 _ _ 0 5111 1 11 1 20140627152948 00034
00000082 0070 2013 09 0000042 14 00038 _ 15:45 16:44 _ _ 0 5111 1 11 1 20140627152948 00034
00000082 0070 2013 09 0000043 17 00037 _ 16:30 17:59 _ _ 0 5111 1 11 1 20140627152948 00034
00000082 0070 2013 09 0000044 21 00037 _ 15:15 16:44 _ _ 0 5111 1 11 1 20140627152948 00034
00000082 0070 2013 09 0000045 25 00035 _ 16:30 17:59 _ _ 0 5111 1 11 1 20140627152948 00034
00000082 0070 2013 09 0000046 28 00038 _ 15:15 16:44 _ _ 0 5111 1 11 1 20140627152948 00034
00000082 0070 2013 10 0000047 01 00037 _ 16:30 17:59 _ _ 0 5111 1 11 1 20140627153841 00034
00000082 0070 2013 10 0000048 05 00037 _ 15:15 16:44 _ _ 0 5111 1 11 1 20140627153841 00034
00000082 0070 2013 10 0000049 08 00037 _ 16:30 17:59 _ _ 0 5111 1 11 1 20140627153841 00034
00000082 0070 2013 10 0000050 12 00038 _ 15:15 16:44 _ _ 0 5111 1 11 1 20140627153841 00034
00000082 0070 2013 10 0000051 19 00035 _ 15:15 16:44 _ _ 0 5111 1 11 1 20140627153841 00034
00000082 0070 2013 10 0000052 22 00037 _ 16:30 17:59 _ _ 0 5111 1 11 1 20140627153841 00034
00000082 0070 2013 10 0000053 26 00038 _ 15:15 16:44 _ _ 0 5111 1 11 1 20140627153841 00034
00000082 0070 2013 10 0000054 29 00037 _ 16:30 17:59 _ _ 0 5111 1 11 1 20140627153841 00034
00000082 0070 2013 11 0000055 02 00038 _ 15:15 16:44 _ _ 0 5111 1 11 1 20140627154711 00034
00000082 0070 2013 11 0000056 05 00037 _ 16:30 17:59 _ _ 0 5111 1 11 1 20140627154711 00034
00000082 0070 2013 11 0000057 09 00038 _ 15:15 16:44 _ _ 0 5111 1 11 1 20140627154711 00034
00000082 0070 2013 11 0000058 12 00035 _ 16:30 17:59 _ _ 0 5111 1 11 1 20140627154711 00034
00000082 0070 2013 11 0000059 16 00038 _ 15:15 16:44 _ _ 0 5111 1 11 1 20140627154711 00034
00000082 0070 2013 11 0000060 19 00037 _ 16:30 17:59 _ _ 0 5111 1 11 1 20140627154711 00034
00000082 0070 2013 11 0000061 23 00038 _ 15:15 16:44 _ _ 0 5111 1 11 1 20140627154711 00034
00000082 0070 2013 11 0000062 26 00035 _ 16:30 17:59 _ _ 0 5111 1 11 1 20140627154711 00034
00000082 0070 2013 11 0000063 30 00038 _ 15:15 16:44 _ _ 0 5111 1 11 1 20140627154711 00034
00000082 0073 2013 12 0000064 03 00035 _ 15:15 16:14 _ _ 0 1211 1 61 1 20140627160453 00034
00000082 0073 2013 12 0000065 07 00038 _ 15:15 16:14 _ _ 0 1211 1 61 1 20140627160453 00034
00000082 0073 2013 12 0000066 10 00037 _ 15:15 16:14 _ _ 0 1211 1 61 1 20140627160453 00034
00000082 0073 2013 12 0000067 14 00038 _ 15:15 16:14 _ _ 0 1211 1 61 1 20140627160453 00034
00000082 0073 2013 12 0000068 17 00037 _ 15:15 16:14 _ _ 0 1211 1 61 1 20140627160453 00034
00000082 0073 2013 12 0000069 21 00038 _ 15:15 16:14 _ _ 0 1211 1 61 1 20140627160453 00034
00000082 0073 2013 12 0000070 24 00037 _ 15:15 16:14 _ _ 0 1211 1 61 1 20140627160453 00034
00000082 0073 2013 12 0000071 28 00038 _ 15:15 16:14 _ _ 0 1211 1 61 1 20140627160453 00034
00000082 0073 2013 12 0000072 31 00038 _ 15:15 16:14 _ _ 0 1211 1 61 1 20140627160453 00034
00000082 0073 2014 01 0000002 04 00037 _ 15:15 16:14 _ _ 0 1211 1 61 1 20140613165029 00034
00000082 0073 2014 01 0000003 07 00035 _ 15:15 16:14 _ _ 0 1211 1 61 1 20140613165029 00034
00000082 0073 2014 01 0000004 11 00038 _ 15:15 16:14 _ _ 0 1211 1 61 1 20140613165029 00034
00000082 0073 2014 01 0000005 14 00043 _ 15:15 16:14 _ _ 0 1211 1 61 1 20140613165029 00034
00000082 0073 2014 01 0000006 18 00038 _ 15:15 16:14 _ _ 0 1211 1 61 1 20140613165029 00034
00000082 0073 2014 01 0000007 21 00043 _ 15:15 16:14 _ _ 0 1211 1 61 1 20140613165029 00034
00000082 0073 2014 01 0000008 25 00038 _ 15:15 16:14 _ _ 0 1211 1 61 1 20140613165029 00034
00000082 0073 2014 01 0000009 28 00043 _ 15:15 16:14 _ _ 0 1211 1 61 1 20140613165029 00034
00000082 0073 2014 02 0000010 01 00037 _ 15:15 16:14 _ _ 0 1211 1 61 1 20140613165833 00034
00000082 0073 2014 02 0000011 04 00043 _ 15:15 16:14 _ _ 0 1211 1 61 1 20140613165833 00034
00000082 0073 2014 02 0000012 08 00038 _ 13:30 14:30 _ _ 0 1211 1 61 1 20140613165833 00034
00000082 0073 2014 02 0000013 11 00043 _ 15:15 16:14 _ _ 0 1211 1 61 1 20140613165833 00034
00000082 0073 2014 02 0000014 15 00038 _ 15:15 16:14 _ _ 0 1211 1 61 1 20140613165833 00034
00000082 0073 2014 02 0000015 18 00043 _ 15:15 16:14 _ _ 0 1211 1 61 1 20140613165833 00034
00000082 0073 2014 02 0000016 22 00038 _ 15:15 16:14 _ _ 0 1211 1 61 1 20140613165833 00034
00000082 0073 2014 02 0000017 25 00043 _ 15:15 16:14 _ _ 0 1211 1 61 1 20140613165833 00034
00000082 0073 2014 03 0000018 01 00038 _ 15:15 16:14 _ _ 0 1211 1 61 1 20140613170729 00034
00000082 0073 2014 03 0000019 04 00043 _ 15:15 16:14 _ _ 0 1211 1 61 1 20140613170729 00034
00000082 0073 2014 03 0000020 08 00038 _ 15:15 16:14 _ _ 0 1211 1 61 1 20140613170729 00034
00000082 0073 2014 03 0000021 11 00043 _ 15:15 16:14 _ _ 0 1211 1 61 1 20140613170729 00034
00000082 0073 2014 03 0000022 15 00038 _ 15:15 16:14 _ _ 0 1211 1 61 1 20140613170729 00034
00000082 0073 2014 03 0000023 18 00043 _ 15:15 16:14 _ _ 0 1211 1 61 1 20140613170729 00034
00000082 0073 2014 03 0000024 22 00038 _ 15:15 16:14 _ _ 0 1211 1 61 1 20140613170729 00034
00000082 0073 2014 03 0000025 25 00043 _ 15:15 16:14 _ _ 0 1211 1 61 1 20140613170729 00034
00000082 0073 2014 03 0000026 29 00038 _ 15:15 16:14 _ _ 0 1211 1 61 1 20140613170729 00034
00000082 0073 2014 04 0000027 08 00043 _ 15:15 16:14 _ _ 0 1211 1 61 1 20140613171455 00034
00000082 0073 2014 04 0000028 12 00038 _ 15:15 16:14 _ _ 0 1211 1 61 1 20140613171455 00034
00000082 0073 2014 04 0000029 15 00043 _ 15:15 16:14 _ _ 0 1211 1 61 1 20140613171455 00034
00000082 0073 2014 04 0000030 19 00035 _ 15:15 16:14 _ _ 0 1211 1 61 1 20140613171455 00034
00000082 0073 2014 04 0000031 22 00043 _ 15:15 16:14 _ _ 0 1211 1 61 1 20140613171455 00034
00000082 0073 2014 04 0000032 26 00037 _ 15:15 16:14 _ _ 0 1211 1 61 1 20140613171455 00034
00000082 0073 2014 04 0000033 29 00035 _ 15:15 16:14 _ _ 0 1211 1 61 1 20140613171455 00034
00000082 0073 2014 05 0000034 03 00035 _ 15:15 16:14 _ _ 0 1211 1 61 1 20140818110025 00034
00000082 0073 2014 05 0000035 06 00043 _ 15:15 16:14 _ _ 0 1211 1 61 1 20140818110025 00034
00000082 0073 2014 05 0000036 10 00038 _ 15:15 16:14 _ _ 0 1211 1 61 1 20140818110025 00034
00000082 0073 2014 05 0000037 13 00043 _ 15:15 16:14 _ _ 0 1211 1 61 1 20140818110025 00034
00000082 0073 2014 05 0000038 17 00035 _ 15:15 16:14 _ _ 0 1211 1 61 1 20140818110025 00034
00000082 0073 2014 05 0000118 20 00043 _ 15:15 16:14 _ _ 0 1211 1 61 1 20140818110025 00034
00000082 0073 2014 05 0000119 24 00038 _ 15:15 16:14 _ _ 0 1211 1 61 1 20140818110025 00034
00000082 0073 2014 05 0000120 27 00043 _ 15:15 16:14 _ _ 0 1211 1 61 1 20140818110025 00034
00000082 0073 2014 05 0000121 31 00035 _ 15:15 16:14 _ _ 0 1211 1 61 1 20140818110025 00034
00000082 0073 2014 06 0000002 03 00043 _ 15:15 16:14 4 _ 0 1211 1 61 1 20140628180634 00035
00000082 0073 2014 06 0000003 07 00037 _ 15:15 16:14 4 _ 0 1211 1 61 1 20140628180634 00035
00000082 0073 2014 06 0000004 10 00043 _ 15:15 16:14 4 _ 0 1211 1 61 1 20140628180634 00035
00000082 0073 2014 06 0000005 10 _ _ 00:00 00:00 _ _ 0 _ 1 61 9 20140613095048 00037
00000082 0073 2014 06 0000006 14 00037 _ 15:15 16:14 4 _ 0 1211 1 61 1 20140628180634 00035
00000082 0073 2014 06 0000007 21 00038 _ 15:15 16:14 4 _ 0 1211 1 61 1 20140628180634 00035
00000082 0073 2014 06 0000008 17 00043 _ 15:15 16:14 4 _ 0 1211 1 61 1 20140628180634 00035
00000082 0073 2014 06 0000009 24 00043 _ 15:15 16:14 4 _ 0 1211 1 61 1 20140628180634 00035
00000082 0073 2014 06 0000010 28 00038 _ 15:15 16:14 4 _ 0 1211 1 61 1 20140628180634 00035
