00000176 20140521 KihonCheckCheckList01 0 1 201405230000 IKOU
00000176 20140521 KihonCheckCheckList02 0 1 201405230000 IKOU
00000176 20140521 KihonCheckCheckList03 0 1 201405230000 IKOU
00000176 20140521 KihonCheckCheckList04 0 1 201405230000 IKOU
00000176 20140521 KihonCheckCheckList05 0 1 201405230000 IKOU
00000176 20140521 KihonCheckCheckList06 0 1 201405230000 IKOU
00000176 20140521 KihonCheckCheckList07 0 1 201405230000 IKOU
00000176 20140521 KihonCheckCheckList08 0 1 201405230000 IKOU
00000176 20140521 KihonCheckCheckList09 0 1 201405230000 IKOU
00000176 20140521 KihonCheckCheckList10 0 1 201405230000 IKOU
00000176 20140521 KihonCheckCheckList11 0 1 201405230000 IKOU
00000176 20140521 KihonCheckCheckList12 0 1 201405230000 IKOU
00000176 20140521 KihonCheckCheckList13 0 1 201405230000 IKOU
00000176 20140521 KihonCheckCheckList14 0 1 201405230000 IKOU
00000176 20140521 KihonCheckCheckList15 0 1 201405230000 IKOU
00000176 20140521 KihonCheckCheckList16 0 1 201405230000 IKOU
00000176 20140521 KihonCheckCheckList17 0 1 201405230000 IKOU
00000176 20140521 KihonCheckCheckList18 0 1 201405230000 IKOU
00000176 20140521 KihonCheckCheckList19 0 1 201405230000 IKOU
00000176 20140521 KihonCheckCheckList20 0 1 201405230000 IKOU
00000176 20140521 KihonCheckCheckList21 0 1 201405230000 IKOU
00000176 20140521 KihonCheckCheckList22 0 1 201405230000 IKOU
00000176 20140521 KihonCheckCheckList23 0 1 201405230000 IKOU
00000176 20140521 KihonCheckCheckList24 0 1 201405230000 IKOU
