00000012013021 0000001 2013 02 15 15 3702 _ 9:00 18:00 0001 1 826 100 _ _ 0 20131129164333 1
00000012013021 0000001 2013 02 15 15 3702 _ 9:00 18:00 0001 1 826 100 _ _ 0 20131129164333 1
00000012013021 0000001 2013 02 15 15 3702 _ 9:00 18:00 0001 1 826 100 _ _ 0 20131129164333 1
00000012013021 0000001 2013 02 15 15 3702 _ 9:00 18:00 0001 1 826 100 _ _ 0 20131129165413 1
00000012013021 0000001 2013 02 15 15 3702 _ 9:00 18:00 0001 1 826 100 _ _ 0 20131129165413 1
00000012013021 0000001 2013 02 15 15 3702 _ 9:00 18:00 0001 1 826 100 _ _ 0 20131129165413 1
00000012013022 0000001 2013 02 07 11 4995 _ 13:00 15:00 0009 1 551 200 _ _ 0 20131129165413 1
00000012013022 0000001 2013 02 07 11 4995 _ 13:00 15:00 0009 1 551 200 _ _ 0 20131129165413 1
00000012013022 0000001 2013 02 07 11 4995 _ 13:00 15:00 0009 1 551 200 _ _ 0 20131129165413 1
00000012013022 0000001 2013 02 14 11 4995 _ 13:00 15:00 0009 1 551 200 _ _ 0 20131129165413 1
00000012013022 0000001 2013 02 14 11 4995 _ 13:00 15:00 0009 1 551 200 _ _ 0 20131129165413 1
00000012013022 0000001 2013 02 14 11 4995 _ 13:00 15:00 0009 1 551 200 _ _ 0 20131129165413 1
00000012013022 0000001 2013 02 16 11 4995 _ 13:00 15:00 0009 1 551 200 _ _ 0 20131129165413 1
00000012013022 0000001 2013 02 16 11 4995 _ 13:00 15:00 0009 1 551 200 _ _ 0 20131129165413 1
00000012013022 0000001 2013 02 16 11 4995 _ 13:00 15:00 0009 1 551 200 _ _ 0 20131129165413 1
00000012013111 0000001 2013 11 18 11 5111 _ 16:30 17:30 0005 1 472 100 _ _ 0 20131129163836 1
00000012013111 0000001 2013 11 18 11 5111 _ 16:30 17:30 0005 1 472 100 _ _ 0 20131129163836 1
00000012013111 0000001 2013 11 18 11 5111 _ 16:30 17:30 0005 1 472 100 _ _ 0 20131129163836 1
00000012013112 0000001 2013 11 08 11 4212 _ 18:30 20:00 0005 1 493 0 _ _ 0 20131129163836 1
00000012013112 0000001 2013 11 08 11 4212 _ 18:30 20:00 0005 1 493 0 _ _ 0 20131129163836 1
00000012013112 0000001 2013 11 08 11 4212 _ 18:30 20:00 0005 1 493 0 _ _ 0 20131129163836 1
00000012013112 0000001 2013 11 11 11 4212 _ 18:30 20:00 0005 1 493 0 _ _ 0 20131129163836 1
00000012013112 0000001 2013 11 11 11 4212 _ 18:30 20:00 0005 1 493 0 _ _ 0 20131129163836 1
00000012013112 0000001 2013 11 11 11 4212 _ 18:30 20:00 0005 1 493 0 _ _ 0 20131129163836 1
00000012013112 0000001 2013 11 18 11 4212 _ 18:30 20:00 0005 1 493 0 _ _ 0 20131129163836 1
00000012013112 0000001 2013 11 18 11 4212 _ 18:30 20:00 0005 1 493 0 _ _ 0 20131129163836 1
00000012013112 0000001 2013 11 18 11 4212 _ 18:30 20:00 0005 1 493 0 _ _ 0 20131129163836 1
00000012013113 0000001 2013 11 14 13 1501 _ 9:30 21:30 0004 1 316 0 _ _ 0 20131129163836 1
00000012013113 0000001 2013 11 14 13 1501 _ 9:30 21:30 0004 1 316 0 _ _ 0 20131129163836 1
00000012013113 0000001 2013 11 14 13 1501 _ 9:30 21:30 0004 1 316 0 _ _ 0 20131129163836 1
00000012013114 0000001 2013 11 25 15 3687 _ 18:30 21:30 0001 _ 437 200 _ _ 0 20131129163836 1
00000012013114 0000001 2013 11 25 15 3687 _ 18:30 21:30 0001 _ 437 200 _ _ 0 20131129163836 1
00000012013114 0000001 2013 11 25 15 3687 _ 18:30 21:30 0001 _ 437 200 _ _ 0 20131129163836 1
00000012013121 0000001 2013 12 17 11 4889 1 22:30 23:30 0009 1 438 0 _ _ 0 20131219171119 1
00000012013121 0000001 2013 12 17 11 4889 1 22:30 23:30 0009 1 438 0 _ _ 0 20131219171119 1
00000012013121 0000001 2013 12 17 11 4889 1 22:30 23:30 0009 1 438 0 _ _ 0 20131219171119 1
00000012013121 0000001 2013 12 24 11 4889 1 22:30 23:30 0009 1 438 0 _ _ 0 20131219171119 1
00000012013121 0000001 2013 12 24 11 4889 1 22:30 23:30 0009 1 438 0 _ _ 0 20131219171119 1
00000012013121 0000001 2013 12 24 11 4889 1 22:30 23:30 0009 1 438 0 _ _ 0 20131219171119 1
00000012013121 0000001 2013 12 31 11 4889 1 22:30 23:30 0009 1 438 0 _ _ 0 20131219171119 1
00000012013121 0000001 2013 12 31 11 4889 1 22:30 23:30 0009 1 438 0 _ _ 0 20131219171119 1
00000012013121 0000001 2013 12 31 11 4889 1 22:30 23:30 0009 1 438 0 _ _ 0 20131219171119 1
00000012013124 0000001 2013 12 03 11 4892 1 22:30 23:30 0009 1 876 0 _ _ 0 20131219171119 1
00000012013124 0000001 2013 12 03 11 4892 1 22:30 23:30 0009 1 876 0 _ _ 0 20131219171119 1
00000012013124 0000001 2013 12 03 11 4892 1 22:30 23:30 0009 1 876 0 _ _ 0 20131219171119 1
00000012013124 0000001 2013 12 10 11 4892 1 22:30 23:30 0009 1 876 0 _ _ 0 20131219171119 1
00000012013124 0000001 2013 12 10 11 4892 1 22:30 23:30 0009 1 876 0 _ _ 0 20131219171119 1
00000012013124 0000001 2013 12 10 11 4892 1 22:30 23:30 0009 1 876 0 _ _ 0 20131219171119 1
