1 00000229 2012 11 61 0107 グランクレール・ケアサービス馬事公苑 1111 予防訪問介護Ⅰ 1220 0 1220 3 1220 0 1220 1220 0 11.26 13737 90 12363 1374 0 n n 0 1 20140730122753 00078
1 00000229 2012 12 61 0107 グランクレール・ケアサービス馬事公苑 1111 予防訪問介護Ⅰ 1220 0 1220 4 1220 0 1220 1220 0 11.26 13737 90 12363 1374 0 n n 0 1 20140730123132 00078
1 00000229 2013 01 61 0107 グランクレール・ケアサービス馬事公苑 1111 予防訪問介護Ⅰ 1220 0 1220 5 1220 0 1220 1220 0 11.26 13737 90 12363 1374 0 n n 0 1 20140710104704 00078
1 00000229 2013 02 61 0107 グランクレール・ケアサービス馬事公苑 1111 予防訪問介護Ⅰ 1220 0 1220 3 1220 0 1220 1220 0 11.26 13737 90 12363 1374 0 n n 0 1 20140710105001 00078
1 00000229 2013 03 61 0107 グランクレール・ケアサービス馬事公苑 1111 予防訪問介護Ⅰ 1220 0 1220 5 1220 0 1220 1220 0 11.26 13737 90 12363 1374 0 n n 0 1 20140710105443 00078
1 00000229 2013 04 61 0107 グランクレール・ケアサービス馬事公苑 1111 予防訪問介護Ⅰ 1220 0 1220 4 1220 0 1220 1220 0 11.26 13737 90 12363 1374 0 n n 0 1 20140710105824 00078
1 00000229 2013 05 61 0107 グランクレール・ケアサービス馬事公苑 1111 予防訪問介護Ⅰ 1220 0 1220 5 1220 0 1220 1220 0 11.26 13737 90 12363 1374 0 n n 0 1 20140710110322 00078
1 00000229 2013 06 61 0107 グランクレール・ケアサービス馬事公苑 1111 予防訪問介護Ⅰ 1220 0 1220 4 1220 0 1220 1220 0 11.26 13737 90 12363 1374 0 n n 0 1 20140710110628 00078
1 00000229 2013 07 61 0107 グランクレール・ケアサービス馬事公苑 1111 予防訪問介護Ⅰ 1220 0 1220 3 1220 0 1220 1220 0 11.26 13737 90 12363 1374 0 n n 0 1 20140710111035 00078
1 00000229 2013 08 61 0107 グランクレール・ケアサービス馬事公苑 1111 予防訪問介護Ⅰ 1220 0 1220 5 1220 0 1220 1220 0 11.26 13737 90 12363 1374 0 n n 0 1 20140710111918 00078
1 00000229 2013 09 61 0107 グランクレール・ケアサービス馬事公苑 1111 予防訪問介護Ⅰ 1220 0 1220 4 1220 0 1220 1220 0 11.26 13737 90 12363 1374 0 n n 0 1 20140703181142 00078
1 00000229 2013 10 61 0107 グランクレール・ケアサービス馬事公苑 1111 予防訪問介護Ⅰ 1220 0 1220 2 1220 0 1220 1220 0 11.26 13737 90 12363 1374 0 n n 0 1 20140703181558 00078
1 00000229 2013 11 61 0107 グランクレール・ケアサービス馬事公苑 1111 予防訪問介護Ⅰ 1220 0 1220 4 1220 0 1220 1220 0 11.26 13737 90 12363 1374 0 n n 0 1 20140703181951 00078
1 00000229 2013 12 61 0107 グランクレール・ケアサービス馬事公苑 1111 予防訪問介護Ⅰ 1220 0 1220 4 1220 0 1220 1220 0 11.26 13737 90 12363 1374 0 n n 0 1 20140703182259 00078
1 00000229 2014 01 61 0107 グランクレール・ケアサービス馬事公苑 1111 予防訪問介護Ⅰ 1220 0 1220 5 1220 0 1220 1220 0 11.26 13737 90 12363 1374 0 n n 0 1 20140619175922 00078
1 00000229 2014 02 61 0107 グランクレール・ケアサービス馬事公苑 1111 予防訪問介護Ⅰ 1220 0 1220 3 1220 0 1220 1220 0 11.26 13737 90 12363 1374 0 n n 0 1 20140619180349 00078
1 00000229 2014 03 61 0107 グランクレール・ケアサービス馬事公苑 1111 予防訪問介護Ⅰ 1220 0 1220 4 1220 0 1220 1220 0 11.26 13737 90 12363 1374 0 n n 0 1 20140619180633 00078
1 00000229 2014 04 61 0107 グランクレール・ケアサービス馬事公苑 1111 予防訪問介護Ⅰ 1226 0 1226 4 1226 0 1226 1226 0 11.26 13804 90 12423 1381 0 n n 0 1 20140619180843 00078
1 00000229 2014 05 61 0107 グランクレール・ケアサービス馬事公苑 1111 予防訪問介護Ⅰ 1226 0 1226 5 1226 0 1226 1226 0 11.26 13804 90 12423 1381 0 n n 0 1 20140819120023 00078
1 00000229 2014 06 61 0107 グランクレール・ケアサービス馬事公苑 1111 予防訪問介護Ⅰ 1226 0 1226 4 1226 0 1226 1226 0 11.26 13804 90 12423 1381 0 n n 0 1 20140701155423 00049
1 00000229 2014 07 61 0107 グランクレール・ケアサービス馬事公苑 1111 予防訪問介護Ⅰ 1226 0 1226 5 1226 0 1226 1226 0 11.26 13804 90 12423 1381 0 n n 0 1 20140802122832 00047
1 00000229 2014 08 61 0107 グランクレール・ケアサービス馬事公苑 1111 予防訪問介護Ⅰ 1226 0 1226 4 1226 0 1226 1226 0 11.26 13804 90 12423 1381 0 n n 0 1 20140812124253 00049
2 00000229 2012 11 61 0107 グランクレール・ケアサービス馬事公苑 6271 予防訪問介護処遇改善加算Ⅰ 49 0 49 1 49 0 49 49 0 11.26 551 90 495 56 0 a g 0 1 20140730122753 00078
2 00000229 2012 12 61 0107 グランクレール・ケアサービス馬事公苑 6271 予防訪問介護処遇改善加算Ⅰ 49 0 49 1 49 0 49 49 0 11.26 551 90 495 56 0 a g 0 1 20140730123132 00078
2 00000229 2013 01 61 0107 グランクレール・ケアサービス馬事公苑 6271 予防訪問介護処遇改善加算Ⅰ 49 0 49 1 49 0 49 49 0 11.26 551 90 495 56 0 a g 0 1 20140710104704 00078
2 00000229 2013 02 61 0107 グランクレール・ケアサービス馬事公苑 6271 予防訪問介護処遇改善加算Ⅰ 49 0 49 1 49 0 49 49 0 11.26 551 90 495 56 0 a g 0 1 20140710105001 00078
2 00000229 2013 03 61 0107 グランクレール・ケアサービス馬事公苑 6271 予防訪問介護処遇改善加算Ⅰ 49 0 49 1 49 0 49 49 0 11.26 551 90 495 56 0 a g 0 1 20140710105443 00078
2 00000229 2013 04 61 0107 グランクレール・ケアサービス馬事公苑 6271 予防訪問介護処遇改善加算Ⅰ 49 0 49 1 49 0 49 49 0 11.26 551 90 495 56 0 a g 0 1 20140710105824 00078
2 00000229 2013 05 61 0107 グランクレール・ケアサービス馬事公苑 6271 予防訪問介護処遇改善加算Ⅰ 49 0 49 1 49 0 49 49 0 11.26 551 90 495 56 0 a g 0 1 20140710110322 00078
2 00000229 2013 06 61 0107 グランクレール・ケアサービス馬事公苑 6271 予防訪問介護処遇改善加算Ⅰ 49 0 49 1 49 0 49 49 0 11.26 551 90 495 56 0 a g 0 1 20140710110628 00078
2 00000229 2013 07 61 0107 グランクレール・ケアサービス馬事公苑 6271 予防訪問介護処遇改善加算Ⅰ 49 0 49 1 49 0 49 49 0 11.26 551 90 495 56 0 a g 0 1 20140710111035 00078
2 00000229 2013 08 61 0107 グランクレール・ケアサービス馬事公苑 6271 予防訪問介護処遇改善加算Ⅰ 49 0 49 1 49 0 49 49 0 11.26 551 90 495 56 0 a g 0 1 20140710111918 00078
2 00000229 2013 09 61 0107 グランクレール・ケアサービス馬事公苑 6271 予防訪問介護処遇改善加算Ⅰ 49 0 49 1 49 0 49 49 0 11.26 551 90 495 56 0 a g 0 1 20140703181142 00078
2 00000229 2013 10 61 0107 グランクレール・ケアサービス馬事公苑 6271 予防訪問介護処遇改善加算Ⅰ 49 0 49 1 49 0 49 49 0 11.26 551 90 495 56 0 a g 0 1 20140703181558 00078
2 00000229 2013 11 61 0107 グランクレール・ケアサービス馬事公苑 6271 予防訪問介護処遇改善加算Ⅰ 49 0 49 1 49 0 49 49 0 11.26 551 90 495 56 0 a g 0 1 20140703181951 00078
2 00000229 2013 12 61 0107 グランクレール・ケアサービス馬事公苑 6271 予防訪問介護処遇改善加算Ⅰ 49 0 49 1 49 0 49 49 0 11.26 551 90 495 56 0 a g 0 1 20140703182259 00078
2 00000229 2014 01 61 0107 グランクレール・ケアサービス馬事公苑 6271 予防訪問介護処遇改善加算Ⅰ 49 0 49 1 49 0 49 49 0 11.26 551 90 495 56 0 a g 0 1 20140619175922 00078
2 00000229 2014 02 61 0107 グランクレール・ケアサービス馬事公苑 6271 予防訪問介護処遇改善加算Ⅰ 49 0 49 1 49 0 49 49 0 11.26 551 90 495 56 0 a g 0 1 20140619180349 00078
2 00000229 2014 03 61 0107 グランクレール・ケアサービス馬事公苑 6271 予防訪問介護処遇改善加算Ⅰ 49 0 49 1 49 0 49 49 0 11.26 551 90 495 56 0 a g 0 1 20140619180633 00078
2 00000229 2014 04 61 0107 グランクレール・ケアサービス馬事公苑 6271 予防訪問介護処遇改善加算Ⅰ 49 0 49 1 49 0 49 49 0 11.26 551 90 495 56 0 a g 0 1 20140619180843 00078
2 00000229 2014 05 61 0107 グランクレール・ケアサービス馬事公苑 6271 予防訪問介護処遇改善加算Ⅰ 49 0 49 1 49 0 49 49 0 11.26 551 90 495 56 0 a g 0 1 20140819120023 00078
2 00000229 2014 06 61 0107 グランクレール・ケアサービス馬事公苑 6271 予防訪問介護処遇改善加算Ⅰ 49 0 49 1 49 0 49 49 0 11.26 551 90 495 56 0 a g 0 1 20140701155423 00049
2 00000229 2014 07 61 0107 グランクレール・ケアサービス馬事公苑 6271 予防訪問介護処遇改善加算Ⅰ 49 0 49 1 49 0 49 49 0 11.26 551 90 495 56 0 a g 0 1 20140802122832 00047
2 00000229 2014 08 61 0107 グランクレール・ケアサービス馬事公苑 6271 予防訪問介護処遇改善加算Ⅰ 49 0 49 1 49 0 49 49 0 11.26 551 90 495 56 0 a g 0 1 20140812124253 00049
