00000026 2012 04 1 4970 1 20140731184619 00078
00000026 2012 05 1 4970 1 20140801101351 00030
00000026 2012 06 1 4970 1 20140801102136 00030
00000026 2012 07 1 4970 1 20140819154805 00030
00000026 2012 08 1 4970 1 20140801104330 00030
00000026 2012 09 1 4970 1 20140801104854 00030
00000026 2012 10 1 4970 1 20140801105653 00030
00000026 2012 11 1 4970 1 20140801110834 00030
00000026 2012 12 1 4970 1 20140801113025 00030
00000026 2013 01 1 4970 1 20140819153848 00030
00000026 2013 02 1 4970 1 20140718160521 00030
00000026 2013 03 1 4970 1 20140718161221 00030
00000026 2013 04 4 17532 1 20140718161650 00030
00000026 2014 05 2 10473 1 20140815163329 00030
00000026 2014 06 2 10473 1 20140702155428 00031
00000026 2014 07 2 10473 1 20140804105523 00031
00000026 2014 08 2 10473 1 20140901152422 00031
00000026 2014 09 2 10473 1 20141003164748 00031
00000026 2014 10 2 10473 1 20141104162126 00031
00000026 2014 11 2 10473 1 20141202160815 00031
00000026 2014 12 2 10473 1 20141115131420 00031
