00000212 20110411 20110419 磯谷美恵子 本人 1 2014052800000000 00078
00000212 20110411 20110419 大蔵 主治医 1 2014052800000000 00078
00000212 20110411 20110419 松山 施設ＮＳ 1 2014052800000000 00078
00000212 20110411 20110419 西山 訪問介護 1 2014052800000000 00078
00000212 20110411 20110419 山本 ケアマネ 1 2014052800000000 00078
00000212 20120129 20120131 磯谷美恵子 本人 1 2014052800000000 00078
00000212 20120129 20120131 大蔵 主治医（書面にて） 1 2014052800000000 00078
00000212 20120129 20120131 松山 施設ＮＳ 1 2014052800000000 00078
00000212 20120129 20120131 高徳 訪問介護 1 2014052800000000 00078
00000212 20120129 20120131 山本 ケアマネ 1 2014052800000000 00078
00000212 20130122 20130124 磯谷美恵子 本人 1 2014052800000000 00078
00000212 20130122 20130124 春日 施設ＮＳ 1 2014052800000000 00078
00000212 20130122 20130124 上野 訪問介護 1 2014052800000000 00078
00000212 20130122 20130124 山本 ケアマネ 1 2014052800000000 00078
00000212 20130122 20130124 三浦（欠席） 主治医 1 2014052800000000 00078
00000212 20130122 20130214 磯谷美恵子 本人 1 2014052800000000 00078
00000212 20130122 20130214 春日 施設ＮＳ 1 2014052800000000 00078
00000212 20130122 20130214 上野 訪問介護 1 2014052800000000 00078
00000212 20130122 20130214 山本 ケアマネ 1 2014052800000000 00078
00000212 20130122 20130214 三浦（欠席） 主治医 1 2014052800000000 00078
00000212 20140124 20140129 磯谷　美恵子 本人 1 2014052800000000 00078
00000212 20140124 20140129 三浦　元宏(欠席) 主治医 1 2014052800000000 00078
00000212 20140124 20140129 西村　えみ子 施設NS 1 2014052800000000 00078
00000212 20140124 20140129 上野　佑美 訪問介護サ責(GCCS馬事公苑) 1 2014052800000000 00078
00000212 20140124 20140129 吉岡　志麻 担当CM 1 2014052800000000 00078
