00000209 0029 2013 01 0000133 01 00049 _ 09:00 10:00 _ _ 0 4111 1 11 1 20140708115238 00078
00000209 0029 2013 01 0000134 10 00051 _ 09:00 10:00 _ _ 0 5111 1 11 1 20140708115302 00078
00000209 0107 2011 03 0000352 04 00101 _ 10:45 11:44 2 _ 0 1211 1 61 1 20141201185907 00078
00000209 0107 2011 03 0000353 07 00101 _ 10:45 11:44 2 _ 0 1211 1 61 1 20141201185907 00078
00000209 0107 2011 03 0000354 11 00101 _ 10:45 11:44 2 _ 0 1211 1 61 1 20141201185907 00078
00000209 0107 2011 03 0000355 14 00050 _ 10:45 11:44 2 _ 0 1211 1 61 1 20141201185907 00078
00000209 0107 2011 03 0000356 18 00101 _ 10:45 11:44 2 _ 0 1211 1 61 1 20141201185907 00078
00000209 0107 2011 03 0000357 21 00050 _ 10:45 11:44 2 _ 0 1211 1 61 1 20141201185907 00078
00000209 0107 2011 03 0000358 25 00101 _ 10:45 11:44 2 _ 0 1211 1 61 1 20141201185907 00078
00000209 0107 2011 03 0000359 28 00234 _ 10:45 11:44 2 _ 0 1211 1 61 1 20141201185907 00078
00000209 0107 2011 04 0000343 01 00048 _ 10:45 11:44 2 _ 0 1211 1 61 1 20141201151607 00078
00000209 0107 2011 04 0000344 04 00234 _ 10:45 11:44 2 _ 0 1211 1 61 1 20141201151607 00078
00000209 0107 2011 04 0000345 08 00049 00237 10:45 11:44 2 _ 0 1211 1 61 1 20141201151607 00078
00000209 0107 2011 04 0000346 11 00048 _ 10:45 11:44 2 _ 0 1211 1 61 1 20141201151607 00078
00000209 0107 2011 04 0000347 15 00234 _ 10:45 11:44 2 _ 0 1211 1 61 1 20141201151607 00078
00000209 0107 2011 04 0000348 18 00234 _ 10:45 11:44 2 _ 0 1211 1 61 1 20141201151607 00078
00000209 0107 2011 04 0000349 22 00234 00049 10:45 11:44 2 _ 0 1211 1 61 1 20141201151607 00078
00000209 0107 2011 04 0000350 25 00237 _ 10:45 11:44 2 _ 0 1211 1 61 1 20141201151607 00078
00000209 0107 2011 04 0000351 29 00048 _ 10:45 11:44 2 _ 0 1211 1 61 1 20141201151607 00078
00000209 0107 2011 05 0000334 02 00237 _ 10:45 11:44 2 _ 0 1211 1 61 1 20141130184902 00078
00000209 0107 2011 05 0000335 06 00234 _ 10:45 11:44 2 _ 0 1211 1 61 1 20141130184902 00078
00000209 0107 2011 05 0000336 09 00234 _ 10:45 11:44 2 _ 0 1211 1 61 1 20141130184902 00078
00000209 0107 2011 05 0000337 13 00048 _ 10:45 11:44 2 _ 0 1211 1 61 1 20141130184902 00078
00000209 0107 2011 05 0000338 16 00237 _ 10:45 11:44 2 _ 0 1211 1 61 1 20141130184902 00078
00000209 0107 2011 05 0000339 20 00049 _ 10:45 11:44 2 _ 0 1211 1 61 1 20141130184902 00078
00000209 0107 2011 05 0000340 23 00049 _ 10:45 11:44 2 _ 0 1211 1 61 1 20141130184902 00078
00000209 0107 2011 05 0000341 27 00049 _ 10:45 11:44 2 _ 0 1211 1 61 1 20141130184902 00078
00000209 0107 2011 05 0000342 30 00234 _ 10:45 11:44 2 _ 0 1211 1 61 1 20141130184902 00078
00000209 0107 2011 06 0000327 03 00101 _ 10:45 11:44 2 _ 0 1211 1 61 1 20141130165650 00078
00000209 0107 2011 06 0000328 06 00101 _ 10:45 11:44 2 _ 0 1211 1 61 1 20141130165650 00078
00000209 0107 2011 06 0000329 13 00234 _ 10:45 11:44 2 _ 0 1211 1 61 1 20141130165650 00078
00000209 0107 2011 06 0000330 17 00051 _ 10:45 11:44 2 _ 0 1211 1 61 1 20141130165650 00078
00000209 0107 2011 06 0000331 20 00234 _ 10:45 11:44 2 _ 0 1211 1 61 1 20141130165650 00078
00000209 0107 2011 06 0000332 24 00051 _ 10:45 11:44 2 _ 0 1211 1 61 1 20141130165650 00078
00000209 0107 2011 06 0000333 27 00051 _ 10:45 11:44 2 _ 0 1211 1 61 1 20141130165650 00078
00000209 0107 2011 07 0000320 04 00051 _ 10:45 11:44 2 _ 0 1211 1 61 1 20141130145718 00078
00000209 0107 2011 07 0000321 08 00101 _ 10:45 11:44 2 _ 0 1211 1 61 1 20141130145718 00078
00000209 0107 2011 07 0000322 11 00051 _ 10:45 11:44 2 _ 0 1211 1 61 1 20141130145718 00078
00000209 0107 2011 07 0000323 15 00101 _ 10:45 11:44 2 _ 0 1211 1 61 1 20141130145718 00078
00000209 0107 2011 07 0000324 18 00051 _ 10:45 11:44 2 _ 0 1211 1 61 1 20141130145718 00078
00000209 0107 2011 07 0000325 25 00050 _ 10:45 11:44 2 _ 0 1211 1 61 1 20141130145718 00078
00000209 0107 2011 07 0000326 29 00234 _ 10:45 11:44 2 _ 0 1211 1 61 1 20141130145718 00078
00000209 0107 2011 08 0000311 01 00234 _ 10:45 11:44 2 _ 0 1211 1 61 1 20141130112149 00078
00000209 0107 2011 08 0000312 05 00237 _ 10:45 11:44 2 _ 0 1211 1 61 1 20141130112149 00078
00000209 0107 2011 08 0000313 08 00051 _ 10:45 11:44 2 _ 0 1211 1 61 1 20141130112149 00078
00000209 0107 2011 08 0000314 12 00050 _ 10:45 11:44 2 _ 0 1211 1 61 1 20141130112149 00078
00000209 0107 2011 08 0000315 15 00237 _ 10:45 11:44 2 _ 0 1211 1 61 1 20141130112149 00078
00000209 0107 2011 08 0000316 19 00237 _ 10:45 11:44 2 _ 0 1211 1 61 1 20141130112149 00078
00000209 0107 2011 08 0000317 22 00234 _ 10:45 11:44 2 _ 0 1211 1 61 1 20141130112149 00078
00000209 0107 2011 08 0000318 26 00050 _ 10:45 11:44 2 _ 0 1211 1 61 1 20141130112149 00078
00000209 0107 2011 08 0000319 29 00101 _ 10:45 11:44 2 _ 0 1211 1 61 1 20141130112149 00078
00000209 0107 2011 09 0000303 02 00051 _ 10:45 11:44 2 _ 0 1211 1 61 1 20141128181834 00078
00000209 0107 2011 09 0000304 05 00234 _ 10:45 11:44 2 _ 0 1211 1 61 1 20141128181834 00078
00000209 0107 2011 09 0000305 09 00101 _ 10:45 11:44 2 _ 0 1211 1 61 1 20141128181834 00078
00000209 0107 2011 09 0000306 12 00050 _ 10:45 11:44 2 _ 0 1211 1 61 1 20141128181834 00078
00000209 0107 2011 09 0000307 19 00237 _ 10:45 11:44 2 _ 0 1211 1 61 1 20141128181834 00078
00000209 0107 2011 09 0000308 23 00237 _ 10:45 11:44 2 _ 0 1211 1 61 1 20141128181834 00078
00000209 0107 2011 09 0000309 26 00237 _ 10:45 11:44 2 _ 0 1211 1 61 1 20141128181834 00078
00000209 0107 2011 09 0000310 30 00234 _ 10:45 11:44 2 _ 0 1211 1 61 1 20141128181834 00078
00000209 0107 2011 10 0000294 03 00051 _ 10:45 11:44 2 _ 0 1211 1 61 1 20141127183932 00078
00000209 0107 2011 10 0000295 07 00237 _ 10:45 11:44 2 _ 0 1211 1 61 1 20141127183932 00078
00000209 0107 2011 10 0000296 10 00237 _ 10:45 11:44 2 _ 0 1211 1 61 1 20141127183932 00078
00000209 0107 2011 10 0000297 14 00101 _ 10:45 11:44 2 _ 0 1211 1 61 1 20141127183932 00078
00000209 0107 2011 10 0000298 17 00237 _ 10:45 11:44 2 _ 0 1211 1 61 1 20141127183932 00078
00000209 0107 2011 10 0000299 21 00101 _ 10:45 11:44 2 _ 0 1211 1 61 1 20141127183932 00078
00000209 0107 2011 10 0000300 24 00051 _ 10:45 11:44 2 _ 0 1211 1 61 1 20141127183932 00078
00000209 0107 2011 10 0000301 28 00050 _ 10:45 11:44 2 _ 0 1211 1 61 1 20141127183932 00078
00000209 0107 2011 10 0000302 31 00237 _ 10:45 11:44 2 _ 0 1211 1 61 1 20141127183932 00078
00000209 0107 2011 11 0000287 04 00050 _ 10:45 11:44 2 _ 0 1211 1 61 1 20141127143427 00078
00000209 0107 2011 11 0000288 11 00050 _ 10:45 11:44 2 _ 0 1211 1 61 1 20141127143427 00078
00000209 0107 2011 11 0000289 14 00050 _ 10:45 11:44 2 _ 0 1211 1 61 1 20141127143427 00078
00000209 0107 2011 11 0000290 18 00234 _ 10:45 11:44 2 _ 0 1211 1 61 1 20141127143427 00078
00000209 0107 2011 11 0000291 21 00050 _ 10:45 11:44 2 _ 0 1211 1 61 1 20141127143427 00078
00000209 0107 2011 11 0000292 25 00050 _ 10:45 11:44 2 _ 0 1211 1 61 1 20141127143427 00078
00000209 0107 2011 11 0000293 28 00050 _ 10:45 11:44 2 _ 0 1211 1 61 1 20141127143427 00078
00000209 0107 2011 12 0000279 05 00050 _ 10:45 11:44 2 _ 0 1211 1 61 1 20141125142604 00078
00000209 0107 2011 12 0000280 09 00234 _ 10:45 11:44 2 _ 0 1211 1 61 1 20141125142604 00078
00000209 0107 2011 12 0000281 12 00049 _ 10:45 11:44 2 _ 0 1211 1 61 1 20141125142604 00078
00000209 0107 2011 12 0000282 16 00234 _ 10:45 11:44 2 _ 0 1211 1 61 1 20141125142604 00078
00000209 0107 2011 12 0000283 19 00234 _ 10:45 11:44 2 _ 0 1211 1 61 1 20141125142604 00078
00000209 0107 2011 12 0000284 23 00049 _ 10:45 11:44 2 _ 0 1211 1 61 1 20141125142604 00078
00000209 0107 2011 12 0000285 26 00234 _ 10:45 11:44 2 _ 0 1211 1 61 1 20141125142604 00078
00000209 0107 2011 12 0000286 30 00234 _ 10:45 11:44 2 _ 0 1211 1 61 1 20141125142604 00078
00000209 0107 2012 01 0000271 06 00234 _ 10:45 11:44 2 _ 0 1211 1 61 1 20141124125456 00078
00000209 0107 2012 01 0000272 09 00050 _ 10:45 11:44 2 _ 0 1211 1 61 1 20141124125456 00078
00000209 0107 2012 01 0000273 13 00049 _ 10:45 11:44 2 _ 0 1211 1 61 1 20141124125456 00078
00000209 0107 2012 01 0000274 16 00050 _ 10:45 11:44 2 _ 0 1211 1 61 1 20141124125456 00078
00000209 0107 2012 01 0000275 20 00049 _ 10:45 11:44 2 _ 0 1211 1 61 1 20141124125456 00078
00000209 0107 2012 01 0000276 23 00049 _ 10:45 11:44 2 _ 0 1211 1 61 1 20141124125456 00078
00000209 0107 2012 01 0000277 27 00049 _ 10:45 11:44 2 _ 0 1211 1 61 1 20141124125456 00078
00000209 0107 2012 01 0000278 30 00049 _ 10:45 11:44 2 _ 0 1211 1 61 1 20141124125456 00078
00000209 0107 2012 02 0000265 03 00049 _ 10:45 11:44 2 _ 0 1211 1 61 1 20141119175801 00078
00000209 0107 2012 02 0000266 06 00050 _ 10:45 11:44 2 _ 0 1211 1 61 1 20141119175801 00078
00000209 0107 2012 02 0000267 13 00234 _ 10:45 11:44 2 _ 0 1211 1 61 1 20141119175801 00078
00000209 0107 2012 02 0000268 17 00050 _ 10:45 11:44 2 _ 0 1211 1 61 1 20141119175801 00078
00000209 0107 2012 02 0000269 24 00234 _ 10:45 11:44 2 _ 0 1211 1 61 1 20141119175801 00078
00000209 0107 2012 02 0000270 27 00234 _ 10:45 11:44 2 _ 0 1211 1 61 1 20141119175801 00078
00000209 0107 2012 03 0000258 02 00234 _ 10:45 11:44 4 _ 0 1211 1 61 1 20141119123753 00078
00000209 0107 2012 03 0000259 05 00234 _ 10:45 11:44 4 _ 0 1211 1 61 1 20141119123753 00078
00000209 0107 2012 03 0000260 09 00049 _ 10:45 11:44 4 _ 0 1211 1 61 1 20141119123753 00078
00000209 0107 2012 03 0000261 12 00049 _ 10:45 11:44 4 _ 0 1211 1 61 1 20141119123753 00078
00000209 0107 2012 03 0000262 16 00049 _ 10:45 11:44 4 _ 0 1211 1 61 1 20141119123753 00078
00000209 0107 2012 03 0000263 19 00049 _ 10:45 11:44 4 _ 0 1211 1 61 1 20141119123753 00078
00000209 0107 2012 03 0000264 26 00050 _ 10:45 11:44 4 _ 0 1211 1 61 1 20141119123753 00078
00000209 0107 2012 04 0000196 02 00050 _ 10:45 11:44 _ _ 0 1211 1 61 1 20140716105104 00078
00000209 0107 2012 04 0000197 06 00049 _ 10:45 11:44 _ _ 0 1211 1 61 1 20140716105104 00078
00000209 0107 2012 04 0000198 09 00049 _ 10:45 11:44 _ _ 0 1211 1 61 1 20140716105104 00078
00000209 0107 2012 04 0000199 16 00050 _ 10:45 11:44 _ _ 0 1211 1 61 1 20140716105104 00078
00000209 0107 2012 04 0000200 23 00049 _ 10:45 11:44 _ _ 0 1211 1 61 1 20140716105104 00078
00000209 0107 2012 04 0000201 27 00049 _ 10:45 11:44 _ _ 0 1211 1 61 1 20140716105104 00078
00000209 0107 2012 04 0000202 30 00049 _ 10:45 11:44 _ _ 0 1211 1 61 1 20140716105104 00078
00000209 0107 2012 05 0000203 04 00049 _ 10:45 11:44 _ _ 0 1211 1 61 1 20140716105754 00078
00000209 0107 2012 05 0000204 11 00049 _ 10:45 11:44 _ _ 0 1211 1 61 1 20140716105754 00078
00000209 0107 2012 05 0000205 14 00050 _ 10:45 11:44 _ _ 0 1211 1 61 1 20140716105754 00078
00000209 0107 2012 05 0000206 18 00050 _ 10:45 11:44 _ _ 0 1211 1 61 1 20140716105754 00078
00000209 0107 2012 05 0000207 21 00049 _ 10:45 11:44 _ _ 0 1211 1 61 1 20140716105754 00078
00000209 0107 2012 05 0000208 25 00049 _ 10:45 11:44 _ _ 0 1211 1 61 1 20140716105754 00078
00000209 0107 2012 06 0000209 01 00049 _ 10:45 11:44 _ _ 0 1211 1 61 1 20140716110147 00078
00000209 0107 2012 06 0000210 04 00050 _ 10:45 11:44 _ _ 0 1211 1 61 1 20140716110147 00078
00000209 0107 2012 06 0000211 08 00050 _ 10:45 11:44 _ _ 0 1211 1 61 1 20140716110147 00078
00000209 0107 2012 06 0000212 11 00049 _ 10:45 11:44 _ _ 0 1211 1 61 1 20140716110147 00078
00000209 0107 2012 06 0000213 15 00050 _ 10:45 11:44 _ _ 0 1211 1 61 1 20140716110147 00078
00000209 0107 2012 06 0000214 18 00050 _ 10:45 11:44 _ _ 0 1211 1 61 1 20140716110147 00078
00000209 0107 2012 06 0000215 25 00049 _ 10:45 11:44 _ _ 0 1211 1 61 1 20140716110147 00078
00000209 0107 2012 07 0000216 02 00049 _ 10:45 11:44 _ _ 0 1211 1 61 1 20140716110956 00078
00000209 0107 2012 07 0000217 06 00050 _ 10:45 11:44 _ _ 0 1211 1 61 1 20140716110956 00078
00000209 0107 2012 07 0000218 09 _ _ _ _ _ _ 0 _ 1 61 9 20140716110931 00078
00000209 0107 2012 07 0000219 13 00049 _ 10:45 11:44 _ _ 0 1211 1 61 1 20140716110956 00078
00000209 0107 2012 07 0000220 16 00049 _ 10:45 11:44 _ _ 0 1211 1 61 1 20140716110956 00078
00000209 0107 2012 07 0000221 20 00049 _ 10:45 11:44 _ _ 0 1211 1 61 1 20140716110956 00078
00000209 0107 2012 07 0000222 23 00050 _ 10:45 11:44 _ _ 0 1211 1 61 1 20140716110956 00078
00000209 0107 2012 07 0000223 30 00050 _ 10:45 11:44 _ _ 0 1211 1 61 1 20140716110956 00078
00000209 0107 2012 08 0000224 03 00050 _ 10:45 11:44 _ _ 0 1211 1 61 1 20140716111251 00078
00000209 0107 2012 08 0000225 06 00050 _ 10:45 11:44 _ _ 0 1211 1 61 1 20140716111251 00078
00000209 0107 2012 08 0000226 10 00049 _ 10:45 11:44 _ _ 0 1211 1 61 1 20140716111251 00078
00000209 0107 2012 08 0000227 13 00050 _ 10:45 11:44 _ _ 0 1211 1 61 1 20140716111251 00078
00000209 0107 2012 08 0000228 20 00050 _ 10:45 11:44 _ _ 0 1211 1 61 1 20140716111251 00078
00000209 0107 2012 08 0000229 24 00050 _ 10:45 11:44 _ _ 0 1211 1 61 1 20140716111251 00078
00000209 0107 2012 08 0000230 31 00050 _ 10:45 11:44 _ _ 0 1211 1 61 1 20140716111251 00078
00000209 0107 2012 09 0000231 03 00050 _ 10:45 11:44 _ _ 0 1211 1 61 1 20140716111628 00078
00000209 0107 2012 09 0000232 07 00050 _ 10:45 11:44 _ _ 0 1211 1 61 1 20140716111628 00078
00000209 0107 2012 09 0000233 10 00050 _ 10:45 11:44 _ _ 0 1211 1 61 1 20140716111628 00078
00000209 0107 2012 09 0000234 14 00049 _ 10:45 11:44 _ _ 0 1211 1 61 1 20140716111628 00078
00000209 0107 2012 09 0000235 17 00049 _ 10:45 11:44 _ _ 0 1211 1 61 1 20140716111628 00078
00000209 0107 2012 09 0000236 21 00049 _ 10:45 11:44 _ _ 0 1211 1 61 1 20140716111628 00078
00000209 0107 2012 09 0000237 24 00050 _ 10:45 11:44 _ _ 0 1211 1 61 1 20140716111628 00078
00000209 0107 2012 09 0000238 28 00050 _ 10:45 11:44 _ _ 0 1211 1 61 1 20140716111628 00078
00000209 0107 2012 10 0000239 01 00050 _ 10:45 11:44 _ _ 0 1211 1 61 1 20140716112102 00078
00000209 0107 2012 10 0000240 05 00049 _ 10:45 11:44 _ _ 0 1211 1 61 1 20140716112102 00078
00000209 0107 2012 10 0000241 08 00049 _ 10:45 11:44 _ _ 0 1211 1 61 1 20140716112102 00078
00000209 0107 2012 10 0000242 15 00049 _ 10:45 11:44 _ _ 0 1211 1 61 1 20140716112102 00078
00000209 0107 2012 10 0000243 26 00049 _ 10:45 11:44 _ _ 0 1211 1 61 1 20140716112102 00078
00000209 0107 2012 10 0000244 29 00049 _ 10:45 11:44 _ _ 0 1211 1 61 1 20140716112102 00078
00000209 0107 2012 11 0000245 02 00049 _ 10:45 11:44 _ _ 0 1211 1 61 1 20140716113009 00078
00000209 0107 2012 11 0000246 05 00050 _ 10:45 11:44 _ _ 0 1211 1 61 1 20140716113009 00078
00000209 0107 2012 11 0000247 09 00050 _ 10:45 11:44 _ _ 0 1211 1 61 1 20140716113009 00078
00000209 0107 2012 11 0000248 16 00049 _ 10:45 11:44 _ _ 0 1211 1 61 1 20140716113009 00078
00000209 0107 2012 11 0000249 19 00051 _ 10:45 11:44 _ _ 0 1211 1 61 1 20140716113009 00078
00000209 0107 2012 11 0000250 23 00050 _ 10:45 11:44 _ _ 0 1211 1 61 1 20140716113009 00078
00000209 0107 2012 11 0000251 26 00051 _ 10:45 11:44 _ _ 0 1211 1 61 1 20140716113009 00078
00000209 0107 2012 12 0000252 03 00049 _ 10:45 11:44 _ _ 0 1211 1 61 1 20140716113517 00078
00000209 0107 2012 12 0000253 10 00051 _ 10:45 11:44 _ _ 0 1211 1 61 1 20140716113517 00078
00000209 0107 2012 12 0000254 14 00051 _ 10:45 11:44 _ _ 0 1211 1 61 1 20140716113517 00078
00000209 0107 2012 12 0000255 21 00050 _ 10:45 11:44 _ _ 0 1211 1 61 1 20140716113517 00078
00000209 0107 2012 12 0000256 28 00051 _ 10:45 11:44 _ _ 0 1211 1 61 1 20140716113517 00078
00000209 0107 2012 12 0000257 31 00049 _ 10:45 11:44 _ _ 0 1211 1 61 1 20140716113517 00078
00000209 0107 2013 01 0000135 04 00050 _ 10:45 11:44 _ _ 0 1211 1 61 1 20140708141354 00078
00000209 0107 2013 01 0000136 07 00050 _ 10:45 11:44 _ _ 0 1211 1 61 1 20140708141354 00078
00000209 0107 2013 01 0000137 14 00051 _ 10:45 11:44 _ _ 0 1211 1 61 1 20140708141354 00078
00000209 0107 2013 01 0000138 18 00048 _ 10:45 11:44 _ _ 0 1211 1 61 1 20140708141354 00078
00000209 0107 2013 01 0000139 21 00051 _ 10:45 11:44 _ _ 0 1211 1 61 1 20140708141354 00078
00000209 0107 2013 01 0000140 25 00051 _ 10:45 11:44 _ _ 0 1211 1 61 1 20140708141354 00078
00000209 0107 2013 01 0000141 28 00051 _ 10:45 11:44 _ _ 0 1211 1 61 1 20140708141354 00078
00000209 0107 2013 02 0000142 01 00049 _ 10:45 11:44 _ _ 0 1211 1 61 1 20140708141931 00078
00000209 0107 2013 02 0000143 08 00051 _ 10:45 11:44 _ _ 0 1211 1 61 1 20140708141931 00078
00000209 0107 2013 02 0000144 11 _ _ _ _ _ _ 0 _ 1 61 9 20140708141854 00078
00000209 0107 2013 02 0000145 15 00050 _ 10:45 11:44 _ _ 0 1211 1 61 1 20140708141931 00078
00000209 0107 2013 02 0000146 18 00049 _ 10:45 11:44 _ _ 0 1211 1 61 1 20140708141931 00078
00000209 0107 2013 02 0000147 22 00051 _ 10:45 11:44 _ _ 0 1211 1 61 1 20140708141931 00078
00000209 0107 2013 03 0000148 01 00049 _ 10:45 11:44 _ _ 0 1211 1 61 1 20140708142711 00078
00000209 0107 2013 03 0000149 04 00050 _ 10:45 11:44 _ _ 0 1211 1 61 1 20140708142711 00078
00000209 0107 2013 03 0000150 08 00050 _ 10:45 11:44 _ _ 0 1211 1 61 1 20140708142711 00078
00000209 0107 2013 03 0000151 11 00051 _ 10:45 11:44 _ _ 0 1211 1 61 1 20140708142711 00078
00000209 0107 2013 03 0000152 15 00051 _ 10:45 11:44 _ _ 0 1211 1 61 1 20140708142711 00078
00000209 0107 2013 03 0000153 22 00050 _ 10:45 11:44 _ _ 0 1211 1 61 1 20140708142711 00078
00000209 0107 2013 03 0000154 25 00049 _ 10:45 11:44 _ _ 0 1211 1 61 1 20140708142711 00078
00000209 0107 2013 03 0000155 29 00050 _ 10:45 11:44 _ _ 0 1211 1 61 1 20140708142711 00078
00000209 0107 2013 04 0000156 01 00049 _ 10:45 11:44 _ _ 0 1211 1 61 1 20140708143341 00078
00000209 0107 2013 04 0000157 05 00051 _ 10:45 11:44 _ _ 0 1211 1 61 1 20140708143341 00078
00000209 0107 2013 04 0000158 08 00051 _ 10:45 11:44 _ _ 0 1211 1 61 1 20140708143341 00078
00000209 0107 2013 04 0000159 12 00051 _ 10:45 11:44 _ _ 0 1211 1 61 1 20140708143341 00078
00000209 0107 2013 04 0000160 15 00049 _ 10:45 11:44 _ _ 0 1211 1 61 1 20140708143341 00078
00000209 0107 2013 04 0000161 22 00049 _ 10:45 11:44 _ _ 0 1211 1 61 1 20140708143341 00078
00000209 0107 2013 04 0000162 26 00049 _ 10:45 11:44 _ _ 0 1211 1 61 1 20140708143341 00078
00000209 0107 2013 04 0000163 29 00050 _ 10:45 11:44 _ _ 0 1211 1 61 1 20140708143341 00078
00000209 0107 2013 05 0000164 03 00053 _ 10:30 11:29 _ _ 0 1211 1 61 1 20140708144737 00078
00000209 0107 2013 05 0000165 06 00051 _ 10:30 11:29 _ _ 0 1211 1 61 1 20140708144737 00078
00000209 0107 2013 05 0000166 10 00048 _ 10:30 11:29 _ _ 0 1211 1 61 1 20140708144737 00078
00000209 0107 2013 05 0000167 13 00050 _ 10:30 11:29 _ _ 0 1211 1 61 1 20140708144737 00078
00000209 0107 2013 05 0000168 17 00048 _ 10:30 11:29 _ _ 0 1211 1 61 1 20140708144737 00078
00000209 0107 2013 05 0000169 24 00051 _ 10:30 11:29 _ _ 0 1211 1 61 1 20140708144737 00078
00000209 0107 2013 05 0000170 27 _ _ _ _ _ _ 0 _ 1 61 9 20140708144438 00078
00000209 0107 2013 05 0000171 31 00048 _ 10:30 11:29 _ _ 0 1211 1 61 1 20140708144737 00078
00000209 0107 2013 06 0000172 03 00051 _ 10:30 11:29 _ _ 0 1211 1 61 1 20140708145219 00078
00000209 0107 2013 06 0000173 07 00048 _ 10:30 11:29 _ _ 0 1211 1 61 1 20140708145219 00078
00000209 0107 2013 06 0000174 10 00050 _ 10:30 11:29 _ _ 0 1211 1 61 1 20140708145219 00078
00000209 0107 2013 06 0000175 14 00048 _ 10:30 11:29 _ _ 0 1211 1 61 1 20140708145219 00078
00000209 0107 2013 06 0000176 17 00050 _ 10:30 11:29 _ _ 0 1211 1 61 1 20140708145219 00078
00000209 0107 2013 06 0000177 21 00049 _ 10:30 11:29 _ _ 0 1211 1 61 1 20140708145219 00078
00000209 0107 2013 06 0000178 28 00048 _ 10:30 11:29 _ _ 0 1211 1 61 1 20140708145219 00078
00000209 0107 2013 07 0000179 01 00051 _ 10:30 11:29 _ _ 0 1211 1 61 1 20140708150053 00078
00000209 0107 2013 07 0000180 05 00048 _ 10:30 11:29 _ _ 0 1211 1 61 1 20140708150053 00078
00000209 0107 2013 07 0000181 08 00051 _ 10:30 11:29 _ _ 0 1211 1 61 1 20140708150053 00078
00000209 0107 2013 07 0000182 12 00049 _ 10:30 11:29 _ _ 0 1211 1 61 1 20140708150053 00078
00000209 0107 2013 07 0000183 15 00050 _ 10:30 11:29 _ _ 0 1211 1 61 1 20140708150053 00078
00000209 0107 2013 07 0000184 19 00051 _ 10:30 11:29 _ _ 0 1211 1 61 1 20140708150053 00078
00000209 0107 2013 07 0000185 26 00048 _ 10:30 11:29 _ _ 0 1211 1 61 1 20140708150053 00078
00000209 0107 2013 07 0000186 29 00050 _ 10:30 11:29 _ _ 0 1211 1 61 1 20140708150053 00078
00000209 0107 2013 08 0000187 02 00050 _ 10:30 11:29 _ _ 0 1211 1 61 1 20140708150527 00078
00000209 0107 2013 08 0000188 05 00049 _ 10:30 11:29 _ _ 0 1211 1 61 1 20140708150527 00078
00000209 0107 2013 08 0000189 09 00051 _ 10:30 11:29 _ _ 0 1211 1 61 1 20140708150527 00078
00000209 0107 2013 08 0000190 12 00050 _ 10:30 11:29 _ _ 0 1211 1 61 1 20140708150527 00078
00000209 0107 2013 08 0000191 16 00052 _ 10:30 11:29 _ _ 0 1211 1 61 1 20140708150527 00078
00000209 0107 2013 08 0000192 19 00052 _ 10:30 11:29 _ _ 0 1211 1 61 1 20140708150527 00078
00000209 0107 2013 08 0000193 23 00050 _ 10:30 11:29 _ _ 0 1211 1 61 1 20140708150527 00078
00000209 0107 2013 08 0000194 26 00051 _ 10:30 11:29 _ _ 0 1211 1 61 1 20140708150527 00078
00000209 0107 2013 08 0000195 30 00050 _ 10:30 11:29 _ _ 0 1211 1 61 1 20140708150527 00078
00000209 0107 2013 09 0000101 02 00052 _ 10:30 11:30 _ _ 0 1211 1 61 1 20140703104117 00078
00000209 0107 2013 09 0000102 06 00048 _ 10:30 11:30 _ _ 0 1211 1 61 1 20140703104117 00078
00000209 0107 2013 09 0000103 09 00051 _ 10:30 11:30 _ _ 0 1211 1 61 1 20140703104117 00078
00000209 0107 2013 09 0000104 13 00052 _ 10:30 11:30 _ _ 0 1211 1 61 1 20140703104117 00078
00000209 0107 2013 09 0000105 16 00050 _ 10:30 11:30 _ _ 0 1211 1 61 1 20140703104117 00078
00000209 0107 2013 09 0000106 20 00050 _ 10:30 11:30 _ _ 0 1211 1 61 1 20140703104117 00078
00000209 0107 2013 09 0000107 23 00052 _ 10:30 11:30 _ _ 0 1211 1 61 1 20140703104117 00078
00000209 0107 2013 09 0000108 27 00052 _ 10:30 11:30 _ _ 0 1211 1 61 1 20140703104117 00078
00000209 0107 2013 09 0000109 30 00049 _ 10:30 11:30 _ _ 0 1211 1 61 1 20140703104117 00078
00000209 0107 2013 10 0000110 04 00048 _ 10:30 11:30 _ _ 0 1211 1 61 1 20140703104856 00078
00000209 0107 2013 10 0000111 07 00050 _ 10:30 11:30 _ _ 0 1211 1 61 1 20140703104856 00078
00000209 0107 2013 10 0000112 14 00049 _ 10:30 11:30 _ _ 0 1211 1 61 1 20140703104856 00078
00000209 0107 2013 10 0000113 18 00049 _ 10:30 11:30 _ _ 0 1211 1 61 1 20140703104856 00078
00000209 0107 2013 10 0000114 21 00051 _ 10:30 11:30 _ _ 0 1211 1 61 1 20140703104856 00078
00000209 0107 2013 10 0000115 25 00049 _ 10:30 11:30 _ _ 0 1211 1 61 1 20140703104856 00078
00000209 0107 2013 11 0000116 01 00051 _ 10:30 11:30 _ _ 0 1211 1 61 1 20140703105443 00078
00000209 0107 2013 11 0000117 04 00051 _ 10:30 11:30 _ _ 0 1211 1 61 1 20140703105443 00078
00000209 0107 2013 11 0000118 08 00049 _ 10:30 11:30 _ _ 0 1211 1 61 1 20140703105443 00078
00000209 0107 2013 11 0000119 11 00051 _ 10:30 11:30 _ _ 0 1211 1 61 1 20140703105443 00078
00000209 0107 2013 11 0000120 15 00048 _ 10:30 11:30 _ _ 0 1211 1 61 1 20140703105443 00078
00000209 0107 2013 11 0000121 22 00049 _ 10:30 11:30 _ _ 0 1211 1 61 1 20140703105443 00078
00000209 0107 2013 11 0000122 25 00052 _ 10:30 11:30 _ _ 0 1211 1 61 1 20140703105443 00078
00000209 0107 2013 11 0000123 29 00052 _ 10:30 11:30 _ _ 0 1211 1 61 1 20140703105443 00078
00000209 0107 2013 12 0000124 02 00050 _ 10:30 11:30 _ _ 0 1211 1 61 1 20140703105759 00078
00000209 0107 2013 12 0000125 06 00048 _ 10:30 11:30 _ _ 0 1211 1 61 1 20140703105759 00078
00000209 0107 2013 12 0000126 09 00050 _ 10:30 11:30 _ _ 0 1211 1 61 1 20140703105759 00078
00000209 0107 2013 12 0000127 13 00050 _ 10:30 11:30 _ _ 0 1211 1 61 1 20140703105759 00078
00000209 0107 2013 12 0000128 16 00049 _ 10:30 11:30 _ _ 0 1211 1 61 1 20140703105759 00078
00000209 0107 2013 12 0000129 20 00050 _ 10:30 11:30 _ _ 0 1211 1 61 1 20140703105759 00078
00000209 0107 2013 12 0000130 23 00050 _ 10:30 11:30 _ _ 0 1211 1 61 1 20140703105759 00078
00000209 0107 2013 12 0000131 27 00050 _ 10:30 11:30 _ _ 0 1211 1 61 1 20140703105759 00078
00000209 0107 2013 12 0000132 30 00049 _ 10:30 11:30 _ _ 0 1211 1 61 1 20140703105759 00078
00000209 0107 2014 01 0000059 03 00051 _ 10:30 11:30 _ _ 0 1211 1 61 1 20140619101008 00078
00000209 0107 2014 01 0000060 06 00050 _ 10:30 11:30 _ _ 0 1211 1 61 1 20140619101008 00078
00000209 0107 2014 01 0000061 10 00052 _ 10:30 11:30 _ _ 0 1211 1 61 1 20140619101008 00078
00000209 0107 2014 01 0000062 13 00051 _ 10:30 11:30 _ _ 0 1211 1 61 1 20140619101008 00078
00000209 0107 2014 01 0000063 17 00051 _ 10:30 11:30 _ _ 0 1211 1 61 1 20140619101008 00078
00000209 0107 2014 01 0000064 20 00050 _ 10:30 11:30 _ _ 0 1211 1 61 1 20140619101008 00078
00000209 0107 2014 01 0000065 24 00050 _ 10:30 11:30 _ _ 0 1211 1 61 1 20140619101008 00078
00000209 0107 2014 01 0000066 27 00050 _ 10:30 11:30 _ _ 0 1211 1 61 1 20140619101008 00078
00000209 0107 2014 01 0000067 31 00050 _ 10:30 11:30 _ _ 0 1211 1 61 1 20140619101008 00078
00000209 0107 2014 02 0000068 03 00052 _ 10:30 11:30 _ _ 0 1211 1 61 1 20140619101517 00078
00000209 0107 2014 02 0000069 14 00048 _ 10:30 11:30 _ _ 0 1211 1 61 1 20140619101517 00078
00000209 0107 2014 02 0000070 17 00051 _ 10:30 11:30 _ _ 0 1211 1 61 1 20140619101517 00078
00000209 0107 2014 02 0000071 21 00048 _ 10:30 11:30 _ _ 0 1211 1 61 1 20140619101517 00078
00000209 0107 2014 02 0000072 24 00049 _ 10:30 11:30 _ _ 0 1211 1 61 1 20140619101517 00078
00000209 0107 2014 02 0000073 28 00051 _ 10:30 11:30 _ _ 0 1211 1 61 1 20140619101517 00078
00000209 0107 2014 03 0000074 03 00050 _ 10:30 11:30 _ _ 0 1211 1 61 1 20140619102059 00078
00000209 0107 2014 03 0000075 10 00052 _ 10:30 11:30 _ _ 0 1211 1 61 1 20140619102059 00078
00000209 0107 2014 03 0000076 14 00048 _ 10:30 11:30 _ _ 0 1211 1 61 1 20140619102059 00078
00000209 0107 2014 03 0000077 17 00051 _ 10:30 11:30 _ _ 0 1211 1 61 1 20140619102059 00078
00000209 0107 2014 03 0000078 21 00051 _ 10:30 11:30 _ _ 0 1211 1 61 1 20140619102059 00078
00000209 0107 2014 03 0000079 24 00052 _ 10:30 11:30 _ _ 0 1211 1 61 1 20140619102059 00078
00000209 0107 2014 03 0000080 28 00048 _ 10:30 11:30 _ _ 0 1211 1 61 1 20140619102059 00078
00000209 0107 2014 03 0000081 31 00050 _ 10:30 11:30 _ _ 0 1211 1 61 1 20140619102059 00078
00000209 0107 2014 04 0000082 04 00048 _ 10:30 11:30 _ _ 0 1211 1 61 1 20140619102431 00078
00000209 0107 2014 04 0000083 11 00050 _ 10:30 11:30 _ _ 0 1211 1 61 1 20140619102431 00078
00000209 0107 2014 04 0000084 14 00050 _ 10:30 11:30 _ _ 0 1211 1 61 1 20140619102431 00078
00000209 0107 2014 04 0000085 18 00050 _ 10:30 11:30 _ _ 0 1211 1 61 1 20140619102431 00078
00000209 0107 2014 04 0000086 21 00051 _ 10:30 11:30 _ _ 0 1211 1 61 1 20140619102431 00078
00000209 0107 2014 04 0000087 25 00052 _ 10:30 11:30 _ _ 0 1211 1 61 1 20140619102431 00078
00000209 0107 2014 04 0000088 28 _ _ _ _ _ _ 0 _ 1 61 9 20140619102349 00078
00000209 0107 2014 05 0000089 02 00050 _ 10:30 11:30 _ _ 0 1211 1 61 1 20140819103111 00078
00000209 0107 2014 05 0000090 05 00051 _ 10:30 11:30 _ _ 0 1211 1 61 1 20140819103111 00078
00000209 0107 2014 05 0000091 09 00051 _ 10:30 11:30 _ _ 0 1211 1 61 1 20140819103111 00078
00000209 0107 2014 05 0000092 12 00050 _ 10:30 11:30 _ _ 0 1211 1 61 1 20140819103111 00078
00000209 0107 2014 05 0000093 16 00052 _ 10:30 11:30 _ _ 0 1211 1 61 1 20140819103111 00078
00000209 0107 2014 05 0000094 19 00050 _ 10:30 11:30 _ _ 0 1211 1 61 1 20140819103111 00078
00000209 0107 2014 05 0000095 23 _ _ _ _ _ _ 0 _ 1 61 9 20140624112414 00078
00000209 0107 2014 05 0000096 26 _ _ _ _ _ _ 0 _ 1 61 9 20140624112414 00078
00000209 0107 2014 05 0000097 30 _ _ _ _ _ _ 0 _ 1 61 9 20140624112414 00078
00000209 0107 2014 05 0000098 23 00048 _ 10:30 11:30 _ _ 0 1211 1 61 1 20140819103111 00078
00000209 0107 2014 05 0000099 26 _ _ _ _ _ _ 0 _ 1 61 9 20140819103048 00078
00000209 0107 2014 05 0000100 30 00050 _ 10:30 11:30 _ _ 0 1211 1 61 1 20140819103111 00078
00000209 0107 2014 06 0000002 02 00050 _ 10:30 11:30 _ _ 0 1211 1 61 1 20140701132242 00049
00000209 0107 2014 06 0000003 06 00048 _ 10:30 11:30 _ _ 0 1211 1 61 1 20140701132242 00049
00000209 0107 2014 06 0000004 09 _ _ _ _ _ _ 0 _ 1 61 9 20140701130853 00049
00000209 0107 2014 06 0000005 13 00050 _ 10:30 11:30 _ _ 0 1211 1 61 1 20140701132242 00049
00000209 0107 2014 06 0000006 16 00050 _ 10:30 11:30 _ _ 0 1211 1 61 1 20140701132242 00049
00000209 0107 2014 06 0000007 20 00049 _ 10:30 11:30 _ _ 0 1211 1 61 1 20140701132242 00049
00000209 0107 2014 06 0000008 23 _ _ _ _ _ _ 0 _ 1 61 9 20140701130853 00049
00000209 0107 2014 06 0000009 27 00050 _ 10:30 11:30 _ _ 0 1211 1 61 1 20140701132242 00049
00000209 0107 2014 06 0000010 30 00051 _ 10:30 11:30 _ _ 0 1211 1 61 1 20140701132242 00049
00000209 0107 2014 07 0000011 04 00051 _ 10:30 11:29 _ _ 0 1211 1 61 1 20140802130455 00047
00000209 0107 2014 07 0000012 07 00050 _ 10:30 11:29 _ _ 0 1211 1 61 1 20140802130455 00047
00000209 0107 2014 07 0000013 11 00048 _ 10:30 11:29 _ _ 0 1211 1 61 1 20140802130455 00047
00000209 0107 2014 07 0000014 14 00051 _ 10:30 11:29 _ _ 0 1211 1 61 1 20140802130455 00047
00000209 0107 2014 07 0000015 18 00048 _ 10:30 11:29 _ _ 0 1211 1 61 1 20140802130455 00047
00000209 0107 2014 07 0000016 21 00049 _ 10:30 11:29 _ _ 0 1211 1 61 1 20140802130455 00047
00000209 0107 2014 07 0000017 25 00048 _ 10:30 11:29 _ _ 0 1211 1 61 1 20140802130455 00047
00000209 0107 2014 07 0000018 28 00051 _ 10:30 11:29 _ _ 0 1211 1 61 1 20140802130455 00047
00000209 0107 2014 08 0000019 01 00048 _ 10:30 11:29 _ _ 0 1211 1 61 1 20140831125704 00049
00000209 0107 2014 08 0000020 04 00051 _ 10:30 11:29 _ _ 0 1211 1 61 1 20140831125704 00049
00000209 0107 2014 08 0000021 08 00049 _ 10:30 11:29 _ _ 0 1211 1 61 1 20140831125704 00049
00000209 0107 2014 08 0000022 11 00049 _ 10:30 11:29 _ _ 0 1211 1 61 1 20140831125704 00049
00000209 0107 2014 08 0000023 15 00051 _ 10:30 11:29 _ _ 0 1211 1 61 1 20140831125704 00049
00000209 0107 2014 08 0000024 18 00051 _ 10:30 11:29 _ _ 0 1211 1 61 1 20140831125704 00049
00000209 0107 2014 08 0000025 22 00051 _ 10:30 11:29 _ _ 0 1211 1 61 1 20140831125704 00049
00000209 0107 2014 08 0000026 25 00051 _ 10:30 11:29 _ _ 0 1211 1 61 1 20140831125704 00049
00000209 0107 2014 08 0000027 29 00050 _ 10:30 11:29 _ _ 0 1211 1 61 1 20140831125704 00049
00000209 0107 2014 09 0000028 01 00050 _ 10:30 11:29 _ _ 0 1211 1 61 1 20140930203717 00049
00000209 0107 2014 09 0000029 05 00050 _ 10:30 11:29 _ _ 0 1211 1 61 1 20140930203717 00049
00000209 0107 2014 09 0000030 08 00051 _ 10:30 11:29 _ _ 0 1211 1 61 1 20140930203717 00049
00000209 0107 2014 09 0000031 12 00051 _ 10:30 11:29 _ _ 0 1211 1 61 1 20140930203717 00049
00000209 0107 2014 09 0000032 15 00048 _ 10:30 11:29 _ _ 0 1211 1 61 1 20140930203717 00049
00000209 0107 2014 09 0000033 19 00048 _ 10:30 11:29 _ _ 0 1211 1 61 1 20140930203717 00049
00000209 0107 2014 09 0000034 22 00048 _ 10:30 11:29 _ _ 0 1211 1 61 1 20140930203717 00049
00000209 0107 2014 09 0000035 26 00051 _ 10:30 11:29 _ _ 0 1211 1 61 1 20140930203717 00049
00000209 0107 2014 09 0000036 29 00050 _ 10:30 11:29 _ _ 0 1211 1 61 1 20140930203717 00049
00000209 0107 2014 10 0000037 03 00050 _ 10:30 11:29 _ _ 0 1211 1 61 1 20141031201647 00049
00000209 0107 2014 10 0000038 06 00050 _ 10:30 11:29 _ _ 0 1211 1 61 1 20141031201647 00049
00000209 0107 2014 10 0000039 10 00051 _ 10:30 11:29 _ _ 0 1211 1 61 1 20141031201647 00049
00000209 0107 2014 10 0000040 13 00050 _ 10:30 11:29 _ _ 0 1211 1 61 1 20141031201647 00049
00000209 0107 2014 10 0000041 17 00048 _ 10:30 11:29 _ _ 0 1211 1 61 1 20141031201647 00049
00000209 0107 2014 10 0000042 20 00051 _ 10:30 11:29 _ _ 0 1211 1 61 1 20141031201647 00049
00000209 0107 2014 10 0000043 24 00048 _ 10:30 11:29 _ _ 0 1211 1 61 1 20141031201647 00049
00000209 0107 2014 10 0000044 27 00052 _ 10:30 11:29 _ _ 0 1211 1 61 1 20141031201647 00049
00000209 0107 2014 10 0000045 31 00049 _ 10:30 11:29 _ _ 0 1211 1 61 1 20141031201647 00049
00000209 0107 2014 11 0000046 03 00048 _ 10:30 11:29 _ _ 0 1211 1 61 1 20141201121139 00049
00000209 0107 2014 11 0000047 07 00050 _ 10:30 11:29 _ _ 0 1211 1 61 1 20141201121139 00049
00000209 0107 2014 11 0000048 10 00048 _ 10:30 11:29 _ _ 0 1211 1 61 1 20141201121139 00049
00000209 0107 2014 11 0000049 14 00051 _ 10:30 11:29 _ _ 0 1211 1 61 1 20141201121139 00049
00000209 0107 2014 11 0000050 17 00048 _ 10:30 11:29 _ _ 0 1211 1 61 1 20141201121139 00049
00000209 0107 2014 11 0000051 21 00050 _ 10:30 11:29 _ _ 0 1211 1 61 1 20141201121139 00049
00000209 0107 2014 11 0000052 24 00050 _ 10:30 11:29 _ _ 0 1211 1 61 1 20141201121139 00049
00000209 0107 2014 11 0000053 28 _ _ _ _ _ _ 0 _ 1 61 9 20141129182207 00049
00000209 0107 2014 12 0000054 01 00051 _ 10:30 11:29 _ _ 0 1211 1 61 1 20141210115344 00049
00000209 0107 2014 12 0000055 05 00048 _ 10:30 11:29 _ _ 0 1211 1 61 1 20141210115344 00049
00000209 0107 2014 12 0000056 08 00052 _ 10:30 11:29 _ _ 0 1211 1 61 1 20141210115344 00049
00000209 0107 2014 12 0000057 12 _ _ 10:30 11:29 _ _ 0 1211 1 61 1 20141210115344 00049
00000209 0107 2014 12 0000058 15 _ _ 10:30 11:29 _ _ 0 1211 1 61 1 20141210115344 00049
00000209 0107 2014 12 0000059 19 _ _ 10:30 11:29 _ _ 0 1211 1 61 1 20141210115344 00049
00000209 0107 2014 12 0000060 22 _ _ 10:30 11:29 _ _ 0 1211 1 61 1 20141210115344 00049
00000209 0107 2014 12 0000061 26 _ _ 10:30 11:29 _ _ 0 1211 1 61 1 20141210115344 00049
00000209 0107 2014 12 0000062 29 _ _ 10:30 11:29 _ _ 0 1211 1 61 1 20141210115344 00049
