000001212014071 00000121 2014 07 05 15 2341 09:30 15:30 0317 1 606 0 _ _ 1 1 20141105184439 24
000001212014071 00000121 2014 07 12 15 2341 09:30 15:30 0317 1 606 0 _ _ 1 1 20141105184439 24
000001212014071 00000121 2014 07 19 15 2341 09:30 15:30 0317 1 606 0 _ _ 1 1 20141105184439 24
000001212014071 00000121 2014 07 26 15 2341 09:30 15:30 0317 1 606 0 _ _ 1 1 20141105184439 24
000001212014072 00000121 2014 07 05 15 5052 _ _ 0317 1 50 0 _ _ 1 1 20141105184439 24
000001212014072 00000121 2014 07 12 15 5052 _ _ 0317 1 50 0 _ _ 1 1 20141105184439 24
000001212014072 00000121 2014 07 26 15 5052 _ _ 0317 1 50 0 _ _ 1 1 20141105184439 24
000001212014073 00000121 2014 07 12 15 5301 _ _ 0317 1 50 0 _ _ 1 1 20141105184439 24
000001212014073 00000121 2014 07 19 15 5301 _ _ 0317 1 50 0 _ _ 1 1 20141105184439 24
000001212014073 00000121 2014 07 26 15 5301 _ _ 0317 1 50 0 _ _ 1 1 20141105184439 24
000001212014074 00000121 2014 07 05 15 6102 _ _ 0317 1 6 0 _ _ 1 1 20141105184439 24
000001212014074 00000121 2014 07 12 15 6102 _ _ 0317 1 6 0 _ _ 1 1 20141105184439 24
000001212014074 00000121 2014 07 19 15 6102 _ _ 0317 1 6 0 _ _ 1 1 20141105184439 24
000001212014074 00000121 2014 07 26 15 6102 _ _ 0317 1 6 0 _ _ 1 1 20141105184439 24
000001212014081 00000121 2014 08 02 15 2341 09:30 15:30 0317 1 606 0 _ _ 1 1 20140903193144 11
000001212014081 00000121 2014 08 09 15 2341 09:30 15:30 0317 1 606 0 _ _ 1 1 20140903193144 11
000001212014081 00000121 2014 08 16 15 2341 09:30 15:30 0317 1 606 0 _ _ 1 1 20140903193144 11
000001212014081 00000121 2014 08 23 15 2341 09:30 15:30 0317 1 606 0 _ _ 1 1 20140903193144 11
000001212014081 00000121 2014 08 30 15 2341 09:30 15:30 0317 1 606 0 _ _ 1 1 20140903193144 11
000001212014082 00000121 2014 08 02 15 5052 _ _ 0317 1 50 0 _ _ 1 1 20140903193144 11
000001212014082 00000121 2014 08 09 15 5052 _ _ 0317 1 50 0 _ _ 1 1 20140903193144 11
000001212014082 00000121 2014 08 16 15 5052 _ _ 0317 1 50 0 _ _ 1 1 20140903193144 11
000001212014082 00000121 2014 08 23 15 5052 _ _ 0317 1 50 0 _ _ 1 1 20140903193144 11
000001212014082 00000121 2014 08 30 15 5052 _ _ 0317 1 50 0 _ _ 1 1 20140903193144 11
000001212014083 00000121 2014 08 02 15 5301 _ _ 0317 1 50 0 _ _ 1 1 20140903193144 11
000001212014083 00000121 2014 08 09 15 5301 _ _ 0317 1 50 0 _ _ 1 1 20140903193144 11
000001212014083 00000121 2014 08 16 15 5301 _ _ 0317 1 50 0 _ _ 1 1 20140903193144 11
000001212014083 00000121 2014 08 23 15 5301 _ _ 0317 1 50 0 _ _ 1 1 20140903193144 11
000001212014083 00000121 2014 08 30 15 5301 _ _ 0317 1 50 0 _ _ 1 1 20140903193144 11
000001212014084 00000121 2014 08 02 15 6102 _ _ 0317 1 6 0 _ _ 1 1 20140903193144 11
000001212014084 00000121 2014 08 09 15 6102 _ _ 0317 1 6 0 _ _ 1 1 20140903193144 11
000001212014084 00000121 2014 08 16 15 6102 _ _ 0317 1 6 0 _ _ 1 1 20140903193144 11
000001212014084 00000121 2014 08 23 15 6102 _ _ 0317 1 6 0 _ _ 1 1 20140903193144 11
000001212014084 00000121 2014 08 30 15 6102 _ _ 0317 1 6 0 _ _ 1 1 20140903193144 11
000001212014091 00000121 2014 09 06 15 2341 09:30 15:30 0317 1 606 0 _ _ 1 1 20141003124316 11
000001212014091 00000121 2014 09 13 15 2341 09:30 15:30 0317 1 606 0 _ _ 1 1 20141003124316 11
000001212014091 00000121 2014 09 27 15 2341 09:30 15:30 0317 1 606 0 _ _ 1 1 20141003124316 11
000001212014092 00000121 2014 09 13 15 5052 _ _ 0317 1 50 0 _ _ 1 1 20141003124316 11
000001212014092 00000121 2014 09 27 15 5052 _ _ 0317 1 50 0 _ _ 1 1 20141003124316 11
000001212014093 00000121 2014 09 06 15 5301 _ _ 0317 1 50 0 _ _ 1 1 20141003124316 11
000001212014093 00000121 2014 09 13 15 5301 _ _ 0317 1 50 0 _ _ 1 1 20141003124316 11
000001212014093 00000121 2014 09 27 15 5301 _ _ 0317 1 50 0 _ _ 1 1 20141003124316 11
000001212014094 00000121 2014 09 06 15 6102 _ _ 0317 1 6 0 _ _ 1 1 20141003124316 11
000001212014094 00000121 2014 09 13 15 6102 _ _ 0317 1 6 0 _ _ 1 1 20141003124316 11
000001212014094 00000121 2014 09 27 15 6102 _ _ 0317 1 6 0 _ _ 1 1 20141003124316 11
000001212014101 00000121 2014 10 04 15 2341 09:30 15:30 0317 1 606 0 _ _ 1 1 20141101191550 11
000001212014101 00000121 2014 10 18 15 2341 09:30 15:30 0317 1 606 0 _ _ 1 1 20141101191550 11
000001212014101 00000121 2014 10 25 15 2341 09:30 15:30 0317 1 606 0 _ _ 1 1 20141101191550 11
000001212014102 00000121 2014 10 04 15 5052 _ _ 0317 1 50 0 _ _ 1 1 20141101191550 11
000001212014102 00000121 2014 10 18 15 5052 _ _ 0317 1 50 0 _ _ 1 1 20141101191550 11
000001212014102 00000121 2014 10 25 15 5052 _ _ 0317 1 50 0 _ _ 1 1 20141101191550 11
000001212014103 00000121 2014 10 18 15 5301 _ _ 0317 1 50 0 _ _ 1 1 20141101191550 11
000001212014103 00000121 2014 10 25 15 5301 _ _ 0317 1 50 0 _ _ 1 1 20141101191550 11
000001212014104 00000121 2014 10 04 15 6102 _ _ 0317 1 6 0 _ _ 1 1 20141101191550 11
000001212014104 00000121 2014 10 18 15 6102 _ _ 0317 1 6 0 _ _ 1 1 20141101191550 11
000001212014104 00000121 2014 10 25 15 6102 _ _ 0317 1 6 0 _ _ 1 1 20141101191550 11
000001212014111 00000121 2014 11 08 15 2341 09:30 15:30 0317 1 606 0 _ _ 1 1 20141202220517 11
000001212014111 00000121 2014 11 15 15 2341 09:30 15:30 0317 1 606 0 _ _ 1 1 20141202220517 11
000001212014111 00000121 2014 11 22 15 2341 09:30 15:30 0317 1 606 0 _ _ 1 1 20141202220517 11
000001212014111 00000121 2014 11 29 15 2341 09:30 15:30 0317 1 606 0 _ _ 1 1 20141202220517 11
000001212014112 00000121 2014 11 08 15 5052 _ _ 0317 1 50 0 _ _ 1 1 20141202220517 11
000001212014112 00000121 2014 11 15 15 5052 _ _ 0317 1 50 0 _ _ 1 1 20141202220517 11
000001212014112 00000121 2014 11 22 15 5052 _ _ 0317 1 50 0 _ _ 1 1 20141202220517 11
000001212014112 00000121 2014 11 29 15 5052 _ _ 0317 1 50 0 _ _ 1 1 20141202220517 11
000001212014113 00000121 2014 11 08 15 5301 _ _ 0317 1 50 0 _ _ 1 1 20141202220517 11
000001212014113 00000121 2014 11 15 15 5301 _ _ 0317 1 50 0 _ _ 1 1 20141202220517 11
000001212014113 00000121 2014 11 22 15 5301 _ _ 0317 1 50 0 _ _ 1 1 20141202220517 11
000001212014113 00000121 2014 11 29 15 5301 _ _ 0317 1 50 0 _ _ 1 1 20141202220517 11
000001212014114 00000121 2014 11 08 15 6102 _ _ 0317 1 6 0 _ _ 1 1 20141202220517 11
000001212014114 00000121 2014 11 15 15 6102 _ _ 0317 1 6 0 _ _ 1 1 20141202220517 11
000001212014114 00000121 2014 11 22 15 6102 _ _ 0317 1 6 0 _ _ 1 1 20141202220517 11
000001212014114 00000121 2014 11 29 15 6102 _ _ 0317 1 6 0 _ _ 1 1 20141202220517 11
000001212014121 00000121 2014 12 06 15 2341 09:30 15:30 0317 1 606 0 _ _ 1 1 20141122155201 11
000001212014121 00000121 2014 12 13 15 2341 09:30 15:30 0317 1 606 0 _ _ 1 1 20141122155201 11
000001212014121 00000121 2014 12 20 15 2341 09:30 15:30 0317 1 606 0 _ _ 1 1 20141122155201 11
000001212014121 00000121 2014 12 27 15 2341 09:30 15:30 0317 1 606 0 _ _ 1 1 20141122155201 11
000001212014122 00000121 2014 12 06 15 5052 _ _ 0317 1 50 0 _ _ 1 1 20141122155201 11
000001212014122 00000121 2014 12 13 15 5052 _ _ 0317 1 50 0 _ _ 1 1 20141122155201 11
000001212014122 00000121 2014 12 20 15 5052 _ _ 0317 1 50 0 _ _ 1 1 20141122155201 11
000001212014122 00000121 2014 12 27 15 5052 _ _ 0317 1 50 0 _ _ 1 1 20141122155201 11
000001212014123 00000121 2014 12 06 15 5301 _ _ 0317 1 50 0 _ _ 1 1 20141122155201 11
000001212014123 00000121 2014 12 13 15 5301 _ _ 0317 1 50 0 _ _ 1 1 20141122155201 11
000001212014123 00000121 2014 12 20 15 5301 _ _ 0317 1 50 0 _ _ 1 1 20141122155201 11
000001212014123 00000121 2014 12 27 15 5301 _ _ 0317 1 50 0 _ _ 1 1 20141122155201 11
000001212014124 00000121 2014 12 06 15 6102 _ _ 0317 1 6 0 _ _ 1 1 20141122155201 11
000001212014124 00000121 2014 12 13 15 6102 _ _ 0317 1 6 0 _ _ 1 1 20141122155201 11
000001212014124 00000121 2014 12 20 15 6102 _ _ 0317 1 6 0 _ _ 1 1 20141122155201 11
000001212014124 00000121 2014 12 27 15 6102 _ _ 0317 1 6 0 _ _ 1 1 20141122155201 11
000001212015011 00000121 2015 01 10 15 2341 09:30 15:30 0317 1 606 0 _ _ _ 1 20141206184145 11
000001212015011 00000121 2015 01 17 15 2341 09:30 15:30 0317 1 606 0 _ _ _ 1 20141206184145 11
000001212015011 00000121 2015 01 24 15 2341 09:30 15:30 0317 1 606 0 _ _ _ 1 20141206184145 11
000001212015011 00000121 2015 01 31 15 2341 09:30 15:30 0317 1 606 0 _ _ _ 1 20141206184145 11
000001212015012 00000121 2015 01 10 15 5052 _ _ 0317 1 50 0 _ _ _ 1 20141206184145 11
000001212015012 00000121 2015 01 17 15 5052 _ _ 0317 1 50 0 _ _ _ 1 20141206184145 11
000001212015012 00000121 2015 01 24 15 5052 _ _ 0317 1 50 0 _ _ _ 1 20141206184145 11
000001212015012 00000121 2015 01 31 15 5052 _ _ 0317 1 50 0 _ _ _ 1 20141206184145 11
000001212015013 00000121 2015 01 10 15 5301 _ _ 0317 1 50 0 _ _ _ 1 20141206184145 11
000001212015013 00000121 2015 01 17 15 5301 _ _ 0317 1 50 0 _ _ _ 1 20141206184145 11
000001212015013 00000121 2015 01 24 15 5301 _ _ 0317 1 50 0 _ _ _ 1 20141206184145 11
000001212015013 00000121 2015 01 31 15 5301 _ _ 0317 1 50 0 _ _ _ 1 20141206184145 11
000001212015014 00000121 2015 01 10 15 6102 _ _ 0317 1 6 0 _ _ _ 1 20141206184145 11
000001212015014 00000121 2015 01 17 15 6102 _ _ 0317 1 6 0 _ _ _ 1 20141206184145 11
000001212015014 00000121 2015 01 24 15 6102 _ _ 0317 1 6 0 _ _ _ 1 20141206184145 11
000001212015014 00000121 2015 01 31 15 6102 _ _ 0317 1 6 0 _ _ _ 1 20141206184145 11
