000000482011121 00000048 2011 12 06 61 1111 10:30 10:59 0073 1 1234 0 _ _ 1 1 20141103171332 63
000000482011121 00000048 2011 12 15 61 1111 10:30 10:59 0073 1 1234 0 _ _ 1 1 20141103171332 63
000000482011121 00000048 2011 12 20 61 1111 10:30 10:59 0073 1 1234 0 _ _ 1 1 20141103171332 63
000000482011121 00000048 2011 12 28 61 1111 10:30 10:59 0073 1 1234 0 _ _ 1 1 20141103171332 63
000000482011122 00000048 2011 12 06 61 4001 _ _ 0073 1 200 0 _ _ 1 1 20141103171332 63
000000482012011 00000048 2012 01 07 61 1111 14:30 14:59 0073 1 1234 0 _ _ 1 1 20141021111639 63
000000482012011 00000048 2012 01 14 61 1111 14:30 14:59 0073 1 1234 0 _ _ 1 1 20141021111639 63
000000482012011 00000048 2012 01 21 61 1111 14:30 14:59 0073 1 1234 0 _ _ 1 1 20141021111639 63
000000482012011 00000048 2012 01 28 61 1111 14:30 14:59 0073 1 1234 0 _ _ 1 1 20141021111639 63
000000482012021 00000048 2012 02 01 61 1111 10:00 10:29 0073 1 1234 0 _ _ 1 1 20141021111716 63
000000482012021 00000048 2012 02 08 61 1111 10:00 10:29 0073 1 1234 0 _ _ 1 1 20141021111716 63
000000482012021 00000048 2012 02 15 61 1111 10:00 10:29 0073 1 1234 0 _ _ 1 1 20141021111716 63
000000482012021 00000048 2012 02 22 61 1111 10:00 10:29 0073 1 1234 0 _ _ 1 1 20141021111716 63
000000482012021 00000048 2012 02 29 61 1111 10:00 10:29 0073 1 1234 0 _ _ 1 1 20141021111716 63
000000482012031 00000048 2012 03 07 61 1111 10:00 10:29 0073 1 1234 0 _ _ 1 1 20141021111743 63
000000482012031 00000048 2012 03 14 61 1111 10:00 10:29 0073 1 1234 0 _ _ 1 1 20141021111743 63
000000482012031 00000048 2012 03 21 61 1111 10:00 10:29 0073 1 1234 0 _ _ 1 1 20141021111743 63
000000482012031 00000048 2012 03 28 61 1111 10:00 10:29 0073 1 1234 0 _ _ 1 1 20141021111743 63
000000482014061 00000048 2014 06 02 65 1121 09:00 12:10 0061 1 4236 0 _ _ 1 1 20140703200829 24
000000482014061 00000048 2014 06 06 65 1121 09:00 12:10 0061 1 4236 0 _ _ 1 1 20140703200829 24
000000482014061 00000048 2014 06 09 65 1121 09:00 12:10 0061 1 4236 0 _ _ 1 1 20140703200829 24
000000482014061 00000048 2014 06 13 65 1121 09:00 12:10 0061 1 4236 0 _ _ 1 1 20140703200829 24
000000482014061 00000048 2014 06 16 65 1121 09:00 12:10 0061 1 4236 0 _ _ 1 1 20140703200829 24
000000482014061 00000048 2014 06 20 65 1121 09:00 12:10 0061 1 4236 0 _ _ 1 1 20140703200829 24
000000482014061 00000048 2014 06 23 65 1121 09:00 12:10 0061 1 4236 0 _ _ 1 1 20140703200829 24
000000482014061 00000048 2014 06 27 65 1121 09:00 12:10 0061 1 4236 0 _ _ 1 1 20140703200829 24
000000482014061 00000048 2014 06 30 65 1121 09:00 12:10 0061 1 4236 0 _ _ 1 1 20140703200829 24
000000482014062 00000048 2014 06 02 65 5002 _ _ 0061 1 225 0 _ _ 1 1 20140703200829 24
000000482014062 00000048 2014 06 06 65 5002 _ _ 0061 1 225 0 _ _ 1 1 20140703200829 24
000000482014062 00000048 2014 06 09 65 5002 _ _ 0061 1 225 0 _ _ 1 1 20140703200829 24
000000482014062 00000048 2014 06 13 65 5002 _ _ 0061 1 225 0 _ _ 1 1 20140703200829 24
000000482014062 00000048 2014 06 16 65 5002 _ _ 0061 1 225 0 _ _ 1 1 20140703200829 24
000000482014062 00000048 2014 06 20 65 5002 _ _ 0061 1 225 0 _ _ 1 1 20140703200829 24
000000482014062 00000048 2014 06 23 65 5002 _ _ 0061 1 225 0 _ _ 1 1 20140703200829 24
000000482014062 00000048 2014 06 27 65 5002 _ _ 0061 1 225 0 _ _ 1 1 20140703200829 24
000000482014062 00000048 2014 06 30 65 5002 _ _ 0061 1 225 0 _ _ 1 1 20140703200829 24
000000482014063 00000048 2014 06 05 61 1211 09:00 09:59 0073 1 2452 0 _ _ 1 1 20140703200829 24
000000482014063 00000048 2014 06 12 61 1211 09:00 09:59 0073 1 2452 0 _ _ 1 1 20140703200829 24
000000482014063 00000048 2014 06 19 61 1211 09:00 09:59 0073 1 2452 0 _ _ 1 1 20140703200829 24
000000482014063 00000048 2014 06 26 61 1211 09:00 09:59 0073 1 2452 0 _ _ 1 1 20140703200829 24
000000482014064 00000048 2014 06 02 61 1211 13:15 14:14 0073 1 2452 0 _ _ 1 1 20140703200829 24
000000482014064 00000048 2014 06 09 61 1211 13:15 14:14 0073 1 2452 0 _ _ 1 1 20140703200829 24
000000482014064 00000048 2014 06 16 61 1211 13:15 14:14 0073 1 2452 0 _ _ 1 1 20140703200829 24
000000482014064 00000048 2014 06 23 61 1211 13:15 14:14 0073 1 2452 0 _ _ 1 1 20140703200829 24
000000482014064 00000048 2014 06 30 61 1211 13:15 14:14 0073 1 2452 0 _ _ 1 1 20140703200829 24
000000482014065 00000048 2014 06 01 67 1007 _ _ 0038 1 300 0 _ _ 1 1 20140703200829 24
000000482014071 00000048 2014 07 04 65 1121 09:00 12:10 0061 1 4236 0 _ _ 1 1 20140801183149 24
000000482014071 00000048 2014 07 07 65 1121 09:00 12:10 0061 1 4236 0 _ _ 1 1 20140801183149 24
000000482014071 00000048 2014 07 11 65 1121 09:00 12:10 0061 1 4236 0 _ _ 1 1 20140801183149 24
000000482014071 00000048 2014 07 14 65 1121 09:00 12:10 0061 1 4236 0 _ _ 1 1 20140801183149 24
000000482014071 00000048 2014 07 18 65 1121 09:00 12:10 0061 1 4236 0 _ _ 1 1 20140801183149 24
000000482014071 00000048 2014 07 21 65 1121 09:00 12:10 0061 1 4236 0 _ _ 1 1 20140801183149 24
000000482014071 00000048 2014 07 25 65 1121 09:00 12:10 0061 1 4236 0 _ _ 1 1 20140801183149 24
000000482014071 00000048 2014 07 28 65 1121 09:00 12:10 0061 1 4236 0 _ _ 1 1 20140801183149 24
000000482014072 00000048 2014 07 04 65 5002 _ _ 0061 1 225 0 _ _ 1 1 20140801183149 24
000000482014072 00000048 2014 07 07 65 5002 _ _ 0061 1 225 0 _ _ 1 1 20140801183149 24
000000482014072 00000048 2014 07 11 65 5002 _ _ 0061 1 225 0 _ _ 1 1 20140801183149 24
000000482014072 00000048 2014 07 14 65 5002 _ _ 0061 1 225 0 _ _ 1 1 20140801183149 24
000000482014072 00000048 2014 07 18 65 5002 _ _ 0061 1 225 0 _ _ 1 1 20140801183149 24
000000482014072 00000048 2014 07 21 65 5002 _ _ 0061 1 225 0 _ _ 1 1 20140801183149 24
000000482014072 00000048 2014 07 25 65 5002 _ _ 0061 1 225 0 _ _ 1 1 20140801183149 24
000000482014072 00000048 2014 07 28 65 5002 _ _ 0061 1 225 0 _ _ 1 1 20140801183149 24
000000482014073 00000048 2014 07 03 61 1211 09:00 09:59 0073 1 2452 0 _ _ 1 1 20140801183149 24
000000482014073 00000048 2014 07 10 61 1211 09:00 09:59 0073 1 2452 0 _ _ 1 1 20140801183149 24
000000482014073 00000048 2014 07 17 61 1211 09:00 09:59 0073 1 2452 0 _ _ 1 1 20140801183149 24
000000482014073 00000048 2014 07 24 61 1211 09:00 09:59 0073 1 2452 0 _ _ 1 1 20140801183149 24
000000482014073 00000048 2014 07 31 61 1211 09:00 09:59 0073 1 2452 0 _ _ 1 1 20140801183149 24
000000482014074 00000048 2014 07 07 61 1211 13:15 14:14 0073 1 2452 0 _ _ 1 1 20140801183149 24
000000482014074 00000048 2014 07 14 61 1211 13:15 14:14 0073 1 2452 0 _ _ 1 1 20140801183149 24
000000482014074 00000048 2014 07 21 61 1211 13:15 14:14 0073 1 2452 0 _ _ 1 1 20140801183149 24
000000482014074 00000048 2014 07 28 61 1211 13:15 14:14 0073 1 2452 0 _ _ 1 1 20140801183149 24
000000482014075 00000048 2014 07 01 67 1007 _ _ 0038 1 300 0 _ _ 1 1 20140801183149 24
000000482014081 00000048 2014 08 04 65 1121 09:00 12:10 0061 1 4236 0 _ _ 1 1 20140805192516 24
000000482014081 00000048 2014 08 11 65 1121 09:00 12:10 0061 1 4236 0 _ _ 1 1 20140805192516 24
000000482014081 00000048 2014 08 18 65 1121 09:00 12:10 0061 1 4236 0 _ _ 1 1 20140805192516 24
000000482014081 00000048 2014 08 25 65 1121 09:00 12:10 0061 1 4236 0 _ _ 1 1 20140805192516 24
000000482014082 00000048 2014 08 01 65 1121 13:50 17:00 0061 1 4236 0 _ _ 1 1 20140805192516 24
000000482014082 00000048 2014 08 08 65 1121 13:50 17:00 0061 1 4236 0 _ _ 1 1 20140805192516 24
000000482014082 00000048 2014 08 15 65 1121 13:50 17:00 0061 1 4236 0 _ _ 1 1 20140805192516 24
000000482014082 00000048 2014 08 22 65 1121 13:50 17:00 0061 1 4236 0 _ _ 1 1 20140805192516 24
000000482014082 00000048 2014 08 29 65 1121 13:50 17:00 0061 1 4236 0 _ _ 1 1 20140805192516 24
000000482014083 00000048 2014 08 01 65 5002 _ _ 0061 1 225 0 _ _ 1 1 20140805192516 24
000000482014084 00000048 2014 08 07 61 1211 09:00 09:59 0073 1 2452 0 _ _ 1 1 20140805192516 24
000000482014084 00000048 2014 08 14 61 1211 09:00 09:59 0073 1 2452 0 _ _ 1 1 20140805192516 24
000000482014084 00000048 2014 08 21 61 1211 09:00 09:59 0073 1 2452 0 _ _ 1 1 20140805192516 24
000000482014084 00000048 2014 08 28 61 1211 09:00 09:59 0073 1 2452 0 _ _ 1 1 20140805192516 24
000000482014085 00000048 2014 08 04 61 1211 13:15 14:14 0073 1 2452 0 _ _ 1 1 20140805192516 24
000000482014085 00000048 2014 08 11 61 1211 13:15 14:14 0073 1 2452 0 _ _ 1 1 20140805192516 24
000000482014085 00000048 2014 08 18 61 1211 13:15 14:14 0073 1 2452 0 _ _ 1 1 20140805192516 24
000000482014085 00000048 2014 08 25 61 1211 13:15 14:14 0073 1 2452 0 _ _ 1 1 20140805192516 24
000000482014086 00000048 2014 08 01 67 1007 _ _ 0038 1 300 0 _ _ 1 1 20140805192516 24
000000482014091 00000048 2014 09 01 65 1121 09:00 12:10 0061 1 4236 0 _ _ 1 1 20140817143956 24
000000482014091 00000048 2014 09 08 65 1121 09:00 12:10 0061 1 4236 0 _ _ 1 1 20140817143956 24
000000482014091 00000048 2014 09 22 65 1121 09:00 12:10 0061 1 4236 0 _ _ 1 1 20140817143956 24
000000482014091 00000048 2014 09 29 65 1121 09:00 12:10 0061 1 4236 0 _ _ 1 1 20140817143956 24
000000482014092 00000048 2014 09 05 65 1121 13:50 17:00 0061 1 4236 0 _ _ 1 1 20140817143956 24
000000482014092 00000048 2014 09 12 65 1121 13:50 17:00 0061 1 4236 0 _ _ 1 1 20140817143956 24
000000482014092 00000048 2014 09 19 65 1121 13:50 17:00 0061 1 4236 0 _ _ 1 1 20140817143956 24
000000482014092 00000048 2014 09 26 65 1121 13:50 17:00 0061 1 4236 0 _ _ 1 1 20140817143956 24
000000482014093 00000048 2014 09 01 65 5002 _ _ 0061 1 225 0 _ _ 1 1 20140817143956 24
000000482014093 00000048 2014 09 05 65 5002 _ _ 0061 1 225 0 _ _ 1 1 20140817143956 24
000000482014093 00000048 2014 09 08 65 5002 _ _ 0061 1 225 0 _ _ 1 1 20140817143956 24
000000482014093 00000048 2014 09 12 65 5002 _ _ 0061 1 225 0 _ _ 1 1 20140817143956 24
000000482014093 00000048 2014 09 19 65 5002 _ _ 0061 1 225 0 _ _ 1 1 20140817143956 24
000000482014093 00000048 2014 09 22 65 5002 _ _ 0061 1 225 0 _ _ 1 1 20140817143956 24
000000482014093 00000048 2014 09 26 65 5002 _ _ 0061 1 225 0 _ _ 1 1 20140817143956 24
000000482014094 00000048 2014 09 04 61 1211 09:00 09:59 0073 1 2452 0 _ _ 1 1 20140817143956 24
000000482014094 00000048 2014 09 11 61 1211 09:00 09:59 0073 1 2452 0 _ _ 1 1 20140817143956 24
000000482014094 00000048 2014 09 18 61 1211 09:00 09:59 0073 1 2452 0 _ _ 1 1 20140817143956 24
000000482014094 00000048 2014 09 25 61 1211 09:00 09:59 0073 1 2452 0 _ _ 1 1 20140817143956 24
000000482014095 00000048 2014 09 01 61 1211 13:15 14:14 0073 1 2452 0 _ _ 1 1 20140817143956 24
000000482014095 00000048 2014 09 08 61 1211 13:15 14:14 0073 1 2452 0 _ _ 1 1 20140817143956 24
000000482014095 00000048 2014 09 15 61 1211 13:15 14:14 0073 1 2452 0 _ _ 1 1 20140817143956 24
000000482014095 00000048 2014 09 22 61 1211 13:15 14:14 0073 1 2452 0 _ _ 1 1 20140817143956 24
000000482014095 00000048 2014 09 29 61 1211 13:15 14:14 0073 1 2452 0 _ _ 1 1 20140817143956 24
000000482014096 00000048 2014 09 01 67 1007 _ _ 0038 1 300 0 _ _ 1 1 20140817143956 24
