00000319 20140723 前立腺肥大症 1 _ 1 20140723173119 00014
00000319 20140723 右肺中葉切除術 1 既往 1 20140723173119 00014
00000319 20140723 急性肝炎（B型） 1 完治 1 20140723173119 00014
00000319 20140723 慢性心不全 1 H24 1 20140723173119 00014
00000319 20140723 慢性心房細動 1 _ 1 20140723173119 00014
00000319 20140723 甲状腺機能低下症 1 H26 1 20140723173119 00014
00000319 20140723 白内障（両目） 1 既往 1 20140723173119 00014
00000319 20140723 緑内障 1 _ 1 20140723173119 00014
00000319 20140723 脊柱管狭窄症 1 _ 1 20140723173119 00014
00000319 20140723 逆流性食道炎 1 _ 1 20140723173119 00014
00000319 20140723 陳旧性腰椎圧迫骨折 1 _ 1 20140723173119 00014
00000319 20140723 骨粗鬆症 1 _ 1 20140723173119 00014
