000003122014041 00000312 2014 04 18 13 1211 1 15:00 15:59 0023 1 834 0 _ _ 1 20140904160819 24
000003122014041 00000312 2014 04 22 13 1211 1 15:00 15:59 0023 1 834 0 _ _ 1 20140904160819 24
000003122014041 00000312 2014 04 25 13 1211 1 15:00 15:59 0023 1 834 0 _ _ 1 20140904160819 24
000003122014042 00000312 2014 04 18 13 4002 1 _ _ 0023 1 300 0 _ _ 1 20140904160819 24
000003122014043 00000312 2014 04 18 13 6101 1 _ _ 0023 1 6 0 _ _ 1 20140904160819 24
000003122014043 00000312 2014 04 22 13 6101 1 _ _ 0023 1 6 0 _ _ 1 20140904160819 24
000003122014043 00000312 2014 04 25 13 6101 1 _ _ 0023 1 6 0 _ _ 1 20140904160819 24
000003122014044 00000312 2014 04 01 63 1211 1 15:00 15:59 0024 1 834 0 _ _ 1 20140904160819 24
000003122014044 00000312 2014 04 04 63 1211 1 15:00 15:59 0024 1 834 0 _ _ 1 20140904160819 24
000003122014044 00000312 2014 04 08 63 1211 1 15:00 15:59 0024 1 834 0 _ _ 1 20140904160819 24
000003122014044 00000312 2014 04 11 63 1211 1 15:00 15:59 0024 1 834 0 _ _ 1 20140904160819 24
000003122014044 00000312 2014 04 15 63 1211 1 15:00 15:59 0024 1 834 0 _ _ 1 20140904160819 24
000003122014045 00000312 2014 04 01 63 6101 1 _ _ 0024 1 6 0 _ _ 1 20140904160819 24
000003122014045 00000312 2014 04 04 63 6101 1 _ _ 0024 1 6 0 _ _ 1 20140904160819 24
000003122014045 00000312 2014 04 08 63 6101 1 _ _ 0024 1 6 0 _ _ 1 20140904160819 24
000003122014045 00000312 2014 04 11 63 6101 1 _ _ 0024 1 6 0 _ _ 1 20140904160819 24
000003122014045 00000312 2014 04 15 63 6101 1 _ _ 0024 1 6 0 _ _ 1 20140904160819 24
000003122014046 00000312 2014 04 18 11 7311 1 10:00 10:59 0054 1 236 0 _ _ 1 20140904160819 24
000003122014046 00000312 2014 04 22 11 7311 1 10:00 10:59 0054 1 236 0 _ _ 1 20140904160819 24
000003122014046 00000312 2014 04 25 11 7311 1 10:00 10:59 0054 1 236 0 _ _ 1 20140904160819 24
000003122014046 00000312 2014 04 29 11 7311 1 10:00 10:59 0054 1 236 0 _ _ 1 20140904160819 24
000003122014047 00000312 2014 04 01 61 2211 1 10:00 10:59 0055 1 81 0 _ _ 1 20140904160819 24
000003122014047 00000312 2014 04 02 61 2211 1 10:00 10:59 0055 1 81 0 _ _ 1 20140904160819 24
000003122014047 00000312 2014 04 03 61 2211 1 10:00 10:59 0055 1 81 0 _ _ 1 20140904160819 24
000003122014047 00000312 2014 04 04 61 2211 1 10:00 10:59 0055 1 81 0 _ _ 1 20140904160819 24
000003122014047 00000312 2014 04 05 61 2211 1 10:00 10:59 0055 1 81 0 _ _ 1 20140904160819 24
000003122014047 00000312 2014 04 06 61 2211 1 10:00 10:59 0055 1 81 0 _ _ 1 20140904160819 24
000003122014047 00000312 2014 04 07 61 2211 1 10:00 10:59 0055 1 81 0 _ _ 1 20140904160819 24
000003122014047 00000312 2014 04 08 61 2211 1 10:00 10:59 0055 1 81 0 _ _ 1 20140904160819 24
000003122014047 00000312 2014 04 09 61 2211 1 10:00 10:59 0055 1 81 0 _ _ 1 20140904160819 24
000003122014047 00000312 2014 04 10 61 2211 1 10:00 10:59 0055 1 81 0 _ _ 1 20140904160819 24
000003122014047 00000312 2014 04 11 61 2211 1 10:00 10:59 0055 1 81 0 _ _ 1 20140904160819 24
000003122014047 00000312 2014 04 12 61 2211 1 10:00 10:59 0055 1 81 0 _ _ 1 20140904160819 24
000003122014047 00000312 2014 04 13 61 2211 1 10:00 10:59 0055 1 81 0 _ _ 1 20140904160819 24
000003122014047 00000312 2014 04 14 61 2211 1 10:00 10:59 0055 1 81 0 _ _ 1 20140904160819 24
000003122014047 00000312 2014 04 15 61 2211 1 10:00 10:59 0055 1 81 0 _ _ 1 20140904160819 24
000003122014047 00000312 2014 04 16 61 2211 1 10:00 10:59 0055 1 81 0 _ _ 1 20140904160819 24
000003122014048 00000312 2014 04 01 17 1009 1 _ _ 0321 1 308 0 _ _ 1 20140904160819 24
000003122014051 00000312 2014 05 02 13 1211 1 15:00 15:59 0023 1 834 0 _ _ 1 20140702163319 88
000003122014051 00000312 2014 05 09 13 1211 1 15:00 15:59 0023 1 834 0 _ _ 1 20140702163319 88
000003122014051 00000312 2014 05 16 13 1211 1 15:00 15:59 0023 1 834 0 _ _ 1 20140702163319 88
000003122014051 00000312 2014 05 20 13 1211 1 15:00 15:59 0023 1 834 0 _ _ 1 20140702163319 88
000003122014051 00000312 2014 05 23 13 1211 1 15:00 15:59 0023 1 834 0 _ _ 1 20140702163319 88
000003122014051 00000312 2014 05 27 13 1211 1 15:00 15:59 0023 1 834 0 _ _ 1 20140702163319 88
000003122014051 00000312 2014 05 30 13 1211 1 15:00 15:59 0023 1 834 0 _ _ 1 20140702163319 88
000003122014052 00000312 2014 05 13 13 1311 1 15:00 16:29 0023 1 1144 0 _ _ 1 20140702163319 88
000003122014053 00000312 2014 05 02 13 6101 1 _ _ 0023 1 6 0 _ _ 1 20140702163319 88
000003122014053 00000312 2014 05 09 13 6101 1 _ _ 0023 1 6 0 _ _ 1 20140702163319 88
000003122014053 00000312 2014 05 13 13 6101 1 _ _ 0023 1 6 0 _ _ 1 20140702163319 88
000003122014053 00000312 2014 05 16 13 6101 1 _ _ 0023 1 6 0 _ _ 1 20140702163319 88
000003122014053 00000312 2014 05 20 13 6101 1 _ _ 0023 1 6 0 _ _ 1 20140702163319 88
000003122014053 00000312 2014 05 23 13 6101 1 _ _ 0023 1 6 0 _ _ 1 20140702163319 88
000003122014053 00000312 2014 05 27 13 6101 1 _ _ 0023 1 6 0 _ _ 1 20140702163319 88
000003122014053 00000312 2014 05 30 13 6101 1 _ _ 0023 1 6 0 _ _ 1 20140702163319 88
000003122014054 00000312 2014 05 02 11 7311 1 10:00 10:59 0054 1 236 0 _ _ 1 20140702163319 88
000003122014054 00000312 2014 05 06 11 7311 1 10:00 10:59 0054 1 236 0 _ _ 1 20140702163319 88
000003122014054 00000312 2014 05 09 11 7311 1 10:00 10:59 0054 1 236 0 _ _ 1 20140702163319 88
000003122014054 00000312 2014 05 13 11 7311 1 10:00 10:59 0054 1 236 0 _ _ 1 20140702163319 88
000003122014054 00000312 2014 05 16 11 7311 1 10:00 10:59 0054 1 236 0 _ _ 1 20140702163319 88
000003122014054 00000312 2014 05 20 11 7311 1 10:00 10:59 0054 1 236 0 _ _ 1 20140702163319 88
000003122014054 00000312 2014 05 23 11 7311 1 10:00 10:59 0054 1 236 0 _ _ 1 20140702163319 88
000003122014054 00000312 2014 05 27 11 7311 1 10:00 10:59 0054 1 236 0 _ _ 1 20140702163319 88
000003122014054 00000312 2014 05 30 11 7311 1 10:00 10:59 0054 1 236 0 _ _ 1 20140702163319 88
000003122014055 00000312 2014 05 01 17 1009 1 _ _ 0321 1 308 0 _ _ 1 20140702163319 88
000003122014061 00000312 2014 06 03 13 1211 1 15:00 15:59 0023 1 834 0 _ _ 1 20140703170529 88
000003122014061 00000312 2014 06 06 13 1211 1 15:00 15:59 0023 1 834 0 _ _ 1 20140703170529 88
000003122014061 00000312 2014 06 10 13 1211 1 15:00 15:59 0023 1 834 0 _ _ 1 20140703170529 88
000003122014061 00000312 2014 06 13 13 1211 1 15:00 15:59 0023 1 834 0 _ _ 1 20140703170529 88
000003122014061 00000312 2014 06 17 13 1211 1 15:00 15:59 0023 1 834 0 _ _ 1 20140703170529 88
000003122014061 00000312 2014 06 20 13 1211 1 15:00 15:59 0023 1 834 0 _ _ 1 20140703170529 88
000003122014061 00000312 2014 06 24 13 1211 1 15:00 15:59 0023 1 834 0 _ _ 1 20140703170529 88
000003122014061 00000312 2014 06 27 13 1211 1 15:00 15:59 0023 1 834 0 _ _ 1 20140703170529 88
000003122014062 00000312 2014 06 03 13 6101 1 _ _ 0023 1 6 0 _ _ 1 20140703170529 88
000003122014062 00000312 2014 06 06 13 6101 1 _ _ 0023 1 6 0 _ _ 1 20140703170529 88
000003122014062 00000312 2014 06 10 13 6101 1 _ _ 0023 1 6 0 _ _ 1 20140703170529 88
000003122014062 00000312 2014 06 13 13 6101 1 _ _ 0023 1 6 0 _ _ 1 20140703170529 88
000003122014062 00000312 2014 06 17 13 6101 1 _ _ 0023 1 6 0 _ _ 1 20140703170529 88
000003122014062 00000312 2014 06 20 13 6101 1 _ _ 0023 1 6 0 _ _ 1 20140703170529 88
000003122014062 00000312 2014 06 24 13 6101 1 _ _ 0023 1 6 0 _ _ 1 20140703170529 88
000003122014062 00000312 2014 06 27 13 6101 1 _ _ 0023 1 6 0 _ _ 1 20140703170529 88
000003122014063 00000312 2014 06 03 11 7311 1 10:00 10:59 0054 1 236 0 _ _ 1 20140703170529 88
000003122014063 00000312 2014 06 06 11 7311 1 10:00 10:59 0054 1 236 0 _ _ 1 20140703170529 88
000003122014063 00000312 2014 06 10 11 7311 1 10:00 10:59 0054 1 236 0 _ _ 1 20140703170529 88
000003122014063 00000312 2014 06 13 11 7311 1 10:00 10:59 0054 1 236 0 _ _ 1 20140703170529 88
000003122014063 00000312 2014 06 17 11 7311 1 10:00 10:59 0054 1 236 0 _ _ 1 20140703170529 88
000003122014063 00000312 2014 06 20 11 7311 1 10:00 10:59 0054 1 236 0 _ _ 1 20140703170529 88
000003122014063 00000312 2014 06 24 11 7311 1 10:00 10:59 0054 1 236 0 _ _ 1 20140703170529 88
000003122014063 00000312 2014 06 27 11 7311 1 10:00 10:59 0054 1 236 0 _ _ 1 20140703170529 88
000003122014064 00000312 2014 06 01 17 1009 1 _ _ 0321 1 308 0 _ _ 1 20140703170529 88
000003122014071 00000312 2014 07 01 13 1211 1 11:00 11:59 0023 1 834 0 _ _ 1 20140804184057 24
000003122014071 00000312 2014 07 08 13 1211 1 11:00 11:59 0023 1 834 0 _ _ 1 20140804184057 24
000003122014071 00000312 2014 07 15 13 1211 1 11:00 11:59 0023 1 834 0 _ _ 1 20140804184057 24
000003122014071 00000312 2014 07 22 13 1211 1 11:00 11:59 0023 1 834 0 _ _ 1 20140804184057 24
000003122014071 00000312 2014 07 29 13 1211 1 11:00 11:59 0023 1 834 0 _ _ 1 20140804184057 24
000003122014072 00000312 2014 07 04 13 1211 1 15:00 15:59 0023 1 834 0 _ _ 1 20140804184057 24
000003122014072 00000312 2014 07 11 13 1211 1 15:00 15:59 0023 1 834 0 _ _ 1 20140804184057 24
000003122014072 00000312 2014 07 18 13 1211 1 15:00 15:59 0023 1 834 0 _ _ 1 20140804184057 24
000003122014072 00000312 2014 07 25 13 1211 1 15:00 15:59 0023 1 834 0 _ _ 1 20140804184057 24
000003122014073 00000312 2014 07 01 13 6101 1 _ _ 0023 1 6 0 _ _ 1 20140804184057 24
000003122014073 00000312 2014 07 04 13 6101 1 _ _ 0023 1 6 0 _ _ 1 20140804184057 24
000003122014073 00000312 2014 07 08 13 6101 1 _ _ 0023 1 6 0 _ _ 1 20140804184057 24
000003122014073 00000312 2014 07 11 13 6101 1 _ _ 0023 1 6 0 _ _ 1 20140804184057 24
000003122014073 00000312 2014 07 15 13 6101 1 _ _ 0023 1 6 0 _ _ 1 20140804184057 24
000003122014073 00000312 2014 07 18 13 6101 1 _ _ 0023 1 6 0 _ _ 1 20140804184057 24
000003122014073 00000312 2014 07 22 13 6101 1 _ _ 0023 1 6 0 _ _ 1 20140804184057 24
000003122014073 00000312 2014 07 25 13 6101 1 _ _ 0023 1 6 0 _ _ 1 20140804184057 24
000003122014073 00000312 2014 07 29 13 6101 1 _ _ 0023 1 6 0 _ _ 1 20140804184057 24
000003122014074 00000312 2014 07 22 11 7311 1 09:30 10:29 0054 1 236 0 _ _ 1 20140804184057 24
000003122014075 00000312 2014 07 01 11 7311 1 10:00 10:59 0054 1 236 0 _ _ 1 20140804184057 24
000003122014075 00000312 2014 07 04 11 7311 1 10:00 10:59 0054 1 236 0 _ _ 1 20140804184057 24
000003122014075 00000312 2014 07 08 11 7311 1 10:00 10:59 0054 1 236 0 _ _ 1 20140804184057 24
000003122014075 00000312 2014 07 11 11 7311 1 10:00 10:59 0054 1 236 0 _ _ 1 20140804184057 24
000003122014075 00000312 2014 07 14 11 7311 1 10:00 10:59 0054 1 236 0 _ _ 1 20140804184057 24
000003122014075 00000312 2014 07 15 11 7311 1 10:00 10:59 0054 1 236 0 _ _ 1 20140804184057 24
000003122014075 00000312 2014 07 18 11 7311 1 10:00 10:59 0054 1 236 0 _ _ 1 20140804184057 24
000003122014075 00000312 2014 07 25 11 7311 1 10:00 10:59 0054 1 236 0 _ _ 1 20140804184057 24
000003122014075 00000312 2014 07 28 11 7311 1 10:00 10:59 0054 1 236 0 _ _ 1 20140804184057 24
000003122014075 00000312 2014 07 29 11 7311 1 10:00 10:59 0054 1 236 0 _ _ 1 20140804184057 24
000003122014076 00000312 2014 07 16 11 7311 1 11:50 12:49 0054 1 236 0 _ _ 1 20140804184057 24
000003122014076 00000312 2014 07 23 11 7311 1 11:50 12:49 0054 1 236 0 _ _ 1 20140804184057 24
000003122014076 00000312 2014 07 30 11 7311 1 11:50 12:49 0054 1 236 0 _ _ 1 20140804184057 24
000003122014077 00000312 2014 07 01 17 1009 1 _ _ 0321 1 308 0 _ _ 1 20140804184057 24
000003122014081 00000312 2014 08 05 13 1211 1 11:00 11:59 0023 1 834 0 _ _ 1 20140904162746 88
000003122014081 00000312 2014 08 12 13 1211 1 11:00 11:59 0023 1 834 0 _ _ 1 20140904162746 88
000003122014081 00000312 2014 08 19 13 1211 1 11:00 11:59 0023 1 834 0 _ _ 1 20140904162746 88
000003122014081 00000312 2014 08 26 13 1211 1 11:00 11:59 0023 1 834 0 _ _ 1 20140904162746 88
000003122014082 00000312 2014 08 01 13 1211 1 15:00 15:59 0023 1 834 0 _ _ 1 20140904162746 88
000003122014082 00000312 2014 08 08 13 1211 1 15:00 15:59 0023 1 834 0 _ _ 1 20140904162746 88
000003122014082 00000312 2014 08 15 13 1211 1 15:00 15:59 0023 1 834 0 _ _ 1 20140904162746 88
000003122014082 00000312 2014 08 22 13 1211 1 15:00 15:59 0023 1 834 0 _ _ 1 20140904162746 88
000003122014082 00000312 2014 08 29 13 1211 1 15:00 15:59 0023 1 834 0 _ _ 1 20140904162746 88
000003122014083 00000312 2014 08 01 13 6101 1 _ _ 0023 1 6 0 _ _ 1 20140904162746 88
000003122014083 00000312 2014 08 05 13 6101 1 _ _ 0023 1 6 0 _ _ 1 20140904162746 88
000003122014083 00000312 2014 08 08 13 6101 1 _ _ 0023 1 6 0 _ _ 1 20140904162746 88
000003122014083 00000312 2014 08 12 13 6101 1 _ _ 0023 1 6 0 _ _ 1 20140904162746 88
000003122014083 00000312 2014 08 15 13 6101 1 _ _ 0023 1 6 0 _ _ 1 20140904162746 88
000003122014083 00000312 2014 08 19 13 6101 1 _ _ 0023 1 6 0 _ _ 1 20140904162746 88
000003122014083 00000312 2014 08 22 13 6101 1 _ _ 0023 1 6 0 _ _ 1 20140904162746 88
000003122014083 00000312 2014 08 26 13 6101 1 _ _ 0023 1 6 0 _ _ 1 20140904162746 88
000003122014083 00000312 2014 08 29 13 6101 1 _ _ 0023 1 6 0 _ _ 1 20140904162746 88
000003122014084 00000312 2014 08 06 11 7311 1 09:30 10:29 0054 1 236 0 _ _ 1 20140904162746 88
000003122014085 00000312 2014 08 01 11 7311 1 10:00 10:59 0054 1 236 0 _ _ 1 20140904162746 88
000003122014085 00000312 2014 08 04 11 7311 1 10:00 10:59 0054 1 236 0 _ _ 1 20140904162746 88
000003122014085 00000312 2014 08 05 11 7311 1 10:00 10:59 0054 1 236 0 _ _ 1 20140904162746 88
000003122014085 00000312 2014 08 08 11 7311 1 10:00 10:59 0054 1 236 0 _ _ 1 20140904162746 88
000003122014085 00000312 2014 08 11 11 7311 1 10:00 10:59 0054 1 236 0 _ _ 1 20140904162746 88
000003122014085 00000312 2014 08 12 11 7311 1 10:00 10:59 0054 1 236 0 _ _ 1 20140904162746 88
000003122014085 00000312 2014 08 15 11 7311 1 10:00 10:59 0054 1 236 0 _ _ 1 20140904162746 88
000003122014085 00000312 2014 08 18 11 7311 1 10:00 10:59 0054 1 236 0 _ _ 1 20140904162746 88
000003122014085 00000312 2014 08 19 11 7311 1 10:00 10:59 0054 1 236 0 _ _ 1 20140904162746 88
000003122014085 00000312 2014 08 22 11 7311 1 10:00 10:59 0054 1 236 0 _ _ 1 20140904162746 88
000003122014085 00000312 2014 08 25 11 7311 1 10:00 10:59 0054 1 236 0 _ _ 1 20140904162746 88
000003122014085 00000312 2014 08 26 11 7311 1 10:00 10:59 0054 1 236 0 _ _ 1 20140904162746 88
000003122014085 00000312 2014 08 29 11 7311 1 10:00 10:59 0054 1 236 0 _ _ 1 20140904162746 88
000003122014086 00000312 2014 08 13 11 7311 1 11:50 12:49 0054 1 236 0 _ _ 1 20140904162746 88
000003122014086 00000312 2014 08 20 11 7311 1 11:50 12:49 0054 1 236 0 _ _ 1 20140904162746 88
000003122014086 00000312 2014 08 27 11 7311 1 11:50 12:49 0054 1 236 0 _ _ 1 20140904162746 88
000003122014087 00000312 2014 08 01 17 1009 1 _ _ 0321 1 308 0 _ _ 1 20140904162746 88
000003122014091 00000312 2014 09 02 13 1211 1 11:00 11:59 0023 1 834 0 _ _ 1 20141008095702 24
000003122014091 00000312 2014 09 09 13 1211 1 11:00 11:59 0023 1 834 0 _ _ 1 20141008095702 24
000003122014091 00000312 2014 09 16 13 1211 1 11:00 11:59 0023 1 834 0 _ _ 1 20141008095702 24
000003122014091 00000312 2014 09 30 13 1211 1 11:00 11:59 0023 1 834 0 _ _ 1 20141008095702 24
000003122014092 00000312 2014 09 05 13 1211 1 15:00 15:59 0023 1 834 0 _ _ 1 20141008095702 24
000003122014092 00000312 2014 09 12 13 1211 1 15:00 15:59 0023 1 834 0 _ _ 1 20141008095702 24
000003122014092 00000312 2014 09 19 13 1211 1 15:00 15:59 0023 1 834 0 _ _ 1 20141008095702 24
000003122014092 00000312 2014 09 26 13 1211 1 15:00 15:59 0023 1 834 0 _ _ 1 20141008095702 24
000003122014093 00000312 2014 09 02 13 6101 1 _ _ 0023 1 6 0 _ _ 1 20141008095702 24
000003122014093 00000312 2014 09 05 13 6101 1 _ _ 0023 1 6 0 _ _ 1 20141008095702 24
000003122014093 00000312 2014 09 10 13 6101 1 _ _ 0023 1 6 0 _ _ 1 20141008095702 24
000003122014093 00000312 2014 09 12 13 6101 1 _ _ 0023 1 6 0 _ _ 1 20141008095702 24
000003122014093 00000312 2014 09 16 13 6101 1 _ _ 0023 1 6 0 _ _ 1 20141008095702 24
000003122014093 00000312 2014 09 19 13 6101 1 _ _ 0023 1 6 0 _ _ 1 20141008095702 24
000003122014093 00000312 2014 09 26 13 6101 1 _ _ 0023 1 6 0 _ _ 1 20141008095702 24
000003122014093 00000312 2014 09 30 13 6101 1 _ _ 0023 1 6 0 _ _ 1 20141008095702 24
000003122014094 00000312 2014 09 01 11 7311 1 10:00 10:59 0054 1 236 0 _ _ 1 20141008095702 24
000003122014094 00000312 2014 09 02 11 7311 1 10:00 10:59 0054 1 236 0 _ _ 1 20141008095702 24
000003122014094 00000312 2014 09 05 11 7311 1 10:00 10:59 0054 1 236 0 _ _ 1 20141008095702 24
000003122014094 00000312 2014 09 08 11 7311 1 10:00 10:59 0054 1 236 0 _ _ 1 20141008095702 24
000003122014094 00000312 2014 09 09 11 7311 1 10:00 10:59 0054 1 236 0 _ _ 1 20141008095702 24
000003122014094 00000312 2014 09 16 11 7311 1 10:00 10:59 0054 1 236 0 _ _ 1 20141008095702 24
000003122014094 00000312 2014 09 22 11 7311 1 10:00 10:59 0054 1 236 0 _ _ 1 20141008095702 24
000003122014094 00000312 2014 09 23 11 7311 1 10:00 10:59 0054 1 236 0 _ _ 1 20141008095702 24
000003122014094 00000312 2014 09 26 11 7311 1 10:00 10:59 0054 1 236 0 _ _ 1 20141008095702 24
000003122014094 00000312 2014 09 29 11 7311 1 10:00 10:59 0054 1 236 0 _ _ 1 20141008095702 24
000003122014094 00000312 2014 09 30 11 7311 1 10:00 10:59 0054 1 236 0 _ _ 1 20141008095702 24
000003122014095 00000312 2014 09 12 11 7311 1 10:30 11:29 0054 1 236 0 _ _ 1 20141008095702 24
000003122014096 00000312 2014 09 03 11 7311 1 11:50 12:49 0054 1 236 0 _ _ 1 20141008095702 24
000003122014096 00000312 2014 09 10 11 7311 1 11:50 12:49 0054 1 236 0 _ _ 1 20141008095702 24
000003122014096 00000312 2014 09 17 11 7311 1 11:50 12:49 0054 1 236 0 _ _ 1 20141008095702 24
000003122014096 00000312 2014 09 24 11 7311 1 11:50 12:49 0054 1 236 0 _ _ 1 20141008095702 24
000003122014097 00000312 2014 09 01 17 1009 1 _ _ 0321 1 308 0 _ _ 1 20141008095702 24
000003122014101 00000312 2014 10 07 13 1211 1 11:00 11:59 0023 1 834 0 _ _ 1 20141103085322 88
000003122014101 00000312 2014 10 14 13 1211 1 11:00 11:59 0023 1 834 0 _ _ 1 20141103085322 88
000003122014101 00000312 2014 10 21 13 1211 1 11:00 11:59 0023 1 834 0 _ _ 1 20141103085322 88
000003122014101 00000312 2014 10 28 13 1211 1 11:00 11:59 0023 1 834 0 _ _ 1 20141103085322 88
000003122014102 00000312 2014 10 03 13 1211 1 15:00 15:59 0023 1 834 0 _ _ 1 20141103085322 88
000003122014102 00000312 2014 10 10 13 1211 1 15:00 15:59 0023 1 834 0 _ _ 1 20141103085322 88
000003122014102 00000312 2014 10 17 13 1211 1 15:00 15:59 0023 1 834 0 _ _ 1 20141103085322 88
000003122014102 00000312 2014 10 24 13 1211 1 15:00 15:59 0023 1 834 0 _ _ 1 20141103085322 88
000003122014102 00000312 2014 10 31 13 1211 1 15:00 15:59 0023 1 834 0 _ _ 1 20141103085322 88
000003122014103 00000312 2014 10 03 13 6101 1 _ _ 0023 1 6 0 _ _ 1 20141103085322 88
000003122014103 00000312 2014 10 07 13 6101 1 _ _ 0023 1 6 0 _ _ 1 20141103085322 88
000003122014103 00000312 2014 10 10 13 6101 1 _ _ 0023 1 6 0 _ _ 1 20141103085322 88
000003122014103 00000312 2014 10 14 13 6101 1 _ _ 0023 1 6 0 _ _ 1 20141103085322 88
000003122014103 00000312 2014 10 17 13 6101 1 _ _ 0023 1 6 0 _ _ 1 20141103085322 88
000003122014103 00000312 2014 10 21 13 6101 1 _ _ 0023 1 6 0 _ _ 1 20141103085322 88
000003122014103 00000312 2014 10 24 13 6101 1 _ _ 0023 1 6 0 _ _ 1 20141103085322 88
000003122014103 00000312 2014 10 28 13 6101 1 _ _ 0023 1 6 0 _ _ 1 20141103085322 88
000003122014103 00000312 2014 10 31 13 6101 1 _ _ 0023 1 6 0 _ _ 1 20141103085322 88
000003122014104 00000312 2014 10 03 11 7311 1 10:00 10:59 0054 1 236 0 _ _ 1 20141103085322 88
000003122014104 00000312 2014 10 06 11 7311 1 10:00 10:59 0054 1 236 0 _ _ 1 20141103085322 88
000003122014104 00000312 2014 10 07 11 7311 1 10:00 10:59 0054 1 236 0 _ _ 1 20141103085322 88
000003122014104 00000312 2014 10 10 11 7311 1 10:00 10:59 0054 1 236 0 _ _ 1 20141103085322 88
000003122014104 00000312 2014 10 14 11 7311 1 10:00 10:59 0054 1 236 0 _ _ 1 20141103085322 88
000003122014104 00000312 2014 10 17 11 7311 1 10:00 10:59 0054 1 236 0 _ _ 1 20141103085322 88
000003122014104 00000312 2014 10 20 11 7311 1 10:00 10:59 0054 1 236 0 _ _ 1 20141103085322 88
000003122014104 00000312 2014 10 21 11 7311 1 10:00 10:59 0054 1 236 0 _ _ 1 20141103085322 88
000003122014104 00000312 2014 10 24 11 7311 1 10:00 10:59 0054 1 236 0 _ _ 1 20141103085322 88
000003122014104 00000312 2014 10 27 11 7311 1 10:00 10:59 0054 1 236 0 _ _ 1 20141103085322 88
000003122014104 00000312 2014 10 28 11 7311 1 10:00 10:59 0054 1 236 0 _ _ 1 20141103085322 88
000003122014104 00000312 2014 10 31 11 7311 1 10:00 10:59 0054 1 236 0 _ _ 1 20141103085322 88
000003122014105 00000312 2014 10 01 11 7311 1 11:50 12:49 0054 1 236 0 _ _ 1 20141103085322 88
000003122014105 00000312 2014 10 08 11 7311 1 11:50 12:49 0054 1 236 0 _ _ 1 20141103085322 88
000003122014105 00000312 2014 10 15 11 7311 1 11:50 12:49 0054 1 236 0 _ _ 1 20141103085322 88
000003122014105 00000312 2014 10 22 11 7311 1 11:50 12:49 0054 1 236 0 _ _ 1 20141103085322 88
000003122014106 00000312 2014 10 01 17 1009 1 _ _ 0321 1 308 0 _ _ 1 20141103085322 88
