00000031 20110826 20110923 小関千鶴 グランクレール・ケアサービス美しが丘（ケアプラン） 1 2014052800000000 00078
00000031 20110826 20110923 神藤典一さま 長男 1 2014052800000000 00078
00000031 20120529 20120608 中山相談員 サクラサービス(株) 1 2014052800000000 00078
00000031 20120529 20120608 大澤所長 クリップハウス、ｅ介護st 1 2014052800000000 00078
00000031 20120529 20120608 小関千鶴 グランクレール・ケアサービス美しが丘（ケアプラン） 1 2014052800000000 00078
00000031 20120529 20120608 神藤典一様 長男 1 2014052800000000 00078
00000031 20120529 20120608 神藤和子様 本人 1 2014052800000000 00078
00000031 20120728 20120726 中山相談員 サクラサービス(株) 1 2014052800000000 00078
00000031 20120728 20120726 小関千鶴 グランクレール・ケアサービス美しが丘（ケアプラン） 1 2014052800000000 00078
00000031 20120728 20120726 神藤典一様 長男 1 2014052800000000 00078
00000031 20120728 20120726 神藤和子様 本人 1 2014052800000000 00078
