00000204 0029 2011 03 1 1 20141201184019 00078
00000204 0029 2011 04 1 1 20141201145820 00078
00000204 0029 2011 05 _ 1 20141130190142 78
00000204 0029 2011 06 _ 1 20141130171908 78
00000204 0029 2011 07 1 1 20141130144146 00078
00000204 0029 2011 08 1 1 20141130111004 00078
00000204 0029 2011 09 1 1 20141128175830 00078
00000204 0029 2011 10 _ 1 20141127191049 78
00000204 0029 2011 11 1 1 20141127142327 00078
00000204 0029 2011 12 1 1 20141125144709 00078
00000204 0029 2012 01 1 1 20141121191343 00078
00000204 0029 2012 02 1 1 20141119165623 00078
00000204 0029 2012 03 1 1 20141119121014 00078
00000204 0029 2012 04 1 1 20140715102847 00078
00000204 0029 2012 05 1 1 20140715110452 00078
00000204 0029 2012 06 1 1 20140715113305 00078
00000204 0029 2012 07 1 1 20140715120814 00078
00000204 0029 2012 08 1 1 20140715133908 00078
00000204 0029 2012 09 1 1 20140715141301 00078
00000204 0029 2012 10 1 1 20140715144120 00078
00000204 0029 2012 11 1 1 20140715151120 00078
00000204 0029 2012 12 1 1 20140715155746 00078
00000204 0029 2013 01 1 1 20140707144436 00078
00000204 0029 2013 02 1 1 20140707152106 00078
00000204 0029 2013 03 1 1 20140707160731 00078
00000204 0029 2013 04 1 1 20140707165613 00078
00000204 0029 2013 05 1 1 20140707172953 00078
00000204 0029 2013 06 1 1 20140707180519 00078
00000204 0029 2013 07 1 1 20140707183557 00078
00000204 0029 2013 08 1 1 20140707190257 00078
00000204 0029 2013 09 _ 1 20140702171544 00078
00000204 0029 2013 10 _ 1 20140702174904 00078
00000204 0029 2013 11 1 1 20140702181756 00078
00000204 0029 2013 12 1 1 20140702185035 00078
00000204 0029 2014 01 1 1 20140618164815 00078
00000204 0029 2014 02 1 1 20140618174144 00078
00000204 0029 2014 03 1 1 20140618183416 00078
