000001682014031 00000168 2014 03 16 67 1007 1 _ _ 0103 1 150 0 _ _ 1 20140618105542 24
000001682014041 00000168 2014 04 01 67 1007 1 _ _ 0103 1 300 0 _ _ 1 20140618105809 24
000001682014051 00000168 2014 05 02 65 1121 1 13:30 16:30 0095 1 4236 0 _ _ 1 20140626200955 78
000001682014051 00000168 2014 05 13 65 1121 1 13:30 16:30 0095 1 4236 0 _ _ 1 20140626200955 78
000001682014051 00000168 2014 05 20 65 1121 1 13:30 16:30 0095 1 4236 0 _ _ 1 20140626200955 78
000001682014051 00000168 2014 05 27 65 1121 1 13:30 16:30 0095 1 4236 0 _ _ 1 20140626200955 78
000001682014052 00000168 2014 05 02 65 5002 1 _ _ 0095 1 225 0 _ _ 1 20140626200955 78
000001682014052 00000168 2014 05 13 65 5002 1 _ _ 0095 1 225 0 _ _ 1 20140626200955 78
000001682014052 00000168 2014 05 20 65 5002 1 _ _ 0095 1 225 0 _ _ 1 20140626200955 78
000001682014052 00000168 2014 05 27 65 5002 1 _ _ 0095 1 225 0 _ _ 1 20140626200955 78
000001682014053 00000168 2014 05 01 67 1007 1 _ _ 0103 1 300 0 _ _ 1 20140626200955 78
