00000212 2011 09 00052 1 20141128183720 00078
00000212 2011 10 00052 1 20141127192114 00078
00000212 2011 11 00052 1 20141127150358 00078
00000212 2011 12 00052 1 20141125145405 00078
00000212 2012 01 00052 1 20141124135814 00078
00000212 2012 02 00052 1 20141119190030 00078
00000212 2012 03 00052 1 20141119142329 00078
00000212 2012 04 00052 1 20140716172058 00078
00000212 2012 05 00052 1 20140716172526 00078
00000212 2012 06 00052 1 20140716172825 00078
00000212 2012 07 00052 1 20140716173110 00078
00000212 2012 08 00052 1 20140716173438 00078
00000212 2012 09 00052 1 20140716173733 00078
00000212 2012 10 00052 1 20140716174025 00078
00000212 2012 11 00052 1 20140716174304 00078
00000212 2012 12 00052 1 20140716174546 00078
00000212 2013 01 00032 1 20140708152310 00078
00000212 2013 02 00032 1 20140708152749 00078
00000212 2013 03 00032 1 20140708153048 00078
00000212 2013 04 00032 1 20140708153632 00078
00000212 2013 05 00032 1 20140708154331 00078
00000212 2013 06 00032 1 20140708154749 00078
00000212 2013 07 00032 1 20140708155414 00078
00000212 2013 08 00032 1 20140708155734 00078
00000212 2013 09 00032 1 20140703110339 00078
00000212 2013 10 00032 1 20140703110638 00078
00000212 2013 11 00032 1 20140703111028 00078
00000212 2013 12 00032 1 20140703120017 00078
00000212 2014 01 00032 1 20140619103738 00078
00000212 2014 02 00032 1 20140619104007 00078
00000212 2014 03 00032 1 20140619104323 00078
00000212 2014 04 00032 1 20140619104654 00078
00000212 2014 05 00032 1 20140819104405 00078
00000212 2014 06 00052 1 20140621125108 00047
00000212 2014 07 00052 1 20140628170511 00047
