00000018 20120601 20120511 森廣繁利 本人 1 2014052800000000 00078
00000018 20120601 20120511 櫻井 ｸﾞﾗﾝｸﾚｰﾙ藤が丘生活相談員 1 2014052800000000 00078
00000018 20120601 20120511 緒方 ｹｱｻｰﾋﾞｽ美しが丘介護支援専門員 1 2014052800000000 00078
00000018 20120601 20120511 高階 福祉用具専門相談員 1 2014052800000000 00078
00000018 20120601 20120606 森廣利一 長男 1 2014052800000000 00078
00000018 20120601 20120606 森廣恵子 長男妻 1 2014052800000000 00078
00000018 20120601 20120606 森廣繁利 本人 1 2014052800000000 00078
00000018 20120601 20120606 稲生 ｹｱｻｰﾋﾞｽ美しが丘ｻｰﾋﾞｽ提供責任者 1 2014052800000000 00078
00000018 20120601 20120606 緒方佐千子 ｹｱｻｰﾋﾞｽ美しが丘介護支援専門員 1 2014052800000000 00078
00000018 20120928 20121103 森廣繁利 本人 1 2014052800000000 00078
00000018 20120928 20121103 緒方佐千子 ｹｱｻｰﾋﾞｽ美しが丘介護支援専門員 1 2014052800000000 00078
00000018 20120928 20121103 臼井俊之 ｹｱｻｰﾋﾞｽ美しが丘ｻｰﾋﾞｽ提供責任者 1 2014052800000000 00078
