1 25 1111 予老短Ⅰⅰ１ 1 1 1 1 1 1 d 575
2 25 1115 予老短Ⅰⅰ１・夜 1 1 6 1 1 1 d 558
3 25 1121 予老短Ⅰⅰ２ 1 1 1 1 1 2 d 716
4 25 1125 予老短Ⅰⅰ２・夜 1 1 6 1 1 2 d 695
5 25 1811 予老短Ⅰⅱ１ 1 1 1 1 1 1 d 613
6 25 1812 予老短Ⅰⅱ１・夜 1 1 6 1 1 1 d 595
7 25 1813 予老短Ⅰⅱ２ 1 1 1 1 1 2 d 753
8 25 1814 予老短Ⅰⅱ２・夜 1 1 6 1 1 2 d 730
9 25 1311 予老短Ⅰⅲ１ 1 1 1 1 1 1 d 608
10 25 1315 予老短Ⅰⅲ１・夜 1 1 6 1 1 1 d 590
11 25 1321 予老短Ⅰⅲ２ 1 1 1 1 1 2 d 762
12 25 1325 予老短Ⅰⅲ２・夜 1 1 6 1 1 2 d 739
13 25 1821 予老短Ⅰⅳ１ 1 1 1 1 1 1 d 652
14 25 1822 予老短Ⅰⅳ１・夜 1 1 6 1 1 1 d 632
15 25 1823 予老短Ⅰⅳ２ 1 1 1 1 1 2 d 807
16 25 1824 予老短Ⅰⅳ２・夜 1 1 6 1 1 2 d 783
17 25 3111 予老短Ⅱⅰ１ 5 1 1 1 1 1 d 582
18 25 3113 予老短Ⅱⅰ１・夜 5 1 6 1 1 1 d 565
19 25 3115 予老短Ⅱⅰ２ 5 1 1 1 1 2 d 723
20 25 3117 予老短Ⅱⅰ２・夜 5 1 6 1 1 2 d 701
21 25 3411 予老短Ⅱⅱ１ 5 1 1 1 1 1 d 582
22 25 3412 予老短Ⅱⅱ１・夜 5 1 6 1 1 1 d 565
23 25 3413 予老短Ⅱⅱ２ 5 1 1 1 1 2 d 723
24 25 3414 予老短Ⅱⅱ２・夜 5 1 6 1 1 2 d 701
25 25 3121 予老短Ⅱⅲ１ 5 1 1 1 1 1 d 619
26 25 3123 予老短Ⅱⅲ１・夜 5 1 6 1 1 1 d 600
27 25 3125 予老短Ⅱⅲ２ 5 1 1 1 1 2 d 774
28 25 3127 予老短Ⅱⅲ２・夜 5 1 6 1 1 2 d 751
29 25 3415 予老短Ⅱⅳ１ 5 1 1 1 1 1 d 619
30 25 3416 予老短Ⅱⅳ１・夜 5 1 6 1 1 1 d 600
31 25 3417 予老短Ⅱⅳ２ 5 1 1 1 1 2 d 774
32 25 3418 予老短Ⅱⅳ２・夜 5 1 6 1 1 2 d 751
33 25 3131 予老短Ⅲⅰ１ 7 1 1 1 1 1 d 582
34 25 3133 予老短Ⅲⅰ１・夜 7 1 6 1 1 1 d 565
35 25 3135 予老短Ⅲⅰ２ 7 1 1 1 1 2 d 723
36 25 3137 予老短Ⅲⅰ２・夜 7 1 6 1 1 2 d 701
37 25 3421 予老短Ⅲⅱ１ 7 1 1 1 1 1 d 582
38 25 3422 予老短Ⅲⅱ１・夜 7 1 6 1 1 1 d 565
39 25 3423 予老短Ⅲⅱ２ 7 1 1 1 1 2 d 723
40 25 3424 予老短Ⅲⅱ２・夜 7 1 6 1 1 2 d 701
41 25 3141 予老短Ⅲⅲ１ 7 1 1 1 1 1 d 619
42 25 3143 予老短Ⅲⅲ１・夜 7 1 6 1 1 1 d 600
43 25 3145 予老短Ⅲⅲ２ 7 1 1 1 1 2 d 774
44 25 3147 予老短Ⅲⅲ２・夜 7 1 6 1 1 2 d 751
45 25 3425 予老短Ⅲⅳ１ 7 1 1 1 1 1 d 619
46 25 3426 予老短Ⅲⅳ１・夜 7 1 6 1 1 1 d 600
47 25 3427 予老短Ⅲⅳ２ 7 1 1 1 1 2 d 774
48 25 3428 予老短Ⅲⅳ２・夜 7 1 6 1 1 2 d 751
49 25 1411 予ユ老短Ⅰⅰ１ 2 2 1 1 1 1 d 618
50 25 1413 予ユ老短Ⅰⅰ１・夜 2 2 6 1 1 1 d 599
51 25 1421 予ユ老短Ⅰⅰ２ 2 2 1 1 1 2 d 775
52 25 1423 予ユ老短Ⅰⅰ２・夜 2 2 6 1 1 2 d 752
53 25 1831 予ユ老短Ⅰⅱ１ 2 2 1 1 1 1 d 660
54 25 1832 予ユ老短Ⅰⅱ１・夜 2 2 6 1 1 1 d 640
55 25 1833 予ユ老短Ⅰⅱ２ 2 2 1 1 1 2 d 817
56 25 1834 予ユ老短Ⅰⅱ２・夜 2 2 6 1 1 2 d 792
57 25 1511 予ユ老短Ⅰⅲ１ 2 2 1 1 1 1 d 618
58 25 1513 予ユ老短Ⅰⅲ１・夜 2 2 6 1 1 1 d 599
59 25 1521 予ユ老短Ⅰⅲ２ 2 2 1 1 1 2 d 775
60 25 1523 予ユ老短Ⅰⅲ２・夜 2 2 6 1 1 2 d 752
61 25 1841 予ユ老短Ⅰⅳ１ 2 2 1 1 1 1 d 660
62 25 1842 予ユ老短Ⅰⅳ１・夜 2 2 6 1 1 1 d 640
63 25 1843 予ユ老短Ⅰⅳ２ 2 2 1 1 1 2 d 817
64 25 1844 予ユ老短Ⅰⅳ２・夜 2 2 6 1 1 2 d 792
65 25 3211 予ユ老短Ⅱⅰ１ 6 2 1 1 1 1 d 649
66 25 3213 予ユ老短Ⅱⅰ１・夜 6 2 6 1 1 1 d 630
67 25 3215 予ユ老短Ⅱⅰ２ 6 2 1 1 1 2 d 806
68 25 3217 予ユ老短Ⅱⅰ２・夜 6 2 6 1 1 2 d 782
69 25 3431 予ユ老短Ⅱⅱ１ 6 2 1 1 1 1 d 649
70 25 3432 予ユ老短Ⅱⅱ１・夜 6 2 6 1 1 1 d 630
71 25 3433 予ユ老短Ⅱⅱ２ 6 2 1 1 1 2 d 806
72 25 3434 予ユ老短Ⅱⅱ２・夜 6 2 6 1 1 2 d 782
73 25 3221 予ユ老短Ⅱⅲ１ 6 2 1 1 1 1 d 649
74 25 3223 予ユ老短Ⅱⅲ１・夜 6 2 6 1 1 1 d 630
75 25 3225 予ユ老短Ⅱⅲ２ 6 2 1 1 1 2 d 806
76 25 3227 予ユ老短Ⅱⅲ２・夜 6 2 6 1 1 2 d 782
77 25 3435 予ユ老短Ⅱⅳ１ 6 2 1 1 1 1 d 649
78 25 3436 予ユ老短Ⅱⅳ１・夜 6 2 6 1 1 1 d 630
79 25 3437 予ユ老短Ⅱⅳ２ 6 2 1 1 1 2 d 806
80 25 3438 予ユ老短Ⅱⅳ２・夜 6 2 6 1 1 2 d 782
81 25 3231 予ユ老短Ⅲⅰ１ 8 2 1 1 1 1 d 649
82 25 3233 予ユ老短Ⅲⅰ１・夜 8 2 6 1 1 1 d 630
83 25 3235 予ユ老短Ⅲⅰ２ 8 2 1 1 1 2 d 806
84 25 3237 予ユ老短Ⅲⅰ２・夜 8 2 6 1 1 2 d 782
85 25 3441 予ユ老短Ⅲⅱ１ 8 2 1 1 1 1 d 649
86 25 3442 予ユ老短Ⅲⅱ１・夜 8 2 6 1 1 1 d 630
87 25 3443 予ユ老短Ⅲⅱ２ 8 2 1 1 1 2 d 806
88 25 3444 予ユ老短Ⅲⅱ２・夜 8 2 6 1 1 2 d 782
89 25 3241 予ユ老短Ⅲⅲ１ 8 2 1 1 1 1 d 649
90 25 3243 予ユ老短Ⅲⅲ１・夜 8 2 6 1 1 1 d 630
91 25 3245 予ユ老短Ⅲⅲ２ 8 2 1 1 1 2 d 806
92 25 3247 予ユ老短Ⅲⅲ２・夜 8 2 6 1 1 2 d 782
93 25 3445 予ユ老短Ⅲⅳ１ 8 2 1 1 1 1 d 649
94 25 3446 予ユ老短Ⅲⅳ１・夜 8 2 6 1 1 1 d 630
95 25 3447 予ユ老短Ⅲⅳ２ 8 2 1 1 1 2 d 806
96 25 3448 予ユ老短Ⅲⅳ２・夜 8 2 6 1 1 2 d 782
97 25 1611 予ユ老短Ⅰⅰ１・未 2 1 1 1 1 1 d 599
98 25 1613 予ユ老短Ⅰⅰ１・夜・未 2 1 6 1 1 1 d 581
99 25 1621 予ユ老短Ⅰⅰ２・未 2 1 1 1 1 2 d 752
100 25 1623 予ユ老短Ⅰⅰ２・夜・未 2 1 6 1 1 2 d 729
101 25 1851 予ユ老短Ⅰⅱ１・未 2 1 1 1 1 1 d 640
102 25 1852 予ユ老短Ⅰⅱ１・夜・未 2 1 6 1 1 1 d 621
103 25 1853 予ユ老短Ⅰⅱ２・未 2 1 1 1 1 2 d 792
104 25 1854 予ユ老短Ⅰⅱ２・夜・未 2 1 6 1 1 2 d 768
105 25 1711 予ユ老短Ⅰⅲ１・未 2 1 1 1 1 1 d 599
106 25 1713 予ユ老短Ⅰⅲ１・夜・未 2 1 6 1 1 1 d 581
107 25 1721 予ユ老短Ⅰⅲ２・未 2 1 1 1 1 2 d 752
108 25 1723 予ユ老短Ⅰⅲ２・夜・未 2 1 6 1 1 2 d 729
109 25 1861 予ユ老短Ⅰⅳ１・未 2 1 1 1 1 1 d 640
110 25 1862 予ユ老短Ⅰⅳ１・夜・未 2 1 6 1 1 1 d 621
111 25 1863 予ユ老短Ⅰⅳ２・未 2 1 1 1 1 2 d 792
112 25 1864 予ユ老短Ⅰⅳ２・夜・未 2 1 6 1 1 2 d 768
113 25 3311 予ユ老短Ⅱⅰ１・未 6 1 1 1 1 1 d 630
114 25 3313 予ユ老短Ⅱⅰ１・夜・未 6 1 6 1 1 1 d 611
115 25 3315 予ユ老短Ⅱⅰ２・未 6 1 1 1 1 2 d 782
116 25 3317 予ユ老短Ⅱⅰ２・夜・未 6 1 6 1 1 2 d 759
117 25 3451 予ユ老短Ⅱⅱ１・未 6 1 1 1 1 1 d 630
118 25 3452 予ユ老短Ⅱⅱ１・夜・未 6 1 6 1 1 1 d 611
119 25 3453 予ユ老短Ⅱⅱ２・未 6 1 1 1 1 2 d 782
120 25 3454 予ユ老短Ⅱⅱ２・夜・未 6 1 6 1 1 2 d 759
121 25 3321 予ユ老短Ⅱⅲ１・未 6 1 1 1 1 1 d 630
122 25 3323 予ユ老短Ⅱⅲ１・夜・未 6 1 6 1 1 1 d 611
123 25 3325 予ユ老短Ⅱⅲ２・未 6 1 1 1 1 2 d 782
124 25 3327 予ユ老短Ⅱⅲ２・夜・未 6 1 6 1 1 2 d 759
125 25 3455 予ユ老短Ⅱⅳ１・未 6 1 1 1 1 1 d 630
126 25 3456 予ユ老短Ⅱⅳ１・夜・未 6 1 6 1 1 1 d 611
127 25 3457 予ユ老短Ⅱⅳ２・未 6 1 1 1 1 2 d 782
128 25 3458 予ユ老短Ⅱⅳ２・夜・未 6 1 6 1 1 2 d 759
129 25 3331 予ユ老短Ⅲⅰ１・未 8 1 1 1 1 1 d 630
130 25 3333 予ユ老短Ⅲⅰ１・夜・未 8 1 6 1 1 1 d 611
131 25 3335 予ユ老短Ⅲⅰ２・未 8 1 1 1 1 2 d 782
132 25 3337 予ユ老短Ⅲⅰ２・夜・未 8 1 6 1 1 2 d 759
133 25 3461 予ユ老短Ⅲⅱ１・未 8 1 1 1 1 1 d 630
134 25 3462 予ユ老短Ⅲⅱ１・夜・未 8 1 6 1 1 1 d 611
135 25 3463 予ユ老短Ⅲⅱ２・未 8 1 1 1 1 2 d 782
136 25 3464 予ユ老短Ⅲⅱ２・夜・未 8 1 6 1 1 2 d 759
137 25 3341 予ユ老短Ⅲⅲ１・未 8 1 1 1 1 1 d 630
138 25 3343 予ユ老短Ⅲⅲ１・夜・未 8 1 6 1 1 1 d 611
139 25 3345 予ユ老短Ⅲⅲ２・未 8 1 1 1 1 2 d 782
140 25 3347 予ユ老短Ⅲⅲ２・夜・未 8 1 6 1 1 2 d 759
141 25 3465 予ユ老短Ⅲⅳ１・未 8 1 1 1 1 1 d 630
142 25 3466 予ユ老短Ⅲⅳ１・夜・未 8 1 6 1 1 1 d 611
143 25 3467 予ユ老短Ⅲⅳ２・未 8 1 1 1 1 2 d 782
144 25 3468 予ユ老短Ⅲⅳ２・夜・未 8 1 6 1 1 2 d 759
145 25 8011 予老短Ⅰⅰ１・超 1 1 1 2 1 1 d 403
146 25 8015 予老短Ⅰⅰ１・夜・超 1 1 6 2 1 1 d 391
147 25 8021 予老短Ⅰⅰ２・超 1 1 1 2 1 2 d 501
148 25 8025 予老短Ⅰⅰ２・夜・超 1 1 6 2 1 2 d 487
149 25 8031 予老短Ⅰⅱ１・超 1 1 1 2 1 1 d 429
150 25 8032 予老短Ⅰⅱ１・夜・超 1 1 6 2 1 1 d 417
151 25 8033 予老短Ⅰⅱ２・超 1 1 1 2 1 2 d 527
152 25 8034 予老短Ⅰⅱ２・夜・超 1 1 6 2 1 2 d 511
153 25 8211 予老短Ⅰⅲ１・超 1 1 1 2 1 1 d 426
154 25 8215 予老短Ⅰⅲ１・夜・超 1 1 6 2 1 1 d 413
155 25 8221 予老短Ⅰⅲ２・超 1 1 1 2 1 2 d 533
156 25 8225 予老短Ⅰⅲ２・夜・超 1 1 6 2 1 2 d 517
157 25 8041 予老短Ⅰⅳ１・超 1 1 1 2 1 1 d 456
158 25 8042 予老短Ⅰⅳ１・夜・超 1 1 6 2 1 1 d 442
159 25 8043 予老短Ⅰⅳ２・超 1 1 1 2 1 2 d 565
160 25 8044 予老短Ⅰⅳ２・夜・超 1 1 6 2 1 2 d 548
161 25 8651 予老短Ⅱⅰ１・超 5 1 1 2 1 1 d 407
162 25 8653 予老短Ⅱⅰ１・夜・超 5 1 6 2 1 1 d 396
163 25 8655 予老短Ⅱⅰ２・超 5 1 1 2 1 2 d 506
164 25 8657 予老短Ⅱⅰ２・夜・超 5 1 6 2 1 2 d 491
165 25 8751 予老短Ⅱⅱ１・超 5 1 1 2 1 1 d 407
166 25 8752 予老短Ⅱⅱ１・夜・超 5 1 6 2 1 1 d 396
167 25 8753 予老短Ⅱⅱ２・超 5 1 1 2 1 2 d 506
168 25 8754 予老短Ⅱⅱ２・夜・超 5 1 6 2 1 2 d 491
169 25 8659 予老短Ⅱⅲ１・超 5 1 1 2 1 1 d 433
170 25 8661 予老短Ⅱⅲ１・夜・超 5 1 6 2 1 1 d 420
171 25 8663 予老短Ⅱⅲ２・超 5 1 1 2 1 2 d 542
172 25 8665 予老短Ⅱⅲ２・夜・超 5 1 6 2 1 2 d 526
173 25 8755 予老短Ⅱⅳ１・超 5 1 1 2 1 1 d 433
174 25 8756 予老短Ⅱⅳ１・夜・超 5 1 6 2 1 1 d 420
175 25 8757 予老短Ⅱⅳ２・超 5 1 1 2 1 2 d 542
176 25 8758 予老短Ⅱⅳ２・夜・超 5 1 6 2 1 2 d 526
177 25 8667 予老短Ⅲⅰ１・超 7 1 1 2 1 1 d 407
178 25 8669 予老短Ⅲⅰ１・夜・超 7 1 6 2 1 1 d 396
179 25 8671 予老短Ⅲⅰ２・超 7 1 1 2 1 2 d 506
180 25 8673 予老短Ⅲⅰ２・夜・超 7 1 6 2 1 2 d 491
181 25 8761 予老短Ⅲⅱ１・超 7 1 1 2 1 1 d 407
182 25 8762 予老短Ⅲⅱ１・夜・超 7 1 6 2 1 1 d 396
183 25 8763 予老短Ⅲⅱ２・超 7 1 1 2 1 2 d 506
184 25 8764 予老短Ⅲⅱ２・夜・超 7 1 6 2 1 2 d 491
185 25 8675 予老短Ⅲⅲ１・超 7 1 1 2 1 1 d 433
186 25 8677 予老短Ⅲⅲ１・夜・超 7 1 6 2 1 1 d 420
187 25 8679 予老短Ⅲⅲ２・超 7 1 1 2 1 2 d 542
188 25 8681 予老短Ⅲⅲ２・夜・超 7 1 6 2 1 2 d 526
189 25 8765 予老短Ⅲⅳ１・超 7 1 1 2 1 1 d 433
190 25 8766 予老短Ⅲⅳ１・夜・超 7 1 6 2 1 1 d 420
191 25 8767 予老短Ⅲⅳ２・超 7 1 1 2 1 2 d 542
192 25 8768 予老短Ⅲⅳ２・夜・超 7 1 6 2 1 2 d 526
193 25 8311 予ユ老短Ⅰⅰ１・超 2 2 1 2 1 1 d 433
194 25 8313 予ユ老短Ⅰⅰ１・夜・超 2 2 6 2 1 1 d 419
195 25 8321 予ユ老短Ⅰⅰ２・超 2 2 1 2 1 2 d 543
196 25 8323 予ユ老短Ⅰⅰ２・夜・超 2 2 6 2 1 2 d 526
197 25 8051 予ユ老短Ⅰⅱ１・超 2 2 1 2 1 1 d 462
198 25 8052 予ユ老短Ⅰⅱ１・夜・超 2 2 6 2 1 1 d 448
199 25 8053 予ユ老短Ⅰⅱ２・超 2 2 1 2 1 2 d 572
200 25 8054 予ユ老短Ⅰⅱ２・夜・超 2 2 6 2 1 2 d 554
201 25 8411 予ユ老短Ⅰⅲ１・超 2 2 1 2 1 1 d 433
202 25 8413 予ユ老短Ⅰⅲ１・夜・超 2 2 6 2 1 1 d 419
203 25 8421 予ユ老短Ⅰⅲ２・超 2 2 1 2 1 2 d 543
204 25 8423 予ユ老短Ⅰⅲ２・夜・超 2 2 6 2 1 2 d 526
205 25 8061 予ユ老短Ⅰⅳ１・超 2 2 1 2 1 1 d 462
206 25 8062 予ユ老短Ⅰⅳ１・夜・超 2 2 6 2 1 1 d 448
207 25 8063 予ユ老短Ⅰⅳ２・超 2 2 1 2 1 2 d 572
208 25 8064 予ユ老短Ⅰⅳ２・夜・超 2 2 6 2 1 2 d 554
209 25 8683 予ユ老短Ⅱⅰ１・超 6 2 1 2 1 1 d 454
210 25 8685 予ユ老短Ⅱⅰ１・夜・超 6 2 6 2 1 1 d 441
211 25 8687 予ユ老短Ⅱⅰ２・超 6 2 1 2 1 2 d 564
212 25 8689 予ユ老短Ⅱⅰ２・夜・超 6 2 6 2 1 2 d 547
213 25 8771 予ユ老短Ⅱⅱ１・超 6 2 1 2 1 1 d 454
214 25 8772 予ユ老短Ⅱⅱ１・夜・超 6 2 6 2 1 1 d 441
215 25 8773 予ユ老短Ⅱⅱ２・超 6 2 1 2 1 2 d 564
216 25 8774 予ユ老短Ⅱⅱ２・夜・超 6 2 6 2 1 2 d 547
217 25 8691 予ユ老短Ⅱⅲ１・超 6 2 1 2 1 1 d 454
218 25 8693 予ユ老短Ⅱⅲ１・夜・超 6 2 6 2 1 1 d 441
219 25 8695 予ユ老短Ⅱⅲ２・超 6 2 1 2 1 2 d 564
220 25 8697 予ユ老短Ⅱⅲ２・夜・超 6 2 6 2 1 2 d 547
221 25 8775 予ユ老短Ⅱⅳ１・超 6 2 1 2 1 1 d 454
222 25 8776 予ユ老短Ⅱⅳ１・夜・超 6 2 6 2 1 1 d 441
223 25 8777 予ユ老短Ⅱⅳ２・超 6 2 1 2 1 2 d 564
224 25 8778 予ユ老短Ⅱⅳ２・夜・超 6 2 6 2 1 2 d 547
225 25 8699 予ユ老短Ⅲⅰ１・超 8 2 1 2 1 1 d 454
226 25 8701 予ユ老短Ⅲⅰ１・夜・超 8 2 6 2 1 1 d 441
227 25 8703 予ユ老短Ⅲⅰ２・超 8 2 1 2 1 2 d 564
228 25 8705 予ユ老短Ⅲⅰ２・夜・超 8 2 6 2 1 2 d 547
229 25 8781 予ユ老短Ⅲⅱ１・超 8 2 1 2 1 1 d 454
230 25 8782 予ユ老短Ⅲⅱ１・夜・超 8 2 6 2 1 1 d 441
231 25 8783 予ユ老短Ⅲⅱ２・超 8 2 1 2 1 2 d 564
232 25 8784 予ユ老短Ⅲⅱ２・夜・超 8 2 6 2 1 2 d 547
233 25 8707 予ユ老短Ⅲⅲ１・超 8 2 1 2 1 1 d 454
234 25 8709 予ユ老短Ⅲⅲ１・夜・超 8 2 6 2 1 1 d 441
235 25 8711 予ユ老短Ⅲⅲ２・超 8 2 1 2 1 2 d 564
236 25 8713 予ユ老短Ⅲⅲ２・夜・超 8 2 6 2 1 2 d 547
237 25 8785 予ユ老短Ⅲⅳ１・超 8 2 1 2 1 1 d 454
238 25 8786 予ユ老短Ⅲⅳ１・夜・超 8 2 6 2 1 1 d 441
239 25 8787 予ユ老短Ⅲⅳ２・超 8 2 1 2 1 2 d 564
240 25 8788 予ユ老短Ⅲⅳ２・夜・超 8 2 6 2 1 2 d 547
241 25 8511 予ユ老短Ⅰⅰ１・超・未 2 1 1 2 1 1 d 420
242 25 8513 予ユ老短Ⅰⅰ１・夜・超・未 2 1 6 2 1 1 d 406
243 25 8521 予ユ老短Ⅰⅰ２・超・未 2 1 1 2 1 2 d 527
244 25 8523 予ユ老短Ⅰⅰ２・夜・超・未 2 1 6 2 1 2 d 510
245 25 8071 予ユ老短Ⅰⅱ１・超・未 2 1 1 2 1 1 d 448
246 25 8072 予ユ老短Ⅰⅱ１・夜・超・未 2 1 6 2 1 1 d 435
247 25 8073 予ユ老短Ⅰⅱ２・超・未 2 1 1 2 1 2 d 555
248 25 8074 予ユ老短Ⅰⅱ２・夜・超・未 2 1 6 2 1 2 d 537
249 25 8611 予ユ老短Ⅰⅲ１・超・未 2 1 1 2 1 1 d 420
250 25 8613 予ユ老短Ⅰⅲ１・夜・超・未 2 1 6 2 1 1 d 406
251 25 8621 予ユ老短Ⅰⅲ２・超・未 2 1 1 2 1 2 d 527
252 25 8623 予ユ老短Ⅰⅲ２・夜・超・未 2 1 6 2 1 2 d 510
253 25 8081 予ユ老短Ⅰⅳ１・超・未 2 1 1 2 1 1 d 448
254 25 8082 予ユ老短Ⅰⅳ１・夜・超・未 2 1 6 2 1 1 d 435
255 25 8083 予ユ老短Ⅰⅳ２・超・未 2 1 1 2 1 2 d 555
256 25 8084 予ユ老短Ⅰⅳ２・夜・超・未 2 1 6 2 1 2 d 537
257 25 8715 予ユ老短Ⅱⅰ１・超・未 6 1 1 2 1 1 d 440
258 25 8717 予ユ老短Ⅱⅰ１・夜・超・未 6 1 6 2 1 1 d 428
259 25 8719 予ユ老短Ⅱⅰ２・超・未 6 1 1 2 1 2 d 547
260 25 8721 予ユ老短Ⅱⅰ２・夜・超・未 6 1 6 2 1 2 d 531
261 25 8791 予ユ老短Ⅱⅱ１・超・未 6 1 1 2 1 1 d 440
262 25 8792 予ユ老短Ⅱⅱ１・夜・超・未 6 1 6 2 1 1 d 428
263 25 8793 予ユ老短Ⅱⅱ２・超・未 6 1 1 2 1 2 d 547
264 25 8794 予ユ老短Ⅱⅱ２・夜・超・未 6 1 6 2 1 2 d 531
265 25 8723 予ユ老短Ⅱⅲ１・超・未 6 1 1 2 1 1 d 440
266 25 8725 予ユ老短Ⅱⅲ１・夜・超・未 6 1 6 2 1 1 d 428
267 25 8727 予ユ老短Ⅱⅲ２・超・未 6 1 1 2 1 2 d 547
268 25 8729 予ユ老短Ⅱⅲ２・夜・超・未 6 1 6 2 1 2 d 531
269 25 8795 予ユ老短Ⅱⅳ１・超・未 6 1 1 2 1 1 d 440
270 25 8796 予ユ老短Ⅱⅳ１・夜・超・未 6 1 6 2 1 1 d 428
271 25 8797 予ユ老短Ⅱⅳ２・超・未 6 1 1 2 1 2 d 547
272 25 8798 予ユ老短Ⅱⅳ２・夜・超・未 6 1 6 2 1 2 d 531
273 25 8731 予ユ老短Ⅲⅰ１・超・未 8 1 1 2 1 1 d 440
274 25 8733 予ユ老短Ⅲⅰ１・夜・超・未 8 1 6 2 1 1 d 428
275 25 8735 予ユ老短Ⅲⅰ２・超・未 8 1 1 2 1 2 d 547
276 25 8737 予ユ老短Ⅲⅰ２・夜・超・未 8 1 6 2 1 2 d 531
277 25 8801 予ユ老短Ⅲⅱ１・超・未 8 1 1 2 1 1 d 440
278 25 8802 予ユ老短Ⅲⅱ１・夜・超・未 8 1 6 2 1 1 d 428
279 25 8803 予ユ老短Ⅲⅱ２・超・未 8 1 1 2 1 2 d 547
280 25 8804 予ユ老短Ⅲⅱ２・夜・超・未 8 1 6 2 1 2 d 531
281 25 8739 予ユ老短Ⅲⅲ１・超・未 8 1 1 2 1 1 d 440
282 25 8741 予ユ老短Ⅲⅲ１・夜・超・未 8 1 6 2 1 1 d 428
283 25 8743 予ユ老短Ⅲⅲ２・超・未 8 1 1 2 1 2 d 547
284 25 8745 予ユ老短Ⅲⅲ２・夜・超・未 8 1 6 2 1 2 d 531
285 25 8805 予ユ老短Ⅲⅳ１・超・未 8 1 1 2 1 1 d 440
286 25 8806 予ユ老短Ⅲⅳ１・夜・超・未 8 1 6 2 1 1 d 428
287 25 8807 予ユ老短Ⅲⅳ２・超・未 8 1 1 2 1 2 d 547
288 25 8808 予ユ老短Ⅲⅳ２・夜・超・未 8 1 6 2 1 2 d 531
289 25 9011 予老短Ⅰⅰ１・欠 1 1 1 1 2 1 d 403
290 25 9015 予老短Ⅰⅰ１・夜・欠 1 1 6 1 2 1 d 391
291 25 9021 予老短Ⅰⅰ２・欠 1 1 1 1 2 2 d 501
292 25 9025 予老短Ⅰⅰ２・夜・欠 1 1 6 1 2 2 d 487
293 25 9031 予老短Ⅰⅱ１・欠 1 1 1 1 2 1 d 429
294 25 9032 予老短Ⅰⅱ１・夜・欠 1 1 6 1 2 1 d 417
295 25 9033 予老短Ⅰⅱ２・欠 1 1 1 1 2 2 d 527
296 25 9034 予老短Ⅰⅱ２・夜・欠 1 1 6 1 2 2 d 511
297 25 9211 予老短Ⅰⅲ１・欠 1 1 1 1 2 1 d 426
298 25 9215 予老短Ⅰⅲ１・夜・欠 1 1 6 1 2 1 d 413
299 25 9221 予老短Ⅰⅲ２・欠 1 1 1 1 2 2 d 533
300 25 9225 予老短Ⅰⅲ２・夜・欠 1 1 6 1 2 2 d 517
301 25 9041 予老短Ⅰⅳ１・欠 1 1 1 1 2 1 d 456
302 25 9042 予老短Ⅰⅳ１・夜・欠 1 1 6 1 2 1 d 442
303 25 9043 予老短Ⅰⅳ２・欠 1 1 1 1 2 2 d 565
304 25 9044 予老短Ⅰⅳ２・夜・欠 1 1 6 1 2 2 d 548
305 25 9651 予老短Ⅱⅰ１・欠 5 1 1 1 2 1 d 407
306 25 9653 予老短Ⅱⅰ１・夜・欠 5 1 6 1 2 1 d 396
307 25 9655 予老短Ⅱⅰ２・欠 5 1 1 1 2 2 d 506
308 25 9657 予老短Ⅱⅰ２・夜・欠 5 1 6 1 2 2 d 491
309 25 9751 予老短Ⅱⅱ１・欠 5 1 1 1 2 1 d 407
310 25 9752 予老短Ⅱⅱ１・夜・欠 5 1 6 1 2 1 d 396
311 25 9753 予老短Ⅱⅱ２・欠 5 1 1 1 2 2 d 506
312 25 9754 予老短Ⅱⅱ２・夜・欠 5 1 6 1 2 2 d 491
313 25 9659 予老短Ⅱⅲ１・欠 5 1 1 1 2 1 d 433
314 25 9661 予老短Ⅱⅲ１・夜・欠 5 1 6 1 2 1 d 420
315 25 9663 予老短Ⅱⅲ２・欠 5 1 1 1 2 2 d 542
316 25 9665 予老短Ⅱⅲ２・夜・欠 5 1 6 1 2 2 d 526
317 25 9755 予老短Ⅱⅳ１・欠 5 1 1 1 2 1 d 433
318 25 9756 予老短Ⅱⅳ１・夜・欠 5 1 6 1 2 1 d 420
319 25 9757 予老短Ⅱⅳ２・欠 5 1 1 1 2 2 d 542
320 25 9758 予老短Ⅱⅳ２・夜・欠 5 1 6 1 2 2 d 526
321 25 9667 予老短Ⅲⅰ１・欠 7 1 1 1 2 1 d 407
322 25 9669 予老短Ⅲⅰ１・夜・欠 7 1 6 1 2 1 d 396
323 25 9671 予老短Ⅲⅰ２・欠 7 1 1 1 2 2 d 506
324 25 9673 予老短Ⅲⅰ２・夜・欠 7 1 6 1 2 2 d 491
325 25 9761 予老短Ⅲⅱ１・欠 7 1 1 1 2 1 d 407
326 25 9762 予老短Ⅲⅱ１・夜・欠 7 1 6 1 2 1 d 396
327 25 9763 予老短Ⅲⅱ２・欠 7 1 1 1 2 2 d 506
328 25 9764 予老短Ⅲⅱ２・夜・欠 7 1 6 1 2 2 d 491
329 25 9675 予老短Ⅲⅲ１・欠 7 1 1 1 2 1 d 433
330 25 9677 予老短Ⅲⅲ１・夜・欠 7 1 6 1 2 1 d 420
331 25 9679 予老短Ⅲⅲ２・欠 7 1 1 1 2 2 d 542
332 25 9681 予老短Ⅲⅲ２・夜・欠 7 1 6 1 2 2 d 526
333 25 9765 予老短Ⅲⅳ１・欠 7 1 1 1 2 1 d 433
334 25 9766 予老短Ⅲⅳ１・夜・欠 7 1 6 1 2 1 d 420
335 25 9767 予老短Ⅲⅳ２・欠 7 1 1 1 2 2 d 542
336 25 9768 予老短Ⅲⅳ２・夜・欠 7 1 6 1 2 2 d 526
337 25 9311 予ユ老短Ⅰⅰ１・欠 2 2 1 1 2 1 d 433
338 25 9313 予ユ老短Ⅰⅰ１・夜・欠 2 2 6 1 2 1 d 419
339 25 9321 予ユ老短Ⅰⅰ２・欠 2 2 1 1 2 2 d 543
340 25 9323 予ユ老短Ⅰⅰ２・夜・欠 2 2 6 1 2 2 d 526
341 25 9051 予ユ老短Ⅰⅱ１・欠 2 2 1 1 2 1 d 462
342 25 9052 予ユ老短Ⅰⅱ１・夜・欠 2 2 6 1 2 1 d 448
343 25 9053 予ユ老短Ⅰⅱ２・欠 2 2 1 1 2 2 d 572
344 25 9054 予ユ老短Ⅰⅱ２・夜・欠 2 2 6 1 2 2 d 554
345 25 9411 予ユ老短Ⅰⅲ１・欠 2 2 1 1 2 1 d 433
346 25 9413 予ユ老短Ⅰⅲ１・夜・欠 2 2 6 1 2 1 d 419
347 25 9421 予ユ老短Ⅰⅲ２・欠 2 2 1 1 2 2 d 543
348 25 9423 予ユ老短Ⅰⅲ２・夜・欠 2 2 6 1 2 2 d 526
349 25 9061 予ユ老短Ⅰⅳ１・欠 2 2 1 1 2 1 d 462
350 25 9062 予ユ老短Ⅰⅳ１・夜・欠 2 2 6 1 2 1 d 448
351 25 9063 予ユ老短Ⅰⅳ２・欠 2 2 1 1 2 2 d 572
352 25 9064 予ユ老短Ⅰⅳ２・夜・欠 2 2 6 1 2 2 d 554
353 25 9683 予ユ老短Ⅱⅰ１・欠 6 2 1 1 2 1 d 454
354 25 9685 予ユ老短Ⅱⅰ１・夜・欠 6 2 6 1 2 1 d 441
355 25 9687 予ユ老短Ⅱⅰ２・欠 6 2 1 1 2 2 d 564
356 25 9689 予ユ老短Ⅱⅰ２・夜・欠 6 2 6 1 2 2 d 547
357 25 9771 予ユ老短Ⅱⅱ１・欠 6 2 1 1 2 1 d 454
358 25 9772 予ユ老短Ⅱⅱ１・夜・欠 6 2 6 1 2 1 d 441
359 25 9773 予ユ老短Ⅱⅱ２・欠 6 2 1 1 2 2 d 564
360 25 9774 予ユ老短Ⅱⅱ２・夜・欠 6 2 6 1 2 2 d 547
361 25 9691 予ユ老短Ⅱⅲ１・欠 6 2 1 1 2 1 d 454
362 25 9693 予ユ老短Ⅱⅲ１・夜・欠 6 2 6 1 2 1 d 441
363 25 9695 予ユ老短Ⅱⅲ２・欠 6 2 1 1 2 2 d 564
364 25 9697 予ユ老短Ⅱⅲ２・夜・欠 6 2 6 1 2 2 d 547
365 25 9775 予ユ老短Ⅱⅳ１・欠 6 2 1 1 2 1 d 454
366 25 9776 予ユ老短Ⅱⅳ１・夜・欠 6 2 6 1 2 1 d 441
367 25 9777 予ユ老短Ⅱⅳ２・欠 6 2 1 1 2 2 d 564
368 25 9778 予ユ老短Ⅱⅳ２・夜・欠 6 2 6 1 2 2 d 547
369 25 9699 予ユ老短Ⅲⅰ１・欠 8 2 1 1 2 1 d 454
370 25 9701 予ユ老短Ⅲⅰ１・夜・欠 8 2 6 1 2 1 d 441
371 25 9703 予ユ老短Ⅲⅰ２・欠 8 2 1 1 2 2 d 564
372 25 9705 予ユ老短Ⅲⅰ２・夜・欠 8 2 6 1 2 2 d 547
373 25 9781 予ユ老短Ⅲⅱ１・欠 8 2 1 1 2 1 d 454
374 25 9782 予ユ老短Ⅲⅱ１・夜・欠 8 2 6 1 2 1 d 441
375 25 9783 予ユ老短Ⅲⅱ２・欠 8 2 1 1 2 2 d 564
376 25 9784 予ユ老短Ⅲⅱ２・夜・欠 8 2 6 1 2 2 d 547
377 25 9707 予ユ老短Ⅲⅲ１・欠 8 2 1 1 2 1 d 454
378 25 9709 予ユ老短Ⅲⅲ１・夜・欠 8 2 6 1 2 1 d 441
379 25 9711 予ユ老短Ⅲⅲ２・欠 8 2 1 1 2 2 d 564
380 25 9713 予ユ老短Ⅲⅲ２・夜・欠 8 2 6 1 2 2 d 547
381 25 9785 予ユ老短Ⅲⅳ１・欠 8 2 1 1 2 1 d 454
382 25 9786 予ユ老短Ⅲⅳ１・夜・欠 8 2 6 1 2 1 d 441
383 25 9787 予ユ老短Ⅲⅳ２・欠 8 2 1 1 2 2 d 564
384 25 9788 予ユ老短Ⅲⅳ２・夜・欠 8 2 6 1 2 2 d 547
385 25 9511 予ユ老短Ⅰⅰ１・欠・未 2 1 1 1 2 1 d 420
386 25 9513 予ユ老短Ⅰⅰ１・夜・欠・未 2 1 6 1 2 1 d 406
387 25 9521 予ユ老短Ⅰⅰ２・欠・未 2 1 1 1 2 2 d 527
388 25 9523 予ユ老短Ⅰⅰ２・夜・欠・未 2 1 6 1 2 2 d 510
389 25 9071 予ユ老短Ⅰⅱ１・欠・未 2 1 1 1 2 1 d 448
390 25 9072 予ユ老短Ⅰⅱ１・夜・欠・未 2 1 6 1 2 1 d 435
391 25 9073 予ユ老短Ⅰⅱ２・欠・未 2 1 1 1 2 2 d 555
392 25 9074 予ユ老短Ⅰⅱ２・夜・欠・未 2 1 6 1 2 2 d 537
393 25 9611 予ユ老短Ⅰⅲ１・欠・未 2 1 1 1 2 1 d 420
394 25 9613 予ユ老短Ⅰⅲ１・夜・欠・未 2 1 6 1 2 1 d 406
395 25 9621 予ユ老短Ⅰⅲ２・欠・未 2 1 1 1 2 2 d 527
396 25 9623 予ユ老短Ⅰⅲ２・夜・欠・未 2 1 6 1 2 2 d 510
397 25 9081 予ユ老短Ⅰⅳ１・欠・未 2 1 1 1 2 1 d 448
398 25 9082 予ユ老短Ⅰⅳ１・夜・欠・未 2 1 6 1 2 1 d 435
399 25 9083 予ユ老短Ⅰⅳ２・欠・未 2 1 1 1 2 2 d 555
400 25 9084 予ユ老短Ⅰⅳ２・夜・欠・未 2 1 6 1 2 2 d 537
401 25 9715 予ユ老短Ⅱⅰ１・欠・未 6 1 1 1 2 1 d 440
402 25 9717 予ユ老短Ⅱⅰ１・夜・欠・未 6 1 6 1 2 1 d 428
403 25 9719 予ユ老短Ⅱⅰ２・欠・未 6 1 1 1 2 2 d 547
404 25 9721 予ユ老短Ⅱⅰ２・夜・欠・未 6 1 6 1 2 2 d 531
405 25 9791 予ユ老短Ⅱⅱ１・欠・未 6 1 1 1 2 1 d 440
406 25 9792 予ユ老短Ⅱⅱ１・夜・欠・未 6 1 6 1 2 1 d 428
407 25 9793 予ユ老短Ⅱⅱ２・欠・未 6 1 1 1 2 2 d 547
408 25 9794 予ユ老短Ⅱⅱ２・夜・欠・未 6 1 6 1 2 2 d 531
409 25 9723 予ユ老短Ⅱⅲ１・欠・未 6 1 1 1 2 1 d 440
410 25 9725 予ユ老短Ⅱⅲ１・夜・欠・未 6 1 6 1 2 1 d 428
411 25 9727 予ユ老短Ⅱⅲ２・欠・未 6 1 1 1 2 2 d 547
412 25 9729 予ユ老短Ⅱⅲ２・夜・欠・未 6 1 6 1 2 2 d 531
413 25 9795 予ユ老短Ⅱⅳ１・欠・未 6 1 1 1 2 1 d 440
414 25 9796 予ユ老短Ⅱⅳ１・夜・欠・未 6 1 6 1 2 1 d 428
415 25 9797 予ユ老短Ⅱⅳ２・欠・未 6 1 1 1 2 2 d 547
416 25 9798 予ユ老短Ⅱⅳ２・夜・欠・未 6 1 6 1 2 2 d 531
417 25 9731 予ユ老短Ⅲⅰ１・欠・未 8 1 1 1 2 1 d 440
418 25 9733 予ユ老短Ⅲⅰ１・夜・欠・未 8 1 6 1 2 1 d 428
419 25 9735 予ユ老短Ⅲⅰ２・欠・未 8 1 1 1 2 2 d 547
420 25 9737 予ユ老短Ⅲⅰ２・夜・欠・未 8 1 6 1 2 2 d 531
421 25 9801 予ユ老短Ⅲⅱ１・欠・未 8 1 1 1 2 1 d 440
422 25 9802 予ユ老短Ⅲⅱ１・夜・欠・未 8 1 6 1 2 1 d 428
423 25 9803 予ユ老短Ⅲⅱ２・欠・未 8 1 1 1 2 2 d 547
424 25 9804 予ユ老短Ⅲⅱ２・夜・欠・未 8 1 6 1 2 2 d 531
425 25 9739 予ユ老短Ⅲⅲ１・欠・未 8 1 1 1 2 1 d 440
426 25 9741 予ユ老短Ⅲⅲ１・夜・欠・未 8 1 6 1 2 1 d 428
427 25 9743 予ユ老短Ⅲⅲ２・欠・未 8 1 1 1 2 2 d 547
428 25 9745 予ユ老短Ⅲⅲ２・夜・欠・未 8 1 6 1 2 2 d 531
429 25 9805 予ユ老短Ⅲⅳ１・欠・未 8 1 1 1 2 1 d 440
430 25 9806 予ユ老短Ⅲⅳ１・夜・欠・未 8 1 6 1 2 1 d 428
431 25 9807 予ユ老短Ⅲⅳ２・欠・未 8 1 1 1 2 2 d 547
432 25 9808 予ユ老短Ⅲⅳ２・夜・欠・未 8 1 6 1 2 2 d 531
