1 61 1111 予防訪問介護Ⅰ 1 1 1 1 1111 m 1168
2 61 1113 予防訪問介護Ⅰ・初任 1 1 1 2 1111 m 818
3 61 1114 予防訪問介護Ⅰ・同一 1 1 2 1 1111 m 1051
4 61 1115 予防訪問介護Ⅰ・初任・同一 1 1 2 2 1111 m 736
5 61 1211 予防訪問介護Ⅱ 2 1 1 1 1211 m 2335
6 61 1213 予防訪問介護Ⅱ・初任 2 1 1 2 1211 m 1635
7 61 1214 予防訪問介護Ⅱ・同一 2 1 2 1 1211 m 2102
8 61 1215 予防訪問介護Ⅱ・初任・同一 2 1 2 2 1211 m 1472
9 61 1321 予防訪問介護Ⅲ 3 2 1 1 1321 m 3704
10 61 1323 予防訪問介護Ⅲ・初任 3 2 1 2 1321 m 2593
11 61 1324 予防訪問介護Ⅲ・同一 3 2 2 1 1321 m 3334
12 61 1325 予防訪問介護Ⅲ・初任・同一 3 2 2 2 1321 m 2334
13 61 2111 予防訪問介護Ⅰ・日割 1 1 1 1 2111 d 38
14 61 2113 予防訪問介護Ⅰ・初任・日割 1 1 1 2 2111 d 27
15 61 2114 予防訪問介護Ⅰ・同一・日割 1 1 2 1 2111 d 35
16 61 2115 予防訪問介護Ⅰ・初任・同一・日割 1 1 2 2 2111 d 24
17 61 2211 予防訪問介護Ⅱ・日割 2 1 1 1 2211 d 77
18 61 2213 予防訪問介護Ⅱ・初任・日割 2 1 1 2 2211 d 54
19 61 2214 予防訪問介護Ⅱ・同一・日割 2 1 2 1 2211 d 69
20 61 2215 予防訪問介護Ⅱ・初任・同一・日割 2 1 2 2 2211 d 48
21 61 2321 予防訪問介護Ⅲ・日割 3 2 1 1 2321 d 122
22 61 2323 予防訪問介護Ⅲ・初任・日割 3 2 1 2 2321 d 85
23 61 2324 予防訪問介護Ⅲ・同一・日割 3 2 2 1 2321 d 110
24 61 2325 予防訪問介護Ⅲ・初任・同一・日割 3 2 2 2 2321 d 77
