1 43 2111 居宅支援I１ 1 1 1 1 1042
2 43 2117 居宅支援I１・集 1 1 2 1 842
3 43 2129 居宅支援I１・運 1 2 1 1 521
4 43 2132 居宅支援I１・運・集 1 2 2 1 321
5 43 2211 居宅支援I２ 2 1 1 1 1353
6 43 2217 居宅支援I２・集 2 1 2 1 1153
7 43 2229 居宅支援I２・運 2 2 1 1 677
8 43 2232 居宅支援I２・運・集 2 2 2 1 477
9 43 3111 居宅支援II１ 1 1 1 2 521
10 43 3114 居宅支援II１・集 1 1 2 2 321
11 43 3123 居宅支援II１・運 1 2 1 2 261
12 43 3126 居宅支援II１・運・集 1 2 2 2 61
13 43 3211 居宅支援II２ 2 1 1 2 677
14 43 3214 居宅支援II２・集 2 1 2 2 477
15 43 3223 居宅支援II２・運 2 2 1 2 339
16 43 3226 居宅支援II２・運・集 2 2 2 2 139
17 43 4111 居宅支援III１ 1 1 1 3 313
18 43 4114 居宅支援III１・集 1 1 2 3 113
19 43 4123 居宅支援III１・運 1 2 1 3 157
20 43 4211 居宅支援III２ 2 1 1 3 406
21 43 4214 居宅支援III２・集 2 1 2 3 206
22 43 4223 居宅支援III２・運 2 2 1 3 203
23 43 4229 居宅支援III２・運・地 2 2 1 3 233
