1 13 1010 訪看Ⅰ１ 0 20 1 0 0 0 0 1 1 1 1010 d 310
2 13 1015 訪看Ⅰ１・夜 0 20 1 0 0 0 0 1 2 1 1010 d 388
3 13 1016 訪看Ⅰ１・深 0 20 1 0 0 0 0 1 1 2 1010 d 465
4 13 1017 訪看Ⅰ１・複１ 0 20 1 0 0 0 0 1 1 1 1010 d 564
5 13 1018 訪看Ⅰ１・夜・複１ 0 20 1 0 0 0 0 1 2 1 1010 d 642
6 13 1019 訪看Ⅰ１・深・複１ 0 20 1 0 0 0 0 1 1 2 1010 d 719
7 13 1351 訪看Ⅰ１・同 0 20 1 0 0 0 0 2 1 1 1010 d 279
8 13 1352 訪看Ⅰ１・同・夜 0 20 1 0 0 0 0 2 2 1 1010 d 349
9 13 1353 訪看Ⅰ１・同・深 0 20 1 0 0 0 0 2 1 2 1010 d 419
10 13 1354 訪看Ⅰ１・同・複１ 0 20 1 0 0 0 0 2 1 1 1010 d 533
11 13 1355 訪看Ⅰ１・同・夜・複１ 0 20 1 0 0 0 0 2 2 1 1010 d 603
12 13 1356 訪看Ⅰ１・同・深・複１ 0 20 1 0 0 0 0 2 1 2 1010 d 673
13 13 1020 訪看Ⅰ１・准 0 20 1 1 0 0 0 1 1 1 1010 d 279
14 13 1025 訪看Ⅰ１・准・夜 0 20 1 1 0 0 0 1 2 1 1010 d 349
15 13 1026 訪看Ⅰ１・准・深 0 20 1 1 0 0 0 1 1 2 1010 d 419
16 13 1027 訪看Ⅰ１・准・複１ 0 20 1 1 0 0 0 1 1 1 1010 d 533
17 13 1028 訪看Ⅰ１・准・夜・複１ 0 20 1 1 0 0 0 1 2 1 1010 d 603
18 13 1029 訪看Ⅰ１・准・深・複１ 0 20 1 1 0 0 0 1 1 2 1010 d 673
19 13 1357 訪看Ⅰ１・准・同 0 20 1 1 0 0 0 2 1 1 1010 d 251
20 13 1358 訪看Ⅰ１・准・同・夜 0 20 1 1 0 0 0 2 2 1 1010 d 314
21 13 1359 訪看Ⅰ１・准・同・深 0 20 1 1 0 0 0 2 1 2 1010 d 377
22 13 1360 訪看Ⅰ１・准・同・複１ 0 20 1 1 0 0 0 2 1 1 1010 d 505
23 13 1361 訪看Ⅰ１・准・同・夜・複１ 0 20 1 1 0 0 0 2 2 1 1010 d 568
24 13 1362 訪看Ⅰ１・准・同・深・複１ 0 20 1 1 0 0 0 2 1 2 1010 d 631
25 13 1111 訪看Ⅰ２ 20 30 1 0 0 0 0 1 1 1 1111 d 463
26 13 1112 訪看Ⅰ２・夜 20 30 1 0 0 0 0 1 2 1 1111 d 579
27 13 1113 訪看Ⅰ２・深 20 30 1 0 0 0 0 1 1 2 1111 d 695
28 13 1114 訪看Ⅰ２・複１ 20 30 1 0 0 0 0 1 1 1 1111 d 717
29 13 1115 訪看Ⅰ２・夜・複１ 20 30 1 0 0 0 0 1 2 1 1111 d 833
30 13 1116 訪看Ⅰ２・深・複１ 20 30 1 0 0 0 0 1 1 2 1111 d 949
31 13 1363 訪看Ⅰ２・同 20 30 1 0 0 0 0 2 1 1 1111 d 417
32 13 1364 訪看Ⅰ２・同・夜 20 30 1 0 0 0 0 2 2 1 1111 d 521
33 13 1365 訪看Ⅰ２・同・深 20 30 1 0 0 0 0 2 1 2 1111 d 626
34 13 1366 訪看Ⅰ２・同・複１ 20 30 1 0 0 0 0 2 1 1 1111 d 671
35 13 1367 訪看Ⅰ２・同・夜・複１ 20 30 1 0 0 0 0 2 2 1 1111 d 775
36 13 1368 訪看Ⅰ２・同・深・複１ 20 30 1 0 0 0 0 2 1 2 1111 d 880
37 13 1121 訪看Ⅰ２・准 20 30 1 1 0 0 0 1 1 1 1111 d 417
38 13 1122 訪看Ⅰ２・准・夜 20 30 1 1 0 0 0 1 2 1 1111 d 521
39 13 1123 訪看Ⅰ２・准・深 20 30 1 1 0 0 0 1 1 2 1111 d 626
40 13 1124 訪看Ⅰ２・准・複１ 20 30 1 1 0 0 0 1 1 1 1111 d 671
41 13 1125 訪看Ⅰ２・准・夜・複１ 20 30 1 1 0 0 0 1 2 1 1111 d 775
42 13 1126 訪看Ⅰ２・准・深・複１ 20 30 1 1 0 0 0 1 1 2 1111 d 880
43 13 1369 訪看Ⅰ２・准・同 20 30 1 1 0 0 0 2 1 1 1111 d 375
44 13 1370 訪看Ⅰ２・准・同・夜 20 30 1 1 0 0 0 2 2 1 1111 d 469
45 13 1371 訪看Ⅰ２・准・同・深 20 30 1 1 0 0 0 2 1 2 1111 d 563
46 13 1372 訪看Ⅰ２・准・同・複１ 20 30 1 1 0 0 0 2 1 1 1111 d 629
47 13 1373 訪看Ⅰ２・准・同・夜・複１ 20 30 1 1 0 0 0 2 2 1 1111 d 723
48 13 1374 訪看Ⅰ２・准・同・深・複１ 20 30 1 1 0 0 0 2 1 2 1111 d 817
49 13 1211 訪看Ⅰ３ 30 60 1 0 0 0 0 1 1 1 1211 d 814
50 13 1212 訪看Ⅰ３・夜 30 60 1 0 0 0 0 1 2 1 1211 d 1018
51 13 1213 訪看Ⅰ３・深 30 60 1 0 0 0 0 1 1 2 1211 d 1221
52 13 1217 訪看Ⅰ３・複１ 30 60 1 0 0 0 0 1 1 1 1211 d 1068
53 13 1218 訪看Ⅰ３・夜・複１ 30 60 1 0 0 0 0 1 2 1 1211 d 1272
54 13 1219 訪看Ⅰ３・深・複１ 30 60 1 0 0 0 0 1 1 2 1211 d 1475
55 13 1214 訪看Ⅰ３・複２ 30 60 1 0 0 0 0 1 1 1 1211 d 1216
56 13 1215 訪看Ⅰ３・夜・複２ 30 60 1 0 0 0 0 1 2 1 1211 d 1420
57 13 1216 訪看Ⅰ３・深・複２ 30 60 1 0 0 0 0 1 1 2 1211 d 1623
58 13 1375 訪看Ⅰ３・同 30 60 1 0 0 0 0 2 1 1 1211 d 733
59 13 1376 訪看Ⅰ３・同・夜 30 60 1 0 0 0 0 2 2 1 1211 d 916
60 13 1377 訪看Ⅰ３・同・深 30 60 1 0 0 0 0 2 1 2 1211 d 1100
61 13 1378 訪看Ⅰ３・同・複１ 30 60 1 0 0 0 0 2 1 1 1211 d 987
62 13 1379 訪看Ⅰ３・同・夜・複１ 30 60 1 0 0 0 0 2 2 1 1211 d 1170
63 13 1380 訪看Ⅰ３・同・深・複１ 30 60 1 0 0 0 0 2 1 2 1211 d 1354
64 13 1381 訪看Ⅰ３・同・複２ 30 60 1 0 0 0 0 2 1 1 1211 d 1135
65 13 1382 訪看Ⅰ３・同・夜・複２ 30 60 1 0 0 0 0 2 2 1 1211 d 1318
66 13 1383 訪看Ⅰ３・同・深・複２ 30 60 1 0 0 0 0 2 1 2 1211 d 1502
67 13 1221 訪看Ⅰ３・准 30 60 1 1 0 0 0 1 1 1 1211 d 733
68 13 1222 訪看Ⅰ３・准・夜 30 60 1 1 0 0 0 1 2 1 1211 d 916
69 13 1223 訪看Ⅰ３・准・深 30 60 1 1 0 0 0 1 1 2 1211 d 1100
70 13 1227 訪看Ⅰ３・准・複１ 30 60 1 1 0 0 0 1 1 1 1211 d 987
71 13 1228 訪看Ⅰ３・准・夜・複１ 30 60 1 1 0 0 0 1 2 1 1211 d 1170
72 13 1229 訪看Ⅰ３・准・深・複１ 30 60 1 1 0 0 0 1 1 2 1211 d 1354
73 13 1224 訪看Ⅰ３・准・複２ 30 60 1 1 0 0 0 1 1 1 1211 d 1135
74 13 1225 訪看Ⅰ３・准・夜・複２ 30 60 1 1 0 0 0 1 2 1 1211 d 1318
75 13 1226 訪看Ⅰ３・准・深・複２ 30 60 1 1 0 0 0 1 1 2 1211 d 1502
76 13 1384 訪看Ⅰ３・准・同 30 60 1 1 0 0 0 2 1 1 1211 d 660
77 13 1385 訪看Ⅰ３・准・同・夜 30 60 1 1 0 0 0 2 2 1 1211 d 825
78 13 1386 訪看Ⅰ３・准・同・深 30 60 1 1 0 0 0 2 1 2 1211 d 990
79 13 1387 訪看Ⅰ３・准・同・複１ 30 60 1 1 0 0 0 2 1 1 1211 d 914
80 13 1388 訪看Ⅰ３・准・同・夜・複１ 30 60 1 1 0 0 0 2 2 1 1211 d 1079
81 13 1389 訪看Ⅰ３・准・同・深・複１ 30 60 1 1 0 0 0 2 1 2 1211 d 1244
82 13 1390 訪看Ⅰ３・准・同・複２ 30 60 1 1 0 0 0 2 1 1 1211 d 1062
83 13 1391 訪看Ⅰ３・准・同・夜・複２ 30 60 1 1 0 0 0 2 2 1 1211 d 1227
84 13 1392 訪看Ⅰ３・准・同・深・複２ 30 60 1 1 0 0 0 2 1 2 1211 d 1392
85 13 1311 訪看Ⅰ４ 60 90 1 0 0 0 0 1 1 1 1311 d 1117
86 13 1312 訪看Ⅰ４・夜 60 90 1 0 0 0 0 1 2 1 1311 d 1396
87 13 1313 訪看Ⅰ４・深 60 90 1 0 0 0 0 1 1 2 1311 d 1676
88 13 1317 訪看Ⅰ４・複１ 60 90 1 0 0 0 0 1 1 1 1311 d 1371
89 13 1318 訪看Ⅰ４・夜・複１ 60 90 1 0 0 0 0 1 2 1 1311 d 1650
90 13 1319 訪看Ⅰ４・深・複１ 60 90 1 0 0 0 0 1 1 2 1311 d 1930
91 13 1314 訪看Ⅰ４・複２ 60 90 1 0 0 0 0 1 1 1 1311 d 1519
92 13 1315 訪看Ⅰ４・夜・複２ 60 90 1 0 0 0 0 1 2 1 1311 d 1798
93 13 1316 訪看Ⅰ４・深・複２ 60 90 1 0 0 0 0 1 1 2 1311 d 2078
94 13 1331 訪看Ⅰ４・長 90 720 1 0 1 0 0 1 1 1 1311 d 1417
95 13 1332 訪看Ⅰ４・夜・長 90 720 1 0 1 0 0 1 2 1 1311 d 1696
96 13 1333 訪看Ⅰ４・深・長 90 720 1 0 1 0 0 1 1 2 1311 d 1976
97 13 1337 訪看Ⅰ４・複１・長 90 720 1 0 1 0 0 1 1 1 1311 d 1671
98 13 1338 訪看Ⅰ４・夜・複１・長 90 720 1 0 1 0 0 1 2 1 1311 d 1950
99 13 1339 訪看Ⅰ４・深・複１・長 90 720 1 0 1 0 0 1 1 2 1311 d 2230
100 13 1334 訪看Ⅰ４・複２・長 90 720 1 0 1 0 0 1 1 1 1311 d 1819
101 13 1335 訪看Ⅰ４・夜・複２・長 90 720 1 0 1 0 0 1 2 1 1311 d 2098
102 13 1336 訪看Ⅰ４・深・複２・長 90 720 1 0 1 0 0 1 1 2 1311 d 2378
103 13 1393 訪看Ⅰ４・同 60 90 1 0 0 0 0 2 1 1 1311 d 1005
104 13 1394 訪看Ⅰ４・同・夜 60 90 1 0 0 0 0 2 2 1 1311 d 1256
105 13 1395 訪看Ⅰ４・同・深 60 90 1 0 0 0 0 2 1 2 1311 d 1508
106 13 1396 訪看Ⅰ４・同・複１ 60 90 1 0 0 0 0 2 1 1 1311 d 1259
107 13 1397 訪看Ⅰ４・同・夜・複１ 60 90 1 0 0 0 0 2 2 1 1311 d 1510
108 13 1398 訪看Ⅰ４・同・深・複１ 60 90 1 0 0 0 0 2 1 2 1311 d 1762
109 13 1399 訪看Ⅰ４・同・複２ 60 90 1 0 0 0 0 2 1 1 1311 d 1407
110 13 1400 訪看Ⅰ４・同・夜・複２ 60 90 1 0 0 0 0 2 2 1 1311 d 1658
111 13 1401 訪看Ⅰ４・同・深・複２ 60 90 1 0 0 0 0 2 1 2 1311 d 1910
112 13 1402 訪看Ⅰ４・同・長 90 720 1 0 1 0 0 2 1 1 1311 d 1305
113 13 1403 訪看Ⅰ４・同・夜・長 90 720 1 0 1 0 0 2 2 1 1311 d 1556
114 13 1404 訪看Ⅰ４・同・深・長 90 720 1 0 1 0 0 2 1 2 1311 d 1808
115 13 1405 訪看Ⅰ４・同・複１・長 90 720 1 0 1 0 0 2 1 1 1311 d 1559
116 13 1406 訪看Ⅰ４・同・夜・複１・長 90 720 1 0 1 0 0 2 2 1 1311 d 1810
117 13 1407 訪看Ⅰ４・同・深・複１・長 90 720 1 0 1 0 0 2 1 2 1311 d 2062
118 13 1408 訪看Ⅰ４・同・複２・長 90 720 1 0 1 0 0 2 1 1 1311 d 1707
119 13 1409 訪看Ⅰ４・同・夜・複２・長 90 720 1 0 1 0 0 2 2 1 1311 d 1958
120 13 1410 訪看Ⅰ４・同・深・複２・長 90 720 1 0 1 0 0 2 1 2 1311 d 2210
121 13 1321 訪看Ⅰ４・准 60 90 1 1 0 0 0 1 1 1 1311 d 1005
122 13 1322 訪看Ⅰ４・准・夜 60 90 1 1 0 0 0 1 2 1 1311 d 1256
123 13 1323 訪看Ⅰ４・准・深 60 90 1 1 0 0 0 1 1 2 1311 d 1508
124 13 1327 訪看Ⅰ４・准・複１ 60 90 1 1 0 0 0 1 1 1 1311 d 1259
125 13 1328 訪看Ⅰ４・准・夜・複１ 60 90 1 1 0 0 0 1 2 1 1311 d 1510
126 13 1329 訪看Ⅰ４・准・深・複１ 60 90 1 1 0 0 0 1 1 2 1311 d 1762
127 13 1324 訪看Ⅰ４・准・複２ 60 90 1 1 0 0 0 1 1 1 1311 d 1407
128 13 1325 訪看Ⅰ４・准・夜・複２ 60 90 1 1 0 0 0 1 2 1 1311 d 1658
129 13 1326 訪看Ⅰ４・准・深・複２ 60 90 1 1 0 0 0 1 1 2 1311 d 1910
130 13 1341 訪看Ⅰ４・准・長 90 720 1 1 1 0 0 1 1 1 1311 d 1305
131 13 1342 訪看Ⅰ４・准・夜・長 90 720 1 1 1 0 0 1 2 1 1311 d 1556
132 13 1343 訪看Ⅰ４・准・深・長 90 720 1 1 1 0 0 1 1 2 1311 d 1808
133 13 1347 訪看Ⅰ４・准・複１・長 90 720 1 1 1 0 0 1 1 1 1311 d 1559
134 13 1348 訪看Ⅰ４・准・夜・複１・長 90 720 1 1 1 0 0 1 2 1 1311 d 1810
135 13 1349 訪看Ⅰ４・准・深・複１・長 90 720 1 1 1 0 0 1 1 2 1311 d 2062
136 13 1344 訪看Ⅰ４・准・複２・長 90 720 1 1 1 0 0 1 1 1 1311 d 1707
137 13 1345 訪看Ⅰ４・准・夜・複２・長 90 720 1 1 1 0 0 1 2 1 1311 d 1958
138 13 1346 訪看Ⅰ４・准・深・複２・長 90 720 1 1 1 0 0 1 1 2 1311 d 2210
139 13 1411 訪看Ⅰ４・准・同 60 90 1 1 0 0 0 2 1 1 1311 d 905
140 13 1412 訪看Ⅰ４・准・同・夜 60 90 1 1 0 0 0 2 2 1 1311 d 1131
141 13 1413 訪看Ⅰ４・准・同・深 60 90 1 1 0 0 0 2 1 2 1311 d 1358
142 13 1414 訪看Ⅰ４・准・同・複１ 60 90 1 1 0 0 0 2 1 1 1311 d 1159
143 13 1415 訪看Ⅰ４・准・同・夜・複１ 60 90 1 1 0 0 0 2 2 1 1311 d 1385
144 13 1416 訪看Ⅰ４・准・同・深・複１ 60 90 1 1 0 0 0 2 1 2 1311 d 1612
145 13 1417 訪看Ⅰ４・准・同・複２ 60 90 1 1 0 0 0 2 1 1 1311 d 1307
146 13 1418 訪看Ⅰ４・准・同・夜・複２ 60 90 1 1 0 0 0 2 2 1 1311 d 1533
147 13 1419 訪看Ⅰ４・准・同・深・複２ 60 90 1 1 0 0 0 2 1 2 1311 d 1760
148 13 1420 訪看Ⅰ４・准・同・長 90 720 1 1 1 0 0 2 1 1 1311 d 1205
149 13 1421 訪看Ⅰ４・准・同・夜・長 90 720 1 1 1 0 0 2 2 1 1311 d 1431
150 13 1422 訪看Ⅰ４・准・同・深・長 90 720 1 1 1 0 0 2 1 2 1311 d 1658
151 13 1423 訪看Ⅰ４・准・同・複１・長 90 720 1 1 1 0 0 2 1 1 1311 d 1459
152 13 1424 訪看Ⅰ４・准・同・夜・複１・長 90 720 1 1 1 0 0 2 2 1 1311 d 1685
153 13 1425 訪看Ⅰ４・准・同・深・複１・長 90 720 1 1 1 0 0 2 1 2 1311 d 1912
154 13 1426 訪看Ⅰ４・准・同・複２・長 90 720 1 1 1 0 0 2 1 1 1311 d 1607
155 13 1427 訪看Ⅰ４・准・同・夜・複２・長 90 720 1 1 1 0 0 2 2 1 1311 d 1833
156 13 1428 訪看Ⅰ４・准・同・深・複２・長 90 720 1 1 1 0 0 2 1 2 1311 d 2060
157 13 1501 訪看Ⅰ５ _ _ 1 0 0 0 0 1 1 1 1501 d 302
158 13 1502 訪看Ⅰ５・夜 _ _ 1 0 0 0 0 1 2 1 1501 d 378
159 13 1503 訪看Ⅰ５・深 _ _ 1 0 0 0 0 1 1 2 1501 d 453
160 13 1504 訪看Ⅰ５・複１ _ _ 1 0 0 0 0 1 1 1 1501 d 556
161 13 1505 訪看Ⅰ５・夜・複１ _ _ 1 0 0 0 0 1 2 1 1501 d 632
162 13 1506 訪看Ⅰ５・深・複１ _ _ 1 0 0 0 0 1 1 2 1501 d 707
163 13 1507 訪看Ⅰ５・複２ _ _ 1 0 0 0 0 1 1 1 1501 d 704
164 13 1508 訪看Ⅰ５・夜・複２ _ _ 1 0 0 0 0 1 2 1 1501 d 780
165 13 1509 訪看Ⅰ５・深・複２ _ _ 1 0 0 0 0 1 1 2 1501 d 855
166 13 1510 訪看Ⅰ５・同 _ _ 1 0 0 0 0 2 1 1 1501 d 272
167 13 1511 訪看Ⅰ５・同・夜 _ _ 1 0 0 0 0 2 2 1 1501 d 340
168 13 1512 訪看Ⅰ５・同・深 _ _ 1 0 0 0 0 2 1 2 1501 d 408
169 13 1513 訪看Ⅰ５・同・複１ _ _ 1 0 0 0 0 2 1 1 1501 d 526
170 13 1514 訪看Ⅰ５・同・夜・複１ _ _ 1 0 0 0 0 2 2 1 1501 d 594
171 13 1515 訪看Ⅰ５・同・深・複１ _ _ 1 0 0 0 0 2 1 2 1501 d 662
172 13 1516 訪看Ⅰ５・同・複２ _ _ 1 0 0 0 0 2 1 1 1501 d 674
173 13 1517 訪看Ⅰ５・同・夜・複２ _ _ 1 0 0 0 0 2 2 1 1501 d 742
174 13 1518 訪看Ⅰ５・同・深・複２ _ _ 1 0 0 0 0 2 1 2 1501 d 810
175 13 1521 訪看Ⅰ５・２超 _ _ 1 0 0 0 0 1 1 1 1501 d 272
176 13 1522 訪看Ⅰ５・２超・夜 _ _ 1 0 0 0 0 1 2 1 1501 d 340
177 13 1523 訪看Ⅰ５・２超・深 _ _ 1 0 0 0 0 1 1 2 1501 d 408
178 13 1524 訪看Ⅰ５・２超・複１ _ _ 1 0 0 0 0 1 1 1 1501 d 526
179 13 1525 訪看Ⅰ５・２超・夜・複１ _ _ 1 0 0 0 0 1 2 1 1501 d 594
180 13 1526 訪看Ⅰ５・２超・深・複１ _ _ 1 0 0 0 0 1 1 2 1501 d 662
181 13 1527 訪看Ⅰ５・２超・複２ _ _ 1 0 0 0 0 1 1 1 1501 d 674
182 13 1528 訪看Ⅰ５・２超・夜・複２ _ _ 1 0 0 0 0 1 2 1 1501 d 742
183 13 1529 訪看Ⅰ５・２超・深・複２ _ _ 1 0 0 0 0 1 1 2 1501 d 810
184 13 1530 訪看Ⅰ５・２超・同 _ _ 1 0 0 0 0 2 1 1 1501 d 245
185 13 1531 訪看Ⅰ５・２超・同・夜 _ _ 1 0 0 0 0 2 2 1 1501 d 306
186 13 1532 訪看Ⅰ５・２超・同・深 _ _ 1 0 0 0 0 2 1 2 1501 d 368
187 13 1533 訪看Ⅰ５・２超・同・複１ _ _ 1 0 0 0 0 2 1 1 1501 d 499
188 13 1534 訪看Ⅰ５・２超・同・夜・複１ _ _ 1 0 0 0 0 2 2 1 1501 d 560
189 13 1535 訪看Ⅰ５・２超・同・深・複１ _ _ 1 0 0 0 0 2 1 2 1501 d 622
190 13 1536 訪看Ⅰ５・２超・同・複２ _ _ 1 0 0 0 0 2 1 1 1501 d 647
191 13 1537 訪看Ⅰ５・２超・同・夜・複２ _ _ 1 0 0 0 0 2 2 1 1501 d 708
192 13 1538 訪看Ⅰ５・２超・同・深・複２ _ _ 1 0 0 0 0 2 1 2 1501 d 770
193 13 2010 訪看Ⅱ１ 0 20 2 0 0 0 0 1 1 1 2010 d 262
194 13 2015 訪看Ⅱ１・夜 0 20 2 0 0 0 0 1 2 1 2010 d 328
195 13 2016 訪看Ⅱ１・深 0 20 2 0 0 0 0 1 1 2 2010 d 393
196 13 2017 訪看Ⅱ１・複１ 0 20 2 0 0 0 0 1 1 1 2010 d 516
197 13 2018 訪看Ⅱ１・夜・複１ 0 20 2 0 0 0 0 1 2 1 2010 d 582
198 13 2019 訪看Ⅱ１・深・複１ 0 20 2 0 0 0 0 1 1 2 2010 d 647
199 13 2351 訪看Ⅱ１・同 0 20 2 0 0 0 0 2 1 1 2010 d 236
200 13 2352 訪看Ⅱ１・同・夜 0 20 2 0 0 0 0 2 2 1 2010 d 295
201 13 2353 訪看Ⅱ１・同・深 0 20 2 0 0 0 0 2 1 2 2010 d 354
202 13 2354 訪看Ⅱ１・同・複１ 0 20 2 0 0 0 0 2 1 1 2010 d 490
203 13 2355 訪看Ⅱ１・同・夜・複１ 0 20 2 0 0 0 0 2 2 1 2010 d 549
204 13 2356 訪看Ⅱ１・同・深・複１ 0 20 2 0 0 0 0 2 1 2 2010 d 608
205 13 2020 訪看Ⅱ１・准 0 20 2 1 0 0 0 1 1 1 2010 d 236
206 13 2025 訪看Ⅱ１・准・夜 0 20 2 1 0 0 0 1 2 1 2010 d 295
207 13 2026 訪看Ⅱ１・准・深 0 20 2 1 0 0 0 1 1 2 2010 d 354
208 13 2027 訪看Ⅱ１・准・複１ 0 20 2 1 0 0 0 1 1 1 2010 d 490
209 13 2028 訪看Ⅱ１・准・夜・複１ 0 20 2 1 0 0 0 1 2 1 2010 d 549
210 13 2029 訪看Ⅱ１・准・深・複１ 0 20 2 1 0 0 0 1 1 2 2010 d 608
211 13 2357 訪看Ⅱ１・准・同 0 20 2 1 0 0 0 2 1 1 2010 d 212
212 13 2358 訪看Ⅱ１・准・同・夜 0 20 2 1 0 0 0 2 2 1 2010 d 265
213 13 2359 訪看Ⅱ１・准・同・深 0 20 2 1 0 0 0 2 1 2 2010 d 318
214 13 2360 訪看Ⅱ１・准・同・複１ 0 20 2 1 0 0 0 2 1 1 2010 d 466
215 13 2361 訪看Ⅱ１・准・同・夜・複１ 0 20 2 1 0 0 0 2 2 1 2010 d 519
216 13 2362 訪看Ⅱ１・准・同・深・複１ 0 20 2 1 0 0 0 2 1 2 2010 d 572
217 13 2111 訪看Ⅱ２ 20 30 2 0 0 0 0 1 1 1 2111 d 392
218 13 2112 訪看Ⅱ２・夜 20 30 2 0 0 0 0 1 2 1 2111 d 490
219 13 2113 訪看Ⅱ２・深 20 30 2 0 0 0 0 1 1 2 2111 d 588
220 13 2114 訪看Ⅱ２・複１ 20 30 2 0 0 0 0 1 1 1 2111 d 646
221 13 2115 訪看Ⅱ２・夜・複１ 20 30 2 0 0 0 0 1 2 1 2111 d 744
222 13 2116 訪看Ⅱ２・深・複１ 20 30 2 0 0 0 0 1 1 2 2111 d 842
223 13 2363 訪看Ⅱ２・同 20 30 2 0 0 0 0 2 1 1 2111 d 353
224 13 2364 訪看Ⅱ２・同・夜 20 30 2 0 0 0 0 2 2 1 2111 d 441
225 13 2365 訪看Ⅱ２・同・深 20 30 2 0 0 0 0 2 1 2 2111 d 530
226 13 2366 訪看Ⅱ２・同・複１ 20 30 2 0 0 0 0 2 1 1 2111 d 607
227 13 2367 訪看Ⅱ２・同・夜・複１ 20 30 2 0 0 0 0 2 2 1 2111 d 695
228 13 2368 訪看Ⅱ２・同・深・複１ 20 30 2 0 0 0 0 2 1 2 2111 d 784
229 13 2121 訪看Ⅱ２・准 20 30 2 1 0 0 0 1 1 1 2111 d 353
230 13 2122 訪看Ⅱ２・准・夜 20 30 2 1 0 0 0 1 2 1 2111 d 441
231 13 2123 訪看Ⅱ２・准・深 20 30 2 1 0 0 0 1 1 2 2111 d 530
232 13 2124 訪看Ⅱ２・准・複１ 20 30 2 1 0 0 0 1 1 1 2111 d 607
233 13 2125 訪看Ⅱ２・准・夜・複１ 20 30 2 1 0 0 0 1 2 1 2111 d 695
234 13 2126 訪看Ⅱ２・准・深・複１ 20 30 2 1 0 0 0 1 1 2 2111 d 784
235 13 2369 訪看Ⅱ２・准・同 20 30 2 1 0 0 0 2 1 1 2111 d 318
236 13 2370 訪看Ⅱ２・准・同・夜 20 30 2 1 0 0 0 2 2 1 2111 d 398
237 13 2371 訪看Ⅱ２・准・同・深 20 30 2 1 0 0 0 2 1 2 2111 d 477
238 13 2372 訪看Ⅱ２・准・同・複１ 20 30 2 1 0 0 0 2 1 1 2111 d 572
239 13 2373 訪看Ⅱ２・准・同・夜・複１ 20 30 2 1 0 0 0 2 2 1 2111 d 652
240 13 2374 訪看Ⅱ２・准・同・深・複１ 20 30 2 1 0 0 0 2 1 2 2111 d 731
241 13 2211 訪看Ⅱ３ 30 60 2 0 0 0 0 1 1 1 2211 d 567
242 13 2212 訪看Ⅱ３・夜 30 60 2 0 0 0 0 1 2 1 2211 d 709
243 13 2213 訪看Ⅱ３・深 30 60 2 0 0 0 0 1 1 2 2211 d 851
244 13 2217 訪看Ⅱ３・複１ 30 60 2 0 0 0 0 1 1 1 2211 d 821
245 13 2218 訪看Ⅱ３・夜・複１ 30 60 2 0 0 0 0 1 2 1 2211 d 963
246 13 2219 訪看Ⅱ３・深・複１ 30 60 2 0 0 0 0 1 1 2 2211 d 1105
247 13 2214 訪看Ⅱ３・複２ 30 60 2 0 0 0 0 1 1 1 2211 d 969
248 13 2215 訪看Ⅱ３・夜・複２ 30 60 2 0 0 0 0 1 2 1 2211 d 1111
249 13 2216 訪看Ⅱ３・深・複２ 30 60 2 0 0 0 0 1 1 2 2211 d 1253
250 13 2375 訪看Ⅱ３・同 30 60 2 0 0 0 0 2 1 1 2211 d 510
251 13 2376 訪看Ⅱ３・同・夜 30 60 2 0 0 0 0 2 2 1 2211 d 638
252 13 2377 訪看Ⅱ３・同・深 30 60 2 0 0 0 0 2 1 2 2211 d 765
253 13 2378 訪看Ⅱ３・同・複１ 30 60 2 0 0 0 0 2 1 1 2211 d 764
254 13 2379 訪看Ⅱ３・同・夜・複１ 30 60 2 0 0 0 0 2 2 1 2211 d 892
255 13 2380 訪看Ⅱ３・同・深・複１ 30 60 2 0 0 0 0 2 1 2 2211 d 1019
256 13 2381 訪看Ⅱ３・同・複２ 30 60 2 0 0 0 0 2 1 1 2211 d 912
257 13 2382 訪看Ⅱ３・同・夜・複２ 30 60 2 0 0 0 0 2 2 1 2211 d 1040
258 13 2383 訪看Ⅱ３・同・深・複２ 30 60 2 0 0 0 0 2 1 2 2211 d 1167
259 13 2221 訪看Ⅱ３・准 30 60 2 1 0 0 0 1 1 1 2211 d 510
260 13 2222 訪看Ⅱ３・准・夜 30 60 2 1 0 0 0 1 2 1 2211 d 638
261 13 2223 訪看Ⅱ３・准・深 30 60 2 1 0 0 0 1 1 2 2211 d 765
262 13 2227 訪看Ⅱ３・准・複１ 30 60 2 1 0 0 0 1 1 1 2211 d 764
263 13 2228 訪看Ⅱ３・准・夜・複１ 30 60 2 1 0 0 0 1 2 1 2211 d 892
264 13 2229 訪看Ⅱ３・准・深・複１ 30 60 2 1 0 0 0 1 1 2 2211 d 1019
265 13 2224 訪看Ⅱ３・准・複２ 30 60 2 1 0 0 0 1 1 1 2211 d 912
266 13 2225 訪看Ⅱ３・准・夜・複２ 30 60 2 1 0 0 0 1 2 1 2211 d 1040
267 13 2226 訪看Ⅱ３・准・深・複２ 30 60 2 1 0 0 0 1 1 2 2211 d 1167
268 13 2384 訪看Ⅱ３・准・同 30 60 2 1 0 0 0 2 1 1 2211 d 459
269 13 2385 訪看Ⅱ３・准・同・夜 30 60 2 1 0 0 0 2 2 1 2211 d 574
270 13 2386 訪看Ⅱ３・准・同・深 30 60 2 1 0 0 0 2 1 2 2211 d 689
271 13 2387 訪看Ⅱ３・准・同・複１ 30 60 2 1 0 0 0 2 1 1 2211 d 713
272 13 2388 訪看Ⅱ３・准・同・夜・複１ 30 60 2 1 0 0 0 2 2 1 2211 d 828
273 13 2389 訪看Ⅱ３・准・同・深・複１ 30 60 2 1 0 0 0 2 1 2 2211 d 943
274 13 2390 訪看Ⅱ３・准・同・複２ 30 60 2 1 0 0 0 2 1 1 2211 d 861
275 13 2391 訪看Ⅱ３・准・同・夜・複２ 30 60 2 1 0 0 0 2 2 1 2211 d 976
276 13 2392 訪看Ⅱ３・准・同・深・複２ 30 60 2 1 0 0 0 2 1 2 2211 d 1091
277 13 2311 訪看Ⅱ４ 60 90 2 0 0 0 0 1 1 1 2311 d 835
278 13 2312 訪看Ⅱ４・夜 60 90 2 0 0 0 0 1 2 1 2311 d 1044
279 13 2313 訪看Ⅱ４・深 60 90 2 0 0 0 0 1 1 2 2311 d 1253
280 13 2317 訪看Ⅱ４・複１ 60 90 2 0 0 0 0 1 1 1 2311 d 1089
281 13 2318 訪看Ⅱ４・夜・複１ 60 90 2 0 0 0 0 1 2 1 2311 d 1298
282 13 2319 訪看Ⅱ４・深・複１ 60 90 2 0 0 0 0 1 1 2 2311 d 1507
283 13 2314 訪看Ⅱ４・複２ 60 90 2 0 0 0 0 1 1 1 2311 d 1237
284 13 2315 訪看Ⅱ４・夜・複２ 60 90 2 0 0 0 0 1 2 1 2311 d 1446
285 13 2316 訪看Ⅱ４・深・複２ 60 90 2 0 0 0 0 1 1 2 2311 d 1655
286 13 2331 訪看Ⅱ４・長 90 720 2 0 1 0 0 1 1 1 2311 d 1135
287 13 2332 訪看Ⅱ４・夜・長 90 720 2 0 1 0 0 1 2 1 2311 d 1344
288 13 2333 訪看Ⅱ４・深・長 90 720 2 0 1 0 0 1 1 2 2311 d 1553
289 13 2337 訪看Ⅱ４・複１・長 90 720 2 0 1 0 0 1 1 1 2311 d 1389
290 13 2338 訪看Ⅱ４・夜・複１・長 90 720 2 0 1 0 0 1 2 1 2311 d 1598
291 13 2339 訪看Ⅱ４・深・複１・長 90 720 2 0 1 0 0 1 1 2 2311 d 1807
292 13 2334 訪看Ⅱ４・複２・長 90 720 2 0 1 0 0 1 1 1 2311 d 1537
293 13 2335 訪看Ⅱ４・夜・複２・長 90 720 2 0 1 0 0 1 2 1 2311 d 1746
294 13 2336 訪看Ⅱ４・深・複２・長 90 720 2 0 1 0 0 1 1 2 2311 d 1955
295 13 2393 訪看Ⅱ４・同 60 90 2 0 0 0 0 2 1 1 2311 d 752
296 13 2394 訪看Ⅱ４・同・夜 60 90 2 0 0 0 0 2 2 1 2311 d 940
297 13 2395 訪看Ⅱ４・同・深 60 90 2 0 0 0 0 2 1 2 2311 d 1128
298 13 2396 訪看Ⅱ４・同・複１ 60 90 2 0 0 0 0 2 1 1 2311 d 1006
299 13 2397 訪看Ⅱ４・同・夜・複１ 60 90 2 0 0 0 0 2 2 1 2311 d 1194
300 13 2398 訪看Ⅱ４・同・深・複１ 60 90 2 0 0 0 0 2 1 2 2311 d 1382
301 13 2399 訪看Ⅱ４・同・複２ 60 90 2 0 0 0 0 2 1 1 2311 d 1154
302 13 2400 訪看Ⅱ４・同・夜・複２ 60 90 2 0 0 0 0 2 2 1 2311 d 1342
303 13 2401 訪看Ⅱ４・同・深・複２ 60 90 2 0 0 0 0 2 1 2 2311 d 1530
304 13 2402 訪看Ⅱ４・同・長 90 720 2 0 1 0 0 2 1 1 2311 d 1052
305 13 2403 訪看Ⅱ４・同・夜・長 90 720 2 0 1 0 0 2 2 1 2311 d 1240
306 13 2404 訪看Ⅱ４・同・深・長 90 720 2 0 1 0 0 2 1 2 2311 d 1428
307 13 2405 訪看Ⅱ４・同・複１・長 90 720 2 0 1 0 0 2 1 1 2311 d 1306
308 13 2406 訪看Ⅱ４・同・夜・複１・長 90 720 2 0 1 0 0 2 2 1 2311 d 1494
309 13 2407 訪看Ⅱ４・同・深・複１・長 90 720 2 0 1 0 0 2 1 2 2311 d 1682
310 13 2408 訪看Ⅱ４・同・複２・長 90 720 2 0 1 0 0 2 1 1 2311 d 1454
311 13 2409 訪看Ⅱ４・同・夜・複２・長 90 720 2 0 1 0 0 2 2 1 2311 d 1642
312 13 2410 訪看Ⅱ４・同・深・複２・長 90 720 2 0 1 0 0 2 1 2 2311 d 1830
313 13 2321 訪看Ⅱ４・准 60 90 2 1 0 0 0 1 1 1 2311 d 752
314 13 2322 訪看Ⅱ４・准・夜 60 90 2 1 0 0 0 1 2 1 2311 d 940
315 13 2323 訪看Ⅱ４・准・深 60 90 2 1 0 0 0 1 1 2 2311 d 1128
316 13 2327 訪看Ⅱ４・准・複１ 60 90 2 1 0 0 0 1 1 1 2311 d 1006
317 13 2328 訪看Ⅱ４・准・夜・複１ 60 90 2 1 0 0 0 1 2 1 2311 d 1194
318 13 2329 訪看Ⅱ４・准・深・複１ 60 90 2 1 0 0 0 1 1 2 2311 d 1382
319 13 2324 訪看Ⅱ４・准・複２ 60 90 2 1 0 0 0 1 1 1 2311 d 1154
320 13 2325 訪看Ⅱ４・准・夜・複２ 60 90 2 1 0 0 0 1 2 1 2311 d 1342
321 13 2326 訪看Ⅱ４・准・深・複２ 60 90 2 1 0 0 0 1 1 2 2311 d 1530
322 13 2341 訪看Ⅱ４・准・長 90 720 2 1 1 0 0 1 1 1 2311 d 1052
323 13 2342 訪看Ⅱ４・准・夜・長 60 720 2 1 1 0 0 1 2 1 2311 d 1240
324 13 2343 訪看Ⅱ４・准・深・長 90 720 2 1 1 0 0 1 1 2 2311 d 1428
325 13 2347 訪看Ⅱ４・准・複１・長 90 720 2 1 1 0 0 1 1 1 2311 d 1306
326 13 2348 訪看Ⅱ４・准・夜・複１・長 90 720 2 1 1 0 0 1 2 1 2311 d 1494
327 13 2349 訪看Ⅱ４・准・深・複１・長 90 720 2 1 1 0 0 1 1 2 2311 d 1682
328 13 2344 訪看Ⅱ４・准・複２・長 90 720 2 1 1 0 0 1 1 1 2311 d 1454
329 13 2345 訪看Ⅱ４・准・夜・複２・長 90 720 2 1 1 0 0 1 2 1 2311 d 1642
330 13 2346 訪看Ⅱ４・准・深・複２・長 90 720 2 1 1 0 0 1 1 2 2311 d 1830
331 13 2411 訪看Ⅱ４・准・同 60 90 2 1 0 0 0 2 1 1 2311 d 677
332 13 2412 訪看Ⅱ４・准・同・夜 60 90 2 1 0 0 0 2 2 1 2311 d 846
333 13 2413 訪看Ⅱ４・准・同・深 60 90 2 1 0 0 0 2 1 2 2311 d 1016
334 13 2414 訪看Ⅱ４・准・同・複１ 60 90 2 1 0 0 0 2 1 1 2311 d 931
335 13 2415 訪看Ⅱ４・准・同・夜・複１ 60 90 2 1 0 0 0 2 2 1 2311 d 1100
336 13 2416 訪看Ⅱ４・准・同・深・複１ 60 90 2 1 0 0 0 2 1 2 2311 d 1270
337 13 2417 訪看Ⅱ４・准・同・複２ 60 90 2 1 0 0 0 2 1 1 2311 d 1079
338 13 2418 訪看Ⅱ４・准・同・夜・複２ 60 90 2 1 0 0 0 2 2 1 2311 d 1248
339 13 2419 訪看Ⅱ４・准・同・深・複２ 60 90 2 1 0 0 0 2 1 2 2311 d 1418
340 13 2420 訪看Ⅱ４・准・同・長 90 720 2 1 1 0 0 2 1 1 2311 d 977
341 13 2421 訪看Ⅱ４・准・同・夜・長 90 720 2 1 1 0 0 2 2 1 2311 d 1146
342 13 2422 訪看Ⅱ４・准・同・深・長 90 720 2 1 1 0 0 2 1 2 2311 d 1316
343 13 2423 訪看Ⅱ４・准・同・複１・長 90 720 2 1 1 0 0 2 1 1 2311 d 1231
344 13 2424 訪看Ⅱ４・准・同・夜・複１・長 90 720 2 1 1 0 0 2 2 1 2311 d 1400
345 13 2425 訪看Ⅱ４・准・同・深・複１・長 90 720 2 1 1 0 0 2 1 2 2311 d 1570
346 13 2426 訪看Ⅱ４・准・同・複２・長 90 720 2 1 1 0 0 2 1 1 2311 d 1379
347 13 2427 訪看Ⅱ４・准・同・夜・複２・長 90 720 2 1 1 0 0 2 2 1 2311 d 1548
348 13 2428 訪看Ⅱ４・准・同・深・複２・長 90 720 2 1 1 0 0 2 1 2 2311 d 1718
349 13 3111 定期巡回訪看 _ _ 3 0 0 1 0 1 1 1 3111 m 2935
350 13 3113 定期巡回訪看・准１ _ _ 3 1 0 1 0 1 1 1 3111 m 2876
351 13 3115 定期巡回訪看・介５ _ _ 3 0 0 1 0 1 1 1 3111 m 3735
352 13 3117 定期巡回訪看・准１・介５ _ _ 3 1 0 1 0 1 1 1 3111 m 3676
353 13 3112 定期巡回訪看・日割 _ _ 3 0 0 1 1 0 0 0 3112 d 97
354 13 3114 定期巡回訪看・准１・日割 _ _ 3 1 0 1 1 0 0 0 3112 d 95
355 13 3116 定期巡回訪看・介５・日割 _ _ 3 0 0 1 1 0 0 0 3112 d 123
356 13 3118 定期巡回訪看・准１・介５・日割 _ _ 3 1 0 1 1 0 0 0 3112 d 121
