00000213 0029 2012 04 1 1 20140716141734 00078
00000213 0029 2012 05 1 1 20140716143408 00078
00000213 0029 2012 06 1 1 20140716144239 00078
00000213 0029 2012 07 1 1 20140716145756 00078
00000213 0029 2012 08 1 1 20140716150651 00078
00000213 0029 2012 09 1 1 20140716151816 00078
00000213 0029 2012 10 1 1 20140716153608 00078
00000213 0029 2012 11 1 1 20140716155319 00078
00000213 0029 2012 12 1 1 20140716160352 00078
00000213 0029 2013 01 1 1 20140708162828 00078
00000213 0029 2013 02 1 1 20140708164141 00078
00000213 0029 2013 03 1 1 20140708165739 00078
00000213 0029 2013 04 1 1 20140708170842 00078
00000213 0029 2013 05 1 1 20140708172738 00078
00000213 0029 2013 06 1 1 20140708173627 00078
00000213 0029 2013 07 1 1 20140708174611 00078
00000213 0029 2013 08 1 1 20140708175530 00078
00000213 0029 2013 09 1 1 20140703121617 00078
00000213 0029 2013 10 _ 1 20140703134318 78
00000213 0029 2013 11 1 1 20140703135307 00078
00000213 0029 2013 12 1 1 20140703140433 00078
00000213 0029 2014 01 1 1 20140619110943 00078
00000213 0029 2014 02 1 1 20140619112053 00078
00000213 0029 2014 03 1 1 20140729103900 00078
00000213 0029 2014 04 1 1 20140619120500 00078
00000213 0029 2014 05 1 1 20140819104952 00078
00000213 0029 2014 06 1 1 20140701130102 00047
00000213 0029 2014 07 1 1 20140802135256 00047
00000213 0029 2014 08 1 1 20140831124825 00049
00000213 0029 2014 09 1 1 20140930202814 00049
00000213 0029 2014 10 1 1 20141031201255 00049
00000213 0029 2014 11 1 1 20141201092129 00049
00000213 0029 2014 12 _ 1 20141210105052 00049
