00000207 0029 2013 01 _ 1 20140708115101 00078
00000207 0029 2013 02 1 1 20140708113236 00078
00000207 0029 2014 04 1 1 20140618195731 00078
00000207 0029 2014 05 1 1 20140819102548 00078
00000207 0029 2014 06 1 1 20140701132508 00049
00000207 0029 2014 07 1 1 20140802135702 00047
00000207 0029 2014 08 1 1 20140831130035 00049
00000207 0029 2014 09 1 1 20140930203952 00049
00000207 0029 2014 10 1 1 20141031201841 00049
00000207 0029 2014 11 1 1 20141201121315 00049
00000207 0029 2014 12 _ 1 20141206165231 00049
00000207 0107 2012 04 1 1 20140716101259 00078
00000207 0107 2012 05 1 1 20140716101737 00078
00000207 0107 2012 06 1 1 20140716102144 00078
00000207 0107 2012 07 1 1 20140716102605 00078
00000207 0107 2012 08 1 1 20140716103022 00078
00000207 0107 2012 09 1 1 20140716103316 00078
00000207 0107 2012 10 1 1 20140716103603 00078
00000207 0107 2012 11 1 1 20140716104140 00078
00000207 0107 2012 12 1 1 20140716104458 00078
00000207 0107 2013 01 1 1 20140708122324 00078
00000207 0107 2013 02 1 1 20140708122533 00078
00000207 0107 2013 03 1 1 20140708122833 00078
00000207 0107 2013 04 1 1 20140708134335 00078
00000207 0107 2013 05 1 1 20140708135304 00078
00000207 0107 2013 06 1 1 20140708135804 00078
00000207 0107 2013 07 1 1 20140708140210 00078
00000207 0107 2013 08 1 1 20140708140553 00078
00000207 0107 2013 09 1 1 20140703101900 00078
00000207 0107 2013 10 1 1 20140703102850 00078
00000207 0107 2013 11 1 1 20140703103138 00078
00000207 0107 2013 12 1 1 20140703103608 00078
00000207 0107 2014 01 1 1 20140618194249 00078
00000207 0107 2014 02 1 1 20140618194543 00078
00000207 0107 2014 03 1 1 20140618194737 00078
