1 00000203 2011 03 11 0029 グランクレール・ケアサービス馬事公苑 1111 身体介護１ 254 0 254 26 6604 0 6604 6604 0 11.26 74361 90 66924 7437 0 n n 0 1 20141201182740 00078
1 00000203 2011 04 11 0029 グランクレール・ケアサービス馬事公苑 1111 身体介護１ 254 0 254 20 5080 0 5080 5080 0 11.26 57200 90 51480 5720 0 n n 0 1 20141201143341 00078
1 00000203 2011 05 11 0029 グランクレール・ケアサービス馬事公苑 1111 身体介護１ 254 0 254 13 3302 0 3302 3302 0 11.26 37180 90 33462 3718 0 n n 0 1 20141130182024 00078
1 00000203 2011 06 11 0029 グランクレール・ケアサービス馬事公苑 1111 身体介護１ 254 0 254 20 5080 0 5080 5080 0 11.26 57200 90 51480 5720 0 n n 0 1 20141130162021 00078
1 00000203 2011 07 11 0029 グランクレール・ケアサービス馬事公苑 1111 身体介護１ 254 0 254 20 5080 0 5080 5080 0 11.26 57200 90 51480 5720 0 n n 0 1 20141130125330 00078
1 00000203 2011 08 11 0029 グランクレール・ケアサービス馬事公苑 1111 身体介護１ 254 0 254 18 4572 0 4572 4572 0 11.26 51480 90 46332 5148 0 n n 0 1 20141130105206 00078
1 00000203 2011 09 11 0029 グランクレール・ケアサービス馬事公苑 1111 身体介護１ 254 0 254 14 3556 0 3556 3556 0 11.26 40040 90 36036 4004 0 n n 0 1 20141128174418 00078
1 00000203 2011 10 11 0029 グランクレール・ケアサービス馬事公苑 1111 身体介護１ 254 0 254 14 3556 0 3556 3556 0 11.26 40040 90 36036 4004 0 n n 0 1 20141127174626 00078
1 00000203 2011 11 11 0029 グランクレール・ケアサービス馬事公苑 1111 身体介護１ 254 0 254 16 4064 0 4064 4064 0 11.26 45760 90 41184 4576 0 n n 0 1 20141127140750 00078
1 00000203 2011 12 11 0029 グランクレール・ケアサービス馬事公苑 1111 身体介護１ 254 0 254 20 5080 0 5080 5080 0 11.26 57200 90 51480 5720 0 n n 0 1 20141125140124 00078
1 00000203 2012 01 11 0029 グランクレール・ケアサービス馬事公苑 1111 身体介護１ 254 0 254 10 2540 0 2540 2540 0 11.26 28600 90 25740 2860 0 n n 0 1 20141121141700 00078
1 00000203 2012 02 11 0029 グランクレール・ケアサービス馬事公苑 1111 身体介護１ 254 0 254 11 2794 0 2794 2794 0 11.26 31460 90 28314 3146 0 n n 0 1 20141119163617 00078
1 00000203 2012 03 11 0029 グランクレール・ケアサービス馬事公苑 1111 身体介護１ 254 0 254 12 3048 0 3048 3048 0 11.26 34320 90 30888 3432 0 n n 0 1 20141119114757 00078
1 00000203 2012 04 11 0029 グランクレール・ケアサービス馬事公苑 1111 身体介護１ 254 0 254 11 2794 0 2794 2794 0 11.26 31460 90 28314 3146 0 n n 0 1 20140714103549 00078
1 00000203 2012 05 11 0029 グランクレール・ケアサービス馬事公苑 1111 身体介護１ 254 0 254 14 3556 0 3556 3556 0 11.26 40040 90 36036 4004 0 n n 0 1 20140714113607 00078
1 00000203 2012 06 11 0029 グランクレール・ケアサービス馬事公苑 1111 身体介護１ 254 0 254 12 3048 0 3048 3048 0 11.26 34320 90 30888 3432 0 n n 0 1 20140714135551 00078
1 00000203 2012 07 11 0029 グランクレール・ケアサービス馬事公苑 1111 身体介護１ 254 0 254 15 3810 0 3810 3810 0 11.26 42900 90 38610 4290 0 n n 0 1 20140714144542 00078
1 00000203 2012 08 11 0029 グランクレール・ケアサービス馬事公苑 1111 身体介護１ 254 0 254 15 3810 0 3810 3810 0 11.26 42900 90 38610 4290 0 n n 0 1 20140714152741 00078
1 00000203 2012 09 11 0029 グランクレール・ケアサービス馬事公苑 1111 身体介護１ 254 0 254 15 3810 0 3810 3810 0 11.26 42900 90 38610 4290 0 n n 0 1 20140714160657 00078
1 00000203 2012 10 11 0029 グランクレール・ケアサービス馬事公苑 1111 身体介護１ 254 0 254 16 4064 0 4064 4064 0 11.26 45760 90 41184 4576 0 n n 0 1 20140714164702 00078
1 00000203 2012 11 11 0029 グランクレール・ケアサービス馬事公苑 1111 身体介護１ 254 0 254 14 3556 0 3556 3556 0 11.26 40040 90 36036 4004 0 n n 0 1 20140714173917 00078
1 00000203 2012 12 11 0029 グランクレール・ケアサービス馬事公苑 1111 身体介護１ 254 0 254 13 3302 0 3302 3302 0 11.26 37180 90 33462 3718 0 n n 0 1 20140714182046 00078
1 00000203 2013 01 11 0029 グランクレール・ケアサービス馬事公苑 1111 身体介護１ 254 0 254 14 3556 0 3556 3556 0 11.26 40040 90 36036 4004 0 n n 0 1 20140704153550 00078
1 00000203 2013 02 11 0029 グランクレール・ケアサービス馬事公苑 1111 身体介護１ 254 0 254 13 3302 0 3302 3302 0 11.26 37180 90 33462 3718 0 n n 0 1 20140704163425 00078
1 00000203 2013 03 11 0029 グランクレール・ケアサービス馬事公苑 1111 身体介護１ 254 0 254 17 4318 0 4318 4318 0 11.26 48620 90 43758 4862 0 n n 0 1 20140704172312 00078
1 00000203 2013 04 11 0029 グランクレール・ケアサービス馬事公苑 1111 身体介護１ 254 0 254 14 3556 0 3556 3556 0 11.26 40040 90 36036 4004 0 n n 0 1 20140704181129 00078
1 00000203 2013 05 11 0029 グランクレール・ケアサービス馬事公苑 1111 身体介護１ 254 0 254 13 3302 0 3302 3302 0 11.26 37180 90 33462 3718 0 n n 0 1 20140704190641 00078
1 00000203 2013 06 11 0029 グランクレール・ケアサービス馬事公苑 1111 身体介護１ 254 0 254 10 2540 0 2540 2540 0 11.26 28600 90 25740 2860 0 n n 0 1 20140707104726 00078
1 00000203 2013 07 11 0029 グランクレール・ケアサービス馬事公苑 1111 身体介護１ 254 0 254 10 2540 0 2540 2540 0 11.26 28600 90 25740 2860 0 n n 0 1 20140707114107 00078
1 00000203 2013 08 11 0029 グランクレール・ケアサービス馬事公苑 1111 身体介護１ 254 0 254 12 3048 0 3048 3048 0 11.26 34320 90 30888 3432 0 n n 0 1 20140707133058 00078
1 00000203 2013 09 11 0029 グランクレール・ケアサービス馬事公苑 1111 身体介護１ 254 0 254 8 2032 0 2032 2032 0 11.26 22880 90 20592 2288 0 n n 0 1 20140702113719 00078
1 00000203 2013 10 11 0029 グランクレール・ケアサービス馬事公苑 1111 身体介護１ 254 0 254 8 2032 0 2032 2032 0 11.26 22880 90 20592 2288 0 n n 0 1 20140702135303 00078
1 00000203 2013 11 11 0029 グランクレール・ケアサービス馬事公苑 1111 身体介護１ 254 0 254 8 2032 0 2032 2032 0 11.26 22880 90 20592 2288 0 n n 0 1 20140702143401 00078
1 00000203 2013 12 11 0029 グランクレール・ケアサービス馬事公苑 1111 身体介護１ 254 0 254 5 1270 0 1270 1270 0 11.26 14300 90 12870 1430 0 n n 0 1 20140702152208 00078
2 00000203 2011 03 11 0029 グランクレール・ケアサービス馬事公苑 1112 身体介護１・夜 318 0 318 26 8268 0 8268 8268 0 11.26 93097 90 83787 9310 0 n n 0 1 20141201182740 00078
2 00000203 2011 04 11 0029 グランクレール・ケアサービス馬事公苑 1112 身体介護１・夜 318 0 318 23 7314 0 7314 7314 0 11.26 82355 90 74119 8236 0 n n 0 1 20141201143341 00078
2 00000203 2011 05 11 0029 グランクレール・ケアサービス馬事公苑 1112 身体介護１・夜 318 0 318 20 6360 0 6360 6360 0 11.26 71613 90 64451 7162 0 n n 0 1 20141130182024 00078
2 00000203 2011 06 11 0029 グランクレール・ケアサービス馬事公苑 1112 身体介護１・夜 318 0 318 25 7950 0 7950 7950 0 11.26 89517 90 80565 8952 0 n n 0 1 20141130162021 00078
2 00000203 2011 07 11 0029 グランクレール・ケアサービス馬事公苑 1112 身体介護１・夜 318 0 318 31 9858 0 9858 9858 0 11.26 111001 90 99900 11101 0 n n 0 1 20141130125330 00078
2 00000203 2011 08 11 0029 グランクレール・ケアサービス馬事公苑 1112 身体介護１・夜 318 0 318 28 8904 0 8904 8904 0 11.26 100259 90 90233 10026 0 n n 0 1 20141130105206 00078
2 00000203 2011 09 11 0029 グランクレール・ケアサービス馬事公苑 1112 身体介護１・夜 318 0 318 28 8904 0 8904 8904 0 11.26 100259 90 90233 10026 0 n n 0 1 20141128174418 00078
2 00000203 2011 10 11 0029 グランクレール・ケアサービス馬事公苑 1112 身体介護１・夜 318 0 318 24 7632 0 7632 7632 0 11.26 85936 90 77342 8594 0 n n 0 1 20141127174626 00078
2 00000203 2011 11 11 0029 グランクレール・ケアサービス馬事公苑 1112 身体介護１・夜 318 0 318 19 6042 0 6042 6042 0 11.26 68032 90 61228 6804 0 n n 0 1 20141127140750 00078
2 00000203 2011 12 11 0029 グランクレール・ケアサービス馬事公苑 1112 身体介護１・夜 318 0 318 22 6996 0 6996 6996 0 11.26 78774 90 70896 7878 0 n n 0 1 20141125140124 00078
2 00000203 2012 01 11 0029 グランクレール・ケアサービス馬事公苑 1112 身体介護１・夜 318 0 318 15 4770 0 4770 4770 0 11.26 53710 90 48339 5371 0 n n 0 1 20141121141700 00078
2 00000203 2012 02 11 0029 グランクレール・ケアサービス馬事公苑 1112 身体介護１・夜 318 0 318 16 5088 0 5088 5088 0 11.26 57290 90 51561 5729 0 n n 0 1 20141119163617 00078
2 00000203 2012 03 11 0029 グランクレール・ケアサービス馬事公苑 1112 身体介護１・夜 318 0 318 18 5724 0 5724 5724 0 11.26 64452 90 58006 6446 0 n n 0 1 20141119114757 00078
2 00000203 2012 04 11 0029 グランクレール・ケアサービス馬事公苑 1112 身体介護１・夜 318 0 318 28 8904 0 8904 8904 0 11.26 100259 90 90233 10026 0 n n 0 1 20140714103549 00078
2 00000203 2012 05 11 0029 グランクレール・ケアサービス馬事公苑 1112 身体介護１・夜 318 0 318 28 8904 0 8904 8904 0 11.26 100259 90 90233 10026 0 n n 0 1 20140714113607 00078
2 00000203 2012 06 11 0029 グランクレール・ケアサービス馬事公苑 1112 身体介護１・夜 318 0 318 22 6996 0 6996 6996 0 11.26 78774 90 70896 7878 0 n n 0 1 20140714135551 00078
2 00000203 2012 07 11 0029 グランクレール・ケアサービス馬事公苑 1112 身体介護１・夜 318 0 318 20 6360 0 6360 6360 0 11.26 71613 90 64451 7162 0 n n 0 1 20140714144542 00078
2 00000203 2012 08 11 0029 グランクレール・ケアサービス馬事公苑 1112 身体介護１・夜 318 0 318 28 8904 0 8904 8904 0 11.26 100259 90 90233 10026 0 n n 0 1 20140714152741 00078
2 00000203 2012 09 11 0029 グランクレール・ケアサービス馬事公苑 1112 身体介護１・夜 318 0 318 29 9222 0 9222 9222 0 11.26 103839 90 93455 10384 0 n n 0 1 20140714160657 00078
2 00000203 2012 10 11 0029 グランクレール・ケアサービス馬事公苑 1112 身体介護１・夜 318 0 318 31 9858 0 9858 9858 0 11.26 111001 90 99900 11101 0 n n 0 1 20140714164702 00078
2 00000203 2012 11 11 0029 グランクレール・ケアサービス馬事公苑 1112 身体介護１・夜 318 0 318 29 9222 0 9222 9222 0 11.26 103839 90 93455 10384 0 n n 0 1 20140714173917 00078
2 00000203 2012 12 11 0029 グランクレール・ケアサービス馬事公苑 1112 身体介護１・夜 318 0 318 30 9540 0 9540 9540 0 11.26 107420 90 96678 10742 0 n n 0 1 20140714182046 00078
2 00000203 2013 01 11 0029 グランクレール・ケアサービス馬事公苑 1112 身体介護１・夜 318 0 318 30 9540 0 9540 9540 0 11.26 107420 90 96678 10742 0 n n 0 1 20140704153550 00078
2 00000203 2013 02 11 0029 グランクレール・ケアサービス馬事公苑 1112 身体介護１・夜 318 0 318 26 8268 0 8268 8268 0 11.26 93097 90 83787 9310 0 n n 0 1 20140704163425 00078
2 00000203 2013 03 11 0029 グランクレール・ケアサービス馬事公苑 1112 身体介護１・夜 318 0 318 30 9540 0 9540 9540 0 11.26 107420 90 96678 10742 0 n n 0 1 20140704172312 00078
2 00000203 2013 04 11 0029 グランクレール・ケアサービス馬事公苑 1112 身体介護１・夜 318 0 318 26 8268 0 8268 8268 0 11.26 93097 90 83787 9310 0 n n 0 1 20140704181129 00078
2 00000203 2013 05 11 0029 グランクレール・ケアサービス馬事公苑 1112 身体介護１・夜 318 0 318 26 8268 0 8268 8268 0 11.26 93097 90 83787 9310 0 n n 0 1 20140704190641 00078
2 00000203 2013 06 11 0029 グランクレール・ケアサービス馬事公苑 1112 身体介護１・夜 318 0 318 30 9540 0 9540 9540 0 11.26 107420 90 96678 10742 0 n n 0 1 20140707104726 00078
2 00000203 2013 07 11 0029 グランクレール・ケアサービス馬事公苑 1112 身体介護１・夜 318 0 318 30 9540 0 9540 9540 0 11.26 107420 90 96678 10742 0 n n 0 1 20140707114107 00078
2 00000203 2013 08 11 0029 グランクレール・ケアサービス馬事公苑 1112 身体介護１・夜 318 0 318 25 7950 0 7950 7950 0 11.26 89517 90 80565 8952 0 n n 0 1 20140707133058 00078
2 00000203 2013 09 11 0029 グランクレール・ケアサービス馬事公苑 1112 身体介護１・夜 318 0 318 28 8904 0 8904 8904 0 11.26 100259 90 90233 10026 0 n n 0 1 20140702113719 00078
2 00000203 2013 10 11 0029 グランクレール・ケアサービス馬事公苑 1112 身体介護１・夜 318 0 318 28 8904 0 8904 8904 0 11.26 100259 90 90233 10026 0 n n 0 1 20140702135303 00078
2 00000203 2013 11 11 0029 グランクレール・ケアサービス馬事公苑 1112 身体介護１・夜 318 0 318 27 8586 0 8586 8586 0 11.26 96678 90 87010 9668 0 n n 0 1 20140702143401 00078
2 00000203 2013 12 11 0029 グランクレール・ケアサービス馬事公苑 1112 身体介護１・夜 318 0 318 12 3816 0 3816 3816 0 11.26 42968 90 38671 4297 0 n n 0 1 20140702152208 00078
3 00000203 2011 03 11 0029 グランクレール・ケアサービス馬事公苑 4111 身体１生活１ 337 0 337 35 11795 0 11795 11795 0 11.26 132811 90 119529 13282 0 n n 0 1 20141201182740 00078
3 00000203 2011 04 11 0029 グランクレール・ケアサービス馬事公苑 1211 身体介護２ 402 0 402 1 402 0 402 402 0 11.26 4526 90 4073 453 0 n n 0 1 20141201143341 00078
3 00000203 2011 05 11 0029 グランクレール・ケアサービス馬事公苑 1211 身体介護２ 402 0 402 3 1206 0 1206 1206 0 11.26 13579 90 12221 1358 0 n n 0 1 20141130182024 00078
3 00000203 2011 06 11 0029 グランクレール・ケアサービス馬事公苑 1211 身体介護２ 402 0 402 1 402 0 402 402 0 11.26 4526 90 4073 453 0 n n 0 1 20141130162021 00078
3 00000203 2011 07 11 0029 グランクレール・ケアサービス馬事公苑 1211 身体介護２ 402 0 402 2 804 0 804 804 0 11.26 9053 90 8147 906 0 n n 0 1 20141130125330 00078
3 00000203 2011 08 11 0029 グランクレール・ケアサービス馬事公苑 1211 身体介護２ 402 0 402 3 1206 0 1206 1206 0 11.26 13579 90 12221 1358 0 n n 0 1 20141130105206 00078
3 00000203 2011 09 11 0029 グランクレール・ケアサービス馬事公苑 1211 身体介護２ 402 0 402 5 2010 0 2010 2010 0 11.26 22632 90 20368 2264 0 n n 0 1 20141128174418 00078
3 00000203 2011 10 11 0029 グランクレール・ケアサービス馬事公苑 1211 身体介護２ 402 0 402 7 2814 0 2814 2814 0 11.26 31685 90 28516 3169 0 n n 0 1 20141127174626 00078
3 00000203 2011 11 11 0029 グランクレール・ケアサービス馬事公苑 1211 身体介護２ 402 0 402 6 2412 0 2412 2412 0 11.26 27159 90 24443 2716 0 n n 0 1 20141127140750 00078
3 00000203 2011 12 11 0029 グランクレール・ケアサービス馬事公苑 1211 身体介護２ 402 0 402 4 1608 0 1608 1608 0 11.26 18106 90 16295 1811 0 n n 0 1 20141125140124 00078
3 00000203 2012 01 11 0029 グランクレール・ケアサービス馬事公苑 1211 身体介護２ 402 0 402 9 3618 0 3618 3618 0 11.26 40738 90 36664 4074 0 n n 0 1 20141121141700 00078
3 00000203 2012 02 11 0029 グランクレール・ケアサービス馬事公苑 1211 身体介護２ 402 0 402 5 2010 0 2010 2010 0 11.26 22632 90 20368 2264 0 n n 0 1 20141119163617 00078
3 00000203 2012 03 11 0029 グランクレール・ケアサービス馬事公苑 1211 身体介護２ 402 0 402 3 1206 0 1206 1206 0 11.26 13579 90 12221 1358 0 n n 0 1 20141119114757 00078
3 00000203 2012 04 11 0029 グランクレール・ケアサービス馬事公苑 1211 身体介護２ 402 0 402 8 3216 0 3216 3216 0 11.26 36212 90 32590 3622 0 n n 0 1 20140714103549 00078
3 00000203 2012 05 11 0029 グランクレール・ケアサービス馬事公苑 1211 身体介護２ 402 0 402 9 3618 0 3618 3618 0 11.26 40738 90 36664 4074 0 n n 0 1 20140714113607 00078
3 00000203 2012 06 11 0029 グランクレール・ケアサービス馬事公苑 1211 身体介護２ 402 0 402 8 3216 0 3216 3216 0 11.26 36212 90 32590 3622 0 n n 0 1 20140714135551 00078
3 00000203 2012 07 11 0029 グランクレール・ケアサービス馬事公苑 1211 身体介護２ 402 0 402 8 3216 0 3216 3216 0 11.26 36212 90 32590 3622 0 n n 0 1 20140714144542 00078
3 00000203 2012 08 11 0029 グランクレール・ケアサービス馬事公苑 1211 身体介護２ 402 0 402 7 2814 0 2814 2814 0 11.26 31685 90 28516 3169 0 n n 0 1 20140714152741 00078
3 00000203 2012 09 11 0029 グランクレール・ケアサービス馬事公苑 1211 身体介護２ 402 0 402 6 2412 0 2412 2412 0 11.26 27159 90 24443 2716 0 n n 0 1 20140714160657 00078
3 00000203 2012 10 11 0029 グランクレール・ケアサービス馬事公苑 1211 身体介護２ 402 0 402 6 2412 0 2412 2412 0 11.26 27159 90 24443 2716 0 n n 0 1 20140714164702 00078
3 00000203 2012 11 11 0029 グランクレール・ケアサービス馬事公苑 1211 身体介護２ 402 0 402 8 3216 0 3216 3216 0 11.26 36212 90 32590 3622 0 n n 0 1 20140714173917 00078
3 00000203 2012 12 11 0029 グランクレール・ケアサービス馬事公苑 1211 身体介護２ 402 0 402 9 3618 0 3618 3618 0 11.26 40738 90 36664 4074 0 n n 0 1 20140714182046 00078
3 00000203 2013 01 11 0029 グランクレール・ケアサービス馬事公苑 1211 身体介護２ 402 0 402 8 3216 0 3216 3216 0 11.26 36212 90 32590 3622 0 n n 0 1 20140704153550 00078
3 00000203 2013 02 11 0029 グランクレール・ケアサービス馬事公苑 1211 身体介護２ 402 0 402 7 2814 0 2814 2814 0 11.26 31685 90 28516 3169 0 n n 0 1 20140704163425 00078
3 00000203 2013 03 11 0029 グランクレール・ケアサービス馬事公苑 1211 身体介護２ 402 0 402 5 2010 0 2010 2010 0 11.26 22632 90 20368 2264 0 n n 0 1 20140704172312 00078
3 00000203 2013 04 11 0029 グランクレール・ケアサービス馬事公苑 1211 身体介護２ 402 0 402 6 2412 0 2412 2412 0 11.26 27159 90 24443 2716 0 n n 0 1 20140704181129 00078
3 00000203 2013 05 11 0029 グランクレール・ケアサービス馬事公苑 1211 身体介護２ 402 0 402 7 2814 0 2814 2814 0 11.26 31685 90 28516 3169 0 n n 0 1 20140704190641 00078
3 00000203 2013 06 11 0029 グランクレール・ケアサービス馬事公苑 1211 身体介護２ 402 0 402 11 4422 0 4422 4422 0 11.26 49791 90 44811 4980 0 n n 0 1 20140707104726 00078
3 00000203 2013 07 11 0029 グランクレール・ケアサービス馬事公苑 1211 身体介護２ 402 0 402 10 4020 0 4020 4020 0 11.26 45265 90 40738 4527 0 n n 0 1 20140707114107 00078
3 00000203 2013 08 11 0029 グランクレール・ケアサービス馬事公苑 1211 身体介護２ 402 0 402 7 2814 0 2814 2814 0 11.26 31685 90 28516 3169 0 n n 0 1 20140707133058 00078
3 00000203 2013 09 11 0029 グランクレール・ケアサービス馬事公苑 1211 身体介護２ 402 0 402 10 4020 0 4020 4020 0 11.26 45265 90 40738 4527 0 n n 0 1 20140702113719 00078
3 00000203 2013 10 11 0029 グランクレール・ケアサービス馬事公苑 1211 身体介護２ 402 0 402 10 4020 0 4020 4020 0 11.26 45265 90 40738 4527 0 n n 0 1 20140702135303 00078
3 00000203 2013 11 11 0029 グランクレール・ケアサービス馬事公苑 1211 身体介護２ 402 0 402 8 3216 0 3216 3216 0 11.26 36212 90 32590 3622 0 n n 0 1 20140702143401 00078
3 00000203 2013 12 11 0029 グランクレール・ケアサービス馬事公苑 1211 身体介護２ 402 0 402 3 1206 0 1206 1206 0 11.26 13579 90 12221 1358 0 n n 0 1 20140702152208 00078
4 00000203 2011 04 11 0029 グランクレール・ケアサービス馬事公苑 4111 身体１生活１ 337 0 337 38 12806 0 12806 12806 0 11.26 144195 90 129775 14420 0 n n 0 1 20141201143341 00078
4 00000203 2011 05 11 0029 グランクレール・ケアサービス馬事公苑 4111 身体１生活１ 337 0 337 29 9773 0 9773 9773 0 11.26 110043 90 99038 11005 0 n n 0 1 20141130182024 00078
4 00000203 2011 06 11 0029 グランクレール・ケアサービス馬事公苑 4111 身体１生活１ 337 0 337 38 12806 0 12806 12806 0 11.26 144195 90 129775 14420 0 n n 0 1 20141130162021 00078
4 00000203 2011 07 11 0029 グランクレール・ケアサービス馬事公苑 4111 身体１生活１ 337 0 337 40 13480 0 13480 13480 0 11.26 151784 90 136605 15179 0 n n 0 1 20141130125330 00078
4 00000203 2011 08 11 0029 グランクレール・ケアサービス馬事公苑 4111 身体１生活１ 337 0 337 38 12806 0 12806 12806 0 11.26 144195 90 129775 14420 0 n n 0 1 20141130105206 00078
4 00000203 2011 09 11 0029 グランクレール・ケアサービス馬事公苑 4111 身体１生活１ 337 0 337 38 12806 0 12806 12806 0 11.26 144195 90 129775 14420 0 n n 0 1 20141128174418 00078
4 00000203 2011 10 11 0029 グランクレール・ケアサービス馬事公苑 4111 身体１生活１ 337 0 337 40 13480 0 13480 13480 0 11.26 151784 90 136605 15179 0 n n 0 1 20141127174626 00078
4 00000203 2011 11 11 0029 グランクレール・ケアサービス馬事公苑 4111 身体１生活１ 337 0 337 34 11458 0 11458 11458 0 11.26 129017 90 116115 12902 0 n n 0 1 20141127140750 00078
4 00000203 2011 12 11 0029 グランクレール・ケアサービス馬事公苑 4111 身体１生活１ 337 0 337 32 10784 0 10784 10784 0 11.26 121427 90 109284 12143 0 n n 0 1 20141125140124 00078
4 00000203 2012 01 11 0029 グランクレール・ケアサービス馬事公苑 4111 身体１生活１ 337 0 337 34 11458 0 11458 11458 0 11.26 129017 90 116115 12902 0 n n 0 1 20141121141700 00078
4 00000203 2012 02 11 0029 グランクレール・ケアサービス馬事公苑 4111 身体１生活１ 337 0 337 28 9436 0 9436 9436 0 11.26 106249 90 95624 10625 0 n n 0 1 20141119163617 00078
4 00000203 2012 03 11 0029 グランクレール・ケアサービス馬事公苑 4111 身体１生活１ 337 0 337 28 9436 0 9436 9436 0 11.26 106249 90 95624 10625 0 n n 0 1 20141119114757 00078
4 00000203 2012 04 11 0029 グランクレール・ケアサービス馬事公苑 4111 身体１生活１ 324 0 324 34 11016 0 11016 11016 0 11.26 124040 90 111636 12404 0 n n 0 1 20140714103549 00078
4 00000203 2012 05 11 0029 グランクレール・ケアサービス馬事公苑 4111 身体１生活１ 324 0 324 35 11340 0 11340 11340 0 11.26 127688 90 114919 12769 0 n n 0 1 20140714113607 00078
4 00000203 2012 06 11 0029 グランクレール・ケアサービス馬事公苑 1212 身体介護２・夜 503 0 503 1 503 0 503 503 0 11.26 5663 90 5096 567 0 n n 0 1 20140714135551 00078
4 00000203 2012 07 11 0029 グランクレール・ケアサービス馬事公苑 4111 身体１生活１ 324 0 324 33 10692 0 10692 10692 0 11.26 120391 90 108351 12040 0 n n 0 1 20140714144542 00078
4 00000203 2012 08 11 0029 グランクレール・ケアサービス馬事公苑 4111 身体１生活１ 324 0 324 36 11664 0 11664 11664 0 11.26 131336 90 118202 13134 0 n n 0 1 20140714152741 00078
4 00000203 2012 09 11 0029 グランクレール・ケアサービス馬事公苑 4111 身体１生活１ 324 0 324 34 11016 0 11016 11016 0 11.26 124040 90 111636 12404 0 n n 0 1 20140714160657 00078
4 00000203 2012 10 11 0029 グランクレール・ケアサービス馬事公苑 4111 身体１生活１ 324 0 324 33 10692 0 10692 10692 0 11.26 120391 90 108351 12040 0 n n 0 1 20140714164702 00078
4 00000203 2012 11 11 0029 グランクレール・ケアサービス馬事公苑 4111 身体１生活１ 324 0 324 31 10044 0 10044 10044 0 11.26 113095 90 101785 11310 0 n n 0 1 20140714173917 00078
4 00000203 2012 12 11 0029 グランクレール・ケアサービス馬事公苑 4111 身体１生活１ 324 0 324 35 11340 0 11340 11340 0 11.26 127688 90 114919 12769 0 n n 0 1 20140714182046 00078
4 00000203 2013 01 11 0029 グランクレール・ケアサービス馬事公苑 4111 身体１生活１ 324 0 324 36 11664 0 11664 11664 0 11.26 131336 90 118202 13134 0 n n 0 1 20140704153550 00078
4 00000203 2013 02 11 0029 グランクレール・ケアサービス馬事公苑 4111 身体１生活１ 324 0 324 32 10368 0 10368 10368 0 11.26 116743 90 105068 11675 0 n n 0 1 20140704163425 00078
4 00000203 2013 03 11 0029 グランクレール・ケアサービス馬事公苑 4111 身体１生活１ 324 0 324 36 11664 0 11664 11664 0 11.26 131336 90 118202 13134 0 n n 0 1 20140704172312 00078
4 00000203 2013 04 11 0029 グランクレール・ケアサービス馬事公苑 4111 身体１生活１ 324 0 324 33 10692 0 10692 10692 0 11.26 120391 90 108351 12040 0 n n 0 1 20140704181129 00078
4 00000203 2013 05 11 0029 グランクレール・ケアサービス馬事公苑 4111 身体１生活１ 324 0 324 39 12636 0 12636 12636 0 11.26 142281 90 128052 14229 0 n n 0 1 20140704190641 00078
4 00000203 2013 06 11 0029 グランクレール・ケアサービス馬事公苑 1311 身体介護３ 584 0 584 1 584 0 584 584 0 11.26 6575 90 5917 658 0 n n 0 1 20140707104726 00078
4 00000203 2013 07 11 0029 グランクレール・ケアサービス馬事公苑 4111 身体１生活１ 324 0 324 42 13608 0 13608 13608 0 11.26 153226 90 137903 15323 0 n n 0 1 20140707114107 00078
4 00000203 2013 08 11 0029 グランクレール・ケアサービス馬事公苑 4111 身体１生活１ 324 0 324 43 13932 0 13932 13932 0 11.26 156874 90 141186 15688 0 n n 0 1 20140707133058 00078
4 00000203 2013 09 11 0029 グランクレール・ケアサービス馬事公苑 4111 身体１生活１ 324 0 324 40 12960 0 12960 12960 0 11.26 145929 90 131336 14593 0 n n 0 1 20140702113719 00078
4 00000203 2013 10 11 0029 グランクレール・ケアサービス馬事公苑 4111 身体１生活１ 324 0 324 43 13932 0 13932 13932 0 11.26 156874 90 141186 15688 0 n n 0 1 20140702135303 00078
4 00000203 2013 11 11 0029 グランクレール・ケアサービス馬事公苑 4111 身体１生活１ 324 0 324 42 13608 0 13608 13608 0 11.26 153226 90 137903 15323 0 n n 0 1 20140702143401 00078
4 00000203 2013 12 11 0029 グランクレール・ケアサービス馬事公苑 4111 身体１生活１ 324 0 324 17 5508 0 5508 5508 0 11.26 62020 90 55818 6202 0 n n 0 1 20140702152208 00078
5 00000203 2011 11 11 0029 グランクレール・ケアサービス馬事公苑 6111 身体３生活１ 667 0 667 4 2668 0 2668 2668 0 11.26 30041 90 27036 3005 0 n g 0 1 20141127140750 00078
5 00000203 2011 12 11 0029 グランクレール・ケアサービス馬事公苑 6111 身体３生活１ 667 0 667 4 2668 0 2668 2668 0 11.26 30041 90 27036 3005 0 n g 0 1 20141125140124 00078
5 00000203 2012 01 11 0029 グランクレール・ケアサービス馬事公苑 6111 身体３生活１ 667 0 667 4 2668 0 2668 2668 0 11.26 30041 90 27036 3005 0 n g 0 1 20141121141700 00078
5 00000203 2012 02 11 0029 グランクレール・ケアサービス馬事公苑 4311 身体１生活３ 503 0 503 3 1509 0 1509 1509 0 11.26 16991 90 15291 1700 0 n n 0 1 20141119163617 00078
5 00000203 2012 03 11 0029 グランクレール・ケアサービス馬事公苑 4211 身体１生活２ 420 0 420 1 420 0 420 420 0 11.26 4729 90 4256 473 0 n n 0 1 20141119114757 00078
5 00000203 2012 04 11 0029 グランクレール・ケアサービス馬事公苑 5111 身体２生活１ 472 0 472 1 472 0 472 472 0 11.26 5314 90 4782 532 0 n n 0 1 20140714103549 00078
5 00000203 2012 05 11 0029 グランクレール・ケアサービス馬事公苑 4311 身体１生活３ 464 0 464 2 928 0 928 928 0 11.26 10449 90 9404 1045 0 n n 0 1 20140714113607 00078
5 00000203 2012 06 11 0029 グランクレール・ケアサービス馬事公苑 4111 身体１生活１ 324 0 324 35 11340 0 11340 11340 0 11.26 127688 90 114919 12769 0 n n 0 1 20140714135551 00078
5 00000203 2012 07 11 0029 グランクレール・ケアサービス馬事公苑 4311 身体１生活３ 464 0 464 3 1392 0 1392 1392 0 11.26 15673 90 14105 1568 0 n n 0 1 20140714144542 00078
5 00000203 2012 08 11 0029 グランクレール・ケアサービス馬事公苑 4311 身体１生活３ 464 0 464 3 1392 0 1392 1392 0 11.26 15673 90 14105 1568 0 n n 0 1 20140714152741 00078
5 00000203 2012 09 11 0029 グランクレール・ケアサービス馬事公苑 4311 身体１生活３ 464 0 464 2 928 0 928 928 0 11.26 10449 90 9404 1045 0 n n 0 1 20140714160657 00078
5 00000203 2012 10 11 0029 グランクレール・ケアサービス馬事公苑 4311 身体１生活３ 464 0 464 4 1856 0 1856 1856 0 11.26 20898 90 18808 2090 0 n n 0 1 20140714164702 00078
5 00000203 2012 11 11 0029 グランクレール・ケアサービス馬事公苑 4311 身体１生活３ 464 0 464 2 928 0 928 928 0 11.26 10449 90 9404 1045 0 n n 0 1 20140714173917 00078
5 00000203 2012 12 11 0029 グランクレール・ケアサービス馬事公苑 4311 身体１生活３ 464 0 464 5 2320 0 2320 2320 0 11.26 26123 90 23510 2613 0 n n 0 1 20140714182046 00078
5 00000203 2013 01 11 0029 グランクレール・ケアサービス馬事公苑 6111 身体３生活１ 654 0 654 3 1962 0 1962 1962 0 11.26 22092 90 19882 2210 0 n g 0 1 20140704153550 00078
5 00000203 2013 02 11 0029 グランクレール・ケアサービス馬事公苑 4311 身体１生活３ 464 0 464 2 928 0 928 928 0 11.26 10449 90 9404 1045 0 n n 0 1 20140704163425 00078
5 00000203 2013 03 11 0029 グランクレール・ケアサービス馬事公苑 4311 身体１生活３ 464 0 464 2 928 0 928 928 0 11.26 10449 90 9404 1045 0 n n 0 1 20140704172312 00078
5 00000203 2013 04 11 0029 グランクレール・ケアサービス馬事公苑 4311 身体１生活３ 464 0 464 3 1392 0 1392 1392 0 11.26 15673 90 14105 1568 0 n n 0 1 20140704181129 00078
5 00000203 2013 05 11 0029 グランクレール・ケアサービス馬事公苑 4211 身体１生活２ 394 0 394 1 394 0 394 394 0 11.26 4436 90 3992 444 0 n n 0 1 20140704190641 00078
5 00000203 2013 06 11 0029 グランクレール・ケアサービス馬事公苑 4111 身体１生活１ 324 0 324 38 12312 0 12312 12312 0 11.26 138633 90 124769 13864 0 n n 0 1 20140707104726 00078
5 00000203 2013 07 11 0029 グランクレール・ケアサービス馬事公苑 6271 訪問介護処遇改善加算Ⅰ 1188 0 1188 1 1188 1188 0.04 1188 0 11.26 13376 90 12038 1338 0 a g 0 1 20140707114107 00078
5 00000203 2013 08 11 0029 グランクレール・ケアサービス馬事公苑 6271 訪問介護処遇改善加算Ⅰ 1110 0 1110 1 1110 1110 0.04 1110 0 11.26 12498 90 11248 1250 0 a g 0 1 20140707133058 00078
5 00000203 2013 09 11 0029 グランクレール・ケアサービス馬事公苑 4211 身体１生活２ 394 0 394 1 394 0 394 394 0 11.26 4436 90 3992 444 0 n n 0 1 20140702113719 00078
5 00000203 2013 10 11 0029 グランクレール・ケアサービス馬事公苑 6271 訪問介護処遇改善加算Ⅰ 1156 0 1156 1 1156 1156 0.04 1156 0 11.26 13016 90 11714 1302 0 a g 0 1 20140702135303 00078
5 00000203 2013 11 11 0029 グランクレール・ケアサービス馬事公苑 6271 訪問介護処遇改善加算Ⅰ 1098 0 1098 1 1098 1098 0.04 1098 0 11.26 12363 90 11126 1237 0 a g 0 1 20140702143401 00078
5 00000203 2013 12 11 0029 グランクレール・ケアサービス馬事公苑 6271 訪問介護処遇改善加算Ⅰ 472 0 472 1 472 472 0.04 472 0 11.26 5314 90 4782 532 0 a g 0 1 20140702152208 00078
6 00000203 2012 01 11 0029 グランクレール・ケアサービス馬事公苑 7311 生活援助３ 291 0 291 1 291 0 291 291 0 11.26 3276 90 2948 328 0 n n 0 1 20141121141700 00078
6 00000203 2012 03 11 0029 グランクレール・ケアサービス馬事公苑 4311 身体１生活３ 503 0 503 3 1509 0 1509 1509 0 11.26 16991 90 15291 1700 0 n n 0 1 20141119114757 00078
6 00000203 2012 04 11 0029 グランクレール・ケアサービス馬事公苑 6111 身体３生活１ 654 0 654 5 3270 0 3270 3270 0 11.26 36820 90 33138 3682 0 n g 0 1 20140714103549 00078
6 00000203 2012 05 11 0029 グランクレール・ケアサービス馬事公苑 6111 身体３生活１ 654 0 654 2 1308 0 1308 1308 0 11.26 14728 90 13255 1473 0 n g 0 1 20140714113607 00078
6 00000203 2012 06 11 0029 グランクレール・ケアサービス馬事公苑 4311 身体１生活３ 464 0 464 2 928 0 928 928 0 11.26 10449 90 9404 1045 0 n n 0 1 20140714135551 00078
6 00000203 2012 07 11 0029 グランクレール・ケアサービス馬事公苑 6111 身体３生活１ 654 0 654 1 654 0 654 654 0 11.26 7364 90 6627 737 0 n g 0 1 20140714144542 00078
6 00000203 2012 08 11 0029 グランクレール・ケアサービス馬事公苑 6111 身体３生活１ 654 0 654 1 654 0 654 654 0 11.26 7364 90 6627 737 0 n g 0 1 20140714152741 00078
6 00000203 2012 09 11 0029 グランクレール・ケアサービス馬事公苑 6111 身体３生活１ 654 0 654 2 1308 0 1308 1308 0 11.26 14728 90 13255 1473 0 n g 0 1 20140714160657 00078
6 00000203 2012 10 11 0029 グランクレール・ケアサービス馬事公苑 6111 身体３生活１ 654 0 654 1 654 0 654 654 0 11.26 7364 90 6627 737 0 n g 0 1 20140714164702 00078
6 00000203 2012 11 11 0029 グランクレール・ケアサービス馬事公苑 6111 身体３生活１ 654 0 654 2 1308 0 1308 1308 0 11.26 14728 90 13255 1473 0 n g 0 1 20140714173917 00078
6 00000203 2012 12 11 0029 グランクレール・ケアサービス馬事公苑 6271 訪問介護処遇改善加算Ⅰ 1205 0 1205 1 1205 1205 0.04 1205 0 11.26 13568 90 12211 1357 0 a g 0 1 20140714182046 00078
6 00000203 2013 01 11 0029 グランクレール・ケアサービス馬事公苑 6271 訪問介護処遇改善加算Ⅰ 1198 0 1198 1 1198 1198 0.04 1198 0 11.26 13489 90 12140 1349 0 a g 0 1 20140704153550 00078
6 00000203 2013 02 11 0029 グランクレール・ケアサービス馬事公苑 6111 身体３生活１ 654 0 654 2 1308 0 1308 1308 0 11.26 14728 90 13255 1473 0 n g 0 1 20140704163425 00078
6 00000203 2013 03 11 0029 グランクレール・ケアサービス馬事公苑 6111 身体３生活１ 654 0 654 2 1308 0 1308 1308 0 11.26 14728 90 13255 1473 0 n g 0 1 20140704172312 00078
6 00000203 2013 04 11 0029 グランクレール・ケアサービス馬事公苑 6111 身体３生活１ 654 0 654 2 1308 0 1308 1308 0 11.26 14728 90 13255 1473 0 n g 0 1 20140704181129 00078
6 00000203 2013 05 11 0029 グランクレール・ケアサービス馬事公苑 4311 身体１生活３ 464 0 464 1 464 0 464 464 0 11.26 5224 90 4701 523 0 n n 0 1 20140704190641 00078
6 00000203 2013 06 11 0029 グランクレール・ケアサービス馬事公苑 6271 訪問介護処遇改善加算Ⅰ 1176 0 1176 1 1176 1176 0.04 1176 0 11.26 13241 90 11916 1325 0 a g 0 1 20140707104726 00078
6 00000203 2013 09 11 0029 グランクレール・ケアサービス馬事公苑 6271 訪問介護処遇改善加算Ⅰ 1132 0 1132 1 1132 1132 0.04 1132 0 11.26 12746 90 11471 1275 0 a g 0 1 20140702113719 00078
7 00000203 2012 03 11 0029 グランクレール・ケアサービス馬事公苑 6271 訪問介護処遇改善加算Ⅰ 854 0 854 1 854 854 0.04 854 0 11.26 9616 90 8654 962 0 a g 0 1 20141119114757 00078
7 00000203 2012 04 11 0029 グランクレール・ケアサービス馬事公苑 6271 訪問介護処遇改善加算Ⅰ 1187 0 1187 1 1187 1187 0.04 1187 0 11.26 13365 90 12028 1337 0 a g 0 1 20140714103549 00078
7 00000203 2012 05 11 0029 グランクレール・ケアサービス馬事公苑 6271 訪問介護処遇改善加算Ⅰ 1186 0 1186 1 1186 1186 0.04 1186 0 11.26 13354 90 12018 1336 0 a g 0 1 20140714113607 00078
7 00000203 2012 06 11 0029 グランクレール・ケアサービス馬事公苑 5111 身体２生活１ 472 0 472 1 472 0 472 472 0 11.26 5314 90 4782 532 0 n n 0 1 20140714135551 00078
7 00000203 2012 07 11 0029 グランクレール・ケアサービス馬事公苑 6271 訪問介護処遇改善加算Ⅰ 1045 0 1045 1 1045 1045 0.04 1045 0 11.26 11766 90 10589 1177 0 a g 0 1 20140714144542 00078
7 00000203 2012 08 11 0029 グランクレール・ケアサービス馬事公苑 6271 訪問介護処遇改善加算Ⅰ 1170 0 1170 1 1170 1170 0.04 1170 0 11.26 13174 90 11856 1318 0 a g 0 1 20140714152741 00078
7 00000203 2012 09 11 0029 グランクレール・ケアサービス馬事公苑 6271 訪問介護処遇改善加算Ⅰ 1148 0 1148 1 1148 1148 0.04 1148 0 11.26 12926 90 11633 1293 0 a g 0 1 20140714160657 00078
7 00000203 2012 10 11 0029 グランクレール・ケアサービス馬事公苑 7311 生活援助３ 235 0 235 2 470 0 470 470 0 11.26 5292 90 4762 530 0 n n 0 1 20140714164702 00078
7 00000203 2012 11 11 0029 グランクレール・ケアサービス馬事公苑 7311 生活援助３ 235 0 235 1 235 0 235 235 0 11.26 2646 90 2381 265 0 n n 0 1 20140714173917 00078
7 00000203 2013 02 11 0029 グランクレール・ケアサービス馬事公苑 6271 訪問介護処遇改善加算Ⅰ 1080 0 1080 1 1080 1080 0.04 1080 0 11.26 12160 90 10944 1216 0 a g 0 1 20140704163425 00078
7 00000203 2013 03 11 0029 グランクレール・ケアサービス馬事公苑 6271 訪問介護処遇改善加算Ⅰ 1191 0 1191 1 1191 1191 0.04 1191 0 11.26 13410 90 12069 1341 0 a g 0 1 20140704172312 00078
7 00000203 2013 04 11 0029 グランクレール・ケアサービス馬事公苑 6271 訪問介護処遇改善加算Ⅰ 1105 0 1105 1 1105 1105 0.04 1105 0 11.26 12442 90 11197 1245 0 a g 0 1 20140704181129 00078
7 00000203 2013 05 11 0029 グランクレール・ケアサービス馬事公苑 6111 身体３生活１ 654 0 654 1 654 0 654 654 0 11.26 7364 90 6627 737 0 n g 0 1 20140704190641 00078
8 00000203 2012 06 11 0029 グランクレール・ケアサービス馬事公苑 6111 身体３生活１ 654 0 654 1 654 0 654 654 0 11.26 7364 90 6627 737 0 n g 0 1 20140714135551 00078
8 00000203 2012 10 11 0029 グランクレール・ケアサービス馬事公苑 6271 訪問介護処遇改善加算Ⅰ 1200 0 1200 1 1200 1200 0.04 1200 0 11.26 13512 90 12160 1352 0 a g 0 1 20140714164702 00078
8 00000203 2012 11 11 0029 グランクレール・ケアサービス馬事公苑 6271 訪問介護処遇改善加算Ⅰ 1140 0 1140 1 1140 1140 0.04 1140 0 11.26 12836 90 11552 1284 0 a g 0 1 20140714173917 00078
8 00000203 2013 05 11 0029 グランクレール・ケアサービス馬事公苑 6271 訪問介護処遇改善加算Ⅰ 1141 0 1141 1 1141 1141 0.04 1141 0 11.26 12847 90 11562 1285 0 a g 0 1 20140704190641 00078
9 00000203 2012 06 11 0029 グランクレール・ケアサービス馬事公苑 6271 訪問介護処遇改善加算Ⅰ 1086 0 1086 1 1086 1086 0.04 1086 0 11.26 12228 90 11005 1223 0 a g 0 1 20140714135551 00078
