00000203 0029 2011 03 1 1 20141201182740 00078
00000203 0029 2011 04 _ 1 20141201152744 78
00000203 0029 2011 05 1 1 20141130182024 00078
00000203 0029 2011 06 1 1 20141130162021 00078
00000203 0029 2011 07 1 1 20141130125330 00078
00000203 0029 2011 08 1 1 20141130105206 00078
00000203 0029 2011 09 1 1 20141128174418 00078
00000203 0029 2011 10 1 1 20141127174626 00078
00000203 0029 2011 11 1 1 20141127140750 00078
00000203 0029 2011 12 1 1 20141125140124 00078
00000203 0029 2012 01 1 1 20141121141700 00078
00000203 0029 2012 02 1 1 20141119163617 00078
00000203 0029 2012 03 1 1 20141119114757 00078
00000203 0029 2012 04 1 1 20140714103549 00078
00000203 0029 2012 05 1 1 20140714113607 00078
00000203 0029 2012 06 1 1 20140714135551 00078
00000203 0029 2012 07 1 1 20140714144542 00078
00000203 0029 2012 08 1 1 20140714152741 00078
00000203 0029 2012 09 1 1 20140714160657 00078
00000203 0029 2012 10 1 1 20140714164702 00078
00000203 0029 2012 11 1 1 20140714173917 00078
00000203 0029 2012 12 1 1 20140714182046 00078
00000203 0029 2013 01 _ 1 20140704153550 00078
00000203 0029 2013 02 _ 1 20140704163425 00078
00000203 0029 2013 03 1 1 20140704172312 00078
00000203 0029 2013 04 1 1 20140704181129 00078
00000203 0029 2013 05 1 1 20140704190641 00078
00000203 0029 2013 06 1 1 20140707104726 00078
00000203 0029 2013 07 _ 1 20140707114107 00078
00000203 0029 2013 08 _ 1 20140707133223 78
00000203 0029 2013 09 _ 1 20140702114753 78
00000203 0029 2013 10 1 1 20140702135303 00078
00000203 0029 2013 11 _ 1 20140702144036 78
00000203 0029 2013 12 _ 1 20140702152500 78
