0003 00077 1 1 20150903150505 00077
0003 00127 _ 1 20150903150505 00077
0003 00128 _ 1 20150903150505 00077
0003 00129 _ 1 20150903150505 00077
0003 00130 _ 1 20150903150505 00077
0003 00131 _ 1 20150903150505 00077
0003 00132 _ 1 20150903150505 00077
0003 00133 _ 1 20150903150505 00077
0003 00134 _ 1 20150903150505 00077
0003 00135 _ 1 20150903150505 00077
0003 00137 _ 1 20150903150505 00077
0003 00138 _ 1 20150903150505 00077
0003 00139 _ 1 20150903150505 00077
0003 00140 _ 1 20150903150505 00077
0003 00248 1 1 20150820185153 00078
