00000114 2014 06 02 16:30 17:29 11 7311 0070 10.84 1 236 1 20140701101926 00078
00000114 2014 06 05 13:45 14:44 11 7311 0070 10.84 1 236 1 20140701101926 00078
00000114 2014 06 09 16:30 17:29 11 7311 0070 10.84 1 236 1 20140701101926 00078
00000114 2014 06 12 13:45 14:44 11 7311 0070 10.84 1 236 1 20140701101926 00078
00000114 2014 06 16 16:30 17:29 11 7311 0070 10.84 1 236 1 20140701101926 00078
00000114 2014 06 19 14:05 14:44 11 7211 0070 10.84 1 191 1 20140701101926 00078
00000114 2014 06 23 16:30 17:29 11 7311 0070 10.84 1 236 1 20140701101926 00078
00000114 2014 06 26 13:45 14:44 11 7311 0070 10.84 1 236 1 20140701101926 00078
00000114 2014 06 30 16:30 17:29 11 7311 0070 10.84 1 236 1 20140701101926 00078
00000114 2014 07 04 11:00 11:59 11 7311 0070 10.84 1 236 1 20140731105038 00035
00000114 2014 07 07 16:30 17:29 11 7311 0070 10.84 1 236 1 20140731105038 00035
00000114 2014 07 11 11:00 11:59 11 7311 0070 10.84 1 236 1 20140731105038 00035
00000114 2014 07 14 16:30 17:29 11 7311 0070 10.84 1 236 1 20140731105038 00035
00000114 2014 07 18 11:00 11:59 11 7311 0070 10.84 1 236 1 20140731105038 00035
00000114 2014 07 21 16:30 17:29 11 7311 0070 10.84 1 236 1 20140731105038 00035
00000114 2014 07 25 11:00 11:59 11 7311 0070 10.84 1 236 1 20140731105038 00035
00000114 2014 07 28 16:30 17:29 11 7311 0070 10.84 1 236 1 20140731105038 00035
