00000002 20110429 20110427 1 20140529000000 00078
00000002 20110526 20110526 1 20140529000000 00078
00000002 20110616 20110616 1 20140529000000 00078
00000002 20110725 20110725 1 20140529000000 00078
00000002 20111218 20110725 1 20140529000000 00078
00000002 20120203 20110725 1 20140529000000 00078
00000002 20130120 20110725 1 20140529000000 00078
00000002 20130204 20110725 1 20140529000000 00078
00000002 20130402 20110725 1 20140529000000 00078
00000002 20130408 20110725 1 20140529000000 00078
00000002 20131206 20110725 1 20140529000000 00078
