00000047 20111108 KihonCheckCheckList01 1 1 201405230000 IKOU
00000047 20111108 KihonCheckCheckList02 1 1 201405230000 IKOU
00000047 20111108 KihonCheckCheckList03 1 1 201405230000 IKOU
00000047 20111108 KihonCheckCheckList04 1 1 201405230000 IKOU
00000047 20111108 KihonCheckCheckList05 1 1 201405230000 IKOU
00000047 20111108 KihonCheckCheckList06 2 1 201405230000 IKOU
00000047 20111108 KihonCheckCheckList07 0 1 201405230000 IKOU
00000047 20111108 KihonCheckCheckList08 0 1 201405230000 IKOU
00000047 20111108 KihonCheckCheckList09 2 1 201405230000 IKOU
00000047 20111108 KihonCheckCheckList10 2 1 201405230000 IKOU
00000047 20111108 KihonCheckCheckList11 0 1 201405230000 IKOU
00000047 20111108 KihonCheckCheckList12 0 1 201405230000 IKOU
00000047 20111108 KihonCheckCheckList13 0 1 201405230000 IKOU
00000047 20111108 KihonCheckCheckList14 0 1 201405230000 IKOU
00000047 20111108 KihonCheckCheckList15 5 1 201405230000 IKOU
00000047 20111108 KihonCheckCheckList16 5 1 201405230000 IKOU
00000047 20111108 KihonCheckCheckList17 6 1 201405230000 IKOU
00000047 20111108 KihonCheckCheckList18 6 1 201405230000 IKOU
00000047 20111108 KihonCheckCheckList19 6 1 201405230000 IKOU
00000047 20111108 KihonCheckCheckList20 0 1 201405230000 IKOU
00000047 20111108 KihonCheckCheckList21 7 1 201405230000 IKOU
00000047 20111108 KihonCheckCheckList22 7 1 201405230000 IKOU
00000047 20111108 KihonCheckCheckList23 0 1 201405230000 IKOU
00000047 20111108 KihonCheckCheckList24 0 1 201405230000 IKOU
00000047 20120117 KihonCheckCheckList01 1 1 201405230000 IKOU
00000047 20120117 KihonCheckCheckList02 1 1 201405230000 IKOU
00000047 20120117 KihonCheckCheckList03 1 1 201405230000 IKOU
00000047 20120117 KihonCheckCheckList04 1 1 201405230000 IKOU
00000047 20120117 KihonCheckCheckList05 1 1 201405230000 IKOU
00000047 20120117 KihonCheckCheckList06 2 1 201405230000 IKOU
00000047 20120117 KihonCheckCheckList07 0 1 201405230000 IKOU
00000047 20120117 KihonCheckCheckList08 0 1 201405230000 IKOU
00000047 20120117 KihonCheckCheckList09 0 1 201405230000 IKOU
00000047 20120117 KihonCheckCheckList10 2 1 201405230000 IKOU
00000047 20120117 KihonCheckCheckList11 0 1 201405230000 IKOU
00000047 20120117 KihonCheckCheckList12 0 1 201405230000 IKOU
00000047 20120117 KihonCheckCheckList13 0 1 201405230000 IKOU
00000047 20120117 KihonCheckCheckList14 0 1 201405230000 IKOU
00000047 20120117 KihonCheckCheckList15 5 1 201405230000 IKOU
00000047 20120117 KihonCheckCheckList16 5 1 201405230000 IKOU
00000047 20120117 KihonCheckCheckList17 6 1 201405230000 IKOU
00000047 20120117 KihonCheckCheckList18 6 1 201405230000 IKOU
00000047 20120117 KihonCheckCheckList19 6 1 201405230000 IKOU
00000047 20120117 KihonCheckCheckList20 0 1 201405230000 IKOU
00000047 20120117 KihonCheckCheckList21 7 1 201405230000 IKOU
00000047 20120117 KihonCheckCheckList22 7 1 201405230000 IKOU
00000047 20120117 KihonCheckCheckList23 0 1 201405230000 IKOU
00000047 20120117 KihonCheckCheckList24 0 1 201405230000 IKOU
