00000118 0070 2013 12 0000020 19 00035 _ 14:30 16:00 _ _ 0 5111 1 11 1 20140701160203 00034
00000118 0070 2013 12 0000021 26 00035 _ 14:00 15:30 _ _ 0 5111 1 11 1 20140701160203 00034
00000118 0070 2014 01 0000002 09 00038 _ 14:00 15:30 _ _ 0 5111 1 11 1 20140617104147 00034
00000118 0070 2014 01 0000003 16 00038 _ 14:00 15:30 _ _ 0 5111 1 11 1 20140617104147 00034
00000118 0070 2014 01 0000004 23 00038 _ 14:00 15:30 _ _ 0 5111 1 11 1 20140617104147 00034
00000118 0070 2014 01 0000005 30 00038 _ 14:00 15:30 _ _ 0 5111 1 11 1 20140617104147 00034
00000118 0070 2014 02 0000006 06 00035 _ 14:00 15:30 _ _ 0 5111 1 11 1 20140617105124 00034
00000118 0070 2014 02 0000007 13 00038 _ 14:00 15:30 _ _ 0 5111 1 11 1 20140617105124 00034
00000118 0070 2014 02 0000008 27 00035 _ 14:00 15:30 _ _ 0 5111 1 11 1 20140617105124 00034
00000118 0070 2014 03 0000009 06 00089 _ 14:00 15:30 _ _ 0 5111 1 11 1 20140617105734 00034
00000118 0070 2014 03 0000010 13 00089 _ 14:00 15:30 _ _ 0 5111 1 11 1 20140617105734 00034
00000118 0070 2014 03 0000011 20 00089 _ 14:00 15:30 _ _ 0 5111 1 11 1 20140617105734 00034
00000118 0070 2014 03 0000012 27 00089 _ 14:00 15:30 _ _ 0 5111 1 11 1 20140617105734 00034
00000118 0070 2014 04 0000013 03 00089 _ 14:00 15:30 _ _ 0 5111 1 11 1 20140617110414 00034
00000118 0070 2014 04 0000014 10 00038 _ 14:00 15:30 _ _ 0 5111 1 11 1 20140617110414 00034
00000118 0070 2014 04 0000015 17 00089 _ 14:00 15:30 _ _ 0 5111 1 11 1 20140617110414 00034
00000118 0070 2014 04 0000016 24 00089 _ 14:00 15:30 _ _ 0 5111 1 11 1 20140617110414 00034
00000118 0070 2014 05 0000017 01 00089 _ 14:00 15:30 _ _ 0 5111 1 11 1 20140818160850 00034
00000118 0070 2014 05 0000018 08 00089 _ 14:00 15:30 _ _ 0 5111 1 11 1 20140818160850 00034
00000118 0070 2014 05 0000019 15 00038 _ 14:00 15:00 _ _ 0 7311 1 11 1 20140818160850 00034
00000118 0070 2014 05 0000022 22 00089 _ 14:00 15:30 4 _ 0 5111 1 11 1 20140818160850 00034
00000118 0070 2014 05 0000023 29 00089 _ 14:00 15:30 4 _ 0 5111 1 11 1 20140818160850 00034
00000118 0070 2014 06 0000002 05 00039 _ 14:00 15:29 4 _ 0 5111 1 11 1 20140630151225 00077
00000118 0070 2014 06 0000003 12 00040 _ 14:00 15:29 4 _ 0 5111 1 11 1 20140630151225 00077
00000118 0070 2014 06 0000004 19 00043 _ 14:00 15:29 4 _ 0 5111 1 11 1 20140630151225 00077
00000118 0070 2014 06 0000005 19 _ _ 00:00 00:00 _ _ 0 _ 1 11 9 20140626184449 00037
00000118 0070 2014 06 0000006 26 00037 _ 14:00 15:29 4 _ 0 5111 1 11 1 20140630151225 00077
