00000224 2014 06 02 16:00 17:30 61 1211 0107 11.26 1 2452 1 20140701155452 00049
00000224 2014 06 05 16:00 17:15 61 1211 0107 11.26 1 2452 1 20140701155452 00049
00000224 2014 06 09 14:30 16:00 61 1211 0107 11.26 1 2452 1 20140701155452 00049
00000224 2014 06 11 16:00 17:15 61 1211 0107 11.26 1 2452 1 20140701155452 00049
00000224 2014 06 16 14:30 16:00 61 1211 0107 11.26 1 2452 1 20140701155452 00049
00000224 2014 06 19 16:00 17:15 61 1211 0107 11.26 1 2452 1 20140701155452 00049
00000224 2014 06 23 14:30 16:00 61 1211 0107 11.26 1 2452 1 20140701155452 00049
00000224 2014 06 26 16:00 17:15 61 1211 0107 11.26 1 2452 1 20140701155452 00049
00000224 2014 06 30 14:30 16:00 61 1211 0107 11.26 1 2452 1 20140701155452 00049
00000224 2014 07 03 16:00 17:14 61 1211 0107 11.26 1 2452 1 20140802121804 00047
00000224 2014 07 07 14:30 15:59 61 1211 0107 11.26 1 2452 1 20140802121804 00047
00000224 2014 07 10 16:00 17:14 61 1211 0107 11.26 1 2452 1 20140802121804 00047
00000224 2014 07 14 14:30 15:59 61 1211 0107 11.26 1 2452 1 20140802121804 00047
00000224 2014 07 17 16:00 17:14 61 1211 0107 11.26 1 2452 1 20140802121804 00047
00000224 2014 07 21 14:30 15:59 61 1211 0107 11.26 1 2452 1 20140802121804 00047
00000224 2014 07 24 16:00 17:14 61 1211 0107 11.26 1 2452 1 20140802121804 00047
00000224 2014 07 28 14:30 15:59 61 1211 0107 11.26 1 2452 1 20140802121804 00047
00000224 2014 07 31 16:00 17:14 61 1211 0107 11.26 1 2452 1 20140802121804 00047
