00000206 2011 03 00032 1 20141202102159 00078
00000206 2011 04 00032 1 20141201173421 00078
00000206 2011 05 00032 1 20141130191658 00078
00000206 2011 06 00032 1 20141130172526 00078
00000206 2011 07 00032 1 20141130153446 00078
00000206 2011 09 00032 1 20141128184024 00078
00000206 2011 10 00032 1 20141127191425 00078
00000206 2011 11 00032 1 20141127150041 00078
00000206 2011 12 00032 1 20141125145013 00078
00000206 2012 01 00032 1 20141124132053 00078
00000206 2012 02 00032 1 20141119184737 00078
00000206 2012 03 00032 1 20141119141002 00078
00000206 2012 04 00032 1 20140715175206 00078
00000206 2012 05 00032 1 20140715175905 00078
00000206 2012 06 00032 1 20140715180722 00078
00000206 2012 07 00032 1 20140715182013 00078
00000206 2012 08 00032 1 20140715183145 00078
00000206 2012 09 00032 1 20140715184520 00078
00000206 2012 10 00032 1 20140715185453 00078
00000206 2012 11 00032 1 20140715191053 00078
