000002062011031 00000206 2011 03 07 11 1211 1 16:00 16:59 0029 1 402 0 _ _ 1 20141202102147 78
000002062011032 00000206 2011 03 10 11 7211 1 16:30 17:29 0029 1 229 0 _ _ 1 20141202102147 78
000002062011032 00000206 2011 03 17 11 7211 1 16:30 17:29 0029 1 229 0 _ _ 1 20141202102147 78
000002062011033 00000206 2011 03 06 11 7311 1 16:30 17:59 0029 1 291 0 _ _ 1 20141202102147 78
000002062011033 00000206 2011 03 13 11 7311 1 16:30 17:59 0029 1 291 0 _ _ 1 20141202102147 78
000002062011033 00000206 2011 03 20 11 7311 1 16:30 17:59 0029 1 291 0 _ _ 1 20141202102147 78
000002062011033 00000206 2011 03 24 11 7311 1 16:30 17:59 0029 1 291 0 _ _ 1 20141202102147 78
000002062011033 00000206 2011 03 27 11 7311 1 16:30 17:59 0029 1 291 0 _ _ 1 20141202102147 78
000002062011033 00000206 2011 03 31 11 7311 1 16:30 17:59 0029 1 291 0 _ _ 1 20141202102147 78
000002062011034 00000206 2011 03 02 11 1211 1 17:00 17:59 0029 1 402 0 _ _ 1 20141202102147 78
000002062011034 00000206 2011 03 09 11 1211 1 17:00 17:59 0029 1 402 0 _ _ 1 20141202102147 78
000002062011034 00000206 2011 03 19 11 1211 1 17:00 17:59 0029 1 402 0 _ _ 1 20141202102147 78
000002062011034 00000206 2011 03 23 11 1211 1 17:00 17:59 0029 1 402 0 _ _ 1 20141202102147 78
000002062011034 00000206 2011 03 26 11 1211 1 17:00 17:59 0029 1 402 0 _ _ 1 20141202102147 78
000002062011034 00000206 2011 03 28 11 1211 1 17:00 17:59 0029 1 402 0 _ _ 1 20141202102147 78
000002062011034 00000206 2011 03 30 11 1211 1 17:00 17:59 0029 1 402 0 _ _ 1 20141202102147 78
000002062011041 00000206 2011 04 23 11 1211 1 16:00 16:59 0029 1 402 0 _ _ 1 20141201173409 78
000002062011042 00000206 2011 04 21 11 7211 1 16:30 17:29 0029 1 229 0 _ _ 1 20141201173409 78
000002062011043 00000206 2011 04 03 11 7311 1 16:30 17:59 0029 1 291 0 _ _ 1 20141201173409 78
000002062011043 00000206 2011 04 07 11 7311 1 16:30 17:59 0029 1 291 0 _ _ 1 20141201173409 78
000002062011043 00000206 2011 04 10 11 7311 1 16:30 17:59 0029 1 291 0 _ _ 1 20141201173409 78
000002062011043 00000206 2011 04 14 11 7311 1 16:30 17:59 0029 1 291 0 _ _ 1 20141201173409 78
000002062011043 00000206 2011 04 17 11 7311 1 16:30 17:59 0029 1 291 0 _ _ 1 20141201173409 78
000002062011043 00000206 2011 04 24 11 7311 1 16:30 17:59 0029 1 291 0 _ _ 1 20141201173409 78
000002062011043 00000206 2011 04 28 11 7311 1 16:30 17:59 0029 1 291 0 _ _ 1 20141201173409 78
000002062011044 00000206 2011 04 04 11 1211 1 17:00 17:59 0029 1 402 0 _ _ 1 20141201173409 78
000002062011044 00000206 2011 04 06 11 1211 1 17:00 17:59 0029 1 402 0 _ _ 1 20141201173409 78
000002062011044 00000206 2011 04 09 11 1211 1 17:00 17:59 0029 1 402 0 _ _ 1 20141201173409 78
000002062011044 00000206 2011 04 13 11 1211 1 17:00 17:59 0029 1 402 0 _ _ 1 20141201173409 78
000002062011044 00000206 2011 04 16 11 1211 1 17:00 17:59 0029 1 402 0 _ _ 1 20141201173409 78
000002062011044 00000206 2011 04 18 11 1211 1 17:00 17:59 0029 1 402 0 _ _ 1 20141201173409 78
000002062011044 00000206 2011 04 20 11 1211 1 17:00 17:59 0029 1 402 0 _ _ 1 20141201173409 78
000002062011044 00000206 2011 04 25 11 1211 1 17:00 17:59 0029 1 402 0 _ _ 1 20141201173409 78
000002062011044 00000206 2011 04 27 11 1211 1 17:00 17:59 0029 1 402 0 _ _ 1 20141201173409 78
000002062011051 00000206 2011 05 05 11 1211 1 16:30 17:29 0029 1 402 0 _ _ 1 20141130191646 78
000002062011052 00000206 2011 05 04 11 7311 1 16:30 17:55 0029 1 291 0 _ _ 1 20141130191646 78
000002062011053 00000206 2011 05 01 11 7311 1 16:30 17:59 0029 1 291 0 _ _ 1 20141130191646 78
000002062011053 00000206 2011 05 08 11 7311 1 16:30 17:59 0029 1 291 0 _ _ 1 20141130191646 78
000002062011053 00000206 2011 05 12 11 7311 1 16:30 17:59 0029 1 291 0 _ _ 1 20141130191646 78
000002062011053 00000206 2011 05 15 11 7311 1 16:30 17:59 0029 1 291 0 _ _ 1 20141130191646 78
000002062011053 00000206 2011 05 19 11 7311 1 16:30 17:59 0029 1 291 0 _ _ 1 20141130191646 78
000002062011053 00000206 2011 05 22 11 7311 1 16:30 17:59 0029 1 291 0 _ _ 1 20141130191646 78
000002062011053 00000206 2011 05 26 11 7311 1 16:30 17:59 0029 1 291 0 _ _ 1 20141130191646 78
000002062011053 00000206 2011 05 30 11 7311 1 16:30 17:59 0029 1 291 0 _ _ 1 20141130191646 78
000002062011054 00000206 2011 05 02 11 1211 1 17:00 17:59 0029 1 402 0 _ _ 1 20141130191646 78
000002062011054 00000206 2011 05 07 11 1211 1 17:00 17:59 0029 1 402 0 _ _ 1 20141130191646 78
000002062011054 00000206 2011 05 11 11 1211 1 17:00 17:59 0029 1 402 0 _ _ 1 20141130191646 78
000002062011054 00000206 2011 05 14 11 1211 1 17:00 17:59 0029 1 402 0 _ _ 1 20141130191646 78
000002062011054 00000206 2011 05 16 11 1211 1 17:00 17:59 0029 1 402 0 _ _ 1 20141130191646 78
000002062011054 00000206 2011 05 21 11 1211 1 17:00 17:59 0029 1 402 0 _ _ 1 20141130191646 78
000002062011054 00000206 2011 05 23 11 1211 1 17:00 17:59 0029 1 402 0 _ _ 1 20141130191646 78
000002062011054 00000206 2011 05 28 11 1211 1 17:00 17:59 0029 1 402 0 _ _ 1 20141130191646 78
000002062011054 00000206 2011 05 30 11 1211 1 17:00 17:59 0029 1 402 0 _ _ 1 20141130191646 78
000002062011062 00000206 2011 06 02 11 7311 1 16:30 17:59 0029 1 291 0 _ _ 1 20141130172514 78
000002062011062 00000206 2011 06 05 11 7311 1 16:30 17:59 0029 1 291 0 _ _ 1 20141130172514 78
000002062011062 00000206 2011 06 09 11 7311 1 16:30 17:59 0029 1 291 0 _ _ 1 20141130172514 78
000002062011062 00000206 2011 06 12 11 7311 1 16:30 17:59 0029 1 291 0 _ _ 1 20141130172514 78
000002062011062 00000206 2011 06 16 11 7311 1 16:30 17:59 0029 1 291 0 _ _ 1 20141130172514 78
000002062011062 00000206 2011 06 19 11 7311 1 16:30 17:59 0029 1 291 0 _ _ 1 20141130172514 78
000002062011062 00000206 2011 06 23 11 7311 1 16:30 17:59 0029 1 291 0 _ _ 1 20141130172514 78
000002062011062 00000206 2011 06 26 11 7311 1 16:30 17:59 0029 1 291 0 _ _ 1 20141130172514 78
000002062011062 00000206 2011 06 30 11 7311 1 16:30 17:59 0029 1 291 0 _ _ 1 20141130172514 78
000002062011063 00000206 2011 06 01 11 1211 1 17:00 17:59 0029 1 402 0 _ _ 1 20141130172514 78
000002062011063 00000206 2011 06 04 11 1211 1 17:00 17:59 0029 1 402 0 _ _ 1 20141130172514 78
000002062011063 00000206 2011 06 08 11 1211 1 17:00 17:59 0029 1 402 0 _ _ 1 20141130172514 78
000002062011063 00000206 2011 06 11 11 1211 1 17:00 17:59 0029 1 402 0 _ _ 1 20141130172514 78
000002062011063 00000206 2011 06 13 11 1211 1 17:00 17:59 0029 1 402 0 _ _ 1 20141130172514 78
000002062011063 00000206 2011 06 15 11 1211 1 17:00 17:59 0029 1 402 0 _ _ 1 20141130172514 78
000002062011063 00000206 2011 06 20 11 1211 1 17:00 17:59 0029 1 402 0 _ _ 1 20141130172514 78
000002062011063 00000206 2011 06 22 11 1211 1 17:00 17:59 0029 1 402 0 _ _ 1 20141130172514 78
000002062011063 00000206 2011 06 27 11 1211 1 17:00 17:59 0029 1 402 0 _ _ 1 20141130172514 78
000002062011063 00000206 2011 06 29 11 1211 1 17:00 17:59 0029 1 402 0 _ _ 1 20141130172514 78
000002062011071 00000206 2011 07 02 11 1211 1 16:30 17:29 0029 1 402 0 _ _ 1 20141130153427 78
000002062011071 00000206 2011 07 09 11 1211 1 16:30 17:29 0029 1 402 0 _ _ 1 20141130153427 78
000002062011071 00000206 2011 07 16 11 1211 1 16:30 17:29 0029 1 402 0 _ _ 1 20141130153427 78
000002062011071 00000206 2011 07 23 11 1211 1 16:30 17:29 0029 1 402 0 _ _ 1 20141130153427 78
000002062011071 00000206 2011 07 30 11 1211 1 16:30 17:29 0029 1 402 0 _ _ 1 20141130153427 78
000002062011072 00000206 2011 07 03 11 7311 1 16:30 17:59 0029 1 291 0 _ _ 1 20141130153427 78
000002062011072 00000206 2011 07 07 11 7311 1 16:30 17:59 0029 1 291 0 _ _ 1 20141130153427 78
000002062011072 00000206 2011 07 10 11 7311 1 16:30 17:59 0029 1 291 0 _ _ 1 20141130153427 78
000002062011072 00000206 2011 07 14 11 7311 1 16:30 17:59 0029 1 291 0 _ _ 1 20141130153427 78
000002062011072 00000206 2011 07 17 11 7311 1 16:30 17:59 0029 1 291 0 _ _ 1 20141130153427 78
000002062011072 00000206 2011 07 21 11 7311 1 16:30 17:59 0029 1 291 0 _ _ 1 20141130153427 78
000002062011072 00000206 2011 07 24 11 7311 1 16:30 17:59 0029 1 291 0 _ _ 1 20141130153427 78
000002062011072 00000206 2011 07 28 11 7311 1 16:30 17:59 0029 1 291 0 _ _ 1 20141130153427 78
000002062011072 00000206 2011 07 31 11 7311 1 16:30 17:59 0029 1 291 0 _ _ 1 20141130153427 78
000002062011073 00000206 2011 07 20 11 1111 1 17:00 17:29 0029 1 254 0 _ _ 1 20141130153427 78
000002062011074 00000206 2011 07 06 11 1211 1 17:00 17:59 0029 1 402 0 _ _ 1 20141130153427 78
000002062011074 00000206 2011 07 11 11 1211 1 17:00 17:59 0029 1 402 0 _ _ 1 20141130153427 78
000002062011074 00000206 2011 07 13 11 1211 1 17:00 17:59 0029 1 402 0 _ _ 1 20141130153427 78
000002062011074 00000206 2011 07 18 11 1211 1 17:00 17:59 0029 1 402 0 _ _ 1 20141130153427 78
000002062011074 00000206 2011 07 25 11 1211 1 17:00 17:59 0029 1 402 0 _ _ 1 20141130153427 78
000002062011074 00000206 2011 07 27 11 1211 1 17:00 17:59 0029 1 402 0 _ _ 1 20141130153427 78
000002062011081 00000206 2011 08 06 11 1211 1 16:30 17:29 0029 1 402 0 _ _ 1 20141130114211 78
000002062011081 00000206 2011 08 13 11 1211 1 16:30 17:29 0029 1 402 0 _ _ 1 20141130114211 78
000002062011081 00000206 2011 08 27 11 1211 1 16:30 17:29 0029 1 402 0 _ _ 1 20141130114211 78
000002062011082 00000206 2011 08 04 11 7311 1 16:30 17:59 0029 1 291 0 _ _ 1 20141130114211 78
000002062011082 00000206 2011 08 07 11 7311 1 16:30 17:59 0029 1 291 0 _ _ 1 20141130114211 78
000002062011082 00000206 2011 08 11 11 7311 1 16:30 17:59 0029 1 291 0 _ _ 1 20141130114211 78
000002062011082 00000206 2011 08 14 11 7311 1 16:30 17:59 0029 1 291 0 _ _ 1 20141130114211 78
000002062011082 00000206 2011 08 18 11 7311 1 16:30 17:59 0029 1 291 0 _ _ 1 20141130114211 78
000002062011082 00000206 2011 08 25 11 7311 1 16:30 17:59 0029 1 291 0 _ _ 1 20141130114211 78
000002062011082 00000206 2011 08 28 11 7311 1 16:30 17:59 0029 1 291 0 _ _ 1 20141130114211 78
000002062011083 00000206 2011 08 03 11 1211 1 17:00 17:59 0029 1 402 0 _ _ 1 20141130114211 78
000002062011083 00000206 2011 08 08 11 1211 1 17:00 17:59 0029 1 402 0 _ _ 1 20141130114211 78
000002062011083 00000206 2011 08 15 11 1211 1 17:00 17:59 0029 1 402 0 _ _ 1 20141130114211 78
000002062011083 00000206 2011 08 17 11 1211 1 17:00 17:59 0029 1 402 0 _ _ 1 20141130114211 78
000002062011083 00000206 2011 08 21 11 1211 1 17:00 17:59 0029 1 402 0 _ _ 1 20141130114211 78
000002062011083 00000206 2011 08 22 11 1211 1 17:00 17:59 0029 1 402 0 _ _ 1 20141130114211 78
000002062011083 00000206 2011 08 24 11 1211 1 17:00 17:59 0029 1 402 0 _ _ 1 20141130114211 78
000002062011083 00000206 2011 08 29 11 1211 1 17:00 17:59 0029 1 402 0 _ _ 1 20141130114211 78
000002062011083 00000206 2011 08 31 11 1211 1 17:00 17:59 0029 1 402 0 _ _ 1 20141130114211 78
000002062011091 00000206 2011 09 03 11 1211 1 16:30 17:29 0029 1 402 0 _ _ 1 20141128184014 78
000002062011091 00000206 2011 09 10 11 1211 1 16:30 17:29 0029 1 402 0 _ _ 1 20141128184014 78
000002062011091 00000206 2011 09 17 11 1211 1 16:30 17:29 0029 1 402 0 _ _ 1 20141128184014 78
000002062011091 00000206 2011 09 24 11 1211 1 16:30 17:29 0029 1 402 0 _ _ 1 20141128184014 78
000002062011092 00000206 2011 09 01 11 7311 1 16:30 17:59 0029 1 291 0 _ _ 1 20141128184014 78
000002062011092 00000206 2011 09 04 11 7311 1 16:30 17:59 0029 1 291 0 _ _ 1 20141128184014 78
000002062011092 00000206 2011 09 08 11 7311 1 16:30 17:59 0029 1 291 0 _ _ 1 20141128184014 78
000002062011092 00000206 2011 09 11 11 7311 1 16:30 17:59 0029 1 291 0 _ _ 1 20141128184014 78
000002062011092 00000206 2011 09 15 11 7311 1 16:30 17:59 0029 1 291 0 _ _ 1 20141128184014 78
000002062011092 00000206 2011 09 18 11 7311 1 16:30 17:59 0029 1 291 0 _ _ 1 20141128184014 78
000002062011092 00000206 2011 09 22 11 7311 1 16:30 17:59 0029 1 291 0 _ _ 1 20141128184014 78
000002062011092 00000206 2011 09 25 11 7311 1 16:30 17:59 0029 1 291 0 _ _ 1 20141128184014 78
000002062011092 00000206 2011 09 29 11 7311 1 16:30 17:59 0029 1 291 0 _ _ 1 20141128184014 78
000002062011093 00000206 2011 09 07 11 1211 1 17:00 17:59 0029 1 402 0 _ _ 1 20141128184014 78
000002062011093 00000206 2011 09 12 11 1211 1 17:00 17:59 0029 1 402 0 _ _ 1 20141128184014 78
000002062011093 00000206 2011 09 14 11 1211 1 17:00 17:59 0029 1 402 0 _ _ 1 20141128184014 78
000002062011093 00000206 2011 09 19 11 1211 1 17:00 17:59 0029 1 402 0 _ _ 1 20141128184014 78
000002062011093 00000206 2011 09 21 11 1211 1 17:00 17:59 0029 1 402 0 _ _ 1 20141128184014 78
000002062011093 00000206 2011 09 27 11 1211 1 17:00 17:59 0029 1 402 0 _ _ 1 20141128184014 78
000002062011093 00000206 2011 09 28 11 1211 1 17:00 17:59 0029 1 402 0 _ _ 1 20141128184014 78
000002062011101 00000206 2011 10 01 11 1211 1 16:30 17:29 0029 1 402 0 _ _ 1 20141127191414 78
000002062011101 00000206 2011 10 08 11 1211 1 16:30 17:29 0029 1 402 0 _ _ 1 20141127191414 78
000002062011101 00000206 2011 10 15 11 1211 1 16:30 17:29 0029 1 402 0 _ _ 1 20141127191414 78
000002062011101 00000206 2011 10 22 11 1211 1 16:30 17:29 0029 1 402 0 _ _ 1 20141127191414 78
000002062011101 00000206 2011 10 29 11 1211 1 16:30 17:29 0029 1 402 0 _ _ 1 20141127191414 78
000002062011102 00000206 2011 10 02 11 7311 1 16:30 17:59 0029 1 291 0 _ _ 1 20141127191414 78
000002062011102 00000206 2011 10 06 11 7311 1 16:30 17:59 0029 1 291 0 _ _ 1 20141127191414 78
000002062011102 00000206 2011 10 09 11 7311 1 16:30 17:59 0029 1 291 0 _ _ 1 20141127191414 78
000002062011102 00000206 2011 10 30 11 7311 1 16:30 17:59 0029 1 291 0 _ _ 1 20141127191414 78
000002062011103 00000206 2011 10 05 11 1211 1 17:00 17:59 0029 1 402 0 _ _ 1 20141127191414 78
000002062011103 00000206 2011 10 10 11 1211 1 17:00 17:59 0029 1 402 0 _ _ 1 20141127191414 78
000002062011103 00000206 2011 10 12 11 1211 1 17:00 17:59 0029 1 402 0 _ _ 1 20141127191414 78
000002062011103 00000206 2011 10 17 11 1211 1 17:00 17:59 0029 1 402 0 _ _ 1 20141127191414 78
000002062011103 00000206 2011 10 19 11 1211 1 17:00 17:59 0029 1 402 0 _ _ 1 20141127191414 78
000002062011103 00000206 2011 10 24 11 1211 1 17:00 17:59 0029 1 402 0 _ _ 1 20141127191414 78
000002062011103 00000206 2011 10 26 11 1211 1 17:00 17:59 0029 1 402 0 _ _ 1 20141127191414 78
000002062011103 00000206 2011 10 31 11 1211 1 17:00 17:59 0029 1 402 0 _ _ 1 20141127191414 78
000002062011111 00000206 2011 11 05 11 1211 1 16:30 17:29 0029 1 402 0 _ _ 1 20141127150029 78
000002062011111 00000206 2011 11 12 11 1211 1 16:30 17:29 0029 1 402 0 _ _ 1 20141127150029 78
000002062011111 00000206 2011 11 19 11 1211 1 16:30 17:29 0029 1 402 0 _ _ 1 20141127150029 78
000002062011111 00000206 2011 11 26 11 1211 1 16:30 17:29 0029 1 402 0 _ _ 1 20141127150029 78
000002062011112 00000206 2011 11 13 11 7311 1 16:30 17:59 0029 1 291 0 _ _ 1 20141127150029 78
000002062011112 00000206 2011 11 17 11 7311 1 16:30 17:59 0029 1 291 0 _ _ 1 20141127150029 78
000002062011112 00000206 2011 11 20 11 7311 1 16:30 17:59 0029 1 291 0 _ _ 1 20141127150029 78
000002062011112 00000206 2011 11 24 11 7311 1 16:30 17:59 0029 1 291 0 _ _ 1 20141127150029 78
000002062011112 00000206 2011 11 27 11 7311 1 16:30 17:59 0029 1 291 0 _ _ 1 20141127150029 78
000002062011113 00000206 2011 11 03 11 1211 1 17:00 17:59 0029 1 402 0 _ _ 1 20141127150029 78
000002062011113 00000206 2011 11 09 11 1211 1 17:00 17:59 0029 1 402 0 _ _ 1 20141127150029 78
000002062011113 00000206 2011 11 14 11 1211 1 17:00 17:59 0029 1 402 0 _ _ 1 20141127150029 78
000002062011113 00000206 2011 11 16 11 1211 1 17:00 17:59 0029 1 402 0 _ _ 1 20141127150029 78
000002062011113 00000206 2011 11 21 11 1211 1 17:00 17:59 0029 1 402 0 _ _ 1 20141127150029 78
000002062011113 00000206 2011 11 23 11 1211 1 17:00 17:59 0029 1 402 0 _ _ 1 20141127150029 78
000002062011113 00000206 2011 11 28 11 1211 1 17:00 17:59 0029 1 402 0 _ _ 1 20141127150029 78
000002062011113 00000206 2011 11 30 11 1211 1 17:00 17:59 0029 1 402 0 _ _ 1 20141127150029 78
000002062011121 00000206 2011 12 03 11 1211 1 16:30 17:29 0029 1 402 0 _ _ 1 20141125144958 78
000002062011121 00000206 2011 12 10 11 1211 1 16:30 17:29 0029 1 402 0 _ _ 1 20141125144958 78
000002062011121 00000206 2011 12 17 11 1211 1 16:30 17:29 0029 1 402 0 _ _ 1 20141125144958 78
000002062011121 00000206 2011 12 24 11 1211 1 16:30 17:29 0029 1 402 0 _ _ 1 20141125144958 78
000002062011121 00000206 2011 12 31 11 1211 1 16:30 17:29 0029 1 402 0 _ _ 1 20141125144958 78
000002062011122 00000206 2011 12 01 11 7311 1 16:30 17:59 0029 1 291 0 _ _ 1 20141125144958 78
000002062011122 00000206 2011 12 04 11 7311 1 16:30 17:59 0029 1 291 0 _ _ 1 20141125144958 78
000002062011122 00000206 2011 12 08 11 7311 1 16:30 17:59 0029 1 291 0 _ _ 1 20141125144958 78
000002062011122 00000206 2011 12 11 11 7311 1 16:30 17:59 0029 1 291 0 _ _ 1 20141125144958 78
000002062011122 00000206 2011 12 15 11 7311 1 16:30 17:59 0029 1 291 0 _ _ 1 20141125144958 78
000002062011122 00000206 2011 12 18 11 7311 1 16:30 17:59 0029 1 291 0 _ _ 1 20141125144958 78
000002062011122 00000206 2011 12 22 11 7311 1 16:30 17:59 0029 1 291 0 _ _ 1 20141125144958 78
000002062011122 00000206 2011 12 29 11 7311 1 16:30 17:59 0029 1 291 0 _ _ 1 20141125144958 78
000002062011123 00000206 2011 12 07 11 1211 1 17:00 17:59 0029 1 402 0 _ _ 1 20141125144958 78
000002062011123 00000206 2011 12 14 11 1211 1 17:00 17:59 0029 1 402 0 _ _ 1 20141125144958 78
000002062011123 00000206 2011 12 21 11 1211 1 17:00 17:59 0029 1 402 0 _ _ 1 20141125144958 78
000002062011123 00000206 2011 12 26 11 1211 1 17:00 17:59 0029 1 402 0 _ _ 1 20141125144958 78
000002062011123 00000206 2011 12 28 11 1211 1 17:00 17:59 0029 1 402 0 _ _ 1 20141125144958 78
000002062012011 00000206 2012 01 07 11 1211 1 16:30 17:29 0029 1 402 0 _ _ 1 20141124132036 78
000002062012011 00000206 2012 01 14 11 1211 1 16:30 17:29 0029 1 402 0 _ _ 1 20141124132036 78
000002062012011 00000206 2012 01 21 11 1211 1 16:30 17:29 0029 1 402 0 _ _ 1 20141124132036 78
000002062012011 00000206 2012 01 28 11 1211 1 16:30 17:29 0029 1 402 0 _ _ 1 20141124132036 78
000002062012012 00000206 2012 01 05 11 7311 1 16:30 17:59 0029 1 291 0 _ _ 1 20141124132036 78
000002062012012 00000206 2012 01 08 11 7311 1 16:30 17:59 0029 1 291 0 _ _ 1 20141124132036 78
000002062012012 00000206 2012 01 12 11 7311 1 16:30 17:59 0029 1 291 0 _ _ 1 20141124132036 78
000002062012012 00000206 2012 01 15 11 7311 1 16:30 17:59 0029 1 291 0 _ _ 1 20141124132036 78
000002062012012 00000206 2012 01 19 11 7311 1 16:30 17:59 0029 1 291 0 _ _ 1 20141124132036 78
000002062012012 00000206 2012 01 26 11 7311 1 16:30 17:59 0029 1 291 0 _ _ 1 20141124132036 78
000002062012012 00000206 2012 01 29 11 7311 1 16:30 17:59 0029 1 291 0 _ _ 1 20141124132036 78
000002062012013 00000206 2012 01 04 11 1211 1 17:00 17:59 0029 1 402 0 _ _ 1 20141124132036 78
000002062012013 00000206 2012 01 09 11 1211 1 17:00 17:59 0029 1 402 0 _ _ 1 20141124132036 78
000002062012013 00000206 2012 01 16 11 1211 1 17:00 17:59 0029 1 402 0 _ _ 1 20141124132036 78
000002062012013 00000206 2012 01 18 11 1211 1 17:00 17:59 0029 1 402 0 _ _ 1 20141124132036 78
000002062012013 00000206 2012 01 23 11 1211 1 17:00 17:59 0029 1 402 0 _ _ 1 20141124132036 78
000002062012013 00000206 2012 01 30 11 1211 1 17:00 17:59 0029 1 402 0 _ _ 1 20141124132036 78
000002062012021 00000206 2012 02 04 11 1211 1 16:30 17:29 0029 1 402 0 _ _ 1 20141119184723 78
000002062012021 00000206 2012 02 11 11 1211 1 16:30 17:29 0029 1 402 0 _ _ 1 20141119184723 78
000002062012021 00000206 2012 02 18 11 1211 1 16:30 17:29 0029 1 402 0 _ _ 1 20141119184723 78
000002062012021 00000206 2012 02 25 11 1211 1 16:30 17:29 0029 1 402 0 _ _ 1 20141119184723 78
000002062012022 00000206 2012 02 02 11 7211 1 16:30 17:29 0029 1 229 0 _ _ 1 20141119184723 78
000002062012022 00000206 2012 02 05 11 7211 1 16:30 17:29 0029 1 229 0 _ _ 1 20141119184723 78
000002062012022 00000206 2012 02 09 11 7211 1 16:30 17:29 0029 1 229 0 _ _ 1 20141119184723 78
000002062012022 00000206 2012 02 12 11 7211 1 16:30 17:29 0029 1 229 0 _ _ 1 20141119184723 78
000002062012022 00000206 2012 02 16 11 7211 1 16:30 17:29 0029 1 229 0 _ _ 1 20141119184723 78
000002062012022 00000206 2012 02 19 11 7211 1 16:30 17:29 0029 1 229 0 _ _ 1 20141119184723 78
000002062012022 00000206 2012 02 23 11 7211 1 16:30 17:29 0029 1 229 0 _ _ 1 20141119184723 78
000002062012022 00000206 2012 02 26 11 7211 1 16:30 17:29 0029 1 229 0 _ _ 1 20141119184723 78
000002062012023 00000206 2012 02 01 11 1211 1 17:00 17:59 0029 1 402 0 _ _ 1 20141119184723 78
000002062012023 00000206 2012 02 08 11 1211 1 17:00 17:59 0029 1 402 0 _ _ 1 20141119184723 78
000002062012023 00000206 2012 02 13 11 1211 1 17:00 17:59 0029 1 402 0 _ _ 1 20141119184723 78
000002062012023 00000206 2012 02 15 11 1211 1 17:00 17:59 0029 1 402 0 _ _ 1 20141119184723 78
000002062012023 00000206 2012 02 20 11 1211 1 17:00 17:59 0029 1 402 0 _ _ 1 20141119184723 78
000002062012023 00000206 2012 02 22 11 1211 1 17:00 17:59 0029 1 402 0 _ _ 1 20141119184723 78
000002062012023 00000206 2012 02 27 11 1211 1 17:00 17:59 0029 1 402 0 _ _ 1 20141119184723 78
000002062012023 00000206 2012 02 29 11 1211 1 17:00 17:59 0029 1 402 0 _ _ 1 20141119184723 78
000002062012031 00000206 2012 03 03 11 1211 1 16:30 17:29 0029 1 402 0 _ _ 1 20141119140951 78
000002062012031 00000206 2012 03 10 11 1211 1 16:30 17:29 0029 1 402 0 _ _ 1 20141119140951 78
000002062012031 00000206 2012 03 17 11 1211 1 16:30 17:29 0029 1 402 0 _ _ 1 20141119140951 78
000002062012031 00000206 2012 03 24 11 1211 1 16:30 17:29 0029 1 402 0 _ _ 1 20141119140951 78
000002062012031 00000206 2012 03 31 11 1211 1 16:30 17:29 0029 1 402 0 _ _ 1 20141119140951 78
000002062012032 00000206 2012 03 01 11 7211 1 16:30 17:29 0029 1 229 0 _ _ 1 20141119140951 78
000002062012032 00000206 2012 03 04 11 7211 1 16:30 17:29 0029 1 229 0 _ _ 1 20141119140951 78
000002062012032 00000206 2012 03 08 11 7211 1 16:30 17:29 0029 1 229 0 _ _ 1 20141119140951 78
000002062012032 00000206 2012 03 11 11 7211 1 16:30 17:29 0029 1 229 0 _ _ 1 20141119140951 78
000002062012032 00000206 2012 03 15 11 7211 1 16:30 17:29 0029 1 229 0 _ _ 1 20141119140951 78
000002062012032 00000206 2012 03 18 11 7211 1 16:30 17:29 0029 1 229 0 _ _ 1 20141119140951 78
000002062012032 00000206 2012 03 22 11 7211 1 16:30 17:29 0029 1 229 0 _ _ 1 20141119140951 78
000002062012032 00000206 2012 03 25 11 7211 1 16:30 17:29 0029 1 229 0 _ _ 1 20141119140951 78
000002062012032 00000206 2012 03 29 11 7211 1 16:30 17:29 0029 1 229 0 _ _ 1 20141119140951 78
000002062012033 00000206 2012 03 14 11 1211 1 17:00 17:59 0029 1 402 0 _ _ 1 20141119140951 78
000002062012033 00000206 2012 03 19 11 1211 1 17:00 17:59 0029 1 402 0 _ _ 1 20141119140951 78
000002062012033 00000206 2012 03 21 11 1211 1 17:00 17:59 0029 1 402 0 _ _ 1 20141119140951 78
000002062012033 00000206 2012 03 28 11 1211 1 17:00 17:59 0029 1 402 0 _ _ 1 20141119140951 78
000002062012041 00000206 2012 04 07 11 1211 1 16:30 17:29 0029 1 402 0 _ _ 1 20140715175143 78
000002062012041 00000206 2012 04 21 11 1211 1 16:30 17:29 0029 1 402 0 _ _ 1 20140715175143 78
000002062012041 00000206 2012 04 28 11 1211 1 16:30 17:29 0029 1 402 0 _ _ 1 20140715175143 78
000002062012042 00000206 2012 04 01 11 7311 1 16:30 17:29 0029 1 235 0 _ _ 1 20140715175143 78
000002062012042 00000206 2012 04 05 11 7311 1 16:30 17:29 0029 1 235 0 _ _ 1 20140715175143 78
000002062012042 00000206 2012 04 08 11 7311 1 16:30 17:29 0029 1 235 0 _ _ 1 20140715175143 78
000002062012042 00000206 2012 04 12 11 7311 1 16:30 17:29 0029 1 235 0 _ _ 1 20140715175143 78
000002062012042 00000206 2012 04 19 11 7311 1 16:30 17:29 0029 1 235 0 _ _ 1 20140715175143 78
000002062012042 00000206 2012 04 22 11 7311 1 16:30 17:29 0029 1 235 0 _ _ 1 20140715175143 78
000002062012042 00000206 2012 04 26 11 7311 1 16:30 17:29 0029 1 235 0 _ _ 1 20140715175143 78
000002062012042 00000206 2012 04 29 11 7311 1 16:30 17:29 0029 1 235 0 _ _ 1 20140715175143 78
000002062012043 00000206 2012 04 04 11 1211 1 17:00 17:59 0029 1 402 0 _ _ 1 20140715175143 78
000002062012043 00000206 2012 04 11 11 1211 1 17:00 17:59 0029 1 402 0 _ _ 1 20140715175143 78
000002062012043 00000206 2012 04 16 11 1211 1 17:00 17:59 0029 1 402 0 _ _ 1 20140715175143 78
000002062012043 00000206 2012 04 18 11 1211 1 17:00 17:59 0029 1 402 0 _ _ 1 20140715175143 78
000002062012043 00000206 2012 04 25 11 1211 1 17:00 17:59 0029 1 402 0 _ _ 1 20140715175143 78
000002062012043 00000206 2012 04 30 11 1211 1 17:00 17:59 0029 1 402 0 _ _ 1 20140715175143 78
000002062012051 00000206 2012 05 05 11 1211 1 16:30 17:29 0029 1 402 0 _ _ 1 20140715175855 78
000002062012051 00000206 2012 05 12 11 1211 1 16:30 17:29 0029 1 402 0 _ _ 1 20140715175855 78
000002062012051 00000206 2012 05 19 11 1211 1 16:30 17:29 0029 1 402 0 _ _ 1 20140715175855 78
000002062012051 00000206 2012 05 26 11 1211 1 16:30 17:29 0029 1 402 0 _ _ 1 20140715175855 78
000002062012052 00000206 2012 05 03 11 7311 1 16:30 17:29 0029 1 235 0 _ _ 1 20140715175855 78
000002062012052 00000206 2012 05 06 11 7311 1 16:30 17:29 0029 1 235 0 _ _ 1 20140715175855 78
000002062012052 00000206 2012 05 13 11 7311 1 16:30 17:29 0029 1 235 0 _ _ 1 20140715175855 78
000002062012052 00000206 2012 05 17 11 7311 1 16:30 17:29 0029 1 235 0 _ _ 1 20140715175855 78
000002062012052 00000206 2012 05 20 11 7311 1 16:30 17:29 0029 1 235 0 _ _ 1 20140715175855 78
000002062012052 00000206 2012 05 27 11 7311 1 16:30 17:29 0029 1 235 0 _ _ 1 20140715175855 78
000002062012053 00000206 2012 05 02 11 1211 1 17:00 17:59 0029 1 402 0 _ _ 1 20140715175855 78
000002062012053 00000206 2012 05 07 11 1211 1 17:00 17:59 0029 1 402 0 _ _ 1 20140715175855 78
000002062012053 00000206 2012 05 09 11 1211 1 17:00 17:59 0029 1 402 0 _ _ 1 20140715175855 78
000002062012053 00000206 2012 05 21 11 1211 1 17:00 17:59 0029 1 402 0 _ _ 1 20140715175855 78
000002062012053 00000206 2012 05 23 11 1211 1 17:00 17:59 0029 1 402 0 _ _ 1 20140715175855 78
000002062012053 00000206 2012 05 28 11 1211 1 17:00 17:59 0029 1 402 0 _ _ 1 20140715175855 78
000002062012053 00000206 2012 05 30 11 1211 1 17:00 17:59 0029 1 402 0 _ _ 1 20140715175855 78
000002062012061 00000206 2012 06 02 11 1211 1 16:30 17:29 0029 1 402 0 _ _ 1 20140715180626 78
000002062012061 00000206 2012 06 09 11 1211 1 16:30 17:29 0029 1 402 0 _ _ 1 20140715180626 78
000002062012061 00000206 2012 06 16 11 1211 1 16:30 17:29 0029 1 402 0 _ _ 1 20140715180626 78
000002062012061 00000206 2012 06 30 11 1211 1 16:30 17:29 0029 1 402 0 _ _ 1 20140715180626 78
000002062012062 00000206 2012 06 03 11 7311 1 16:30 17:29 0029 1 235 0 _ _ 1 20140715180626 78
000002062012062 00000206 2012 06 07 11 7311 1 16:30 17:29 0029 1 235 0 _ _ 1 20140715180626 78
000002062012062 00000206 2012 06 10 11 7311 1 16:30 17:29 0029 1 235 0 _ _ 1 20140715180626 78
000002062012062 00000206 2012 06 14 11 7311 1 16:30 17:29 0029 1 235 0 _ _ 1 20140715180626 78
000002062012062 00000206 2012 06 17 11 7311 1 16:30 17:29 0029 1 235 0 _ _ 1 20140715180626 78
000002062012062 00000206 2012 06 21 11 7311 1 16:30 17:29 0029 1 235 0 _ _ 1 20140715180626 78
000002062012062 00000206 2012 06 24 11 7311 1 16:30 17:29 0029 1 235 0 _ _ 1 20140715180626 78
000002062012063 00000206 2012 06 04 11 1211 1 17:00 17:59 0029 1 402 0 _ _ 1 20140715180626 78
000002062012063 00000206 2012 06 06 11 1211 1 17:00 17:59 0029 1 402 0 _ _ 1 20140715180626 78
000002062012063 00000206 2012 06 11 11 1211 1 17:00 17:59 0029 1 402 0 _ _ 1 20140715180626 78
000002062012063 00000206 2012 06 13 11 1211 1 17:00 17:59 0029 1 402 0 _ _ 1 20140715180626 78
000002062012063 00000206 2012 06 18 11 1211 1 17:00 17:59 0029 1 402 0 _ _ 1 20140715180626 78
000002062012063 00000206 2012 06 20 11 1211 1 17:00 17:59 0029 1 402 0 _ _ 1 20140715180626 78
000002062012063 00000206 2012 06 23 11 1211 1 17:00 17:59 0029 1 402 0 _ _ 1 20140715180626 78
000002062012063 00000206 2012 06 25 11 1211 1 17:00 17:59 0029 1 402 0 _ _ 1 20140715180626 78
000002062012063 00000206 2012 06 27 11 1211 1 17:00 17:59 0029 1 402 0 _ _ 1 20140715180626 78
000002062012071 00000206 2012 07 07 11 1211 1 16:30 17:29 0029 1 402 0 _ _ 1 20140715181843 78
000002062012071 00000206 2012 07 14 11 1211 1 16:30 17:29 0029 1 402 0 _ _ 1 20140715181843 78
000002062012071 00000206 2012 07 21 11 1211 1 16:30 17:29 0029 1 402 0 _ _ 1 20140715181843 78
000002062012071 00000206 2012 07 28 11 1211 1 16:30 17:29 0029 1 402 0 _ _ 1 20140715181843 78
000002062012072 00000206 2012 07 01 11 7311 1 16:30 17:29 0029 1 235 0 _ _ 1 20140715181843 78
000002062012072 00000206 2012 07 05 11 7311 1 16:30 17:29 0029 1 235 0 _ _ 1 20140715181843 78
000002062012072 00000206 2012 07 08 11 7311 1 16:30 17:29 0029 1 235 0 _ _ 1 20140715181843 78
000002062012072 00000206 2012 07 19 11 7311 1 16:30 17:29 0029 1 235 0 _ _ 1 20140715181843 78
000002062012072 00000206 2012 07 22 11 7311 1 16:30 17:29 0029 1 235 0 _ _ 1 20140715181843 78
000002062012072 00000206 2012 07 29 11 7311 1 16:30 17:29 0029 1 235 0 _ _ 1 20140715181843 78
000002062012073 00000206 2012 07 02 11 1211 1 17:00 17:54 0029 1 402 0 _ _ 1 20140715181843 78
000002062012073 00000206 2012 07 04 11 1211 1 17:00 17:54 0029 1 402 0 _ _ 1 20140715181843 78
000002062012073 00000206 2012 07 09 11 1211 1 17:00 17:54 0029 1 402 0 _ _ 1 20140715181843 78
000002062012073 00000206 2012 07 11 11 1211 1 17:00 17:54 0029 1 402 0 _ _ 1 20140715181843 78
000002062012073 00000206 2012 07 16 11 1211 1 17:00 17:54 0029 1 402 0 _ _ 1 20140715181843 78
000002062012073 00000206 2012 07 18 11 1211 1 17:00 17:54 0029 1 402 0 _ _ 1 20140715181843 78
000002062012073 00000206 2012 07 23 11 1211 1 17:00 17:54 0029 1 402 0 _ _ 1 20140715181843 78
000002062012073 00000206 2012 07 25 11 1211 1 17:00 17:54 0029 1 402 0 _ _ 1 20140715181843 78
000002062012073 00000206 2012 07 30 11 1211 1 17:00 17:54 0029 1 402 0 _ _ 1 20140715181843 78
000002062012074 00000206 2012 07 02 11 1211 1 17:00 17:59 0029 1 402 0 _ _ 1 20140715181843 78
000002062012074 00000206 2012 07 04 11 1211 1 17:00 17:59 0029 1 402 0 _ _ 1 20140715181843 78
000002062012074 00000206 2012 07 09 11 1211 1 17:00 17:59 0029 1 402 0 _ _ 1 20140715181843 78
000002062012074 00000206 2012 07 11 11 1211 1 17:00 17:59 0029 1 402 0 _ _ 1 20140715181843 78
000002062012074 00000206 2012 07 16 11 1211 1 17:00 17:59 0029 1 402 0 _ _ 1 20140715181843 78
000002062012074 00000206 2012 07 18 11 1211 1 17:00 17:59 0029 1 402 0 _ _ 1 20140715181843 78
000002062012074 00000206 2012 07 23 11 1211 1 17:00 17:59 0029 1 402 0 _ _ 1 20140715181843 78
000002062012074 00000206 2012 07 25 11 1211 1 17:00 17:59 0029 1 402 0 _ _ 1 20140715181843 78
000002062012074 00000206 2012 07 30 11 1211 1 17:00 17:59 0029 1 402 0 _ _ 1 20140715181843 78
000002062012081 00000206 2012 08 18 11 1211 1 15:30 16:29 0029 1 402 0 _ _ 1 20140715183123 78
000002062012082 00000206 2012 08 04 11 1211 1 16:30 17:29 0029 1 402 0 _ _ 1 20140715183123 78
000002062012082 00000206 2012 08 11 11 1211 1 16:30 17:29 0029 1 402 0 _ _ 1 20140715183123 78
000002062012082 00000206 2012 08 25 11 1211 1 16:30 17:29 0029 1 402 0 _ _ 1 20140715183123 78
000002062012083 00000206 2012 08 05 11 7311 1 16:30 17:29 0029 1 235 0 _ _ 1 20140715183123 78
000002062012083 00000206 2012 08 09 11 7311 1 16:30 17:29 0029 1 235 0 _ _ 1 20140715183123 78
000002062012083 00000206 2012 08 12 11 7311 1 16:30 17:29 0029 1 235 0 _ _ 1 20140715183123 78
000002062012083 00000206 2012 08 16 11 7311 1 16:30 17:29 0029 1 235 0 _ _ 1 20140715183123 78
000002062012083 00000206 2012 08 26 11 7311 1 16:30 17:29 0029 1 235 0 _ _ 1 20140715183123 78
000002062012083 00000206 2012 08 30 11 7311 1 16:30 17:29 0029 1 235 0 _ _ 1 20140715183123 78
000002062012084 00000206 2012 08 01 11 1211 1 17:00 17:59 0029 1 402 0 _ _ 1 20140715183123 78
000002062012084 00000206 2012 08 06 11 1211 1 17:00 17:59 0029 1 402 0 _ _ 1 20140715183123 78
000002062012084 00000206 2012 08 08 11 1211 1 17:00 17:59 0029 1 402 0 _ _ 1 20140715183123 78
000002062012084 00000206 2012 08 13 11 1211 1 17:00 17:59 0029 1 402 0 _ _ 1 20140715183123 78
000002062012084 00000206 2012 08 15 11 1211 1 17:00 17:59 0029 1 402 0 _ _ 1 20140715183123 78
000002062012084 00000206 2012 08 20 11 1211 1 17:00 17:59 0029 1 402 0 _ _ 1 20140715183123 78
000002062012084 00000206 2012 08 22 11 1211 1 17:00 17:59 0029 1 402 0 _ _ 1 20140715183123 78
000002062012084 00000206 2012 08 27 11 1211 1 17:00 17:59 0029 1 402 0 _ _ 1 20140715183123 78
000002062012085 00000206 2012 08 19 11 7311 1 17:00 17:59 0029 1 235 0 _ _ 1 20140715183123 78
000002062012091 00000206 2012 09 07 11 1211 1 09:50 10:39 0029 1 402 0 _ _ 1 20140715184421 78
000002062012092 00000206 2012 09 01 11 1211 1 16:30 17:29 0029 1 402 0 _ _ 1 20140715184421 78
000002062012092 00000206 2012 09 08 11 1211 1 16:30 17:29 0029 1 402 0 _ _ 1 20140715184421 78
000002062012092 00000206 2012 09 15 11 1211 1 16:30 17:29 0029 1 402 0 _ _ 1 20140715184421 78
000002062012093 00000206 2012 09 13 11 7311 1 16:30 17:29 0029 1 235 0 _ _ 1 20140715184421 78
000002062012094 00000206 2012 09 16 11 7311 1 17:00 17:49 0029 1 235 0 _ _ 1 20140715184421 78
000002062012095 00000206 2012 09 10 11 1211 1 17:00 17:59 0029 1 402 0 _ _ 1 20140715184421 78
000002062012095 00000206 2012 09 12 11 1211 1 17:00 17:59 0029 1 402 0 _ _ 1 20140715184421 78
000002062012095 00000206 2012 09 17 11 1211 1 17:00 17:59 0029 1 402 0 _ _ 1 20140715184421 78
000002062012101 00000206 2012 10 20 11 1211 1 16:30 17:29 0029 1 402 0 _ _ 1 20140715185354 78
000002062012101 00000206 2012 10 27 11 1211 1 16:30 17:29 0029 1 402 0 _ _ 1 20140715185354 78
000002062012102 00000206 2012 10 21 11 7311 1 16:30 17:29 0029 1 235 0 _ _ 1 20140715185354 78
000002062012102 00000206 2012 10 25 11 7311 1 16:30 17:29 0029 1 235 0 _ _ 1 20140715185354 78
000002062012102 00000206 2012 10 28 11 7311 1 16:30 17:29 0029 1 235 0 _ _ 1 20140715185354 78
000002062012103 00000206 2012 10 22 11 1211 1 17:00 17:59 0029 1 402 0 _ _ 1 20140715185354 78
000002062012103 00000206 2012 10 24 11 1211 1 17:00 17:59 0029 1 402 0 _ _ 1 20140715185354 78
000002062012103 00000206 2012 10 29 11 1211 1 17:00 17:59 0029 1 402 0 _ _ 1 20140715185354 78
000002062012103 00000206 2012 10 31 11 1211 1 17:00 17:59 0029 1 402 0 _ _ 1 20140715185354 78
000002062012111 00000206 2012 11 18 11 5211 1 15:00 16:59 0029 1 542 0 _ _ 1 20140715191042 78
000002062012112 00000206 2012 11 25 11 1111 1 16:30 16:59 0029 1 254 0 _ _ 1 20140715191042 78
000002062012113 00000206 2012 11 03 11 1211 1 16:30 17:29 0029 1 402 0 _ _ 1 20140715191042 78
000002062012113 00000206 2012 11 10 11 1211 1 16:30 17:29 0029 1 402 0 _ _ 1 20140715191042 78
000002062012114 00000206 2012 11 01 11 7311 1 16:30 17:29 0029 1 235 0 _ _ 1 20140715191042 78
000002062012114 00000206 2012 11 04 11 7311 1 16:30 17:29 0029 1 235 0 _ _ 1 20140715191042 78
000002062012114 00000206 2012 11 08 11 7311 1 16:30 17:29 0029 1 235 0 _ _ 1 20140715191042 78
000002062012114 00000206 2012 11 11 11 7311 1 16:30 17:29 0029 1 235 0 _ _ 1 20140715191042 78
000002062012114 00000206 2012 11 15 11 7311 1 16:30 17:29 0029 1 235 0 _ _ 1 20140715191042 78
000002062012114 00000206 2012 11 22 11 7311 1 16:30 17:29 0029 1 235 0 _ _ 1 20140715191042 78
000002062012114 00000206 2012 11 29 11 7311 1 16:30 17:29 0029 1 235 0 _ _ 1 20140715191042 78
000002062012115 00000206 2012 11 26 11 1111 1 17:00 17:29 0029 1 254 0 _ _ 1 20140715191042 78
000002062012116 00000206 2012 11 05 11 1211 1 17:00 17:59 0029 1 402 0 _ _ 1 20140715191042 78
000002062012116 00000206 2012 11 07 11 1211 1 17:00 17:59 0029 1 402 0 _ _ 1 20140715191042 78
000002062012116 00000206 2012 11 12 11 1211 1 17:00 17:59 0029 1 402 0 _ _ 1 20140715191042 78
000002062012116 00000206 2012 11 19 11 1211 1 17:00 17:59 0029 1 402 0 _ _ 1 20140715191042 78
000002062012116 00000206 2012 11 28 11 1211 1 17:00 17:59 0029 1 402 0 _ _ 1 20140715191042 78
