000000182014062 00000018 2014 06 06 11 4111 14:45 15:44 0070 1 325 0 _ _ 1 1 20140702173454 25
000000182014062 00000018 2014 06 13 11 4111 14:45 15:44 0070 1 325 0 _ _ 1 1 20140702173454 25
000000182014062 00000018 2014 06 20 11 4111 14:45 15:44 0070 1 325 0 _ _ 1 1 20140702173454 25
000000182014062 00000018 2014 06 27 11 4111 14:45 15:44 0070 1 325 0 _ _ 1 1 20140702173454 25
000000182014064 00000018 2014 06 03 11 7311 15:15 16:14 0070 1 236 0 _ _ 1 1 20140702173454 25
000000182014064 00000018 2014 06 10 11 7311 15:15 16:14 0070 1 236 0 _ _ 1 1 20140702173454 25
000000182014064 00000018 2014 06 17 11 7311 15:15 16:14 0070 1 236 0 _ _ 1 1 20140702173454 25
000000182014071 00000018 2014 07 02 11 7311 14:00 14:59 0070 1 236 0 _ _ 1 1 20140803183809 25
000000182014071 00000018 2014 07 16 11 7311 14:00 14:59 0070 1 236 0 _ _ 1 1 20140803183809 25
000000182014071 00000018 2014 07 23 11 7311 14:00 14:59 0070 1 236 0 _ _ 1 1 20140803183809 25
000000182014071 00000018 2014 07 30 11 7311 14:00 14:59 0070 1 236 0 _ _ 1 1 20140803183809 25
000000182014072 00000018 2014 07 09 11 7311 15:00 15:59 0070 1 236 0 _ _ 1 1 20140803183809 25
000000182014081 00000018 2014 08 06 11 7311 14:00 15:00 0070 1 236 0 _ _ 1 1 20140721174437 25
000000182014081 00000018 2014 08 13 11 7311 14:00 15:00 0070 1 236 0 _ _ 1 1 20140721174437 25
000000182014081 00000018 2014 08 20 11 7311 14:00 15:00 0070 1 236 0 _ _ 1 1 20140721174437 25
000000182014081 00000018 2014 08 27 11 7311 14:00 15:00 0070 1 236 0 _ _ 1 1 20140721174437 25
