000000922013091 00000092 2013 09 12 61 1111 1 09:15 10:14 0073 1 1220 0 _ _ 1 20140627185126 24
000000922013091 00000092 2013 09 19 61 1111 1 09:15 10:14 0073 1 1220 0 _ _ 1 20140627185126 24
000000922013091 00000092 2013 09 26 61 1111 1 09:15 10:14 0073 1 1220 0 _ _ 1 20140627185126 24
000000922013092 00000092 2013 09 05 61 1111 1 14:30 15:30 0073 1 1220 0 _ _ 1 20140627185126 24
000000922013101 00000092 2013 10 03 61 1111 1 09:15 10:14 0073 1 1220 0 _ _ 1 20140627185428 24
000000922013101 00000092 2013 10 10 61 1111 1 09:15 10:14 0073 1 1220 0 _ _ 1 20140627185428 24
000000922013101 00000092 2013 10 17 61 1111 1 09:15 10:14 0073 1 1220 0 _ _ 1 20140627185428 24
000000922013101 00000092 2013 10 24 61 1111 1 09:15 10:14 0073 1 1220 0 _ _ 1 20140627185428 24
000000922013101 00000092 2013 10 31 61 1111 1 09:15 10:14 0073 1 1220 0 _ _ 1 20140627185428 24
000000922013111 00000092 2013 11 07 61 1111 1 09:15 10:14 0073 1 1220 0 _ _ 1 20140627185630 24
000000922013111 00000092 2013 11 14 61 1111 1 09:15 10:14 0073 1 1220 0 _ _ 1 20140627185630 24
000000922013111 00000092 2013 11 21 61 1111 1 09:15 10:14 0073 1 1220 0 _ _ 1 20140627185630 24
000000922013111 00000092 2013 11 28 61 1111 1 09:15 10:14 0073 1 1220 0 _ _ 1 20140627185630 24
000000922013121 00000092 2013 12 05 61 1111 1 09:15 10:14 0073 1 1220 0 _ _ 1 20140627185852 24
000000922013121 00000092 2013 12 12 61 1111 1 09:15 10:14 0073 1 1220 0 _ _ 1 20140627185852 24
000000922013121 00000092 2013 12 19 61 1111 1 09:15 10:14 0073 1 1220 0 _ _ 1 20140627185852 24
000000922013121 00000092 2013 12 26 61 1111 1 09:15 10:14 0073 1 1220 0 _ _ 1 20140627185852 24
000000922014011 00000092 2014 01 09 61 1111 1 09:15 10:14 0073 1 1220 0 _ _ 1 20140616133929 24
000000922014011 00000092 2014 01 16 61 1111 1 09:15 10:14 0073 1 1220 0 _ _ 1 20140616133929 24
000000922014011 00000092 2014 01 23 61 1111 1 09:15 10:14 0073 1 1220 0 _ _ 1 20140616133929 24
000000922014011 00000092 2014 01 30 61 1111 1 09:15 10:14 0073 1 1220 0 _ _ 1 20140616133929 24
000000922014021 00000092 2014 02 06 61 1111 1 09:15 10:14 0073 1 1220 0 _ _ 1 20140616134249 24
000000922014021 00000092 2014 02 13 61 1111 1 09:15 10:14 0073 1 1220 0 _ _ 1 20140616134249 24
000000922014021 00000092 2014 02 20 61 1111 1 09:15 10:14 0073 1 1220 0 _ _ 1 20140616134249 24
000000922014021 00000092 2014 02 27 61 1111 1 09:15 10:14 0073 1 1220 0 _ _ 1 20140616134249 24
000000922014031 00000092 2014 03 06 61 1111 1 09:15 10:14 0073 1 1220 0 _ _ 1 20140616134619 24
000000922014031 00000092 2014 03 13 61 1111 1 09:15 10:14 0073 1 1220 0 _ _ 1 20140616134619 24
000000922014031 00000092 2014 03 20 61 1111 1 09:15 10:14 0073 1 1220 0 _ _ 1 20140616134619 24
000000922014031 00000092 2014 03 27 61 1111 1 09:15 10:14 0073 1 1220 0 _ _ 1 20140616134619 24
