1 00000035 2011 09 61 0073 グランクレール・ケアサービス横浜 1111 予防訪問介護1 1234 0 1234 4 1234 0 1234 1234 0 10.84 13376 90 12038 1338 0 n n 0 1 20141103151155 00077
1 00000035 2011 10 61 0073 グランクレール・ケアサービス横浜 1111 予防訪問介護1 1234 0 1234 4 1234 0 1234 1234 0 10.84 13376 90 12038 1338 0 n n 0 1 20141103151452 00077
1 00000035 2011 11 61 0073 グランクレール・ケアサービス横浜 1111 予防訪問介護1 1234 0 1234 3 1234 0 1234 1234 0 10.84 13376 90 12038 1338 0 n n 0 1 20141103151906 00077
1 00000035 2011 12 61 0073 グランクレール・ケアサービス横浜 1111 予防訪問介護1 1234 0 1234 5 1234 0 1234 1234 0 10.84 13376 90 12038 1338 0 n n 0 1 20141103152053 00077
1 00000035 2012 01 61 0073 グランクレール・ケアサービス横浜 1111 予防訪問介護1 1234 0 1234 4 1234 0 1234 1234 0 10.84 13376 90 12038 1338 0 n n 0 1 20141016163653 00077
1 00000035 2012 02 61 0073 グランクレール・ケアサービス横浜 1111 予防訪問介護1 1234 0 1234 4 1234 0 1234 1234 0 10.84 13376 90 12038 1338 0 n n 0 1 20141016163808 00077
1 00000035 2012 03 61 0073 グランクレール・ケアサービス横浜 1111 予防訪問介護1 1234 0 1234 5 1234 0 1234 1234 0 10.84 13376 90 12038 1338 0 n n 0 1 20141016163936 00077
1 00000035 2012 04 61 0073 グランクレール・ケアサービス横浜 1111 予防訪問介護Ⅰ 1220 0 1220 3 1220 0 1220 1220 0 10.84 13224 90 11901 1323 0 n n 0 1 20140804103341 00034
1 00000035 2012 05 61 0073 グランクレール・ケアサービス横浜 1111 予防訪問介護Ⅰ 1220 0 1220 5 1220 0 1220 1220 0 10.84 13224 90 11901 1323 0 n n 0 1 20140804105344 00034
1 00000035 2012 06 61 0073 グランクレール・ケアサービス横浜 1111 予防訪問介護Ⅰ 1220 0 1220 4 1220 0 1220 1220 0 10.84 13224 90 11901 1323 0 n n 0 1 20140804105517 00034
1 00000035 2012 07 61 0073 グランクレール・ケアサービス横浜 1111 予防訪問介護Ⅰ 1220 0 1220 4 1220 0 1220 1220 0 10.84 13224 90 11901 1323 0 n n 0 1 20140804105631 00034
1 00000035 2012 08 61 0073 グランクレール・ケアサービス横浜 1111 予防訪問介護Ⅰ 1220 0 1220 5 1220 0 1220 1220 0 10.84 13224 90 11901 1323 0 n n 0 1 20140804105811 00034
1 00000035 2012 09 61 0073 グランクレール・ケアサービス横浜 1111 予防訪問介護Ⅰ 1220 0 1220 4 1220 0 1220 1220 0 10.84 13224 90 11901 1323 0 n n 0 1 20140804105914 00034
1 00000035 2012 10 61 0073 グランクレール・ケアサービス横浜 1111 予防訪問介護Ⅰ 1220 0 1220 4 1220 0 1220 1220 0 10.84 13224 90 11901 1323 0 n n 0 1 20140804110058 00034
1 00000035 2012 11 61 0073 グランクレール・ケアサービス横浜 1111 予防訪問介護Ⅰ 1220 0 1220 5 1220 0 1220 1220 0 10.84 13224 90 11901 1323 0 n n 0 1 20140804110333 00034
1 00000035 2012 12 61 0073 グランクレール・ケアサービス横浜 1111 予防訪問介護Ⅰ 1220 0 1220 4 1220 0 1220 1220 0 10.84 13224 90 11901 1323 0 n n 0 1 20140804110458 00034
1 00000035 2013 01 61 0073 グランクレール・ケアサービス横浜 1111 予防訪問介護Ⅰ 1220 0 1220 3 1220 0 1220 1220 0 10.84 13224 90 11901 1323 0 n n 0 1 20140820115029 00034
1 00000035 2013 02 61 0073 グランクレール・ケアサービス横浜 1111 予防訪問介護Ⅰ 1220 0 1220 4 1220 0 1220 1220 0 10.84 13224 90 11901 1323 0 n n 0 1 20140820114949 00034
1 00000035 2013 03 61 0073 グランクレール・ケアサービス横浜 1111 予防訪問介護Ⅰ 1220 0 1220 4 1220 0 1220 1220 0 10.84 13224 90 11901 1323 0 n n 0 1 20140820114903 00034
1 00000035 2013 04 61 0073 グランクレール・ケアサービス横浜 1111 予防訪問介護Ⅰ 1220 0 1220 4 1220 0 1220 1220 0 10.84 13224 90 11901 1323 0 n n 0 1 20140820114836 00034
1 00000035 2013 05 61 0073 グランクレール・ケアサービス横浜 1111 予防訪問介護Ⅰ 1220 0 1220 5 1220 0 1220 1220 0 10.84 13224 90 11901 1323 0 n n 0 1 20140820114803 00034
1 00000035 2013 06 61 0073 グランクレール・ケアサービス横浜 1111 予防訪問介護Ⅰ 1220 0 1220 4 1220 0 1220 1220 0 10.84 13224 90 11901 1323 0 n n 0 1 20140820114740 00034
1 00000035 2013 07 61 0073 グランクレール・ケアサービス横浜 1111 予防訪問介護Ⅰ 1220 0 1220 4 1220 0 1220 1220 0 10.84 13224 90 11901 1323 0 n n 0 1 20140820114646 00034
1 00000035 2013 08 61 0073 グランクレール・ケアサービス横浜 1111 予防訪問介護Ⅰ 1220 0 1220 5 1220 0 1220 1220 0 10.84 13224 90 11901 1323 0 n n 0 1 20140722161836 00034
1 00000035 2013 09 61 0073 グランクレール・ケアサービス横浜 1111 予防訪問介護Ⅰ 1220 0 1220 4 1220 0 1220 1220 0 10.84 13224 90 11901 1323 0 n n 0 1 20140625175653 00034
1 00000035 2013 10 61 0073 グランクレール・ケアサービス横浜 1111 予防訪問介護Ⅰ 1220 0 1220 5 1220 0 1220 1220 0 10.84 13224 90 11901 1323 0 n n 0 1 20140625180022 00034
1 00000035 2013 11 61 0073 グランクレール・ケアサービス横浜 1111 予防訪問介護Ⅰ 1220 0 1220 4 1220 0 1220 1220 0 10.84 13224 90 11901 1323 0 n n 0 1 20140625180230 00034
1 00000035 2013 12 61 0073 グランクレール・ケアサービス横浜 1111 予防訪問介護Ⅰ 1220 0 1220 4 1220 0 1220 1220 0 10.84 13224 90 11901 1323 0 n n 0 1 20140625180455 00034
1 00000035 2014 01 61 0073 グランクレール・ケアサービス横浜 1111 予防訪問介護Ⅰ 1220 0 1220 4 1220 0 1220 1220 0 10.84 13224 90 11901 1323 0 n n 0 1 20140611174205 00034
1 00000035 2014 02 61 0073 グランクレール・ケアサービス横浜 1111 予防訪問介護Ⅰ 1220 0 1220 4 1220 0 1220 1220 0 10.84 13224 90 11901 1323 0 n n 0 1 20140611174526 00034
1 00000035 2014 03 61 0073 グランクレール・ケアサービス横浜 1111 予防訪問介護Ⅰ 1220 0 1220 4 1220 0 1220 1220 0 10.84 13224 90 11901 1323 0 n n 0 1 20140611174739 00034
1 00000035 2014 04 61 0073 グランクレール・ケアサービス横浜 1111 予防訪問介護Ⅰ 1226 0 1226 4 1226 0 1226 1226 0 10.84 13289 90 11960 1329 0 n n 0 1 20140611175016 00034
1 00000035 2014 05 61 0073 グランクレール・ケアサービス横浜 1111 予防訪問介護Ⅰ 1226 0 1226 5 1226 0 1226 1226 0 10.84 13289 90 11960 1329 0 n n 0 1 20140815170048 00034
1 00000035 2014 06 61 0073 グランクレール・ケアサービス横浜 1111 予防訪問介護Ⅰ 1226 0 1226 4 1226 0 1226 1226 0 10.84 13289 90 11960 1329 0 n n 0 1 20140628122505 00035
1 00000035 2014 12 61 0073 グランクレール・ケアサービス横浜 1111 予防訪問介護Ⅰ 1226 0 1226 5 1226 0 1226 1226 0 10.84 13289 90 11960 1329 0 n n 0 1 20141103151729 00077
2 00000035 2012 01 61 0073 グランクレール・ケアサービス横浜 6271 予防訪問介護処遇改善加算Ⅰ 49 0 49 1 49 0 49 49 0 10.84 531 90 477 54 0 a g 0 1 20141016163653 00077
2 00000035 2012 02 61 0073 グランクレール・ケアサービス横浜 6271 予防訪問介護処遇改善加算Ⅰ 49 0 49 1 49 0 49 49 0 10.84 531 90 477 54 0 a g 0 1 20141016163808 00077
2 00000035 2012 03 61 0073 グランクレール・ケアサービス横浜 6271 予防訪問介護処遇改善加算Ⅰ 49 0 49 1 49 0 49 49 0 10.84 531 90 477 54 0 a g 0 1 20141016163936 00077
2 00000035 2012 04 61 0073 グランクレール・ケアサービス横浜 6271 予防訪問介護処遇改善加算Ⅰ 49 0 49 1 49 0 49 49 0 10.84 531 90 477 54 0 a g 0 1 20140804103341 00034
2 00000035 2012 05 61 0073 グランクレール・ケアサービス横浜 6271 予防訪問介護処遇改善加算Ⅰ 49 0 49 1 49 0 49 49 0 10.84 531 90 477 54 0 a g 0 1 20140804105344 00034
2 00000035 2012 06 61 0073 グランクレール・ケアサービス横浜 6271 予防訪問介護処遇改善加算Ⅰ 49 0 49 1 49 0 49 49 0 10.84 531 90 477 54 0 a g 0 1 20140804105517 00034
2 00000035 2012 07 61 0073 グランクレール・ケアサービス横浜 6271 予防訪問介護処遇改善加算Ⅰ 49 0 49 1 49 0 49 49 0 10.84 531 90 477 54 0 a g 0 1 20140804105631 00034
2 00000035 2012 08 61 0073 グランクレール・ケアサービス横浜 6271 予防訪問介護処遇改善加算Ⅰ 49 0 49 1 49 0 49 49 0 10.84 531 90 477 54 0 a g 0 1 20140804105811 00034
2 00000035 2012 09 61 0073 グランクレール・ケアサービス横浜 6271 予防訪問介護処遇改善加算Ⅰ 49 0 49 1 49 0 49 49 0 10.84 531 90 477 54 0 a g 0 1 20140804105914 00034
2 00000035 2012 10 61 0073 グランクレール・ケアサービス横浜 6271 予防訪問介護処遇改善加算Ⅰ 49 0 49 1 49 0 49 49 0 10.84 531 90 477 54 0 a g 0 1 20140804110058 00034
2 00000035 2012 11 61 0073 グランクレール・ケアサービス横浜 6271 予防訪問介護処遇改善加算Ⅰ 49 0 49 1 49 0 49 49 0 10.84 531 90 477 54 0 a g 0 1 20140804110333 00034
2 00000035 2012 12 61 0073 グランクレール・ケアサービス横浜 6271 予防訪問介護処遇改善加算Ⅰ 49 0 49 1 49 0 49 49 0 10.84 531 90 477 54 0 a g 0 1 20140804110458 00034
2 00000035 2013 01 61 0073 グランクレール・ケアサービス横浜 6271 予防訪問介護処遇改善加算Ⅰ 49 0 49 1 49 0 49 49 0 10.84 531 90 477 54 0 a g 0 1 20140820115029 00034
2 00000035 2013 02 61 0073 グランクレール・ケアサービス横浜 6271 予防訪問介護処遇改善加算Ⅰ 49 0 49 1 49 0 49 49 0 10.84 531 90 477 54 0 a g 0 1 20140820114949 00034
2 00000035 2013 03 61 0073 グランクレール・ケアサービス横浜 6271 予防訪問介護処遇改善加算Ⅰ 49 0 49 1 49 0 49 49 0 10.84 531 90 477 54 0 a g 0 1 20140820114903 00034
2 00000035 2013 04 61 0073 グランクレール・ケアサービス横浜 6271 予防訪問介護処遇改善加算Ⅰ 49 0 49 1 49 0 49 49 0 10.84 531 90 477 54 0 a g 0 1 20140820114836 00034
2 00000035 2013 05 61 0073 グランクレール・ケアサービス横浜 6271 予防訪問介護処遇改善加算Ⅰ 49 0 49 1 49 0 49 49 0 10.84 531 90 477 54 0 a g 0 1 20140820114803 00034
2 00000035 2013 06 61 0073 グランクレール・ケアサービス横浜 6271 予防訪問介護処遇改善加算Ⅰ 49 0 49 1 49 0 49 49 0 10.84 531 90 477 54 0 a g 0 1 20140820114740 00034
2 00000035 2013 07 61 0073 グランクレール・ケアサービス横浜 6271 予防訪問介護処遇改善加算Ⅰ 49 0 49 1 49 0 49 49 0 10.84 531 90 477 54 0 a g 0 1 20140820114646 00034
2 00000035 2013 08 61 0073 グランクレール・ケアサービス横浜 6271 予防訪問介護処遇改善加算Ⅰ 49 0 49 1 49 0 49 49 0 10.84 531 90 477 54 0 a g 0 1 20140722161836 00034
2 00000035 2013 09 61 0073 グランクレール・ケアサービス横浜 6271 予防訪問介護処遇改善加算Ⅰ 49 0 49 1 49 0 49 49 0 10.84 531 90 477 54 0 a g 0 1 20140625175653 00034
2 00000035 2013 10 61 0073 グランクレール・ケアサービス横浜 6271 予防訪問介護処遇改善加算Ⅰ 49 0 49 1 49 0 49 49 0 10.84 531 90 477 54 0 a g 0 1 20140625180022 00034
2 00000035 2013 11 61 0073 グランクレール・ケアサービス横浜 6271 予防訪問介護処遇改善加算Ⅰ 49 0 49 1 49 0 49 49 0 10.84 531 90 477 54 0 a g 0 1 20140625180230 00034
2 00000035 2013 12 61 0073 グランクレール・ケアサービス横浜 6271 予防訪問介護処遇改善加算Ⅰ 49 0 49 1 49 0 49 49 0 10.84 531 90 477 54 0 a g 0 1 20140625180455 00034
2 00000035 2014 01 61 0073 グランクレール・ケアサービス横浜 6271 予防訪問介護処遇改善加算Ⅰ 49 0 49 1 49 0 49 49 0 10.84 531 90 477 54 0 a g 0 1 20140611174205 00034
2 00000035 2014 02 61 0073 グランクレール・ケアサービス横浜 6271 予防訪問介護処遇改善加算Ⅰ 49 0 49 1 49 0 49 49 0 10.84 531 90 477 54 0 a g 0 1 20140611174526 00034
2 00000035 2014 03 61 0073 グランクレール・ケアサービス横浜 6271 予防訪問介護処遇改善加算Ⅰ 49 0 49 1 49 0 49 49 0 10.84 531 90 477 54 0 a g 0 1 20140611174739 00034
2 00000035 2014 04 61 0073 グランクレール・ケアサービス横浜 6271 予防訪問介護処遇改善加算Ⅰ 49 0 49 1 49 0 49 49 0 10.84 531 90 477 54 0 a g 0 1 20140611175016 00034
2 00000035 2014 05 61 0073 グランクレール・ケアサービス横浜 6271 予防訪問介護処遇改善加算Ⅰ 49 0 49 1 49 0 49 49 0 10.84 531 90 477 54 0 a g 0 1 20140815170048 00034
2 00000035 2014 06 61 0073 グランクレール・ケアサービス横浜 6271 予防訪問介護処遇改善加算Ⅰ 49 0 49 1 49 0 49 49 0 10.84 531 90 477 54 0 a g 0 1 20140628122505 00035
