000001552014061 00000155 2014 06 01 17 1003 1 _ _ 0037 1 1100 0 _ _ 1 20140702162433 25
000001552014062 00000155 2014 06 01 17 1004 1 _ _ 0037 1 200 0 _ _ 1 20140702162433 25
000001552014063 00000155 2014 06 01 17 1004 1 _ _ 0037 1 30 0 _ _ 1 20140702162433 25
000001552014064 00000155 2014 06 01 17 1004 1 _ _ 0037 1 30 0 _ _ 1 20140702162433 25
000001552014065 00000155 2014 06 01 17 1004 1 _ _ 0037 1 50 0 _ _ 1 20140702162433 25
000001552014071 00000155 2014 07 01 17 1003 1 _ _ 0037 1 1100 0 _ _ 1 20140803162115 25
000001552014072 00000155 2014 07 01 17 1004 1 _ _ 0037 1 200 0 _ _ 1 20140803162115 25
000001552014073 00000155 2014 07 01 17 1004 1 _ _ 0037 1 30 0 _ _ 1 20140803162115 25
000001552014074 00000155 2014 07 01 17 1004 1 _ _ 0037 1 30 0 _ _ 1 20140803162115 25
000001552014075 00000155 2014 07 01 17 1004 1 _ _ 0037 1 50 0 _ _ 1 20140803162115 25
