000000522012011 00000052 2012 01 05 11 1311 1 14:00 15:29 0096 1 584 0 _ _ 1 20141103102751 63
000000522012012 00000052 2012 01 10 11 1211 1 17:00 17:59 0096 1 402 0 _ _ 1 20141103102751 63
000000522012013 00000052 2012 01 05 11 4001 1 _ _ 0096 1 200 0 _ _ 1 20141103102751 63
000000522012014 00000052 2012 01 01 17 1003 1 _ _ 0033 1 600 0 _ _ 1 20141103102751 63
000000522012015 00000052 2012 01 01 17 1004 1 _ _ 0033 1 275 0 _ _ 1 20141103102751 63
000000522013011 00000052 2013 01 08 17 1007 1 _ _ 0033 1 300 0 _ _ 1 20140723135410 24
000000522013012 00000052 2013 01 08 17 1009 1 _ _ 0033 1 300 0 _ _ 1 20140723135410 24
000000522013021 00000052 2013 02 01 17 1007 1 _ _ 0033 1 300 0 _ _ 1 20140723135643 24
000000522013022 00000052 2013 02 01 17 1009 1 _ _ 0033 1 300 0 _ _ 1 20140723135643 24
000000522013031 00000052 2013 03 01 17 1007 1 _ _ 0033 1 300 0 _ _ 1 20140723135901 24
000000522013032 00000052 2013 03 01 17 1009 1 _ _ 0033 1 300 0 _ _ 1 20140723135901 24
000000522013041 00000052 2013 04 01 17 1007 1 _ _ 0033 1 300 0 _ _ 1 20140723140039 24
000000522013051 00000052 2013 05 01 17 1007 1 _ _ 0033 1 300 0 _ _ 1 20140723140546 24
000000522013061 00000052 2013 06 01 17 1007 1 _ _ 0033 1 300 0 _ _ 1 20140723140746 24
000000522013071 00000052 2013 07 01 17 1007 1 _ _ 0033 1 300 0 _ _ 1 20140723140921 24
000000522013081 00000052 2013 08 01 17 1007 1 _ _ 0033 1 300 0 _ _ 1 20140723141103 24
