00000109 2013 08 1 1 00031 1 20140728114805 00030
00000109 2013 09 1 1 00031 1 20140630192438 00030
00000109 2013 10 1 1 00031 1 20140701101947 00030
00000109 2013 11 1 1 00031 1 20140701104709 00030
00000109 2013 12 1 1 00031 1 20140701105609 00030
00000109 2014 01 1 1 00031 1 20140616183407 00030
00000109 2014 02 1 _ 00031 1 20140616184118 00030
00000109 2014 03 1 1 00031 1 20140616184352 00030
00000109 2014 04 1 1 00031 1 20140616184614 00030
00000109 2014 05 1 1 00031 1 20140812141300 00030
00000109 2014 06 1 1 00031 1 20140702172956 00031
00000109 2014 07 1 1 00088 1 20140804095751 00031
