00000216 2013 01 1 1 00047 1 20140709110138 00078
00000216 2013 02 1 1 00047 1 20140709111056 00078
00000216 2013 03 1 1 00047 1 20140709112618 00078
00000216 2013 04 1 1 00047 1 20140709113830 00078
00000216 2013 05 1 1 00047 1 20140709114955 00078
00000216 2013 06 1 1 00047 1 20140709120304 00078
00000216 2013 07 1 1 00047 1 20140709121801 00078
00000216 2013 08 1 1 00047 1 20140709133632 00078
00000216 2013 09 1 1 00047 1 20140703151127 00078
00000216 2013 10 1 1 00047 1 20140703152618 00078
00000216 2013 11 1 1 00047 1 20140703153729 00078
00000216 2013 12 1 1 00047 1 20140703154618 00078
00000216 2014 01 1 1 00047 1 20140619142319 00078
00000216 2014 02 1 1 00047 1 20140619144228 00078
00000216 2014 03 1 1 00047 1 20140619150012 00078
00000216 2014 04 1 1 00047 1 20140619151506 00078
00000216 2014 05 1 1 00047 1 20140819110735 00078
00000216 2014 06 1 1 00047 1 20140630140817 00078
00000216 2014 07 1 _ 00047 1 20140624152445 00047
