00000216 2013 01 00047 1 20140709110152 00078
00000216 2013 02 00047 1 20140709111108 00078
00000216 2013 03 00047 1 20140709112722 00078
00000216 2013 04 00047 1 20140709113844 00078
00000216 2013 05 00047 1 20140709115006 00078
00000216 2013 06 00047 1 20140709120322 00078
00000216 2013 07 00047 1 20140709121826 00078
00000216 2013 08 00047 1 20140709133704 00078
00000216 2013 09 00047 1 20140703151142 00078
00000216 2013 10 00047 1 20140703152631 00078
00000216 2013 11 00047 1 20140703153743 00078
00000216 2013 12 00047 1 20140703154647 00078
00000216 2014 01 00047 1 20140619142332 00078
00000216 2014 02 00047 1 20140619144331 00078
00000216 2014 03 00047 1 20140619150028 00078
00000216 2014 04 00047 1 20140619151521 00078
00000216 2014 05 00047 1 20140819110753 00078
00000216 2014 06 00047 1 20140630140829 00078
00000216 2014 07 00047 1 20140624152522 00047
