000003072014061 00000307 2014 06 18 61 1211 1 15:00 15:59 0073 1 2452 0 _ _ 1 20140701152951 24
000003072014061 00000307 2014 06 25 61 1211 1 15:00 15:59 0073 1 2452 0 _ _ 1 20140701152951 24
000003072014062 00000307 2014 06 18 61 4001 1 15:00 15:59 0073 1 200 0 _ _ 1 20140701152951 24
000003072014063 00000307 2014 06 22 61 1211 1 18:15 18:44 0073 1 2452 0 _ _ 1 20140701152951 24
000003072014064 00000307 2014 06 29 61 1211 1 18:30 19:00 0073 1 2452 0 _ _ 1 20140701152951 24
000003072014071 00000307 2014 07 02 61 1211 1 15:00 15:59 0073 1 2452 0 _ _ 1 20140801151009 24
000003072014071 00000307 2014 07 09 61 1211 1 15:00 15:59 0073 1 2452 0 _ _ 1 20140801151009 24
000003072014071 00000307 2014 07 16 61 1211 1 15:00 15:59 0073 1 2452 0 _ _ 1 20140801151009 24
000003072014071 00000307 2014 07 23 61 1211 1 15:00 15:59 0073 1 2452 0 _ _ 1 20140801151009 24
000003072014071 00000307 2014 07 30 61 1211 1 15:00 15:59 0073 1 2452 0 _ _ 1 20140801151009 24
000003072014072 00000307 2014 07 06 61 1211 1 18:15 18:44 0073 1 2452 0 _ _ 1 20140801151009 24
000003072014072 00000307 2014 07 13 61 1211 1 18:15 18:44 0073 1 2452 0 _ _ 1 20140801151009 24
000003072014072 00000307 2014 07 20 61 1211 1 18:15 18:44 0073 1 2452 0 _ _ 1 20140801151009 24
000003072014072 00000307 2014 07 27 61 1211 1 18:15 18:44 0073 1 2452 0 _ _ 1 20140801151009 24
000003072014081 00000307 2014 08 06 61 1211 1 15:00 15:59 0073 1 2452 0 _ _ 1 20140901141521 24
000003072014081 00000307 2014 08 13 61 1211 1 15:00 15:59 0073 1 2452 0 _ _ 1 20140901141521 24
000003072014081 00000307 2014 08 20 61 1211 1 15:00 15:59 0073 1 2452 0 _ _ 1 20140901141521 24
000003072014081 00000307 2014 08 27 61 1211 1 15:00 15:59 0073 1 2452 0 _ _ 1 20140901141521 24
000003072014082 00000307 2014 08 03 61 1211 1 18:15 18:44 0073 1 2452 0 _ _ 1 20140901141521 24
000003072014082 00000307 2014 08 10 61 1211 1 18:15 18:44 0073 1 2452 0 _ _ 1 20140901141521 24
000003072014082 00000307 2014 08 17 61 1211 1 18:15 18:44 0073 1 2452 0 _ _ 1 20140901141521 24
000003072014082 00000307 2014 08 24 61 1211 1 18:15 18:44 0073 1 2452 0 _ _ 1 20140901141521 24
000003072014082 00000307 2014 08 31 61 1211 1 18:15 18:44 0073 1 2452 0 _ _ 1 20140901141521 24
000003072014091 00000307 2014 09 03 61 1211 1 15:00 15:59 0073 1 2452 0 _ _ 1 20141001151128 24
000003072014091 00000307 2014 09 10 61 1211 1 15:00 15:59 0073 1 2452 0 _ _ 1 20141001151128 24
000003072014091 00000307 2014 09 17 61 1211 1 15:00 15:59 0073 1 2452 0 _ _ 1 20141001151128 24
000003072014091 00000307 2014 09 24 61 1211 1 15:00 15:59 0073 1 2452 0 _ _ 1 20141001151128 24
000003072014092 00000307 2014 09 07 61 1211 1 18:15 18:44 0073 1 2452 0 _ _ 1 20141001151128 24
000003072014092 00000307 2014 09 14 61 1211 1 18:15 18:44 0073 1 2452 0 _ _ 1 20141001151128 24
000003072014092 00000307 2014 09 21 61 1211 1 18:15 18:44 0073 1 2452 0 _ _ 1 20141001151128 24
000003072014092 00000307 2014 09 28 61 1211 1 18:15 18:44 0073 1 2452 0 _ _ 1 20141001151128 24
000003072014101 00000307 2014 10 01 61 1211 1 15:00 15:59 0073 1 2452 0 _ _ 1 20141101145857 24
000003072014101 00000307 2014 10 08 61 1211 1 15:00 15:59 0073 1 2452 0 _ _ 1 20141101145857 24
000003072014101 00000307 2014 10 15 61 1211 1 15:00 15:59 0073 1 2452 0 _ _ 1 20141101145857 24
000003072014101 00000307 2014 10 22 61 1211 1 15:00 15:59 0073 1 2452 0 _ _ 1 20141101145857 24
000003072014101 00000307 2014 10 29 61 1211 1 15:00 15:59 0073 1 2452 0 _ _ 1 20141101145857 24
000003072014102 00000307 2014 10 05 61 1211 1 15:15 15:44 0073 1 2452 0 _ _ 1 20141101145857 24
000003072014103 00000307 2014 10 12 61 1211 1 18:15 18:44 0073 1 2452 0 _ _ 1 20141101145857 24
000003072014103 00000307 2014 10 19 61 1211 1 18:15 18:44 0073 1 2452 0 _ _ 1 20141101145857 24
000003072014111 00000307 2014 11 05 61 1211 1 15:00 15:59 0073 1 2452 0 _ _ 1 20141201180934 24
000003072014111 00000307 2014 11 12 61 1211 1 15:00 15:59 0073 1 2452 0 _ _ 1 20141201180934 24
000003072014111 00000307 2014 11 19 61 1211 1 15:00 15:59 0073 1 2452 0 _ _ 1 20141201180934 24
000003072014111 00000307 2014 11 26 61 1211 1 15:00 15:59 0073 1 2452 0 _ _ 1 20141201180934 24
000003072014112 00000307 2014 11 02 61 1211 1 15:15 15:44 0073 1 2452 0 _ _ 1 20141201180934 24
000003072014112 00000307 2014 11 09 61 1211 1 15:15 15:44 0073 1 2452 0 _ _ 1 20141201180934 24
000003072014112 00000307 2014 11 16 61 1211 1 15:15 15:44 0073 1 2452 0 _ _ 1 20141201180934 24
000003072014112 00000307 2014 11 23 61 1211 1 15:15 15:44 0073 1 2452 0 _ _ 1 20141201180934 24
000003072014112 00000307 2014 11 30 61 1211 1 15:15 15:44 0073 1 2452 0 _ _ 1 20141201180934 24
