00000235 2013 03 27 15:50 16:20 11 7211 0029 11.26 1 190 1 20140808171801 00078
00000235 2013 04 03 15:50 16:20 11 7211 0029 11.26 1 190 1 20140704120137 00077
00000235 2013 04 10 15:50 16:20 11 7211 0029 11.26 1 190 1 20140704120137 00077
00000235 2013 04 17 15:50 16:50 11 7311 0029 11.26 1 235 1 20140704120137 00077
00000235 2013 04 24 15:50 16:20 11 7211 0029 11.26 1 190 1 20140704120137 00077
00000235 2013 05 01 15:50 16:50 11 7311 0029 11.26 1 235 1 20140704120104 00077
00000235 2013 05 08 15:50 16:50 11 7311 0029 11.26 1 235 1 20140704120104 00077
00000235 2013 05 15 15:50 16:50 11 7311 0029 11.26 1 235 1 20140704120104 00077
00000235 2013 05 22 15:50 16:50 11 7311 0029 11.26 1 235 1 20140704120104 00077
00000235 2013 05 29 15:50 16:50 11 7311 0029 11.26 1 235 1 20140704120104 00077
00000235 2013 06 01 11:30 12:30 11 7311 0029 11.26 1 235 1 20140704120019 00077
00000235 2013 06 08 11:30 12:00 11 7211 0029 11.26 1 190 1 20140704120019 00077
00000235 2013 06 15 11:30 12:30 11 7311 0029 11.26 1 235 1 20140704120019 00077
00000235 2013 06 22 11:30 12:30 11 7311 0029 11.26 1 235 1 20140704120019 00077
00000235 2013 06 29 11:30 12:30 11 7311 0029 11.26 1 235 1 20140704120019 00077
00000235 2013 07 10 15:20 16:20 11 7311 0029 11.26 1 235 1 20140704115943 00077
00000235 2013 07 19 11:00 12:00 11 7311 0029 11.26 1 235 1 20140704115943 00077
00000235 2013 07 25 15:00 16:00 11 7311 0029 11.26 1 235 1 20140704115943 00077
00000235 2013 07 31 15:20 16:20 11 7311 0029 11.26 1 235 1 20140704115943 00077
00000235 2013 12 02 13:00 14:00 11 7311 0029 11.26 1 235 1 20140704115831 00077
00000235 2013 12 09 13:00 13:40 11 7211 0029 11.26 1 190 1 20140704115831 00077
00000235 2013 12 16 13:00 14:00 11 7311 0029 11.26 1 235 1 20140704115831 00077
00000235 2013 12 23 13:00 14:00 11 7311 0029 11.26 1 235 1 20140704115831 00077
00000235 2013 12 30 11:40 12:10 11 7211 0029 11.26 1 190 1 20140704115831 00077
00000235 2014 01 06 13:00 13:59 11 7311 0029 11.26 1 235 1 20140617200440 00049
00000235 2014 01 13 15:10 16:09 11 7311 0029 11.26 1 235 1 20140617200440 00049
00000235 2014 01 20 13:00 13:59 11 7311 0029 11.26 1 235 1 20140617200440 00049
00000235 2014 01 27 13:00 13:59 11 7311 0029 11.26 1 235 1 20140617200440 00049
00000235 2014 02 03 13:00 13:59 11 7311 0029 11.26 1 235 1 20140617200047 00049
00000235 2014 02 10 13:00 13:59 11 7311 0029 11.26 1 235 1 20140617200047 00049
00000235 2014 02 17 13:00 13:59 11 7311 0029 11.26 1 235 1 20140617200047 00049
00000235 2014 02 24 13:00 13:59 11 7311 0029 11.26 1 235 1 20140617200047 00049
00000235 2014 03 03 13:00 13:59 11 7311 0029 11.26 1 235 1 20140617195603 00049
00000235 2014 03 10 13:00 13:59 11 7311 0029 11.26 1 235 1 20140617195603 00049
00000235 2014 03 24 13:00 13:59 11 7311 0029 11.26 1 235 1 20140617195603 00049
00000235 2014 03 31 13:00 13:59 11 7311 0029 11.26 1 235 1 20140617195603 00049
00000235 2014 04 07 13:00 13:59 11 7311 0029 11.26 1 236 1 20140617195130 00049
00000235 2014 04 13 15:30 16:29 11 7311 0029 11.26 1 236 1 20140617195130 00049
00000235 2014 04 21 13:00 13:59 11 7311 0029 11.26 1 236 1 20140617195130 00049
00000235 2014 05 05 13:00 13:59 11 7311 0029 11.26 1 236 1 20140819121037 00078
00000235 2014 05 05 13:00 14:00 11 7311 0029 11.26 1 236 1 20140624164331 00078
00000235 2014 05 12 13:00 13:59 11 7311 0029 11.26 1 236 1 20140819121037 00078
00000235 2014 05 12 13:00 14:00 11 7311 0029 11.26 1 236 1 20140624164331 00078
00000235 2014 05 19 13:00 13:59 11 7311 0029 11.26 1 236 1 20140819121037 00078
00000235 2014 05 19 13:00 14:00 11 7311 0029 11.26 1 236 1 20140624164331 00078
00000235 2014 05 26 13:00 13:59 11 7311 0029 11.26 1 236 1 20140819121037 00078
00000235 2014 05 26 13:00 14:00 11 7311 0029 11.26 1 236 1 20140624164331 00078
00000235 2014 06 02 15:50 16:49 11 7311 0029 11.26 1 236 1 20140701155555 00049
00000235 2014 06 09 13:00 13:59 11 7311 0029 11.26 1 236 1 20140701155555 00049
00000235 2014 06 16 13:00 13:59 11 7311 0029 11.26 1 236 1 20140701155555 00049
00000235 2014 06 23 13:00 13:59 11 7311 0029 11.26 1 236 1 20140701155555 00049
00000235 2014 06 30 13:30 14:29 11 7311 0029 11.26 1 236 1 20140701155555 00049
00000235 2014 07 07 13:15 14:14 11 7311 0029 11.26 1 236 1 20140802135540 00047
00000235 2014 07 14 13:00 13:59 11 7311 0029 11.26 1 236 1 20140802135540 00047
00000235 2014 07 29 17:00 17:59 11 7311 0029 11.26 1 236 1 20140802135540 00047
