00000235 0029 2013 03 1 1 20140808171801 00078
00000235 0029 2013 04 1 1 20140704120137 00077
00000235 0029 2013 05 1 1 20140704120104 00077
00000235 0029 2013 06 1 1 20140704120019 00077
00000235 0029 2013 07 1 1 20140704115943 00077
00000235 0029 2013 12 1 1 20140704115831 00077
00000235 0029 2014 01 1 1 20140617200440 00049
00000235 0029 2014 02 1 1 20140617200047 00049
00000235 0029 2014 03 1 1 20140617195603 00049
00000235 0029 2014 04 1 1 20140617195130 00049
00000235 0029 2014 05 1 1 20140819121037 00078
00000235 0029 2014 06 1 1 20140701155555 00049
00000235 0029 2014 07 1 1 20140802135540 00047
00000235 0029 2014 08 _ 1 20140812124545 00049
