00000048 0070 2012 10 0000151 19 00037 _ 10:30 11:30 2 _ 0 7311 1 11 1 20140804162351 00034
00000048 0070 2012 10 0000152 26 00037 _ 10:30 11:30 2 _ 0 7311 1 11 1 20140804162351 00034
00000048 0070 2012 11 0000153 02 00037 _ 10:30 11:30 2 _ 0 7311 1 11 1 20140804162730 00034
00000048 0070 2012 11 0000154 09 00037 _ 10:30 11:30 2 _ 0 7311 1 11 1 20140804162730 00034
00000048 0070 2012 11 0000155 16 00037 _ 10:30 11:30 2 _ 0 7311 1 11 1 20140804162730 00034
00000048 0070 2012 11 0000156 23 00102 _ 10:30 11:30 2 _ 0 7311 1 11 1 20140804162730 00034
00000048 0070 2012 11 0000157 27 00102 _ 09:00 10:00 2 _ 0 7311 1 11 1 20140804162730 00034
00000048 0070 2012 11 0000158 30 00037 _ 10:30 11:30 2 _ 0 7311 1 11 1 20140804162730 00034
00000048 0070 2012 12 0000159 07 00037 _ 10:30 11:30 2 _ 0 7311 1 11 1 20140804163223 00034
00000048 0070 2012 12 0000160 14 00037 _ 10:30 11:30 2 _ 0 7311 1 11 1 20140804163223 00034
00000048 0070 2012 12 0000161 21 00037 _ 10:30 11:30 2 _ 0 7311 1 11 1 20140804163223 00034
00000048 0070 2012 12 0000162 25 00037 _ 09:00 10:00 2 _ 0 7311 1 11 1 20140804163223 00034
00000048 0070 2012 12 0000163 28 00037 _ 10:30 11:30 2 _ 0 7311 1 11 1 20140804163223 00034
00000048 0070 2013 01 0000089 04 00102 _ 10:30 11:30 2 _ 0 7311 1 11 1 20140723105750 00034
00000048 0070 2013 01 0000090 11 00037 _ 10:30 11:30 2 _ 0 7311 1 11 1 20140723105750 00034
00000048 0070 2013 01 0000091 18 00037 _ 10:30 11:30 2 _ 0 7311 1 11 1 20140723105750 00034
00000048 0070 2013 01 0000092 22 00102 _ 09:00 09:55 2 _ 0 7311 1 11 1 20140723105750 00034
00000048 0070 2013 01 0000093 25 00037 _ 10:30 11:30 2 _ 0 7311 1 11 1 20140723105750 00034
00000048 0070 2013 02 0000094 01 00037 _ 10:30 11:30 2 _ 0 7311 1 11 1 20140723110450 00034
00000048 0070 2013 02 0000095 05 00102 _ 09:00 10:00 2 _ 0 7311 1 11 1 20140723110450 00034
00000048 0070 2013 02 0000096 08 00037 _ 10:30 11:30 2 _ 0 7311 1 11 1 20140723110450 00034
00000048 0070 2013 02 0000097 15 00038 _ 10:30 11:30 2 _ 0 7311 1 11 1 20140723110450 00034
00000048 0070 2013 02 0000098 19 00037 _ 09:00 10:00 2 _ 0 7311 1 11 1 20140723110450 00034
00000048 0070 2013 02 0000099 22 00037 _ 10:30 11:30 2 _ 0 7311 1 11 1 20140723110450 00034
00000048 0070 2013 03 0000100 01 00038 _ 10:30 11:30 2 _ 0 7311 1 11 1 20140723111006 00034
00000048 0070 2013 03 0000101 08 00037 _ 10:30 11:30 2 _ 0 7311 1 11 1 20140723111006 00034
00000048 0070 2013 03 0000102 15 00037 _ 10:30 11:30 2 _ 0 7311 1 11 1 20140723111006 00034
00000048 0070 2013 03 0000103 19 00038 _ 09:00 10:00 2 _ 0 7311 1 11 1 20140723111006 00034
00000048 0070 2013 03 0000104 22 00038 _ 10:30 11:30 2 _ 0 7311 1 11 1 20140723111006 00034
00000048 0070 2013 03 0000105 29 00037 _ 10:30 11:30 2 _ 0 7311 1 11 1 20140723111006 00034
00000048 0070 2013 04 0000106 02 00037 _ 09:00 10:00 2 _ 0 7311 1 11 1 20140723111839 00034
00000048 0070 2013 04 0000107 05 00038 _ 10:30 11:30 2 _ 0 7311 1 11 1 20140723111839 00034
00000048 0070 2013 04 0000108 12 00102 _ 10:30 11:30 2 _ 0 7311 1 11 1 20140723111839 00034
00000048 0070 2013 04 0000109 16 00037 _ 09:00 10:00 2 _ 0 7311 1 11 1 20140723111839 00034
00000048 0070 2013 04 0000110 19 00038 _ 10:30 11:30 2 _ 0 7311 1 11 1 20140723111839 00034
00000048 0070 2013 04 0000111 26 00037 _ 10:30 11:30 2 _ 0 7311 1 11 1 20140723111839 00034
00000048 0070 2013 04 0000112 30 00102 _ 09:00 10:00 2 _ 0 7311 1 11 1 20140723111839 00034
00000048 0070 2013 05 0000113 03 00102 _ 09:45 10:45 2 _ 0 7311 1 11 1 20140723112619 00034
00000048 0070 2013 05 0000114 10 00038 _ 09:45 10:45 2 _ 0 7311 1 11 1 20140723112619 00034
00000048 0070 2013 05 0000115 14 00037 _ 09:00 10:00 2 _ 0 7311 1 11 1 20140723112619 00034
00000048 0070 2013 05 0000116 24 00037 _ 09:45 10:45 2 _ 0 7311 1 11 1 20140723112619 00034
00000048 0070 2013 05 0000117 28 00038 _ 09:00 10:00 2 _ 0 7311 1 11 1 20140723112619 00034
00000048 0070 2013 05 0000118 31 00038 _ 09:45 10:45 2 _ 0 7311 1 11 1 20140723112619 00034
00000048 0070 2013 06 0000119 07 00037 _ 09:45 10:45 2 _ 0 7311 1 11 1 20140723113301 00034
00000048 0070 2013 06 0000120 11 00037 _ 09:00 10:00 2 _ 0 7311 1 11 1 20140723113301 00034
00000048 0070 2013 06 0000121 25 00037 _ 09:00 10:00 2 _ 0 7311 1 11 1 20140723113301 00034
00000048 0070 2013 06 0000122 28 00038 _ 09:45 10:45 2 _ 0 7311 1 11 1 20140723113301 00034
00000048 0070 2013 07 0000123 05 00037 _ 09:45 10:45 2 _ 0 7311 1 11 1 20140723114408 00034
00000048 0070 2013 07 0000124 09 00037 _ 09:00 10:00 2 _ 0 7311 1 11 1 20140723114408 00034
00000048 0070 2013 07 0000125 12 00035 _ 09:45 10:45 2 _ 0 7311 1 11 1 20140723114408 00034
00000048 0070 2013 07 0000126 23 00034 _ 09:00 10:00 2 _ 0 7311 1 11 1 20140723114408 00034
00000048 0073 2012 04 0000134 04 00048 _ 10:00 10:29 _ _ 0 1111 1 61 1 20140804154453 00034
00000048 0073 2012 04 0000135 11 00048 _ 10:00 10:29 _ _ 0 1111 1 61 1 20140804154453 00034
00000048 0073 2012 04 0000136 19 00102 _ 09:30 09:59 _ _ 0 1111 1 61 1 20140804154453 00034
00000048 0073 2012 04 0000137 25 00048 _ 10:00 10:29 _ _ 0 1111 1 61 1 20140804154453 00034
00000048 0073 2012 05 0000138 02 00103 _ 10:00 10:29 _ _ 0 1111 1 61 1 20140804155254 00034
00000048 0073 2012 05 0000139 09 00103 _ 10:00 10:29 _ _ 0 1111 1 61 1 20140804155254 00034
00000048 0073 2012 05 0000140 16 00103 _ 10:00 10:29 _ _ 0 1111 1 61 1 20140804155254 00034
00000048 0073 2012 05 0000141 23 00103 _ 10:00 10:29 _ _ 0 1111 1 61 1 20140804155254 00034
00000048 0073 2012 05 0000142 30 00104 _ 10:30 11:14 _ _ 0 1111 1 61 1 20140804155254 00034
00000048 0073 2012 06 0000143 06 00102 _ 10:00 10:29 _ _ 0 1111 1 61 1 20140804155556 00034
00000048 0073 2012 06 0000144 13 00037 _ 10:00 10:29 _ _ 0 1111 1 61 1 20140804155556 00034
00000048 0073 2012 06 0000145 20 00037 _ 10:00 10:29 _ _ 0 1111 1 61 1 20140804155556 00034
00000048 0073 2012 06 0000146 27 00037 _ 10:00 10:29 _ _ 0 1111 1 61 1 20140804155556 00034
00000048 0073 2012 07 0000147 04 00037 _ 10:00 10:29 _ _ 0 1111 1 61 1 20140804160307 00034
00000048 0073 2012 07 0000148 11 00037 _ 10:00 10:29 _ _ 0 1111 1 61 1 20140804160307 00034
00000048 0073 2012 07 0000149 18 00037 _ 10:00 10:29 _ _ 0 1111 1 61 1 20140804160307 00034
00000048 0073 2012 07 0000150 25 00037 _ 10:00 10:29 _ _ 0 1111 1 61 1 20140804160307 00034
00000048 0073 2013 08 0000127 03 00035 _ 09:00 10:00 _ _ 0 1211 1 61 1 20140723120928 00034
00000048 0073 2013 08 0000128 06 00037 _ 09:00 10:00 _ _ 0 1211 1 61 1 20140723120928 00034
00000048 0073 2013 08 0000129 10 00034 _ 09:00 10:00 _ _ 0 1211 1 61 1 20140723120928 00034
00000048 0073 2013 08 0000130 17 00035 _ 09:00 10:00 _ _ 0 1211 1 61 1 20140723120928 00034
00000048 0073 2013 08 0000131 20 00037 _ 09:00 10:00 _ _ 0 1211 1 61 1 20140723120928 00034
00000048 0073 2013 08 0000132 24 00034 _ 09:00 10:00 _ _ 0 1211 1 61 1 20140723120928 00034
00000048 0073 2013 08 0000133 31 00038 _ 09:00 10:00 _ _ 0 1211 1 61 1 20140723120928 00034
00000048 0073 2013 09 0000064 03 00037 _ 09:00 10:00 _ _ 0 1211 1 61 1 20140626112838 00034
00000048 0073 2013 09 0000065 07 00035 _ 09:00 10:00 _ _ 0 1211 1 61 1 20140626112838 00034
00000048 0073 2013 09 0000066 14 00038 _ 09:00 10:00 _ _ 0 1211 1 61 1 20140626112838 00034
00000048 0073 2013 09 0000067 17 00035 _ 09:00 10:00 _ _ 0 1211 1 61 1 20140626112838 00034
00000048 0073 2013 09 0000068 21 00038 _ 09:00 10:00 _ _ 0 1211 1 61 1 20140626112838 00034
00000048 0073 2013 09 0000069 28 00035 _ 09:00 10:00 _ _ 0 1211 1 61 1 20140626112838 00034
00000048 0073 2013 10 0000070 05 00034 _ 09:00 10:00 _ _ 0 1211 1 61 1 20140626113516 00034
00000048 0073 2013 10 0000071 08 00037 _ 09:00 10:00 _ _ 0 1211 1 61 1 20140626113516 00034
00000048 0073 2013 10 0000072 12 00035 _ 09:00 10:00 _ _ 0 1211 1 61 1 20140626113516 00034
00000048 0073 2013 10 0000073 15 00037 _ 09:00 10:00 _ _ 0 1211 1 61 1 20140626113516 00034
00000048 0073 2013 10 0000074 19 00035 _ 09:00 10:00 _ _ 0 1211 1 61 1 20140626113516 00034
00000048 0073 2013 10 0000075 22 00034 _ 09:00 10:00 _ _ 0 1211 1 61 1 20140626113516 00034
00000048 0073 2013 10 0000076 26 00042 _ 09:00 10:00 _ _ 0 1211 1 61 1 20140626113516 00034
00000048 0073 2013 11 0000077 02 00042 _ 09:00 10:00 _ _ 0 1211 1 61 1 20140626114536 00034
00000048 0073 2013 11 0000078 16 00042 _ 09:00 09:50 _ _ 0 1211 1 61 1 20140626114536 00034
00000048 0073 2013 11 0000079 19 00037 _ 09:00 10:00 _ _ 0 1211 1 61 1 20140626114536 00034
00000048 0073 2013 11 0000080 23 00042 _ 09:00 10:00 _ _ 0 1211 1 61 1 20140626114536 00034
00000048 0073 2013 11 0000081 26 00037 _ 09:00 10:00 _ _ 0 1211 1 61 1 20140626114536 00034
00000048 0073 2013 11 0000082 30 00042 _ 09:00 10:00 _ _ 0 1211 1 61 1 20140626114536 00034
00000048 0073 2013 12 0000083 07 00042 _ 09:00 10:00 _ _ 0 1211 1 61 1 20140626115338 00034
00000048 0073 2013 12 0000084 10 00035 _ 09:00 10:00 _ _ 0 1211 1 61 1 20140626115338 00034
00000048 0073 2013 12 0000085 14 00042 _ 09:00 10:00 _ _ 0 1211 1 61 1 20140626115338 00034
00000048 0073 2013 12 0000086 21 00042 _ 09:00 10:00 _ _ 0 1211 1 61 1 20140626115338 00034
00000048 0073 2013 12 0000087 24 00035 _ 09:00 10:00 _ _ 0 1211 1 61 1 20140626115338 00034
00000048 0073 2013 12 0000088 28 00042 _ 09:00 10:00 _ _ 0 1211 1 61 1 20140626115338 00034
00000048 0073 2014 01 0000032 04 00035 _ 09:00 10:00 _ _ 0 1211 1 61 1 20140612112042 00034
00000048 0073 2014 01 0000033 11 00042 _ 09:00 10:00 _ _ 0 1211 1 61 1 20140612112042 00034
00000048 0073 2014 01 0000034 14 00034 _ 09:00 09:50 _ _ 0 1211 1 61 1 20140612112042 00034
00000048 0073 2014 01 0000035 18 00042 _ 09:00 10:00 _ _ 0 1211 1 61 1 20140612112042 00034
00000048 0073 2014 01 0000036 21 00037 _ 09:00 10:00 _ _ 0 1211 1 61 1 20140612112042 00034
00000048 0073 2014 01 0000037 25 00042 _ 09:00 10:00 _ _ 0 1211 1 61 1 20140612112042 00034
00000048 0073 2014 02 0000038 01 00042 _ 09:00 10:00 _ _ 0 1211 1 61 1 20140612113255 00034
00000048 0073 2014 02 0000039 06 00038 _ 09:00 09:45 _ _ 0 1211 1 61 1 20140612113255 00034
00000048 0073 2014 02 0000040 08 00042 _ 09:00 10:00 _ _ 0 1211 1 61 1 20140612113255 00034
00000048 0073 2014 02 0000041 13 00037 _ 09:00 10:00 _ _ 0 1211 1 61 1 20140612113255 00034
00000048 0073 2014 02 0000042 15 00042 _ 09:10 10:10 _ _ 0 1211 1 61 1 20140612113255 00034
00000048 0073 2014 02 0000043 20 00042 _ 09:00 10:00 _ _ 0 1211 1 61 1 20140612113255 00034
00000048 0073 2014 02 0000044 27 00042 _ 09:00 10:00 _ _ 0 1211 1 61 1 20140612113255 00034
00000048 0073 2014 03 0000051 08 00042 _ 09:00 10:00 _ _ 0 1211 1 61 1 20140612135708 00034
00000048 0073 2014 03 0000052 13 00037 _ 09:00 10:00 _ _ 0 1211 1 61 1 20140612135708 00034
00000048 0073 2014 03 0000053 15 00042 _ 09:00 10:00 _ _ 0 1211 1 61 1 20140612135708 00034
00000048 0073 2014 03 0000054 20 00037 _ 09:00 10:00 _ _ 0 1211 1 61 1 20140612135708 00034
00000048 0073 2014 03 0000055 22 00042 _ 09:00 10:00 _ _ 0 1211 1 61 1 20140612135708 00034
00000048 0073 2014 03 0000056 27 00035 _ 09:00 10:00 _ _ 0 1211 1 61 1 20140612135708 00034
00000048 0073 2014 03 0000057 29 00042 _ 09:00 10:00 _ _ 0 1211 1 61 1 20140612135708 00034
00000048 0073 2014 04 0000045 05 00042 _ 09:00 10:00 _ _ 0 1211 1 61 1 20140612114820 00034
00000048 0073 2014 04 0000046 10 00037 _ 09:00 10:00 _ _ 0 1211 1 61 1 20140612114820 00034
00000048 0073 2014 04 0000047 12 00042 _ 09:00 10:00 _ _ 0 1211 1 61 1 20140612114820 00034
00000048 0073 2014 04 0000048 17 00038 _ 09:00 10:00 _ _ 0 1211 1 61 1 20140612114820 00034
00000048 0073 2014 04 0000049 19 00042 _ 09:00 10:00 _ _ 0 1211 1 61 1 20140612114820 00034
00000048 0073 2014 04 0000050 26 00042 _ 09:00 10:00 _ _ 0 1211 1 61 1 20140612114820 00034
00000048 0073 2014 05 0000058 01 00037 _ 09:00 10:00 _ _ 0 1211 1 61 1 20140815173339 00034
00000048 0073 2014 05 0000059 05 00038 _ 13:15 14:15 _ _ 0 1211 1 61 1 20140815173339 00034
00000048 0073 2014 05 0000060 08 00037 _ 09:00 10:00 _ _ 0 1211 1 61 1 20140815173339 00034
00000048 0073 2014 05 0000061 12 00038 _ 13:15 14:15 _ _ 0 1211 1 61 1 20140815173339 00034
00000048 0073 2014 05 0000062 15 00037 _ 09:00 10:00 _ _ 0 1211 1 61 1 20140815173339 00034
00000048 0073 2014 05 0000063 22 00037 _ 09:00 10:00 _ _ 0 1211 1 61 1 20140815173339 00034
00000048 0073 2014 05 0000164 26 00035 _ 13:15 14:15 _ _ 0 1211 1 61 1 20140815173339 00034
00000048 0073 2014 05 0000165 29 00037 _ 09:00 10:00 _ _ 0 1211 1 61 1 20140815173339 00034
00000048 0073 2014 06 0000002 02 00037 _ 13:15 14:14 2 _ 0 1211 1 61 1 20140701101311 00078
00000048 0073 2014 06 0000003 05 00038 _ 09:00 09:59 2 _ 0 1211 1 61 1 20140701101311 00078
00000048 0073 2014 06 0000004 09 00035 _ 13:15 14:14 2 _ 0 1211 1 61 1 20140701101311 00078
00000048 0073 2014 06 0000005 12 00038 _ 09:00 09:59 2 _ 0 1211 1 61 1 20140701101311 00078
00000048 0073 2014 06 0000006 16 00035 _ 13:15 14:14 2 _ 0 1211 1 61 1 20140701101311 00078
00000048 0073 2014 06 0000007 26 00035 _ 09:00 09:59 2 _ 0 1211 1 61 1 20140701101311 00078
00000048 0073 2014 06 0000008 30 00038 _ 13:15 14:14 2 _ 0 1211 1 61 1 20140701101311 00078
00000048 0073 2014 06 0000009 19 00038 _ 09:00 09:59 2 _ 0 1211 1 61 1 20140701101311 00078
00000048 0073 2014 06 0000010 23 00038 _ 13:15 14:14 2 _ 0 1211 1 61 1 20140701101311 00078
00000048 0073 2014 07 0000011 03 00038 _ 09:00 09:59 2 _ 0 1211 1 61 1 20140731122328 00035
00000048 0073 2014 07 0000012 07 00037 _ 13:15 14:14 2 _ 0 1211 1 61 1 20140731122328 00035
00000048 0073 2014 07 0000013 21 00035 _ 13:15 14:14 2 _ 0 1211 1 61 1 20140731122328 00035
00000048 0073 2014 07 0000014 24 00037 _ 09:00 09:59 2 _ 0 1211 1 61 1 20140731122328 00035
00000048 0073 2014 07 0000015 28 00038 _ 13:15 14:14 2 _ 0 1211 1 61 1 20140731122328 00035
00000048 0073 2014 07 0000016 31 00037 _ 09:00 09:59 2 _ 0 1211 1 61 1 20140731122328 00035
00000048 0073 2014 08 0000017 07 00037 _ 09:00 09:59 2 _ 0 1211 1 61 1 20140829202056 00038
00000048 0073 2014 08 0000018 04 00038 _ 13:15 14:14 2 _ 0 1211 1 61 1 20140829202056 00038
00000048 0073 2014 08 0000019 11 00037 _ 13:15 14:14 2 _ 0 1211 1 61 1 20140829202056 00038
00000048 0073 2014 08 0000020 21 00035 _ 09:00 09:59 2 _ 0 1211 1 61 1 20140829202056 00038
00000048 0073 2014 08 0000021 18 00038 _ 13:15 14:14 2 _ 0 1211 1 61 1 20140829202056 00038
00000048 0073 2014 08 0000022 25 00038 _ 13:15 14:14 2 _ 0 1211 1 61 1 20140829202056 00038
00000048 0073 2014 08 0000023 28 00035 _ 09:00 09:59 2 _ 0 1211 1 61 1 20140829202056 00038
00000048 0073 2014 09 0000024 04 00035 _ 09:00 09:59 2 _ 0 1211 1 61 1 20140929210457 00035
00000048 0073 2014 09 0000025 01 00038 _ 13:15 14:14 2 _ 0 1211 1 61 1 20140929210457 00035
00000048 0073 2014 09 0000026 08 00037 _ 13:15 14:14 2 _ 0 1211 1 61 1 20140929210457 00035
00000048 0073 2014 09 0000027 11 00038 _ 09:00 09:59 2 _ 0 1211 1 61 1 20140929210457 00035
00000048 0073 2014 09 0000028 15 00038 _ 13:15 14:14 2 _ 0 1211 1 61 1 20140929210457 00035
00000048 0073 2014 09 0000029 15 00038 _ 15:15 16:14 2 _ 0 _ 1 61 9 20140916152858 00171
00000048 0073 2014 09 0000030 18 00037 _ 09:00 09:59 2 _ 0 1211 1 61 1 20140929210457 00035
00000048 0073 2014 09 0000031 22 00037 _ 13:15 14:14 2 _ 0 1211 1 61 1 20140929210457 00035
00000048 0073 2014 09 0000032 25 00035 _ 09:00 09:59 2 _ 0 1211 1 61 1 20140929210457 00035
00000048 0073 2014 09 0000033 29 00037 _ 13:15 14:14 2 _ 0 1211 1 61 1 20140929210457 00035
00000048 0073 2014 10 0000034 02 00041 _ 09:00 09:52 2 _ 0 1211 1 61 1 20141030150055 00038
00000048 0073 2014 10 0000035 06 00037 _ 13:15 14:14 2 _ 0 1211 1 61 1 20141030150055 00038
00000048 0073 2014 10 0000036 09 00035 _ 09:00 09:59 2 _ 0 1211 1 61 1 20141030150055 00038
00000048 0073 2014 10 0000037 13 00038 _ 13:15 14:14 2 _ 0 1211 1 61 1 20141030150055 00038
00000048 0073 2014 10 0000038 16 00035 _ 13:00 13:59 2 _ 0 1211 1 61 1 20141030150055 00038
00000048 0073 2014 10 0000039 20 _ _ _ _ _ _ 0 _ 1 61 9 20141020180540 00037
00000048 0073 2014 10 0000040 23 _ _ 09:00 09:59 _ _ 0 _ 1 61 9 20141023183715 00037
00000048 0073 2014 10 0000041 27 00037 _ 13:15 14:14 2 _ 0 1211 1 61 1 20141030150055 00038
00000048 0073 2014 10 0000042 30 00035 _ 09:00 09:59 2 _ 0 1211 1 61 1 20141030150055 00038
00000048 0073 2014 10 0000043 20 00037 _ 13:15 14:14 2 _ 0 1211 1 61 1 20141030150055 00038
00000048 0073 2014 10 0000044 23 00037 _ 09:00 09:59 2 _ 0 1211 1 61 1 20141030150055 00038
00000048 0073 2014 11 0000045 03 00038 _ 13:15 14:14 2 _ 0 1211 1 61 1 20141127185957 00038
00000048 0073 2014 11 0000046 06 00037 _ 09:00 09:59 2 _ 0 1211 1 61 1 20141127185957 00038
00000048 0073 2014 11 0000047 10 00037 _ 13:15 14:14 2 _ 0 1211 1 61 1 20141127185957 00038
00000048 0073 2014 11 0000048 13 00038 _ 09:00 09:59 2 _ 0 1211 1 61 1 20141127185957 00038
00000048 0073 2014 11 0000049 17 00038 _ 13:15 14:14 2 _ 0 1211 1 61 1 20141127185957 00038
00000048 0073 2014 11 0000050 20 00229 _ 09:00 09:59 2 _ 0 1211 1 61 1 20141127185957 00038
00000048 0073 2014 11 0000051 24 00035 _ 13:15 14:14 2 _ 0 1211 1 61 1 20141127185957 00038
00000048 0073 2014 11 0000052 27 00229 _ 09:00 09:59 2 _ 0 1211 1 61 1 20141127185957 00038
00000048 0073 2014 12 0000053 01 00035 _ 13:15 14:14 2 _ 0 1211 1 61 1 20141211152646 00171
00000048 0073 2014 12 0000054 04 00229 _ 09:00 09:59 2 _ 0 1211 1 61 1 20141211152646 00171
00000048 0073 2014 12 0000055 11 00229 _ 09:00 09:59 2 _ 0 1211 1 61 1 20141211152646 00171
00000048 0073 2014 12 0000056 08 00229 _ 13:15 14:14 2 _ 0 1211 1 61 1 20141211152646 00171
