00001254 0070 2015 05 0000005 08 00042 _ 08:00 09:00 4 _ 0 _ 1 11 9 20150701122258 00078
00001254 0070 2015 05 0000006 15 00043 _ 08:00 09:00 4 _ 0 _ 1 11 9 20150701122258 00078
00001254 0070 2015 05 0000007 22 00044 _ 08:00 09:00 1 _ 0 _ 1 11 9 20150701122258 00078
00001254 0070 2015 05 0000008 08 00042 _ 08:00 09:00 4 _ 0 _ 1 11 9 20150701122258 00078
00001254 0070 2015 05 0000009 15 00043 _ 08:00 09:00 4 _ 0 _ 1 11 9 20150701122258 00078
00001254 0070 2015 05 0000010 22 00044 _ 08:00 09:00 1 _ 0 _ 1 11 9 20150701122258 00078
00001254 0070 2015 05 0000011 22 00044 _ 12:15 12:40 3 _ 0 _ 1 11 9 20150701122258 00078
00001254 0070 2015 05 0000015 03 00011 _ 09:00 10:00 4 _ 0 2463 1 11 1 20150701123058 00078
00001254 0070 2015 05 0000016 10 00014 _ 09:00 10:00 4 _ 0 2463 1 11 1 20150701123058 00078
00001254 0070 2015 05 0000017 17 00011 _ 09:00 10:00 4 _ 0 2463 1 11 1 20150701123058 00078
00001254 0070 2015 05 0000018 24 00014 _ 09:00 10:00 4 _ 0 2463 1 11 1 20150701123058 00078
00001254 0070 2015 05 0000019 31 00011 _ 09:00 10:00 4 _ 0 2463 1 11 1 20150701123058 00078
00001254 0070 2015 05 0000020 29 00014 _ 09:00 10:00 _ _ 0 _ _ 11 9 20150701122833 00078
00001254 0070 2015 06 0000012 01 00017 _ 13:00 13:44 2 _ 0 9217 1 11 1 20150630195308 00078
00001254 0070 2015 06 0000013 05 00014 _ 15:00 15:59 1 _ 0 2499 1 11 1 20150630195308 00078
00001254 0070 2015 06 0000014 07 00017 _ 15:00 15:59 1 _ 0 2499 1 11 1 20150630195308 00078
