00000070 0070 2012 10 1 1 20140808121029 00034
00000070 0070 2012 11 1 1 20140808121844 00034
00000070 0070 2012 12 1 1 20140808122412 00034
00000070 0070 2013 01 1 1 20140724172826 00034
00000070 0070 2013 02 1 1 20140724173103 00034
00000070 0070 2013 03 1 1 20140724173439 00034
00000070 0070 2013 04 1 1 20140724173926 00034
00000070 0070 2013 05 1 1 20140724174308 00034
00000070 0070 2013 06 1 1 20140724174551 00034
00000070 0070 2013 07 1 1 20140724175027 00034
00000070 0073 2013 08 1 1 20140724180224 00034
00000070 0073 2013 09 1 1 20140626191643 00034
00000070 0073 2013 10 1 1 20140627100835 00034
00000070 0073 2013 11 1 1 20140627101941 00034
00000070 0073 2013 12 1 1 20140627102710 00034
00000070 0073 2014 01 1 1 20140613103612 00034
00000070 0073 2014 02 1 1 20140613104236 00034
00000070 0073 2014 03 1 1 20140613104740 00034
00000070 0073 2014 04 1 1 20140613105425 00034
00000070 0073 2014 05 1 1 20140815182740 00034
00000070 0073 2014 06 1 1 20140701100743 00034
00000070 0073 2014 07 1 1 20140731104028 00035
00000070 0073 2014 08 _ 1 20140815130114 00035
