00000203 2013 12 01 08:30 09:29 11 4111 0029 11.26 1 324 1 20140702152208 00078
00000203 2013 12 01 13:00 13:29 11 1111 0029 11.26 1 254 1 20140702152208 00078
00000203 2013 12 01 19:00 19:29 11 1112 0029 11.26 1 318 1 20140702152208 00078
00000203 2013 12 02 08:30 09:29 11 4111 0029 11.26 1 324 1 20140702152208 00078
00000203 2013 12 02 13:00 13:59 11 4111 0029 11.26 1 324 1 20140702152208 00078
00000203 2013 12 02 19:00 19:29 11 1112 0029 11.26 1 318 1 20140702152208 00078
00000203 2013 12 03 08:30 09:29 11 4111 0029 11.26 1 324 1 20140702152208 00078
00000203 2013 12 03 13:00 13:59 11 4111 0029 11.26 1 324 1 20140702152208 00078
00000203 2013 12 03 19:00 19:29 11 1112 0029 11.26 1 318 1 20140702152208 00078
00000203 2013 12 04 08:30 09:29 11 4111 0029 11.26 1 324 1 20140702152208 00078
00000203 2013 12 04 13:00 13:59 11 1211 0029 11.26 1 402 1 20140702152208 00078
00000203 2013 12 04 19:00 19:29 11 1112 0029 11.26 1 318 1 20140702152208 00078
00000203 2013 12 05 08:30 09:29 11 4111 0029 11.26 1 324 1 20140702152208 00078
00000203 2013 12 05 12:00 12:29 11 1111 0029 11.26 1 254 1 20140702152208 00078
00000203 2013 12 05 19:00 19:29 11 1112 0029 11.26 1 318 1 20140702152208 00078
00000203 2013 12 06 08:30 09:29 11 4111 0029 11.26 1 324 1 20140702152208 00078
00000203 2013 12 06 13:00 13:59 11 4111 0029 11.26 1 324 1 20140702152208 00078
00000203 2013 12 06 19:00 19:29 11 1112 0029 11.26 1 318 1 20140702152208 00078
00000203 2013 12 07 08:30 09:29 11 4111 0029 11.26 1 324 1 20140702152208 00078
00000203 2013 12 07 13:00 13:29 11 1111 0029 11.26 1 254 1 20140702152208 00078
00000203 2013 12 07 19:00 19:29 11 1112 0029 11.26 1 318 1 20140702152208 00078
00000203 2013 12 08 08:30 09:29 11 4111 0029 11.26 1 324 1 20140702152208 00078
00000203 2013 12 08 13:00 13:59 11 1211 0029 11.26 1 402 1 20140702152208 00078
00000203 2013 12 08 19:00 19:29 11 1112 0029 11.26 1 318 1 20140702152208 00078
00000203 2013 12 09 08:30 09:29 11 4111 0029 11.26 1 324 1 20140702152208 00078
00000203 2013 12 09 13:00 13:59 11 4111 0029 11.26 1 324 1 20140702152208 00078
00000203 2013 12 09 19:00 19:29 11 1112 0029 11.26 1 318 1 20140702152208 00078
00000203 2013 12 10 08:30 09:29 11 4111 0029 11.26 1 324 1 20140702152208 00078
00000203 2013 12 10 13:00 13:59 11 4111 0029 11.26 1 324 1 20140702152208 00078
00000203 2013 12 10 19:00 19:29 11 1112 0029 11.26 1 318 1 20140702152208 00078
00000203 2013 12 11 08:30 08:59 11 1111 0029 11.26 1 254 1 20140702152208 00078
00000203 2013 12 11 13:00 13:59 11 1211 0029 11.26 1 402 1 20140702152208 00078
00000203 2013 12 11 19:00 19:29 11 1112 0029 11.26 1 318 1 20140702152208 00078
00000203 2013 12 12 08:30 09:29 11 4111 0029 11.26 1 324 1 20140702152208 00078
00000203 2013 12 12 13:00 13:29 11 1111 0029 11.26 1 254 1 20140702152208 00078
00000203 2013 12 12 19:00 19:29 11 1112 0029 11.26 1 318 1 20140702152208 00078
00000203 2013 12 13 08:30 09:29 11 4111 0029 11.26 1 324 1 20140702152208 00078
00000204 2013 12 01 09:50 10:19 11 1111 0029 11.26 1 254 1 20140702185035 00078
00000204 2013 12 01 13:40 14:09 11 1111 0029 11.26 1 254 1 20140702185035 00078
00000204 2013 12 01 19:40 20:09 11 1112 0029 11.26 1 318 1 20140702185035 00078
00000204 2013 12 02 09:50 10:19 11 1111 0029 11.26 1 254 1 20140702185035 00078
00000204 2013 12 02 19:40 20:09 11 1112 0029 11.26 1 318 1 20140702185035 00078
00000204 2013 12 03 09:50 10:19 11 1111 0029 11.26 1 254 1 20140702185035 00078
00000204 2013 12 03 13:40 14:09 11 1111 0029 11.26 1 254 1 20140702185035 00078
00000204 2013 12 03 19:40 20:09 11 1112 0029 11.26 1 318 1 20140702185035 00078
00000204 2013 12 04 19:40 20:09 11 1112 0029 11.26 1 318 1 20140702185035 00078
00000204 2013 12 05 09:50 10:19 11 1111 0029 11.26 1 254 1 20140702185035 00078
00000204 2013 12 05 13:40 14:09 11 1111 0029 11.26 1 254 1 20140702185035 00078
00000204 2013 12 05 19:40 20:09 11 1112 0029 11.26 1 318 1 20140702185035 00078
00000204 2013 12 06 09:50 10:19 11 1111 0029 11.26 1 254 1 20140702185035 00078
00000204 2013 12 06 19:40 20:09 11 1112 0029 11.26 1 318 1 20140702185035 00078
00000204 2013 12 07 09:50 10:19 11 1111 0029 11.26 1 254 1 20140702185035 00078
00000204 2013 12 07 13:40 14:39 11 4111 0029 11.26 1 324 1 20140702185035 00078
00000204 2013 12 07 19:40 20:09 11 1112 0029 11.26 1 318 1 20140702185035 00078
00000204 2013 12 08 09:50 10:19 11 1111 0029 11.26 1 254 1 20140702185035 00078
00000204 2013 12 08 13:40 14:09 11 1111 0029 11.26 1 254 1 20140702185035 00078
00000204 2013 12 08 19:40 20:09 11 1112 0029 11.26 1 318 1 20140702185035 00078
00000204 2013 12 09 09:50 10:19 11 1111 0029 11.26 1 254 1 20140702185035 00078
00000204 2013 12 09 19:40 20:09 11 1112 0029 11.26 1 318 1 20140702185035 00078
00000204 2013 12 10 19:40 20:09 11 1112 0029 11.26 1 318 1 20140702185035 00078
00000204 2013 12 11 09:50 10:19 11 1111 0029 11.26 1 254 1 20140702185035 00078
00000204 2013 12 11 19:40 20:09 11 1112 0029 11.26 1 318 1 20140702185035 00078
00000204 2013 12 12 09:50 10:19 11 1111 0029 11.26 1 254 1 20140702185035 00078
00000204 2013 12 12 13:40 14:09 11 1111 0029 11.26 1 254 1 20140702185035 00078
00000204 2013 12 12 19:40 20:09 11 1112 0029 11.26 1 318 1 20140702185035 00078
00000204 2013 12 13 09:50 10:19 11 1111 0029 11.26 1 254 1 20140702185035 00078
00000204 2013 12 13 19:40 20:09 11 1112 0029 11.26 1 318 1 20140702185035 00078
00000204 2013 12 14 09:50 10:19 11 1111 0029 11.26 1 254 1 20140702185035 00078
00000204 2013 12 14 13:40 14:39 11 4111 0029 11.26 1 324 1 20140702185035 00078
00000204 2013 12 14 19:40 20:09 11 1112 0029 11.26 1 318 1 20140702185035 00078
00000204 2013 12 15 09:50 10:19 11 1111 0029 11.26 1 254 1 20140702185035 00078
00000204 2013 12 15 13:40 14:09 11 1111 0029 11.26 1 254 1 20140702185035 00078
00000204 2013 12 15 19:40 20:09 11 1112 0029 11.26 1 318 1 20140702185035 00078
00000204 2013 12 16 09:50 10:19 11 1111 0029 11.26 1 254 1 20140702185035 00078
00000204 2013 12 16 19:40 20:09 11 1112 0029 11.26 1 318 1 20140702185035 00078
00000204 2013 12 17 09:50 10:19 11 1111 0029 11.26 1 254 1 20140702185035 00078
00000204 2013 12 17 13:40 14:09 11 1111 0029 11.26 1 254 1 20140702185035 00078
00000204 2013 12 17 19:40 20:09 11 1112 0029 11.26 1 318 1 20140702185035 00078
00000204 2013 12 18 19:40 20:09 11 1112 0029 11.26 1 318 1 20140702185035 00078
00000204 2013 12 19 09:50 10:19 11 1111 0029 11.26 1 254 1 20140702185035 00078
00000204 2013 12 19 13:40 14:09 11 1111 0029 11.26 1 254 1 20140702185035 00078
00000204 2013 12 19 19:40 20:09 11 1112 0029 11.26 1 318 1 20140702185035 00078
00000204 2013 12 20 09:50 10:19 11 1111 0029 11.26 1 254 1 20140702185035 00078
00000204 2013 12 20 19:40 20:09 11 1112 0029 11.26 1 318 1 20140702185035 00078
00000204 2013 12 21 09:50 10:19 11 1111 0029 11.26 1 254 1 20140702185035 00078
00000204 2013 12 21 13:30 14:29 11 4111 0029 11.26 1 324 1 20140702185035 00078
00000204 2013 12 21 19:40 20:09 11 1112 0029 11.26 1 318 1 20140702185035 00078
00000204 2013 12 22 09:50 10:19 11 1111 0029 11.26 1 254 1 20140702185035 00078
00000204 2013 12 22 13:40 14:09 11 1111 0029 11.26 1 254 1 20140702185035 00078
00000204 2013 12 22 19:40 20:09 11 1112 0029 11.26 1 318 1 20140702185035 00078
00000204 2013 12 23 09:50 10:19 11 1111 0029 11.26 1 254 1 20140702185035 00078
00000204 2013 12 23 19:40 20:09 11 1112 0029 11.26 1 318 1 20140702185035 00078
00000204 2013 12 24 19:40 20:09 11 1112 0029 11.26 1 318 1 20140702185035 00078
00000204 2013 12 25 09:50 10:19 11 1111 0029 11.26 1 254 1 20140702185035 00078
00000204 2013 12 25 19:40 20:09 11 1112 0029 11.26 1 318 1 20140702185035 00078
00000204 2013 12 26 09:50 10:19 11 1111 0029 11.26 1 254 1 20140702185035 00078
00000204 2013 12 26 13:30 13:59 11 1111 0029 11.26 1 254 1 20140702185035 00078
00000204 2013 12 26 19:40 20:09 11 1112 0029 11.26 1 318 1 20140702185035 00078
00000204 2013 12 27 09:50 10:19 11 1111 0029 11.26 1 254 1 20140702185035 00078
00000204 2013 12 27 19:40 20:09 11 1112 0029 11.26 1 318 1 20140702185035 00078
00000204 2013 12 28 09:50 10:19 11 1111 0029 11.26 1 254 1 20140702185035 00078
00000204 2013 12 28 13:40 14:39 11 4111 0029 11.26 1 324 1 20140702185035 00078
00000204 2013 12 28 19:40 20:09 11 1112 0029 11.26 1 318 1 20140702185035 00078
00000204 2013 12 29 09:50 10:19 11 1111 0029 11.26 1 254 1 20140702185035 00078
00000204 2013 12 29 13:40 14:09 11 1111 0029 11.26 1 254 1 20140702185035 00078
00000204 2013 12 29 19:40 20:09 11 1112 0029 11.26 1 318 1 20140702185035 00078
00000204 2013 12 30 09:50 10:19 11 1111 0029 11.26 1 254 1 20140702185035 00078
00000204 2013 12 30 13:40 14:09 11 1111 0029 11.26 1 254 1 20140702185035 00078
00000204 2013 12 30 19:40 20:09 11 1112 0029 11.26 1 318 1 20140702185035 00078
00000204 2013 12 31 09:50 10:19 11 1111 0029 11.26 1 254 1 20140702185035 00078
00000204 2013 12 31 13:40 14:09 11 1111 0029 11.26 1 254 1 20140702185035 00078
00000204 2013 12 31 19:40 20:09 11 1112 0029 11.26 1 318 1 20140702185035 00078
00000205 2013 12 03 14:20 15:49 11 1311 0029 11.26 1 584 1 20140702192115 00078
00000205 2013 12 05 14:20 15:19 11 7311 0029 11.26 1 235 1 20140702192115 00078
00000205 2013 12 06 14:20 15:49 11 1311 0029 11.26 1 584 1 20140702192115 00078
00000205 2013 12 10 14:20 15:49 11 1311 0029 11.26 1 584 1 20140702192115 00078
00000205 2013 12 12 14:20 15:19 11 7311 0029 11.26 1 235 1 20140702192115 00078
00000205 2013 12 13 14:20 15:49 11 1311 0029 11.26 1 584 1 20140702192115 00078
00000205 2013 12 17 14:20 15:49 11 1311 0029 11.26 1 584 1 20140702192115 00078
00000205 2013 12 19 14:50 15:29 11 7211 0029 11.26 1 190 1 20140702192115 00078
00000205 2013 12 20 14:20 15:49 11 1311 0029 11.26 1 584 1 20140702192115 00078
00000205 2013 12 24 14:20 15:49 11 1311 0029 11.26 1 584 1 20140702192115 00078
00000205 2013 12 26 14:20 15:19 11 7311 0029 11.26 1 235 1 20140702192115 00078
00000205 2013 12 27 14:20 15:49 11 1311 0029 11.26 1 584 1 20140702192115 00078
00000205 2013 12 31 14:20 15:49 11 1311 0029 11.26 1 584 1 20140702192115 00078
00000207 2013 12 03 13:30 14:30 61 1111 0107 11.26 1 1220 1 20140703103608 00078
00000207 2013 12 11 13:30 14:30 61 1111 0107 11.26 1 1220 1 20140703103608 00078
00000207 2013 12 17 13:30 14:30 61 1111 0107 11.26 1 1220 1 20140703103608 00078
00000207 2013 12 24 13:30 14:30 61 1111 0107 11.26 1 1220 1 20140703103608 00078
00000207 2013 12 31 13:30 14:30 61 1111 0107 11.26 1 1220 1 20140703103608 00078
00000212 2013 12 04 13:00 14:00 61 1111 0107 11.26 1 1220 1 20140703115957 00078
00000212 2013 12 11 13:00 14:00 61 1111 0107 11.26 1 1220 1 20140703115957 00078
00000212 2013 12 18 13:00 14:00 61 1111 0107 11.26 1 1220 1 20140703115957 00078
00000212 2013 12 25 13:00 14:00 61 1111 0107 11.26 1 1220 1 20140703115957 00078
00000213 2013 12 02 15:50 16:49 11 1211 0029 11.26 1 402 1 20140703140433 00078
00000213 2013 12 03 10:30 11:29 11 7311 0029 11.26 1 235 1 20140703140433 00078
00000213 2013 12 04 15:50 16:49 11 1211 0029 11.26 1 402 1 20140703140433 00078
00000213 2013 12 07 10:30 11:29 11 7311 0029 11.26 1 235 1 20140703140433 00078
00000213 2013 12 07 15:50 16:49 11 1211 0029 11.26 1 402 1 20140703140433 00078
00000213 2013 12 09 15:50 16:49 11 1211 0029 11.26 1 402 1 20140703140433 00078
00000213 2013 12 10 10:30 11:29 11 7311 0029 11.26 1 235 1 20140703140433 00078
00000213 2013 12 11 15:50 16:49 11 1211 0029 11.26 1 402 1 20140703140433 00078
00000213 2013 12 14 10:30 11:29 11 7311 0029 11.26 1 235 1 20140703140433 00078
00000213 2013 12 14 15:50 16:49 11 1211 0029 11.26 1 402 1 20140703140433 00078
00000213 2013 12 16 15:50 16:49 11 1211 0029 11.26 1 402 1 20140703140433 00078
00000213 2013 12 17 10:30 11:29 11 7311 0029 11.26 1 235 1 20140703140433 00078
00000213 2013 12 18 15:50 16:49 11 1211 0029 11.26 1 402 1 20140703140433 00078
00000213 2013 12 21 10:30 11:29 11 7311 0029 11.26 1 235 1 20140703140433 00078
00000213 2013 12 21 15:50 16:49 11 1211 0029 11.26 1 402 1 20140703140433 00078
00000213 2013 12 23 15:50 16:49 11 1211 0029 11.26 1 402 1 20140703140433 00078
00000213 2013 12 24 10:30 11:29 11 7311 0029 11.26 1 235 1 20140703140433 00078
00000213 2013 12 25 15:50 16:49 11 1211 0029 11.26 1 402 1 20140703140433 00078
00000213 2013 12 28 10:30 11:29 11 7311 0029 11.26 1 235 1 20140703140433 00078
00000213 2013 12 28 15:50 16:49 11 1211 0029 11.26 1 402 1 20140703140433 00078
00000213 2013 12 30 15:50 16:49 11 1211 0029 11.26 1 402 1 20140703140433 00078
00000213 2013 12 31 10:30 11:29 11 7311 0029 11.26 1 235 1 20140703140433 00078
00000214 2013 12 04 10:30 11:30 61 1111 0107 11.26 1 1220 1 20140703142339 00078
00000214 2013 12 11 10:30 11:30 61 1111 0107 11.26 1 1220 1 20140703142339 00078
00000214 2013 12 18 10:30 11:30 61 1111 0107 11.26 1 1220 1 20140703142339 00078
00000214 2013 12 25 10:30 11:30 61 1111 0107 11.26 1 1220 1 20140703142339 00078
00000215 2013 12 01 15:30 16:29 11 7311 0029 11.26 1 235 1 20140703144702 00078
00000215 2013 12 08 15:30 16:29 11 7311 0029 11.26 1 235 1 20140703144702 00078
00000215 2013 12 15 15:30 16:29 11 7311 0029 11.26 1 235 1 20140703144702 00078
00000215 2013 12 22 15:30 16:29 11 7311 0029 11.26 1 235 1 20140703144702 00078
00000215 2013 12 29 15:30 16:29 11 7311 0029 11.26 1 235 1 20140703144702 00078
00000216 2013 12 02 14:10 15:09 11 1211 0029 11.26 1 402 1 20140703154529 00078
00000216 2013 12 04 14:10 15:09 11 1211 0029 11.26 1 402 1 20140703154529 00078
00000216 2013 12 05 13:00 13:59 11 7311 0029 11.26 1 235 1 20140703154529 00078
00000216 2013 12 07 14:10 15:09 11 1211 0029 11.26 1 402 1 20140703154529 00078
00000216 2013 12 09 14:10 15:09 11 1211 0029 11.26 1 402 1 20140703154529 00078
00000216 2013 12 11 14:10 15:09 11 1211 0029 11.26 1 402 1 20140703154529 00078
00000216 2013 12 12 13:00 13:59 11 7311 0029 11.26 1 235 1 20140703154529 00078
00000216 2013 12 14 14:10 15:09 11 1211 0029 11.26 1 402 1 20140703154529 00078
00000216 2013 12 16 14:10 15:09 11 1211 0029 11.26 1 402 1 20140703154529 00078
00000216 2013 12 18 14:10 15:09 11 1211 0029 11.26 1 402 1 20140703154529 00078
00000216 2013 12 19 13:00 13:59 11 7311 0029 11.26 1 235 1 20140703154529 00078
00000216 2013 12 21 14:10 15:09 11 1211 0029 11.26 1 402 1 20140703154529 00078
00000216 2013 12 23 14:10 15:09 11 1211 0029 11.26 1 402 1 20140703154529 00078
00000216 2013 12 25 14:10 15:09 11 1211 0029 11.26 1 402 1 20140703154529 00078
00000216 2013 12 26 13:00 13:59 11 7311 0029 11.26 1 235 1 20140703154529 00078
00000216 2013 12 28 14:10 15:09 11 1211 0029 11.26 1 402 1 20140703154529 00078
00000216 2013 12 30 14:10 15:09 11 1211 0029 11.26 1 402 1 20140703154529 00078
00000218 2013 12 01 17:00 17:59 61 1321 0107 11.26 1 3870 1 20140703160726 00078
00000218 2013 12 03 17:00 17:59 61 1321 0107 11.26 1 3870 1 20140703160726 00078
00000218 2013 12 06 17:00 17:59 61 1321 0107 11.26 1 3870 1 20140703160726 00078
00000218 2013 12 08 17:00 17:59 61 1321 0107 11.26 1 3870 1 20140703160726 00078
00000218 2013 12 10 17:00 17:59 61 1321 0107 11.26 1 3870 1 20140703160726 00078
00000218 2013 12 13 17:00 17:59 61 1321 0107 11.26 1 3870 1 20140703160726 00078
00000218 2013 12 15 17:00 17:59 61 1321 0107 11.26 1 3870 1 20140703160726 00078
00000218 2013 12 17 17:00 17:59 61 1321 0107 11.26 1 3870 1 20140703160726 00078
00000218 2013 12 20 17:00 17:59 61 1321 0107 11.26 1 3870 1 20140703160726 00078
00000218 2013 12 22 17:00 17:59 61 1321 0107 11.26 1 3870 1 20140703160726 00078
00000218 2013 12 24 17:00 17:59 61 1321 0107 11.26 1 3870 1 20140703160726 00078
00000218 2013 12 27 17:00 17:59 61 1321 0107 11.26 1 3870 1 20140703160726 00078
00000218 2013 12 29 17:00 17:59 61 1321 0107 11.26 1 3870 1 20140703160726 00078
00000218 2013 12 31 17:00 17:59 61 1321 0107 11.26 1 3870 1 20140703160726 00078
00000221 2013 12 12 10:30 11:30 61 1111 0107 11.26 1 1220 1 20140703161937 00078
00000221 2013 12 19 10:30 11:30 61 1111 0107 11.26 1 1220 1 20140703161937 00078
00000221 2013 12 26 10:30 11:30 61 1111 0107 11.26 1 1220 1 20140703161937 00078
00000224 2013 12 02 10:00 10:59 11 7311 0029 11.26 1 235 1 20140703165602 00078
00000224 2013 12 02 16:00 16:59 11 1211 0029 11.26 1 402 1 20140703165602 00078
00000224 2013 12 05 16:00 16:59 11 1211 0029 11.26 1 402 1 20140703165602 00078
00000224 2013 12 09 10:00 10:59 11 7311 0029 11.26 1 235 1 20140703165602 00078
00000224 2013 12 09 16:00 16:39 11 1211 0029 11.26 1 402 1 20140703165602 00078
00000224 2013 12 12 16:00 16:59 11 1211 0029 11.26 1 402 1 20140703165602 00078
00000224 2013 12 16 16:00 16:59 11 1211 0029 11.26 1 402 1 20140703165602 00078
00000224 2013 12 19 16:00 16:59 11 1211 0029 11.26 1 402 1 20140703165602 00078
00000224 2013 12 23 10:00 10:59 11 7311 0029 11.26 1 235 1 20140703165602 00078
00000224 2013 12 23 16:00 16:39 11 1211 0029 11.26 1 402 1 20140703165602 00078
00000224 2013 12 23 16:00 16:59 11 1211 0029 11.26 1 402 1 20140703165449 00078
00000224 2013 12 26 16:00 16:59 11 1211 0029 11.26 1 402 1 20140703165223 00078
00000224 2013 12 30 10:00 10:59 11 7311 0029 11.26 1 235 1 20140703165602 00078
00000224 2013 12 30 16:00 16:59 11 1211 0029 11.26 1 402 1 20140703165602 00078
00000226 2013 12 03 15:50 16:49 61 1211 0107 11.26 1 2440 1 20140808175449 00078
00000226 2013 12 06 15:50 16:49 61 1211 0107 11.26 1 2440 1 20140808175449 00078
00000226 2013 12 10 15:50 16:49 61 1211 0107 11.26 1 2440 1 20140808175449 00078
00000226 2013 12 13 15:50 16:49 61 1211 0107 11.26 1 2440 1 20140808175449 00078
00000226 2013 12 17 15:50 16:49 61 1211 0107 11.26 1 2440 1 20140808175449 00078
00000226 2013 12 20 15:50 16:49 61 1211 0107 11.26 1 2440 1 20140808175449 00078
00000226 2013 12 24 15:50 16:49 61 1211 0107 11.26 1 2440 1 20140808175449 00078
00000226 2013 12 27 15:50 16:49 61 1211 0107 11.26 1 2440 1 20140808175449 00078
00000226 2013 12 31 15:50 16:49 61 1211 0107 11.26 1 2440 1 20140808175449 00078
00000228 2013 12 04 16:30 17:30 61 1111 0107 11.26 1 1220 1 20140703180710 00078
00000228 2013 12 11 16:30 17:30 61 1111 0107 11.26 1 1220 1 20140703180710 00078
00000228 2013 12 25 16:30 17:30 61 1111 0107 11.26 1 1220 1 20140703180710 00078
00000229 2013 12 05 10:00 11:00 61 1111 0107 11.26 1 1220 1 20140703182259 00078
00000229 2013 12 12 10:00 11:00 61 1111 0107 11.26 1 1220 1 20140703182259 00078
00000229 2013 12 19 10:00 11:00 61 1111 0107 11.26 1 1220 1 20140703182259 00078
00000229 2013 12 26 10:00 11:00 61 1111 0107 11.26 1 1220 1 20140703182259 00078
00000230 2013 12 01 07:30 07:59 11 1112 0029 11.26 1 318 1 20140808165734 00078
00000230 2013 12 02 07:30 07:59 11 1112 0029 11.26 1 318 1 20140808165734 00078
00000230 2013 12 03 07:30 07:59 11 1112 0029 11.26 1 318 1 20140808165734 00078
00000230 2013 12 04 07:30 07:59 11 1112 0029 11.26 1 318 1 20140808165734 00078
00000230 2013 12 05 07:30 07:59 11 1112 0029 11.26 1 318 1 20140808165734 00078
00000230 2013 12 06 07:30 07:59 11 1112 0029 11.26 1 318 1 20140808165734 00078
00000230 2013 12 07 07:30 07:59 11 1112 0029 11.26 1 318 1 20140808165734 00078
00000230 2013 12 08 07:30 07:59 11 1112 0029 11.26 1 318 1 20140808165734 00078
00000230 2013 12 09 07:30 07:59 11 1112 0029 11.26 1 318 1 20140808165734 00078
00000230 2013 12 10 07:30 07:59 11 1112 0029 11.26 1 318 1 20140808165734 00078
00000230 2013 12 11 07:30 07:59 11 1112 0029 11.26 1 318 1 20140808165734 00078
00000230 2013 12 12 07:30 07:59 11 1112 0029 11.26 1 318 1 20140808165734 00078
00000230 2013 12 13 07:30 07:59 11 1112 0029 11.26 1 318 1 20140808165734 00078
00000230 2013 12 14 07:30 07:59 11 1112 0029 11.26 1 318 1 20140808165734 00078
00000230 2013 12 15 07:30 07:59 11 1112 0029 11.26 1 318 1 20140808165734 00078
00000230 2013 12 16 07:30 07:59 11 1112 0029 11.26 1 318 1 20140808165734 00078
00000230 2013 12 17 07:30 07:59 11 1112 0029 11.26 1 318 1 20140808165734 00078
00000230 2013 12 18 07:30 07:59 11 1112 0029 11.26 1 318 1 20140808165734 00078
00000230 2013 12 19 07:30 07:59 11 1112 0029 11.26 1 318 1 20140808165734 00078
00000230 2013 12 20 07:30 07:59 11 1112 0029 11.26 1 318 1 20140808165734 00078
00000230 2013 12 21 07:30 07:59 11 1112 0029 11.26 1 318 1 20140808165734 00078
00000230 2013 12 22 07:30 07:59 11 1112 0029 11.26 1 318 1 20140808165734 00078
00000230 2013 12 23 07:30 07:59 11 1112 0029 11.26 1 318 1 20140808165734 00078
00000230 2013 12 24 07:30 07:59 11 1112 0029 11.26 1 318 1 20140808165734 00078
00000230 2013 12 25 07:30 07:59 11 1112 0029 11.26 1 318 1 20140808165734 00078
00000230 2013 12 26 07:30 07:59 11 1112 0029 11.26 1 318 1 20140808165734 00078
00000230 2013 12 27 07:30 07:59 11 1112 0029 11.26 1 318 1 20140808165734 00078
00000230 2013 12 28 07:30 07:59 11 1112 0029 11.26 1 318 1 20140808165734 00078
00000230 2013 12 29 07:30 07:59 11 1112 0029 11.26 1 318 1 20140808165734 00078
00000230 2013 12 30 07:30 07:59 11 1112 0029 11.26 1 318 1 20140808165734 00078
00000230 2013 12 31 07:30 07:59 11 1112 0029 11.26 1 318 1 20140808165734 00078
00000231 2013 12 28 15:50 16:50 61 1321 0107 11.26 1 3870 1 20140704111329 00078
00000231 2013 12 30 15:50 16:50 61 1321 0107 11.26 1 3870 1 20140704111329 00078
00000233 2013 12 19 14:30 15:30 61 1111 0107 11.26 1 1220 1 20140704111738 00078
00000233 2013 12 26 14:30 15:30 61 1111 0107 11.26 1 1220 1 20140704111738 00078
00000235 2013 12 02 13:00 14:00 11 7311 0029 11.26 1 235 1 20140704115831 00077
00000235 2013 12 09 13:00 13:40 11 7211 0029 11.26 1 190 1 20140704115831 00077
00000235 2013 12 16 13:00 14:00 11 7311 0029 11.26 1 235 1 20140704115831 00077
00000235 2013 12 23 13:00 14:00 11 7311 0029 11.26 1 235 1 20140704115831 00077
00000235 2013 12 30 11:40 12:10 11 7211 0029 11.26 1 190 1 20140704115831 00077
00000238 2013 12 02 13:30 14:30 61 1211 0107 11.26 1 2440 1 20140704144935 00077
00000238 2013 12 05 13:30 14:30 61 1211 0107 11.26 1 2440 1 20140704144935 00077
00000238 2013 12 09 13:30 14:30 61 1211 0107 11.26 1 2440 1 20140704144935 00077
00000238 2013 12 12 13:30 14:30 61 1211 0107 11.26 1 2440 1 20140704144935 00077
00000238 2013 12 16 13:30 14:30 61 1211 0107 11.26 1 2440 1 20140704144935 00077
00000238 2013 12 19 13:30 14:30 61 1211 0107 11.26 1 2440 1 20140704144935 00077
00000238 2013 12 23 13:30 14:30 61 1211 0107 11.26 1 2440 1 20140704144935 00077
00000238 2013 12 26 13:30 14:30 61 1211 0107 11.26 1 2440 1 20140704144935 00077
00000238 2013 12 30 13:30 14:30 61 1211 0107 11.26 1 2440 1 20140704144935 00077
00000239 2013 12 02 11:15 12:15 61 1111 0107 11.26 1 1220 1 20140704142328 00077
00000239 2013 12 09 11:15 12:15 61 1111 0107 11.26 1 1220 1 20140704142328 00077
00000239 2013 12 16 11:15 12:15 61 1111 0107 11.26 1 1220 1 20140704142328 00077
00000239 2013 12 23 11:15 12:15 61 1111 0107 11.26 1 1220 1 20140704142328 00077
00000239 2013 12 30 11:15 12:15 61 1111 0107 11.26 1 1220 1 20140704142328 00077
00000240 2013 12 04 14:10 15:10 11 7311 0029 11.26 1 235 1 20140704145312 00077
00000240 2013 12 11 14:10 15:10 11 7311 0029 11.26 1 235 1 20140704145312 00077
00000240 2013 12 14 09:00 09:30 11 7211 0029 11.26 1 190 1 20140704145312 00077
00000240 2013 12 15 09:00 09:30 11 7211 0029 11.26 1 190 1 20140704145312 00077
00000240 2013 12 16 09:00 09:30 11 7211 0029 11.26 1 190 1 20140704145312 00077
00000240 2013 12 17 09:00 09:30 11 7211 0029 11.26 1 190 1 20140704145312 00077
00000240 2013 12 18 09:00 09:30 11 7211 0029 11.26 1 190 1 20140704145312 00077
00000240 2013 12 18 15:20 16:20 11 7311 0029 11.26 1 235 1 20140704145312 00077
00000240 2013 12 19 09:00 09:30 11 7211 0029 11.26 1 190 1 20140704145312 00077
00000240 2013 12 20 09:00 09:30 11 7211 0029 11.26 1 190 1 20140704145312 00077
00000240 2013 12 21 09:00 09:30 11 7211 0029 11.26 1 190 1 20140704145312 00077
00000240 2013 12 22 09:00 09:30 11 7211 0029 11.26 1 190 1 20140704145312 00077
00000240 2013 12 23 09:00 09:30 11 7211 0029 11.26 1 190 1 20140704145312 00077
00000240 2013 12 24 09:00 09:30 11 7211 0029 11.26 1 190 1 20140704145312 00077
00000240 2013 12 25 09:00 09:30 11 7211 0029 11.26 1 190 1 20140704145312 00077
00000240 2013 12 26 09:00 09:30 11 7211 0029 11.26 1 190 1 20140704145312 00077
00000240 2013 12 26 15:30 16:30 11 7311 0029 11.26 1 235 1 20140704145312 00077
00000240 2013 12 27 09:00 09:30 11 7211 0029 11.26 1 190 1 20140704145312 00077
00000240 2013 12 28 09:00 09:30 11 7211 0029 11.26 1 190 1 20140704145312 00077
00000240 2013 12 29 09:00 09:30 11 7211 0029 11.26 1 190 1 20140704145312 00077
00000240 2013 12 30 09:00 09:30 11 7211 0029 11.26 1 190 1 20140704145312 00077
00000240 2013 12 31 09:00 09:30 11 7211 0029 11.26 1 190 1 20140704145312 00077
00000241 2013 12 05 11:15 11:45 61 1111 0107 11.26 1 1220 1 20140704145630 00077
00000241 2013 12 12 11:15 11:45 61 1111 0107 11.26 1 1220 1 20140704145630 00077
00000241 2013 12 19 11:15 11:45 61 1111 0107 11.26 1 1220 1 20140704145630 00077
00000241 2013 12 26 11:15 11:45 61 1111 0107 11.26 1 1220 1 20140704145630 00077
00000246 2013 12 08 14:10 15:00 61 1111 0107 11.26 1 1220 1 20140704151352 00077
00000246 2013 12 15 14:10 15:00 61 1111 0107 11.26 1 1220 1 20140704151352 00077
00000246 2013 12 22 14:10 15:00 61 1111 0107 11.26 1 1220 1 20140704151352 00077
00000246 2013 12 29 14:10 15:00 61 1111 0107 11.26 1 1220 1 20140704151352 00077
