00000084 2013 04 1 1 00031 1 20140725173012 00030
00000084 2013 05 1 1 00031 1 20140725173230 00030
00000084 2013 06 1 1 00031 1 20140725173423 00030
00000084 2013 07 1 1 00031 1 20140725173648 00030
00000084 2013 08 1 1 00031 1 20140725173828 00030
00000084 2013 09 1 1 00013 1 20140627165030 00030
00000084 2013 10 1 1 00013 1 20140627165156 00030
00000084 2013 11 1 1 00013 1 20140627165357 00030
00000084 2013 12 1 1 00013 1 20140627165700 00030
00000084 2014 01 1 1 00013 1 20140613180623 00030
00000084 2014 02 1 1 00013 1 20140613181911 00030
00000084 2014 03 1 1 00013 1 20140613182135 00030
00000084 2014 04 1 1 00013 1 20140613182353 00030
00000084 2014 05 1 1 00013 1 20140812162851 00030
00000084 2014 06 1 1 00031 1 20140704103010 00031
00000084 2014 07 1 1 00031 1 20140801203841 00031
00000084 2014 08 1 1 00031 1 20140901171855 00031
00000084 2014 09 1 1 00088 1 20141009111947 00088
00000084 2014 10 1 1 00088 1 20141104133536 00088
00000084 2014 11 1 1 00088 1 20141202182734 00088
00000084 2014 12 1 _ 00088 1 20141123160906 00088
