1 00001241 2015 03 11 0070 グランクレール・ケアサービス横浜 4869 身体介護１・同 230 0 230 4 920 0 920 920 0 10.84 9972 90 8974 998 0 n n 0 1 20150408160423 00078
1 00001241 2015 04 11 0070 グランクレール・ケアサービス横浜 2451 身体１・Ⅱ 270 0 270 5 1350 0 1350 1350 0 11.12 15012 90 13510 1502 0 n n 0 1 20150724161917 00078
1 00001241 2015 05 11 0070 グランクレール・ケアサービス横浜 2451 身体１・Ⅱ 270 0 270 8 2160 0 2160 2160 0 11.12 24019 80 19215 4804 0 n n 0 1 20150724162528 00078
1 00001241 2015 06 11 0070 グランクレール・ケアサービス横浜 2463 身１生１・Ⅱ 343 0 343 4 1372 0 1372 1372 0 11.12 15256 90 13730 1526 0 n n 0 1 20150615140531 00078
1 00001241 2015 07 11 0070 グランクレール・ケアサービス横浜 8551 身体１・同・Ⅱ 243 0 243 3 729 0 729 729 0 11.12 8106 90 7295 811 0 n n 0 1 20150706195015 00078
2 00001241 2015 04 11 0070 グランクレール・ケアサービス横浜 4001 訪問介護初回加算 200 0 200 1 200 0 200 200 0 11.12 2224 90 2001 223 0 n g 0 1 20150724161917 00078
2 00001241 2015 05 11 0070 グランクレール・ケアサービス横浜 6274 訪問介護処遇改善加算I 186 0 186 1 186 186 0.086 186 0 11.12 2068 80 1654 414 0 a g 0 1 20150724162528 00078
2 00001241 2015 06 11 0070 グランクレール・ケアサービス横浜 8569 身１生１・同・Ⅱ 309 0 309 4 1236 0 1236 1236 0 11.12 13744 90 12369 1375 0 n n 0 1 20150615140531 00078
2 00001241 2015 07 11 0070 グランクレール・ケアサービス横浜 6274 訪問介護処遇改善加算I 63 0 63 1 63 63 0.086 63 0 11.12 700 90 630 70 0 a g 0 1 20150706195015 00078
3 00001241 2015 04 11 0070 グランクレール・ケアサービス横浜 6274 訪問介護処遇改善加算I 133 0 133 1 133 133 0.086 133 0 11.12 1478 90 1330 148 0 a g 0 1 20150724161917 00078
3 00001241 2015 06 11 0070 グランクレール・ケアサービス横浜 6274 訪問介護処遇改善加算I 224 0 224 1 224 224 0.086 224 0 11.12 2490 90 2241 249 0 a g 0 1 20150615140531 00078
