00001241 0070 2015 03 0000008 04 00034 _ 15:00 15:20 1 _ 0 4869 1 11 1 20150408160423 00078
00001241 0070 2015 03 0000009 11 00034 _ 15:00 15:20 1 _ 0 4869 1 11 1 20150408160423 00078
00001241 0070 2015 03 0000010 18 00034 _ 15:00 15:20 1 _ 0 4869 1 11 1 20150408160423 00078
00001241 0070 2015 03 0000011 25 00034 _ 15:00 15:20 1 _ 0 4869 1 11 1 20150408160423 00078
00001241 0070 2015 04 0000002 01 00034 _ 15:00 15:20 1 _ 0 _ 1 11 9 20150615164501 00078
00001241 0070 2015 04 0000003 08 00034 00035 16:00 16:20 1 _ 0 _ 1 11 9 20150615164501 00078
00001241 0070 2015 04 0000004 15 00034 _ 15:00 15:20 1 _ 0 _ 1 11 9 20150615164501 00078
00001241 0070 2015 04 0000005 22 00034 00040 15:00 15:20 1 _ 0 _ 1 11 9 20150615164501 00078
00001241 0070 2015 04 0000006 29 00034 _ 15:00 15:20 1 _ 0 _ 1 11 9 20150615164501 00078
00001241 0070 2015 04 0000007 03 00037 _ 10:00 10:29 1 _ 1 _ 1 11 9 20150615164501 00078
00001241 0070 2015 04 0000020 01 00011 _ 15:00 15:20 1 _ 0 2451 1 11 1 20150724161917 00078
00001241 0070 2015 04 0000021 08 00016 _ 15:00 15:20 1 _ 0 2451 1 11 1 20150724161917 00078
00001241 0070 2015 04 0000022 15 00035 _ 15:00 15:20 1 _ 0 2451 1 11 1 20150724161917 00078
00001241 0070 2015 04 0000023 22 00015 _ 15:00 15:20 1 _ 0 2451 1 11 1 20150724161917 00078
00001241 0070 2015 04 0000024 29 00038 _ 15:00 15:20 1 _ 0 2451 1 11 1 20150724161917 00078
00001241 0070 2015 05 0000028 05 00031 _ 14:00 14:20 1 _ 0 2451 1 11 1 20150724162528 00078
00001241 0070 2015 05 0000029 06 00015 _ 15:00 15:20 1 _ 0 2451 1 11 1 20150724162528 00078
00001241 0070 2015 05 0000030 12 00037 _ 14:00 14:20 1 _ 0 2451 1 11 1 20150724162528 00078
00001241 0070 2015 05 0000031 13 00015 _ 15:00 15:20 1 _ 0 2451 1 11 1 20150724162528 00078
00001241 0070 2015 05 0000032 19 00036 _ 14:00 14:20 1 _ 0 2451 1 11 1 20150724162528 00078
00001241 0070 2015 05 0000033 20 00040 _ 15:00 15:20 1 _ 0 2451 1 11 1 20150724162528 00078
00001241 0070 2015 05 0000034 26 00034 _ 14:00 14:20 1 _ 0 2451 1 11 1 20150724162528 00078
00001241 0070 2015 05 0000035 27 00040 _ 15:00 15:20 1 _ 0 2451 1 11 1 20150724162528 00078
00001241 0070 2015 06 0000012 03 00011 _ 10:00 10:59 4 _ 0 2463 1 11 1 20150615140531 00078
00001241 0070 2015 06 0000013 07 00014 _ 10:00 10:59 4 _ 0 8569 1 11 1 20150615140531 00078
00001241 0070 2015 06 0000014 10 00015 _ 10:00 10:59 4 _ 0 2463 1 11 1 20150615140531 00078
00001241 0070 2015 06 0000015 14 00016 _ 10:00 10:59 4 _ 0 8569 1 11 1 20150615140531 00078
00001241 0070 2015 06 0000016 17 00017 _ 10:00 10:59 4 _ 0 2463 1 11 1 20150615140531 00078
00001241 0070 2015 06 0000017 21 00019 _ 10:00 10:59 4 _ 0 8569 1 11 1 20150615140531 00078
00001241 0070 2015 06 0000018 24 00034 _ 10:00 10:59 4 _ 0 2463 1 11 1 20150615140531 00078
00001241 0070 2015 06 0000019 28 00035 _ 10:00 10:59 4 _ 0 8569 1 11 1 20150615140531 00078
00001241 0070 2015 07 0000025 01 _ _ 15:00 15:29 1 _ 0 8551 1 11 1 20150706195015 00078
00001241 0070 2015 07 0000026 08 00011 _ 15:00 15:29 1 _ 0 8551 1 11 1 20150706195015 00078
00001241 0070 2015 07 0000027 15 00011 _ 15:00 15:29 1 _ 0 8551 1 11 1 20150706195015 00078
