000002152014061 00000215 2014 06 01 11 7311 1 15:30 16:29 0029 1 236 0 _ _ 1 20140701170220 39
000002152014061 00000215 2014 06 08 11 7311 1 15:30 16:29 0029 1 236 0 _ _ 1 20140701170220 39
000002152014061 00000215 2014 06 15 11 7311 1 15:30 16:29 0029 1 236 0 _ _ 1 20140701170220 39
000002152014061 00000215 2014 06 22 11 7311 1 15:30 16:29 0029 1 236 0 _ _ 1 20140701170220 39
000002152014061 00000215 2014 06 29 11 7311 1 15:30 16:29 0029 1 236 0 _ _ 1 20140701170220 39
000002152014062 00000215 2014 06 01 17 1007 1 _ _ 0219 1 3400 0 _ _ 1 20140701170220 39
000002152014071 00000215 2014 07 06 11 7311 1 15:30 16:29 0029 1 236 0 _ _ 1 20140802135505 39
000002152014071 00000215 2014 07 13 11 7311 1 15:30 16:29 0029 1 236 0 _ _ 1 20140802135505 39
000002152014071 00000215 2014 07 20 11 7311 1 15:30 16:29 0029 1 236 0 _ _ 1 20140802135505 39
000002152014071 00000215 2014 07 27 11 7311 1 15:30 16:29 0029 1 236 0 _ _ 1 20140802135505 39
000002152014072 00000215 2014 07 01 17 1007 1 _ _ 0219 1 3400 0 _ _ 1 20140802135505 39
