000002112011101 00000211 2011 10 01 11 1111 1 13:30 13:59 0029 1 254 0 _ _ 1 20150629120301 78
000002112011101 00000211 2011 10 02 11 1111 1 13:30 13:59 0029 1 254 0 _ _ 1 20150629120301 78
000002112011101 00000211 2011 10 03 11 1111 1 13:30 13:59 0029 1 254 0 _ _ 1 20150629120301 78
000002112011101 00000211 2011 10 04 11 1111 1 13:30 13:59 0029 1 254 0 _ _ 1 20150629120301 78
000002112011101 00000211 2011 10 05 11 1111 1 13:30 13:59 0029 1 254 0 _ _ 1 20150629120301 78
000002112011101 00000211 2011 10 06 11 1111 1 13:30 13:59 0029 1 254 0 _ _ 1 20150629120301 78
000002112011101 00000211 2011 10 07 11 1111 1 13:30 13:59 0029 1 254 0 _ _ 1 20150629120301 78
000002112011101 00000211 2011 10 10 11 1111 1 13:30 13:59 0029 1 254 0 _ _ 1 20150629120301 78
000002112011101 00000211 2011 10 11 11 1111 1 13:30 13:59 0029 1 254 0 _ _ 1 20150629120301 78
000002112011101 00000211 2011 10 12 11 1111 1 13:30 13:59 0029 1 254 0 _ _ 1 20150629120301 78
000002112011101 00000211 2011 10 15 11 1111 1 13:30 13:59 0029 1 254 0 _ _ 1 20150629120301 78
000002112011101 00000211 2011 10 16 11 1111 1 13:30 13:59 0029 1 254 0 _ _ 1 20150629120301 78
000002112011101 00000211 2011 10 20 11 1111 1 13:30 13:59 0029 1 254 0 _ _ 1 20150629120301 78
000002112011101 00000211 2011 10 22 11 1111 1 13:30 13:59 0029 1 254 0 _ _ 1 20150629120301 78
000002112011101 00000211 2011 10 23 11 1111 1 13:30 13:59 0029 1 254 0 _ _ 1 20150629120301 78
000002112011101 00000211 2011 10 24 11 1111 1 13:30 13:59 0029 1 254 0 _ _ 1 20150629120301 78
000002112011101 00000211 2011 10 25 11 1111 1 13:30 13:59 0029 1 254 0 _ _ 1 20150629120301 78
000002112011101 00000211 2011 10 27 11 1111 1 13:30 13:59 0029 1 254 0 _ _ 1 20150629120301 78
000002112011101 00000211 2011 10 28 11 1111 1 13:30 13:59 0029 1 254 0 _ _ 1 20150629120301 78
000002112011101 00000211 2011 10 29 11 1111 1 13:30 13:59 0029 1 254 0 _ _ 1 20150629120301 78
000002112011102 00000211 2011 10 01 11 4001 1 13:30 14:00 0029 1 200 0 _ _ 1 20150629120301 78
000002112011103 00000211 2011 10 14 11 1111 1 14:00 14:29 0029 1 254 0 _ _ 1 20150629120301 78
000002112011103 00000211 2011 10 21 11 1111 1 14:00 14:29 0029 1 254 0 _ _ 1 20150629120301 78
000002112011104 00000211 2011 10 06 11 7211 1 16:00 16:59 0029 1 229 0 _ _ 1 20150629120301 78
000002112011104 00000211 2011 10 13 11 7211 1 16:00 16:59 0029 1 229 0 _ _ 1 20150629120301 78
000002112011104 00000211 2011 10 20 11 7211 1 16:00 16:59 0029 1 229 0 _ _ 1 20150629120301 78
000002112011104 00000211 2011 10 27 11 7211 1 16:00 16:59 0029 1 229 0 _ _ 1 20150629120301 78
000002112011105 00000211 2011 10 07 11 1311 1 16:00 17:29 0029 1 584 0 _ _ 1 20150629120301 78
000002112011105 00000211 2011 10 14 11 1311 1 16:00 17:29 0029 1 584 0 _ _ 1 20150629120301 78
000002112011105 00000211 2011 10 28 11 1311 1 16:00 17:29 0029 1 584 0 _ _ 1 20150629120301 78
000002112011106 00000211 2011 10 01 17 1007 1 _ _ 0219 1 300 0 _ _ 1 20150629120301 78
