000012302014111 00001230 2014 11 19 11 1211 1 10:00 10:45 0070 1 404 0 _ _ 1 20141202220143 11
000012302014111 00001230 2014 11 29 11 1211 1 10:00 10:45 0070 1 404 0 _ _ 1 20141202220143 11
000012302014112 00001230 2014 11 19 11 4001 1 10:00 10:45 0070 1 200 0 _ _ 1 20141202220143 11
000012302014113 00001230 2014 11 22 11 5111 1 10:00 11:05 0070 1 474 0 _ _ 1 20141202220143 11
000012302014114 00001230 2014 11 26 11 1211 1 10:55 11:40 0070 1 404 0 _ _ 1 20141202220143 11
000012302014115 00001230 2014 11 28 15 1242 1 13:30 16:45 0251 1 533 0 _ _ 1 20141202220143 11
000012302014116 00001230 2014 11 28 15 5052 1 _ _ 0251 1 50 0 _ _ 1 20141202220143 11
000012302014117 00001230 2014 11 16 17 1001 1 _ _ 0044 1 350 0 _ _ 1 20141202220143 11
000012302014118 00001230 2014 11 16 17 1007 1 _ _ 0044 1 154 0 _ _ 1 20141202220143 11
000012302014119 00001230 2014 11 16 17 1009 1 _ _ 0044 1 154 0 _ _ 1 20141202220143 11
