00000255 0107 2014 06 0000002 05 00049 _ 16:30 17:30 _ _ 0 1111 1 61 1 20140701160126 00049
00000255 0107 2014 06 0000003 12 00049 _ 16:30 17:30 _ _ 0 1111 1 61 1 20140701160126 00049
00000255 0107 2014 06 0000004 19 00050 _ 16:30 17:30 _ _ 0 1111 1 61 1 20140701160126 00049
00000255 0107 2014 06 0000005 26 00051 _ 16:30 17:30 _ _ 0 1111 1 61 1 20140701160126 00049
00000255 0107 2014 07 0000006 03 00050 _ 16:30 17:29 _ _ 0 1111 1 61 1 20140802133136 00047
00000255 0107 2014 07 0000007 10 00050 _ 16:30 17:29 _ _ 0 1111 1 61 1 20140802133136 00047
00000255 0107 2014 07 0000008 17 00050 _ 16:30 17:29 _ _ 0 1111 1 61 1 20140802133136 00047
00000255 0107 2014 07 0000009 24 00051 _ 16:30 17:29 _ _ 0 1111 1 61 1 20140802133136 00047
00000255 0107 2014 07 0000010 31 00050 _ 16:30 17:29 _ _ 0 1111 1 61 1 20140802133136 00047
00000255 0107 2014 08 0000011 07 00050 _ 16:30 17:29 _ _ 0 1111 1 61 1 20140808184916 00049
00000255 0107 2014 08 0000012 14 _ _ 16:30 17:29 _ _ 0 1111 1 61 1 20140808184916 00049
00000255 0107 2014 08 0000013 21 _ _ 16:30 17:29 _ _ 0 1111 1 61 1 20140808184916 00049
00000255 0107 2014 08 0000014 28 _ _ 16:30 17:29 _ _ 0 1111 1 61 1 20140808184916 00049
