00000251 20140327 KihonCheckCheckList01 0 1 20140530000000 00078
00000251 20140327 KihonCheckCheckList02 0 1 20140530000000 00078
00000251 20140327 KihonCheckCheckList03 0 1 20140530000000 00078
00000251 20140327 KihonCheckCheckList04 1 1 20140530000000 00078
00000251 20140327 KihonCheckCheckList05 0 1 20140530000000 00078
00000251 20140327 KihonCheckCheckList06 2 1 20140530000000 00078
00000251 20140327 KihonCheckCheckList07 2 1 20140530000000 00078
00000251 20140327 KihonCheckCheckList08 2 1 20140530000000 00078
00000251 20140327 KihonCheckCheckList09 0 1 20140530000000 00078
00000251 20140327 KihonCheckCheckList10 2 1 20140530000000 00078
00000251 20140327 KihonCheckCheckList11 0 1 20140530000000 00078
00000251 20140327 KihonCheckCheckList12 0 1 20140530000000 00078
00000251 20140327 KihonCheckCheckList13 0 1 20140530000000 00078
00000251 20140327 KihonCheckCheckList14 0 1 20140530000000 00078
00000251 20140327 KihonCheckCheckList15 0 1 20140530000000 00078
00000251 20140327 KihonCheckCheckList16 5 1 20140530000000 00078
00000251 20140327 KihonCheckCheckList17 0 1 20140530000000 00078
00000251 20140327 KihonCheckCheckList18 0 1 20140530000000 00078
00000251 20140327 KihonCheckCheckList19 6 1 20140530000000 00078
00000251 20140327 KihonCheckCheckList20 0 1 20140530000000 00078
00000251 20140327 KihonCheckCheckList21 0 1 20140530000000 00078
00000251 20140327 KihonCheckCheckList22 0 1 20140530000000 00078
00000251 20140327 KihonCheckCheckList23 0 1 20140530000000 00078
00000251 20140327 KihonCheckCheckList24 0 1 20140530000000 00078
