00000096 2013 08 1 1 00013 1 20140728112716 00030
00000096 2013 09 1 1 00013 1 20140630144609 00030
00000096 2013 10 1 1 00013 1 20140630145212 00030
00000096 2013 11 1 1 00013 1 20140630145911 00030
00000096 2013 12 1 1 00013 1 20140630150559 00030
00000096 2014 01 1 1 00013 1 20140616145704 00030
00000096 2014 02 1 1 00013 1 20140616150220 00030
00000096 2014 03 1 1 00013 1 20140616150719 00030
00000096 2014 04 1 1 00013 1 20140616151236 00030
00000096 2014 05 1 1 00013 1 20140818144250 00030
00000096 2014 06 1 1 00009 1 20140702145604 00031
00000096 2014 07 1 1 00031 1 20140803164453 00088
00000096 2014 08 1 1 00088 1 20140903101911 00088
00000096 2014 09 1 1 00088 1 20141009110251 00088
00000096 2014 10 1 1 00088 1 20141105085704 00088
00000096 2014 11 1 1 00088 1 20141201165105 00088
00000096 2014 12 1 _ 00088 1 20141115113424 00088
