000000962013081 00000096 2013 08 05 61 1111 1 11:30 12:30 0073 1 1220 0 _ _ 1 20140728112716 24
000000962013081 00000096 2013 08 19 61 1111 1 11:30 12:30 0073 1 1220 0 _ _ 1 20140728112716 24
000000962013082 00000096 2013 08 05 61 4001 1 11:30 12:30 0073 1 200 0 _ _ 1 20140728112716 24
000000962013091 00000096 2013 09 02 61 1111 1 11:30 12:30 0073 1 1220 0 _ _ 1 20140630144609 24
000000962013091 00000096 2013 09 16 61 1111 1 11:30 12:30 0073 1 1220 0 _ _ 1 20140630144609 24
000000962013091 00000096 2013 09 30 61 1111 1 11:30 12:30 0073 1 1220 0 _ _ 1 20140630144609 24
000000962013092 00000096 2013 09 06 65 1111 1 13:30 16:30 0095 1 2099 0 _ _ 1 20140630144609 24
000000962013092 00000096 2013 09 13 65 1111 1 13:30 16:30 0095 1 2099 0 _ _ 1 20140630144609 24
000000962013092 00000096 2013 09 20 65 1111 1 13:30 16:30 0095 1 2099 0 _ _ 1 20140630144609 24
000000962013092 00000096 2013 09 27 65 1111 1 13:30 16:30 0095 1 2099 0 _ _ 1 20140630144609 24
000000962013093 00000096 2013 09 06 65 5007 1 _ _ 0095 1 480 0 _ _ 1 20140630144609 24
000000962013093 00000096 2013 09 13 65 5007 1 _ _ 0095 1 480 0 _ _ 1 20140630144609 24
000000962013093 00000096 2013 09 20 65 5007 1 _ _ 0095 1 480 0 _ _ 1 20140630144609 24
000000962013093 00000096 2013 09 27 65 5007 1 _ _ 0095 1 480 0 _ _ 1 20140630144609 24
000000962013101 00000096 2013 10 21 61 1111 1 11:30 12:30 0073 1 1220 0 _ _ 1 20140630145212 24
000000962013101 00000096 2013 10 28 61 1111 1 11:30 12:30 0073 1 1220 0 _ _ 1 20140630145212 24
000000962013102 00000096 2013 10 04 65 1111 1 13:30 16:30 0095 1 2099 0 _ _ 1 20140630145212 24
000000962013102 00000096 2013 10 18 65 1111 1 13:30 16:30 0095 1 2099 0 _ _ 1 20140630145212 24
000000962013102 00000096 2013 10 25 65 1111 1 13:30 16:30 0095 1 2099 0 _ _ 1 20140630145212 24
000000962013103 00000096 2013 10 04 65 5002 1 13:30 16:30 0095 1 225 0 _ _ 1 20140630145212 24
000000962013103 00000096 2013 10 18 65 5002 1 13:30 16:30 0095 1 225 0 _ _ 1 20140630145212 24
000000962013103 00000096 2013 10 25 65 5002 1 13:30 16:30 0095 1 225 0 _ _ 1 20140630145212 24
000000962013104 00000096 2013 10 04 65 5004 1 13:30 16:30 0095 1 150 0 _ _ 1 20140630145212 24
000000962013104 00000096 2013 10 18 65 5004 1 13:30 16:30 0095 1 150 0 _ _ 1 20140630145212 24
000000962013104 00000096 2013 10 25 65 5004 1 13:30 16:30 0095 1 150 0 _ _ 1 20140630145212 24
000000962013111 00000096 2013 11 11 61 1111 1 11:30 12:30 0073 1 1220 0 _ _ 1 20140630145911 24
000000962013111 00000096 2013 11 25 61 1111 1 11:30 12:30 0073 1 1220 0 _ _ 1 20140630145911 24
000000962013112 00000096 2013 11 08 65 1111 1 13:30 16:30 0095 1 2099 0 _ _ 1 20140630145911 24
000000962013112 00000096 2013 11 15 65 1111 1 13:30 16:30 0095 1 2099 0 _ _ 1 20140630145911 24
000000962013112 00000096 2013 11 22 65 1111 1 13:30 16:30 0095 1 2099 0 _ _ 1 20140630145911 24
000000962013112 00000096 2013 11 29 65 1111 1 13:30 16:30 0095 1 2099 0 _ _ 1 20140630145911 24
000000962013113 00000096 2013 11 08 65 5002 1 13:30 16:30 0095 1 225 0 _ _ 1 20140630145911 24
000000962013113 00000096 2013 11 15 65 5002 1 13:30 16:30 0095 1 225 0 _ _ 1 20140630145911 24
000000962013113 00000096 2013 11 22 65 5002 1 13:30 16:30 0095 1 225 0 _ _ 1 20140630145911 24
000000962013113 00000096 2013 11 29 65 5002 1 13:30 16:30 0095 1 225 0 _ _ 1 20140630145911 24
000000962013114 00000096 2013 11 08 65 5004 1 13:30 16:30 0095 1 150 0 _ _ 1 20140630145911 24
000000962013114 00000096 2013 11 15 65 5004 1 13:30 16:30 0095 1 150 0 _ _ 1 20140630145911 24
000000962013114 00000096 2013 11 22 65 5004 1 13:30 16:30 0095 1 150 0 _ _ 1 20140630145911 24
000000962013114 00000096 2013 11 29 65 5004 1 13:30 16:30 0095 1 150 0 _ _ 1 20140630145911 24
000000962013121 00000096 2013 12 03 61 1111 1 11:00 12:00 0073 1 1220 0 _ _ 1 20140630150559 24
000000962013121 00000096 2013 12 17 61 1111 1 11:00 12:00 0073 1 1220 0 _ _ 1 20140630150559 24
000000962013121 00000096 2013 12 31 61 1111 1 11:00 12:00 0073 1 1220 0 _ _ 1 20140630150559 24
000000962013122 00000096 2013 12 13 65 1111 1 13:30 16:30 0095 1 2099 0 _ _ 1 20140630150559 24
000000962013122 00000096 2013 12 20 65 1111 1 13:30 16:30 0095 1 2099 0 _ _ 1 20140630150559 24
000000962013122 00000096 2013 12 27 65 1111 1 13:30 16:30 0095 1 2099 0 _ _ 1 20140630150559 24
000000962013123 00000096 2013 12 13 65 5002 1 13:30 16:30 0095 1 225 0 _ _ 1 20140630150559 24
000000962013123 00000096 2013 12 20 65 5002 1 13:30 16:30 0095 1 225 0 _ _ 1 20140630150559 24
000000962013123 00000096 2013 12 27 65 5002 1 13:30 16:30 0095 1 225 0 _ _ 1 20140630150559 24
000000962013124 00000096 2013 12 13 65 5004 1 13:30 16:30 0095 1 150 0 _ _ 1 20140630150559 24
000000962013124 00000096 2013 12 20 65 5004 1 13:30 16:30 0095 1 150 0 _ _ 1 20140630150559 24
000000962013124 00000096 2013 12 27 65 5004 1 13:30 16:30 0095 1 150 0 _ _ 1 20140630150559 24
000000962014011 00000096 2014 01 07 61 1111 1 11:00 12:00 0073 1 1220 0 _ _ 1 20140616145704 24
000000962014011 00000096 2014 01 21 61 1111 1 11:00 12:00 0073 1 1220 0 _ _ 1 20140616145704 24
000000962014012 00000096 2014 01 10 65 1111 1 13:30 16:30 0095 1 2099 0 _ _ 1 20140616145704 24
000000962014012 00000096 2014 01 17 65 1111 1 13:30 16:30 0095 1 2099 0 _ _ 1 20140616145704 24
000000962014012 00000096 2014 01 24 65 1111 1 13:30 16:30 0095 1 2099 0 _ _ 1 20140616145704 24
000000962014012 00000096 2014 01 31 65 1111 1 13:30 16:30 0095 1 2099 0 _ _ 1 20140616145704 24
000000962014013 00000096 2014 01 10 65 5002 1 13:30 16:30 0095 1 225 0 _ _ 1 20140616145704 24
000000962014013 00000096 2014 01 17 65 5002 1 13:30 16:30 0095 1 225 0 _ _ 1 20140616145704 24
000000962014013 00000096 2014 01 24 65 5002 1 13:30 16:30 0095 1 225 0 _ _ 1 20140616145704 24
000000962014013 00000096 2014 01 31 65 5002 1 13:30 16:30 0095 1 225 0 _ _ 1 20140616145704 24
000000962014014 00000096 2014 01 10 65 5004 1 13:30 16:30 0095 1 150 0 _ _ 1 20140616145704 24
000000962014014 00000096 2014 01 17 65 5004 1 13:30 16:30 0095 1 150 0 _ _ 1 20140616145704 24
000000962014014 00000096 2014 01 24 65 5004 1 13:30 16:30 0095 1 150 0 _ _ 1 20140616145704 24
000000962014014 00000096 2014 01 31 65 5004 1 13:30 16:30 0095 1 150 0 _ _ 1 20140616145704 24
000000962014021 00000096 2014 02 04 61 1111 1 11:00 12:00 0073 1 1220 0 _ _ 1 20140616150220 24
000000962014021 00000096 2014 02 19 61 1111 1 11:00 12:00 0073 1 1220 0 _ _ 1 20140616150220 24
000000962014022 00000096 2014 02 07 65 1111 1 13:30 16:30 0095 1 2099 0 _ _ 1 20140616150220 24
000000962014022 00000096 2014 02 14 65 1111 1 13:30 16:30 0095 1 2099 0 _ _ 1 20140616150220 24
000000962014022 00000096 2014 02 28 65 1111 1 13:30 16:30 0095 1 2099 0 _ _ 1 20140616150220 24
000000962014023 00000096 2014 02 07 65 5007 1 13:30 16:30 0095 1 480 0 _ _ 1 20140616150220 24
000000962014023 00000096 2014 02 14 65 5007 1 13:30 16:30 0095 1 480 0 _ _ 1 20140616150220 24
000000962014023 00000096 2014 02 28 65 5007 1 13:30 16:30 0095 1 480 0 _ _ 1 20140616150220 24
000000962014031 00000096 2014 03 04 61 1111 1 11:00 12:00 0073 1 1220 0 _ _ 1 20140616150719 24
000000962014031 00000096 2014 03 18 61 1111 1 11:00 12:00 0073 1 1220 0 _ _ 1 20140616150719 24
000000962014032 00000096 2014 03 07 65 1111 1 13:30 16:30 0095 1 2099 0 _ _ 1 20140616150719 24
000000962014032 00000096 2014 03 14 65 1111 1 13:30 16:30 0095 1 2099 0 _ _ 1 20140616150719 24
000000962014032 00000096 2014 03 28 65 1111 1 13:30 16:30 0095 1 2099 0 _ _ 1 20140616150719 24
000000962014033 00000096 2014 03 07 65 5002 1 13:30 16:30 0095 1 225 0 _ _ 1 20140616150719 24
000000962014033 00000096 2014 03 14 65 5002 1 13:30 16:30 0095 1 225 0 _ _ 1 20140616150719 24
000000962014033 00000096 2014 03 28 65 5002 1 13:30 16:30 0095 1 225 0 _ _ 1 20140616150719 24
000000962014034 00000096 2014 03 07 65 5004 1 _ _ 0095 1 150 0 _ _ 1 20140616150719 24
000000962014034 00000096 2014 03 14 65 5004 1 _ _ 0095 1 150 0 _ _ 1 20140616150719 24
000000962014034 00000096 2014 03 28 65 5004 1 _ _ 0095 1 150 0 _ _ 1 20140616150719 24
000000962014041 00000096 2014 04 01 61 1111 1 11:00 12:00 0073 1 1226 0 _ _ 1 20140616151236 24
000000962014041 00000096 2014 04 15 61 1111 1 11:00 12:00 0073 1 1226 0 _ _ 1 20140616151236 24
000000962014041 00000096 2014 04 29 61 1111 1 11:00 12:00 0073 1 1226 0 _ _ 1 20140616151236 24
000000962014042 00000096 2014 04 04 65 1111 1 13:30 16:30 0095 1 2115 0 _ _ 1 20140616151236 24
000000962014042 00000096 2014 04 11 65 1111 1 13:30 16:30 0095 1 2115 0 _ _ 1 20140616151236 24
000000962014042 00000096 2014 04 25 65 1111 1 13:30 16:30 0095 1 2115 0 _ _ 1 20140616151236 24
000000962014043 00000096 2014 04 04 65 5002 1 13:30 16:30 0095 1 225 0 _ _ 1 20140616151236 24
000000962014043 00000096 2014 04 11 65 5002 1 13:30 16:30 0095 1 225 0 _ _ 1 20140616151236 24
000000962014043 00000096 2014 04 25 65 5002 1 13:30 16:30 0095 1 225 0 _ _ 1 20140616151236 24
000000962014044 00000096 2014 04 04 65 5004 1 13:30 16:30 0095 1 150 0 _ _ 1 20140616151236 24
000000962014044 00000096 2014 04 11 65 5004 1 13:30 16:30 0095 1 150 0 _ _ 1 20140616151236 24
000000962014044 00000096 2014 04 25 65 5004 1 13:30 16:30 0095 1 150 0 _ _ 1 20140616151236 24
000000962014051 00000096 2014 05 07 61 1111 1 10:00 11:00 0073 1 1226 0 _ _ 1 20140818144250 24
000000962014052 00000096 2014 05 20 61 1111 1 11:00 12:00 0073 1 1226 0 _ _ 1 20140818144250 24
000000962014053 00000096 2014 05 02 65 1111 1 13:30 16:30 0095 1 2115 0 _ _ 1 20140818144250 24
000000962014053 00000096 2014 05 09 65 1111 1 13:30 16:30 0095 1 2115 0 _ _ 1 20140818144250 24
000000962014053 00000096 2014 05 16 65 1111 1 13:30 16:30 0095 1 2115 0 _ _ 1 20140818144250 24
000000962014053 00000096 2014 05 23 65 1111 1 13:30 16:30 0095 1 2115 0 _ _ 1 20140818144250 24
000000962014053 00000096 2014 05 30 65 1111 1 13:30 16:30 0095 1 2115 0 _ _ 1 20140818144250 24
000000962014054 00000096 2014 05 02 65 5007 1 _ _ 0095 1 480 0 _ _ 1 20140818144250 24
000000962014054 00000096 2014 05 09 65 5007 1 _ _ 0095 1 480 0 _ _ 1 20140818144250 24
000000962014054 00000096 2014 05 16 65 5007 1 _ _ 0095 1 480 0 _ _ 1 20140818144250 24
000000962014054 00000096 2014 05 23 65 5007 1 _ _ 0095 1 480 0 _ _ 1 20140818144250 24
000000962014054 00000096 2014 05 30 65 5007 1 _ _ 0095 1 480 0 _ _ 1 20140818144250 24
000000962014061 00000096 2014 06 03 61 1111 1 11:00 11:59 0073 1 1226 0 _ _ 1 20140702145604 25
000000962014061 00000096 2014 06 17 61 1111 1 11:00 11:59 0073 1 1226 0 _ _ 1 20140702145604 25
000000962014062 00000096 2014 06 06 65 1111 1 13:30 16:30 0095 1 2115 0 _ _ 1 20140702145604 25
000000962014062 00000096 2014 06 13 65 1111 1 13:30 16:30 0095 1 2115 0 _ _ 1 20140702145604 25
000000962014062 00000096 2014 06 20 65 1111 1 13:30 16:30 0095 1 2115 0 _ _ 1 20140702145604 25
000000962014062 00000096 2014 06 27 65 1111 1 13:30 16:30 0095 1 2115 0 _ _ 1 20140702145604 25
000000962014063 00000096 2014 06 06 65 5007 1 13:30 16:30 0095 1 480 0 _ _ 1 20140702145604 25
000000962014063 00000096 2014 06 13 65 5007 1 13:30 16:30 0095 1 480 0 _ _ 1 20140702145604 25
000000962014063 00000096 2014 06 20 65 5007 1 13:30 16:30 0095 1 480 0 _ _ 1 20140702145604 25
000000962014063 00000096 2014 06 27 65 5007 1 13:30 16:30 0095 1 480 0 _ _ 1 20140702145604 25
000000962014071 00000096 2014 07 01 61 1111 1 10:30 11:29 0073 1 1226 0 _ _ 1 20140803164453 88
000000962014071 00000096 2014 07 15 61 1111 1 10:30 11:29 0073 1 1226 0 _ _ 1 20140803164453 88
000000962014071 00000096 2014 07 29 61 1111 1 10:30 11:29 0073 1 1226 0 _ _ 1 20140803164453 88
000000962014072 00000096 2014 07 04 65 1111 1 13:30 16:30 0095 1 2115 0 _ _ 1 20140803164453 88
000000962014072 00000096 2014 07 11 65 1111 1 13:30 16:30 0095 1 2115 0 _ _ 1 20140803164453 88
000000962014072 00000096 2014 07 25 65 1111 1 13:30 16:30 0095 1 2115 0 _ _ 1 20140803164453 88
000000962014073 00000096 2014 07 04 65 5002 1 _ _ 0095 1 225 0 _ _ 1 20140803164453 88
000000962014073 00000096 2014 07 11 65 5002 1 _ _ 0095 1 225 0 _ _ 1 20140803164453 88
000000962014073 00000096 2014 07 25 65 5002 1 _ _ 0095 1 225 0 _ _ 1 20140803164453 88
000000962014074 00000096 2014 07 04 65 5004 1 _ _ 0095 1 150 0 _ _ 1 20140803164453 88
000000962014074 00000096 2014 07 11 65 5004 1 _ _ 0095 1 150 0 _ _ 1 20140803164453 88
000000962014074 00000096 2014 07 25 65 5004 1 _ _ 0095 1 150 0 _ _ 1 20140803164453 88
000000962014081 00000096 2014 08 05 61 1111 1 10:30 11:29 0073 1 1226 0 _ _ 1 20140903101911 88
000000962014081 00000096 2014 08 19 61 1111 1 10:30 11:29 0073 1 1226 0 _ _ 1 20140903101911 88
000000962014082 00000096 2014 08 01 65 1111 1 13:30 16:30 0095 1 2115 0 _ _ 1 20140903101911 88
000000962014082 00000096 2014 08 08 65 1111 1 13:30 16:30 0095 1 2115 0 _ _ 1 20140903101911 88
000000962014082 00000096 2014 08 15 65 1111 1 13:30 16:30 0095 1 2115 0 _ _ 1 20140903101911 88
000000962014082 00000096 2014 08 22 65 1111 1 13:30 16:30 0095 1 2115 0 _ _ 1 20140903101911 88
000000962014082 00000096 2014 08 29 65 1111 1 13:30 16:30 0095 1 2115 0 _ _ 1 20140903101911 88
000000962014083 00000096 2014 08 01 65 5007 1 _ _ 0095 1 480 0 _ _ 1 20140903101911 88
000000962014083 00000096 2014 08 08 65 5007 1 _ _ 0095 1 480 0 _ _ 1 20140903101911 88
000000962014083 00000096 2014 08 15 65 5007 1 _ _ 0095 1 480 0 _ _ 1 20140903101911 88
000000962014083 00000096 2014 08 22 65 5007 1 _ _ 0095 1 480 0 _ _ 1 20140903101911 88
000000962014083 00000096 2014 08 29 65 5007 1 _ _ 0095 1 480 0 _ _ 1 20140903101911 88
000000962014091 00000096 2014 09 02 61 1111 1 10:30 11:29 0073 1 1226 0 _ _ 1 20141009110251 88
000000962014091 00000096 2014 09 16 61 1111 1 10:30 11:29 0073 1 1226 0 _ _ 1 20141009110251 88
000000962014091 00000096 2014 09 30 61 1111 1 10:30 11:29 0073 1 1226 0 _ _ 1 20141009110251 88
000000962014092 00000096 2014 09 12 65 1111 1 13:30 16:30 0095 1 2115 0 _ _ 1 20141009110251 88
000000962014092 00000096 2014 09 26 65 1111 1 13:30 16:30 0095 1 2115 0 _ _ 1 20141009110251 88
000000962014093 00000096 2014 09 12 65 5002 1 13:30 16:30 0095 1 225 0 _ _ 1 20141009110251 88
000000962014093 00000096 2014 09 26 65 5002 1 13:30 16:30 0095 1 225 0 _ _ 1 20141009110251 88
000000962014094 00000096 2014 09 12 65 5004 1 13:30 16:30 0095 1 150 0 _ _ 1 20141009110251 88
000000962014094 00000096 2014 09 26 65 5004 1 13:30 16:30 0095 1 150 0 _ _ 1 20141009110251 88
000000962014101 00000096 2014 10 07 61 1111 1 10:30 11:29 0073 1 1226 0 _ _ 1 20141105085704 88
000000962014101 00000096 2014 10 21 61 1111 1 10:30 11:29 0073 1 1226 0 _ _ 1 20141105085704 88
000000962014102 00000096 2014 10 03 65 1111 1 13:30 16:30 0095 1 2115 0 _ _ 1 20141105085704 88
000000962014102 00000096 2014 10 10 65 1111 1 13:30 16:30 0095 1 2115 0 _ _ 1 20141105085704 88
000000962014102 00000096 2014 10 24 65 1111 1 13:30 16:30 0095 1 2115 0 _ _ 1 20141105085704 88
000000962014102 00000096 2014 10 31 65 1111 1 13:30 16:30 0095 1 2115 0 _ _ 1 20141105085704 88
000000962014103 00000096 2014 10 03 65 5002 1 _ _ 0095 1 225 0 _ _ 1 20141105085704 88
000000962014103 00000096 2014 10 10 65 5002 1 _ _ 0095 1 225 0 _ _ 1 20141105085704 88
000000962014103 00000096 2014 10 24 65 5002 1 _ _ 0095 1 225 0 _ _ 1 20141105085704 88
000000962014103 00000096 2014 10 31 65 5002 1 _ _ 0095 1 225 0 _ _ 1 20141105085704 88
000000962014104 00000096 2014 10 03 65 5004 1 _ _ 0095 1 150 0 _ _ 1 20141105085704 88
000000962014104 00000096 2014 10 10 65 5004 1 _ _ 0095 1 150 0 _ _ 1 20141105085704 88
000000962014104 00000096 2014 10 24 65 5004 1 _ _ 0095 1 150 0 _ _ 1 20141105085704 88
000000962014104 00000096 2014 10 31 65 5004 1 _ _ 0095 1 150 0 _ _ 1 20141105085704 88
000000962014111 00000096 2014 11 17 61 1111 1 10:30 11:29 0073 1 1226 0 _ _ 1 20141201165105 88
000000962014112 00000096 2014 11 04 61 1111 1 11:00 11:59 0073 1 1226 0 _ _ 1 20141201165105 88
000000962014113 00000096 2014 11 07 65 1111 1 13:30 16:30 0095 1 2115 0 _ _ 1 20141201165105 88
000000962014113 00000096 2014 11 14 65 1111 1 13:30 16:30 0095 1 2115 0 _ _ 1 20141201165105 88
000000962014113 00000096 2014 11 21 65 1111 1 13:30 16:30 0095 1 2115 0 _ _ 1 20141201165105 88
000000962014113 00000096 2014 11 28 65 1111 1 13:30 16:30 0095 1 2115 0 _ _ 1 20141201165105 88
