000005842014061 00000584 2014 06 02 11 4001 1 13:00 14:00 0070 1 200 0 _ _ 1 20140718111447 78
000005842014062 00000584 2014 06 02 11 4111 1 13:00 14:00 0070 1 325 0 _ _ 1 20140718111447 78
000005842014062 00000584 2014 06 03 11 4111 1 13:00 14:00 0070 1 325 0 _ _ 1 20140718111447 78
000005842014062 00000584 2014 06 04 11 4111 1 13:00 14:00 0070 1 325 0 _ _ 1 20140718111447 78
000005842014062 00000584 2014 06 05 11 4111 1 13:00 14:00 0070 1 325 0 _ _ 1 20140718111447 78
000005842014062 00000584 2014 06 06 11 4111 1 13:00 14:00 0070 1 325 0 _ _ 1 20140718111447 78
000005842014062 00000584 2014 06 09 11 4111 1 13:00 14:00 0070 1 325 0 _ _ 1 20140718111447 78
000005842014062 00000584 2014 06 10 11 4111 1 13:00 14:00 0070 1 325 0 _ _ 1 20140718111447 78
000005842014062 00000584 2014 06 11 11 4111 1 13:00 14:00 0070 1 325 0 _ _ 1 20140718111447 78
000005842014062 00000584 2014 06 12 11 4111 1 13:00 14:00 0070 1 325 0 _ _ 1 20140718111447 78
000005842014062 00000584 2014 06 13 11 4111 1 13:00 14:00 0070 1 325 0 _ _ 1 20140718111447 78
000005842014062 00000584 2014 06 16 11 4111 1 13:00 14:00 0070 1 325 0 _ _ 1 20140718111447 78
000005842014062 00000584 2014 06 17 11 4111 1 13:00 14:00 0070 1 325 0 _ _ 1 20140718111447 78
000005842014062 00000584 2014 06 18 11 4111 1 13:00 14:00 0070 1 325 0 _ _ 1 20140718111447 78
000005842014062 00000584 2014 06 19 11 4111 1 13:00 14:00 0070 1 325 0 _ _ 1 20140718111447 78
000005842014062 00000584 2014 06 20 11 4111 1 13:00 14:00 0070 1 325 0 _ _ 1 20140718111447 78
000005842014062 00000584 2014 06 23 11 4111 1 13:00 14:00 0070 1 325 0 _ _ 1 20140718111447 78
000005842014062 00000584 2014 06 24 11 4111 1 13:00 14:00 0070 1 325 0 _ _ 1 20140718111447 78
000005842014062 00000584 2014 06 25 11 4111 1 13:00 14:00 0070 1 325 0 _ _ 1 20140718111447 78
000005842014062 00000584 2014 06 26 11 4111 1 13:00 14:00 0070 1 325 0 _ _ 1 20140718111447 78
000005842014062 00000584 2014 06 27 11 4111 1 13:00 14:00 0070 1 325 0 _ _ 1 20140718111447 78
000005842014062 00000584 2014 06 30 11 4111 1 13:00 14:00 0070 1 325 0 _ _ 1 20140718111447 78
