000005842014061 00000584 2014 06 02 11 4001 13:00 14:00 0070 1 200 0 _ _ 1 1 20140718111447 78
000005842014062 00000584 2014 06 02 11 4111 13:00 14:00 0070 1 325 0 _ _ 1 1 20140718111447 78
000005842014062 00000584 2014 06 03 11 4111 13:00 14:00 0070 1 325 0 _ _ 1 1 20140718111447 78
000005842014062 00000584 2014 06 04 11 4111 13:00 14:00 0070 1 325 0 _ _ 1 1 20140718111447 78
000005842014062 00000584 2014 06 05 11 4111 13:00 14:00 0070 1 325 0 _ _ 1 1 20140718111447 78
000005842014062 00000584 2014 06 06 11 4111 13:00 14:00 0070 1 325 0 _ _ 1 1 20140718111447 78
000005842014062 00000584 2014 06 09 11 4111 13:00 14:00 0070 1 325 0 _ _ 1 1 20140718111447 78
000005842014062 00000584 2014 06 10 11 4111 13:00 14:00 0070 1 325 0 _ _ 1 1 20140718111447 78
000005842014062 00000584 2014 06 11 11 4111 13:00 14:00 0070 1 325 0 _ _ 1 1 20140718111447 78
000005842014062 00000584 2014 06 12 11 4111 13:00 14:00 0070 1 325 0 _ _ 1 1 20140718111447 78
000005842014062 00000584 2014 06 13 11 4111 13:00 14:00 0070 1 325 0 _ _ 1 1 20140718111447 78
000005842014062 00000584 2014 06 16 11 4111 13:00 14:00 0070 1 325 0 _ _ 1 1 20140718111447 78
000005842014062 00000584 2014 06 17 11 4111 13:00 14:00 0070 1 325 0 _ _ 1 1 20140718111447 78
000005842014062 00000584 2014 06 18 11 4111 13:00 14:00 0070 1 325 0 _ _ 1 1 20140718111447 78
000005842014062 00000584 2014 06 19 11 4111 13:00 14:00 0070 1 325 0 _ _ 1 1 20140718111447 78
000005842014062 00000584 2014 06 20 11 4111 13:00 14:00 0070 1 325 0 _ _ 1 1 20140718111447 78
000005842014062 00000584 2014 06 23 11 4111 13:00 14:00 0070 1 325 0 _ _ 1 1 20140718111447 78
000005842014062 00000584 2014 06 24 11 4111 13:00 14:00 0070 1 325 0 _ _ 1 1 20140718111447 78
000005842014062 00000584 2014 06 25 11 4111 13:00 14:00 0070 1 325 0 _ _ 1 1 20140718111447 78
000005842014062 00000584 2014 06 26 11 4111 13:00 14:00 0070 1 325 0 _ _ 1 1 20140718111447 78
000005842014062 00000584 2014 06 27 11 4111 13:00 14:00 0070 1 325 0 _ _ 1 1 20140718111447 78
000005842014062 00000584 2014 06 30 11 4111 13:00 14:00 0070 1 325 0 _ _ 1 1 20140718111447 78
000005842014063 00000584 2014 06 10 13 1311 15:00 16:00 0259 1 1144 0 _ _ 1 1 20140718111447 78
000005842014063 00000584 2014 06 24 13 1311 15:00 16:00 0259 1 1144 0 _ _ 1 1 20140718111447 78
000005842014071 00000584 2014 07 01 16 6143 10:00 15:00 0262 1 30 0 _ _ _ 1 20140703182716 78
000005842014071 00000584 2014 07 02 16 6143 10:00 15:00 0262 1 30 0 _ _ _ 1 20140703182716 78
000005842014071 00000584 2014 07 03 16 6143 10:00 15:00 0262 1 30 0 _ _ _ 1 20140703182716 78
000005842014071 00000584 2014 07 05 16 6143 10:00 15:00 0262 1 30 0 _ _ _ 1 20140703182716 78
000005842014071 00000584 2014 07 07 16 6143 10:00 15:00 0262 1 30 0 _ _ _ 1 20140703182716 78
000005842014071 00000584 2014 07 14 16 6143 10:00 15:00 0262 1 30 0 _ _ _ 1 20140703182716 78
000005842014072 00000584 2014 07 01 16 5400 _ _ 0262 1 550 0 _ _ _ 1 20140703182716 78
000005842014072 00000584 2014 07 06 16 5400 _ _ 0262 1 550 0 _ _ _ 1 20140703182716 78
000005842014072 00000584 2014 07 10 16 5400 _ _ 0262 1 550 0 _ _ _ 1 20140703182716 78
000005842014072 00000584 2014 07 17 16 5400 _ _ 0262 1 550 0 _ _ _ 1 20140703182716 78
000005842014073 00000584 2014 07 01 16 5601 _ _ 0262 1 230 0 _ _ _ 1 20140703182716 78
000005842014073 00000584 2014 07 10 16 5601 _ _ 0262 1 230 0 _ _ _ 1 20140703182716 78
000005842014074 00000584 2014 07 01 16 5602 _ _ 0262 1 120 0 _ _ _ 1 20140703182716 78
000005842014074 00000584 2014 07 04 16 5602 _ _ 0262 1 120 0 _ _ _ 1 20140703182716 78
000005842014074 00000584 2014 07 06 16 5602 _ _ 0262 1 120 0 _ _ _ 1 20140703182716 78
000005842014074 00000584 2014 07 11 16 5602 _ _ 0262 1 120 0 _ _ _ 1 20140703182716 78
000005842014074 00000584 2014 07 14 16 5602 _ _ 0262 1 120 0 _ _ _ 1 20140703182716 78
000005842014074 00000584 2014 07 17 16 5602 _ _ 0262 1 120 0 _ _ _ 1 20140703182716 78
000005842014075 00000584 2014 07 01 16 5603 _ _ 0262 1 60 0 _ _ _ 1 20140703182716 78
000005842014075 00000584 2014 07 07 16 5603 _ _ 0262 1 60 0 _ _ _ 1 20140703182716 78
000005842014075 00000584 2014 07 14 16 5603 _ _ 0262 1 60 0 _ _ _ 1 20140703182716 78
000005842014075 00000584 2014 07 19 16 5603 _ _ 0262 1 60 0 _ _ _ 1 20140703182716 78
