000002532014061 00000253 2014 06 17 11 4001 1 10:30 11:29 0029 1 200 0 _ _ 1 20140701170359 39
000002532014062 00000253 2014 06 17 11 7311 1 10:30 11:29 0029 1 236 0 _ _ 1 20140701170359 39
000002532014062 00000253 2014 06 24 11 7311 1 10:30 11:29 0029 1 236 0 _ _ 1 20140701170359 39
000002532014063 00000253 2014 06 17 11 1211 1 14:40 15:39 0029 1 404 0 _ _ 1 20140701170359 39
000002532014063 00000253 2014 06 19 11 1211 1 14:40 15:39 0029 1 404 0 _ _ 1 20140701170359 39
000002532014063 00000253 2014 06 23 11 1211 1 14:40 15:39 0029 1 404 0 _ _ 1 20140701170359 39
000002532014063 00000253 2014 06 24 11 1211 1 14:40 15:39 0029 1 404 0 _ _ 1 20140701170359 39
000002532014063 00000253 2014 06 26 11 1211 1 14:40 15:39 0029 1 404 0 _ _ 1 20140701170359 39
000002532014063 00000253 2014 06 30 11 1211 1 14:40 15:39 0029 1 404 0 _ _ 1 20140701170359 39
000002532014071 00000253 2014 07 01 11 7311 1 10:30 11:29 0029 1 236 0 _ _ 1 20140802134105 39
000002532014071 00000253 2014 07 08 11 7311 1 10:30 11:29 0029 1 236 0 _ _ 1 20140802134105 39
000002532014071 00000253 2014 07 15 11 7311 1 10:30 11:29 0029 1 236 0 _ _ 1 20140802134105 39
000002532014071 00000253 2014 07 22 11 7311 1 10:30 11:29 0029 1 236 0 _ _ 1 20140802134105 39
000002532014071 00000253 2014 07 29 11 7311 1 10:30 11:29 0029 1 236 0 _ _ 1 20140802134105 39
000002532014072 00000253 2014 07 15 11 1111 1 14:20 14:45 0029 1 255 0 _ _ 1 20140802134105 39
000002532014073 00000253 2014 07 01 11 1211 1 14:20 15:19 0029 1 404 0 _ _ 1 20140802134105 39
000002532014073 00000253 2014 07 03 11 1211 1 14:20 15:19 0029 1 404 0 _ _ 1 20140802134105 39
000002532014073 00000253 2014 07 07 11 1211 1 14:20 15:19 0029 1 404 0 _ _ 1 20140802134105 39
000002532014073 00000253 2014 07 08 11 1211 1 14:20 15:19 0029 1 404 0 _ _ 1 20140802134105 39
000002532014073 00000253 2014 07 10 11 1211 1 14:20 15:19 0029 1 404 0 _ _ 1 20140802134105 39
000002532014073 00000253 2014 07 14 11 1211 1 14:20 15:19 0029 1 404 0 _ _ 1 20140802134105 39
000002532014073 00000253 2014 07 17 11 1211 1 14:20 15:19 0029 1 404 0 _ _ 1 20140802134105 39
000002532014073 00000253 2014 07 21 11 1211 1 14:20 15:19 0029 1 404 0 _ _ 1 20140802134105 39
000002532014073 00000253 2014 07 22 11 1211 1 14:20 15:19 0029 1 404 0 _ _ 1 20140802134105 39
000002532014073 00000253 2014 07 24 11 1211 1 14:20 15:19 0029 1 404 0 _ _ 1 20140802134105 39
000002532014073 00000253 2014 07 28 11 1211 1 14:20 15:19 0029 1 404 0 _ _ 1 20140802134105 39
000002532014073 00000253 2014 07 29 11 1211 1 14:20 15:19 0029 1 404 0 _ _ 1 20140802134105 39
000002532014073 00000253 2014 07 31 11 1211 1 14:20 15:19 0029 1 404 0 _ _ 1 20140802134105 39
000002532014081 00000253 2014 08 05 11 7311 1 10:30 11:29 0029 1 236 0 _ _ 1 20140901134542 39
000002532014081 00000253 2014 08 12 11 7311 1 10:30 11:29 0029 1 236 0 _ _ 1 20140901134542 39
000002532014081 00000253 2014 08 19 11 7311 1 10:30 11:29 0029 1 236 0 _ _ 1 20140901134542 39
000002532014081 00000253 2014 08 26 11 7311 1 10:30 11:29 0029 1 236 0 _ _ 1 20140901134542 39
000002532014082 00000253 2014 08 25 11 1211 1 14:10 15:09 0029 1 404 0 _ _ 1 20140901134542 39
000002532014083 00000253 2014 08 04 11 1211 1 14:20 15:19 0029 1 404 0 _ _ 1 20140901134542 39
000002532014083 00000253 2014 08 07 11 1211 1 14:20 15:19 0029 1 404 0 _ _ 1 20140901134542 39
000002532014083 00000253 2014 08 11 11 1211 1 14:20 15:19 0029 1 404 0 _ _ 1 20140901134542 39
000002532014083 00000253 2014 08 12 11 1211 1 14:20 15:19 0029 1 404 0 _ _ 1 20140901134542 39
000002532014083 00000253 2014 08 14 11 1211 1 14:20 15:19 0029 1 404 0 _ _ 1 20140901134542 39
000002532014083 00000253 2014 08 18 11 1211 1 14:20 15:19 0029 1 404 0 _ _ 1 20140901134542 39
000002532014083 00000253 2014 08 19 11 1211 1 14:20 15:19 0029 1 404 0 _ _ 1 20140901134542 39
000002532014083 00000253 2014 08 21 11 1211 1 14:20 15:19 0029 1 404 0 _ _ 1 20140901134542 39
000002532014083 00000253 2014 08 26 11 1211 1 14:20 15:19 0029 1 404 0 _ _ 1 20140901134542 39
000002532014083 00000253 2014 08 28 11 1211 1 14:20 15:19 0029 1 404 0 _ _ 1 20140901134542 39
000002532014091 00000253 2014 09 02 11 7311 1 10:30 11:29 0029 1 236 0 _ _ 1 20141001131919 39
000002532014091 00000253 2014 09 09 11 7311 1 10:30 11:29 0029 1 236 0 _ _ 1 20141001131919 39
000002532014091 00000253 2014 09 16 11 7311 1 10:30 11:29 0029 1 236 0 _ _ 1 20141001131919 39
000002532014091 00000253 2014 09 30 11 7311 1 10:30 11:29 0029 1 236 0 _ _ 1 20141001131919 39
000002532014092 00000253 2014 09 23 11 7311 1 11:00 11:59 0029 1 236 0 _ _ 1 20141001131919 39
000002532014093 00000253 2014 09 08 11 1211 1 14:10 15:09 0029 1 404 0 _ _ 1 20141001131919 39
000002532014094 00000253 2014 09 01 11 1211 1 14:20 15:19 0029 1 404 0 _ _ 1 20141001131919 39
000002532014094 00000253 2014 09 02 11 1211 1 14:20 15:19 0029 1 404 0 _ _ 1 20141001131919 39
000002532014094 00000253 2014 09 04 11 1211 1 14:20 15:19 0029 1 404 0 _ _ 1 20141001131919 39
000002532014094 00000253 2014 09 09 11 1211 1 14:20 15:19 0029 1 404 0 _ _ 1 20141001131919 39
000002532014094 00000253 2014 09 11 11 1211 1 14:20 15:19 0029 1 404 0 _ _ 1 20141001131919 39
000002532014094 00000253 2014 09 15 11 1211 1 14:20 15:19 0029 1 404 0 _ _ 1 20141001131919 39
000002532014094 00000253 2014 09 16 11 1211 1 14:20 15:19 0029 1 404 0 _ _ 1 20141001131919 39
000002532014094 00000253 2014 09 18 11 1211 1 14:20 15:19 0029 1 404 0 _ _ 1 20141001131919 39
000002532014094 00000253 2014 09 22 11 1211 1 14:20 15:19 0029 1 404 0 _ _ 1 20141001131919 39
000002532014094 00000253 2014 09 23 11 1211 1 14:20 15:19 0029 1 404 0 _ _ 1 20141001131919 39
000002532014094 00000253 2014 09 25 11 1211 1 14:20 15:19 0029 1 404 0 _ _ 1 20141001131919 39
000002532014094 00000253 2014 09 29 11 1211 1 14:20 15:19 0029 1 404 0 _ _ 1 20141001131919 39
000002532014094 00000253 2014 09 30 11 1211 1 14:20 15:19 0029 1 404 0 _ _ 1 20141001131919 39
000002532014101 00000253 2014 10 07 11 7311 1 10:30 11:29 0029 1 236 0 _ _ 1 20141101103220 39
000002532014101 00000253 2014 10 14 11 7311 1 10:30 11:29 0029 1 236 0 _ _ 1 20141101103220 39
000002532014101 00000253 2014 10 21 11 7311 1 10:30 11:29 0029 1 236 0 _ _ 1 20141101103220 39
000002532014101 00000253 2014 10 28 11 7311 1 10:30 11:29 0029 1 236 0 _ _ 1 20141101103220 39
000002532014102 00000253 2014 10 13 11 1211 1 14:05 15:04 0029 1 404 0 _ _ 1 20141101103220 39
000002532014103 00000253 2014 10 02 11 1211 1 14:20 15:19 0029 1 404 0 _ _ 1 20141101103220 39
000002532014103 00000253 2014 10 06 11 1211 1 14:20 15:19 0029 1 404 0 _ _ 1 20141101103220 39
000002532014103 00000253 2014 10 07 11 1211 1 14:20 15:19 0029 1 404 0 _ _ 1 20141101103220 39
000002532014103 00000253 2014 10 09 11 1211 1 14:20 15:19 0029 1 404 0 _ _ 1 20141101103220 39
000002532014103 00000253 2014 10 14 11 1211 1 14:20 15:19 0029 1 404 0 _ _ 1 20141101103220 39
000002532014103 00000253 2014 10 16 11 1211 1 14:20 15:19 0029 1 404 0 _ _ 1 20141101103220 39
000002532014103 00000253 2014 10 20 11 1211 1 14:20 15:19 0029 1 404 0 _ _ 1 20141101103220 39
000002532014103 00000253 2014 10 21 11 1211 1 14:20 15:19 0029 1 404 0 _ _ 1 20141101103220 39
000002532014103 00000253 2014 10 23 11 1211 1 14:20 15:19 0029 1 404 0 _ _ 1 20141101103220 39
000002532014103 00000253 2014 10 27 11 1211 1 14:20 15:19 0029 1 404 0 _ _ 1 20141101103220 39
000002532014103 00000253 2014 10 28 11 1211 1 14:20 15:19 0029 1 404 0 _ _ 1 20141101103220 39
000002532014103 00000253 2014 10 30 11 1211 1 14:20 15:19 0029 1 404 0 _ _ 1 20141101103220 39
000002532014111 00000253 2014 11 04 11 7311 1 10:30 11:29 0029 1 236 0 _ _ 1 20141202111931 39
000002532014111 00000253 2014 11 11 11 7311 1 10:30 11:29 0029 1 236 0 _ _ 1 20141202111931 39
000002532014111 00000253 2014 11 18 11 7311 1 10:30 11:29 0029 1 236 0 _ _ 1 20141202111931 39
000002532014111 00000253 2014 11 25 11 7311 1 10:30 11:29 0029 1 236 0 _ _ 1 20141202111931 39
000002532014112 00000253 2014 11 03 11 1211 1 14:20 15:19 0029 1 404 0 _ _ 1 20141202111931 39
000002532014112 00000253 2014 11 04 11 1211 1 14:20 15:19 0029 1 404 0 _ _ 1 20141202111931 39
000002532014112 00000253 2014 11 06 11 1211 1 14:20 15:19 0029 1 404 0 _ _ 1 20141202111931 39
000002532014112 00000253 2014 11 10 11 1211 1 14:20 15:19 0029 1 404 0 _ _ 1 20141202111931 39
000002532014112 00000253 2014 11 11 11 1211 1 14:20 15:19 0029 1 404 0 _ _ 1 20141202111931 39
000002532014112 00000253 2014 11 13 11 1211 1 14:20 15:19 0029 1 404 0 _ _ 1 20141202111931 39
000002532014112 00000253 2014 11 17 11 1211 1 14:20 15:19 0029 1 404 0 _ _ 1 20141202111931 39
000002532014112 00000253 2014 11 18 11 1211 1 14:20 15:19 0029 1 404 0 _ _ 1 20141202111931 39
000002532014112 00000253 2014 11 20 11 1211 1 14:20 15:19 0029 1 404 0 _ _ 1 20141202111931 39
000002532014112 00000253 2014 11 24 11 1211 1 14:20 15:19 0029 1 404 0 _ _ 1 20141202111931 39
000002532014112 00000253 2014 11 25 11 1211 1 14:20 15:19 0029 1 404 0 _ _ 1 20141202111931 39
000002532014112 00000253 2014 11 27 11 1211 1 14:20 15:19 0029 1 404 0 _ _ 1 20141202111931 39
