00000107 20130909 20131028 入鹿山相談員 青葉台ケアセンター　そよ風 1 2014052800000000 00078
00000107 20130909 20131028 森川看護師 青葉台ケアセンター　よそ風 1 2014052800000000 00078
00000107 20130909 20131028 片山まつ子 妻 1 2014052800000000 00078
00000107 20130909 20131028 片山勝彦 本人 1 2014052800000000 00078
00000107 20130909 20131028 細川昭生（書面にて） ｲﾉﾍﾞｲｼｮﾝｵﾌﾞﾒﾃﾞｨｶﾙｻｰﾋﾞｽ 1 2014052800000000 00078
00000107 20130909 20131028 辺見サ責 グランクレールケアサービス横浜 1 2014052800000000 00078
00000107 20130909 20131028 遠藤雅幸 グランクレール・ケアサービス横浜 1 2014052800000000 00078
00000107 20131123 20131129 三上相談員 青葉台ケアセンター　そよ風 1 2014052800000000 00078
00000107 20131123 20131129 片山まつ子 妻 1 2014052800000000 00078
00000107 20131123 20131129 片山勝彦 本人 1 2014052800000000 00078
00000107 20131123 20131129 細川昭生（書面にて） ｲﾉﾍﾞｲｼｮﾝｵﾌﾞﾒﾃﾞｨｶﾙｻｰﾋﾞｽ 1 2014052800000000 00078
00000107 20131123 20131129 臼井サ責 グランクレールケアサービス横浜 1 2014052800000000 00078
00000107 20131123 20131129 遠藤雅幸 グランクレール・ケアサービス横浜 1 2014052800000000 00078
00000107 20140502 20140520 片山まつ子 妻 1 2014052800000000 00078
00000107 20140502 20140520 田中生活相談員 田園都市ケア・プラザ青葉台 1 2014052800000000 00078
00000107 20140502 20140520 舩水施設長 田園都市ケア・プラザ青葉台 1 2014052800000000 00078
00000107 20140502 20140520 遠藤雅幸 グランクレール・ケアサービス横浜 1 2014052800000000 00078
00000107 20140502 20140520 長谷サ責 グランクレール・ケアサービス横浜 1 2014052800000000 00078
