00000051 0073 2014 06 0000002 05 00038 _ 10:45 11:44 2 _ 0 1111 1 61 1 20140701101048 00078
00000051 0073 2014 06 0000003 12 00038 _ 10:45 11:44 2 _ 0 1111 1 61 1 20140701101048 00078
00000051 0073 2014 06 0000004 19 00038 _ 10:45 11:44 2 _ 0 1111 1 61 1 20140701101048 00078
00000051 0073 2014 06 0000005 26 00038 _ 10:45 11:44 2 _ 0 1111 1 61 1 20140701101048 00078
00000051 0073 2014 07 0000006 03 00038 _ 10:45 11:44 2 _ 0 1111 1 61 1 20140731123407 00035
00000051 0073 2014 07 0000007 10 00035 _ 10:45 11:44 2 _ 0 1111 1 61 1 20140731123407 00035
00000051 0073 2014 07 0000008 17 00037 _ 10:45 11:44 2 _ 0 1111 1 61 1 20140731123407 00035
00000051 0073 2014 07 0000009 24 00037 _ 10:45 11:44 2 _ 0 1111 1 61 1 20140731123407 00035
00000051 0073 2014 07 0000010 31 00038 _ 10:45 11:44 2 _ 0 1111 1 61 1 20140731123407 00035
00000051 0073 2014 08 0000011 07 00037 _ 10:45 11:44 2 _ 0 1111 1 61 1 20140811102039 00037
00000051 0073 2014 08 0000012 14 00037 _ 10:45 11:44 2 _ 0 1111 1 61 1 20140814145957 00037
