00000229 2012 11 2 10400 1 20140730122832 00078
00000229 2012 12 2 10400 1 20140730123158 00078
00000229 2013 01 2 10400 1 20140710104739 00078
00000229 2013 02 2 10400 1 20140710105029 00078
00000229 2013 03 2 10400 1 20140710105518 00078
00000229 2013 04 2 10400 1 20140710105931 00078
00000229 2013 05 2 10400 1 20140710110351 00078
00000229 2013 06 2 10400 1 20140710110658 00078
00000229 2013 07 2 10400 1 20140710111153 00078
00000229 2013 08 2 10400 1 20140710112017 00078
00000229 2013 09 2 10400 1 20140703181216 00078
00000229 2013 10 2 10400 1 20140703181650 00078
00000229 2013 11 2 10400 1 20140703182025 00078
00000229 2013 12 2 10400 1 20140703182338 00078
00000229 2014 01 2 10400 1 20140619180139 00078
00000229 2014 02 2 10400 1 20140619180455 00078
00000229 2014 03 2 10400 1 20140619180722 00078
00000229 2014 04 2 10473 1 20140619180937 00078
00000229 2014 05 2 10473 1 20140819120058 00078
00000229 2014 06 2 10473 1 20140701174048 00047
00000229 2014 07 2 10473 1 20140802141122 00047
00000229 2014 08 2 10473 1 20140714132911 00047
00000229 2014 09 2 10473 1 20140816103553 00047
