00000203 20110129 20110409 山本　智 長男 1 2014052800000000 00078
00000203 20110129 20110409 山本　圭子 長男嫁 1 2014052800000000 00078
00000203 20110129 20110409 大蔵 主治医 1 2014052800000000 00078
00000203 20110129 20110409 松山 施設ＮＳ 1 2014052800000000 00078
00000203 20110129 20110409 西山 訪問介護 1 2014052800000000 00078
00000203 20110129 20110409 山本　浩希 ケアマネ 1 2014052800000000 00078
00000203 20110521 20110521 山本　智 長男 1 2014052800000000 00078
00000203 20110521 20110521 金田 施設支配人 1 2014052800000000 00078
00000203 20110521 20110521 大蔵 主治医 1 2014052800000000 00078
00000203 20110521 20110521 松山 施設ＮＳ 1 2014052800000000 00078
00000203 20110521 20110521 西山 訪問介護 1 2014052800000000 00078
00000203 20110521 20110521 山本 福祉用具 1 2014052800000000 00078
00000203 20110521 20110521 山本　浩希 ケアマネ 1 2014052800000000 00078
00000203 20111024 20111030 山本　智 長男 1 2014052800000000 00078
00000203 20111024 20111030 山本　圭子 長男嫁 1 2014052800000000 00078
00000203 20111024 20111030 金田 施設支配人 1 2014052800000000 00078
00000203 20111024 20111030 松山 施設ＮＳ 1 2014052800000000 00078
00000203 20111024 20111030 西山 訪問介護 1 2014052800000000 00078
00000203 20111024 20111030 山本　浩希 ケアマネ 1 2014052800000000 00078
00000203 20120401 20120504 山本　智 長男 1 2014052800000000 00078
00000203 20120401 20120504 高徳 訪問介護 1 2014052800000000 00078
00000203 20120401 20120504 山本　浩希 ケアマネ 1 2014052800000000 00078
00000203 20121024 20121024 山本　圭子 長男嫁 1 2014052800000000 00078
00000203 20121024 20121024 春日 施設ＮＳ 1 2014052800000000 00078
00000203 20121024 20121024 高徳 訪問介護 1 2014052800000000 00078
00000203 20121024 20121024 金子 福祉用具 1 2014052800000000 00078
00000203 20121024 20121024 山本　浩希 ケアマネ 1 2014052800000000 00078
00000203 20121024 20121024 （三浦） （主治医） 1 2014052800000000 00078
00000203 20121024 20121117 山本　智 長男 1 2014052800000000 00078
00000203 20121024 20121117 村尾 施設副支配人 1 2014052800000000 00078
00000203 20121024 20121117 一村 施設ＮＳ 1 2014052800000000 00078
00000203 20121024 20121117 上野 訪問介護 1 2014052800000000 00078
00000203 20121024 20121117 山本　浩希 ケアマネ 1 2014052800000000 00078
00000203 20121024 20121117 （三浦） （主治医） 1 2014052800000000 00078
00000203 20130125 20130128 山本　眞寿子 本人 1 2014052800000000 00078
00000203 20130125 20130128 山本　圭子 長男嫁 1 2014052800000000 00078
00000203 20130125 20130128 春日 施設ＮＳ 1 2014052800000000 00078
00000203 20130125 20130128 上野 訪問介護（グランクレール・ケアサービス馬事公苑） 1 2014052800000000 00078
00000203 20130125 20130128 金子 福祉用具（ジャパンケア） 1 2014052800000000 00078
00000203 20130125 20130128 山本　浩希 ケアマネ 1 2014052800000000 00078
00000203 20130125 20130128 三浦（欠席） 馬事公苑クリニック 1 2014052800000000 00078
00000203 20130125 20131124 山本　智 長男（キーパーソン） 1 2014052800000000 00078
00000203 20130125 20131124 山本　圭子 長男嫁 1 2014052800000000 00078
00000203 20130125 20131124 金田 施設支配人 1 2014052800000000 00078
00000203 20130125 20131124 山本 ケアマネ（GCCS馬事公苑） 1 2014052800000000 00078
00000203 20130125 20131124 上野（欠席） 訪問介護（GCCS馬事公苑） 1 2014052800000000 00078
