000001122014061 00000112 2014 06 12 13 1521 1 11:00 11:59 0031 1 286 0 _ _ 1 20140702120851 25
000001122014061 00000112 2014 06 19 13 1521 1 11:00 11:59 0031 1 286 0 _ _ 1 20140702120851 25
000001122014061 00000112 2014 06 24 13 1521 1 11:00 11:59 0031 1 286 0 _ _ 1 20140702120851 25
000001122014061 00000112 2014 06 30 13 1521 1 11:00 11:59 0031 1 286 0 _ _ 1 20140702120851 25
000001122014062 00000112 2014 06 03 11 7311 1 10:00 10:59 0054 1 236 0 _ _ 1 20140702120851 25
000001122014062 00000112 2014 06 10 11 7311 1 10:00 10:59 0054 1 236 0 _ _ 1 20140702120851 25
000001122014062 00000112 2014 06 17 11 7311 1 10:00 10:59 0054 1 236 0 _ _ 1 20140702120851 25
000001122014062 00000112 2014 06 24 11 7311 1 10:00 10:59 0054 1 236 0 _ _ 1 20140702120851 25
000001122014063 00000112 2014 06 03 11 1211 1 15:30 16:29 0054 1 404 0 _ _ 1 20140702120851 25
000001122014063 00000112 2014 06 06 11 1211 1 15:30 16:29 0054 1 404 0 _ _ 1 20140702120851 25
000001122014063 00000112 2014 06 10 11 1211 1 15:30 16:29 0054 1 404 0 _ _ 1 20140702120851 25
000001122014063 00000112 2014 06 13 11 1211 1 15:30 16:29 0054 1 404 0 _ _ 1 20140702120851 25
000001122014063 00000112 2014 06 17 11 1211 1 15:30 16:29 0054 1 404 0 _ _ 1 20140702120851 25
000001122014063 00000112 2014 06 20 11 1211 1 15:30 16:29 0054 1 404 0 _ _ 1 20140702120851 25
000001122014063 00000112 2014 06 24 11 1211 1 15:30 16:29 0054 1 404 0 _ _ 1 20140702120851 25
000001122014063 00000112 2014 06 27 11 1211 1 15:30 16:29 0054 1 404 0 _ _ 1 20140702120851 25
000001122014064 00000112 2014 06 01 17 1007 1 _ _ 0093 1 300 0 _ _ 1 20140702120851 25
000001122014065 00000112 2014 06 03 13 1501 1 09:20 10:00 0031 1 318 0 _ _ 1 20140702120851 25
000001122014071 00000112 2014 07 29 13 1521 1 11:00 11:59 0031 1 286 0 _ _ 1 20140805201320 24
000001122014072 00000112 2014 07 01 11 7311 1 10:00 10:59 0054 1 236 0 _ _ 1 20140805201320 24
000001122014072 00000112 2014 07 29 11 7311 1 10:00 10:59 0054 1 236 0 _ _ 1 20140805201320 24
000001122014073 00000112 2014 07 01 11 1211 1 15:30 16:29 0054 1 404 0 _ _ 1 20140805201320 24
000001122014073 00000112 2014 07 25 11 1211 1 15:30 16:29 0054 1 404 0 _ _ 1 20140805201320 24
000001122014073 00000112 2014 07 29 11 1211 1 15:30 16:29 0054 1 404 0 _ _ 1 20140805201320 24
000001122014074 00000112 2014 07 01 17 1007 1 _ _ 0093 1 300 0 _ _ 1 20140805201320 24
