000012522015041 00001252 2015 04 07 65 1111 1 11:00 11:20 0061 1 1647 0 _ _ 1 20150416154436 161
000012522015041 00001252 2015 04 14 65 1111 1 11:00 11:20 0061 1 1647 0 _ _ 1 20150416154436 161
000012522015041 00001252 2015 04 21 65 1111 1 11:00 11:20 0061 1 1647 0 _ _ 1 20150416154436 161
000012522015041 00001252 2015 04 28 65 1111 1 11:00 11:20 0061 1 1647 0 _ _ 1 20150416154436 161
000012522015042 00001252 2015 04 04 61 1211 1 10:00 10:30 0073 1 2335 0 _ _ 1 20150416154436 161
000012522015042 00001252 2015 04 11 61 1211 1 10:00 10:30 0073 1 2335 0 _ _ 1 20150416154436 161
000012522015042 00001252 2015 04 18 61 1211 1 10:00 10:30 0073 1 2335 0 _ _ 1 20150416154436 161
000012522015042 00001252 2015 04 25 61 1211 1 10:00 10:30 0073 1 2335 0 _ _ 1 20150416154436 161
000012522015043 00001252 2015 04 06 63 1311 1 14:00 15:20 0263 1 1117 0 _ _ 1 20150416154436 161
000012522015043 00001252 2015 04 17 63 1311 1 14:00 15:20 0263 1 1117 0 _ _ 1 20150416154436 161
000012522015043 00001252 2015 04 24 63 1311 1 14:00 15:20 0263 1 1117 0 _ _ 1 20150416154436 161
