000001122013091 00000112 2013 09 17 11 7211 10:00 10:44 0054 1 190 0 _ _ 1 1 20140812171412 24
000001122013091 00000112 2013 09 24 11 7211 10:00 10:44 0054 1 190 0 _ _ 1 1 20140812171412 24
000001122013092 00000112 2013 09 20 11 4001 _ _ 0054 1 200 0 _ _ 1 1 20140812171412 24
000001122013093 00000112 2013 09 03 61 2111 10:00 10:44 0055 1 40 0 _ _ 1 1 20140812171412 24
000001122013093 00000112 2013 09 10 61 2111 10:00 10:44 0055 1 40 0 _ _ 1 1 20140812171412 24
000001122013094 00000112 2013 09 01 17 1007 _ _ 0093 1 300 0 _ _ 1 1 20140812171412 24
000001122013101 00000112 2013 10 15 13 1521 11:00 11:59 0031 1 284 0 _ _ 1 1 20140701120433 24
000001122013101 00000112 2013 10 22 13 1521 11:00 11:59 0031 1 284 0 _ _ 1 1 20140701120433 24
000001122013101 00000112 2013 10 29 13 1521 11:00 11:59 0031 1 284 0 _ _ 1 1 20140701120433 24
000001122013102 00000112 2013 10 08 13 1521 11:30 12:29 0031 1 284 0 _ _ 1 1 20140701120433 24
000001122013103 00000112 2013 10 08 13 4002 _ _ 0031 1 300 0 _ _ 1 1 20140701120433 24
000001122013104 00000112 2013 10 22 11 7311 10:00 10:45 0054 1 235 0 _ _ 1 1 20140701120433 24
000001122013105 00000112 2013 10 01 11 7311 10:00 10:59 0054 1 235 0 _ _ 1 1 20140701120433 24
000001122013105 00000112 2013 10 08 11 7311 10:00 10:59 0054 1 235 0 _ _ 1 1 20140701120433 24
000001122013105 00000112 2013 10 15 11 7311 10:00 10:59 0054 1 235 0 _ _ 1 1 20140701120433 24
000001122013105 00000112 2013 10 29 11 7311 10:00 10:59 0054 1 235 0 _ _ 1 1 20140701120433 24
000001122013106 00000112 2013 10 04 11 1211 15:30 16:29 0054 1 402 0 _ _ 1 1 20140701120433 24
000001122013106 00000112 2013 10 11 11 1211 15:30 16:29 0054 1 402 0 _ _ 1 1 20140701120433 24
000001122013106 00000112 2013 10 25 11 1211 15:30 16:29 0054 1 402 0 _ _ 1 1 20140701120433 24
000001122013107 00000112 2013 10 21 11 1211 16:00 16:59 0054 1 402 0 _ _ 1 1 20140701120433 24
000001122013108 00000112 2013 10 01 17 1007 _ _ 0093 1 300 0 _ _ 1 1 20140701120433 24
000001122013111 00000112 2013 11 05 13 1521 11:00 11:59 0031 1 284 0 _ _ 1 1 20140701121351 24
000001122013111 00000112 2013 11 12 13 1521 11:00 11:59 0031 1 284 0 _ _ 1 1 20140701121351 24
000001122013111 00000112 2013 11 19 13 1521 11:00 11:59 0031 1 284 0 _ _ 1 1 20140701121351 24
000001122013111 00000112 2013 11 26 13 1521 11:00 11:59 0031 1 284 0 _ _ 1 1 20140701121351 24
000001122013112 00000112 2013 11 05 11 7311 10:00 10:59 0054 1 235 0 _ _ 1 1 20140701121351 24
000001122013112 00000112 2013 11 12 11 7311 10:00 10:59 0054 1 235 0 _ _ 1 1 20140701121351 24
000001122013112 00000112 2013 11 19 11 7311 10:00 10:59 0054 1 235 0 _ _ 1 1 20140701121351 24
000001122013112 00000112 2013 11 26 11 7311 10:00 10:59 0054 1 235 0 _ _ 1 1 20140701121351 24
000001122013113 00000112 2013 11 01 11 1211 15:30 16:29 0054 1 402 0 _ _ 1 1 20140701121351 24
000001122013113 00000112 2013 11 08 11 1211 15:30 16:29 0054 1 402 0 _ _ 1 1 20140701121351 24
000001122013113 00000112 2013 11 15 11 1211 15:30 16:29 0054 1 402 0 _ _ 1 1 20140701121351 24
000001122013113 00000112 2013 11 22 11 1211 15:30 16:29 0054 1 402 0 _ _ 1 1 20140701121351 24
000001122013113 00000112 2013 11 29 11 1211 15:30 16:29 0054 1 402 0 _ _ 1 1 20140701121351 24
000001122013114 00000112 2013 11 01 17 1007 _ _ 0093 1 300 0 _ _ 1 1 20140701121351 24
000001122013121 00000112 2013 12 03 13 1521 11:00 11:59 0031 1 284 0 _ _ 1 1 20140701122011 24
000001122013121 00000112 2013 12 10 13 1521 11:00 11:59 0031 1 284 0 _ _ 1 1 20140701122011 24
000001122013121 00000112 2013 12 17 13 1521 11:00 11:59 0031 1 284 0 _ _ 1 1 20140701122011 24
000001122013122 00000112 2013 12 03 11 7311 10:00 10:59 0054 1 235 0 _ _ 1 1 20140701122011 24
000001122013122 00000112 2013 12 10 11 7311 10:00 10:59 0054 1 235 0 _ _ 1 1 20140701122011 24
000001122013122 00000112 2013 12 17 11 7311 10:00 10:59 0054 1 235 0 _ _ 1 1 20140701122011 24
000001122013122 00000112 2013 12 31 11 7311 10:00 10:59 0054 1 235 0 _ _ 1 1 20140701122011 24
000001122013123 00000112 2013 12 26 11 7311 13:00 13:59 0054 1 235 0 _ _ 1 1 20140701122011 24
000001122013124 00000112 2013 12 06 11 1211 15:30 16:29 0054 1 402 0 _ _ 1 1 20140701122011 24
000001122013124 00000112 2013 12 13 11 1211 15:30 16:29 0054 1 402 0 _ _ 1 1 20140701122011 24
000001122013124 00000112 2013 12 20 11 1211 15:30 16:29 0054 1 402 0 _ _ 1 1 20140701122011 24
000001122013124 00000112 2013 12 27 11 1211 15:30 16:29 0054 1 402 0 _ _ 1 1 20140701122011 24
000001122013125 00000112 2013 12 01 17 1007 _ _ 0093 1 300 0 _ _ 1 1 20140701122011 24
000001122014011 00000112 2014 01 07 11 7311 10:00 10:59 0054 1 235 0 _ _ 1 1 20140616185707 24
000001122014011 00000112 2014 01 14 11 7311 10:00 10:59 0054 1 235 0 _ _ 1 1 20140616185707 24
000001122014011 00000112 2014 01 21 11 7311 10:00 10:59 0054 1 235 0 _ _ 1 1 20140616185707 24
000001122014011 00000112 2014 01 28 11 7311 10:00 10:59 0054 1 235 0 _ _ 1 1 20140616185707 24
000001122014012 00000112 2014 01 03 11 1211 15:30 16:29 0054 1 402 0 _ _ 1 1 20140616185707 24
000001122014012 00000112 2014 01 10 11 1211 15:30 16:29 0054 1 402 0 _ _ 1 1 20140616185707 24
000001122014012 00000112 2014 01 17 11 1211 15:30 16:29 0054 1 402 0 _ _ 1 1 20140616185707 24
000001122014012 00000112 2014 01 24 11 1211 15:30 16:29 0054 1 402 0 _ _ 1 1 20140616185707 24
000001122014012 00000112 2014 01 31 11 1211 15:30 16:29 0054 1 402 0 _ _ 1 1 20140616185707 24
000001122014013 00000112 2014 01 07 13 1521 11:00 11:59 0031 1 284 0 _ _ 1 1 20140616185707 24
000001122014013 00000112 2014 01 14 13 1521 11:00 11:59 0031 1 284 0 _ _ 1 1 20140616185707 24
000001122014013 00000112 2014 01 21 13 1521 11:00 11:59 0031 1 284 0 _ _ 1 1 20140616185707 24
000001122014013 00000112 2014 01 28 13 1521 11:00 11:59 0031 1 284 0 _ _ 1 1 20140616185707 24
000001122014014 00000112 2014 01 01 17 1007 _ _ 0093 1 300 0 _ _ 1 1 20140616185707 24
000001122014021 00000112 2014 02 04 11 7311 10:00 10:59 0054 1 235 0 _ _ 1 1 20140616190105 24
000001122014021 00000112 2014 02 11 11 7311 10:00 10:59 0054 1 235 0 _ _ 1 1 20140616190105 24
000001122014021 00000112 2014 02 18 11 7311 10:00 10:59 0054 1 235 0 _ _ 1 1 20140616190105 24
000001122014021 00000112 2014 02 25 11 7311 10:00 10:59 0054 1 235 0 _ _ 1 1 20140616190105 24
000001122014022 00000112 2014 02 07 11 1211 15:30 16:29 0054 1 402 0 _ _ 1 1 20140616190105 24
000001122014022 00000112 2014 02 13 11 1211 15:30 16:29 0054 1 402 0 _ _ 1 1 20140616190105 24
000001122014022 00000112 2014 02 21 11 1211 15:30 16:29 0054 1 402 0 _ _ 1 1 20140616190105 24
000001122014022 00000112 2014 02 28 11 1211 15:30 16:29 0054 1 402 0 _ _ 1 1 20140616190105 24
000001122014023 00000112 2014 02 04 13 1521 11:00 11:59 0031 1 284 0 _ _ 1 1 20140616190105 24
000001122014023 00000112 2014 02 20 13 1521 11:00 11:59 0031 1 284 0 _ _ 1 1 20140616190105 24
000001122014023 00000112 2014 02 25 13 1521 11:00 11:59 0031 1 284 0 _ _ 1 1 20140616190105 24
000001122014024 00000112 2014 02 01 17 1007 _ _ 0093 1 300 0 _ _ 1 1 20140616190105 24
000001122014031 00000112 2014 03 04 11 7311 10:00 10:59 0054 1 235 0 _ _ 1 1 20140616190756 24
000001122014031 00000112 2014 03 11 11 7311 10:00 10:59 0054 1 235 0 _ _ 1 1 20140616190756 24
000001122014031 00000112 2014 03 18 11 7311 10:00 10:59 0054 1 235 0 _ _ 1 1 20140616190756 24
000001122014031 00000112 2014 03 25 11 7311 10:00 10:59 0054 1 235 0 _ _ 1 1 20140616190756 24
000001122014032 00000112 2014 03 07 11 1211 15:30 16:29 0054 1 402 0 _ _ 1 1 20140616190756 24
000001122014032 00000112 2014 03 14 11 1211 15:30 16:29 0054 1 402 0 _ _ 1 1 20140616190756 24
000001122014032 00000112 2014 03 28 11 1211 15:30 16:29 0054 1 402 0 _ _ 1 1 20140616190756 24
000001122014033 00000112 2014 03 20 11 5111 15:20 16:49 0054 1 472 0 _ _ 1 1 20140616190756 24
000001122014034 00000112 2014 03 04 13 1521 11:00 11:59 0031 1 284 0 _ _ 1 1 20140616190756 24
000001122014034 00000112 2014 03 11 13 1521 11:00 11:59 0031 1 284 0 _ _ 1 1 20140616190756 24
000001122014034 00000112 2014 03 18 13 1521 11:00 11:59 0031 1 284 0 _ _ 1 1 20140616190756 24
000001122014034 00000112 2014 03 25 13 1521 11:00 11:59 0031 1 284 0 _ _ 1 1 20140616190756 24
000001122014035 00000112 2014 03 01 17 1007 _ _ 0093 1 300 0 _ _ 1 1 20140616190756 24
000001122014041 00000112 2014 04 08 11 7311 10:00 10:59 0054 1 236 0 _ _ 1 1 20140616191150 24
000001122014041 00000112 2014 04 15 11 7311 10:00 10:59 0054 1 236 0 _ _ 1 1 20140616191150 24
000001122014041 00000112 2014 04 22 11 7311 10:00 10:59 0054 1 236 0 _ _ 1 1 20140616191150 24
000001122014041 00000112 2014 04 29 11 7311 10:00 10:59 0054 1 236 0 _ _ 1 1 20140616191150 24
000001122014042 00000112 2014 04 11 11 1211 15:30 16:29 0054 1 404 0 _ _ 1 1 20140616191150 24
000001122014042 00000112 2014 04 18 11 1211 15:30 16:29 0054 1 404 0 _ _ 1 1 20140616191150 24
000001122014042 00000112 2014 04 25 11 1211 15:30 16:29 0054 1 404 0 _ _ 1 1 20140616191150 24
000001122014043 00000112 2014 04 07 13 1521 11:00 11:59 0031 1 286 0 _ _ 1 1 20140616191150 24
000001122014043 00000112 2014 04 15 13 1521 11:00 11:59 0031 1 286 0 _ _ 1 1 20140616191150 24
000001122014043 00000112 2014 04 22 13 1521 11:00 11:59 0031 1 286 0 _ _ 1 1 20140616191150 24
000001122014043 00000112 2014 04 30 13 1521 11:00 11:59 0031 1 286 0 _ _ 1 1 20140616191150 24
000001122014044 00000112 2014 04 01 17 1007 _ _ 0093 1 300 0 _ _ 1 1 20140616191150 24
000001122014051 00000112 2014 05 08 13 1521 11:00 11:59 0031 1 286 0 _ _ 1 1 20140811160845 24
000001122014051 00000112 2014 05 13 13 1521 11:00 11:59 0031 1 286 0 _ _ 1 1 20140811160845 24
000001122014051 00000112 2014 05 20 13 1521 11:00 11:59 0031 1 286 0 _ _ 1 1 20140811160845 24
000001122014051 00000112 2014 05 29 13 1521 11:00 11:59 0031 1 286 0 _ _ 1 1 20140811160845 24
000001122014052 00000112 2014 05 06 11 7311 10:00 10:59 0054 1 236 0 _ _ 1 1 20140811160845 24
000001122014052 00000112 2014 05 13 11 7311 10:00 10:59 0054 1 236 0 _ _ 1 1 20140811160845 24
000001122014052 00000112 2014 05 20 11 7311 10:00 10:59 0054 1 236 0 _ _ 1 1 20140811160845 24
000001122014052 00000112 2014 05 27 11 7311 10:00 10:59 0054 1 236 0 _ _ 1 1 20140811160845 24
000001122014053 00000112 2014 05 02 11 1211 15:30 16:29 0054 1 404 0 _ _ 1 1 20140811160845 24
000001122014053 00000112 2014 05 09 11 1211 15:30 16:29 0054 1 404 0 _ _ 1 1 20140811160845 24
000001122014053 00000112 2014 05 13 11 1211 15:30 16:29 0054 1 404 0 _ _ 1 1 20140811160845 24
000001122014053 00000112 2014 05 16 11 1211 15:30 16:29 0054 1 404 0 _ _ 1 1 20140811160845 24
000001122014053 00000112 2014 05 20 11 1211 15:30 16:29 0054 1 404 0 _ _ 1 1 20140811160845 24
000001122014053 00000112 2014 05 23 11 1211 15:30 16:29 0054 1 404 0 _ _ 1 1 20140811160845 24
000001122014053 00000112 2014 05 28 11 1211 15:30 16:29 0054 1 404 0 _ _ 1 1 20140811160845 24
000001122014053 00000112 2014 05 30 11 1211 15:30 16:29 0054 1 404 0 _ _ 1 1 20140811160845 24
000001122014054 00000112 2014 05 01 17 1007 _ _ 0093 1 300 0 _ _ 1 1 20140811160845 24
000001122014061 00000112 2014 06 03 13 1521 11:00 11:59 0031 1 286 0 _ _ 1 1 20140702120851 25
000001122014061 00000112 2014 06 10 13 1521 11:00 11:59 0031 1 286 0 _ _ 1 1 20140702120851 25
000001122014061 00000112 2014 06 17 13 1521 11:00 11:59 0031 1 286 0 _ _ 1 1 20140702120851 25
000001122014061 00000112 2014 06 24 13 1521 11:00 11:59 0031 1 286 0 _ _ 1 1 20140702120851 25
000001122014062 00000112 2014 06 03 11 7311 10:00 10:59 0054 1 236 0 _ _ 1 1 20140702120851 25
000001122014062 00000112 2014 06 10 11 7311 10:00 10:59 0054 1 236 0 _ _ 1 1 20140702120851 25
000001122014062 00000112 2014 06 17 11 7311 10:00 10:59 0054 1 236 0 _ _ 1 1 20140702120851 25
000001122014062 00000112 2014 06 24 11 7311 10:00 10:59 0054 1 236 0 _ _ 1 1 20140702120851 25
000001122014063 00000112 2014 06 03 11 1211 15:30 16:29 0054 1 404 0 _ _ 1 1 20140702120851 25
000001122014063 00000112 2014 06 06 11 1211 15:30 16:29 0054 1 404 0 _ _ 1 1 20140702120851 25
000001122014063 00000112 2014 06 10 11 1211 15:30 16:29 0054 1 404 0 _ _ 1 1 20140702120851 25
000001122014063 00000112 2014 06 13 11 1211 15:30 16:29 0054 1 404 0 _ _ 1 1 20140702120851 25
000001122014063 00000112 2014 06 17 11 1211 15:30 16:29 0054 1 404 0 _ _ 1 1 20140702120851 25
000001122014063 00000112 2014 06 20 11 1211 15:30 16:29 0054 1 404 0 _ _ 1 1 20140702120851 25
000001122014063 00000112 2014 06 24 11 1211 15:30 16:29 0054 1 404 0 _ _ 1 1 20140702120851 25
000001122014063 00000112 2014 06 27 11 1211 15:30 16:29 0054 1 404 0 _ _ 1 1 20140702120851 25
000001122014064 00000112 2014 06 01 17 1007 _ _ 0093 1 300 0 _ _ 1 1 20140702120851 25
000001122014071 00000112 2014 07 29 13 1521 11:00 11:59 0031 1 286 0 _ _ 1 1 20140805201320 24
000001122014072 00000112 2014 07 01 11 7311 10:00 10:59 0054 1 236 0 _ _ 1 1 20140805201320 24
000001122014072 00000112 2014 07 29 11 7311 10:00 10:59 0054 1 236 0 _ _ 1 1 20140805201320 24
000001122014073 00000112 2014 07 01 11 1211 15:30 16:29 0054 1 404 0 _ _ 1 1 20140805201320 24
000001122014073 00000112 2014 07 25 11 1211 15:30 16:29 0054 1 404 0 _ _ 1 1 20140805201320 24
000001122014073 00000112 2014 07 29 11 1211 15:30 16:29 0054 1 404 0 _ _ 1 1 20140805201320 24
000001122014074 00000112 2014 07 01 17 1007 _ _ 0093 1 300 0 _ _ 1 1 20140805201320 24
000001122014081 00000112 2014 08 27 13 1211 09:45 10:30 0031 1 834 0 _ _ 1 1 20140904115311 25
000001122014081 00000112 2014 08 29 13 1211 09:45 10:30 0031 1 834 0 _ _ 1 1 20140904115311 25
0000011220140810 00000112 2014 08 05 11 7311 10:00 10:59 0054 1 236 0 _ _ 1 1 20140904115311 25
0000011220140810 00000112 2014 08 12 11 7311 10:00 10:59 0054 1 236 0 _ _ 1 1 20140904115311 25
0000011220140810 00000112 2014 08 19 11 7311 10:00 10:59 0054 1 236 0 _ _ 1 1 20140904115311 25
0000011220140810 00000112 2014 08 26 11 7311 10:00 10:59 0054 1 236 0 _ _ 1 1 20140904115311 25
0000011220140811 00000112 2014 08 01 11 1211 15:30 16:29 0054 1 404 0 _ _ 1 1 20140904115311 25
0000011220140811 00000112 2014 08 05 11 1211 15:30 16:29 0054 1 404 0 _ _ 1 1 20140904115311 25
0000011220140811 00000112 2014 08 08 11 1211 15:30 16:29 0054 1 404 0 _ _ 1 1 20140904115311 25
0000011220140811 00000112 2014 08 12 11 1211 15:30 16:29 0054 1 404 0 _ _ 1 1 20140904115311 25
0000011220140811 00000112 2014 08 15 11 1211 15:30 16:29 0054 1 404 0 _ _ 1 1 20140904115311 25
0000011220140811 00000112 2014 08 19 11 1211 15:30 16:29 0054 1 404 0 _ _ 1 1 20140904115311 25
0000011220140811 00000112 2014 08 22 11 1211 15:30 16:29 0054 1 404 0 _ _ 1 1 20140904115311 25
0000011220140811 00000112 2014 08 26 11 1211 15:30 16:29 0054 1 404 0 _ _ 1 1 20140904115311 25
0000011220140811 00000112 2014 08 29 11 1211 15:30 16:29 0054 1 404 0 _ _ 1 1 20140904115311 25
0000011220140812 00000112 2014 08 01 17 1007 _ _ 0093 1 300 0 _ _ 1 1 20140904115311 25
000001122014082 00000112 2014 08 28 13 1211 09:45 10:40 0031 1 834 0 _ _ 1 1 20140904115311 25
000001122014083 00000112 2014 08 15 13 1111 09:50 10:19 0031 1 474 0 _ _ 1 1 20140904115311 25
000001122014084 00000112 2014 08 21 13 1211 09:50 10:49 0031 1 834 0 _ _ 1 1 20140904115311 25
000001122014085 00000112 2014 08 13 13 1111 10:00 10:29 0031 1 474 0 _ _ 1 1 20140904115311 25
000001122014085 00000112 2014 08 14 13 1111 10:00 10:29 0031 1 474 0 _ _ 1 1 20140904115311 25
000001122014085 00000112 2014 08 18 13 1111 10:00 10:29 0031 1 474 0 _ _ 1 1 20140904115311 25
000001122014085 00000112 2014 08 22 13 1111 10:00 10:29 0031 1 474 0 _ _ 1 1 20140904115311 25
000001122014086 00000112 2014 08 25 13 1211 10:00 10:45 0031 1 834 0 _ _ 1 1 20140904115311 25
000001122014087 00000112 2014 08 19 13 1211 10:00 10:59 0031 1 834 0 _ _ 1 1 20140904115311 25
000001122014088 00000112 2014 08 30 13 1111 11:00 11:29 0031 1 474 0 _ _ 1 1 20140904115311 25
000001122014089 00000112 2014 08 19 13 1501 11:00 11:39 0031 1 318 0 _ _ 1 1 20140904115311 25
000001122014089 00000112 2014 08 26 13 1501 11:00 11:39 0031 1 318 0 _ _ 1 1 20140904115311 25
000001122014091 00000112 2014 09 01 13 1111 09:30 09:59 0031 1 474 0 _ _ 1 1 20141003182653 25
000001122014091 00000112 2014 09 03 13 1111 09:30 09:59 0031 1 474 0 _ _ 1 1 20141003182653 25
000001122014091 00000112 2014 09 05 13 1111 09:30 09:59 0031 1 474 0 _ _ 1 1 20141003182653 25
000001122014091 00000112 2014 09 08 13 1111 09:30 09:59 0031 1 474 0 _ _ 1 1 20141003182653 25
000001122014091 00000112 2014 09 10 13 1111 09:30 09:59 0031 1 474 0 _ _ 1 1 20141003182653 25
000001122014091 00000112 2014 09 12 13 1111 09:30 09:59 0031 1 474 0 _ _ 1 1 20141003182653 25
000001122014091 00000112 2014 09 15 13 1111 09:30 09:59 0031 1 474 0 _ _ 1 1 20141003182653 25
000001122014091 00000112 2014 09 17 13 1111 09:30 09:59 0031 1 474 0 _ _ 1 1 20141003182653 25
000001122014091 00000112 2014 09 19 13 1111 09:30 09:59 0031 1 474 0 _ _ 1 1 20141003182653 25
000001122014091 00000112 2014 09 22 13 1111 09:30 09:59 0031 1 474 0 _ _ 1 1 20141003182653 25
000001122014091 00000112 2014 09 24 13 1111 09:30 09:59 0031 1 474 0 _ _ 1 1 20141003182653 25
000001122014091 00000112 2014 09 26 13 1111 09:30 09:59 0031 1 474 0 _ _ 1 1 20141003182653 25
000001122014091 00000112 2014 09 29 13 1111 09:30 09:59 0031 1 474 0 _ _ 1 1 20141003182653 25
000001122014092 00000112 2014 09 02 13 1501 11:00 11:39 0031 1 318 0 _ _ 1 1 20141003182653 25
000001122014092 00000112 2014 09 16 13 1501 11:00 11:39 0031 1 318 0 _ _ 1 1 20141003182653 25
000001122014092 00000112 2014 09 30 13 1501 11:00 11:39 0031 1 318 0 _ _ 1 1 20141003182653 25
000001122014093 00000112 2014 09 01 13 3100 _ _ 0031 1 540 0 _ _ 1 1 20141003182653 25
000001122014094 00000112 2014 09 02 11 7311 10:00 10:59 0054 1 236 0 _ _ 1 1 20141003182653 25
000001122014094 00000112 2014 09 09 11 7311 10:00 10:59 0054 1 236 0 _ _ 1 1 20141003182653 25
000001122014094 00000112 2014 09 16 11 7311 10:00 10:59 0054 1 236 0 _ _ 1 1 20141003182653 25
000001122014094 00000112 2014 09 23 11 7311 10:00 10:59 0054 1 236 0 _ _ 1 1 20141003182653 25
000001122014094 00000112 2014 09 30 11 7311 10:00 10:59 0054 1 236 0 _ _ 1 1 20141003182653 25
000001122014095 00000112 2014 09 02 11 1211 15:30 16:29 0054 1 404 0 _ _ 1 1 20141003182653 25
000001122014095 00000112 2014 09 05 11 1211 15:30 16:29 0054 1 404 0 _ _ 1 1 20141003182653 25
000001122014095 00000112 2014 09 09 11 1211 15:30 16:29 0054 1 404 0 _ _ 1 1 20141003182653 25
000001122014095 00000112 2014 09 12 11 1211 15:30 16:29 0054 1 404 0 _ _ 1 1 20141003182653 25
000001122014095 00000112 2014 09 16 11 1211 15:30 16:29 0054 1 404 0 _ _ 1 1 20141003182653 25
000001122014095 00000112 2014 09 19 11 1211 15:30 16:29 0054 1 404 0 _ _ 1 1 20141003182653 25
000001122014095 00000112 2014 09 23 11 1211 15:30 16:29 0054 1 404 0 _ _ 1 1 20141003182653 25
000001122014095 00000112 2014 09 26 11 1211 15:30 16:29 0054 1 404 0 _ _ 1 1 20141003182653 25
000001122014095 00000112 2014 09 30 11 1211 15:30 16:29 0054 1 404 0 _ _ 1 1 20141003182653 25
000001122014096 00000112 2014 09 01 17 1007 _ _ 0093 1 300 0 _ _ 1 1 20141003182653 25
000001122014101 00000112 2014 10 21 13 1212 06:35 07:34 0031 1 1043 0 _ _ 1 1 20141105101352 25
0000011220141010 00000112 2014 10 07 11 7311 10:00 10:59 0054 1 236 0 _ _ 1 1 20141105101352 25
0000011220141010 00000112 2014 10 14 11 7311 10:00 10:59 0054 1 236 0 _ _ 1 1 20141105101352 25
0000011220141010 00000112 2014 10 21 11 7311 10:00 10:59 0054 1 236 0 _ _ 1 1 20141105101352 25
0000011220141010 00000112 2014 10 28 11 7311 10:00 10:59 0054 1 236 0 _ _ 1 1 20141105101352 25
0000011220141012 00000112 2014 10 03 11 1211 15:30 16:29 0054 1 404 0 _ _ 1 1 20141105101352 25
0000011220141012 00000112 2014 10 07 11 1211 15:30 16:29 0054 1 404 0 _ _ 1 1 20141105101352 25
0000011220141012 00000112 2014 10 10 11 1211 15:30 16:29 0054 1 404 0 _ _ 1 1 20141105101352 25
0000011220141012 00000112 2014 10 14 11 1211 15:30 16:29 0054 1 404 0 _ _ 1 1 20141105101352 25
0000011220141012 00000112 2014 10 17 11 1211 15:30 16:29 0054 1 404 0 _ _ 1 1 20141105101352 25
0000011220141012 00000112 2014 10 21 11 1211 15:30 16:29 0054 1 404 0 _ _ 1 1 20141105101352 25
0000011220141012 00000112 2014 10 24 11 1211 15:30 16:29 0054 1 404 0 _ _ 1 1 20141105101352 25
0000011220141012 00000112 2014 10 28 11 1211 15:30 16:29 0054 1 404 0 _ _ 1 1 20141105101352 25
0000011220141012 00000112 2014 10 31 11 1211 15:30 16:29 0054 1 404 0 _ _ 1 1 20141105101352 25
0000011220141013 00000112 2014 10 01 17 1007 _ _ 0093 1 300 0 _ _ 1 1 20141105101352 25
000001122014102 00000112 2014 10 01 13 1111 09:30 09:59 0031 1 474 0 _ _ 1 1 20141105101352 25
000001122014102 00000112 2014 10 03 13 1111 09:30 09:59 0031 1 474 0 _ _ 1 1 20141105101352 25
000001122014102 00000112 2014 10 06 13 1111 09:30 09:59 0031 1 474 0 _ _ 1 1 20141105101352 25
000001122014102 00000112 2014 10 08 13 1111 09:30 09:59 0031 1 474 0 _ _ 1 1 20141105101352 25
000001122014102 00000112 2014 10 10 13 1111 09:30 09:59 0031 1 474 0 _ _ 1 1 20141105101352 25
000001122014102 00000112 2014 10 13 13 1111 09:30 09:59 0031 1 474 0 _ _ 1 1 20141105101352 25
000001122014102 00000112 2014 10 15 13 1111 09:30 09:59 0031 1 474 0 _ _ 1 1 20141105101352 25
000001122014102 00000112 2014 10 17 13 1111 09:30 09:59 0031 1 474 0 _ _ 1 1 20141105101352 25
000001122014102 00000112 2014 10 20 13 1111 09:30 09:59 0031 1 474 0 _ _ 1 1 20141105101352 25
000001122014102 00000112 2014 10 22 13 1111 09:30 09:59 0031 1 474 0 _ _ 1 1 20141105101352 25
000001122014102 00000112 2014 10 24 13 1111 09:30 09:59 0031 1 474 0 _ _ 1 1 20141105101352 25
000001122014102 00000112 2014 10 27 13 1111 09:30 09:59 0031 1 474 0 _ _ 1 1 20141105101352 25
000001122014102 00000112 2014 10 29 13 1111 09:30 09:59 0031 1 474 0 _ _ 1 1 20141105101352 25
000001122014102 00000112 2014 10 31 13 1111 09:30 09:59 0031 1 474 0 _ _ 1 1 20141105101352 25
000001122014105 00000112 2014 10 10 13 1111 09:50 10:19 0031 1 474 0 _ _ 1 1 20141105101352 25
000001122014106 00000112 2014 10 07 13 1501 11:00 11:39 0031 1 318 0 _ _ 1 1 20141105101352 25
000001122014106 00000112 2014 10 14 13 1501 11:00 11:39 0031 1 318 0 _ _ 1 1 20141105101352 25
000001122014106 00000112 2014 10 21 13 1501 11:00 11:39 0031 1 318 0 _ _ 1 1 20141105101352 25
000001122014106 00000112 2014 10 28 13 1501 11:00 11:39 0031 1 318 0 _ _ 1 1 20141105101352 25
000001122014107 00000112 2014 10 15 13 1211 16:45 17:30 0031 1 834 0 _ _ 1 1 20141105101352 25
000001122014109 00000112 2014 10 01 13 3100 _ _ 0031 1 540 0 _ _ 1 1 20141105101352 25
000001122014111 00000112 2014 11 04 11 1211 15:30 16:29 0054 1 404 0 _ _ 1 1 20141013175123 25
000001122014111 00000112 2014 11 07 11 1211 15:30 16:29 0054 1 404 0 _ _ 1 1 20141013175123 25
000001122014111 00000112 2014 11 11 11 1211 15:30 16:29 0054 1 404 0 _ _ 1 1 20141013175123 25
000001122014111 00000112 2014 11 14 11 1211 15:30 16:29 0054 1 404 0 _ _ 1 1 20141013175123 25
000001122014111 00000112 2014 11 18 11 1211 15:30 16:29 0054 1 404 0 _ _ 1 1 20141013175123 25
000001122014111 00000112 2014 11 21 11 1211 15:30 16:29 0054 1 404 0 _ _ 1 1 20141013175123 25
000001122014111 00000112 2014 11 25 11 1211 15:30 16:29 0054 1 404 0 _ _ 1 1 20141013175123 25
000001122014111 00000112 2014 11 28 11 1211 15:30 16:29 0054 1 404 0 _ _ 1 1 20141013175123 25
000001122014112 00000112 2014 11 04 11 7311 10:00 10:59 0054 1 236 0 _ _ 1 1 20141013175123 25
000001122014112 00000112 2014 11 11 11 7311 10:00 10:59 0054 1 236 0 _ _ 1 1 20141013175123 25
000001122014112 00000112 2014 11 18 11 7311 10:00 10:59 0054 1 236 0 _ _ 1 1 20141013175123 25
000001122014112 00000112 2014 11 25 11 7311 10:00 10:59 0054 1 236 0 _ _ 1 1 20141013175123 25
000001122014113 00000112 2014 11 03 13 1111 09:30 09:59 0031 1 474 0 _ _ 1 1 20141013175123 25
000001122014113 00000112 2014 11 05 13 1111 09:30 09:59 0031 1 474 0 _ _ 1 1 20141013175123 25
000001122014113 00000112 2014 11 07 13 1111 09:30 09:59 0031 1 474 0 _ _ 1 1 20141013175123 25
000001122014113 00000112 2014 11 10 13 1111 09:30 09:59 0031 1 474 0 _ _ 1 1 20141013175123 25
000001122014113 00000112 2014 11 12 13 1111 09:30 09:59 0031 1 474 0 _ _ 1 1 20141013175123 25
000001122014113 00000112 2014 11 14 13 1111 09:30 09:59 0031 1 474 0 _ _ 1 1 20141013175123 25
000001122014113 00000112 2014 11 17 13 1111 09:30 09:59 0031 1 474 0 _ _ 1 1 20141013175123 25
000001122014113 00000112 2014 11 19 13 1111 09:30 09:59 0031 1 474 0 _ _ 1 1 20141013175123 25
000001122014113 00000112 2014 11 21 13 1111 09:30 09:59 0031 1 474 0 _ _ 1 1 20141013175123 25
000001122014113 00000112 2014 11 24 13 1111 09:30 09:59 0031 1 474 0 _ _ 1 1 20141013175123 25
000001122014113 00000112 2014 11 26 13 1111 09:30 09:59 0031 1 474 0 _ _ 1 1 20141013175123 25
000001122014113 00000112 2014 11 28 13 1111 09:30 09:59 0031 1 474 0 _ _ 1 1 20141013175123 25
000001122014114 00000112 2014 11 04 13 1501 11:00 11:39 0031 1 318 0 _ _ 1 1 20141013175123 25
000001122014114 00000112 2014 11 11 13 1501 11:00 11:39 0031 1 318 0 _ _ 1 1 20141013175123 25
000001122014114 00000112 2014 11 18 13 1501 11:00 11:39 0031 1 318 0 _ _ 1 1 20141013175123 25
000001122014114 00000112 2014 11 25 13 1501 11:00 11:39 0031 1 318 0 _ _ 1 1 20141013175123 25
000001122014115 00000112 2014 11 01 17 1007 _ _ 0093 1 300 0 _ _ 1 1 20141013175123 25
