000001352014051 00000135 2014 05 09 11 1211 1 13:15 14:00 0070 1 404 0 _ _ 1 20140818182956 24
000001352014051 00000135 2014 05 13 11 1211 1 13:15 14:00 0070 1 404 0 _ _ 1 20140818182956 24
000001352014051 00000135 2014 05 16 11 1211 1 13:15 14:00 0070 1 404 0 _ _ 1 20140818182956 24
000001352014051 00000135 2014 05 20 11 1211 1 13:15 14:00 0070 1 404 0 _ _ 1 20140818182956 24
000001352014051 00000135 2014 05 27 11 1211 1 13:15 14:00 0070 1 404 0 _ _ 1 20140818182956 24
000001352014052 00000135 2014 05 09 11 4001 1 13:15 14:00 0070 1 200 0 _ _ 1 20140818182956 24
000001352014053 00000135 2014 05 01 17 1001 1 _ _ 0065 1 700 0 _ _ 1 20140818182956 24
000001352014061 00000135 2014 06 03 11 1211 1 13:15 14:00 0070 1 404 0 _ _ 1 20140703180530 11
000001352014061 00000135 2014 06 10 11 1211 1 13:15 14:00 0070 1 404 0 _ _ 1 20140703180530 11
000001352014062 00000135 2014 06 01 17 1001 1 _ _ 0065 1 350 0 _ _ 1 20140703180530 11
000001352014081 00000135 2014 08 19 11 1211 1 13:15 14:00 0070 1 404 0 _ _ 1 20140903193257 11
000001352014081 00000135 2014 08 22 11 1211 1 13:15 14:00 0070 1 404 0 _ _ 1 20140903193257 11
000001352014082 00000135 2014 08 19 17 1001 1 _ _ 0065 1 350 0 _ _ 1 20140903193257 11
000001352014083 00000135 2014 08 19 17 1005 1 _ _ 0065 1 411 0 _ _ 1 20140903193257 11
000001352014101 00000135 2014 10 24 11 4847 1 02:50 03:00 0070 1 257 0 _ _ 1 20141101191852 11
000001352014101 00000135 2014 10 25 11 4847 1 02:50 03:00 0070 1 257 0 _ _ 1 20141101191852 11
000001352014101 00000135 2014 10 26 11 4847 1 02:50 03:00 0070 1 257 0 _ _ 1 20141101191852 11
000001352014101 00000135 2014 10 27 11 4847 1 02:50 03:00 0070 1 257 0 _ _ 1 20141101191852 11
000001352014101 00000135 2014 10 28 11 4847 1 02:50 03:00 0070 1 257 0 _ _ 1 20141101191852 11
000001352014101 00000135 2014 10 29 11 4847 1 02:50 03:00 0070 1 257 0 _ _ 1 20141101191852 11
000001352014101 00000135 2014 10 30 11 4847 1 02:50 03:00 0070 1 257 0 _ _ 1 20141101191852 11
000001352014101 00000135 2014 10 31 11 4847 1 02:50 03:00 0070 1 257 0 _ _ 1 20141101191852 11
000001352014102 00000135 2014 10 24 11 1211 1 15:30 16:15 0070 1 404 0 _ _ 1 20141101191852 11
000001352014103 00000135 2014 10 28 11 1211 1 15:50 16:35 0070 1 404 0 _ _ 1 20141101191852 11
000001352014104 00000135 2014 10 24 11 4847 1 22:50 23:00 0070 1 257 0 _ _ 1 20141101191852 11
000001352014104 00000135 2014 10 25 11 4847 1 22:50 23:00 0070 1 257 0 _ _ 1 20141101191852 11
000001352014104 00000135 2014 10 26 11 4847 1 22:50 23:00 0070 1 257 0 _ _ 1 20141101191852 11
000001352014104 00000135 2014 10 27 11 4847 1 22:50 23:00 0070 1 257 0 _ _ 1 20141101191852 11
000001352014104 00000135 2014 10 28 11 4847 1 22:50 23:00 0070 1 257 0 _ _ 1 20141101191852 11
000001352014104 00000135 2014 10 29 11 4847 1 22:50 23:00 0070 1 257 0 _ _ 1 20141101191852 11
000001352014104 00000135 2014 10 30 11 4847 1 22:50 23:00 0070 1 257 0 _ _ 1 20141101191852 11
000001352014104 00000135 2014 10 31 11 4847 1 22:50 23:00 0070 1 257 0 _ _ 1 20141101191852 11
000001352014105 00000135 2014 10 23 17 1001 1 _ _ 0065 1 350 0 _ _ 1 20141101191852 11
000001352014106 00000135 2014 10 23 17 1005 1 _ _ 0065 1 411 0 _ _ 1 20141101191852 11
000001352014111 00000135 2014 11 01 11 4847 1 02:50 03:00 0070 1 257 0 _ _ 1 20141202221314 11
000001352014111 00000135 2014 11 02 11 4847 1 02:50 03:00 0070 1 257 0 _ _ 1 20141202221314 11
000001352014111 00000135 2014 11 03 11 4847 1 02:50 03:00 0070 1 257 0 _ _ 1 20141202221314 11
000001352014111 00000135 2014 11 04 11 4847 1 02:50 03:00 0070 1 257 0 _ _ 1 20141202221314 11
000001352014111 00000135 2014 11 05 11 4847 1 02:50 03:00 0070 1 257 0 _ _ 1 20141202221314 11
000001352014111 00000135 2014 11 06 11 4847 1 02:50 03:00 0070 1 257 0 _ _ 1 20141202221314 11
000001352014111 00000135 2014 11 07 11 4847 1 02:50 03:00 0070 1 257 0 _ _ 1 20141202221314 11
000001352014111 00000135 2014 11 08 11 4847 1 02:50 03:00 0070 1 257 0 _ _ 1 20141202221314 11
000001352014111 00000135 2014 11 09 11 4847 1 02:50 03:00 0070 1 257 0 _ _ 1 20141202221314 11
000001352014111 00000135 2014 11 10 11 4847 1 02:50 03:00 0070 1 257 0 _ _ 1 20141202221314 11
000001352014111 00000135 2014 11 11 11 4847 1 02:50 03:00 0070 1 257 0 _ _ 1 20141202221314 11
000001352014111 00000135 2014 11 12 11 4847 1 02:50 03:00 0070 1 257 0 _ _ 1 20141202221314 11
000001352014111 00000135 2014 11 13 11 4847 1 02:50 03:00 0070 1 257 0 _ _ 1 20141202221314 11
000001352014111 00000135 2014 11 14 11 4847 1 02:50 03:00 0070 1 257 0 _ _ 1 20141202221314 11
000001352014111 00000135 2014 11 15 11 4847 1 02:50 03:00 0070 1 257 0 _ _ 1 20141202221314 11
000001352014111 00000135 2014 11 16 11 4847 1 02:50 03:00 0070 1 257 0 _ _ 1 20141202221314 11
000001352014111 00000135 2014 11 17 11 4847 1 02:50 03:00 0070 1 257 0 _ _ 1 20141202221314 11
000001352014111 00000135 2014 11 18 11 4847 1 02:50 03:00 0070 1 257 0 _ _ 1 20141202221314 11
000001352014111 00000135 2014 11 19 11 4847 1 02:50 03:00 0070 1 257 0 _ _ 1 20141202221314 11
000001352014111 00000135 2014 11 20 11 4847 1 02:50 03:00 0070 1 257 0 _ _ 1 20141202221314 11
000001352014111 00000135 2014 11 21 11 4847 1 02:50 03:00 0070 1 257 0 _ _ 1 20141202221314 11
000001352014111 00000135 2014 11 22 11 4847 1 02:50 03:00 0070 1 257 0 _ _ 1 20141202221314 11
000001352014111 00000135 2014 11 23 11 4847 1 02:50 03:00 0070 1 257 0 _ _ 1 20141202221314 11
000001352014111 00000135 2014 11 24 11 4847 1 02:50 03:00 0070 1 257 0 _ _ 1 20141202221314 11
000001352014111 00000135 2014 11 25 11 4847 1 02:50 03:00 0070 1 257 0 _ _ 1 20141202221314 11
000001352014111 00000135 2014 11 26 11 4847 1 02:50 03:00 0070 1 257 0 _ _ 1 20141202221314 11
000001352014111 00000135 2014 11 27 11 4847 1 02:50 03:00 0070 1 257 0 _ _ 1 20141202221314 11
000001352014111 00000135 2014 11 28 11 4847 1 02:50 03:00 0070 1 257 0 _ _ 1 20141202221314 11
000001352014111 00000135 2014 11 29 11 4847 1 02:50 03:00 0070 1 257 0 _ _ 1 20141202221314 11
000001352014111 00000135 2014 11 30 11 4847 1 02:50 03:00 0070 1 257 0 _ _ 1 20141202221314 11
000001352014112 00000135 2014 11 21 11 1211 1 15:30 16:15 0070 1 404 0 _ _ 1 20141202221314 11
000001352014112 00000135 2014 11 28 11 1211 1 15:30 16:15 0070 1 404 0 _ _ 1 20141202221314 11
000001352014113 00000135 2014 11 07 11 5111 1 15:30 16:35 0070 1 474 0 _ _ 1 20141202221314 11
000001352014114 00000135 2014 11 04 11 1211 1 15:50 16:35 0070 1 404 0 _ _ 1 20141202221314 11
000001352014114 00000135 2014 11 14 11 1211 1 15:50 16:35 0070 1 404 0 _ _ 1 20141202221314 11
000001352014114 00000135 2014 11 18 11 1211 1 15:50 16:35 0070 1 404 0 _ _ 1 20141202221314 11
000001352014115 00000135 2014 11 11 11 5111 1 15:50 16:55 0070 1 474 0 _ _ 1 20141202221314 11
000001352014115 00000135 2014 11 25 11 5111 1 15:50 16:55 0070 1 474 0 _ _ 1 20141202221314 11
000001352014116 00000135 2014 11 01 11 4847 1 22:50 23:00 0070 1 257 0 _ _ 1 20141202221314 11
000001352014116 00000135 2014 11 02 11 4847 1 22:50 23:00 0070 1 257 0 _ _ 1 20141202221314 11
000001352014116 00000135 2014 11 03 11 4847 1 22:50 23:00 0070 1 257 0 _ _ 1 20141202221314 11
000001352014116 00000135 2014 11 04 11 4847 1 22:50 23:00 0070 1 257 0 _ _ 1 20141202221314 11
000001352014116 00000135 2014 11 05 11 4847 1 22:50 23:00 0070 1 257 0 _ _ 1 20141202221314 11
000001352014116 00000135 2014 11 06 11 4847 1 22:50 23:00 0070 1 257 0 _ _ 1 20141202221314 11
000001352014116 00000135 2014 11 07 11 4847 1 22:50 23:00 0070 1 257 0 _ _ 1 20141202221314 11
000001352014116 00000135 2014 11 08 11 4847 1 22:50 23:00 0070 1 257 0 _ _ 1 20141202221314 11
000001352014116 00000135 2014 11 09 11 4847 1 22:50 23:00 0070 1 257 0 _ _ 1 20141202221314 11
000001352014116 00000135 2014 11 10 11 4847 1 22:50 23:00 0070 1 257 0 _ _ 1 20141202221314 11
000001352014116 00000135 2014 11 11 11 4847 1 22:50 23:00 0070 1 257 0 _ _ 1 20141202221314 11
000001352014116 00000135 2014 11 12 11 4847 1 22:50 23:00 0070 1 257 0 _ _ 1 20141202221314 11
000001352014116 00000135 2014 11 13 11 4847 1 22:50 23:00 0070 1 257 0 _ _ 1 20141202221314 11
000001352014116 00000135 2014 11 14 11 4847 1 22:50 23:00 0070 1 257 0 _ _ 1 20141202221314 11
000001352014116 00000135 2014 11 15 11 4847 1 22:50 23:00 0070 1 257 0 _ _ 1 20141202221314 11
000001352014116 00000135 2014 11 16 11 4847 1 22:50 23:00 0070 1 257 0 _ _ 1 20141202221314 11
000001352014116 00000135 2014 11 17 11 4847 1 22:50 23:00 0070 1 257 0 _ _ 1 20141202221314 11
000001352014116 00000135 2014 11 18 11 4847 1 22:50 23:00 0070 1 257 0 _ _ 1 20141202221314 11
000001352014116 00000135 2014 11 19 11 4847 1 22:50 23:00 0070 1 257 0 _ _ 1 20141202221314 11
000001352014116 00000135 2014 11 20 11 4847 1 22:50 23:00 0070 1 257 0 _ _ 1 20141202221314 11
000001352014116 00000135 2014 11 21 11 4847 1 22:50 23:00 0070 1 257 0 _ _ 1 20141202221314 11
000001352014116 00000135 2014 11 22 11 4847 1 22:50 23:00 0070 1 257 0 _ _ 1 20141202221314 11
000001352014116 00000135 2014 11 23 11 4847 1 22:50 23:00 0070 1 257 0 _ _ 1 20141202221314 11
000001352014116 00000135 2014 11 24 11 4847 1 22:50 23:00 0070 1 257 0 _ _ 1 20141202221314 11
000001352014116 00000135 2014 11 25 11 4847 1 22:50 23:00 0070 1 257 0 _ _ 1 20141202221314 11
000001352014116 00000135 2014 11 26 11 4847 1 22:50 23:00 0070 1 257 0 _ _ 1 20141202221314 11
000001352014116 00000135 2014 11 27 11 4847 1 22:50 23:00 0070 1 257 0 _ _ 1 20141202221314 11
000001352014116 00000135 2014 11 28 11 4847 1 22:50 23:00 0070 1 257 0 _ _ 1 20141202221314 11
000001352014116 00000135 2014 11 29 11 4847 1 22:50 23:00 0070 1 257 0 _ _ 1 20141202221314 11
000001352014116 00000135 2014 11 30 11 4847 1 22:50 23:00 0070 1 257 0 _ _ 1 20141202221314 11
000001352014117 00000135 2014 11 13 17 1001 1 _ _ 0065 1 1200 0 _ _ 1 20141202221314 11
000001352014118 00000135 2014 11 01 17 1005 1 _ _ 0065 1 822 0 _ _ 1 20141202221314 11
