000002252014061 00000225 2014 06 02 11 4111 1 10:30 11:29 0230 1 325 0 _ _ 1 20140701182152 39
000002252014061 00000225 2014 06 09 11 4111 1 10:30 11:29 0230 1 325 0 _ _ 1 20140701182152 39
000002252014061 00000225 2014 06 13 11 4111 1 10:30 11:29 0230 1 325 0 _ _ 1 20140701182152 39
000002252014061 00000225 2014 06 16 11 4111 1 10:30 11:29 0230 1 325 0 _ _ 1 20140701182152 39
000002252014061 00000225 2014 06 20 11 4111 1 10:30 11:29 0230 1 325 0 _ _ 1 20140701182152 39
000002252014061 00000225 2014 06 23 11 4111 1 10:30 11:29 0230 1 325 0 _ _ 1 20140701182152 39
000002252014061 00000225 2014 06 27 11 4111 1 10:30 11:29 0230 1 325 0 _ _ 1 20140701182152 39
000002252014061 00000225 2014 06 30 11 4111 1 10:30 11:29 0230 1 325 0 _ _ 1 20140701182152 39
000002252014062 00000225 2014 06 02 11 1211 1 16:00 16:59 0230 1 404 0 _ _ 1 20140701182152 39
000002252014062 00000225 2014 06 09 11 1211 1 16:00 16:59 0230 1 404 0 _ _ 1 20140701182152 39
000002252014062 00000225 2014 06 13 11 1211 1 16:00 16:59 0230 1 404 0 _ _ 1 20140701182152 39
000002252014062 00000225 2014 06 16 11 1211 1 16:00 16:59 0230 1 404 0 _ _ 1 20140701182152 39
000002252014062 00000225 2014 06 20 11 1211 1 16:00 16:59 0230 1 404 0 _ _ 1 20140701182152 39
000002252014062 00000225 2014 06 23 11 1211 1 16:00 16:59 0230 1 404 0 _ _ 1 20140701182152 39
000002252014062 00000225 2014 06 27 11 1211 1 16:00 16:59 0230 1 404 0 _ _ 1 20140701182152 39
000002252014062 00000225 2014 06 30 11 1211 1 16:00 16:59 0230 1 404 0 _ _ 1 20140701182152 39
000002252014063 00000225 2014 06 01 17 1007 1 _ _ 0219 1 300 0 _ _ 1 20140701182152 39
000002252014071 00000225 2014 07 04 11 4111 1 10:30 11:29 0230 1 325 0 _ _ 1 20140802140210 39
000002252014071 00000225 2014 07 07 11 4111 1 10:30 11:29 0230 1 325 0 _ _ 1 20140802140210 39
000002252014071 00000225 2014 07 11 11 4111 1 10:30 11:29 0230 1 325 0 _ _ 1 20140802140210 39
000002252014071 00000225 2014 07 14 11 4111 1 10:30 11:29 0230 1 325 0 _ _ 1 20140802140210 39
000002252014071 00000225 2014 07 18 11 4111 1 10:30 11:29 0230 1 325 0 _ _ 1 20140802140210 39
000002252014071 00000225 2014 07 21 11 4111 1 10:30 11:29 0230 1 325 0 _ _ 1 20140802140210 39
000002252014071 00000225 2014 07 25 11 4111 1 10:30 11:29 0230 1 325 0 _ _ 1 20140802140210 39
000002252014071 00000225 2014 07 28 11 4111 1 10:30 11:29 0230 1 325 0 _ _ 1 20140802140210 39
000002252014072 00000225 2014 07 04 11 1211 1 16:00 16:59 0230 1 404 0 _ _ 1 20140802140210 39
000002252014072 00000225 2014 07 07 11 1211 1 16:00 16:59 0230 1 404 0 _ _ 1 20140802140210 39
000002252014072 00000225 2014 07 11 11 1211 1 16:00 16:59 0230 1 404 0 _ _ 1 20140802140210 39
000002252014072 00000225 2014 07 14 11 1211 1 16:00 16:59 0230 1 404 0 _ _ 1 20140802140210 39
000002252014072 00000225 2014 07 18 11 1211 1 16:00 16:59 0230 1 404 0 _ _ 1 20140802140210 39
000002252014072 00000225 2014 07 21 11 1211 1 16:00 16:59 0230 1 404 0 _ _ 1 20140802140210 39
000002252014072 00000225 2014 07 25 11 1211 1 16:00 16:59 0230 1 404 0 _ _ 1 20140802140210 39
000002252014072 00000225 2014 07 28 11 1211 1 16:00 16:59 0230 1 404 0 _ _ 1 20140802140210 39
000002252014073 00000225 2014 07 01 17 1007 1 _ _ 0219 1 300 0 _ _ 1 20140802140210 39
