00000215 2013 07 5 24075 1 20140812172616 00078
00000215 2013 08 5 26750 1 20140709104514 00078
00000215 2013 09 5 26750 1 20140703143047 00078
00000215 2013 10 5 26750 1 20140703143946 00078
00000215 2013 11 5 26750 1 20140703144401 00078
00000215 2013 12 5 26750 1 20140703144741 00078
00000215 2014 01 5 26750 1 20140619122603 00078
00000215 2014 02 5 26750 1 20140619123040 00078
00000215 2014 03 5 26750 1 20140619133706 00078
00000215 2014 04 5 26931 1 20140619135054 00078
00000215 2014 05 5 26931 1 20140819105846 00078
00000215 2014 06 5 26931 1 20140701170239 00047
00000215 2014 07 5 26931 1 20140802140256 00047
00000215 2014 08 5 26931 1 20140812124032 00047
00000215 2014 09 5 26931 1 20140816100152 00047
