00000215 2013 07 1 1 00047 1 20140812172551 00078
00000215 2013 08 1 1 00047 1 20140709104442 00078
00000215 2013 09 1 1 00047 1 20140703143021 00078
00000215 2013 10 1 1 00047 1 20140703143933 00078
00000215 2013 11 1 1 00047 1 20140703144352 00078
00000215 2013 12 1 1 00047 1 20140703144731 00078
00000215 2014 01 1 1 00047 1 20140619122550 00078
00000215 2014 02 1 1 00047 1 20140619123015 00078
00000215 2014 03 1 1 00047 1 20140619133623 00078
00000215 2014 04 1 1 00047 1 20140619135027 00078
00000215 2014 05 1 1 00047 1 20140819105830 00078
00000215 2014 06 1 1 00047 1 20140701170220 00047
00000215 2014 07 1 1 00047 1 20140802135505 00047
00000215 2014 08 1 _ 00047 1 20140812124018 00047
00000215 2014 09 1 _ 00047 1 20140816100138 00047
