00000118 2013 12 19 14:30 16:00 11 5111 0070 10.84 1 472 1 20140701160203 00034
00000118 2013 12 26 14:00 15:30 11 5111 0070 10.84 1 472 1 20140701160203 00034
00000118 2014 01 09 14:00 15:30 11 5111 0070 10.84 1 472 1 20140617104147 00034
00000118 2014 01 16 14:00 15:30 11 5111 0070 10.84 1 472 1 20140617104147 00034
00000118 2014 01 23 14:00 15:30 11 5111 0070 10.84 1 472 1 20140617104147 00034
00000118 2014 01 30 14:00 15:30 11 5111 0070 10.84 1 472 1 20140617104147 00034
00000118 2014 02 06 14:00 15:30 11 5111 0070 10.84 1 472 1 20140617105124 00034
00000118 2014 02 13 14:00 15:30 11 5111 0070 10.84 1 472 1 20140617105124 00034
00000118 2014 02 27 14:00 15:30 11 5111 0070 10.84 1 472 1 20140617105124 00034
00000118 2014 03 06 14:00 15:30 11 5111 0070 10.84 1 472 1 20140617105734 00034
00000118 2014 03 13 14:00 15:30 11 5111 0070 10.84 1 472 1 20140617105734 00034
00000118 2014 03 20 14:00 15:30 11 5111 0070 10.84 1 472 1 20140617105734 00034
00000118 2014 03 27 14:00 15:30 11 5111 0070 10.84 1 472 1 20140617105734 00034
00000118 2014 04 03 14:00 15:30 11 5111 0070 10.84 1 474 1 20140617110414 00034
00000118 2014 04 10 14:00 15:30 11 5111 0070 10.84 1 474 1 20140617110414 00034
00000118 2014 04 17 14:00 15:30 11 5111 0070 10.84 1 474 1 20140617110414 00034
00000118 2014 04 24 14:00 15:30 11 5111 0070 10.84 1 474 1 20140617110414 00034
00000118 2014 05 01 14:00 15:30 11 5111 0070 10.84 1 474 1 20140818160850 00034
00000118 2014 05 08 14:00 15:30 11 5111 0070 10.84 1 474 1 20140818160850 00034
00000118 2014 05 15 14:00 15:00 11 7311 0070 10.84 1 236 1 20140818160850 00034
00000118 2014 05 22 14:00 15:30 11 5111 0070 10.84 1 474 1 20140818160850 00034
00000118 2014 05 29 14:00 15:30 11 5111 0070 10.84 1 474 1 20140818160850 00034
00000118 2014 06 05 14:00 15:29 11 5111 0070 10.84 1 474 1 20140701120118 00034
00000118 2014 06 12 14:00 15:29 11 5111 0070 10.84 1 474 1 20140701120118 00034
00000118 2014 06 19 14:00 15:29 11 5111 0070 10.84 1 474 1 20140701120118 00034
00000118 2014 06 26 14:00 15:29 11 5111 0070 10.84 1 474 1 20140701120118 00034
00000118 2014 07 03 14:00 15:29 11 5111 0070 10.84 1 474 1 20140731160942 00037
00000118 2014 07 10 14:00 15:29 11 5111 0070 10.84 1 474 1 20140731160942 00037
00000118 2014 07 17 14:00 15:29 11 5111 0070 10.84 1 474 1 20140731160942 00037
00000118 2014 07 24 14:00 15:29 11 5111 0070 10.84 1 474 1 20140731160942 00037
00000118 2014 07 31 14:00 14:59 11 7311 0070 10.84 1 236 1 20140731160942 00037
00000118 2014 08 07 14:00 15:29 11 5111 0070 10.84 1 474 1 20140830201940 00038
00000118 2014 08 14 14:00 15:29 11 5111 0070 10.84 1 474 1 20140830201940 00038
00000118 2014 08 21 14:00 15:29 11 5111 0070 10.84 1 474 1 20140830201940 00038
00000118 2014 08 28 14:00 15:29 11 5111 0070 10.84 1 474 1 20140830201940 00038
00000118 2014 09 04 14:00 15:29 11 5111 0070 10.84 1 474 1 20140927191411 00038
00000118 2014 09 11 14:00 15:29 11 5111 0070 10.84 1 474 1 20140927191411 00038
00000118 2014 09 18 14:00 15:29 11 5111 0070 10.84 1 474 1 20140927191411 00038
00000118 2014 09 25 14:00 15:29 11 5111 0070 10.84 1 474 1 20140927191411 00038
00000118 2014 10 02 13:45 15:29 11 5211 0070 10.84 1 544 1 20141030195926 00038
00000118 2014 10 09 13:45 15:29 11 5211 0070 10.84 1 544 1 20141030195926 00038
00000118 2014 10 16 13:45 15:29 11 5211 0070 10.84 1 544 1 20141030195926 00038
00000118 2014 10 23 13:45 15:29 11 5211 0070 10.84 1 544 1 20141030195926 00038
00000118 2014 10 30 13:45 15:29 11 5211 0070 10.84 1 544 1 20141030195926 00038
00000118 2014 11 06 13:45 15:29 11 5211 0070 10.84 1 544 1 20141130151715 00038
00000118 2014 11 13 13:45 15:29 11 5211 0070 10.84 1 544 1 20141130151715 00038
00000118 2014 11 20 13:45 15:29 11 5211 0070 10.84 1 544 1 20141130151715 00038
00000118 2014 11 27 13:45 15:29 11 5211 0070 10.84 1 544 1 20141130151715 00038
