00000071 2012 10 12 09:15 10:15 61 1211 0073 10.84 1 2440 1 20140808134022 00034
00000071 2012 10 13 13:00 13:49 61 1211 0073 10.84 1 2440 1 20140808134022 00034
00000071 2012 10 19 09:15 10:15 61 1211 0073 10.84 1 2440 1 20140808134022 00034
00000071 2012 10 26 09:20 10:14 61 1211 0073 10.84 1 2440 1 20140808134022 00034
00000071 2012 10 27 13:10 13:59 61 1211 0073 10.84 1 2440 1 20140808134022 00034
00000071 2012 11 02 09:15 10:15 61 1211 0073 10.84 1 2440 1 20140808135311 00034
00000071 2012 11 09 09:15 10:15 61 1211 0073 10.84 1 2440 1 20140808135311 00034
00000071 2012 11 10 13:15 14:14 61 1211 0073 10.84 1 2440 1 20140808135311 00034
00000071 2012 11 16 09:15 10:15 61 1211 0073 10.84 1 2440 1 20140808135311 00034
00000071 2012 11 23 09:15 10:15 61 1211 0073 10.84 1 2440 1 20140808135311 00034
00000071 2012 11 24 13:00 13:49 61 1211 0073 10.84 1 2440 1 20140808135311 00034
00000071 2012 11 30 09:20 10:14 61 1211 0073 10.84 1 2440 1 20140808135311 00034
00000071 2012 12 01 13:00 14:00 61 1211 0073 10.84 1 2440 1 20140808140143 00034
00000071 2012 12 07 09:15 10:15 61 1211 0073 10.84 1 2440 1 20140808140143 00034
00000071 2012 12 14 09:15 10:15 61 1211 0073 10.84 1 2440 1 20140808140143 00034
00000071 2012 12 15 13:00 14:00 61 1211 0073 10.84 1 2440 1 20140808140143 00034
00000071 2012 12 21 09:15 10:15 61 1211 0073 10.84 1 2440 1 20140808140143 00034
00000071 2012 12 28 09:15 10:15 61 1211 0073 10.84 1 2440 1 20140808140143 00034
00000071 2012 12 29 13:00 13:44 61 1211 0073 10.84 1 2440 1 20140808140143 00034
00000071 2013 01 04 09:20 10:15 61 1211 0073 10.84 1 2440 1 20140724181016 00034
00000071 2013 01 11 09:15 10:15 61 1211 0073 10.84 1 2440 1 20140724181016 00034
00000071 2013 01 12 13:00 14:00 61 1211 0073 10.84 1 2440 1 20140724181016 00034
00000071 2013 01 18 09:15 10:10 61 1211 0073 10.84 1 2440 1 20140724181016 00034
00000071 2013 01 25 09:15 10:15 61 1211 0073 10.84 1 2440 1 20140724181016 00034
00000071 2013 01 26 13:00 14:00 61 1211 0073 10.84 1 2440 1 20140724181016 00034
00000071 2013 02 01 09:10 10:10 61 1211 0073 10.84 1 2440 1 20140724181332 00034
00000071 2013 02 08 09:15 10:15 61 1211 0073 10.84 1 2440 1 20140724181332 00034
00000071 2013 02 09 13:00 14:00 61 1211 0073 10.84 1 2440 1 20140724181332 00034
00000071 2013 02 15 09:15 10:15 61 1211 0073 10.84 1 2440 1 20140724181332 00034
00000071 2013 02 22 09:15 10:15 61 1211 0073 10.84 1 2440 1 20140724181332 00034
00000071 2013 02 23 13:00 14:00 61 1211 0073 10.84 1 2440 1 20140724181332 00034
00000071 2013 03 01 09:15 10:15 61 1211 0073 10.84 1 2440 1 20140724181703 00034
00000071 2013 03 08 09:15 10:15 61 1211 0073 10.84 1 2440 1 20140724181703 00034
00000071 2013 03 09 13:00 14:00 61 1211 0073 10.84 1 2440 1 20140724181703 00034
00000071 2013 03 15 09:15 10:15 61 1211 0073 10.84 1 2440 1 20140724181703 00034
00000071 2013 03 22 09:15 10:15 61 1211 0073 10.84 1 2440 1 20140724181703 00034
00000071 2013 03 23 13:00 13:50 61 1211 0073 10.84 1 2440 1 20140724181703 00034
00000071 2013 03 29 09:15 10:15 61 1211 0073 10.84 1 2440 1 20140724181703 00034
00000071 2013 04 05 09:15 10:15 61 1211 0073 10.84 1 2440 1 20140724182101 00034
00000071 2013 04 06 13:00 14:00 61 1211 0073 10.84 1 2440 1 20140724182101 00034
00000071 2013 04 12 09:15 10:15 61 1211 0073 10.84 1 2440 1 20140724182101 00034
00000071 2013 04 19 09:15 10:15 61 1211 0073 10.84 1 2440 1 20140724182101 00034
00000071 2013 04 20 13:00 14:00 61 1211 0073 10.84 1 2440 1 20140724182101 00034
00000071 2013 04 26 09:15 10:15 61 1211 0073 10.84 1 2440 1 20140724182101 00034
00000071 2013 05 03 09:15 10:15 61 1211 0073 10.84 1 2440 1 20140724182535 00034
00000071 2013 05 04 13:00 14:00 61 1211 0073 10.84 1 2440 1 20140724182535 00034
00000071 2013 05 10 09:15 10:15 61 1211 0073 10.84 1 2440 1 20140724182535 00034
00000071 2013 05 17 09:15 10:15 61 1211 0073 10.84 1 2440 1 20140724182535 00034
00000071 2013 05 18 13:00 14:00 61 1211 0073 10.84 1 2440 1 20140724182535 00034
00000071 2013 05 24 09:15 10:15 61 1211 0073 10.84 1 2440 1 20140724182535 00034
00000071 2013 06 01 13:00 13:50 61 1211 0073 10.84 1 2440 1 20140724183210 00034
00000071 2013 06 09 14:00 15:00 61 1211 0073 10.84 1 2440 1 20140724183210 00034
00000071 2013 06 14 09:15 10:15 61 1211 0073 10.84 1 2440 1 20140724183210 00034
00000071 2013 06 15 13:00 14:00 61 1211 0073 10.84 1 2440 1 20140724183210 00034
00000071 2013 06 21 09:15 10:15 61 1211 0073 10.84 1 2440 1 20140724183210 00034
00000071 2013 06 28 09:15 10:15 61 1211 0073 10.84 1 2440 1 20140724183210 00034
00000071 2013 06 29 13:00 14:00 61 1211 0073 10.84 1 2440 1 20140724183210 00034
00000071 2013 07 05 09:15 10:15 61 1211 0073 10.84 1 2440 1 20140724183703 00034
00000071 2013 07 12 09:15 10:15 61 1211 0073 10.84 1 2440 1 20140724183703 00034
00000071 2013 07 13 13:10 14:00 61 1211 0073 10.84 1 2440 1 20140724183703 00034
00000071 2013 07 19 09:15 10:15 61 1211 0073 10.84 1 2440 1 20140724183703 00034
00000071 2013 07 26 09:15 10:15 61 1211 0073 10.84 1 2440 1 20140724183703 00034
00000071 2013 07 27 13:00 14:00 61 1211 0073 10.84 1 2440 1 20140724183703 00034
00000071 2013 08 02 09:15 10:15 61 1211 0073 10.84 1 2440 1 20140724184131 00034
00000071 2013 08 09 09:15 10:15 61 1211 0073 10.84 1 2440 1 20140724184131 00034
00000071 2013 08 10 13:00 14:00 61 1211 0073 10.84 1 2440 1 20140724184131 00034
00000071 2013 08 16 09:15 10:15 61 1211 0073 10.84 1 2440 1 20140724184131 00034
00000071 2013 08 23 09:15 10:15 61 1211 0073 10.84 1 2440 1 20140724184131 00034
00000071 2013 08 24 13:00 14:00 61 1211 0073 10.84 1 2440 1 20140724184131 00034
00000071 2013 08 30 09:15 10:15 61 1211 0073 10.84 1 2440 1 20140724184131 00034
00000071 2013 09 06 09:15 10:15 61 1211 0073 10.84 1 2440 1 20140627104033 00034
00000071 2013 09 07 13:00 14:00 61 1211 0073 10.84 1 2440 1 20140627104033 00034
00000071 2013 09 13 09:15 10:15 61 1211 0073 10.84 1 2440 1 20140627104033 00034
00000071 2013 09 18 10:30 11:30 61 1211 0073 10.84 1 2440 1 20140627104033 00034
00000071 2013 09 21 13:00 14:00 61 1211 0073 10.84 1 2440 1 20140627104033 00034
00000071 2013 09 27 09:15 10:15 61 1211 0073 10.84 1 2440 1 20140627104033 00034
00000071 2013 10 04 09:15 10:15 61 1211 0073 10.84 1 2440 1 20140627104623 00034
00000071 2013 10 05 13:00 14:00 61 1211 0073 10.84 1 2440 1 20140627104623 00034
00000071 2013 10 11 09:20 10:10 61 1211 0073 10.84 1 2440 1 20140627104623 00034
00000071 2013 10 18 09:15 10:15 61 1211 0073 10.84 1 2440 1 20140627104623 00034
00000071 2013 10 19 13:00 14:00 61 1211 0073 10.84 1 2440 1 20140627104623 00034
00000071 2013 10 25 09:15 10:15 61 1211 0073 10.84 1 2440 1 20140627104623 00034
00000071 2013 11 01 09:15 10:15 61 1211 0073 10.84 1 2440 1 20140627110256 00034
00000071 2013 11 02 13:00 14:00 61 1211 0073 10.84 1 2440 1 20140627110256 00034
00000071 2013 11 08 09:15 10:15 61 1211 0073 10.84 1 2440 1 20140627110256 00034
00000071 2013 11 16 13:00 13:50 61 1211 0073 10.84 1 2440 1 20140627110256 00034
00000071 2013 11 22 09:15 10:15 61 1211 0073 10.84 1 2440 1 20140627110256 00034
00000071 2013 11 29 09:20 10:15 61 1211 0073 10.84 1 2440 1 20140627110256 00034
00000071 2013 11 30 13:00 14:00 61 1211 0073 10.84 1 2440 1 20140627110256 00034
00000071 2013 12 06 09:15 10:15 61 1211 0073 10.84 1 2440 1 20140627110655 00034
00000071 2013 12 13 09:15 10:15 61 1211 0073 10.84 1 2440 1 20140627110655 00034
00000071 2013 12 14 13:00 14:00 61 1211 0073 10.84 1 2440 1 20140627110655 00034
00000071 2013 12 20 09:15 10:15 61 1211 0073 10.84 1 2440 1 20140627110655 00034
00000071 2013 12 27 09:15 10:15 61 1211 0073 10.84 1 2440 1 20140627110655 00034
00000071 2013 12 28 13:00 14:00 61 1211 0073 10.84 1 2440 1 20140627110655 00034
00000071 2014 01 10 09:15 10:15 61 1211 0073 10.84 1 2440 1 20140613111315 00034
00000071 2014 01 11 13:00 14:00 61 1211 0073 10.84 1 2440 1 20140613111315 00034
00000071 2014 01 17 09:15 10:15 61 1211 0073 10.84 1 2440 1 20140613111315 00034
00000071 2014 01 24 09:15 10:15 61 1211 0073 10.84 1 2440 1 20140613111315 00034
00000071 2014 01 25 13:00 14:00 61 1211 0073 10.84 1 2440 1 20140613111315 00034
00000071 2014 01 31 09:15 10:15 61 1211 0073 10.84 1 2440 1 20140613111315 00034
00000071 2014 02 01 13:00 14:00 61 1211 0073 10.84 1 2440 1 20140613111911 00034
00000071 2014 02 07 09:15 10:15 61 1211 0073 10.84 1 2440 1 20140613111911 00034
00000071 2014 02 08 10:15 11:15 61 1211 0073 10.84 1 2440 1 20140613111911 00034
00000071 2014 02 14 09:15 10:15 61 1211 0073 10.84 1 2440 1 20140613111911 00034
00000071 2014 02 21 09:15 10:15 61 1211 0073 10.84 1 2440 1 20140613111911 00034
00000071 2014 02 22 13:00 14:00 61 1211 0073 10.84 1 2440 1 20140613111911 00034
00000071 2014 02 28 09:15 10:15 61 1211 0073 10.84 1 2440 1 20140613111911 00034
00000071 2014 03 01 13:00 14:00 61 1211 0073 10.84 1 2440 1 20140613112755 00034
00000071 2014 03 07 09:15 10:15 61 1211 0073 10.84 1 2440 1 20140613112755 00034
00000071 2014 03 08 13:05 14:05 61 1211 0073 10.84 1 2440 1 20140613112755 00034
00000071 2014 03 14 09:15 10:15 61 1211 0073 10.84 1 2440 1 20140613112755 00034
00000071 2014 03 21 09:30 10:15 61 1211 0073 10.84 1 2440 1 20140613112755 00034
00000071 2014 03 22 13:00 14:00 61 1211 0073 10.84 1 2440 1 20140613112755 00034
00000071 2014 03 28 09:15 10:15 61 1211 0073 10.84 1 2440 1 20140613112755 00034
00000071 2014 04 04 09:15 10:15 61 1211 0073 10.84 1 2452 1 20140613113439 00034
00000071 2014 04 05 13:00 14:00 61 1211 0073 10.84 1 2452 1 20140613113439 00034
00000071 2014 04 12 13:00 14:00 61 1211 0073 10.84 1 2452 1 20140613113439 00034
00000071 2014 04 18 09:15 10:15 61 1211 0073 10.84 1 2452 1 20140613113439 00034
00000071 2014 04 19 13:00 14:00 61 1211 0073 10.84 1 2452 1 20140613113439 00034
00000071 2014 04 25 09:15 10:15 61 1211 0073 10.84 1 2452 1 20140613113439 00034
00000071 2014 05 02 09:15 10:15 61 1211 0073 10.84 1 2452 1 20140815183534 00034
00000071 2014 05 03 13:00 13:50 61 1211 0073 10.84 1 2452 1 20140815183534 00034
00000071 2014 05 03 13:00 14:00 61 1211 0073 10.84 1 2452 1 20140620174315 00034
00000071 2014 05 09 09:15 10:15 61 1211 0073 10.84 1 2452 1 20140815183534 00034
00000071 2014 05 10 13:00 14:00 61 1211 0073 10.84 1 2452 1 20140815183534 00034
00000071 2014 05 16 09:15 10:15 61 1211 0073 10.84 1 2452 1 20140815183534 00034
00000071 2014 05 17 13:00 14:00 61 1211 0073 10.84 1 2452 1 20140815183534 00034
00000071 2014 05 23 09:15 10:15 61 1211 0073 10.84 1 2452 1 20140815183534 00034
00000071 2014 05 30 09:15 10:15 61 1211 0073 10.84 1 2452 1 20140815183534 00034
00000071 2014 05 31 13:00 14:00 61 1211 0073 10.84 1 2452 1 20140815183534 00034
