00000071 0073 2012 10 1 1 20140808134022 00034
00000071 0073 2012 11 1 1 20140808135311 00034
00000071 0073 2012 12 1 1 20140808140143 00034
00000071 0073 2013 01 1 1 20140724181016 00034
00000071 0073 2013 02 1 1 20140724181332 00034
00000071 0073 2013 03 1 1 20140724181703 00034
00000071 0073 2013 04 1 1 20140724182101 00034
00000071 0073 2013 05 1 1 20140724182535 00034
00000071 0073 2013 06 1 1 20140724183210 00034
00000071 0073 2013 07 1 1 20140724183703 00034
00000071 0073 2013 08 1 1 20140724184131 00034
00000071 0073 2013 09 1 1 20140627104033 00034
00000071 0073 2013 10 1 1 20140627104623 00034
00000071 0073 2013 11 1 1 20140627110256 00034
00000071 0073 2013 12 1 1 20140627110655 00034
00000071 0073 2014 01 1 1 20140613111315 00034
00000071 0073 2014 02 1 1 20140613111911 00034
00000071 0073 2014 03 1 1 20140613112755 00034
00000071 0073 2014 04 1 1 20140613113439 00034
00000071 0073 2014 05 1 1 20140815183534 00034
00000071 0073 2014 06 _ 1 20140628175615 00035
00000071 0073 2015 05 _ 1 20150507134438 161
