1 00000240 2013 07 11 0029 グランクレール・ケアサービス馬事公苑 7311 生活援助３ 235 0 235 5 1175 0 1175 1175 0 11.26 13230 90 11907 1323 0 n n 0 1 20140704145428 00077
1 00000240 2013 08 11 0029 グランクレール・ケアサービス馬事公苑 7311 生活援助３ 235 0 235 4 940 0 940 940 0 11.26 10584 90 9525 1059 0 n n 0 1 20140704145417 00077
1 00000240 2013 09 11 0029 グランクレール・ケアサービス馬事公苑 7311 生活援助３ 235 0 235 4 940 0 940 940 0 11.26 10584 90 9525 1059 0 n n 0 1 20140704145403 00077
1 00000240 2013 10 11 0029 グランクレール・ケアサービス馬事公苑 1311 身体介護３ 584 0 584 1 584 0 584 584 0 11.26 6575 90 5917 658 0 n n 0 1 20140704145342 00077
1 00000240 2013 11 11 0029 グランクレール・ケアサービス馬事公苑 7311 生活援助３ 235 0 235 4 940 0 940 940 0 11.26 10584 90 9525 1059 0 n n 0 1 20140704145328 00077
1 00000240 2013 12 11 0029 グランクレール・ケアサービス馬事公苑 7211 生活援助２ 190 0 190 18 3420 0 3420 3420 0 11.26 38509 90 34658 3851 0 n n 0 1 20140704145312 00077
1 00000240 2014 01 11 0029 グランクレール・ケアサービス馬事公苑 7211 生活援助２ 190 0 190 21 3990 0 3990 3990 0 11.26 44927 90 40434 4493 0 n n 0 1 20140617190730 00049
1 00000240 2014 02 11 0029 グランクレール・ケアサービス馬事公苑 7211 生活援助２ 190 0 190 12 2280 0 2280 2280 0 11.26 25672 90 23104 2568 0 n n 0 1 20140617185834 00049
1 00000240 2014 03 11 0029 グランクレール・ケアサービス馬事公苑 7211 生活援助２ 190 0 190 19 3610 0 3610 3610 0 11.26 40648 90 36583 4065 0 n n 0 1 20140617185050 00049
1 00000240 2014 04 11 0029 グランクレール・ケアサービス馬事公苑 7211 生活援助２ 191 0 191 30 5730 0 5730 5730 0 11.26 64519 90 58067 6452 0 n n 0 1 20140617184428 00049
1 00000240 2014 05 11 0029 グランクレール・ケアサービス馬事公苑 7211 生活援助２ 191 0 191 31 5921 0 5921 5921 0 11.26 66670 90 60003 6667 0 n n 0 1 20140819134213 00078
1 00000240 2014 06 11 0029 グランクレール・ケアサービス馬事公苑 7211 生活援助２ 191 0 191 28 5348 0 5348 5348 0 11.26 60218 90 54196 6022 0 n n 0 1 20140628161747 00049
2 00000240 2013 07 11 0029 グランクレール・ケアサービス馬事公苑 6271 訪問介護処遇改善加算Ⅰ 47 0 47 1 47 47 0.04 47 0 11.26 529 90 476 53 0 a g 0 1 20140704145428 00077
2 00000240 2013 08 11 0029 グランクレール・ケアサービス馬事公苑 6271 訪問介護処遇改善加算Ⅰ 38 0 38 1 38 38 0.04 38 0 11.26 427 90 384 43 0 a g 0 1 20140704145417 00077
2 00000240 2013 09 11 0029 グランクレール・ケアサービス馬事公苑 6271 訪問介護処遇改善加算Ⅰ 38 0 38 1 38 38 0.04 38 0 11.26 427 90 384 43 0 a g 0 1 20140704145403 00077
2 00000240 2013 10 11 0029 グランクレール・ケアサービス馬事公苑 7311 生活援助３ 235 0 235 3 705 0 705 705 0 11.26 7938 90 7144 794 0 n n 0 1 20140704145342 00077
2 00000240 2013 11 11 0029 グランクレール・ケアサービス馬事公苑 6271 訪問介護処遇改善加算Ⅰ 38 0 38 1 38 38 0.04 38 0 11.26 427 90 384 43 0 a g 0 1 20140704145328 00077
2 00000240 2013 12 11 0029 グランクレール・ケアサービス馬事公苑 7311 生活援助３ 235 0 235 4 940 0 940 940 0 11.26 10584 90 9525 1059 0 n n 0 1 20140704145312 00077
2 00000240 2014 01 11 0029 グランクレール・ケアサービス馬事公苑 7311 生活援助３ 235 0 235 3 705 0 705 705 0 11.26 7938 90 7144 794 0 n n 0 1 20140617190730 00049
2 00000240 2014 02 11 0029 グランクレール・ケアサービス馬事公苑 7311 生活援助３ 235 0 235 2 470 0 470 470 0 11.26 5292 90 4762 530 0 n n 0 1 20140617185834 00049
2 00000240 2014 03 11 0029 グランクレール・ケアサービス馬事公苑 7311 生活援助３ 235 0 235 2 470 0 470 470 0 11.26 5292 90 4762 530 0 n n 0 1 20140617185050 00049
2 00000240 2014 04 11 0029 グランクレール・ケアサービス馬事公苑 7311 生活援助３ 236 0 236 5 1180 0 1180 1180 0 11.26 13286 90 11957 1329 0 n n 0 1 20140617184428 00049
2 00000240 2014 05 11 0029 グランクレール・ケアサービス馬事公苑 7311 生活援助３ 236 0 236 3 708 0 708 708 0 11.26 7972 90 7174 798 0 n n 0 1 20140819134213 00078
2 00000240 2014 06 11 0029 グランクレール・ケアサービス馬事公苑 7311 生活援助３ 236 0 236 4 944 0 944 944 0 11.26 10629 90 9566 1063 0 n n 0 1 20140628161747 00049
3 00000240 2013 10 11 0029 グランクレール・ケアサービス馬事公苑 6271 訪問介護処遇改善加算Ⅰ 52 0 52 1 52 52 0.04 52 0 11.26 585 90 526 59 0 a g 0 1 20140704145342 00077
3 00000240 2013 12 11 0029 グランクレール・ケアサービス馬事公苑 6271 訪問介護処遇改善加算Ⅰ 174 0 174 1 174 174 0.04 174 0 11.26 1959 90 1763 196 0 a g 0 1 20140704145312 00077
3 00000240 2014 01 11 0029 グランクレール・ケアサービス馬事公苑 6271 訪問介護処遇改善加算Ⅰ 188 0 188 1 188 188 0.04 188 0 11.26 2116 90 1904 212 0 a g 0 1 20140617190730 00049
3 00000240 2014 02 11 0029 グランクレール・ケアサービス馬事公苑 6271 訪問介護処遇改善加算Ⅰ 110 0 110 1 110 110 0.04 110 0 11.26 1238 90 1114 124 0 a g 0 1 20140617185834 00049
3 00000240 2014 03 11 0029 グランクレール・ケアサービス馬事公苑 6271 訪問介護処遇改善加算Ⅰ 163 0 163 1 163 163 0.04 163 0 11.26 1835 90 1651 184 0 a g 0 1 20140617185050 00049
3 00000240 2014 04 11 0029 グランクレール・ケアサービス馬事公苑 6271 訪問介護処遇改善加算Ⅰ 276 0 276 1 276 276 0.04 276 0 11.26 3107 90 2796 311 0 a g 0 1 20140617184428 00049
3 00000240 2014 05 11 0029 グランクレール・ケアサービス馬事公苑 6271 訪問介護処遇改善加算Ⅰ 265 0 265 1 265 265 0.04 265 0 11.26 2983 90 2684 299 0 a g 0 1 20140819134213 00078
3 00000240 2014 06 11 0029 グランクレール・ケアサービス馬事公苑 6271 訪問介護処遇改善加算Ⅰ 252 0 252 1 252 252 0.04 252 0 11.26 2837 90 2553 284 0 a g 0 1 20140628161747 00049
